1.000000 0.403513 -0.171697 -0.204268 -0.251520 -0.237958 -0.288966 -0.457064 0.068176 -0.091824 0.197859 -0.068018 0.054990 -0.294456 0.267383 -0.112640 0.302866 0.180315 0.701921 0.434500 -0.288280 -0.107331 -0.073132 -0.211090 -0.140470 -0.145927 -0.177565 0.066036 0.229447 -0.241132 -0.235510 -0.271245 0.262033 -0.003561 -0.060327 -0.256701 -0.081809 -0.098936 0.179602 -0.003293 0.129467 -0.047074 0.014463 0.131070 -0.439239 -0.128725 -0.192157 -0.134090 -0.515955 -0.332037 -0.098217 -0.265907 -0.278740 -0.230249 0.196886 0.129359 0.437558 0.151892 0.288337 0.198492 0.216501 -0.021087 0.078499 0.211910 0.135056 -0.150234 0.051811 -0.264369 0.415153 -0.129275 -0.443001 -0.235422 0.072373 -0.284745 -0.109944 -0.016116 -0.042057 -0.016555 0.090602 -0.022361 0.371289 0.393471 0.392389 0.089018 0.414928 0.073100 -0.144666 -0.046703 0.352857 0.124480 -0.556313 -0.438347 -0.465879 -0.329493 -0.187630 -0.139759 0.157031 -0.210240 -0.195327 0.172375 -0.246339 0.009902 -0.051676 0.059815 -0.229197 0.108915 -0.174089 0.014470 -0.087236 -0.221571 0.025603 -0.221193 -0.196960 0.013452 -0.088403 -0.113883
0.403513 1.000000 -0.393613 -0.165581 -0.404934 -0.097946 -0.447961 -0.457624 -0.320469 -0.231927 0.027778 -0.170112 0.092393 -0.076231 -0.179752 -0.157126 0.228541 0.323903 0.462201 0.329692 -0.092308 -0.035051 -0.291524 -0.347646 -0.078013 0.037083 -0.041372 0.177109 0.036956 -0.083079 -0.181670 -0.202667 0.527067 0.076048 -0.026415 -0.107726 -0.077637 0.042050 -0.068360 0.015632 0.035011 -0.106965 0.054426 0.119368 -0.401109 -0.225929 -0.181903 -0.236590 -0.418006 -0.275636 0.145860 -0.136487 -0.034495 -0.150816 0.189205 0.053905 0.395526 0.475686 0.185325 0.222719 0.066844 0.071956 0.259451 0.354412 -0.250758 -0.224912 0.015353 -0.326066 0.432207 -0.187856 -0.304692 -0.240504 0.138176 -0.198669 -0.213716 -0.057476 -0.162852 0.105010 0.025704 0.147144 0.277613 0.456147 -0.006936 -0.188543 0.053446 -0.013163 -0.004985 0.133080 -0.146360 0.111097 -0.279592 -0.331004 -0.436146 -0.262804 0.068575 0.090685 0.210084 -0.076906 0.096894 0.293124 -0.183772 0.135986 0.058737 0.202473 -0.049178 0.179001 -0.098155 -0.055780 0.030876 0.008789 0.078399 0.151011 -0.117906 0.051788 0.060821 0.073384
-0.171697 -0.393613 1.000000 0.403435 0.458072 0.026371 0.852662 0.458521 0.346075 0.100774 -0.163337 -0.029732 -0.174138 -0.062027 -0.103281 -0.056379 -0.484797 -0.539577 -0.114995 -0.099800 0.196562 0.251719 0.598260 0.539111 0.444667 0.156164 0.052701 -0.229562 -0.410704 -0.310460 0.340966 0.267176 -0.491832 0.091050 0.034241 0.056997 -0.318296 -0.372176 -0.084227 -0.263970 -0.227161 -0.196619 -0.309469 -0.094428 0.075282 0.098898 -0.002054 -0.010822 0.071023 -0.140178 0.110639 -0.027334 0.055913 0.081275 -0.221518 -0.176726 -0.429871 -0.445218 0.154838 -0.165056 0.097410 -0.047359 -0.399711 -0.237067 0.497824 0.350670 0.025796 0.300718 -0.126682 0.165505 -0.004359 0.137811 -0.343133 -0.039315 0.037541 -0.028317 -0.195971 -0.419028 -0.437865 -0.427320 -0.432281 -0.593927 -0.066892 -0.325334 0.057710 -0.059395 0.085437 -0.288486 0.208526 -0.261189 0.261227 0.511650 0.461981 0.476829 -0.156051 -0.017439 -0.045503 -0.040621 -0.276467 -0.289835 0.093547 0.022275 0.109854 -0.139904 -0.087725 -0.153609 -0.060192 -0.221410 0.026141 -0.227938 -0.179660 -0.291496 -0.104343 0.003388 -0.156362 -0.066245
-0.204268 -0.165581 0.403435 1.000000 0.165975 0.255244 0.326139 0.733620 0.141544 0.269978 -0.131554 0.158849 -0.155278 0.019878 -0.060458 0.118313 -0.445067 -0.530408 -0.061755 -0.049163 0.147844 0.100191 0.379150 0.503302 0.264466 0.240813 0.085247 -0.039835 -0.342341 -0.136522 0.225373 0.245770 -0.264265 0.002700 0.088665 0.077366 -0.317345 -0.122156 -0.333062 -0.047972 -0.250176 -0.134099 -0.195998 -0.121229 0.130912 0.228977 0.006722 -0.042372 0.193105 -0.070244 0.019883 -0.158545 -0.065547 -0.152225 -0.201724 -0.060179 -0.316061 -0.384711 -0.039719 -0.016267 -0.230174 -0.133167 -0.325658 -0.449645 0.271910 0.325624 0.178741 0.533575 0.065375 0.255223 0.092678 0.201574 -0.437701 -0.084341 -0.123973 -0.129800 -0.332473 -0.308826 -0.446199 -0.416207 -0.407284 -0.541531 -0.154099 -0.069699 0.056637 0.202684 0.092802 0.047691 0.280640 0.027133 0.234200 0.025744 0.335497 -0.111299 -0.129082 -0.087754 -0.130767 -0.126100 -0.221328 -0.371172 0.131645 -0.207954 0.117918 -0.178289 -0.055712 -0.052042 -0.051983 -0.019860 0.087878 -0.212047 -0.092401 -0.176648 -0.156581 0.014952 -0.129802 -0.018215
-0.251520 -0.404934 0.458072 0.165975 1.000000 0.355062 0.387530 0.150176 0.744063 0.608947 -0.390063 -0.286568 -0.461246 -0.043259 0.069212 0.462419 -0.557429 -0.555921 -0.092018 0.077372 0.246179 0.356071 0.093237 0.260874 0.474370 0.089101 0.364496 -0.053157 -0.429501 -0.112718 0.255055 0.296978 -0.235583 0.409985 0.118541 0.446079 -0.362467 -0.464490 -0.135910 -0.200116 -0.225137 -0.120048 -0.243673 -0.258234 0.258228 -0.086096 -0.041283 0.016169 0.238937 0.125090 -0.053521 0.107685 0.132764 0.184919 -0.504841 -0.313651 -0.219012 -0.336112 0.055146 -0.001787 0.013339 0.092997 -0.075755 -0.144414 0.330240 0.299817 0.158647 0.466500 -0.061638 0.419944 -0.141805 -0.072837 -0.450436 -0.326982 -0.360909 -0.116767 -0.201452 -0.446637 -0.230318 -0.219589 -0.304726 -0.533522 0.097564 0.022836 -0.114328 -0.213804 -0.013027 -0.180125 0.226402 -0.159969 0.438675 0.483417 0.369807 0.371712 -0.017227 -0.307273 -0.254889 -0.002081 -0.185773 -0.201990 0.308648 0.006890 0.008607 -0.007293 -0.054472 -0.365223 0.119645 -0.026596 -0.211287 -0.105206 -0.140013 -0.173288 0.077396 -0.048911 -0.264744 -0.240147
-0.237958 -0.097946 0.026371 0.255244 0.355062 1.000000 -0.024929 0.185996 0.005590 0.445734 -0.329973 -0.303133 -0.413098 -0.105526 0.157392 0.585549 -0.529284 -0.426291 -0.126602 -0.199753 0.528560 0.319423 0.075817 0.167278 0.506899 0.494810 0.878766 0.705001 -0.406217 -0.360089 0.202413 0.180832 -0.148472 -0.030312 0.053528 0.069298 -0.354678 -0.122269 -0.108940 0.045722 -0.307536 -0.160398 0.031936 -0.098334 0.136450 -0.033048 0.057705 0.042540 0.124352 0.107940 -0.053029 0.064405 -0.099912 0.049094 -0.141984 -0.129855 -0.067994 0.043284 -0.116026 -0.188980 -0.202318 -0.070105 -0.152461 -0.264286 0.204537 0.206933 -0.017786 0.234392 0.059050 0.204960 0.057092 0.237893 -0.560787 -0.233938 -0.423780 -0.313789 -0.183710 -0.159514 -0.283734 -0.245710 -0.360051 -0.433447 -0.029540 -0.241897 -0.084953 0.020880 0.327789 0.331436 0.334119 0.101869 0.271317 0.096797 0.258469 0.037534 -0.030368 -0.200299 -0.066259 -0.081850 0.015050 -0.280509 0.267158 -0.061845 -0.061368 -0.040707 0.010835 -0.043442 0.282909 0.004576 -0.186187 0.078264 -0.008373 0.054833 0.006238 -0.108088 -0.048548 -0.094031
-0.288966 -0.447961 0.852662 0.326139 0.387530 -0.024929 1.000000 0.553745 0.248177 0.047161 0.053224 0.131921 0.088810 0.134064 0.075968 0.024562 -0.304318 -0.426147 -0.255417 -0.187561 0.086076 0.200613 0.540775 0.484650 0.233592 -0.088675 -0.027379 -0.313930 -0.208449 -0.213910 0.274855 0.207182 -0.420487 0.058052 -0.043519 0.112135 -0.357604 -0.395931 -0.216624 -0.277461 -0.406199 -0.260843 -0.277700 -0.078492 0.183244 0.184267 -0.015977 -0.110867 0.072045 -0.016375 0.113183 -0.018265 0.021810 0.036607 -0.301112 -0.237695 -0.503118 -0.446428 0.165362 -0.169542 0.223762 0.037604 -0.326185 -0.205779 0.540900 0.452761 0.007850 0.295741 -0.175535 0.200154 0.050767 0.094593 -0.191083 0.081777 0.167073 0.003877 -0.039982 -0.323564 -0.314989 -0.298829 -0.344753 -0.570114 0.017558 -0.128626 -0.059978 0.002610 0.156079 -0.365632 0.079172 -0.376712 0.262221 0.415819 0.502284 0.475555 -0.267271 0.019968 -0.069009 -0.126538 -0.293742 -0.340119 0.074643 -0.049916 0.000448 -0.327229 -0.133386 -0.312394 -0.127887 -0.308946 -0.060546 -0.248002 -0.306113 -0.224595 0.035591 0.031425 -0.209686 -0.075998
-0.457064 -0.457624 0.458521 0.733620 0.150176 0.185996 0.553745 1.000000 -0.027541 0.111602 0.040764 0.226745 0.153730 0.371120 -0.055462 0.147674 -0.278823 -0.457844 -0.370754 -0.280409 0.041159 0.106543 0.315473 0.376366 0.079858 -0.026182 0.005215 -0.221232 -0.186847 -0.010299 0.134443 0.224195 -0.282765 -0.095872 -0.033832 -0.021387 -0.253465 -0.074677 -0.381339 -0.019983 -0.360974 -0.079614 -0.203053 -0.171025 0.190895 0.228767 0.035301 -0.078421 0.387995 0.059471 0.028157 0.037330 0.066339 -0.042054 -0.160695 -0.121651 -0.496284 -0.595371 0.025709 0.000648 -0.086799 0.085234 -0.263169 -0.346086 0.162756 0.453709 0.162391 0.447905 -0.212004 0.126712 0.286131 0.216039 -0.206948 0.177202 0.183088 0.076603 0.001790 -0.222266 -0.311719 -0.393579 -0.368309 -0.574150 -0.210216 0.005505 -0.149079 0.096923 0.126180 -0.133282 -0.035394 -0.157108 0.407564 0.120943 0.493307 0.094760 -0.190341 0.033342 -0.121133 -0.080843 -0.110200 -0.341225 0.313020 -0.094199 0.191668 -0.291654 -0.050494 -0.188110 0.017704 -0.218686 0.128920 -0.155241 -0.162647 -0.141909 0.028334 -0.056187 -0.148380 -0.142999
0.068176 -0.320469 0.346075 0.141544 0.744063 0.005590 0.248177 -0.027541 1.000000 0.660173 -0.180875 -0.166709 -0.352536 -0.210674 0.160280 0.146092 -0.309779 -0.427096 0.176550 0.205427 -0.054368 0.009808 -0.015607 0.158358 0.256322 0.065396 -0.031112 -0.210737 -0.245753 -0.161907 0.046718 0.024512 -0.164761 0.218103 0.009396 0.408914 -0.148463 -0.359863 0.024165 -0.073830 0.019672 -0.044092 -0.124949 -0.203875 0.212277 0.049662 -0.036378 0.109169 0.131765 0.092853 -0.167549 -0.124274 -0.012730 0.005441 -0.257927 -0.187285 -0.122827 -0.336823 0.137432 0.059438 0.119609 0.035033 -0.106338 -0.168144 0.240047 0.231595 0.212390 0.362178 0.007108 0.325644 -0.320964 -0.219054 -0.389762 -0.346364 -0.298543 -0.114305 -0.134417 -0.380677 -0.231384 -0.201104 -0.261888 -0.382949 0.127283 0.157611 -0.046730 -0.153943 -0.123386 -0.052956 0.412583 0.074398 0.256676 0.396524 0.248563 0.300177 -0.022410 -0.242450 -0.181045 -0.052599 -0.183485 -0.092772 0.155685 0.078819 0.043709 0.054946 -0.083603 -0.360039 -0.013432 0.119899 -0.180417 -0.056527 0.076885 -0.172022 0.105270 0.048789 -0.204422 -0.068627
-0.091824 -0.231927 0.100774 0.269978 0.608947 0.445734 0.047161 0.111602 0.660173 1.000000 -0.192815 -0.170311 -0.471079 -0.192861 0.221903 0.439185 -0.395874 -0.422848 -0.053548 0.109016 0.069018 0.150795 -0.014303 0.223658 0.271821 0.318097 0.326568 0.259184 -0.417315 -0.193534 0.040171 0.091092 -0.016138 0.132986 0.055480 0.284801 -0.146720 -0.126767 0.040953 0.271956 -0.124149 0.070224 0.014972 -0.084714 0.298077 0.111749 0.112656 0.128748 0.320463 0.233833 -0.049253 0.087547 -0.057179 0.080840 -0.116048 0.052165 -0.105815 -0.212628 -0.271452 -0.165862 -0.312802 -0.177754 -0.185145 -0.294402 0.114972 0.244218 0.064405 0.474666 0.038846 0.377765 -0.246389 -0.092024 -0.541811 -0.332515 -0.345696 -0.175523 -0.249676 -0.284139 -0.198759 -0.195101 -0.310408 -0.439699 0.066708 0.159127 -0.068703 0.014886 0.103563 0.219457 0.329877 0.196486 0.256720 0.118321 0.136017 -0.063892 0.045306 -0.286616 -0.034375 0.009424 0.001642 -0.253720 0.263115 -0.025934 -0.092697 -0.002842 -0.081697 -0.177708 0.038515 0.138343 -0.189964 -0.010343 0.205066 0.025844 0.103526 0.062769 -0.037794 -0.024979
0.197859 0.027778 -0.163337 -0.131554 -0.390063 -0.329973 0.053224 0.040764 -0.180875 -0.192815 1.000000 0.693498 0.811832 0.302807 0.452184 -0.117055 0.608771 0.337549 -0.228600 -0.243547 -0.226349 -0.198979 0.188661 0.144005 -0.185434 -0.110791 -0.359131 -0.109939 0.631501 0.256290 -0.136419 -0.132510 -0.027337 -0.297390 -0.046876 -0.185864 0.158195 0.110060 0.075128 0.109366 -0.019342 0.006483 -0.031804 0.056564 -0.137305 -0.028510 -0.182479 -0.241531 -0.191963 -0.005300 0.024092 -0.076540 -0.183720 -0.248886 0.225045 -0.073929 -0.238850 0.024477 -0.154609 -0.221833 0.191620 -0.030858 -0.064017 -0.085094 0.110601 0.102277 -0.334005 -0.232032 -0.086473 0.005929 0.132313 0.116276 0.476104 0.267986 0.409418 0.251075 0.284892 0.307788 0.209217 0.275475 0.096224 0.244045 0.286434 0.263409 -0.028468 0.226845 0.002919 -0.093231 -0.051121 -0.109220 -0.426088 -0.331796 -0.163171 -0.194742 0.077319 0.315668 0.185454 0.077499 -0.127758 -0.006759 -0.224516 -0.161460 -0.304966 -0.362949 -0.058725 -0.018104 -0.451391 -0.198416 0.043544 0.089550 0.005685 -0.033241 0.126859 0.306483 0.278900 0.280249
-0.068018 -0.170112 -0.029732 0.158849 -0.286568 -0.303133 0.131921 0.226745 -0.166709 -0.170311 0.693498 1.000000 0.622915 0.400656 0.297982 -0.079420 0.286587 0.163155 -0.387120 -0.414338 -0.155830 -0.239751 0.368942 0.398099 -0.135499 -0.086906 -0.374835 -0.177596 0.496064 0.491562 0.119500 0.109675 -0.261417 -0.187108 -0.105836 -0.130877 0.092336 0.139658 -0.032444 -0.006937 -0.074618 0.098486 -0.158713 0.010164 -0.066683 -0.006686 -0.159869 -0.168053 -0.115563 0.023799 -0.048042 -0.116259 -0.167718 -0.266423 0.047054 -0.020599 -0.285220 -0.200059 -0.213982 -0.269358 0.048013 -0.141560 -0.203211 -0.262828 0.152567 0.150214 -0.330674 -0.062847 -0.259074 0.026807 0.351821 0.288064 0.410683 0.432631 0.454028 0.330332 0.067956 0.242803 0.038976 0.186633 -0.088341 0.051789 0.190858 0.382616 0.063338 0.402085 0.063166 -0.098892 -0.064205 -0.098549 -0.372937 -0.260564 -0.054392 -0.245383 0.125403 0.347382 0.029264 0.193791 -0.186087 -0.108015 -0.353485 -0.301460 -0.231595 -0.319841 0.088503 0.075633 -0.372597 -0.013975 0.121804 -0.035108 -0.076545 -0.074719 -0.020929 0.352185 0.346664 0.276496
0.054990 0.092393 -0.174138 -0.155278 -0.461246 -0.413098 0.088810 0.153730 -0.352536 -0.471079 0.811832 0.622915 1.000000 0.506993 0.321044 -0.204186 0.668294 0.367937 -0.142074 -0.274562 -0.378298 -0.342899 0.028146 -0.117560 -0.382885 -0.398524 -0.473985 -0.286639 0.676512 0.281951 -0.267145 -0.266706 0.094093 -0.315245 -0.151904 -0.253856 0.121942 0.057111 -0.116627 -0.082237 -0.151795 -0.104619 -0.151992 -0.086276 -0.294965 -0.136470 -0.337318 -0.444956 -0.242573 -0.123800 -0.053938 -0.171915 -0.031403 -0.327318 0.221596 -0.186070 -0.142903 -0.048154 0.183324 0.119696 0.460288 0.264879 0.195968 0.245396 -0.085580 0.067114 -0.126077 -0.301031 -0.039134 -0.107509 0.189104 -0.030778 0.617484 0.347095 0.523076 0.272601 0.379269 0.225174 0.170828 0.164453 0.202289 0.276615 0.139149 0.157765 -0.092680 0.152923 -0.018026 -0.156832 -0.212091 -0.155825 -0.284035 -0.278362 -0.089002 -0.039567 0.040843 0.452959 0.037310 0.037281 -0.150077 0.112552 -0.066325 -0.031686 0.017856 -0.265383 0.014143 -0.044565 -0.316092 -0.287991 0.135142 0.079618 -0.245264 -0.092893 0.098230 0.144650 0.222059 0.225372
-0.294456 -0.076231 -0.062027 0.019878 -0.043259 -0.105526 0.134064 0.371120 -0.210674 -0.192861 0.302807 0.400656 0.506993 1.000000 -0.052791 0.279027 0.238422 0.015018 -0.311633 -0.326514 -0.089308 0.070313 -0.057100 -0.056698 -0.173325 -0.234784 -0.104313 -0.327482 0.231421 0.503736 0.121847 0.227312 0.019440 0.138033 -0.016285 0.075946 -0.013421 -0.008085 -0.255016 -0.043074 -0.280688 -0.009992 -0.196550 -0.227035 0.062267 -0.104811 -0.199039 -0.328730 0.207141 0.089955 -0.176346 -0.037283 0.026308 -0.198663 -0.215062 -0.307665 -0.121318 -0.408042 0.216047 0.083215 0.227754 0.514867 0.155861 0.140277 -0.169350 0.254840 0.016016 -0.121935 -0.279027 -0.041943 0.292289 0.049813 0.430796 0.253969 0.214454 0.455345 0.139430 -0.025591 0.086444 -0.052495 0.070142 -0.088478 -0.063282 0.039705 -0.407967 -0.209986 -0.012535 -0.311339 -0.466419 -0.286919 0.169709 -0.008858 0.165319 0.071150 0.082006 0.201576 -0.009005 0.106678 -0.142714 0.112542 0.180071 0.052403 0.182061 -0.077925 0.151752 -0.116854 -0.081700 -0.248272 0.107570 -0.103326 -0.168420 -0.025310 0.151671 0.086768 0.074379 -0.058911
0.267383 -0.179752 -0.103281 -0.060458 0.069212 0.157392 0.075968 -0.055462 0.160280 0.221903 0.452184 0.297982 0.321044 -0.052791 1.000000 0.377287 0.177386 -0.104565 -0.020103 -0.170013 -0.089207 -0.022232 0.256263 0.184380 0.064238 -0.073008 0.158553 0.314128 0.380767 -0.092997 -0.133081 -0.182394 -0.178306 -0.206181 -0.025591 -0.056365 -0.123530 -0.303420 0.139869 0.016366 -0.299348 -0.130383 -0.214460 -0.063541 -0.151973 -0.117156 -0.324113 -0.318836 -0.305733 -0.033171 -0.233276 -0.245425 -0.349135 -0.232158 0.000664 -0.042809 -0.006191 0.070292 -0.031469 0.005284 0.267590 -0.106591 -0.011280 -0.088887 0.357384 0.091773 -0.038772 0.057792 0.174324 0.301515 -0.070513 -0.088616 -0.032107 -0.051510 0.052227 -0.025613 0.048593 0.046684 -0.031609 -0.011129 0.043814 -0.093453 0.587388 0.427739 0.142289 0.287909 0.121149 0.140059 0.423493 -0.040288 -0.256819 -0.169677 -0.091521 -0.146650 -0.166102 0.017976 0.024392 -0.115181 -0.275077 -0.089528 -0.003028 -0.301080 -0.145596 -0.321752 -0.043761 -0.236053 -0.262057 -0.180677 -0.243334 -0.103238 -0.201547 -0.171352 0.053658 0.101021 0.003994 0.082699
-0.112640 -0.157126 -0.056379 0.118313 0.462419 0.585549 0.024562 0.147674 0.146092 0.439185 -0.117055 -0.079420 -0.204186 0.279027 0.377287 1.000000 -0.308547 -0.427380 -0.169804 -0.230101 0.260767 0.468326 0.036286 0.124826 0.288254 0.189985 0.599867 0.378763 -0.115022 0.097390 0.148372 0.318820 -0.032962 0.240843 0.283342 0.243718 -0.298907 -0.261645 -0.049589 0.125896 -0.356282 -0.088779 -0.285391 -0.206564 0.050798 -0.234000 -0.098372 -0.184536 0.065923 0.082107 -0.120965 0.038523 -0.047790 0.049622 -0.387202 -0.185342 -0.038629 -0.141005 -0.040084 -0.015397 -0.039010 0.167717 0.049327 -0.113968 0.220914 0.322542 0.139307 0.257481 0.097680 0.318038 -0.093792 -0.094543 -0.248836 -0.302228 -0.427129 -0.044206 -0.242653 -0.193184 -0.041970 -0.130637 -0.149364 -0.353088 0.272177 0.114212 -0.137235 -0.039301 0.194424 -0.029246 0.046129 -0.249444 0.150047 0.056374 0.135853 -0.093461 -0.034638 -0.168764 0.011545 0.101134 -0.116580 -0.026794 0.225012 -0.208795 -0.117698 -0.111665 -0.003292 -0.175074 0.031183 -0.104377 -0.200736 -0.072973 -0.046363 -0.095112 -0.012102 0.171077 -0.022584 -0.158398
0.302866 0.228541 -0.484797 -0.445067 -0.557429 -0.529284 -0.304318 -0.278823 -0.309779 -0.395874 0.608771 0.286587 0.668294 0.238422 0.177386 -0.308547 1.000000 0.703464 0.148323 0.061996 -0.367877 -0.247260 -0.304612 -0.498421 -0.525577 -0.412266 -0.465027 -0.199209 0.699624 0.290799 -0.312661 -0.298782 0.334278 -0.268197 -0.248306 -0.398157 0.315349 0.092704 -0.021626 0.020871 0.177353 -0.057886 0.136052 0.090109 -0.284096 -0.136798 -0.119037 -0.249021 -0.265576 -0.026328 -0.039098 -0.081936 0.010421 -0.149035 0.317884 0.071231 0.370061 0.257565 0.010702 0.131457 0.279391 0.064621 0.552511 0.478960 -0.353476 -0.350277 -0.173866 -0.490622 0.126086 -0.209166 0.077891 -0.124969 0.705754 0.306222 0.381632 0.159038 0.416036 0.265018 0.583705 0.453104 0.704271 0.727387 0.189144 0.204379 -0.064879 0.003896 -0.017477 -0.020377 -0.353414 0.017102 -0.363882 -0.375153 -0.395106 -0.197785 0.130450 0.215850 0.062570 0.022258 0.095857 0.347959 -0.141163 0.050752 -0.091274 -0.028584 0.009692 0.047802 -0.304955 -0.084488 0.036551 0.124308 -0.117277 0.080756 0.130572 0.102611 0.184399 0.220694
0.180315 0.323903 -0.539577 -0.530408 -0.555921 -0.426291 -0.426147 -0.457844 -0.427096 -0.422848 0.337549 0.163155 0.367937 0.015018 -0.104565 -0.427380 0.703464 1.000000 -0.001687 0.099373 -0.303357 -0.275284 -0.308074 -0.471551 -0.522708 -0.373360 -0.379751 -0.087382 0.536065 0.321351 -0.271595 -0.282139 0.337494 -0.053072 -0.056199 -0.146725 0.462633 0.318118 0.073257 0.062452 0.305442 0.129540 0.267112 0.186641 -0.125838 -0.123250 0.090612 0.064047 -0.195341 -0.029432 0.155834 0.120928 0.157604 0.046279 0.415808 0.264972 0.244992 0.481421 -0.208067 -0.118626 0.029481 -0.062842 0.373932 0.431283 -0.302090 -0.414615 -0.402079 -0.568432 -0.115919 -0.433114 0.077486 -0.004106 0.577656 0.315560 0.305568 0.175726 0.338686 0.334883 0.610464 0.752648 0.611269 0.807943 0.054172 0.122344 0.059475 0.081011 -0.146070 0.060130 -0.342810 0.110639 -0.346593 -0.377114 -0.550885 -0.263314 0.146899 0.179901 0.130812 0.085489 0.365345 0.274016 -0.189809 0.158358 -0.184117 0.050252 -0.161072 0.137510 -0.121832 0.104230 0.134158 0.152627 0.101298 0.351928 0.207268 0.019140 0.154556 0.073104
0.701921 0.462201 -0.114995 -0.061755 -0.092018 -0.126602 -0.255417 -0.370754 0.176550 -0.053548 -0.228600 -0.387120 -0.142074 -0.311633 -0.020103 -0.169804 0.148323 -0.001687 1.000000 0.581021 -0.212440 -0.150884 -0.361830 -0.449805 -0.084805 -0.127919 -0.080817 0.002366 -0.052082 -0.424290 -0.238263 -0.320829 0.442179 -0.003958 -0.187933 -0.203854 -0.257799 -0.225208 -0.134102 -0.222063 0.044933 -0.274059 0.072330 0.048354 -0.314607 -0.027720 -0.145027 -0.109242 -0.374541 -0.205670 -0.136776 -0.319099 -0.193938 -0.177080 0.030611 -0.058019 0.612700 0.040835 0.485496 0.435114 0.299874 0.058896 0.330670 0.387621 -0.085897 -0.181418 0.345654 -0.077341 0.612910 -0.058756 -0.470512 -0.378780 -0.090227 -0.386950 -0.350264 -0.217951 -0.077288 -0.146186 -0.139692 -0.280149 0.313384 0.272847 0.095384 -0.084431 0.165149 -0.118897 0.007172 0.063832 0.238449 0.208739 -0.198147 -0.156006 -0.290859 -0.104181 -0.234399 -0.205645 -0.085291 -0.370152 -0.172633 0.148649 -0.041321 0.073623 0.210643 0.299027 -0.002879 0.042349 0.003389 0.014110 -0.114438 -0.175200 -0.113495 -0.253819 -0.254487 -0.130908 -0.262070 -0.032999
0.434500 0.329692 -0.099800 -0.049163 0.077372 -0.199753 -0.187561 -0.280409 0.205427 0.109016 -0.243547 -0.414338 -0.274562 -0.326514 -0.170013 -0.230101 0.061996 0.099373 0.581021 1.000000 -0.251015 -0.067152 -0.269598 -0.241620 -0.051865 -0.129443 -0.144435 -0.207856 -0.233634 -0.326876 -0.194945 -0.161442 0.435062 0.425222 -0.088143 0.075924 -0.209921 -0.148355 -0.152536 0.022346 -0.043952 -0.067965 0.045306 0.111827 -0.074168 0.012135 -0.019766 -0.028526 -0.044571 -0.126567 0.056002 -0.027315 0.033681 0.128215 -0.145009 0.096001 0.448617 0.148816 0.177714 0.269491 -0.043805 -0.050825 0.153498 0.219237 -0.187105 -0.410559 0.180173 0.145352 0.440675 0.053514 -0.382452 -0.336235 -0.106758 -0.347334 -0.151255 -0.025300 -0.023867 -0.187705 0.035289 -0.130865 0.318811 0.172243 -0.024090 0.070060 -0.070986 -0.297420 -0.223438 -0.123187 0.044284 0.153240 0.108015 -0.085807 -0.252931 -0.130383 -0.087996 -0.347593 -0.155511 -0.183747 -0.069524 -0.042297 0.100363 0.132021 0.259112 0.288348 -0.145827 0.080135 0.075623 0.096825 -0.012257 -0.271796 -0.113238 -0.145028 -0.239917 -0.153594 -0.305033 -0.180150
-0.288280 -0.092308 0.196562 0.147844 0.246179 0.528560 0.086076 0.041159 -0.054368 0.069018 -0.226349 -0.155830 -0.378298 -0.089308 -0.089207 0.260767 -0.367877 -0.303357 -0.212440 -0.251015 1.000000 0.643326 0.249476 0.325218 0.564913 0.580757 0.659826 0.399321 -0.216480 0.029291 0.710490 0.650343 -0.256307 0.166184 0.051169 0.028478 -0.228568 -0.201209 -0.077898 -0.213145 0.014143 -0.168090 0.165231 0.094881 0.374885 0.114169 0.211297 0.230220 0.171370 0.302668 0.000885 0.146300 -0.036840 0.199866 -0.356088 -0.271737 -0.132620 -0.053780 -0.225539 -0.367421 -0.210864 -0.146332 -0.148575 -0.286075 0.207759 0.052734 -0.160009 0.020289 -0.125434 0.077360 0.410931 0.576971 -0.161456 0.108574 -0.241068 -0.091956 -0.046772 0.021228 -0.097086 -0.042314 -0.204117 -0.311095 -0.066962 -0.334207 -0.090619 -0.227004 0.362883 0.044984 0.007551 -0.186937 0.200008 0.262186 0.200713 0.076189 0.040699 -0.360307 -0.033449 -0.220816 -0.042002 -0.214780 -0.154959 -0.275538 -0.291180 -0.161574 0.060263 -0.171351 0.010295 -0.061074 -0.345487 0.033556 0.001185 0.097436 -0.059275 -0.006523 -0.129249 -0.067504
-0.107331 -0.035051 0.251719 0.100191 0.356071 0.319423 0.200613 0.106543 0.009808 0.150795 -0.198979 -0.239751 -0.342899 0.070313 -0.022232 0.468326 -0.247260 -0.275284 -0.150884 -0.067152 0.643326 1.000000 0.247301 0.201200 0.521209 0.346858 0.517912 0.261389 -0.233373 0.094006 0.572687 0.672975 -0.127585 0.377678 0.168581 0.080294 -0.337093 -0.415199 -0.153991 -0.092251 -0.286258 -0.256719 -0.026020 0.038672 0.226422 -0.008160 0.126625 -0.088629 0.148575 0.189999 0.207028 0.209543 0.089518 0.207762 -0.417031 -0.100516 -0.107669 -0.146569 -0.096999 -0.158515 -0.169299 -0.048016 0.038991 -0.085807 0.278656 0.178219 -0.025647 0.080093 0.046166 0.121367 0.078129 0.233421 -0.184995 -0.147241 -0.337456 -0.101485 -0.259896 -0.271222 0.104574 -0.039855 0.099203 -0.201783 0.186141 -0.060433 0.035315 -0.164214 0.196658 -0.169086 -0.191556 -0.380365 0.202207 0.192965 0.015560 -0.049484 -0.109602 -0.407921 0.294341 -0.197777 0.069662 -0.046161 -0.001506 -0.224382 -0.214485 -0.273436 -0.221132 -0.300186 -0.101431 -0.379579 -0.289040 -0.378744 -0.148658 0.086594 0.049182 0.026548 -0.190645 -0.314253
-0.073132 -0.291524 0.598260 0.379150 0.093237 0.075817 0.540775 0.315473 -0.015607 -0.014303 0.188661 0.368942 0.028146 -0.057100 0.256263 0.036286 -0.304612 -0.308074 -0.361830 -0.269598 0.249476 0.247301 1.000000 0.819158 0.496819 0.330489 0.118198 0.051494 -0.047057 -0.039867 0.466770 0.361157 -0.627527 -0.067551 0.195537 0.040486 -0.129508 -0.075224 0.155142 -0.006341 -0.211765 -0.011448 -0.202886 0.127112 0.060071 0.115221 -0.053176 -0.032690 -0.132319 -0.032919 0.093768 -0.113785 -0.275762 -0.174611 -0.179599 0.023735 -0.497096 -0.126152 -0.274772 -0.451814 -0.204246 -0.444926 -0.600194 -0.547770 0.650294 0.140820 -0.332408 0.097675 -0.122587 0.131203 0.264059 0.364553 -0.123663 0.125793 0.224667 0.083043 -0.260438 -0.137878 -0.236645 -0.138103 -0.294526 -0.359417 0.315732 -0.073675 0.291516 0.227224 0.195362 -0.202117 0.201340 -0.320581 -0.147516 0.183317 0.263771 0.072058 -0.096679 0.134846 0.157927 0.040219 -0.277233 -0.390569 -0.126498 -0.293074 -0.134748 -0.426438 -0.074079 0.111121 -0.261487 -0.253945 0.118816 -0.265068 -0.117095 -0.071284 -0.167632 0.141773 0.215215 0.133181
-0.211090 -0.347646 0.539111 0.503302 0.260874 0.167278 0.484650 0.376366 0.158358 0.223658 0.144005 0.398099 -0.117560 -0.056698 0.184380 0.124826 -0.498421 -0.471551 -0.449805 -0.241620 0.325218 0.201200 0.819158 1.000000 0.506800 0.449957 0.190558 0.058754 -0.204175 -0.016638 0.469303 0.449332 -0.604225 0.048381 0.163744 0.190108 -0.144847 -0.039827 0.125685 0.096468 -0.192320 0.107095 -0.269431 0.007613 0.179319 0.123707 -0.041025 0.059357 0.016576 -0.037472 -0.040525 -0.142754 -0.307417 -0.093571 -0.347626 -0.060470 -0.495701 -0.190273 -0.327157 -0.498704 -0.251693 -0.420161 -0.730504 -0.692759 0.616090 0.198282 -0.292364 0.349626 -0.248381 0.340398 0.318373 0.509097 -0.212940 0.089184 0.164724 0.162282 -0.247078 -0.040632 -0.424946 -0.250820 -0.559822 -0.584199 0.232338 0.081366 0.088247 0.210312 0.133611 -0.114689 0.280009 -0.219599 0.044535 0.212839 0.388761 0.041747 0.012065 -0.021117 -0.025028 0.104677 -0.337460 -0.497540 -0.141155 -0.322428 -0.135723 -0.360430 -0.002903 0.024096 -0.209584 -0.074559 0.017204 -0.173045 0.009407 -0.151063 -0.216069 0.220020 0.098379 0.122541
-0.140470 -0.078013 0.444667 0.264466 0.474370 0.506899 0.233592 0.079858 0.256322 0.271821 -0.185434 -0.135499 -0.382885 -0.173325 0.064238 0.288254 -0.525577 -0.522708 -0.084805 -0.051865 0.564913 0.521209 0.496819 0.506800 1.000000 0.649667 0.557680 0.295648 -0.413241 -0.276769 0.470783 0.378425 -0.377071 0.121498 0.150460 0.213905 -0.337486 -0.343519 -0.026581 -0.076096 -0.235108 -0.172238 -0.039692 0.038193 0.113788 0.013867 0.042668 -0.020736 0.024687 0.089217 0.089887 0.077934 -0.062288 0.172751 -0.351443 -0.152550 -0.243867 -0.075602 -0.107139 -0.267414 -0.179395 -0.221429 -0.344933 -0.389648 0.449920 0.136057 -0.176146 0.230766 0.090600 0.326282 0.091643 0.204845 -0.452433 -0.247495 -0.296735 -0.150841 -0.371368 -0.321828 -0.346011 -0.313792 -0.344923 -0.419600 0.171256 -0.221951 0.065044 -0.076640 0.273364 0.013429 0.245361 -0.141353 0.120440 0.355236 0.196805 0.151563 -0.019278 -0.091042 0.048761 -0.037020 -0.103875 -0.301123 0.065062 -0.240112 -0.078020 -0.190586 -0.066819 -0.040279 0.111083 -0.324055 -0.091733 -0.163534 -0.147521 -0.027142 -0.192426 0.060942 -0.000087 -0.009646
-0.145927 0.037083 0.156164 0.240813 0.089101 0.494810 -0.088675 -0.026182 0.065396 0.318097 -0.110791 -0.086906 -0.398524 -0.234784 -0.073008 0.189985 -0.412266 -0.373360 -0.127919 -0.129443 0.580757 0.346858 0.330489 0.449957 0.649667 1.000000 0.526990 0.554503 -0.415595 -0.227989 0.406435 0.348815 -0.260785 -0.052439 0.178327 0.054282 -0.093893 0.083685 0.193021 0.246123 0.009597 0.043516 0.071577 0.098007 0.194777 0.115753 0.189402 0.222922 0.122831 0.107198 -0.013136 -0.027699 -0.253012 0.002160 -0.106294 -0.028870 -0.172784 0.062997 -0.328533 -0.396159 -0.433594 -0.330661 -0.429807 -0.481727 0.140664 0.071947 -0.153088 0.111588 0.046258 0.181333 0.162588 0.420538 -0.423312 -0.167326 -0.288632 -0.143184 -0.318073 -0.033839 -0.286813 -0.208153 -0.401756 -0.314615 -0.068586 -0.298352 -0.032696 -0.060562 0.266111 0.223372 0.167986 0.065992 0.109613 0.238993 0.157934 -0.037346 0.120546 -0.137628 0.185777 0.035367 0.103031 -0.192565 -0.088962 -0.068646 -0.093299 0.019856 0.083373 0.139398 0.076898 0.028611 -0.140658 0.049498 0.293994 0.087664 -0.172113 0.184588 0.171695 0.149072
-0.177565 -0.041372 0.052701 0.085247 0.364496 0.878766 -0.027379 0.005215 -0.031112 0.326568 -0.359131 -0.374835 -0.473985 -0.104313 0.158553 0.599867 -0.465027 -0.379751 -0.080817 -0.144435 0.659826 0.517912 0.118198 0.190558 0.557680 0.526990 1.000000 0.719767 -0.365193 -0.275271 0.392475 0.352981 -0.131543 0.085076 0.041719 0.019829 -0.315224 -0.194909 -0.012938 -0.008418 -0.252709 -0.180333 0.031184 -0.035500 0.109355 -0.103715 0.030212 0.026276 0.032543 0.093701 -0.036863 0.048671 -0.161592 0.098789 -0.303276 -0.212069 0.032544 0.144996 -0.113215 -0.239119 -0.154315 -0.120312 -0.093512 -0.182921 0.259613 0.057611 -0.067352 0.079832 0.075959 0.194486 0.108844 0.309969 -0.391006 -0.221144 -0.446812 -0.254363 -0.179573 -0.123181 -0.210926 -0.213770 -0.238557 -0.354295 0.081995 -0.235753 -0.096098 -0.122607 0.304889 0.194689 0.179148 -0.108473 0.240048 0.190006 0.178830 0.031046 -0.037235 -0.324130 0.005135 -0.072869 0.032184 -0.209103 0.148295 -0.149789 -0.115161 -0.014020 0.025661 -0.048021 0.228604 -0.037718 -0.267772 -0.048686 -0.002780 0.029427 -0.025637 -0.103147 -0.113220 -0.144675
0.066036 0.177109 -0.229562 -0.039835 -0.053157 0.705001 -0.313930 -0.221232 -0.210737 0.259184 -0.109939 -0.177596 -0.286639 -0.327482 0.314128 0.378763 -0.199209 -0.087382 0.002366 -0.207856 0.399321 0.261389 0.051494 0.058754 0.295648 0.554503 0.719767 1.000000 -0.220947 -0.315653 0.052153 0.008830 -0.067826 -0.239942 0.077560 -0.151323 -0.187153 0.040875 0.132042 0.146620 -0.153993 -0.111058 0.085358 0.072866 -0.105770 -0.127583 0.053122 0.045860 -0.187251 -0.012755 0.087319 -0.029563 -0.162007 -0.002797 0.140200 0.134608 0.157713 0.391435 -0.265654 -0.212287 -0.250987 -0.342054 -0.046177 -0.123535 0.129910 0.005769 -0.137105 -0.053724 0.201648 0.052917 -0.032325 0.216513 -0.410484 -0.160175 -0.386327 -0.307519 -0.268098 0.103893 -0.119594 -0.002956 -0.106822 -0.001721 0.154477 -0.053221 0.139308 0.296960 0.321673 0.537393 0.281332 0.233570 -0.084473 -0.133872 -0.121930 -0.204526 -0.014947 -0.144053 0.177305 -0.066636 0.242953 -0.050107 -0.039898 -0.098839 -0.159158 -0.000092 0.019110 0.036738 0.096048 0.024805 -0.251657 0.093873 0.180030 0.143797 0.038007 0.032945 0.083333 0.075628
0.229447 0.036956 -0.410704 -0.342341 -0.429501 -0.406217 -0.208449 -0.186847 -0.245753 -0.417315 0.631501 0.496064 0.676512 0.231421 0.380767 -0.115022 0.699624 0.536065 -0.052082 -0.233634 -0.216480 -0.233373 -0.047057 -0.204175 -0.413241 -0.415595 -0.365193 -0.220947 1.000000 0.537007 -0.069452 -0.082976 0.079028 -0.214778 -0.133696 -0.248190 0.394290 0.094163 0.129757 -0.100906 0.276145 0.073958 0.010526 0.010262 -0.233063 -0.193469 -0.159134 -0.206348 -0.323532 0.004747 -0.214079 -0.096359 -0.132944 -0.271811 0.189292 -0.137548 0.065292 0.100053 0.015001 0.006270 0.324276 0.114654 0.300918 0.216534 -0.076086 -0.152352 -0.216427 -0.561609 -0.080735 -0.334709 0.196444 -0.024193 0.765322 0.387205 0.443157 0.264983 0.523352 0.349334 0.460814 0.503607 0.380263 0.487662 0.307613 0.280926 0.015677 0.085841 -0.069302 -0.137239 -0.199397 -0.262386 -0.462623 -0.316061 -0.267604 -0.230624 0.121838 0.284958 0.075737 0.127153 -0.066346 0.267633 -0.297111 -0.207520 -0.257569 -0.234508 0.063915 0.028342 -0.280173 -0.012091 0.049789 0.167846 -0.165043 0.057097 0.090700 0.235282 0.264894 0.146828
-0.241132 -0.083079 -0.310460 -0.136522 -0.112718 -0.360089 -0.213910 -0.010299 -0.161907 -0.193534 0.256290 0.491562 0.281951 0.503736 -0.092997 0.097390 0.290799 0.321351 -0.424290 -0.326876 0.029291 0.094006 -0.039867 -0.016638 -0.276769 -0.227989 -0.275271 -0.315653 0.537007 1.000000 0.271109 0.426533 0.043479 0.233216 0.171971 0.100421 0.358215 0.187910 0.102024 -0.043275 0.282743 0.297865 0.044502 0.018651 0.171270 -0.085441 0.023854 -0.035020 0.173326 0.265809 -0.013660 0.222394 0.129688 -0.001010 -0.117003 -0.131925 -0.161002 -0.135485 -0.251691 -0.112948 -0.112501 0.150398 0.185747 0.038878 -0.161653 0.060969 -0.159522 -0.264167 -0.378346 -0.231410 0.395548 0.108910 0.647764 0.392631 0.259563 0.446514 0.184721 0.305927 0.473195 0.475942 0.199677 0.246657 0.032074 0.276988 -0.077176 0.006082 -0.215998 -0.315094 -0.514074 -0.371871 -0.197351 -0.190301 -0.234245 -0.318341 0.222944 0.074617 0.070995 0.219272 0.046180 0.247770 -0.306992 -0.291923 -0.285818 -0.165945 0.174505 -0.012100 -0.263418 0.083353 0.044107 0.034741 0.000427 0.186846 0.159140 0.116171 0.217486 0.000218
-0.235510 -0.181670 0.340966 0.225373 0.255055 0.202413 0.274855 0.134443 0.046718 0.040171 -0.136419 0.119500 -0.267145 0.121847 -0.133081 0.148372 -0.312661 -0.271595 -0.238263 -0.194945 0.710490 0.572687 0.466770 0.469303 0.470783 0.406435 0.392475 0.052153 -0.069452 0.271109 1.000000 0.875181 -0.359891 0.334458 0.019729 0.078360 -0.059709 -0.070539 0.095463 -0.196673 0.054468 0.064286 0.061088 0.086334 0.408359 0.192911 0.161649 0.144450 0.179296 0.345474 -0.073993 0.026728 -0.211038 -0.025967 -0.453904 -0.307373 -0.255177 -0.251677 -0.244176 -0.445423 -0.269910 -0.161842 -0.331998 -0.419273 0.326471 0.154812 -0.237997 -0.125968 -0.300021 -0.112012 0.419631 0.542965 0.060848 0.249352 0.017167 0.156552 -0.003950 0.027671 0.008646 0.011091 -0.184342 -0.327592 0.016060 -0.200798 -0.059609 -0.235478 0.097480 -0.317205 -0.189429 -0.494952 0.032639 0.273406 0.177861 0.064889 -0.023498 -0.193974 0.170196 -0.106219 -0.045195 -0.132163 -0.181058 -0.363369 -0.268426 -0.260885 0.029800 -0.064070 -0.111156 -0.111971 -0.100281 -0.172578 -0.022798 0.122361 -0.007226 0.052534 0.005701 -0.093126
-0.271245 -0.202667 0.267176 0.245770 0.296978 0.180832 0.207182 0.224195 0.024512 0.091092 -0.132510 0.109675 -0.266706 0.227312 -0.182394 0.318820 -0.298782 -0.282139 -0.320829 -0.161442 0.650343 0.672975 0.361157 0.449332 0.378425 0.348815 0.352981 0.008830 -0.082976 0.426533 0.875181 1.000000 -0.226927 0.488290 0.156731 0.116492 -0.078423 -0.089462 0.032323 -0.064643 0.007567 0.069056 -0.063608 0.021407 0.382531 0.112533 0.173062 0.122466 0.249858 0.344300 -0.018897 0.117040 -0.076751 0.076364 -0.511763 -0.266100 -0.222993 -0.327947 -0.285109 -0.386864 -0.330530 -0.099224 -0.237734 -0.366652 0.216417 0.202962 -0.150626 0.004271 -0.264558 -0.054122 0.390963 0.489982 0.095796 0.184455 0.002769 0.235725 0.009327 0.058980 0.124763 -0.004464 -0.132466 -0.299999 -0.004599 -0.109454 -0.140088 -0.216064 0.032494 -0.389310 -0.319476 -0.580580 0.099006 0.202929 0.126994 -0.043699 0.076722 -0.278318 0.168364 -0.018610 -0.038413 -0.048980 -0.157350 -0.397114 -0.258964 -0.268606 0.010626 -0.097220 -0.211207 -0.074990 -0.136180 -0.168405 -0.038153 0.149842 0.026982 0.093525 0.022304 -0.099773
0.262033 0.527067 -0.491832 -0.264265 -0.235583 -0.148472 -0.420487 -0.282765 -0.164761 -0.016138 -0.027337 -0.261417 0.094093 0.019440 -0.178306 -0.032962 0.334278 0.337494 0.442179 0.435062 -0.256307 -0.127585 -0.627527 -0.604225 -0.377071 -0.260785 -0.131543 -0.067826 0.079028 0.043479 -0.359891 -0.226927 1.000000 0.255032 -0.094364 -0.055864 0.003708 -0.023059 -0.100330 0.075659 0.104176 0.019087 0.163306 0.132010 -0.085308 -0.045071 -0.054518 -0.093793 0.020547 0.103422 0.140640 0.207240 0.127921 0.160975 0.122532 -0.022514 0.369950 0.091040 0.133576 0.337324 0.036454 0.242473 0.504254 0.543745 -0.458075 -0.074674 0.250884 -0.129646 0.391824 -0.144876 -0.343226 -0.473317 0.236211 -0.147661 -0.077885 -0.139974 0.190635 0.102706 0.205504 0.075052 0.342551 0.390561 -0.139805 0.064954 -0.104988 -0.132793 -0.166111 -0.089950 -0.331130 0.021781 -0.127095 -0.404412 -0.500190 -0.305351 -0.042709 -0.143720 0.048657 -0.129408 0.102691 0.198010 -0.017665 0.050146 0.005617 0.207534 -0.108849 -0.049295 0.009301 -0.005763 -0.129717 0.011449 0.010781 0.145822 0.103011 -0.152565 -0.144758 -0.186064
-0.003561 0.076048 0.091050 0.002700 0.409985 -0.030312 0.058052 -0.095872 0.218103 0.132986 -0.297390 -0.187108 -0.315245 0.138033 -0.206181 0.240843 -0.268197 -0.053072 -0.003958 0.425222 0.166184 0.377678 -0.067551 0.048381 0.121498 -0.052439 0.085076 -0.239942 -0.214778 0.233216 0.334458 0.488290 0.255032 1.000000 0.264901 0.509757 -0.195014 -0.262974 -0.065399 -0.105791 -0.097537 0.096879 -0.117699 0.016389 0.273770 -0.024626 0.014813 0.030926 0.164042 0.127974 0.035091 0.177664 0.138158 0.263304 -0.447481 -0.195658 -0.019046 -0.172539 0.051685 -0.037098 -0.071656 0.281527 0.024852 0.120620 0.033007 0.080502 0.001389 0.134983 -0.114320 0.002230 -0.125788 -0.114652 0.017971 -0.124927 -0.133899 0.236924 -0.009735 -0.069116 0.087694 0.052497 0.035877 -0.150051 -0.082293 -0.016908 -0.184724 -0.367673 -0.362240 -0.472783 -0.231176 -0.370602 0.226184 0.096973 -0.112423 -0.060981 -0.069144 -0.408668 0.021293 -0.092004 -0.044373 0.070707 0.008010 -0.094122 -0.006175 0.033955 -0.215902 -0.237992 0.000472 0.006017 -0.211651 -0.364730 -0.112058 0.040972 0.038741 -0.162915 -0.351233 -0.399848
-0.060327 -0.026415 0.034241 0.088665 0.118541 0.053528 -0.043519 -0.033832 0.009396 0.055480 -0.046876 -0.105836 -0.151904 -0.016285 -0.025591 0.283342 -0.248306 -0.056199 -0.187933 -0.088143 0.051169 0.168581 0.195537 0.163744 0.150460 0.178327 0.041719 0.077560 -0.133696 0.171971 0.019729 0.156731 -0.094364 0.264901 1.000000 0.457648 0.151265 0.218915 0.252099 0.197544 -0.001645 0.150936 -0.134847 -0.111314 0.205523 0.036560 -0.059147 0.044276 0.056194 0.003881 0.042891 -0.021406 -0.058540 -0.041747 -0.105729 -0.027667 -0.215482 0.096386 -0.305993 -0.160089 -0.292611 0.034994 -0.296159 -0.100107 0.163010 0.229444 0.054939 0.191661 -0.067497 0.113636 -0.003824 -0.014640 -0.117940 -0.205917 -0.186801 0.257627 -0.154319 0.091469 0.010663 0.009224 -0.130832 -0.069256 0.058260 -0.152303 0.139991 0.084716 -0.120128 0.003098 0.095774 -0.161289 -0.103727 0.017317 -0.035353 -0.138843 -0.060995 0.013881 0.038849 -0.017976 -0.047662 0.080719 0.134918 -0.009525 -0.046041 -0.056724 0.008472 0.092809 -0.196593 -0.041658 0.058410 0.064191 0.152390 0.114323 -0.018276 -0.027961 0.072673 0.025408
-0.256701 -0.107726 0.056997 0.077366 0.446079 0.069298 0.112135 -0.021387 0.408914 0.284801 -0.185864 -0.130877 -0.253856 0.075946 -0.056365 0.243718 -0.398157 -0.146725 -0.203854 0.075924 0.028478 0.080294 0.040486 0.190108 0.213905 0.054282 0.019829 -0.151323 -0.248190 0.100421 0.078360 0.116492 -0.055864 0.509757 0.457648 1.000000 -0.056988 -0.072152 0.052468 0.044657 -0.102432 0.123359 -0.062191 -0.083495 0.411702 0.100887 0.046384 0.123146 0.215372 0.194956 0.064240 0.048998 0.156529 0.124535 -0.224204 -0.036615 -0.357943 -0.092248 -0.063038 -0.098176 -0.109769 0.154363 -0.183198 -0.136227 0.236155 0.224942 0.002796 0.234522 -0.238206 0.114955 -0.140903 -0.182073 -0.249162 -0.227839 -0.235691 0.121096 -0.227449 -0.089528 -0.131011 0.067035 -0.222986 -0.275366 -0.019409 0.062249 -0.167724 -0.144249 -0.291970 -0.136626 0.050015 -0.064319 0.230765 0.303287 0.215099 0.169999 -0.031625 -0.029203 -0.001615 -0.049192 0.003928 -0.160171 0.213615 0.029540 0.063191 -0.157703 -0.244113 -0.238303 0.085286 -0.131988 0.031244 -0.100772 0.071959 0.096373 0.161042 -0.081450 -0.162534 -0.083759
