1.000000 0.562325 0.192148 -0.087341 -0.233841 -0.270543 0.021980 -0.137145 -0.091322 -0.126796 0.185592 0.045615 -0.042110 -0.237030 -0.073893 0.041698 0.177218 -0.049536 0.373854 0.153314 -0.212929 -0.278873 -0.161848 -0.247549 -0.210076 -0.215535 -0.182252 -0.131023 -0.189001 -0.254116 -0.268678 -0.307615 0.338213 0.283568 0.020596 -0.046594 -0.034315 0.187377 0.061827 -0.010070 -0.298588 -0.050174 -0.145002 -0.147798 -0.060964 -0.198805 -0.276948 -0.332645 0.000576 -0.211630 -0.207927 -0.101202 -0.264760 -0.207931 -0.062586 0.070297 0.759215 0.154106 0.201105 -0.221605 0.518544 0.275764 0.407674 0.278051 0.397622 0.209369 -0.108168 -0.270723 -0.289029 -0.422224 -0.325773 -0.237605 -0.243400 -0.149023 -0.017759 -0.126446 0.128139 -0.092430 0.339707 0.046803 0.210069 0.182008 -0.119810 -0.111872 0.278583 0.313161 0.140255 -0.045107 0.205553 0.312984 -0.315525 -0.252624 -0.224635 -0.225521 -0.007599 0.163725 -0.059860 -0.063432 -0.396695 -0.214628 -0.179600 -0.218400 -0.088964 -0.257595 -0.107834 -0.028415 0.137891 -0.092983 -0.110977 0.045171 -0.372865 -0.539646 -0.236120 -0.167469 -0.057493 -0.072538
0.562325 1.000000 -0.295716 -0.370763 -0.388790 -0.553377 -0.376640 -0.346117 -0.350599 -0.389689 -0.096718 -0.074075 -0.302826 -0.261694 -0.117236 -0.048662 -0.070052 -0.031084 0.077007 0.405305 -0.298580 -0.260049 -0.545824 -0.556444 -0.447332 -0.468923 -0.313314 -0.421911 -0.208588 -0.259847 -0.477589 -0.469086 0.437852 0.458738 0.222349 0.234985 0.226566 0.245229 -0.023655 0.083945 -0.234926 0.184534 -0.444097 -0.367433 0.119313 -0.013542 -0.575693 -0.484540 0.072073 -0.195607 -0.298503 -0.384345 -0.403431 -0.536665 0.047455 0.080546 0.469971 0.593182 0.403334 0.205654 0.504254 0.520090 0.299122 0.475191 0.237979 0.123092 0.231624 0.006575 0.250294 -0.079958 -0.213447 -0.333318 -0.011439 -0.032752 -0.048823 -0.108903 0.355378 0.293928 0.243716 0.083508 0.297700 0.283159 0.189323 0.126012 0.287683 0.197732 0.095946 0.196877 0.341256 0.293783 -0.039906 -0.280712 -0.381568 -0.142447 0.315117 0.219034 0.179643 0.051001 -0.099279 -0.279925 0.122969 -0.053022 0.307047 -0.010396 0.313482 0.173814 0.332027 0.081064 0.220176 -0.045076 -0.313583 -0.541155 -0.305009 -0.272107 -0.261857 0.004884
0.192148 -0.295716 1.000000 0.685789 0.266104 0.399035 0.814324 0.624285 0.360151 0.280857 0.173972 0.428002 0.268168 0.328761 -0.045401 -0.126579 0.122188 0.112598 0.473137 -0.090178 0.173248 0.158433 0.837817 0.733672 0.477374 0.387623 0.269749 0.272817 0.283212 0.084914 0.469394 0.479529 0.020187 0.048910 -0.507319 -0.448399 -0.248666 -0.432138 0.186420 -0.123270 0.102385 -0.366730 0.442879 0.186278 -0.074806 -0.215548 0.285422 -0.007468 0.054629 0.093696 0.064449 0.256602 0.397195 0.262204 -0.210254 -0.377507 0.008259 -0.439692 -0.404014 -0.495554 -0.247427 -0.423941 0.063003 -0.235465 -0.086929 -0.251242 -0.574299 -0.415183 -0.546684 -0.315073 -0.108746 0.412118 -0.042774 -0.082179 0.127046 -0.006455 -0.304032 -0.541038 0.062081 -0.077087 -0.396931 -0.334587 -0.468173 -0.392276 -0.298200 -0.376244 -0.241484 -0.628614 -0.137246 -0.270403 -0.375345 -0.110048 0.080921 -0.288090 -0.595318 -0.388564 -0.398037 -0.503083 -0.483447 -0.265218 -0.360233 -0.336093 -0.532722 -0.305525 -0.589080 -0.466301 -0.191768 -0.233756 -0.545277 -0.236090 -0.286122 0.036260 -0.061719 -0.017429 0.066967 -0.205865
-0.087341 -0.370763 0.685789 1.000000 0.189770 0.661803 0.744320 0.817092 0.332319 0.268203 0.301651 0.562453 0.426648 0.590768 0.113615 0.312671 0.228103 0.325517 0.569722 -0.131892 0.304053 0.407215 0.846929 0.825874 0.486740 0.547522 0.365591 0.472753 0.545289 0.539391 0.752864 0.734532 0.074901 -0.030488 -0.616206 -0.598527 -0.176605 -0.530303 -0.037258 -0.264229 0.341421 0.046097 0.354520 -0.048403 -0.226415 -0.461515 0.422656 -0.070433 -0.116587 0.017781 -0.037827 0.085790 0.532241 0.391748 -0.104792 -0.423179 -0.250110 -0.667252 -0.663308 -0.688872 -0.646857 -0.710697 -0.165623 -0.560313 -0.435282 -0.568789 -0.646398 -0.653126 -0.417502 -0.247291 0.191975 0.598816 0.320213 0.349239 0.437211 0.165309 -0.166423 -0.532761 0.076333 0.116076 -0.226276 -0.229651 -0.343911 0.042516 -0.143188 -0.462671 -0.177058 -0.615519 -0.134818 -0.397846 -0.314300 -0.103293 0.281773 0.028685 -0.668870 -0.501946 -0.439857 -0.489104 -0.379535 -0.053598 -0.119168 -0.013584 -0.203860 -0.185031 -0.416248 -0.271297 -0.457095 0.070038 -0.533848 -0.398195 -0.239879 0.391298 0.301484 0.271925 0.111091 -0.361470
-0.233841 -0.388790 0.266104 0.189770 1.000000 0.677904 0.019792 0.165657 0.777598 0.730009 -0.348423 -0.044504 -0.201982 0.018937 0.388523 -0.038374 -0.316244 -0.034222 0.024337 -0.012082 0.566488 0.394771 0.298855 0.276710 0.624238 0.542774 0.662603 0.452478 -0.253498 -0.036353 -0.003940 0.025777 -0.575039 -0.590711 -0.080848 -0.134498 -0.299469 -0.270964 0.225865 0.063269 -0.129348 -0.340818 -0.109240 -0.172721 -0.189997 -0.192236 0.141618 0.154663 -0.270595 -0.225698 0.027195 -0.122964 0.225710 -0.018172 -0.262208 -0.041932 0.025920 -0.097648 0.254081 0.160230 0.011936 -0.211663 -0.054926 -0.179987 -0.027179 -0.257435 0.057240 0.193636 0.127439 0.312879 -0.061624 0.105783 -0.348741 -0.275459 -0.322940 -0.018000 -0.511235 -0.278009 -0.462844 -0.252880 -0.422377 -0.342195 -0.072988 -0.170942 -0.286103 -0.458154 0.017963 -0.070861 0.119456 -0.190542 0.294428 0.572081 0.514889 0.411207 0.041330 -0.269830 -0.059746 0.049665 0.264064 0.313210 0.012011 0.402860 -0.226707 0.513753 -0.048527 0.035368 0.097543 -0.290999 -0.044919 -0.193425 -0.067717 0.118610 0.227772 0.367778 0.248942 0.144126
-0.270543 -0.553377 0.399035 0.661803 0.677904 1.000000 0.332414 0.615064 0.682932 0.712472 -0.064497 0.321135 0.090102 0.403926 0.427297 0.414481 -0.079506 0.218611 0.203881 -0.246203 0.651366 0.672483 0.594874 0.645734 0.651046 0.756068 0.676092 0.759916 0.106219 0.344268 0.489360 0.482565 -0.401297 -0.483952 -0.351532 -0.382406 -0.309668 -0.491421 0.048150 -0.032907 0.118923 -0.118818 0.029029 -0.259596 -0.310099 -0.384376 0.329162 0.018695 -0.381906 -0.225335 -0.071956 -0.114622 0.379449 0.228224 -0.131437 -0.238756 -0.110384 -0.543368 -0.174815 -0.233662 -0.356198 -0.556870 -0.130075 -0.502821 -0.198303 -0.420514 -0.283849 -0.245250 -0.209696 0.037517 0.142519 0.438773 -0.036777 0.046261 0.010149 0.059570 -0.444252 -0.480106 -0.220172 -0.056189 -0.316351 -0.286174 -0.229950 0.053023 -0.138798 -0.479670 -0.038901 -0.251883 0.058272 -0.355631 0.045254 0.322863 0.603564 0.370299 -0.270051 -0.430450 -0.327771 -0.217102 -0.004645 0.246474 0.015675 0.332273 -0.106213 0.310557 -0.189722 0.045161 -0.318024 -0.024496 -0.336927 -0.319997 -0.177020 0.373119 0.405382 0.528485 0.333966 -0.001541
0.021980 -0.376640 0.814324 0.744320 0.019792 0.332414 1.000000 0.726269 0.144373 0.059234 0.359173 0.443303 0.580490 0.501570 -0.069214 0.040953 0.348972 0.168446 0.409589 -0.195313 0.016985 0.152608 0.806922 0.717885 0.251196 0.209558 0.141863 0.156059 0.505579 0.300261 0.642642 0.621795 0.159258 0.133801 -0.580776 -0.497976 -0.183080 -0.540417 0.028658 -0.283658 0.281083 -0.122468 0.505652 0.213835 -0.125315 -0.204445 0.311712 0.066392 0.002309 0.164644 0.021771 0.251193 0.369636 0.402208 -0.188881 -0.469183 -0.229751 -0.596653 -0.611916 -0.586066 -0.421969 -0.475445 0.008255 -0.400484 -0.303196 -0.258892 -0.653342 -0.515964 -0.567729 -0.345033 0.121136 0.542945 0.290132 0.175597 0.372606 0.147456 -0.162380 -0.440540 0.107881 -0.024330 -0.212181 -0.249068 -0.363494 -0.208395 -0.317179 -0.359975 -0.162295 -0.719024 -0.236213 -0.321365 -0.352104 -0.129293 0.149217 -0.175474 -0.749864 -0.457532 -0.556554 -0.549334 -0.524803 -0.274496 -0.193076 -0.300452 -0.369661 -0.433023 -0.519394 -0.449938 -0.369439 -0.083909 -0.548931 -0.309787 -0.244426 0.216637 0.132288 -0.065134 -0.020287 -0.388036
-0.137145 -0.346117 0.624285 0.817092 0.165657 0.615064 0.726269 1.000000 0.340435 0.354204 0.186428 0.757560 0.406911 0.796255 0.227374 0.369276 0.108151 0.458335 0.262388 -0.263543 0.330504 0.527241 0.799164 0.842664 0.475891 0.559200 0.298698 0.485670 0.406912 0.554559 0.786255 0.811121 -0.063877 0.029172 -0.637266 -0.516151 -0.184220 -0.553579 -0.077564 -0.261683 0.392265 -0.007267 0.292937 -0.122672 -0.333069 -0.420439 0.270549 -0.147314 -0.166941 -0.108049 -0.044548 -0.095318 0.367892 0.260011 -0.248876 -0.559932 -0.225578 -0.625255 -0.477408 -0.599275 -0.470585 -0.609370 -0.191647 -0.449402 -0.285532 -0.427805 -0.735410 -0.546623 -0.577661 -0.296975 0.253416 0.814626 0.239866 0.321797 0.280433 0.304785 -0.229887 -0.445166 0.061616 0.017014 -0.259326 -0.123337 -0.400758 -0.015090 -0.189466 -0.512877 -0.152205 -0.506806 -0.149027 -0.410781 -0.254949 -0.080990 0.353196 0.091634 -0.656595 -0.566915 -0.601678 -0.639763 -0.438289 -0.156675 -0.064511 0.001273 -0.137576 -0.196031 -0.355153 -0.282850 -0.385682 0.042741 -0.556899 -0.518620 -0.413417 0.238627 0.276506 0.220593 0.034213 -0.274884
-0.091322 -0.350599 0.360151 0.332319 0.777598 0.682932 0.144373 0.340435 1.000000 0.718336 -0.112349 0.216350 -0.014357 0.235524 0.451491 0.185268 -0.221864 0.135112 0.192805 -0.278128 0.458462 0.314448 0.403637 0.324271 0.719453 0.585901 0.385312 0.357798 -0.116125 0.132844 0.180794 0.188218 -0.506743 -0.456559 -0.303646 -0.350285 -0.358838 -0.337780 0.191476 -0.058246 -0.038842 -0.175379 -0.012080 -0.124751 -0.111990 -0.202329 0.250363 -0.003778 -0.114977 -0.075235 0.046288 0.026886 0.314073 0.189061 -0.251396 -0.108736 0.036949 -0.197125 0.166630 -0.089467 -0.012931 -0.225673 -0.084075 -0.084411 -0.057401 -0.152861 -0.183690 -0.142773 -0.169421 0.081342 -0.023977 0.241242 -0.148576 -0.062561 -0.127950 0.043156 -0.505603 -0.479730 -0.388399 -0.175787 -0.466548 -0.229216 -0.290019 -0.114384 -0.250156 -0.322792 -0.089545 -0.186339 0.044068 -0.185593 0.003942 0.386228 0.426873 0.348988 -0.210462 -0.370762 -0.206293 -0.138642 -0.006478 0.277520 -0.121302 0.309412 -0.231029 0.273225 -0.175446 -0.071982 -0.139660 0.095759 -0.293815 -0.318608 -0.380786 0.159486 0.327073 0.280923 0.087740 -0.068987
-0.126796 -0.389689 0.280857 0.268203 0.730009 0.712472 0.059234 0.354204 0.718336 1.000000 -0.109926 0.294134 -0.082279 0.309023 0.420896 0.246292 -0.145302 0.173008 -0.010746 -0.249237 0.482877 0.318501 0.319338 0.365271 0.698244 0.688323 0.526323 0.585322 -0.181487 0.169879 0.196412 0.230079 -0.586405 -0.456373 -0.070812 -0.226228 -0.259507 -0.127779 0.187360 0.105642 0.028240 -0.376127 -0.035017 -0.147013 -0.311776 -0.305753 0.257653 0.036592 -0.282494 -0.313831 -0.003064 -0.163132 0.268232 0.013322 -0.152568 -0.108877 0.040313 -0.235966 0.178027 -0.018800 -0.063913 -0.364875 -0.194301 -0.317489 0.017802 -0.251992 -0.133681 -0.052072 -0.171259 0.018359 -0.023220 0.318177 -0.313912 -0.064999 -0.246948 0.196871 -0.429289 -0.225735 -0.268315 -0.163531 -0.306915 -0.173936 -0.117112 -0.171437 -0.109873 -0.392661 0.038657 -0.050976 0.013976 -0.219617 0.168158 0.412211 0.495927 0.313888 0.043578 -0.118262 -0.150762 -0.029921 0.163145 0.237895 -0.097417 0.256234 -0.169239 0.304685 -0.176939 0.102895 0.019244 -0.057253 -0.138125 -0.110966 -0.129528 0.147557 0.239484 0.413356 0.270476 0.325068
0.185592 -0.096718 0.173972 0.301651 -0.348423 -0.064497 0.359173 0.186428 -0.112349 -0.109926 1.000000 0.331526 0.769044 0.387434 -0.170066 0.143151 0.821339 0.305725 0.227318 -0.370866 -0.090236 -0.236584 0.271861 0.173158 0.119760 0.056139 -0.372183 0.024978 0.503251 0.500914 0.379955 0.342100 0.218125 0.282591 -0.144663 -0.198838 -0.060183 0.062587 -0.171325 -0.298846 0.078551 0.159138 0.296918 0.262794 0.005808 -0.066240 0.164561 -0.073924 0.071434 0.179117 -0.047399 0.231445 0.096193 0.245542 -0.061125 -0.088241 -0.151382 -0.397775 -0.510047 -0.558364 -0.338989 -0.135331 -0.214286 -0.129192 -0.135128 0.033847 -0.373170 -0.524118 -0.412467 -0.511373 0.339765 0.283074 0.397276 0.595964 0.628481 0.380574 0.335322 0.056482 0.302668 0.283070 0.190683 0.247764 -0.010253 0.042085 -0.011269 0.283084 0.067702 -0.342290 -0.468923 0.045937 -0.466194 -0.243385 -0.180959 -0.322447 -0.461793 -0.016633 -0.173520 -0.149442 -0.335250 -0.090646 -0.387251 -0.323415 -0.304153 -0.450793 -0.465967 -0.160414 -0.349888 0.291304 -0.341125 -0.044098 -0.021648 0.076258 0.032719 -0.118856 0.084456 -0.101184
0.045615 -0.074075 0.428002 0.562453 -0.044504 0.321135 0.443303 0.757560 0.216350 0.294134 0.331526 1.000000 0.332496 0.829707 0.052748 0.306623 0.235453 0.707946 0.203159 -0.317749 0.186933 0.299387 0.569130 0.565084 0.435811 0.413295 -0.114540 0.249234 0.470683 0.723022 0.694641 0.728250 0.099836 0.252995 -0.493739 -0.448064 -0.075206 -0.192903 -0.151435 -0.219402 0.403771 0.078690 0.357084 -0.009732 -0.175985 -0.366409 0.280829 -0.307606 0.004974 -0.079817 0.008483 -0.089202 0.325833 0.142894 -0.210735 -0.395189 -0.109940 -0.452032 -0.408639 -0.625702 -0.347057 -0.438416 -0.161274 -0.210904 -0.158972 -0.228798 -0.661705 -0.663147 -0.554030 -0.524933 0.347173 0.779999 0.322956 0.577854 0.452094 0.485723 0.094841 -0.252402 0.319978 0.331735 -0.058116 0.303264 -0.440654 0.003794 0.046351 -0.183567 -0.214714 -0.467703 -0.234635 -0.236398 -0.448861 -0.360013 -0.003489 -0.152310 -0.489440 -0.314416 -0.405733 -0.477432 -0.518548 -0.193823 -0.306552 -0.205305 -0.259982 -0.447635 -0.466444 -0.350086 -0.333515 0.151646 -0.491831 -0.503974 -0.487141 0.073351 0.163897 -0.007474 -0.150221 -0.219303
-0.042110 -0.302826 0.268168 0.426648 -0.201982 0.090102 0.580490 0.406911 -0.014357 -0.082279 0.769044 0.332496 1.000000 0.558720 0.092055 0.139809 0.621768 0.178103 0.143764 -0.404241 -0.027180 -0.075719 0.444583 0.345263 0.203493 0.110824 -0.212810 0.032654 0.559096 0.522771 0.575278 0.506502 0.049741 0.102108 -0.436722 -0.365310 -0.139497 -0.193178 -0.156484 -0.349934 0.155921 0.112274 0.361313 0.316331 -0.117385 -0.132477 0.242413 0.094952 0.035361 0.196355 -0.011336 0.271748 0.241935 0.405185 -0.108614 -0.201724 -0.408581 -0.553119 -0.523409 -0.535439 -0.464156 -0.278523 -0.394054 -0.327688 -0.384284 -0.055886 -0.487939 -0.531971 -0.404404 -0.338578 0.425970 0.484996 0.481329 0.553749 0.603796 0.344803 0.111753 -0.151002 0.134166 0.138158 -0.024343 -0.003747 0.016813 -0.077807 -0.302195 0.013911 0.234933 -0.523791 -0.492627 -0.012446 -0.372467 -0.086714 0.056227 -0.111040 -0.648865 -0.198706 -0.399222 -0.255946 -0.327193 -0.044497 -0.200919 -0.214789 -0.251448 -0.402974 -0.372606 -0.261973 -0.342877 0.275722 -0.429583 -0.196264 -0.086443 0.194675 0.148342 -0.064396 0.010158 -0.205333
-0.237030 -0.261694 0.328761 0.590768 0.018937 0.403926 0.501570 0.796255 0.235524 0.309023 0.387434 0.829707 0.558720 1.000000 0.235678 0.457861 0.229579 0.581283 0.092522 -0.353810 0.243748 0.320852 0.587009 0.616182 0.439765 0.467694 0.055613 0.350158 0.489673 0.790802 0.728486 0.761869 -0.048230 0.070265 -0.561743 -0.436251 -0.165476 -0.348437 -0.201089 -0.315046 0.430483 0.076737 0.266954 -0.012785 -0.183004 -0.276950 0.255719 -0.222603 0.001125 -0.001174 0.007902 -0.089698 0.341004 0.202936 -0.208437 -0.482817 -0.421488 -0.525066 -0.444423 -0.527776 -0.524082 -0.475661 -0.408899 -0.405481 -0.353837 -0.329186 -0.623122 -0.579868 -0.445837 -0.339797 0.465530 0.805979 0.411209 0.625402 0.440260 0.510226 -0.050350 -0.252285 0.094706 0.197956 -0.134827 0.137734 -0.222094 0.111855 -0.147417 -0.304437 -0.086062 -0.432014 -0.332472 -0.309863 -0.289342 -0.150158 0.150772 0.006243 -0.562939 -0.369473 -0.504185 -0.512844 -0.331404 -0.157467 -0.127352 -0.060620 -0.074187 -0.311903 -0.363437 -0.345674 -0.401920 0.287188 -0.449213 -0.468559 -0.356860 0.219141 0.269849 0.085728 -0.136993 -0.217758
-0.073893 -0.117236 -0.045401 0.113615 0.388523 0.427297 -0.069214 0.227374 0.451491 0.420896 -0.170066 0.052748 0.092055 0.235678 1.000000 0.512683 -0.332894 -0.102325 -0.077063 0.000180 0.417754 0.365015 0.066822 0.181806 0.221178 0.346876 0.526997 0.431596 -0.067548 0.073756 0.116682 0.082362 -0.510042 -0.477192 -0.148889 -0.158464 -0.289637 -0.356801 -0.215909 -0.262157 0.005444 -0.067970 -0.312764 -0.288792 -0.395132 -0.268285 -0.157261 -0.016977 -0.398339 -0.339256 -0.316963 -0.273521 -0.103209 0.089545 -0.318471 -0.323601 0.029125 -0.083660 0.258221 -0.000973 0.089509 -0.235263 -0.241791 -0.152949 0.071799 -0.223061 -0.140091 -0.080765 0.043548 0.238489 0.037178 0.192115 -0.057652 -0.035817 -0.144016 0.032258 -0.410149 -0.231838 -0.356867 -0.273525 -0.137674 -0.178003 0.354413 0.216088 0.073366 -0.228311 0.233863 0.133625 0.146973 -0.204319 0.286663 0.535915 0.508325 0.611862 -0.064835 -0.257829 -0.381004 -0.175684 0.096793 0.200641 0.307016 0.434907 0.217405 0.395517 0.159822 0.089491 -0.028646 0.052584 -0.014256 -0.205364 -0.350994 0.102823 0.320918 0.342705 0.037992 0.041904
0.041698 -0.048662 -0.126579 0.312671 -0.038374 0.414481 0.040953 0.369276 0.185268 0.246292 0.143151 0.306623 0.139809 0.457861 0.512683 1.000000 0.023114 0.227350 0.142774 -0.215582 0.286401 0.350214 0.028247 0.167280 0.008693 0.250607 0.270167 0.469047 0.038688 0.400899 0.255771 0.223247 -0.148603 -0.259683 -0.176203 -0.277235 -0.296636 -0.261322 -0.370917 -0.208763 0.126800 0.329493 -0.217122 -0.324856 -0.352192 -0.306717 -0.037368 -0.190882 -0.391580 -0.292481 -0.363486 -0.312165 -0.139750 0.128938 -0.166489 -0.247859 0.006205 -0.250919 -0.060488 -0.266561 -0.090782 -0.232616 -0.142584 -0.291709 -0.004674 -0.112110 -0.248430 -0.399672 -0.207873 -0.182513 0.235028 0.266930 0.089535 0.348714 0.111422 0.159469 -0.179012 -0.181953 -0.112962 0.034715 0.092097 0.112985 0.074808 0.504555 0.255087 0.019429 -0.058988 0.022257 0.080696 -0.058310 0.069085 0.190193 0.433183 0.462317 -0.182611 -0.283735 -0.462958 -0.376325 -0.007175 0.153866 0.284855 0.349802 0.380042 0.072712 -0.001042 0.096661 -0.383807 0.284719 -0.198287 -0.286628 -0.295758 0.211858 0.491547 0.311235 -0.026414 -0.195342
0.177218 -0.070052 0.122188 0.228103 -0.316244 -0.079506 0.348972 0.108151 -0.221864 -0.145302 0.821339 0.235453 0.621768 0.229579 -0.332894 0.023114 1.000000 0.390232 0.148844 -0.183033 -0.023149 -0.189813 0.154098 0.072153 -0.009214 -0.049063 -0.379229 -0.065616 0.495644 0.444253 0.289155 0.244070 0.370515 0.299876 -0.125286 -0.243343 0.058413 0.059176 -0.035247 -0.132789 0.018086 0.130016 0.248283 0.136759 -0.113762 -0.179570 0.064725 -0.171820 0.002081 0.030013 -0.085275 0.056712 0.053155 0.057934 0.004811 -0.074993 -0.008335 -0.303535 -0.451758 -0.431227 -0.238114 -0.073931 0.071710 -0.124241 -0.142424 0.029418 -0.282554 -0.442057 -0.304620 -0.516442 0.362222 0.208424 0.385628 0.507205 0.571468 0.308698 0.459500 0.168877 0.450013 0.397840 0.472273 0.385885 -0.045730 0.061659 0.073986 0.210353 0.107485 -0.338705 -0.273391 0.091819 -0.415920 -0.308240 -0.212951 -0.343413 -0.360307 0.026698 -0.114748 -0.032967 -0.369077 -0.108786 -0.317528 -0.271829 -0.228055 -0.333296 -0.324076 -0.058877 -0.279865 0.156950 -0.227984 -0.062163 0.017490 -0.000522 -0.008886 -0.145969 0.070694 -0.076253
-0.049536 -0.031084 0.112598 0.325517 -0.034222 0.218611 0.168446 0.458335 0.135112 0.173008 0.305725 0.707946 0.178103 0.581283 -0.102325 0.227350 0.390232 1.000000 -0.068190 -0.352361 0.265833 0.302132 0.281057 0.273708 0.247842 0.274229 -0.209333 0.197689 0.357523 0.741202 0.424294 0.464403 0.236254 0.244757 -0.254243 -0.222846 0.019773 0.019868 -0.049783 -0.077805 0.307004 0.142421 0.082009 -0.146042 -0.168812 -0.364844 0.135264 -0.379902 -0.027543 -0.169512 -0.122073 -0.185880 0.193123 0.060263 -0.022757 -0.136445 0.021210 -0.182720 -0.289659 -0.457432 -0.210447 -0.165272 0.056619 0.048065 -0.134829 -0.154777 -0.342638 -0.511416 -0.357096 -0.516932 0.313377 0.511477 0.291855 0.604313 0.389344 0.313982 0.220543 -0.020797 0.391582 0.662669 0.223497 0.687376 -0.283436 0.195199 0.199071 0.093117 -0.086370 -0.292985 0.003341 0.056548 -0.429733 -0.360020 -0.140373 -0.214221 -0.287570 -0.205168 -0.187578 -0.239006 -0.396473 -0.110906 -0.248329 -0.057180 -0.224394 -0.273811 -0.431086 -0.121416 -0.323176 0.224560 -0.268788 -0.386633 -0.250014 -0.082514 0.125607 -0.029752 -0.017246 -0.124472
0.373854 0.077007 0.473137 0.569722 0.024337 0.203881 0.409589 0.262388 0.192805 -0.010746 0.227318 0.203159 0.143764 0.092522 -0.077063 0.142774 0.148844 -0.068190 1.000000 0.134064 -0.106151 -0.062769 0.368952 0.282581 0.208674 0.135343 0.116921 0.049720 0.215326 0.102977 0.161343 0.175150 0.221469 0.005170 -0.308509 -0.365254 -0.138996 -0.252898 -0.005709 -0.147121 0.102164 0.067227 0.241908 -0.039183 0.097271 -0.211715 0.258242 -0.143342 0.124009 0.168253 0.010504 0.150420 0.277070 0.153422 -0.030316 -0.143475 0.136386 -0.273853 -0.418859 -0.564653 -0.198908 -0.286854 0.021674 -0.250174 -0.174724 -0.169417 -0.364167 -0.508350 -0.071165 -0.073538 -0.199644 0.070149 0.076710 0.043654 0.272110 -0.058850 -0.063258 -0.505821 0.001965 -0.029611 -0.208112 -0.201235 -0.287800 -0.036985 -0.016226 -0.116548 -0.247712 -0.518917 -0.032985 -0.149105 -0.260950 -0.158004 0.108224 -0.041479 -0.383970 -0.166986 -0.136134 -0.241133 -0.270317 -0.048324 -0.114837 -0.071300 -0.163923 -0.226535 -0.259286 -0.194386 -0.286934 0.111801 -0.310916 -0.168014 -0.281104 0.113728 0.142937 0.092278 0.013742 -0.475162
0.153314 0.405305 -0.090178 -0.131892 -0.012082 -0.246203 -0.195313 -0.263543 -0.278128 -0.249237 -0.370866 -0.317749 -0.404241 -0.353810 0.000180 -0.215582 -0.183033 -0.352361 0.134064 1.000000 -0.124788 -0.096383 -0.249619 -0.208692 -0.360066 -0.280279 0.245601 -0.212024 -0.014068 -0.320349 -0.369369 -0.357575 0.271872 0.101468 0.202120 0.168080 0.312411 0.024634 0.027421 0.069046 -0.067236 0.001828 -0.226187 -0.217200 0.018874 0.033288 -0.470362 -0.121458 -0.036197 -0.109964 -0.199037 -0.325869 -0.323916 -0.554513 -0.070311 -0.144484 0.156709 0.305028 0.115238 0.253693 0.141184 -0.003468 0.208750 0.018108 0.034114 -0.251502 0.112114 0.318556 0.481218 0.399159 -0.121608 -0.343882 -0.009872 -0.254735 -0.114042 -0.064701 0.179239 0.247800 -0.017450 -0.203439 0.279392 -0.082788 0.301144 0.233586 0.147955 -0.170921 0.021873 0.355531 0.210947 -0.194870 0.270804 -0.125670 -0.200848 -0.014779 0.360406 0.182769 0.176252 0.139447 0.075565 -0.332255 0.245750 0.023769 0.306683 0.217558 0.400287 -0.027189 0.333982 -0.329634 0.361061 0.124366 0.051897 -0.234753 -0.367906 -0.119133 -0.190517 0.009086
-0.212929 -0.298580 0.173248 0.304053 0.566488 0.651366 0.016985 0.330504 0.458462 0.482877 -0.090236 0.186933 -0.027180 0.243748 0.417754 0.286401 -0.023149 0.265833 -0.106151 -0.124788 1.000000 0.717051 0.320843 0.430954 0.504373 0.661571 0.551683 0.720305 0.060660 0.241471 0.343407 0.345244 -0.379791 -0.387756 -0.204169 -0.210815 -0.332762 -0.372393 -0.091758 -0.114460 -0.071016 -0.177765 -0.126913 -0.317549 -0.343576 -0.355090 0.033570 -0.201526 -0.307446 -0.375461 -0.166965 -0.304630 0.126533 0.005253 -0.210386 -0.239406 0.017053 -0.213126 0.090636 -0.080787 -0.066952 -0.267940 -0.070099 -0.177576 0.121791 -0.336551 -0.134754 -0.106294 -0.113421 -0.054126 0.287719 0.377552 -0.099695 0.067476 -0.072831 0.057299 -0.268956 -0.210242 -0.110705 0.128219 -0.174011 -0.117412 -0.048294 0.115763 -0.070894 -0.282874 -0.002115 -0.005358 0.150181 -0.116080 0.051477 0.354510 0.315851 0.245152 -0.133868 -0.382679 -0.214646 -0.234442 -0.005940 0.209928 0.000014 0.291552 -0.083415 0.360249 -0.130128 -0.020127 -0.092635 -0.143790 -0.188102 -0.253802 -0.211568 0.098680 0.227040 0.463509 0.193364 0.146842
-0.278873 -0.260049 0.158433 0.407215 0.394771 0.672483 0.152608 0.527241 0.314448 0.318501 -0.236584 0.299387 -0.075719 0.320852 0.365015 0.350214 -0.189813 0.302132 -0.062769 -0.096383 0.717051 1.000000 0.342090 0.513301 0.296626 0.558624 0.528070 0.682712 0.071208 0.249526 0.433151 0.466889 -0.184164 -0.219116 -0.200654 -0.115574 -0.129037 -0.452381 -0.119300 0.001152 0.235441 0.068292 -0.197728 -0.485582 -0.316629 -0.331744 -0.044766 -0.223102 -0.409443 -0.347424 -0.256320 -0.393366 0.047476 0.006966 -0.140575 -0.275012 -0.003826 -0.309613 -0.038338 -0.100023 -0.097771 -0.357664 0.020540 -0.271297 0.045475 -0.317836 -0.130007 -0.086265 -0.090309 0.085718 0.187560 0.493677 0.023013 0.051329 -0.077335 -0.023346 -0.246991 -0.272234 -0.077421 0.052411 -0.141033 -0.068119 -0.121881 0.218968 -0.034938 -0.375612 0.006014 -0.061730 0.248647 -0.276083 0.058299 0.170852 0.393769 0.351588 -0.148307 -0.443094 -0.317709 -0.300247 -0.124237 0.123024 0.090171 0.335830 0.031548 0.292590 -0.032078 0.031340 -0.209786 -0.101526 -0.188364 -0.396659 -0.251753 0.140554 0.294397 0.305424 0.159536 -0.019525
-0.161848 -0.545824 0.837817 0.846929 0.298855 0.594874 0.806922 0.799164 0.403637 0.319338 0.271861 0.569130 0.444583 0.587009 0.066822 0.028247 0.154098 0.281057 0.368952 -0.249619 0.320843 0.342090 1.000000 0.920765 0.646486 0.614417 0.336892 0.453457 0.516360 0.441718 0.774240 0.776068 -0.071011 -0.030574 -0.637557 -0.562631 -0.292605 -0.501926 -0.002751 -0.279143 0.306249 -0.230164 0.485467 0.168953 -0.180962 -0.310156 0.442833 0.066768 -0.016692 0.096995 0.126409 0.262621 0.532461 0.452190 -0.279820 -0.436658 -0.310937 -0.613713 -0.599124 -0.612948 -0.605907 -0.642943 -0.218011 -0.435890 -0.308824 -0.445283 -0.680373 -0.492290 -0.520351 -0.231559 0.150266 0.618425 0.173509 0.181884 0.320968 0.167551 -0.286408 -0.571198 0.042669 0.075303 -0.433069 -0.278930 -0.429475 -0.229918 -0.318794 -0.405157 -0.229561 -0.610380 -0.328807 -0.416965 -0.393552 -0.042343 0.204292 -0.103710 -0.684969 -0.504794 -0.440953 -0.487778 -0.434825 -0.074821 -0.292974 -0.147852 -0.461862 -0.245570 -0.558280 -0.441631 -0.350086 -0.128483 -0.610153 -0.301236 -0.187966 0.347698 0.175049 0.176726 0.100218 -0.289090
-0.247549 -0.556444 0.733672 0.825874 0.276710 0.645734 0.717885 0.842664 0.324271 0.365271 0.173158 0.565084 0.345263 0.616182 0.181806 0.167280 0.072153 0.273708 0.282581 -0.208692 0.430954 0.513301 0.920765 1.000000 0.565024 0.695990 0.460941 0.632686 0.452969 0.411772 0.794840 0.829081 -0.137574 -0.071648 -0.511014 -0.448128 -0.272595 -0.553036 -0.094715 -0.287329 0.343921 -0.239255 0.377020 0.031124 -0.256391 -0.330546 0.381854 0.032217 -0.104526 -0.023386 0.092101 0.109527 0.471605 0.381280 -0.252010 -0.526300 -0.288761 -0.609265 -0.565051 -0.584879 -0.582362 -0.701669 -0.247015 -0.508218 -0.198523 -0.474420 -0.640235 -0.416955 -0.481085 -0.182056 0.162478 0.685099 0.107472 0.140644 0.205321 0.155831 -0.313569 -0.510161 0.006060 -0.001714 -0.355285 -0.312898 -0.317301 -0.096781 -0.183927 -0.479624 -0.208703 -0.457648 -0.223408 -0.508787 -0.234672 -0.018201 0.304066 0.001327 -0.634956 -0.553478 -0.470435 -0.566037 -0.358962 -0.116563 -0.191525 -0.091818 -0.366680 -0.161285 -0.469186 -0.356792 -0.305215 -0.163073 -0.569040 -0.315339 -0.149742 0.355885 0.239012 0.244154 0.141348 -0.175793
-0.210076 -0.447332 0.477374 0.486740 0.624238 0.651046 0.251196 0.475891 0.719453 0.698244 0.119760 0.435811 0.203493 0.439765 0.221178 0.008693 -0.009214 0.247842 0.208674 -0.360066 0.504373 0.296626 0.646486 0.565024 1.000000 0.841340 0.324665 0.488057 0.148376 0.371581 0.447750 0.472022 -0.416951 -0.301968 -0.399393 -0.469616 -0.305932 -0.184491 0.184840 0.018554 0.126791 -0.197234 0.193485 -0.010741 -0.250166 -0.374937 0.417692 -0.057083 -0.063749 -0.116690 0.164413 0.072000 0.512122 0.245380 -0.172454 -0.068003 -0.183311 -0.297459 -0.133955 -0.273744 -0.367053 -0.406914 -0.344971 -0.285987 -0.194644 -0.331489 -0.326216 -0.285094 -0.238230 -0.052095 0.055930 0.432137 -0.059968 0.132092 0.107315 0.155709 -0.345759 -0.473049 -0.168804 0.056054 -0.533001 -0.204211 -0.347180 -0.288539 -0.348609 -0.329444 -0.042915 -0.366260 -0.268058 -0.152605 -0.252373 0.235105 0.300848 0.137794 -0.292393 -0.272338 -0.148710 -0.154818 -0.092011 0.319509 -0.354902 0.178467 -0.365452 0.141420 -0.315364 -0.155857 -0.206176 0.049583 -0.392491 -0.263361 -0.188752 0.290920 0.203752 0.342883 0.179085 0.028223
-0.215535 -0.468923 0.387623 0.547522 0.542774 0.756068 0.209558 0.559200 0.585901 0.688323 0.056139 0.413295 0.110824 0.467694 0.346876 0.250607 -0.049063 0.274229 0.135343 -0.280279 0.661571 0.558624 0.614417 0.695990 0.841340 1.000000 0.538482 0.810278 0.124684 0.357117 0.546381 0.579658 -0.397457 -0.347972 -0.264116 -0.359508 -0.328725 -0.238637 0.077721 -0.030342 0.154923 -0.212036 0.035988 -0.216381 -0.381977 -0.462238 0.345204 -0.126567 -0.268181 -0.306476 0.056699 -0.135617 0.417628 0.197359 -0.166860 -0.174644 -0.100018 -0.351817 -0.172212 -0.337246 -0.374893 -0.519459 -0.343265 -0.455337 -0.054456 -0.475089 -0.341060 -0.243825 -0.268556 -0.056770 0.059107 0.491982 -0.154913 0.088207 0.001713 0.111644 -0.359975 -0.453034 -0.161604 0.058077 -0.385899 -0.236353 -0.212664 -0.077140 -0.096939 -0.358840 0.010591 -0.178944 -0.123411 -0.266526 -0.134445 0.249264 0.400911 0.264825 -0.275840 -0.290420 -0.198637 -0.258809 -0.098491 0.290921 -0.204964 0.274753 -0.204918 0.243037 -0.227836 -0.061983 -0.176904 -0.041821 -0.332540 -0.213926 -0.093759 0.332098 0.326110 0.501712 0.267024 0.110019
-0.182252 -0.313314 0.269749 0.365591 0.662603 0.676092 0.141863 0.298698 0.385312 0.526323 -0.372183 -0.114540 -0.212810 0.055613 0.526997 0.270167 -0.379229 -0.209333 0.116921 0.245601 0.551683 0.528070 0.336892 0.460941 0.324665 0.538482 1.000000 0.702173 -0.163877 -0.079209 0.091039 0.112692 -0.462228 -0.528231 -0.055505 -0.112747 -0.294329 -0.418329 -0.018362 -0.081916 -0.019889 -0.331122 -0.222311 -0.339621 -0.366789 -0.271885 -0.014382 0.113157 -0.465407 -0.345490 -0.202379 -0.250833 0.083084 -0.027154 -0.263551 -0.314633 0.013392 -0.156862 0.051403 0.056943 -0.113222 -0.391940 -0.096119 -0.424044 0.005119 -0.487771 -0.068568 0.144623 0.085233 0.332004 -0.154375 0.073604 -0.344787 -0.335485 -0.344829 -0.141380 -0.536992 -0.278746 -0.405917 -0.324141 -0.301549 -0.452383 0.144423 0.061436 -0.070122 -0.490125 0.009802 0.078896 0.212375 -0.387344 0.408024 0.538605 0.607317 0.467026 0.016834 -0.281022 -0.227312 -0.157362 0.223492 0.114727 0.332095 0.398381 0.116138 0.490393 0.065137 0.066503 0.074811 -0.386411 0.009378 -0.018026 0.030243 0.228749 0.241807 0.542519 0.306333 0.103968
-0.131023 -0.421911 0.272817 0.472753 0.452478 0.759916 0.156059 0.485670 0.357798 0.585322 0.024978 0.249234 0.032654 0.350158 0.431596 0.469047 -0.065616 0.197689 0.049720 -0.212024 0.720305 0.682712 0.453457 0.632686 0.488057 0.810278 0.702173 1.000000 -0.001021 0.259694 0.420207 0.451609 -0.348422 -0.375581 -0.070167 -0.140684 -0.348596 -0.314553 -0.122873 -0.081393 0.095759 -0.263716 -0.164545 -0.329805 -0.413281 -0.374944 0.141839 -0.075030 -0.460379 -0.402364 -0.179448 -0.262566 0.157036 0.104640 -0.151327 -0.248639 0.025014 -0.363155 -0.125970 -0.234548 -0.232967 -0.455393 -0.196981 -0.484394 0.120399 -0.410364 -0.200717 -0.134191 -0.250624 -0.074202 0.006607 0.380965 -0.269978 -0.022610 -0.137730 0.002854 -0.409017 -0.335822 -0.163590 -0.003201 -0.207571 -0.205166 0.007755 0.128814 0.072663 -0.259969 0.070813 0.007133 0.046879 -0.256035 0.051034 0.327046 0.485078 0.297037 -0.185654 -0.268903 -0.292543 -0.289152 -0.001601 0.153387 0.006941 0.283384 -0.084410 0.299250 -0.230839 0.060101 -0.156113 -0.160711 -0.259510 -0.077919 0.018679 0.231786 0.349943 0.526156 0.415535 0.182734
-0.189001 -0.208588 0.283212 0.545289 -0.253498 0.106219 0.505579 0.406912 -0.116125 -0.181487 0.503251 0.470683 0.559096 0.489673 -0.067548 0.038688 0.495644 0.357523 0.215326 -0.014068 0.060660 0.071208 0.516360 0.452969 0.148376 0.124684 -0.163877 -0.001021 1.000000 0.650468 0.678869 0.647557 0.374684 0.296687 -0.393310 -0.438327 0.177871 -0.224845 -0.190868 -0.306330 0.513405 0.192174 0.373717 0.165499 -0.055626 -0.213706 0.193791 -0.122914 0.045548 0.169495 -0.102655 0.131959 0.217533 0.310739 -0.057831 -0.336415 -0.407697 -0.450136 -0.658272 -0.570021 -0.600309 -0.462608 -0.101009 -0.290349 -0.430080 -0.388202 -0.530585 -0.594985 -0.205075 -0.287918 0.547684 0.537849 0.802566 0.640634 0.841678 0.500981 0.411905 -0.059986 0.432579 0.402324 0.242279 0.160483 -0.052692 0.155158 0.047403 -0.067102 -0.144398 -0.400379 -0.277095 -0.338239 -0.472366 -0.371142 -0.264768 -0.274420 -0.472706 -0.216599 -0.265845 -0.254780 -0.443534 -0.202602 -0.248746 -0.321001 -0.235261 -0.441706 -0.334879 -0.387000 -0.424201 0.108950 -0.301472 -0.268136 -0.150690 0.255002 -0.023360 -0.057643 -0.164695 -0.296114
-0.254116 -0.259847 0.084914 0.539391 -0.036353 0.344268 0.300261 0.554559 0.132844 0.169879 0.500914 0.723022 0.522771 0.790802 0.073756 0.400899 0.444253 0.741202 0.102977 -0.320349 0.241471 0.249526 0.441718 0.411772 0.371581 0.357117 -0.079209 0.259694 0.650468 1.000000 0.657444 0.661983 0.140250 0.136023 -0.407335 -0.425524 -0.031184 -0.133359 -0.253024 -0.287655 0.484784 0.292887 0.255895 0.011958 -0.220170 -0.364442 0.301181 -0.192494 -0.081765 -0.030877 -0.065745 -0.068173 0.334373 0.256063 -0.127406 -0.271280 -0.393756 -0.468638 -0.538531 -0.556234 -0.598251 -0.468404 -0.316569 -0.366419 -0.437419 -0.341778 -0.449918 -0.620196 -0.264929 -0.354311 0.543730 0.638876 0.585452 0.844899 0.693183 0.537019 0.217611 -0.075743 0.251388 0.530835 0.140826 0.443159 -0.132033 0.306962 0.072816 -0.039824 -0.039808 -0.365589 -0.340496 -0.174363 -0.381622 -0.211420 0.019684 -0.023630 -0.410123 -0.234744 -0.344580 -0.206391 -0.312965 -0.012774 -0.176310 0.009039 -0.113394 -0.298134 -0.373059 -0.206893 -0.450862 0.306208 -0.295633 -0.377887 -0.158313 0.280394 0.285674 0.108985 -0.012036 -0.242611
-0.268678 -0.477589 0.469394 0.752864 -0.003940 0.489360 0.642642 0.786255 0.180794 0.196412 0.379955 0.694641 0.575278 0.728486 0.116682 0.255771 0.289155 0.424294 0.161343 -0.369369 0.343407 0.433151 0.774240 0.794840 0.447750 0.546381 0.091039 0.420207 0.678869 0.657444 1.000000 0.964713 0.013411 0.061187 -0.574535 -0.567288 -0.194243 -0.408262 -0.195817 -0.349147 0.450906 0.037653 0.475003 0.132071 -0.211160 -0.336601 0.465143 0.021833 -0.102004 0.056607 0.043941 0.125149 0.480284 0.468939 -0.210822 -0.419803 -0.414642 -0.652984 -0.625866 -0.642521 -0.687335 -0.692621 -0.357486 -0.546697 -0.371084 -0.435095 -0.657078 -0.593312 -0.489387 -0.288912 0.464792 0.805738 0.421492 0.489360 0.482009 0.389969 -0.057192 -0.387214 0.162609 0.249834 -0.154145 -0.111810 -0.286024 0.018624 -0.142118 -0.306388 -0.118926 -0.470699 -0.347365 -0.398799 -0.380717 -0.124189 0.149718 0.008208 -0.666888 -0.434062 -0.464601 -0.452559 -0.428358 0.018230 -0.214263 -0.085387 -0.259897 -0.299818 -0.388590 -0.299427 -0.377212 0.088183 -0.494567 -0.374609 -0.202284 0.475898 0.359800 0.164052 -0.028896 -0.203463
-0.307615 -0.469086 0.479529 0.734532 0.025777 0.482565 0.621795 0.811121 0.188218 0.230079 0.342100 0.728250 0.506502 0.761869 0.082362 0.223247 0.244070 0.464403 0.175150 -0.357575 0.345244 0.466889 0.776068 0.829081 0.472022 0.579658 0.112692 0.451609 0.647557 0.661983 0.964713 1.000000 0.001271 0.121771 -0.514143 -0.461162 -0.160179 -0.411304 -0.197332 -0.329504 0.521210 -0.035871 0.430660 0.069377 -0.133863 -0.270170 0.443149 -0.030151 -0.060974 0.066055 0.070383 0.072763 0.474724 0.397819 -0.203797 -0.454708 -0.414690 -0.607963 -0.597742 -0.633323 -0.648745 -0.704086 -0.374233 -0.546831 -0.306916 -0.449839 -0.610721 -0.524629 -0.453553 -0.241131 0.445230 0.857865 0.398994 0.484256 0.450779 0.433777 -0.069292 -0.340083 0.149553 0.245468 -0.211696 -0.085029 -0.286483 -0.006766 -0.169787 -0.341123 -0.175656 -0.464120 -0.343431 -0.451400 -0.383753 -0.178456 0.124963 -0.046668 -0.642738 -0.419155 -0.447573 -0.500529 -0.420201 -0.069133 -0.267297 -0.129947 -0.316064 -0.311982 -0.433073 -0.352184 -0.378673 0.097429 -0.485765 -0.374635 -0.198559 0.401940 0.297555 0.152107 -0.044526 -0.213140
0.338213 0.437852 0.020187 0.074901 -0.575039 -0.401297 0.159258 -0.063877 -0.506743 -0.586405 0.218125 0.099836 0.049741 -0.048230 -0.510042 -0.148603 0.370515 0.236254 0.221469 0.271872 -0.379791 -0.184164 -0.071011 -0.137574 -0.416951 -0.397457 -0.462228 -0.348422 0.374684 0.140250 0.013411 0.001271 1.000000 0.725968 -0.039981 -0.030101 0.297457 0.086744 0.042167 0.047755 0.188708 0.340927 -0.011185 -0.133064 0.142056 -0.077367 -0.236178 -0.396515 0.154743 0.052377 -0.136888 -0.129538 -0.148216 -0.175442 0.241002 0.040962 0.156331 0.137444 -0.297453 -0.212665 -0.004072 0.075658 0.438361 0.072664 -0.014484 -0.065599 0.004497 -0.259965 0.070625 -0.219721 -0.036661 -0.118124 0.407364 0.222541 0.404053 -0.090969 0.488100 0.090270 0.558100 0.465828 0.466964 0.371758 -0.079562 0.253447 0.253028 0.224181 0.035312 -0.133838 0.102361 0.163173 -0.535466 -0.673385 -0.591790 -0.440158 -0.107712 0.208442 0.050908 -0.006732 -0.463330 -0.395506 -0.272580 -0.267231 -0.001461 -0.324152 -0.066343 -0.113695 -0.170096 0.133653 -0.075426 -0.044714 -0.062879 -0.241416 -0.256548 -0.357645 -0.196559 -0.285052
0.283568 0.458738 0.048910 -0.030488 -0.590711 -0.483952 0.133801 0.029172 -0.456559 -0.456373 0.282591 0.252995 0.102108 0.070265 -0.477192 -0.259683 0.299876 0.244757 0.005170 0.101468 -0.387756 -0.219116 -0.030574 -0.071648 -0.301968 -0.347972 -0.528231 -0.375581 0.296687 0.136023 0.061187 0.121771 0.725968 1.000000 0.074754 0.186570 0.342897 0.139118 -0.008423 -0.037567 0.238701 0.178719 0.013734 -0.044214 0.190831 0.089917 -0.259675 -0.374254 0.179594 0.080590 -0.040882 -0.095674 -0.179334 -0.246005 0.113076 -0.120624 0.035506 0.194499 -0.140355 -0.137814 0.072036 0.110866 0.178870 0.216351 0.118186 0.065623 -0.031189 -0.099844 -0.130491 -0.277809 0.074401 0.088149 0.381749 0.288120 0.361211 0.156413 0.500340 0.304364 0.557580 0.325626 0.282244 0.368413 -0.094028 0.002275 0.082052 0.149775 0.009935 -0.032597 -0.113557 -0.007265 -0.522719 -0.725427 -0.656488 -0.571155 -0.066541 0.208313 0.061927 -0.072642 -0.522088 -0.575028 -0.382762 -0.434980 -0.108389 -0.459787 -0.124932 -0.178592 0.054468 0.135635 -0.064211 0.000833 -0.094704 -0.364941 -0.413060 -0.374164 -0.201963 -0.112171
0.020596 0.222349 -0.507319 -0.616206 -0.080848 -0.351532 -0.580776 -0.637266 -0.303646 -0.070812 -0.144663 -0.493739 -0.436722 -0.561743 -0.148889 -0.176203 -0.125286 -0.254243 -0.308509 0.202120 -0.204169 -0.200654 -0.637557 -0.511014 -0.399393 -0.264116 -0.055505 -0.070167 -0.393310 -0.407335 -0.574535 -0.514143 -0.039981 0.074754 1.000000 0.752720 0.262922 0.491448 0.052064 0.265373 -0.197274 -0.031410 -0.368958 -0.053668 0.163637 0.344924 -0.234262 0.159470 -0.199444 -0.135440 -0.084701 -0.185848 -0.433417 -0.411942 0.177926 0.317563 0.157393 0.470763 0.367306 0.461714 0.414507 0.348459 0.063790 0.231689 0.402787 0.313269 0.621674 0.632449 0.397519 0.228860 -0.246743 -0.471267 -0.308188 -0.252381 -0.292587 -0.065663 0.201184 0.555210 -0.187629 -0.130929 0.276027 0.107082 0.439249 0.121777 0.309929 0.309169 0.063121 0.602181 0.140811 0.112423 0.405037 0.059756 -0.151617 -0.045392 0.609651 0.491356 0.427214 0.363105 0.397686 -0.093233 0.019455 -0.043467 0.030078 0.155821 0.203503 0.312331 0.406010 -0.220466 0.557038 0.395153 0.504830 -0.204957 -0.236220 -0.088841 0.147835 0.448513
-0.046594 0.234985 -0.448399 -0.598527 -0.134498 -0.382406 -0.497976 -0.516151 -0.350285 -0.226228 -0.198838 -0.448064 -0.365310 -0.436251 -0.158464 -0.277235 -0.243343 -0.222846 -0.365254 0.168080 -0.210815 -0.115574 -0.562631 -0.448128 -0.469616 -0.359508 -0.112747 -0.140684 -0.438327 -0.425524 -0.567288 -0.461162 -0.030101 0.186570 0.752720 1.000000 0.298222 0.341136 0.036016 0.227141 -0.173863 -0.100622 -0.299127 -0.028072 0.429229 0.565972 -0.242513 0.103027 0.070373 0.075606 0.054339 -0.088857 -0.365011 -0.377813 0.322716 0.273502 0.077941 0.358881 0.385402 0.462727 0.430545 0.434050 -0.011854 0.299263 0.384904 0.388460 0.581399 0.687799 0.321633 0.270588 -0.182353 -0.363851 -0.242097 -0.253591 -0.313436 -0.105985 0.162879 0.541620 -0.092939 -0.213367 0.075990 0.078939 0.360899 0.000010 0.092091 0.205480 0.097817 0.456164 0.088042 0.102714 0.326714 -0.101381 -0.232764 -0.217985 0.517543 0.445484 0.411650 0.336915 0.294205 -0.297027 0.072845 -0.206418 0.027325 0.026524 0.118040 0.147569 0.329935 -0.044436 0.466749 0.391956 0.431237 -0.411329 -0.400624 -0.128419 0.102983 0.335745
