1.000000 0.022547 -0.033063 -0.634292 0.169283 -0.350827 0.159555 -0.319825 -0.032250 -0.031136 0.543638 0.334572 0.529205 0.501171 0.106739 -0.070860 0.453886 0.427925 0.446724 0.350502 -0.472765 -0.253282 -0.347696 -0.486403 -0.331001 -0.656472 -0.305401 -0.477116 0.647606 0.427887 -0.172731 -0.333883 0.425969 0.331709 -0.104707 -0.218825 0.020725 -0.480880 -0.161001 -0.404134 0.121241 0.034469 -0.071419 -0.256799 0.137527 -0.059358 -0.134163 -0.284712 0.013472 0.183761 -0.374113 -0.174077 0.092939 -0.092810 0.188638 0.003133 0.297744 -0.186291 0.447989 -0.135497 0.678014 0.389708 0.554980 0.486688 0.095038 -0.084275 0.203287 -0.409151 0.123268 -0.273258 -0.206461 -0.345038 0.566527 -0.098550 0.338601 0.126068 0.331646 -0.213223 0.080959 0.312155 0.460462 0.444652 0.040454 0.105725 0.017263 -0.272351 -0.125039 -0.357674 -0.266739 -0.071403 -0.331864 -0.124131 -0.356929 -0.257045 -0.139772 0.021680 -0.383962 -0.416113 -0.026771 0.126655 -0.089798 0.435721 -0.192136 -0.251360 -0.415695 0.041294 -0.229308 0.210517 -0.039791 0.209364 -0.626176 -0.096122 -0.069205 -0.066042 -0.010508 -0.136419
0.022547 1.000000 -0.039067 0.101772 0.067491 0.168135 0.003055 0.099628 0.142573 0.196694 -0.119593 -0.029721 -0.072399 0.085133 -0.099212 0.002062 -0.025171 0.275045 -0.039247 0.202609 -0.102969 -0.368211 -0.129104 -0.131143 0.065787 -0.118064 0.014154 -0.043555 -0.080236 0.090912 -0.364481 -0.417982 -0.092828 -0.224625 -0.425274 -0.359433 -0.124509 -0.152364 -0.197601 0.067232 0.031887 0.041920 -0.218277 -0.177592 -0.184094 -0.265702 -0.074162 0.054316 0.118275 0.029025 -0.054289 0.511503 0.131867 0.415363 -0.154619 -0.038317 -0.125025 0.416519 0.166108 0.421829 -0.137136 0.395924 0.084985 0.436350 -0.253481 0.053008 -0.301603 -0.381475 0.001734 0.153417 -0.161314 -0.196458 0.016430 0.101866 -0.175139 -0.324799 -0.126487 0.169958 0.189829 -0.015693 -0.110014 0.025405 -0.002372 -0.051188 -0.265600 -0.305480 -0.057459 -0.177353 -0.208384 0.016837 0.229511 0.085176 0.006510 0.090274 0.154504 -0.018674 -0.078362 0.234793 0.418188 0.131096 0.187044 0.180860 0.165654 0.327287 0.320826 0.449432 0.314617 0.106301 0.319051 -0.036489 -0.089922 0.271315 0.263225 0.202462 0.130883 0.344237
-0.033063 -0.039067 1.000000 0.301974 0.327557 0.232819 0.707375 0.285626 0.282059 0.028817 -0.173960 -0.214448 -0.092199 -0.235182 -0.065350 -0.073890 -0.370529 -0.407481 0.088362 -0.161678 0.020098 -0.085325 0.346297 0.182395 0.458617 0.291945 0.226246 0.246430 -0.355968 -0.384913 0.046824 -0.112929 -0.380367 -0.246763 -0.140497 0.253126 -0.295292 -0.169116 -0.124180 -0.035617 -0.166960 -0.215590 -0.096289 -0.079685 0.035011 0.040136 -0.174811 -0.047329 0.179355 -0.210902 0.275471 0.103854 -0.128275 -0.060409 -0.108385 -0.115495 -0.366107 -0.138777 0.020428 -0.117991 -0.141542 -0.271454 -0.324765 -0.318579 0.370545 0.095514 -0.034473 0.290688 -0.124328 0.042555 0.204926 0.003042 -0.331390 -0.351229 -0.255915 -0.454596 -0.437108 -0.180555 -0.202135 -0.345884 -0.321126 -0.244620 -0.020859 -0.149451 -0.095917 0.104973 0.076596 0.013849 0.379997 0.244883 -0.085764 -0.015824 -0.050397 0.285533 -0.023346 -0.155527 -0.024040 0.125615 -0.324423 -0.231923 -0.280718 -0.093302 -0.259695 0.258794 -0.072934 0.078159 -0.081051 -0.199922 0.082123 -0.037195 0.288864 0.263809 0.064464 -0.001600 -0.009909 0.056573
-0.634292 0.101772 0.301974 1.000000 0.068248 0.588143 0.111318 0.574504 0.335719 0.188327 -0.408232 -0.274008 -0.634878 -0.451903 -0.004664 0.069782 -0.559099 -0.584382 -0.365122 -0.180918 0.447610 0.122546 0.594660 0.799064 0.573740 0.782859 0.434102 0.567034 -0.747020 -0.592408 0.109682 0.282902 -0.544310 -0.338126 -0.078085 0.312413 -0.164310 0.139368 0.039638 0.291987 -0.161241 -0.068382 -0.350606 -0.196671 -0.484877 -0.279948 -0.210578 -0.035484 -0.149677 -0.452529 0.349004 0.188847 -0.126026 0.069904 -0.427345 -0.254597 -0.239468 0.087480 -0.411614 0.083467 -0.662879 -0.296961 -0.568705 -0.359556 0.057073 0.190890 -0.277123 0.304874 0.039642 0.368895 0.130597 0.197319 -0.716228 -0.133378 -0.417346 -0.306114 -0.524973 0.036930 -0.244633 -0.438585 -0.507497 -0.481987 0.230915 0.065585 0.129236 0.426081 0.340506 0.380759 0.346376 0.405783 0.339552 0.086760 0.524794 0.432146 0.005246 -0.155862 -0.046930 0.283021 -0.136148 -0.218485 -0.018348 -0.296112 0.009402 0.423146 0.245249 0.068697 0.320971 -0.174682 -0.012082 -0.208971 0.464968 0.173006 0.002800 -0.067987 0.011109 0.162326
0.169283 0.067491 0.327557 0.068248 1.000000 0.416932 0.644962 0.485957 0.781877 0.529573 0.009427 0.524597 0.447988 0.383101 0.351438 0.484890 -0.203463 -0.018611 -0.205890 -0.076708 -0.177382 -0.454728 -0.223452 -0.009927 0.314929 0.025965 0.225983 -0.144804 -0.064285 0.233196 -0.200620 -0.323703 -0.202159 -0.120937 -0.298294 0.175108 -0.175901 -0.361779 -0.178419 -0.226451 -0.197336 -0.199465 -0.353798 -0.481020 0.094767 -0.029084 -0.319805 -0.270170 0.359215 0.081297 -0.014662 0.168045 0.074426 0.013668 -0.119229 -0.329428 -0.334494 -0.346039 0.296287 -0.156785 0.253607 0.377137 -0.169195 -0.074602 0.562364 0.525082 -0.224691 -0.065138 -0.228160 -0.183580 -0.115382 -0.075967 0.056190 -0.263300 -0.207492 -0.080617 -0.165941 -0.217292 -0.371990 -0.196782 -0.265657 -0.300535 -0.201098 -0.006031 -0.432084 -0.243855 -0.194789 -0.289802 0.015068 0.112839 0.344206 0.323161 0.424605 0.373560 -0.071874 -0.028894 -0.449696 -0.134843 -0.041318 -0.150090 0.285657 0.120742 -0.035636 -0.009274 -0.107019 -0.000958 0.054914 0.011245 -0.100106 -0.003282 -0.227291 0.209105 -0.084630 0.060192 -0.092734 0.111990
-0.350827 0.168135 0.232819 0.588143 0.416932 1.000000 0.281533 0.542936 0.486915 0.274540 -0.365856 -0.065157 -0.177870 -0.152276 0.178074 0.171527 -0.463095 -0.282607 -0.528849 -0.306760 0.511413 0.011866 0.261597 0.447703 0.702343 0.640414 0.747565 0.574521 -0.661283 -0.283798 -0.340510 -0.250131 -0.549165 -0.664291 -0.192958 0.046224 -0.380822 -0.042759 -0.056504 0.140309 -0.443536 -0.157866 -0.268144 -0.222767 -0.156863 -0.074041 -0.266310 -0.143984 0.252524 -0.115488 0.429582 0.296345 0.077357 0.079936 -0.057853 -0.183812 -0.324376 -0.062974 0.144098 0.028840 -0.149832 0.027698 -0.383561 -0.063925 0.324143 0.444451 -0.289984 0.272655 -0.250863 0.153849 -0.015226 -0.155858 -0.462975 -0.152878 -0.375222 -0.192028 -0.464683 -0.402308 -0.496995 -0.265538 -0.515456 -0.464476 -0.235923 -0.281982 -0.104439 0.176764 0.132191 0.310814 0.367789 0.356840 0.399018 0.122222 0.523535 0.371525 -0.003197 -0.012456 -0.179478 0.083926 0.064898 -0.173868 0.126770 -0.255428 -0.040745 0.263730 0.102604 0.021594 0.250637 -0.048759 0.014886 -0.220193 0.150749 0.171529 0.014030 -0.022069 -0.114506 0.155452
0.159555 0.003055 0.707375 0.111318 0.644962 0.281533 1.000000 0.521677 0.645277 0.322482 0.038390 0.323998 0.348907 0.181049 0.213577 0.270792 -0.196605 -0.132180 -0.074814 -0.157538 -0.232579 -0.435103 -0.078875 -0.015289 0.280229 -0.005010 0.124248 -0.098124 -0.072031 0.028923 -0.147477 -0.297219 -0.222624 -0.126678 -0.235244 0.146728 -0.342823 -0.415520 -0.326809 -0.290632 -0.245618 -0.301958 -0.300498 -0.337226 0.071706 0.019742 -0.293431 -0.266120 0.268293 -0.088859 0.172267 0.106461 -0.073104 -0.012875 -0.197225 -0.326234 -0.395418 -0.295292 0.239209 -0.198571 0.130212 0.160266 -0.091727 -0.106902 0.629844 0.425567 -0.051205 0.157172 -0.314536 -0.277635 -0.102934 -0.170880 -0.006224 -0.275068 -0.115847 -0.227663 -0.153369 -0.321801 -0.208747 -0.272638 -0.200377 -0.245689 -0.186512 -0.020745 -0.216537 -0.008513 -0.113058 -0.230819 0.236429 0.129384 -0.026556 -0.064435 0.193889 0.242071 -0.153454 -0.028973 -0.287005 -0.101563 -0.254908 -0.364861 0.007554 0.048048 -0.309460 -0.060582 -0.205389 -0.060686 0.030182 -0.035052 -0.073473 0.072815 -0.133693 0.167758 -0.069058 -0.047070 0.047789 0.069401
-0.319825 0.099628 0.285626 0.574504 0.485957 0.542936 0.521677 1.000000 0.600358 0.648058 -0.420120 0.290299 -0.002114 0.185571 0.046107 0.382850 -0.370728 -0.300213 -0.589153 -0.448840 -0.069271 -0.335117 -0.111567 0.270309 0.283094 0.297854 0.099803 -0.049257 -0.477645 -0.128301 -0.196837 -0.134667 -0.393790 -0.282078 -0.207286 0.283300 -0.222109 -0.265239 -0.115561 0.074023 -0.254244 -0.263298 -0.298457 -0.265861 -0.075259 0.039736 -0.061581 -0.057652 0.083271 -0.075126 0.196536 0.197956 -0.047233 0.020040 -0.310425 -0.149999 -0.408556 -0.259989 -0.180757 -0.022664 -0.132199 0.275059 -0.284088 -0.186860 0.383201 0.770451 -0.341965 0.181411 -0.357375 -0.141051 -0.279874 -0.082598 -0.293726 -0.247166 -0.345976 -0.222095 -0.307437 -0.165608 -0.321147 -0.409264 -0.392075 -0.516265 -0.284444 -0.041434 -0.294818 0.022111 -0.169583 -0.138907 0.196519 0.212442 0.394372 -0.031628 0.667521 0.354625 0.011445 0.033676 -0.096580 0.201201 0.081498 -0.177623 0.233268 -0.001675 -0.107258 0.265768 0.081985 0.050579 0.287584 -0.198515 0.011369 -0.000086 0.084364 0.232367 -0.070186 -0.079558 0.121616 0.174232
-0.032250 0.142573 0.282059 0.335719 0.781877 0.486915 0.645277 0.600358 1.000000 0.573717 -0.049699 0.385029 0.195923 0.209223 0.405359 0.537895 -0.409790 -0.175370 -0.293299 -0.173465 0.027512 -0.491933 -0.058687 0.188567 0.374374 0.185750 0.257295 0.004401 -0.273808 -0.054540 -0.084725 -0.189110 -0.369654 -0.238831 -0.325821 0.163520 -0.397363 -0.366926 -0.311614 -0.209735 -0.317374 -0.200888 -0.409813 -0.458374 -0.041843 -0.044447 -0.340803 -0.353489 0.308445 -0.004495 0.219894 0.301893 0.086118 0.047502 -0.407036 -0.502187 -0.459131 -0.352149 0.203929 -0.048374 0.004233 0.353866 -0.279695 -0.055907 0.554105 0.564906 -0.263839 0.033327 -0.325413 -0.192926 -0.033569 -0.060700 -0.156094 -0.212422 -0.313503 -0.263770 -0.276424 -0.196136 -0.316874 -0.378116 -0.469459 -0.508472 -0.057657 0.135518 -0.282958 0.046750 -0.068929 -0.113031 0.125540 0.211620 0.420034 0.304370 0.607396 0.533857 -0.150277 -0.043920 -0.429637 -0.168550 -0.096654 -0.370850 0.356577 0.048619 0.121771 0.117996 0.022451 -0.073105 0.348916 -0.017119 -0.149651 -0.115775 -0.133936 0.130548 -0.127985 -0.133506 -0.117758 0.210745
-0.031136 0.196694 0.028817 0.188327 0.529573 0.274540 0.322482 0.648058 0.573717 1.000000 -0.186460 0.436964 0.202154 0.447603 -0.019361 0.504560 -0.149834 0.013358 -0.202051 -0.045872 -0.273318 -0.455505 -0.378282 0.061858 -0.006631 -0.090501 -0.204548 -0.415355 -0.102003 0.244901 -0.196255 -0.150615 -0.106426 -0.021413 -0.332828 0.092740 -0.124827 -0.381687 -0.236743 -0.083885 -0.155119 -0.102109 -0.161469 -0.266841 0.140513 0.091241 0.102193 -0.050118 0.220473 0.273748 -0.161908 0.314717 -0.039252 0.138941 -0.314320 -0.080300 -0.185906 -0.286677 0.025884 0.047826 0.107016 0.565037 0.006363 0.080641 0.128625 0.522900 -0.407637 -0.324202 -0.197726 -0.207244 -0.341708 -0.244188 0.103881 -0.050387 -0.118223 -0.176866 -0.062157 -0.011232 -0.302348 -0.202948 -0.261019 -0.346340 -0.273753 0.277600 -0.463460 -0.304916 -0.268720 -0.340165 -0.218831 -0.132272 0.423853 0.168878 0.460336 0.243816 -0.010937 0.025343 -0.252578 0.040293 0.376872 0.203831 0.526529 0.150715 0.142861 0.248005 0.125132 0.144806 0.286892 -0.023829 -0.140674 -0.051638 -0.271748 0.330352 0.138498 0.065016 -0.003895 0.370165
0.543638 -0.119593 -0.173960 -0.408232 0.009427 -0.365856 0.038390 -0.420120 -0.049699 -0.186460 1.000000 0.358960 0.427148 0.240944 0.381624 -0.035670 0.432161 0.331582 0.515898 0.452375 -0.295230 -0.100966 0.018401 -0.124402 -0.292321 -0.405858 -0.133374 -0.234953 0.612948 0.350663 0.160348 0.073010 0.364034 0.309802 0.147646 -0.223075 0.131252 -0.270938 -0.244139 -0.393529 0.128549 0.056812 -0.056268 -0.083379 0.072509 -0.095249 -0.100078 -0.305078 -0.005596 0.004860 -0.225490 -0.278322 -0.035719 -0.085178 -0.000258 -0.234761 0.291068 -0.099573 0.206962 -0.242141 0.189441 0.036691 0.322962 0.082532 0.043422 -0.229083 0.213182 -0.206931 0.163505 -0.213079 -0.098077 -0.235096 0.463533 0.229394 0.513233 0.446943 0.297249 -0.230031 0.108375 0.242592 0.460014 0.410708 0.415546 0.234419 0.466005 0.027407 0.219818 -0.116846 -0.206522 -0.255566 -0.357388 -0.042893 -0.200401 -0.215377 -0.317695 0.042605 -0.352107 -0.470572 -0.107168 -0.096223 0.028535 0.072590 -0.249646 -0.498075 -0.421052 -0.226217 -0.222490 0.123915 -0.223793 0.062230 -0.441023 -0.205508 -0.075658 -0.106540 -0.222845 -0.314948
0.334572 -0.029721 -0.214448 -0.274008 0.524597 -0.065157 0.323998 0.290299 0.385029 0.436964 0.358960 1.000000 0.637710 0.808189 0.485240 0.603428 0.215126 0.321544 -0.122103 0.036432 -0.421792 -0.390314 -0.466320 -0.203303 -0.349111 -0.456447 -0.175913 -0.521441 0.471411 0.659203 -0.137952 -0.123142 0.190581 0.146229 -0.124536 -0.163118 0.076389 -0.483495 -0.228070 -0.296220 -0.033526 -0.182546 -0.226825 -0.335096 0.146571 0.052315 -0.110817 -0.251081 0.131036 0.220702 -0.274843 -0.093107 -0.020704 -0.113720 -0.087789 -0.111085 -0.115699 -0.428993 0.206217 -0.158718 0.389006 0.659581 0.262332 0.122052 0.342448 0.535778 -0.170162 -0.198010 -0.315390 -0.552971 -0.334654 -0.213576 0.462103 -0.084751 0.154828 0.369573 0.196890 -0.119426 -0.052833 0.032703 0.168562 0.060924 -0.169359 0.392155 -0.151158 -0.152345 -0.426211 -0.499399 -0.159829 -0.060928 0.086524 -0.081744 0.327686 -0.160519 -0.225027 0.238028 -0.327951 -0.275131 0.108970 -0.138422 0.303278 0.078211 -0.221002 -0.446934 -0.358689 -0.185742 -0.143221 0.050123 -0.107757 0.301941 -0.523562 -0.091022 -0.234046 -0.058822 -0.029489 -0.179066
0.529205 -0.072399 -0.092199 -0.634878 0.447988 -0.177870 0.348907 -0.002114 0.195923 0.202154 0.427148 0.637710 1.000000 0.709505 0.412445 0.243729 0.331373 0.433421 0.086275 0.037813 -0.498310 -0.374371 -0.580656 -0.603985 -0.249138 -0.559867 -0.214046 -0.548770 0.573479 0.645295 -0.222262 -0.387766 0.277426 0.225865 0.009769 -0.059264 -0.080215 -0.375605 -0.261406 -0.425907 -0.028501 -0.049458 -0.006222 -0.133311 0.446177 0.212395 -0.027146 -0.147914 0.350568 0.380773 -0.220766 -0.128009 0.161448 -0.093045 0.327589 -0.046996 -0.092375 -0.325916 0.405384 -0.307756 0.699556 0.469486 0.338686 0.126935 0.465058 0.305720 0.013629 -0.146683 -0.230863 -0.465127 -0.392517 -0.267802 0.599004 0.091482 0.312948 0.334961 0.299377 -0.215534 -0.122277 0.170056 0.228405 0.186270 -0.290411 -0.053676 -0.256804 -0.440025 -0.319356 -0.539218 -0.036691 -0.195404 -0.127425 -0.053901 -0.114914 -0.139723 -0.194829 0.199601 -0.299739 -0.367941 0.009801 -0.080130 0.145850 0.215011 -0.151576 -0.422355 -0.282747 -0.239578 -0.212596 0.133321 -0.096074 0.102087 -0.501217 -0.092284 -0.110382 -0.072958 0.094670 -0.156586
0.501171 0.085133 -0.235182 -0.451903 0.383101 -0.152276 0.181049 0.185571 0.209223 0.447603 0.240944 0.808189 0.709505 1.000000 0.269247 0.472816 0.230804 0.495251 -0.011651 0.053131 -0.500118 -0.452542 -0.615069 -0.452528 -0.412257 -0.635005 -0.337631 -0.658877 0.477805 0.676665 -0.248494 -0.271264 0.220154 0.148814 -0.184670 -0.204335 -0.086151 -0.581897 -0.295540 -0.321765 -0.090082 -0.066862 0.005638 -0.146144 0.329588 0.209624 0.109606 -0.058776 0.285605 0.478249 -0.293916 0.043640 0.145572 -0.022571 0.147753 0.108812 -0.123768 -0.511992 0.320265 -0.136814 0.585208 0.789988 0.364062 0.279324 0.211990 0.440685 -0.216605 -0.357734 -0.357184 -0.595870 -0.352273 -0.317667 0.543077 -0.015386 0.181665 0.255681 0.207148 -0.080851 -0.033671 0.095377 0.109000 0.058374 -0.368765 0.249529 -0.366464 -0.432659 -0.559068 -0.631533 -0.245721 -0.058688 0.112113 -0.047575 0.108558 -0.239605 -0.083806 0.181828 -0.275510 -0.267407 0.296173 0.086076 0.280119 0.241633 -0.079025 -0.310285 -0.206330 -0.023623 -0.102393 0.174496 0.016027 0.202685 -0.606875 0.050526 -0.015618 -0.072373 0.010520 -0.046295
0.106739 -0.099212 -0.065350 -0.004664 0.351438 0.178074 0.213577 0.046107 0.405359 -0.019361 0.381624 0.485240 0.412445 0.269247 1.000000 0.373552 -0.145058 0.068669 -0.161173 -0.106992 0.096425 -0.145984 0.225535 0.090086 0.211967 0.063728 0.388309 0.161586 0.086665 0.100155 -0.003041 -0.123849 -0.151282 -0.179145 -0.040239 -0.142705 -0.072199 -0.141203 -0.171174 -0.104787 -0.136067 -0.003145 -0.411842 -0.376332 -0.227297 -0.296014 -0.389251 -0.409766 0.174897 -0.219782 0.266535 0.022279 0.116553 -0.089826 -0.024298 -0.368017 -0.136666 -0.160957 0.207825 -0.218702 0.077515 0.256773 -0.242586 -0.029882 0.619373 0.349583 -0.214415 -0.015947 -0.117398 -0.226606 -0.202035 -0.002089 -0.070891 0.012568 -0.002993 0.293537 -0.069395 -0.140585 -0.218672 -0.153321 -0.126350 -0.027996 0.181167 0.216273 0.175334 0.158846 -0.104032 -0.098147 0.382483 0.295129 0.052961 0.169604 0.310616 0.275652 -0.292702 0.126347 -0.442777 -0.258489 -0.294673 -0.421876 -0.027615 -0.214132 -0.173117 -0.375554 -0.348290 -0.303696 -0.032502 0.064036 -0.077631 0.052154 -0.236585 -0.279160 -0.335159 -0.211373 -0.105739 -0.385069
-0.070860 0.002062 -0.073890 0.069782 0.484890 0.171527 0.270792 0.382850 0.537895 0.504560 -0.035670 0.603428 0.243729 0.472816 0.373552 1.000000 -0.245172 -0.000922 -0.279671 -0.235853 0.009542 -0.237735 -0.222157 -0.023849 -0.064811 -0.111532 0.086865 -0.133968 -0.067569 0.205434 -0.014108 -0.032122 -0.103283 -0.094280 -0.180615 -0.035825 -0.246668 -0.385165 -0.249817 -0.145870 -0.294835 -0.415133 -0.073817 -0.106086 0.029594 0.087771 0.046898 -0.075835 0.349983 0.192401 0.120628 0.280597 0.037160 0.037977 -0.273818 -0.095947 -0.334597 -0.449669 0.156563 -0.049951 0.033943 0.499285 -0.130252 -0.074150 0.310264 0.522084 -0.392553 -0.092777 -0.363793 -0.475019 -0.072691 -0.049610 -0.066292 -0.199128 -0.186803 0.136057 -0.134056 -0.148458 -0.220948 -0.230478 -0.337454 -0.372797 -0.149304 0.488094 -0.287151 0.049483 -0.328723 -0.186586 0.025204 0.139750 0.289401 0.112410 0.485937 0.067641 -0.224393 0.070754 -0.104298 -0.166920 -0.004341 -0.116263 0.294154 -0.186998 0.007487 -0.276064 -0.024757 -0.162616 0.205845 0.097379 -0.166310 0.089254 -0.259882 0.048178 -0.058668 0.103759 -0.130539 -0.022508
0.453886 -0.025171 -0.370529 -0.559099 -0.203463 -0.463095 -0.196605 -0.370728 -0.409790 -0.149834 0.432161 0.215126 0.331373 0.230804 -0.145058 -0.245172 1.000000 0.527975 0.377075 0.507353 -0.432919 -0.043704 -0.474742 -0.450586 -0.486857 -0.514018 -0.420797 -0.491867 0.733025 0.521328 0.065972 0.010402 0.746093 0.535035 0.124904 -0.185583 0.461351 -0.127292 0.117552 -0.133490 0.431997 0.038530 0.013362 0.024588 0.103287 -0.022992 -0.101202 0.007291 -0.420670 0.061746 -0.694267 -0.590938 -0.337378 -0.386931 0.295661 0.134216 0.635705 0.303814 -0.123484 -0.082619 0.441837 0.037135 0.846531 0.297036 -0.312905 -0.321687 0.363759 -0.161132 0.237554 -0.103914 -0.234269 -0.333718 0.703559 0.234209 0.633871 0.311608 0.544786 0.041144 0.549425 0.688245 0.877451 0.782949 0.099360 -0.052156 0.152055 -0.258908 0.119930 -0.295082 -0.386642 -0.509400 -0.517197 -0.215700 -0.437095 -0.553688 0.019494 0.334783 -0.021355 -0.150530 0.224673 0.401428 -0.085080 0.354626 -0.117225 -0.300741 -0.341097 -0.027678 -0.403730 -0.009746 0.102102 0.253511 -0.258450 -0.069623 -0.133735 0.059748 0.110666 -0.050149
0.427925 0.275045 -0.407481 -0.584382 -0.018611 -0.282607 -0.132180 -0.300213 -0.175370 0.013358 0.331582 0.321544 0.433421 0.495251 0.068669 -0.000922 0.527975 1.000000 0.303625 0.335619 -0.281693 -0.302241 -0.506829 -0.580445 -0.342493 -0.596738 -0.216776 -0.440480 0.603812 0.702596 -0.209748 -0.352720 0.489845 0.231407 -0.221652 -0.605237 0.203678 -0.150871 -0.210114 -0.187015 0.094156 0.188510 0.117746 0.015156 0.145576 -0.077357 0.105851 -0.092537 0.057617 0.313834 -0.361044 0.075415 0.130033 0.228475 0.217957 0.111652 0.219012 0.124846 0.215231 0.134836 0.273990 0.439992 0.548657 0.469948 -0.250168 -0.195784 -0.006991 -0.542368 0.013202 -0.237241 -0.241915 -0.452024 0.712490 0.427541 0.466252 0.295635 0.568509 -0.043901 0.407785 0.640502 0.404430 0.523481 -0.312123 -0.058020 -0.191963 -0.515856 -0.373614 -0.389433 -0.464293 -0.421100 -0.090725 0.148015 -0.172771 -0.352075 0.015589 0.140634 -0.183778 -0.143476 0.475913 0.334464 0.269339 0.433541 0.018155 -0.281646 -0.110997 0.048784 -0.119671 0.196250 0.010912 0.087279 -0.569323 0.109159 0.211425 0.099849 -0.027929 -0.097965
0.446724 -0.039247 0.088362 -0.365122 -0.205890 -0.528849 -0.074814 -0.589153 -0.293299 -0.202051 0.515898 -0.122103 0.086275 -0.011651 -0.161173 -0.279671 0.377075 0.303625 1.000000 0.633740 -0.260801 0.007024 0.020822 -0.233839 -0.293508 -0.386785 -0.364877 -0.267799 0.568163 0.173451 0.280461 0.113353 0.497838 0.534069 0.206741 -0.118282 0.159877 -0.122878 -0.142255 -0.167857 0.348482 0.207265 0.056980 -0.050416 0.130624 -0.116139 -0.019467 -0.215601 -0.082216 0.052977 -0.464300 -0.215145 -0.129634 -0.080918 -0.016091 -0.017561 0.267078 0.122023 0.160799 0.105567 0.112706 -0.106838 0.309204 0.039242 -0.308647 -0.624422 0.374269 -0.273407 0.330371 0.070399 0.112378 -0.292720 0.410697 0.205318 0.473637 -0.047982 0.308178 0.024854 0.342900 0.291722 0.346696 0.501302 0.266759 0.214622 0.150946 -0.182917 0.139343 -0.229835 -0.378954 -0.326794 -0.362336 0.078821 -0.591849 -0.274080 -0.141418 -0.199178 -0.241854 -0.265362 0.015677 0.153102 -0.181186 0.331482 0.102812 -0.082372 -0.014417 0.190205 -0.117547 0.261807 -0.115382 -0.182325 -0.338067 0.036598 0.210282 -0.107117 -0.124702 -0.078176
0.350502 0.202609 -0.161678 -0.180918 -0.076708 -0.306760 -0.157538 -0.448840 -0.173465 -0.045872 0.452375 0.036432 0.037813 0.053131 -0.106992 -0.235853 0.507353 0.335619 0.633740 1.000000 -0.278739 0.007756 -0.011347 0.014471 -0.215550 -0.309138 -0.240754 -0.237011 0.504176 0.256939 0.031148 0.070590 0.446550 0.515722 -0.068617 -0.113062 0.182591 -0.138438 -0.041212 -0.116055 0.360978 0.241524 -0.194219 -0.194445 -0.206397 -0.304533 -0.237880 -0.022456 -0.295839 -0.111871 -0.597042 -0.202616 -0.358179 0.010422 -0.082877 -0.107073 0.486927 0.340588 0.042429 0.010832 0.074822 -0.017842 0.447986 0.171269 -0.415834 -0.549304 0.168159 -0.334836 0.529022 0.329100 -0.011078 -0.288528 0.368075 0.195433 0.380862 -0.046419 0.376126 0.125270 0.379074 0.391582 0.450691 0.537558 0.383773 0.306265 0.188897 -0.235999 0.282631 -0.152366 -0.444788 -0.415037 -0.208694 0.186328 -0.463687 -0.238379 -0.082228 0.023705 -0.236702 -0.137097 0.162015 0.263810 -0.016698 0.287972 0.184961 -0.018302 -0.090012 0.130893 -0.179055 0.209303 -0.019347 0.030184 -0.169162 0.106678 0.032555 -0.044788 0.098423 0.180763
-0.472765 -0.102969 0.020098 0.447610 -0.177382 0.511413 -0.232579 -0.069271 0.027512 -0.273318 -0.295230 -0.421792 -0.498310 -0.500118 0.096425 0.009542 -0.432919 -0.281693 -0.260801 -0.278739 1.000000 0.530024 0.556827 0.513045 0.579842 0.701273 0.756884 0.847765 -0.579742 -0.470740 0.152999 0.228009 -0.473370 -0.469842 0.094992 -0.073729 -0.162556 0.405357 0.170751 0.261967 -0.332273 -0.045453 0.064640 0.175252 -0.227139 -0.075298 -0.078909 0.012010 0.075871 -0.227348 0.542499 0.160660 0.054910 0.023097 0.110978 0.036076 -0.136432 0.075383 -0.032944 -0.002404 -0.396100 -0.419275 -0.437577 -0.188109 0.042553 -0.135797 -0.209093 0.279536 -0.101123 0.125140 0.513671 0.160541 -0.538988 -0.031096 -0.277750 0.001784 -0.329956 -0.159287 -0.211053 -0.093469 -0.495811 -0.348833 0.053682 -0.106610 0.195686 0.520252 0.225903 0.687732 0.447346 0.370565 0.154288 0.109215 0.247990 0.150157 -0.059763 -0.163213 0.100137 0.031626 -0.171676 -0.195818 -0.085789 -0.474734 0.136671 0.003037 0.077078 -0.234753 0.187713 -0.123491 -0.049328 -0.330326 0.356760 -0.098120 0.034711 -0.033261 -0.220266 -0.041377
-0.253282 -0.368211 -0.085325 0.122546 -0.454728 0.011866 -0.435103 -0.335117 -0.491933 -0.455505 -0.100966 -0.390314 -0.374371 -0.452542 -0.145984 -0.237735 -0.043704 -0.302241 0.007024 0.007756 0.530024 1.000000 0.436392 0.342151 0.105285 0.376383 0.313201 0.515358 -0.155600 -0.295497 0.198735 0.393117 -0.033992 -0.054110 0.394975 0.102851 0.149998 0.470680 0.387727 0.308001 0.085759 0.051136 0.196497 0.269502 -0.181321 -0.026036 0.039233 0.158272 -0.209336 -0.333086 0.163299 -0.318104 -0.179185 -0.210957 0.230421 0.214728 0.239042 0.155987 -0.106788 -0.169031 -0.180778 -0.589784 -0.169225 -0.309192 -0.211806 -0.357154 0.028191 0.314425 0.242470 0.217408 0.318247 0.224344 -0.321785 -0.045043 0.016487 0.240497 -0.115049 -0.087745 -0.002035 0.040819 -0.004494 0.089639 0.186132 0.036483 0.428463 0.494659 0.290860 0.568399 0.259540 0.113604 -0.220819 -0.177257 -0.233023 -0.174128 -0.020150 -0.169026 0.308811 0.070569 -0.325695 -0.121681 -0.282565 -0.315136 0.008140 -0.084699 -0.149273 -0.173620 0.001341 -0.058658 -0.052307 -0.170513 0.399049 -0.402443 -0.194926 -0.055047 -0.097298 -0.169273
-0.347696 -0.129104 0.346297 0.594660 -0.223452 0.261597 -0.078875 -0.111567 -0.058687 -0.378282 0.018401 -0.466320 -0.580656 -0.615069 0.225535 -0.222157 -0.474742 -0.506829 0.020822 -0.011347 0.556827 0.436392 1.000000 0.756969 0.531411 0.654009 0.556994 0.775661 -0.494742 -0.684069 0.246924 0.337911 -0.472098 -0.351717 0.051296 0.092520 -0.085929 0.366869 0.137890 0.299602 -0.081442 0.081308 -0.192470 -0.049052 -0.542457 -0.413795 -0.219321 -0.088668 -0.142874 -0.623206 0.454134 0.050110 -0.062389 0.047295 -0.143154 -0.168903 -0.074411 0.166267 -0.177251 -0.041702 -0.595410 -0.545754 -0.594829 -0.290512 0.048424 -0.237373 -0.128938 0.223828 0.230011 0.408139 0.317319 0.320351 -0.690169 -0.097588 -0.240154 -0.117126 -0.409891 0.017994 -0.176470 -0.359872 -0.373107 -0.218033 0.491635 0.092760 0.502897 0.548484 0.424135 0.551038 0.477720 0.437292 0.015032 0.104630 0.057136 0.351377 -0.051387 -0.212090 -0.026373 0.119807 -0.426149 -0.271446 -0.368349 -0.410269 -0.090153 0.186265 0.020474 -0.026294 0.036280 -0.163977 0.025451 -0.165572 0.410988 -0.136743 -0.058538 -0.072443 -0.079025 -0.117471
-0.486403 -0.131143 0.182395 0.799064 -0.009927 0.447703 -0.015289 0.270309 0.188567 0.061858 -0.124402 -0.203303 -0.603985 -0.452528 0.090086 -0.023849 -0.450586 -0.580445 -0.233839 0.014471 0.513045 0.342151 0.756969 1.000000 0.528217 0.756086 0.444152 0.603943 -0.562784 -0.536177 0.175517 0.484020 -0.543215 -0.273405 -0.071597 0.208909 -0.067884 0.306058 0.169899 0.298765 -0.110616 0.052335 -0.283852 -0.154252 -0.562583 -0.347266 -0.242107 -0.010934 -0.206015 -0.535491 0.300816 0.072544 -0.175484 0.043446 -0.295581 -0.176685 -0.080099 0.016416 -0.310275 -0.074696 -0.564597 -0.379542 -0.491798 -0.258169 0.024426 0.016582 -0.313075 0.212177 0.081732 0.358762 0.215481 0.286326 -0.640650 -0.098633 -0.267009 -0.117916 -0.417573 0.010283 -0.277531 -0.384610 -0.410528 -0.424365 0.398966 0.271377 0.364220 0.544633 0.406898 0.533588 0.321924 0.347302 0.261804 0.101743 0.376028 0.365382 -0.038493 -0.141244 -0.050020 0.198385 -0.231681 -0.159264 -0.064242 -0.424481 0.004718 0.240858 0.067294 -0.064286 0.156063 -0.236386 -0.071324 -0.120190 0.409648 0.024943 -0.065628 0.007666 0.010455 0.126941
-0.331001 0.065787 0.458617 0.573740 0.314929 0.702343 0.280229 0.283094 0.374374 -0.006631 -0.292321 -0.349111 -0.249138 -0.412257 0.211967 -0.064811 -0.486857 -0.342493 -0.293508 -0.215550 0.579842 0.105285 0.531411 0.528217 1.000000 0.807287 0.729361 0.706994 -0.660495 -0.462140 0.053677 -0.012940 -0.528810 -0.452338 -0.203843 0.175759 -0.277197 0.205799 0.112905 0.179284 -0.259864 0.040355 -0.243370 -0.128489 -0.326989 -0.243739 -0.404455 -0.035887 0.165958 -0.321041 0.541125 0.257824 0.074331 0.114936 -0.003208 -0.232026 -0.246907 0.057384 0.010547 -0.136340 -0.287579 -0.330675 -0.506338 -0.195104 0.364079 0.154909 -0.289399 0.266698 -0.059276 0.299016 0.125567 0.078855 -0.526145 -0.100746 -0.283211 -0.292046 -0.471513 -0.213354 -0.368419 -0.284079 -0.569500 -0.419003 0.086128 -0.301679 -0.034296 0.224555 0.351963 0.490849 0.474718 0.348964 0.199058 0.225842 0.288030 0.439719 -0.015692 -0.126414 -0.118744 0.145663 -0.230459 -0.169059 -0.161146 -0.253181 -0.013401 0.211159 -0.021449 -0.051617 0.120120 -0.148062 0.155319 -0.189610 0.339993 0.144533 0.068459 0.016609 -0.053659 0.118752
-0.656472 -0.118064 0.291945 0.782859 0.025965 0.640414 -0.005010 0.297854 0.185750 -0.090501 -0.405858 -0.456447 -0.559867 -0.635005 0.063728 -0.111532 -0.514018 -0.596738 -0.386785 -0.309138 0.701273 0.376383 0.654009 0.756086 0.807287 1.000000 0.654240 0.798463 -0.761726 -0.612540 0.198264 0.311883 -0.584680 -0.423929 0.044833 0.326379 -0.104744 0.427626 0.225239 0.306181 -0.176085 0.046524 -0.135042 0.024906 -0.350226 -0.159270 -0.239940 0.046554 -0.057921 -0.414440 0.514423 0.093719 -0.045663 -0.009156 -0.115276 -0.168931 -0.177994 0.104840 -0.320303 -0.092201 -0.527466 -0.559175 -0.586100 -0.383385 0.150956 0.067657 -0.260985 0.461019 -0.037922 0.371542 0.237201 0.297376 -0.692618 -0.056779 -0.317567 -0.173256 -0.535635 -0.084487 -0.345599 -0.325822 -0.506398 -0.454709 0.188166 -0.182564 0.154888 0.458955 0.443750 0.597675 0.510145 0.384869 0.249225 0.132826 0.368369 0.405226 -0.006124 -0.134848 0.094887 0.237668 -0.253264 -0.174170 -0.138604 -0.440687 0.052756 0.296572 0.124098 -0.117836 0.172051 -0.257498 0.032666 -0.254488 0.600843 0.056556 0.021908 0.009230 -0.082886 0.055068
-0.305401 0.014154 0.226246 0.434102 0.225983 0.747565 0.124248 0.099803 0.257295 -0.204548 -0.133374 -0.175913 -0.214046 -0.337631 0.388309 0.086865 -0.420797 -0.216776 -0.364877 -0.240754 0.756884 0.313201 0.556994 0.444152 0.729361 0.654240 1.000000 0.865475 -0.547904 -0.344945 -0.151571 -0.136705 -0.503268 -0.657642 -0.044823 -0.045155 -0.269935 0.184228 0.020504 0.114919 -0.416916 -0.152965 -0.151885 -0.072418 -0.275823 -0.187578 -0.291837 -0.110481 0.217033 -0.285263 0.577599 0.209609 0.106721 0.095804 0.092247 -0.197504 -0.185092 0.058951 0.163045 -0.143655 -0.272870 -0.281052 -0.482537 -0.203183 0.298458 0.127227 -0.225393 0.295283 -0.052347 0.168526 0.246457 0.045420 -0.497986 -0.114142 -0.293394 0.014776 -0.369423 -0.342826 -0.342599 -0.175051 -0.459047 -0.309587 0.018952 -0.270565 0.131394 0.345549 0.277969 0.534828 0.518271 0.387055 0.182655 0.185567 0.350632 0.305381 -0.109838 -0.090574 -0.166673 -0.021591 -0.226210 -0.277780 -0.035219 -0.380113 -0.120408 -0.009596 -0.073324 -0.230668 0.108766 -0.137644 -0.033526 -0.208949 0.239935 -0.052732 -0.075066 -0.010014 -0.274611 -0.114807
-0.477116 -0.043555 0.246430 0.567034 -0.144804 0.574521 -0.098124 -0.049257 0.004401 -0.415355 -0.234953 -0.521441 -0.548770 -0.658877 0.161586 -0.133968 -0.491867 -0.440480 -0.267799 -0.237011 0.847765 0.515358 0.775661 0.603943 0.706994 0.798463 0.865475 1.000000 -0.659823 -0.629661 0.028539 0.111721 -0.536423 -0.578199 0.082557 0.041690 -0.224143 0.391105 0.150055 0.265706 -0.283582 -0.048932 -0.055342 0.094380 -0.374123 -0.194637 -0.201597 0.014422 0.049460 -0.409334 0.639104 0.167710 0.082359 0.091434 -0.001219 -0.106835 -0.139908 0.178890 -0.036365 -0.040342 -0.492928 -0.570111 -0.557563 -0.283989 0.085235 -0.103785 -0.149905 0.419408 0.053272 0.343729 0.395274 0.224142 -0.680236 -0.090828 -0.311973 -0.121151 -0.458183 -0.189034 -0.248669 -0.233086 -0.464595 -0.309129 0.200849 -0.218079 0.312415 0.536847 0.433418 0.709800 0.563778 0.426514 0.105313 0.084437 0.175619 0.254700 -0.065295 -0.170831 0.067915 0.098246 -0.328728 -0.274810 -0.237066 -0.505176 -0.053419 0.113768 0.068363 -0.154241 0.147051 -0.151177 0.000476 -0.244318 0.485708 -0.119927 -0.042766 -0.035531 -0.209497 -0.114839
0.647606 -0.080236 -0.355968 -0.747020 -0.064285 -0.661283 -0.072031 -0.477645 -0.273808 -0.102003 0.612948 0.471411 0.573479 0.477805 0.086665 -0.067569 0.733025 0.603812 0.568163 0.504176 -0.579742 -0.155600 -0.494742 -0.562784 -0.660495 -0.761726 -0.547904 -0.659823 1.000000 0.742276 0.062012 -0.023690 0.728070 0.662444 0.100888 -0.279392 0.382335 -0.219693 -0.063454 -0.343594 0.458394 0.154475 0.011936 -0.115944 0.226005 -0.024667 0.013861 -0.199623 -0.210459 0.174141 -0.660077 -0.451263 -0.149460 -0.200094 0.194190 0.131223 0.373639 0.011736 0.168104 -0.093434 0.516825 0.278652 0.675090 0.305511 -0.112242 -0.268362 0.279937 -0.380491 0.151160 -0.292073 -0.266239 -0.249883 0.835125 0.227085 0.608791 0.409430 0.609456 0.093205 0.418834 0.519782 0.730248 0.716269 0.060233 0.245698 0.093562 -0.318637 -0.169856 -0.483804 -0.418167 -0.393815 -0.461080 -0.198454 -0.493127 -0.533561 -0.208169 0.121218 -0.160670 -0.387622 0.146790 0.160066 -0.055733 0.373025 -0.108576 -0.460739 -0.351016 -0.077301 -0.367161 0.188974 -0.070524 0.227069 -0.540091 -0.208135 -0.123276 -0.023067 0.060645 -0.236550
0.427887 0.090912 -0.384913 -0.592408 0.233196 -0.283798 0.028923 -0.128301 -0.054540 0.244901 0.350663 0.659203 0.645295 0.676665 0.100155 0.205434 0.521328 0.702596 0.173451 0.256939 -0.470740 -0.295497 -0.684069 -0.536177 -0.462140 -0.612540 -0.344945 -0.629661 0.742276 1.000000 -0.164768 -0.162503 0.530167 0.385623 -0.055701 -0.341441 0.336641 -0.222252 -0.119467 -0.285327 0.221821 0.133208 0.103075 -0.065079 0.344619 0.110158 0.127437 -0.068821 0.110330 0.414525 -0.484946 -0.099814 0.025307 0.086283 0.214680 0.152136 0.199938 -0.097795 0.169236 -0.154322 0.421449 0.487384 0.509476 0.231705 -0.062626 0.038640 -0.077554 -0.447288 -0.063855 -0.405783 -0.330523 -0.290468 0.825827 0.298895 0.449830 0.536379 0.534278 0.066052 0.136783 0.469628 0.470273 0.425464 -0.278943 0.156035 -0.268787 -0.520061 -0.351559 -0.481777 -0.423636 -0.366977 -0.100599 -0.109650 -0.128440 -0.471741 -0.128520 0.225439 -0.198546 -0.209582 0.420788 0.269709 0.308021 0.254289 -0.111651 -0.458550 -0.255601 -0.064394 -0.223668 0.161650 -0.062950 0.219706 -0.553298 0.044029 0.087596 0.165509 0.011331 -0.111211
-0.172731 -0.364481 0.046824 0.109682 -0.200620 -0.340510 -0.147477 -0.196837 -0.084725 -0.196255 0.160348 -0.137952 -0.222262 -0.248494 -0.003041 -0.014108 0.065972 -0.209748 0.280461 0.031148 0.152999 0.198735 0.246924 0.175517 0.053677 0.198264 -0.151571 0.028539 0.062012 -0.164768 1.000000 0.766283 0.190357 0.361903 0.237631 0.196604 0.234787 0.152240 0.150367 0.047348 0.186520 -0.005631 0.061784 0.139721 -0.008472 0.064073 -0.073726 -0.073003 -0.336304 -0.182919 -0.111024 -0.398318 -0.296904 -0.349923 -0.104116 -0.124827 0.108095 -0.073885 -0.379275 -0.182858 -0.250568 -0.398143 -0.106289 -0.373274 -0.000142 -0.282457 0.097058 0.182795 0.071950 -0.080825 0.261916 0.301662 0.015099 0.053619 0.102689 0.114669 -0.001903 0.239411 0.253764 0.042851 0.058586 0.048179 0.424994 0.184028 0.291285 0.357064 0.249073 0.223123 -0.024565 -0.095865 -0.281213 -0.015636 -0.041877 -0.051426 -0.096526 -0.100319 0.174458 -0.114761 -0.206906 -0.064659 -0.250867 -0.028126 0.028706 -0.143715 -0.175825 -0.216313 -0.260308 -0.121183 -0.013310 -0.042844 0.256734 -0.068537 -0.004727 -0.174757 -0.200852 -0.127628
-0.333883 -0.417982 -0.112929 0.282902 -0.323703 -0.250131 -0.297219 -0.134667 -0.189110 -0.150615 0.073010 -0.123142 -0.387766 -0.271264 -0.123849 -0.032122 0.010402 -0.352720 0.113353 0.070590 0.228009 0.393117 0.337911 0.484020 -0.012940 0.311883 -0.136705 0.111721 -0.023690 -0.162503 0.766283 1.000000 0.012919 0.329460 0.205075 0.223043 0.211164 0.333842 0.205484 0.158147 0.188250 0.028268 0.082697 0.176549 -0.167234 0.005009 -0.007213 0.110077 -0.355071 -0.243264 -0.107870 -0.362487 -0.301140 -0.250134 -0.058970 0.040543 0.156603 -0.100349 -0.471123 -0.213599 -0.352869 -0.442387 -0.107329 -0.368542 -0.206509 -0.311462 -0.070677 0.174819 0.074345 0.035846 0.336150 0.464952 -0.132073 0.072772 0.039544 0.273574 -0.090129 0.363178 0.194598 -0.072593 0.037814 -0.049550 0.428451 0.349834 0.352528 0.447041 0.309845 0.353445 -0.035230 0.023662 -0.132459 -0.074718 0.016266 -0.085561 0.019596 -0.053412 0.227562 0.048819 -0.189664 0.037466 -0.157285 -0.203271 0.089133 -0.084710 -0.074244 -0.221616 -0.188748 -0.195159 -0.061281 0.027537 0.322347 -0.035069 0.000177 0.005971 -0.040896 -0.007857
0.425969 -0.092828 -0.380367 -0.544310 -0.202159 -0.549165 -0.222624 -0.393790 -0.369654 -0.106426 0.364034 0.190581 0.277426 0.220154 -0.151282 -0.103283 0.746093 0.489845 0.497838 0.446550 -0.473370 -0.033992 -0.472098 -0.543215 -0.528810 -0.584680 -0.503268 -0.536423 0.728070 0.530167 0.190357 0.012919 1.000000 0.649461 0.287982 -0.137020 0.430236 -0.148755 0.161524 -0.098274 0.508019 0.185796 0.109938 0.037203 0.165022 -0.008997 0.062571 -0.100634 -0.378200 0.154036 -0.591376 -0.459249 -0.244142 -0.218167 0.066754 0.115138 0.509054 0.228640 -0.087569 -0.011342 0.327830 0.101618 0.635180 0.119504 -0.295158 -0.330009 0.437860 -0.256801 0.367088 -0.085983 -0.298026 -0.326992 0.667775 0.168273 0.528886 0.217143 0.582661 0.044324 0.448186 0.580861 0.706079 0.722196 0.071354 0.063511 0.082135 -0.264730 -0.022671 -0.329084 -0.526581 -0.510537 -0.545694 -0.217063 -0.422787 -0.582108 -0.135555 0.179385 -0.013119 -0.269363 0.165670 0.245660 -0.061502 0.393536 -0.075736 -0.347679 -0.252490 0.132489 -0.280808 0.293431 -0.003946 0.172165 -0.357938 -0.153621 -0.104257 -0.158649 -0.077968 -0.218027
0.331709 -0.224625 -0.246763 -0.338126 -0.120937 -0.664291 -0.126678 -0.282078 -0.238831 -0.021413 0.309802 0.146229 0.225865 0.148814 -0.179145 -0.094280 0.535035 0.231407 0.534069 0.515722 -0.469842 -0.054110 -0.351717 -0.273405 -0.452338 -0.423929 -0.657642 -0.578199 0.662444 0.385623 0.361903 0.329460 0.649461 1.000000 0.229081 0.216915 0.384052 -0.064757 0.005344 -0.261102 0.454695 0.149699 -0.016141 -0.077370 0.069598 -0.072753 0.014100 -0.043850 -0.356551 0.011372 -0.573412 -0.463798 -0.262586 -0.191594 -0.020505 0.064481 0.352353 0.043015 -0.189313 -0.132110 0.247000 -0.044377 0.500323 0.012473 -0.172761 -0.379793 0.287525 -0.223340 0.300601 -0.071380 -0.138201 -0.023881 0.506251 0.168154 0.436042 0.194146 0.433127 0.211038 0.311612 0.406074 0.547752 0.537437 0.191952 0.311231 0.087611 -0.206672 0.000430 -0.366638 -0.427692 -0.344658 -0.344716 -0.090846 -0.388720 -0.417376 -0.183301 -0.067679 -0.044556 -0.284653 0.033718 0.205357 -0.132562 0.305059 0.157419 -0.261226 -0.192673 -0.094706 -0.205454 0.120813 -0.160225 0.061434 -0.231581 -0.012131 -0.043543 -0.094818 0.111551 -0.106994
-0.104707 -0.425274 -0.140497 -0.078085 -0.298294 -0.192958 -0.235244 -0.207286 -0.325821 -0.332828 0.147646 -0.124536 0.009769 -0.184670 -0.040239 -0.180615 0.124904 -0.221652 0.206741 -0.068617 0.094992 0.394975 0.051296 -0.071597 -0.203843 0.044833 -0.044823 0.082557 0.100888 -0.055701 0.237631 0.205075 0.287982 0.229081 1.000000 0.456580 0.230528 0.078848 0.036168 -0.087895 0.033002 -0.043829 0.272296 0.269497 0.301998 0.323186 0.138626 -0.026018 -0.088009 0.041431 0.055801 -0.353945 0.025762 -0.211177 0.053968 -0.127066 0.098597 -0.002150 -0.179718 -0.204587 0.007112 -0.396583 -0.079326 -0.523536 0.043736 -0.142079 0.391443 0.429176 0.048661 -0.162381 0.117232 -0.001344 -0.015516 -0.050857 0.142061 0.235352 0.117564 -0.191354 -0.117791 0.000543 0.199437 0.166922 0.090728 -0.071841 0.361687 0.217476 0.171572 0.032146 0.110217 -0.091848 -0.196153 -0.214266 -0.128156 -0.306893 -0.384999 -0.054323 -0.023256 -0.380156 -0.251794 -0.224696 -0.159880 -0.220662 0.012593 -0.338356 -0.048427 -0.212852 -0.055028 -0.001501 -0.297869 -0.259098 0.173191 -0.251729 -0.091505 -0.337935 -0.305955 -0.349560
-0.218825 -0.359433 0.253126 0.312413 0.175108 0.046224 0.146728 0.283300 0.163520 0.092740 -0.223075 -0.163118 -0.059264 -0.204335 -0.142705 -0.035825 -0.185583 -0.605237 -0.118282 -0.113062 -0.073729 0.102851 0.092520 0.208909 0.175759 0.326379 -0.045155 0.041690 -0.279392 -0.341441 0.196604 0.223043 -0.137020 0.216915 0.456580 1.000000 -0.101595 0.009690 -0.050673 -0.220439 -0.144417 -0.133813 0.105320 0.092595 0.157865 0.265150 0.039765 0.232159 0.016179 -0.031249 0.104495 -0.189005 -0.025256 -0.145270 -0.186842 -0.274963 -0.130278 -0.213309 -0.311268 -0.350287 -0.042402 -0.398691 -0.253527 -0.551052 0.256677 0.120971 0.131030 0.498385 0.042498 0.122252 0.015161 0.280967 -0.333671 -0.345918 -0.226897 -0.178592 -0.283122 -0.028502 -0.323577 -0.397055 -0.150921 -0.294195 0.107413 -0.080201 -0.014051 0.095886 0.249750 0.008618 0.182172 0.068001 0.129096 0.042126 0.118725 0.216020 -0.156047 -0.151816 0.020198 -0.119333 -0.346602 -0.132764 -0.073735 -0.124397 0.198334 0.144001 0.100631 -0.257056 0.050812 -0.273483 -0.273796 -0.208188 0.441628 0.098004 -0.014437 -0.141565 -0.084767 0.132953
