1.000000 -0.055172 0.095750 -0.233547 0.020041 -0.030903 0.080987 -0.369034 0.197016 -0.236010 0.262827 -0.251704 0.133184 -0.202107 0.056235 -0.185857 0.419341 0.163321 0.267831 0.067158 -0.208063 0.077470 -0.120522 -0.272809 -0.136213 -0.137624 0.045562 0.029860 0.270842 -0.169931 -0.212031 -0.394850 0.112634 -0.088047 -0.288370 -0.195327 -0.175832 -0.300747 -0.265581 -0.297703 -0.127119 0.002626 0.026216 0.037900 -0.238073 -0.270702 0.055704 -0.154134 0.082085 -0.172812 0.069442 -0.148622 0.292802 -0.198437 0.109637 -0.131820 0.336056 0.095062 0.493917 0.199274 0.296471 0.047907 0.427660 0.366306 -0.238150 -0.236830 0.257026 -0.143688 0.256567 -0.019995 -0.027460 -0.224105 0.081517 -0.045911 0.199619 -0.199838 0.172420 -0.235103 0.387357 0.265486 0.383366 0.317210 -0.080012 -0.194360 0.092076 -0.044011 -0.155490 -0.306906 -0.017375 0.133148 -0.136329 -0.055529 -0.223242 0.276350 -0.121832 0.107558 0.017980 -0.062652 -0.105158 0.066595 -0.071676 0.416637 0.199951 0.296183 -0.081737 -0.030248 0.090752 0.161621 -0.150020 -0.056720 -0.083878 -0.141526 -0.178058 -0.175068 -0.056749 -0.168480
-0.055172 1.000000 -0.605462 -0.206650 -0.074892 -0.234458 -0.431968 -0.179851 0.190783 0.183053 0.208151 0.489100 0.208271 0.519995 0.030822 0.457264 0.014534 0.455912 -0.318949 0.327654 0.036340 -0.249018 -0.372176 -0.280256 -0.393608 -0.240719 -0.121061 -0.252635 0.109474 0.210596 -0.465173 -0.393365 -0.095741 -0.143871 -0.314031 -0.160519 0.164000 0.003705 -0.032813 0.185471 0.091931 0.038102 -0.295514 -0.307348 -0.421603 -0.280134 0.197577 0.205413 0.105171 0.044354 -0.315581 0.395071 0.527282 0.445087 0.248418 -0.010835 0.331593 0.586366 0.105758 0.451744 0.126503 0.600893 -0.110837 0.196461 -0.372969 0.064948 -0.054496 -0.335556 0.264976 0.522205 0.101868 -0.260020 0.206451 0.217902 0.026620 0.155012 -0.065785 -0.086390 -0.192112 -0.149037 0.155296 -0.023685 0.206380 0.371312 -0.300567 -0.267514 -0.029334 0.058903 -0.225130 0.384344 0.401195 -0.099461 0.118124 0.068554 0.081781 -0.071959 0.191596 0.172648 0.278198 -0.009157 0.685957 0.240548 0.330523 0.135807 0.019329 -0.087130 0.084326 -0.059414 0.186627 -0.139821 -0.087509 0.204735 0.339873 0.238078 0.025857 0.069877
0.095750 -0.605462 1.000000 0.377052 0.322447 0.119647 0.633101 0.266267 0.028578 -0.200616 -0.346258 -0.422202 -0.029139 -0.486766 -0.015739 -0.395343 -0.321640 -0.598775 0.394121 -0.060905 0.225066 0.300142 0.438400 0.405189 0.586881 0.337723 0.131648 0.375508 -0.377191 -0.482888 0.535488 0.459625 0.011920 0.135666 0.546100 0.395589 -0.198093 -0.033813 0.156725 -0.018421 -0.052664 -0.103337 -0.239672 -0.182620 0.046768 -0.118125 -0.444457 -0.333082 -0.080712 -0.414558 0.405851 -0.422663 -0.299949 -0.354446 -0.187923 -0.259284 -0.531187 -0.456013 -0.257318 -0.266160 -0.128267 -0.519913 -0.378560 -0.501977 0.613512 0.128056 -0.009889 0.480100 -0.226838 -0.246996 0.115103 0.192164 -0.425355 -0.379578 -0.166747 -0.219089 -0.142616 -0.099498 0.001443 -0.059868 -0.422156 -0.289116 -0.046012 -0.414112 0.233037 0.100625 -0.081510 -0.123548 0.473179 0.015538 -0.076834 0.504773 -0.010355 0.296284 0.121569 0.112493 -0.164824 -0.002046 -0.461667 -0.062927 -0.486018 -0.038657 -0.411050 -0.195292 0.144665 0.093197 -0.013191 0.055161 0.037372 0.228804 0.246109 -0.106458 -0.307998 -0.169361 -0.063018 -0.092033
-0.233547 -0.206650 0.377052 1.000000 0.062729 0.454587 0.292295 0.459534 -0.116312 -0.007576 -0.354483 -0.026594 -0.143110 -0.283140 0.126982 0.134274 -0.410886 -0.379809 0.080411 -0.111207 0.419787 0.349202 0.481364 0.687697 0.483642 0.533012 0.146983 0.436201 -0.432644 -0.314205 0.440356 0.581447 -0.189348 -0.093267 0.422359 0.305858 -0.033939 0.005865 0.259693 0.048090 -0.075410 -0.074106 -0.418650 -0.321112 -0.085710 -0.152162 -0.398750 -0.310415 -0.315969 -0.354318 0.230660 -0.317738 -0.237019 -0.141989 0.042053 -0.038422 -0.237330 -0.181885 -0.511425 -0.253369 -0.296142 -0.396560 -0.373865 -0.408227 0.519718 0.257590 -0.282625 0.326072 -0.273315 -0.132103 -0.031976 0.496529 -0.464780 -0.248049 -0.180325 -0.018069 -0.155467 -0.020778 -0.087650 0.066745 -0.383691 -0.327629 0.043979 -0.068057 0.053968 0.356644 -0.041830 0.174580 0.423920 0.154843 0.055598 0.099427 0.498740 0.062771 0.128499 -0.119125 -0.063355 -0.174842 -0.458917 -0.369461 -0.195091 -0.011579 -0.371496 -0.361546 0.038697 -0.185561 -0.035041 -0.218248 -0.075378 -0.023541 0.136264 -0.138441 -0.309604 -0.047707 0.162879 -0.101567
0.020041 -0.074892 0.322447 0.062729 1.000000 0.145365 0.395612 0.171879 0.664886 0.443759 -0.156059 -0.157896 0.146724 -0.026669 0.271045 0.024740 -0.127603 -0.303996 0.330387 0.176002 -0.121528 0.038319 0.058690 0.160993 0.345224 -0.039720 0.186979 -0.026843 -0.124663 -0.226061 0.077077 0.122447 -0.115256 -0.018124 0.187657 0.024789 0.025142 -0.039532 -0.017869 0.186606 0.046598 -0.016753 -0.262515 -0.342128 -0.249158 -0.360947 -0.260665 -0.311176 -0.303109 -0.293023 -0.039894 -0.245267 -0.075824 -0.271414 -0.195884 -0.144222 -0.238319 -0.082449 0.027405 0.036723 0.133283 -0.079126 -0.107966 -0.137861 0.271002 -0.012635 0.005359 -0.119826 0.115664 -0.013689 0.216499 -0.051130 -0.218473 -0.069256 0.052287 -0.014525 -0.289263 -0.378456 -0.146643 -0.207008 -0.148984 -0.032835 0.097702 0.105182 0.061318 0.011085 0.084214 -0.098333 0.308296 0.233506 0.108282 0.319733 -0.125806 0.053786 0.171408 -0.012216 -0.149274 0.212573 -0.246331 -0.207880 -0.008360 0.177862 0.064551 -0.026030 -0.012712 0.007626 -0.044738 0.203897 0.177248 0.109996 -0.208378 -0.274266 -0.216601 -0.058695 -0.116837 0.082417
-0.030903 -0.234458 0.119647 0.454587 0.145365 1.000000 -0.122061 0.091058 0.027795 0.092194 -0.330941 -0.348790 -0.037253 -0.242108 0.206574 0.031141 -0.298124 -0.284397 -0.190169 -0.465939 0.310022 0.282176 0.395087 0.234665 0.397571 0.685813 0.528574 0.654050 -0.476221 -0.308269 0.073232 0.197569 -0.274998 -0.181145 0.199742 0.516849 0.146160 0.314530 0.366622 0.210748 0.143711 0.173704 -0.158646 -0.078660 -0.165073 -0.237265 -0.357347 -0.287625 -0.098157 -0.417276 0.492613 -0.316981 -0.125525 -0.349263 0.104003 -0.086784 -0.082955 -0.131568 -0.103180 -0.059852 0.027677 -0.208872 -0.124117 -0.070378 0.309982 0.166892 -0.027482 0.264456 0.113116 -0.102991 -0.194234 0.207551 -0.416691 -0.194599 -0.046774 0.151014 -0.126943 -0.109105 -0.213087 -0.138951 -0.240900 -0.183714 -0.026258 -0.193273 0.095189 0.349766 0.178891 0.116346 0.474897 0.334855 -0.101814 -0.043767 0.092272 0.073274 0.130508 0.021654 -0.011168 -0.006253 -0.475335 -0.323194 -0.208731 0.044406 -0.188368 -0.070937 -0.104662 -0.021436 -0.123681 -0.007065 -0.113346 -0.089639 0.360834 -0.331905 -0.263670 -0.049472 0.261149 -0.057495
0.080987 -0.431968 0.633101 0.292295 0.395612 -0.122061 1.000000 0.532588 0.177518 0.273690 -0.164092 -0.011826 0.021992 -0.198836 -0.160619 -0.239149 -0.198543 -0.444243 0.336914 0.093533 -0.146377 0.165357 -0.108454 0.131118 0.169572 -0.186557 -0.368431 -0.215767 -0.168503 -0.293303 0.478579 0.343286 -0.050045 0.346989 0.377906 0.014786 -0.341591 -0.396788 -0.213045 -0.265077 -0.261884 -0.255511 -0.158762 -0.339426 0.249596 0.059744 -0.341078 -0.385339 -0.109785 -0.145641 -0.189343 -0.278489 -0.178469 -0.168877 -0.395723 -0.246004 -0.433158 -0.430441 0.047937 -0.105766 0.094951 -0.146518 -0.178777 -0.335297 0.369328 0.281534 0.031875 0.233006 -0.353099 -0.273388 0.081577 0.309523 -0.273005 -0.290335 -0.153817 -0.301771 -0.202371 -0.166383 0.119208 -0.081564 -0.388033 -0.143601 -0.276221 -0.182586 -0.178085 -0.031372 -0.313191 -0.320741 0.053257 -0.109924 -0.008362 0.236496 0.058691 0.186575 -0.050840 0.046707 -0.418570 -0.069219 -0.229374 -0.146092 -0.197418 0.110893 -0.040199 -0.012786 0.165365 0.084581 0.001094 0.210595 -0.110149 0.243120 -0.352511 -0.217592 -0.288498 -0.312562 -0.161198 0.022239
-0.369034 -0.179851 0.266267 0.459534 0.171879 0.091058 0.532588 1.000000 0.032942 0.535519 -0.159397 0.349069 0.038425 0.223821 -0.249749 0.265555 -0.318678 -0.304002 -0.135686 -0.086935 0.138733 0.155763 -0.202257 0.180199 -0.019635 -0.081321 -0.266866 -0.189077 -0.331796 0.023691 0.261287 0.427213 -0.305131 0.337806 0.108592 -0.048476 -0.199690 -0.223833 -0.059927 -0.096896 -0.205920 -0.186940 -0.171420 -0.316212 0.146613 0.145355 -0.236539 -0.211853 -0.186064 -0.111029 -0.251770 -0.146772 -0.194108 0.021998 -0.174646 -0.175354 -0.442960 -0.572933 -0.180781 -0.302922 0.070543 0.004780 -0.285151 -0.359147 0.226969 0.622117 -0.317428 0.113359 -0.543329 -0.396380 0.110292 0.462243 -0.222963 -0.036693 -0.197921 -0.095473 -0.172231 -0.010039 -0.137502 -0.320050 -0.505310 -0.275144 -0.228299 0.164053 -0.284852 -0.029542 -0.272636 -0.098800 -0.043913 -0.239698 0.383992 -0.001660 0.508458 -0.022340 0.065682 -0.124329 -0.324668 -0.045435 0.014694 -0.110611 0.023315 -0.079541 -0.033299 -0.265710 0.115094 0.060312 0.037649 0.112473 -0.074723 0.162844 -0.277611 -0.140710 -0.065150 0.030394 0.064901 0.177827
0.197016 0.190783 0.028578 -0.116312 0.664886 0.027795 0.177518 0.032942 1.000000 0.421258 0.266172 0.207996 0.589402 0.394776 0.354603 0.352566 -0.032512 0.051872 0.010039 0.094044 -0.053673 -0.068401 -0.168811 -0.111063 0.062245 -0.140216 0.112176 -0.117081 0.151379 -0.022665 -0.132464 -0.093281 0.038781 -0.074283 -0.052482 0.005513 0.101898 -0.119407 -0.094253 0.059807 0.102728 -0.003019 -0.247894 -0.242993 -0.365846 -0.347108 -0.178335 -0.144684 -0.159464 -0.283721 -0.062680 -0.237524 0.105654 -0.237190 -0.046860 -0.125455 -0.111375 0.068556 0.226866 0.086800 0.455113 0.241300 0.030416 0.052273 0.099505 0.117952 -0.073205 -0.276863 0.199154 0.119798 0.212699 -0.064522 0.098053 -0.014306 0.042029 0.104817 -0.329037 -0.368990 -0.114910 -0.137817 0.071607 0.123689 0.152524 0.281806 0.015477 -0.107203 0.111988 -0.150397 0.230209 0.336830 0.109802 0.154895 0.055109 0.198913 0.110779 -0.116186 -0.008703 -0.029625 -0.236626 -0.286360 0.095504 0.196361 0.159854 -0.039079 -0.239881 -0.189638 -0.178554 -0.129788 0.187250 -0.147982 -0.162181 -0.244892 -0.238447 -0.042248 -0.336366 -0.031621
-0.236010 0.183053 -0.200616 -0.007576 0.443759 0.092194 0.273690 0.535519 0.421258 1.000000 -0.045914 0.401516 0.112132 0.455261 -0.061353 0.335936 -0.175516 -0.082184 -0.129398 0.131044 -0.193935 -0.121504 -0.391233 -0.117748 -0.277565 -0.317759 -0.247147 -0.408722 -0.010564 0.335120 0.032237 0.181731 -0.264047 0.214801 -0.121617 -0.055010 0.099222 -0.039459 -0.135035 0.048564 -0.038794 0.110896 -0.070409 -0.269677 -0.046513 -0.015309 -0.051488 0.005925 -0.124385 0.019152 -0.416151 0.107816 -0.072518 0.078057 -0.300996 -0.215963 -0.148929 -0.253625 0.090552 -0.053437 0.110744 0.276540 -0.145471 -0.158397 -0.089894 0.316196 -0.237015 -0.204169 -0.167859 -0.065868 0.087464 0.128043 0.053239 0.268103 0.120309 0.143334 -0.089322 -0.016879 -0.185853 -0.333376 -0.212516 -0.072471 -0.240936 0.418580 -0.317785 -0.280833 -0.042451 -0.188630 -0.156080 -0.050258 0.456526 -0.062731 0.334165 0.053278 0.044227 -0.200000 -0.216382 -0.012479 0.181151 -0.192779 0.396366 0.108380 0.326367 0.028321 -0.188272 0.055036 -0.177084 0.107338 0.011647 -0.098348 -0.363148 -0.220420 0.077044 -0.023423 0.075815 0.165936
0.262827 0.208151 -0.346258 -0.354483 -0.156059 -0.330941 -0.164092 -0.159397 0.266172 -0.045914 1.000000 0.475032 0.522198 0.466646 0.092969 0.195381 0.528769 0.504280 -0.016269 0.170538 -0.194190 -0.235804 -0.319566 -0.238804 -0.415281 -0.335457 -0.138795 -0.400820 0.636290 0.244721 -0.201765 -0.277243 0.247286 0.048315 -0.238662 -0.413492 -0.162127 -0.407346 -0.270302 -0.239077 -0.141523 -0.190912 -0.065379 0.015827 -0.183215 -0.057948 0.008767 -0.092412 0.063842 0.074683 -0.402153 0.031277 0.177783 -0.052830 0.232468 0.230039 0.141630 0.187164 0.285419 0.039632 0.276853 0.326941 0.313748 0.245024 -0.304843 0.051655 0.029740 -0.237483 0.247386 0.285688 -0.136853 -0.120764 0.547553 0.016617 0.026963 -0.174911 -0.116818 -0.198648 0.275848 0.110957 0.547262 0.476938 0.109603 0.123585 0.254778 0.053556 0.173466 -0.121757 -0.205548 -0.136279 -0.126080 -0.117754 -0.059433 -0.113936 -0.295774 -0.100720 -0.034647 -0.370191 0.078094 -0.108029 -0.008413 -0.051249 0.119303 0.054278 -0.146921 0.009135 -0.161929 -0.199086 -0.115410 -0.293114 -0.253165 -0.050788 -0.155999 -0.167343 -0.314329 -0.250450
-0.251704 0.489100 -0.422202 -0.026594 -0.157896 -0.348790 -0.011826 0.349069 0.207996 0.401516 0.475032 1.000000 0.331211 0.768532 -0.204250 0.573666 0.112081 0.382771 -0.257071 0.260248 -0.083901 -0.301791 -0.476742 -0.086285 -0.476930 -0.365539 -0.515813 -0.582346 0.370640 0.550497 -0.094532 -0.024486 0.080378 0.165659 -0.103851 -0.293636 0.049219 -0.232192 -0.228598 -0.261820 0.017640 -0.022002 -0.160890 -0.263247 -0.041835 0.044559 0.055451 0.065233 -0.084777 0.133045 -0.551555 0.154134 0.120625 0.332741 -0.037526 0.028249 0.064282 0.103662 -0.010579 -0.093732 0.101266 0.459436 -0.051502 -0.084802 -0.160372 0.353179 -0.313009 -0.303727 -0.113332 0.229129 0.180050 0.059992 0.488848 0.260927 0.095786 0.086709 -0.043348 0.105442 0.088802 -0.020004 0.150132 0.143656 -0.040349 0.492415 -0.162194 -0.057749 -0.131077 -0.082406 -0.376656 -0.206702 0.337886 -0.194245 0.500877 -0.056481 -0.131185 -0.259150 -0.124109 -0.267588 0.233131 -0.136143 0.305062 -0.142909 0.181928 -0.138654 -0.153108 -0.191939 -0.143419 -0.285644 0.027829 -0.209233 -0.321613 0.073672 0.079948 0.025919 -0.236000 -0.101862
0.133184 0.208271 -0.029139 -0.143110 0.146724 -0.037253 0.021992 0.038425 0.589402 0.112132 0.522198 0.331211 1.000000 0.529641 0.405179 0.257778 0.103467 0.159121 -0.046931 0.062351 0.092018 -0.002287 -0.157852 -0.195430 -0.151484 -0.173722 0.006720 -0.060889 0.164653 -0.086132 -0.177137 -0.168267 0.198810 0.166132 0.014976 0.044655 -0.065374 -0.157766 -0.048321 -0.014256 0.069932 -0.108310 -0.423014 -0.324573 -0.365333 -0.374263 -0.240747 -0.203235 -0.028076 -0.338354 -0.104952 -0.340980 0.048209 -0.213894 0.162877 0.029407 -0.123129 0.089535 0.205757 0.018692 0.618890 0.312395 0.008573 0.038361 0.145020 0.357452 0.000212 -0.074882 0.357370 0.299921 -0.158873 -0.082379 0.217021 -0.275250 -0.201479 -0.065587 -0.474331 -0.338183 -0.007506 -0.084786 0.152164 0.223480 0.155157 0.029833 0.130686 -0.041264 0.164687 -0.035818 0.326513 0.249373 -0.006589 0.040443 0.052958 0.168746 -0.122252 -0.140798 -0.029082 -0.256473 -0.280853 -0.354824 -0.035294 0.032018 0.071163 -0.036805 -0.151289 -0.054920 -0.212622 -0.208308 0.001534 -0.290045 -0.036526 -0.244692 -0.376845 -0.204848 -0.397028 -0.170806
-0.202107 0.519995 -0.486766 -0.283140 -0.026669 -0.242108 -0.198836 0.223821 0.394776 0.455261 0.466646 0.768532 0.529641 1.000000 -0.070900 0.543302 0.177678 0.469530 -0.273080 0.191512 -0.035505 -0.195108 -0.549617 -0.365485 -0.580830 -0.432376 -0.291682 -0.466822 0.366307 0.532190 -0.349682 -0.204193 0.159324 0.269255 -0.316075 -0.212256 0.101489 -0.141667 -0.165835 -0.070608 0.039647 0.068747 -0.146494 -0.208775 -0.251520 -0.130038 0.027492 0.027726 -0.091350 -0.022524 -0.483050 0.027507 0.176520 0.183042 0.097397 -0.024202 0.126069 0.159202 0.176338 0.015877 0.434112 0.542144 0.107294 0.144406 -0.268599 0.273993 -0.230104 -0.391312 0.091373 0.243352 0.092682 -0.024655 0.544089 0.258037 0.107487 0.109132 -0.048258 0.075060 -0.038127 -0.079870 0.228762 0.277015 0.005912 0.544574 -0.160423 -0.177782 0.100925 -0.064829 -0.250878 -0.061809 0.258358 -0.234133 0.246874 0.011409 -0.106690 -0.168810 -0.004192 -0.213514 0.166511 -0.161900 0.375414 0.015922 0.356160 -0.015511 -0.119942 -0.083510 -0.174874 -0.151822 0.097674 -0.229662 -0.247058 -0.154479 0.059055 0.089954 -0.201117 -0.074432
0.056235 0.030822 -0.015739 0.126982 0.271045 0.206574 -0.160619 -0.249749 0.354603 -0.061353 0.092969 -0.204250 0.405179 -0.070900 1.000000 0.282554 -0.118005 -0.212645 0.214709 0.094201 0.233505 0.163965 0.529695 0.324300 0.382730 0.216458 0.395155 0.329095 -0.015382 -0.401969 0.005050 0.124276 -0.021275 -0.246213 0.279392 0.138242 0.119369 0.098660 0.220996 0.308397 0.189716 0.074816 -0.301415 -0.126854 -0.316218 -0.258327 -0.343504 -0.223175 -0.333121 -0.276185 0.173131 -0.373025 -0.329385 -0.416269 0.018885 0.108459 0.046262 0.277859 -0.168324 -0.134648 0.104133 -0.250813 -0.053853 -0.090339 0.376167 -0.149149 -0.098354 -0.107166 0.410142 0.300076 -0.129449 0.057838 -0.202654 -0.215198 -0.129622 0.006579 -0.400347 -0.323197 -0.091171 -0.061689 0.198771 0.140023 0.500505 0.067566 0.408333 0.101547 0.305950 0.094071 0.552041 0.281833 -0.215451 0.187057 -0.053428 0.044566 0.117379 -0.076642 0.240378 -0.017993 -0.502230 -0.321744 -0.166376 -0.055032 -0.190748 -0.159096 -0.092506 -0.154289 0.046475 -0.142884 0.125252 -0.286302 0.173083 -0.092645 -0.188052 0.040854 -0.269397 -0.127271
-0.185857 0.457264 -0.395343 0.134274 0.024740 0.031141 -0.239149 0.265555 0.352566 0.335936 0.195381 0.573666 0.257778 0.543302 0.282554 1.000000 -0.170656 0.122617 -0.402570 0.038903 0.224540 0.032513 -0.177639 -0.002317 -0.183259 -0.021887 -0.114352 -0.106119 0.049760 0.228090 -0.221656 -0.014876 -0.101426 -0.072211 -0.165824 -0.145975 0.329333 0.179399 0.193729 0.201281 0.237457 0.159834 -0.149872 -0.154533 -0.220508 -0.044704 -0.033946 0.095804 -0.163195 -0.008581 -0.240618 0.000443 0.034732 0.123008 0.131215 0.122121 0.119982 0.115614 -0.081658 -0.140110 0.210716 0.244552 -0.062310 -0.008093 -0.071233 0.178880 -0.395712 -0.438016 -0.049932 0.109948 0.214971 0.167626 0.104945 0.176980 0.009852 0.204851 -0.139104 0.006868 -0.221582 -0.223656 0.076720 -0.055922 0.303021 0.654009 -0.224849 -0.088458 -0.148884 -0.099440 -0.146299 0.071890 0.303981 -0.167796 0.477687 -0.013969 0.241042 -0.068375 0.226425 0.092093 0.051359 -0.009419 0.349699 -0.095302 0.059073 -0.210065 -0.194169 -0.288501 0.198372 -0.155690 0.339482 -0.049742 -0.043724 0.153998 0.138084 0.349994 -0.120436 0.053108
0.419341 0.014534 -0.321640 -0.410886 -0.127603 -0.298124 -0.198543 -0.318678 -0.032512 -0.175516 0.528769 0.112081 0.103467 0.177678 -0.118005 -0.170656 1.000000 0.624957 0.231214 0.307946 -0.454393 -0.331956 -0.279219 -0.291940 -0.435955 -0.442292 -0.097260 -0.418421 0.637466 0.320622 -0.417821 -0.489555 0.458851 0.071409 -0.451147 -0.598846 -0.325274 -0.446499 -0.480413 -0.447639 -0.272290 -0.178446 0.062197 -0.044794 -0.131688 -0.121112 0.172851 -0.165363 -0.174306 0.073543 -0.301712 -0.032455 0.269627 -0.065493 0.027925 0.212736 0.590850 0.337770 0.440639 0.236747 0.177341 0.188007 0.711675 0.571750 -0.473660 -0.320766 0.350319 -0.311968 0.393647 0.204224 -0.158314 -0.390320 0.562324 0.135950 0.222514 -0.303154 0.171911 -0.059105 0.626667 0.618223 0.805261 0.812128 -0.097464 0.027423 0.212125 0.104581 0.146982 0.006222 -0.357827 -0.266731 -0.259471 -0.422437 -0.376332 -0.341077 -0.557437 0.030633 -0.225531 -0.245393 0.197143 -0.014389 -0.088277 -0.010211 0.302032 0.326179 0.127244 0.166648 -0.066007 0.173150 -0.264527 -0.214428 -0.379069 -0.176667 -0.151001 -0.345461 -0.245313 -0.259524
0.163321 0.455912 -0.598775 -0.379809 -0.303996 -0.284397 -0.444243 -0.304002 0.051872 -0.082184 0.504280 0.382771 0.159121 0.469530 -0.212645 0.122617 0.624957 1.000000 -0.193388 0.116178 -0.407778 -0.440948 -0.452919 -0.430808 -0.610725 -0.396682 -0.111846 -0.461387 0.578053 0.559289 -0.567725 -0.555196 0.436123 0.024661 -0.614224 -0.437793 -0.005550 -0.229512 -0.267761 -0.286483 -0.074832 0.005920 -0.025942 -0.067887 -0.305852 -0.191862 0.291723 0.059161 0.042553 0.162669 -0.324563 0.274339 0.520396 0.275386 0.349467 0.157906 0.576292 0.486377 0.367549 0.411468 0.291625 0.571565 0.547660 0.698434 -0.583246 -0.101080 0.213062 -0.313221 0.298316 0.385091 -0.017639 -0.317774 0.627579 0.308616 0.256844 0.075435 0.175476 -0.009010 0.174900 0.376971 0.603099 0.551168 -0.084209 0.261611 -0.076207 -0.082092 0.179737 -0.071114 -0.437562 0.027570 -0.054853 -0.545714 -0.187533 -0.275253 -0.321909 -0.255564 -0.126608 -0.250268 0.293712 -0.004795 0.312474 0.087042 0.399405 0.352018 -0.135177 -0.107266 -0.205446 -0.146176 -0.262245 -0.383122 -0.240565 -0.169473 0.029245 -0.075659 0.005388 -0.050756
0.267831 -0.318949 0.394121 0.080411 0.330387 -0.190169 0.336914 -0.135686 0.010039 -0.129398 -0.016269 -0.257071 -0.046931 -0.273080 0.214709 -0.402570 0.231214 -0.193388 1.000000 0.545269 -0.087557 0.079028 0.295283 0.326840 0.207550 -0.110459 0.011697 -0.052916 0.251286 -0.209312 0.249765 0.219285 0.156459 0.124817 0.302307 -0.109525 -0.194585 -0.328563 -0.186748 -0.181898 -0.111563 0.035359 -0.179209 -0.217492 -0.132618 -0.269970 -0.213989 -0.364322 -0.464888 -0.225164 -0.097648 -0.311608 -0.295273 -0.301167 -0.234944 -0.074374 0.093588 0.021708 -0.194747 -0.245626 -0.158461 -0.514344 0.120256 -0.141695 0.261588 -0.376545 -0.058139 -0.075402 0.223569 0.012019 0.062233 -0.076937 -0.003543 -0.062427 0.112470 -0.248714 0.072986 -0.085467 0.373167 0.331914 0.226519 0.287251 0.174477 -0.058514 0.445923 0.114882 0.211735 -0.133487 0.279867 -0.117080 -0.167770 0.271850 -0.140731 0.256181 -0.081720 0.097431 -0.091093 -0.043893 -0.279643 -0.070847 -0.304545 0.143475 0.015235 0.157895 0.157270 0.000118 0.020625 0.145850 0.007586 0.003107 -0.160395 -0.167507 -0.235067 -0.193129 -0.111192 -0.230508
0.067158 0.327654 -0.060905 -0.111207 0.176002 -0.465939 0.093533 -0.086935 0.094044 0.131044 0.170538 0.260248 0.062351 0.191512 0.094201 0.038903 0.307946 0.116178 0.545269 1.000000 -0.050432 -0.156334 -0.100002 0.142252 -0.120273 -0.365169 -0.248713 -0.372606 0.409071 0.198716 -0.000932 0.003292 0.150833 0.164824 0.022439 -0.323576 -0.134589 -0.236684 -0.202299 0.018034 -0.086892 -0.010890 -0.370794 -0.463312 -0.351936 -0.317305 -0.068500 -0.085365 -0.377460 -0.150553 -0.464405 -0.039260 0.090638 0.054128 -0.266597 -0.089284 0.177478 0.255598 -0.113027 -0.010851 -0.143067 -0.031252 -0.010410 -0.081790 -0.120923 -0.221591 -0.191304 -0.292285 0.217166 0.412203 0.179126 -0.161468 0.329287 0.210287 0.233266 -0.064093 0.063890 0.095631 0.338904 0.193804 0.342154 0.305575 0.321792 0.336115 0.123443 -0.270949 -0.001859 -0.076379 -0.135896 -0.132101 0.187500 0.240757 0.036265 0.151531 -0.144615 0.066407 -0.052525 0.075192 0.074242 0.057190 0.193880 0.018488 0.156971 0.229460 0.229884 0.065288 0.094807 0.192067 0.221368 -0.080005 -0.143614 0.175190 0.161541 0.014702 -0.171587 -0.236906
-0.208063 0.036340 0.225066 0.419787 -0.121528 0.310022 -0.146377 0.138733 -0.053673 -0.193935 -0.194190 -0.083901 0.092018 -0.035505 0.233505 0.224540 -0.454393 -0.407778 -0.087557 -0.050432 1.000000 0.535397 0.400626 0.383207 0.442297 0.554276 0.314530 0.646427 -0.462688 -0.317859 0.264255 0.362589 -0.326898 -0.005416 0.311166 0.475506 0.015818 0.286878 0.405639 0.260334 0.096948 0.133141 -0.258637 -0.097246 -0.207695 -0.154364 -0.263309 -0.090107 -0.072552 -0.384231 0.392565 -0.218594 -0.056298 -0.046256 0.153958 -0.197296 -0.225225 -0.062875 -0.540410 -0.340165 -0.171782 -0.316604 -0.522134 -0.458357 0.337557 0.178811 -0.492434 0.055060 -0.050175 -0.065069 0.090709 0.372469 -0.425391 -0.083889 -0.165272 0.224693 -0.137639 0.098598 -0.095002 -0.242879 -0.239796 -0.297430 0.469510 -0.085406 0.144404 0.098231 0.021988 0.217838 0.429924 0.240370 0.131243 0.376777 0.321618 0.347008 0.216504 0.227152 0.169331 0.185838 -0.328827 -0.054418 -0.071160 -0.201626 -0.423077 -0.217907 0.133534 0.108478 0.305093 -0.012512 0.301457 0.184394 0.420532 0.131589 -0.042656 0.337298 0.083221 -0.039690
0.077470 -0.249018 0.300142 0.349202 0.038319 0.282176 0.165357 0.155763 -0.068401 -0.121504 -0.235804 -0.301791 -0.002287 -0.195108 0.163965 0.032513 -0.331956 -0.440948 0.079028 -0.156334 0.535397 1.000000 0.263551 0.189660 0.242354 0.319855 0.058054 0.474749 -0.454965 -0.412544 0.260956 0.257172 -0.348200 -0.030010 0.148211 0.202176 -0.000059 0.121344 0.208109 0.177949 -0.094045 0.125983 -0.039385 0.032845 -0.074532 -0.092545 -0.138862 -0.100138 -0.045065 -0.243390 0.111299 -0.292766 -0.175219 -0.147019 0.145632 -0.175385 -0.227439 -0.313048 -0.274926 -0.256057 -0.078122 -0.357098 -0.261471 -0.254061 0.152360 0.010054 -0.222236 0.122434 -0.063710 -0.248010 0.225765 0.465269 -0.414189 -0.084150 -0.014761 0.154395 0.210718 0.190628 0.020250 -0.103551 -0.273930 -0.222828 0.132067 -0.119397 -0.029373 -0.014779 -0.123410 -0.059267 0.336282 0.139670 0.064685 0.297726 0.206435 0.364610 0.078101 0.283083 0.138735 0.178933 -0.308321 0.035347 0.024599 0.159463 -0.075763 -0.068960 0.122437 0.078111 0.372937 0.291023 0.162127 0.388517 0.260497 -0.048429 -0.137908 0.165939 0.143396 0.155581
-0.120522 -0.372176 0.438400 0.481364 0.058690 0.395087 -0.108454 -0.202257 -0.168811 -0.391233 -0.319566 -0.476742 -0.157852 -0.549617 0.529695 -0.177639 -0.279219 -0.452919 0.295283 -0.100002 0.400626 0.263551 1.000000 0.765943 0.773640 0.698304 0.543512 0.696727 -0.319293 -0.420304 0.424752 0.531136 -0.080938 -0.334111 0.605852 0.464314 0.084044 0.253702 0.373113 0.189920 0.101417 0.058178 -0.184146 0.046065 -0.058374 -0.100949 -0.352573 -0.194176 -0.310619 -0.275816 0.607143 -0.326075 -0.533431 -0.389581 -0.106526 -0.044400 -0.146801 0.002598 -0.610521 -0.362254 -0.508791 -0.696741 -0.353200 -0.438952 0.647812 -0.214775 -0.181092 0.302919 0.076097 0.035297 -0.053574 0.227745 -0.407668 -0.213443 -0.125003 0.080870 -0.128311 -0.005708 0.016143 0.124987 -0.092585 -0.107441 0.248295 -0.317823 0.586624 0.349790 0.326209 0.279593 0.684701 0.108701 -0.276191 0.352927 0.024003 0.058655 0.106766 -0.019613 0.090898 -0.074677 -0.570882 -0.252331 -0.528746 -0.246446 -0.585026 -0.411025 0.044594 -0.002448 -0.111011 -0.214179 0.006978 -0.111292 0.495744 -0.023914 -0.165961 -0.041649 0.038341 -0.160830
-0.272809 -0.280256 0.405189 0.687697 0.160993 0.234665 0.131118 0.180199 -0.111063 -0.117748 -0.238804 -0.086285 -0.195430 -0.365485 0.324300 -0.002317 -0.291940 -0.430808 0.326840 0.142252 0.383207 0.189660 0.765943 1.000000 0.682250 0.561094 0.308995 0.392173 -0.242429 -0.257977 0.516729 0.676069 -0.209058 -0.200444 0.637378 0.288323 -0.012676 0.013831 0.182548 -0.016508 -0.000893 -0.070082 -0.310899 -0.192471 -0.043821 -0.070884 -0.377140 -0.250312 -0.425347 -0.244167 0.285651 -0.298858 -0.465997 -0.286009 -0.136401 -0.112316 -0.255007 -0.143258 -0.715537 -0.461368 -0.611470 -0.630239 -0.384013 -0.548966 0.587590 -0.077921 -0.382768 0.274201 -0.157313 0.007475 0.091087 0.337823 -0.326924 -0.121366 -0.037684 0.014285 -0.158192 -0.026614 0.071214 0.072628 -0.161636 -0.170473 0.297878 -0.058048 0.472521 0.439283 0.164158 0.237521 0.449736 -0.049833 0.045277 0.379200 0.367059 -0.002583 0.108038 -0.192642 -0.070993 -0.105320 -0.406519 -0.218835 -0.403580 -0.283439 -0.537513 -0.414312 0.039177 -0.099066 -0.114911 -0.260860 -0.008127 -0.098426 0.244677 0.031681 -0.172173 0.028132 0.002730 -0.110954
-0.136213 -0.393608 0.586881 0.483642 0.345224 0.397571 0.169572 -0.019635 0.062245 -0.277565 -0.415281 -0.476930 -0.151484 -0.580830 0.382730 -0.183259 -0.435955 -0.610725 0.207550 -0.120273 0.442297 0.242354 0.773640 0.682250 1.000000 0.660312 0.492921 0.663004 -0.467034 -0.550259 0.500273 0.515776 -0.187004 -0.228551 0.638924 0.508719 0.016501 0.251892 0.330705 0.234965 0.112382 -0.106482 -0.198763 -0.035596 0.005819 -0.103404 -0.317852 -0.181245 -0.239795 -0.319689 0.566914 -0.338875 -0.299617 -0.306399 -0.130672 -0.081409 -0.408760 -0.122840 -0.491224 -0.259213 -0.372982 -0.591784 -0.442630 -0.476618 0.655793 -0.082718 -0.160169 0.282715 -0.071861 -0.108159 0.034221 0.203585 -0.521072 -0.260076 -0.148062 0.050911 -0.271950 -0.158674 -0.112988 -0.116493 -0.309330 -0.311577 0.308504 -0.397237 0.361794 0.300239 0.073160 0.313897 0.588963 0.176592 -0.197430 0.527906 -0.021046 0.104853 0.295154 0.045941 0.055190 0.140952 -0.517547 -0.125278 -0.500677 -0.275767 -0.610373 -0.348042 0.104812 0.001929 0.028352 -0.120539 0.108268 0.092394 0.440182 0.061376 -0.130894 0.010509 -0.067018 -0.073501
-0.137624 -0.240719 0.337723 0.533012 -0.039720 0.685813 -0.186557 -0.081321 -0.140216 -0.317759 -0.335457 -0.365539 -0.173722 -0.432376 0.216458 -0.021887 -0.442292 -0.396682 -0.110459 -0.365169 0.554276 0.319855 0.698304 0.561094 0.660312 1.000000 0.647387 0.855082 -0.434248 -0.343679 0.326985 0.384157 -0.160324 -0.260149 0.491203 0.727375 0.219100 0.418293 0.595444 0.236466 0.330846 0.231209 -0.137225 0.106412 -0.078419 -0.112816 -0.404264 -0.147037 -0.069045 -0.369154 0.718155 -0.284819 -0.267696 -0.394006 0.123686 -0.158729 -0.233434 -0.110803 -0.479086 -0.251908 -0.353332 -0.462642 -0.388766 -0.321327 0.531605 0.025390 -0.218522 0.420652 0.019580 -0.060378 -0.035575 0.174839 -0.429008 -0.163416 -0.046743 0.198269 -0.010857 0.067330 -0.240601 -0.071817 -0.304094 -0.326964 0.214842 -0.239610 0.307724 0.452737 0.230198 0.262191 0.545284 0.250690 -0.157208 0.223827 0.147236 0.097339 0.203169 0.108377 0.073148 0.036091 -0.533474 -0.174359 -0.338575 -0.201334 -0.532443 -0.266034 -0.175045 -0.152933 -0.044626 -0.228144 0.144167 0.052456 0.687474 -0.033480 -0.258469 0.139970 0.152828 -0.087398
0.045562 -0.121061 0.131648 0.146983 0.186979 0.528574 -0.368431 -0.266866 0.112176 -0.247147 -0.138795 -0.515813 0.006720 -0.291682 0.395155 -0.114352 -0.097260 -0.111846 0.011697 -0.248713 0.314530 0.058054 0.543512 0.308995 0.492921 0.647387 1.000000 0.698624 -0.255196 -0.307925 -0.066227 0.088894 -0.004736 -0.194760 0.121287 0.451433 0.157918 0.294166 0.483268 0.348517 0.226502 0.134460 -0.105387 0.125962 -0.311887 -0.287654 -0.259485 -0.153200 -0.178685 -0.330495 0.706642 -0.267703 -0.131960 -0.467373 0.268011 -0.008258 -0.028471 0.163663 -0.261925 -0.055133 -0.070761 -0.296126 -0.069189 0.049221 0.319812 -0.146957 -0.074378 0.104540 0.291875 -0.014514 -0.091758 -0.106002 -0.306599 -0.077338 -0.056477 0.084939 -0.194891 -0.237420 -0.204859 0.048305 -0.010584 -0.000771 0.355083 -0.238968 0.464194 0.365383 0.512268 0.360545 0.577428 0.340568 -0.320489 0.126833 -0.281344 -0.076398 0.167457 0.063828 0.151732 0.147836 -0.397992 -0.131952 -0.300605 -0.096392 -0.321475 -0.093025 -0.143273 -0.056692 -0.069989 -0.122744 0.087438 -0.042775 0.431687 -0.143135 -0.199867 0.195021 0.133365 0.062089
0.029860 -0.252635 0.375508 0.436201 -0.026843 0.654050 -0.215767 -0.189077 -0.117081 -0.408722 -0.400820 -0.582346 -0.060889 -0.466822 0.329095 -0.106119 -0.418421 -0.461387 -0.052916 -0.372606 0.646427 0.474749 0.696727 0.392173 0.663004 0.855082 0.698624 1.000000 -0.547850 -0.506097 0.229708 0.262809 -0.187394 -0.242843 0.362380 0.712154 0.194780 0.494221 0.581505 0.397500 0.265820 0.223003 -0.115947 0.138327 -0.146510 -0.186713 -0.313515 -0.105323 0.000854 -0.415919 0.799135 -0.341022 -0.191185 -0.353319 0.213410 -0.118173 -0.196158 -0.055331 -0.387130 -0.190722 -0.193893 -0.487297 -0.352357 -0.261256 0.461113 -0.020186 -0.136890 0.337171 0.066244 -0.134716 -0.135997 0.122209 -0.539647 -0.276351 -0.150623 0.148511 -0.082754 0.014920 -0.194949 -0.036130 -0.277105 -0.316090 0.264615 -0.409341 0.255384 0.311763 0.177483 0.276470 0.650542 0.363000 -0.209051 0.271990 0.000932 0.237314 0.248838 0.224060 0.260226 0.147134 -0.532189 -0.096700 -0.313393 -0.096957 -0.470842 -0.220844 -0.062053 -0.019388 0.085148 -0.077456 0.188775 0.148495 0.707058 -0.012703 -0.171694 0.185119 0.188163 -0.034446
0.270842 0.109474 -0.377191 -0.432644 -0.124663 -0.476221 -0.168503 -0.331796 0.151379 -0.010564 0.636290 0.370640 0.164653 0.366307 -0.015382 0.049760 0.637466 0.578053 0.251286 0.409071 -0.462688 -0.454965 -0.319293 -0.242429 -0.467034 -0.434248 -0.255196 -0.547850 1.000000 0.585655 -0.160093 -0.241369 0.567902 0.140739 -0.253493 -0.419280 0.116644 -0.255208 -0.232956 -0.267377 0.156678 0.189731 0.072876 0.100585 -0.122592 -0.058917 0.104279 0.027520 -0.167665 0.098010 -0.456365 0.019112 0.062614 -0.051084 -0.005889 0.139203 0.402191 0.243349 0.305713 0.008139 0.161428 0.206894 0.574039 0.416162 -0.355904 -0.311482 0.066820 -0.355050 0.219691 0.262268 -0.034418 -0.270229 0.841479 0.294932 0.419248 -0.049099 0.257960 0.150750 0.264889 0.400664 0.699426 0.647618 0.069972 0.451870 0.202759 -0.049619 0.169173 -0.163448 -0.436386 -0.338017 -0.227980 -0.306761 -0.159182 -0.149037 -0.208763 -0.122976 -0.013515 -0.350503 0.141229 -0.017528 0.029532 -0.012531 0.247222 0.267717 -0.350932 -0.295009 -0.202573 -0.269161 0.044203 -0.392247 -0.229156 -0.088982 -0.044894 -0.141666 -0.302378 -0.320253
-0.169931 0.210596 -0.482888 -0.314205 -0.226061 -0.308269 -0.293303 0.023691 -0.022665 0.335120 0.244721 0.550497 -0.086132 0.532190 -0.401969 0.228090 0.320622 0.559289 -0.209312 0.198716 -0.317859 -0.412544 -0.420304 -0.257977 -0.550259 -0.343679 -0.307925 -0.506097 0.585655 1.000000 -0.169155 -0.083721 0.304869 0.226081 -0.421139 -0.268143 0.298577 0.091459 -0.071117 -0.127930 0.131602 0.333933 0.185833 0.109680 -0.039348 0.068911 0.304693 0.327256 -0.045568 0.258717 -0.365847 0.301546 0.090390 0.320450 -0.103139 -0.001576 0.236758 -0.009250 0.075486 -0.077483 -0.049516 0.351125 0.247448 0.234226 -0.419398 -0.010212 -0.198511 -0.325234 -0.170433 0.019419 0.193678 -0.096200 0.723051 0.633208 0.470630 0.375842 0.413209 0.504539 0.071911 0.187241 0.274971 0.304667 -0.215373 0.531373 -0.114203 -0.277674 0.075192 -0.033362 -0.514930 -0.422683 0.169543 -0.360828 0.154792 -0.182419 -0.138473 -0.197854 -0.077009 -0.211792 0.423743 0.077331 0.312678 -0.142859 0.287961 0.121438 -0.348361 -0.110850 -0.291179 -0.193110 0.032811 -0.207402 -0.122441 -0.043717 0.193348 0.120008 0.097682 0.006298
-0.212031 -0.465173 0.535488 0.440356 0.077077 0.073232 0.478579 0.261287 -0.132464 0.032237 -0.201765 -0.094532 -0.177137 -0.349682 0.005050 -0.221656 -0.417821 -0.567725 0.249765 -0.000932 0.264255 0.260956 0.424752 0.516729 0.500273 0.326985 -0.066227 0.229708 -0.160093 -0.169155 1.000000 0.848693 -0.027284 0.216364 0.669099 0.400766 -0.166422 0.010109 0.134769 -0.035583 -0.098383 -0.062478 -0.060305 0.015909 0.280168 0.121559 -0.229142 -0.133908 -0.157250 -0.106057 0.120460 -0.146876 -0.434123 -0.048682 -0.404124 -0.174494 -0.475441 -0.356020 -0.494217 -0.490660 -0.451404 -0.438839 -0.540254 -0.649339 0.526753 0.091025 -0.351416 0.220542 -0.438115 -0.264838 -0.025339 0.579273 -0.225923 -0.172542 0.008528 0.107929 0.037804 0.232884 0.056597 -0.036315 -0.381435 -0.238491 -0.113056 -0.223230 0.211625 0.098279 -0.139736 0.071942 0.219239 -0.214524 -0.131991 0.412248 0.226370 0.156807 -0.005103 0.016806 -0.184471 -0.227209 -0.296757 -0.147243 -0.372942 -0.290624 -0.614040 -0.302334 0.050857 0.073775 -0.200207 -0.133686 -0.048730 -0.014137 0.167227 -0.001980 -0.108583 -0.140148 0.021015 -0.164818
-0.394850 -0.393365 0.459625 0.581447 0.122447 0.197569 0.343286 0.427213 -0.093281 0.181731 -0.277243 -0.024486 -0.168267 -0.204193 0.124276 -0.014876 -0.489555 -0.555196 0.219285 0.003292 0.362589 0.257172 0.531136 0.676069 0.515776 0.384157 0.088894 0.262809 -0.241369 -0.083721 0.848693 1.000000 -0.127376 0.202418 0.649707 0.424356 -0.010175 0.071051 0.241637 0.091339 -0.042281 0.009685 -0.162451 -0.095977 0.167646 0.059636 -0.313681 -0.159552 -0.294931 -0.171834 0.130134 -0.188368 -0.547934 -0.120248 -0.339153 -0.144048 -0.468073 -0.407719 -0.683536 -0.600401 -0.466122 -0.498931 -0.548016 -0.675181 0.603003 0.113198 -0.547108 0.150552 -0.466872 -0.301343 0.056975 0.656386 -0.245697 -0.035444 -0.056623 0.138571 -0.064546 0.220281 -0.068929 -0.113884 -0.433247 -0.285119 0.001962 -0.029908 0.261413 0.111344 0.019947 0.137891 0.343915 -0.166590 0.003489 0.398672 0.381213 0.119575 0.158754 -0.088286 -0.122175 -0.178292 -0.304819 -0.214910 -0.346269 -0.241955 -0.592699 -0.443303 0.023390 -0.018553 -0.220631 -0.218689 0.027814 -0.041764 0.156768 -0.053049 -0.086368 0.000747 0.089690 -0.058614
0.112634 -0.095741 0.011920 -0.189348 -0.115256 -0.274998 -0.050045 -0.305131 0.038781 -0.264047 0.247286 0.080378 0.198810 0.159324 -0.021275 -0.101426 0.458851 0.436123 0.156459 0.150833 -0.326898 -0.348200 -0.080938 -0.209058 -0.187004 -0.160324 -0.004736 -0.187394 0.567902 0.304869 -0.027284 -0.127376 1.000000 0.372579 -0.029811 -0.098335 0.059393 0.001068 0.066914 -0.143823 0.172312 0.106654 -0.063435 0.007706 -0.052807 -0.173758 0.019246 -0.083766 -0.195502 -0.073605 -0.035891 -0.189589 0.007661 -0.110407 0.022354 0.311140 0.304968 0.319628 0.164946 0.046084 0.255101 0.087504 0.368285 0.309056 0.066794 -0.211572 0.174121 -0.101401 0.231232 0.191766 -0.160704 -0.225633 0.551608 0.048925 0.249593 -0.102585 0.124815 0.089216 0.149180 0.542401 0.422983 0.495229 -0.056901 0.080135 0.215477 0.073081 0.150322 0.041036 -0.140905 -0.158710 -0.520488 -0.309567 -0.422275 -0.335471 -0.293147 -0.138398 -0.078934 -0.382675 -0.107636 -0.147251 -0.292990 -0.216205 -0.138654 0.110331 -0.197559 -0.275296 -0.250918 -0.339036 -0.096223 -0.335283 -0.015590 -0.177363 -0.219149 -0.338548 -0.363785 -0.383343
-0.088047 -0.143871 0.135666 -0.093267 -0.018124 -0.181145 0.346989 0.337806 -0.074283 0.214801 0.048315 0.165659 0.166132 0.269255 -0.246213 -0.072211 0.071409 0.024661 0.124817 0.164824 -0.005416 -0.030010 -0.334111 -0.200444 -0.228551 -0.260149 -0.194760 -0.242843 0.140739 0.226081 0.216364 0.202418 0.372579 1.000000 0.092629 0.057395 -0.118634 -0.098471 0.106052 -0.087435 -0.003082 0.022663 -0.140454 -0.265933 0.063154 -0.114277 -0.165949 -0.311360 -0.128928 -0.176898 -0.277155 -0.180629 0.010142 0.058733 -0.072993 -0.086652 -0.136306 -0.168556 0.025960 -0.132779 0.294918 0.151964 -0.013234 -0.068321 0.139169 0.293497 -0.145592 -0.131384 -0.099586 -0.216540 -0.163867 0.159937 0.205752 0.046594 0.108576 -0.063575 -0.011352 0.169945 0.117848 -0.028224 -0.100830 0.138638 -0.126608 -0.010715 -0.128777 -0.106267 -0.108349 -0.133052 -0.160830 -0.133756 -0.219731 -0.165041 -0.183012 -0.075834 -0.090922 0.017895 -0.394070 -0.020611 -0.085489 -0.039912 -0.058568 -0.150771 -0.017162 0.226004 0.023481 0.129082 -0.053204 0.133964 -0.112714 0.095235 -0.209405 -0.360389 -0.148895 -0.079109 -0.006827 0.142687
-0.288370 -0.314031 0.546100 0.422359 0.187657 0.199742 0.377906 0.108592 -0.052482 -0.121617 -0.238662 -0.103851 0.014976 -0.316075 0.279392 -0.165824 -0.451147 -0.614224 0.302307 0.022439 0.311166 0.148211 0.605852 0.637378 0.638924 0.491203 0.121287 0.362380 -0.253493 -0.421139 0.669099 0.649707 -0.029811 0.092629 1.000000 0.563574 0.040618 0.102436 0.257339 0.072783 0.199322 -0.003700 -0.280455 -0.218439 0.199249 -0.026038 -0.567803 -0.383150 -0.241698 -0.329872 0.259808 -0.380497 -0.522239 -0.342606 -0.354054 -0.155716 -0.447837 -0.131233 -0.523008 -0.380766 -0.340476 -0.474127 -0.509309 -0.680487 0.824584 0.103338 -0.197810 0.360383 -0.102586 -0.035254 -0.069391 0.286285 -0.295634 -0.336735 -0.161743 -0.066644 -0.282060 -0.067544 -0.059766 -0.113391 -0.343454 -0.252622 0.162261 -0.226531 0.334993 0.368987 0.044937 0.145146 0.457663 0.052771 -0.197608 0.471394 0.064779 0.125577 0.148121 -0.000134 -0.111527 -0.066734 -0.557581 -0.231648 -0.536667 -0.267555 -0.610938 -0.378152 0.073337 -0.067603 -0.165302 -0.231623 0.062847 0.024545 0.271767 -0.061500 -0.200623 -0.123780 -0.187881 -0.167423
-0.195327 -0.160519 0.395589 0.305858 0.024789 0.516849 0.014786 -0.048476 0.005513 -0.055010 -0.413492 -0.293636 0.044655 -0.212256 0.138242 -0.145975 -0.598846 -0.437793 -0.109525 -0.323576 0.475506 0.202176 0.464314 0.288323 0.508719 0.727375 0.451433 0.712154 -0.419280 -0.268143 0.400766 0.424356 -0.098335 0.057395 0.563574 1.000000 0.259097 0.460969 0.539977 0.312162 0.423452 0.309934 -0.200387 -0.003444 -0.002783 -0.134268 -0.437167 -0.091602 0.172042 -0.380718 0.627285 -0.190894 -0.173641 -0.234367 0.033842 -0.302513 -0.425844 -0.180081 -0.329392 -0.145712 -0.154210 -0.227640 -0.538295 -0.431317 0.537186 0.175432 -0.161493 0.461289 -0.056210 -0.021725 -0.181713 0.083917 -0.368273 -0.258754 -0.167448 0.144864 -0.178998 0.070918 -0.375902 -0.248467 -0.489285 -0.458441 0.065314 -0.292927 0.090775 0.170442 0.182891 0.137818 0.521631 0.407575 -0.102239 0.319967 0.071168 0.334670 0.275531 0.027150 0.029353 0.008439 -0.479555 -0.193319 -0.197547 -0.097003 -0.402923 -0.153309 -0.246430 -0.084753 -0.211674 -0.251382 0.185416 0.000224 0.646778 -0.120735 -0.195626 0.088587 0.159524 -0.030290
