1.000000 0.156630 -0.117929 0.202970 -0.371007 -0.306676 -0.083245 0.011562 -0.189503 -0.356634 0.280716 0.291219 0.109244 0.075828 0.158587 0.064391 0.121891 0.259447 0.522767 0.395792 -0.032549 -0.076872 0.064304 0.121437 -0.105146 0.067825 -0.145455 0.271554 0.158652 0.158648 -0.030401 -0.001155 0.117056 0.344119 0.141071 -0.234118 -0.017553 0.090157 -0.295752 -0.049270 0.087205 0.027226 0.139815 0.091338 0.038960 -0.335194 0.023031 -0.141401 -0.297192 -0.445010 0.036926 0.007765 0.036607 0.293649 -0.188978 0.037954 0.192530 0.014789 -0.276201 -0.456699 0.281189 -0.096713 0.000278 0.122566 0.413327 0.008766 -0.189895 -0.518300 -0.219483 -0.275800 -0.173687 0.122840 0.164302 0.098985 0.194354 0.012499 0.122394 0.339427 0.135851 0.357598 0.055132 0.145523 -0.042625 0.224706 0.051319 0.242842 -0.248583 -0.103049 -0.378201 -0.097709 -0.299222 -0.109263 -0.101535 -0.171445 -0.019207 0.009936 -0.084685 -0.040531 -0.368055 -0.024761 -0.363303 -0.017868 -0.355366 -0.143031 -0.368693 0.067557 -0.336710 -0.148576 -0.120215 0.063939 -0.022934 -0.029261 -0.026338 -0.023242 -0.094945 -0.277537
0.156630 1.000000 0.218620 0.437653 0.117119 0.241307 0.267271 0.368009 0.118149 0.313756 -0.022500 -0.010371 -0.093137 -0.006911 0.092675 0.027415 -0.453414 0.133212 0.297420 0.619320 -0.234459 -0.058718 0.106405 0.160148 -0.015003 0.238522 0.173010 0.385993 -0.330237 -0.097282 -0.105614 -0.064296 -0.240879 0.097913 -0.685832 -0.343547 -0.457319 -0.204994 0.068133 0.085909 -0.082467 0.283528 -0.483776 -0.276425 -0.472224 0.003766 -0.472642 -0.026462 -0.299109 -0.028354 -0.430363 0.052728 -0.372461 -0.218892 -0.493683 -0.212988 -0.046497 0.397010 0.116647 0.268788 -0.495737 0.083088 -0.581754 0.508863 -0.380686 0.219982 -0.317953 -0.113935 0.358164 0.191663 -0.173126 -0.006790 -0.436491 0.000893 -0.278774 0.032970 -0.454494 -0.262082 -0.440408 -0.011750 -0.324183 0.026685 0.036164 0.305564 -0.401300 0.318891 0.121658 0.208957 -0.079253 0.192706 -0.123963 -0.234261 0.215914 -0.028147 -0.029618 -0.076256 -0.286410 -0.115269 -0.287720 -0.470460 0.145253 0.348366 0.127698 0.147964 -0.088622 -0.369404 -0.297089 -0.153524 -0.299762 -0.315929 -0.108288 -0.324317 -0.526871 -0.586664 -0.655940 -0.223841
-0.117929 0.218620 1.000000 0.702560 0.653016 0.385181 0.776558 0.525524 0.438804 0.637959 -0.169297 -0.282987 0.221091 -0.122862 0.012673 0.032470 -0.486248 -0.296359 0.260257 0.086571 0.266167 0.246959 0.763306 0.625543 0.569223 0.503433 0.480373 0.092961 -0.368528 -0.418810 0.094334 -0.004138 -0.292176 -0.102078 -0.308056 0.028841 -0.526358 -0.398003 0.392248 0.032894 -0.225045 0.254086 -0.182125 0.006742 -0.374800 -0.063349 -0.416617 0.222499 -0.036510 -0.015842 -0.003264 0.120320 0.105582 0.186720 -0.341472 -0.342374 -0.443118 -0.036894 -0.041100 0.254238 -0.559509 -0.197749 -0.394257 0.150619 -0.381182 -0.005937 -0.272305 0.257607 0.015840 0.247675 0.229748 0.010620 -0.359848 -0.163401 -0.315862 -0.198178 -0.616649 -0.615868 -0.588255 -0.353917 -0.511238 -0.409692 -0.110580 -0.114670 -0.582124 -0.064646 0.188836 0.304508 -0.119176 0.203030 0.094487 0.252988 0.135286 0.137464 -0.162464 -0.100692 -0.559224 -0.342780 -0.444577 -0.413994 -0.061527 0.185783 -0.092838 -0.070436 -0.178697 -0.401063 -0.392397 -0.133016 -0.213746 -0.550020 -0.120034 -0.243582 -0.384063 -0.551305 -0.554623 -0.260168
0.202970 0.437653 0.702560 1.000000 0.433976 0.383526 0.446311 0.755538 0.288826 0.490731 -0.111011 -0.096254 0.159894 0.080619 0.099527 0.207928 -0.394484 -0.124059 0.372969 0.342339 0.285218 0.244065 0.675543 0.744477 0.476538 0.568864 0.474340 0.297937 -0.326144 -0.344211 0.087063 0.035117 -0.422520 -0.042737 -0.386509 -0.022522 -0.585751 -0.438581 0.200965 -0.007891 -0.309054 0.414991 -0.195414 -0.056906 -0.411238 -0.087971 -0.364730 0.074576 -0.291911 -0.177448 -0.233359 0.054694 -0.062123 0.260312 -0.401280 -0.261031 -0.218509 0.000501 -0.181774 0.006375 -0.407259 0.115732 -0.420601 0.240065 -0.305496 0.273442 -0.583705 -0.178722 -0.143066 0.005505 0.231731 0.135351 -0.384848 0.013226 -0.310934 -0.217717 -0.683379 -0.500090 -0.432181 -0.229901 -0.355630 -0.289432 -0.220056 0.047692 -0.508135 0.094226 0.105785 0.400439 -0.211042 0.222417 0.041792 0.067289 0.266614 0.046105 -0.252263 -0.142562 -0.606319 -0.427293 -0.431324 -0.443031 -0.036071 0.312092 -0.135790 -0.001936 -0.239517 -0.334245 -0.520046 -0.408049 -0.332462 -0.635315 -0.319933 -0.372405 -0.348642 -0.549426 -0.593074 -0.429474
-0.371007 0.117119 0.653016 0.433976 1.000000 0.585591 0.482690 0.343192 0.637931 0.723066 -0.361061 -0.544633 -0.016523 -0.358526 -0.133081 -0.016346 -0.475381 -0.499608 -0.253058 -0.121472 0.326976 0.243050 0.435410 0.352898 0.372748 0.262615 0.775585 -0.090602 -0.639136 -0.612943 -0.233122 -0.291478 -0.444800 -0.350717 -0.322627 0.275524 -0.616664 -0.441642 0.518227 0.067178 -0.559000 0.345806 -0.104859 -0.021768 -0.260064 0.288565 -0.265764 0.224141 0.136000 0.430124 -0.022801 0.120051 0.174470 -0.149740 -0.253626 -0.414233 -0.231885 0.067507 0.107220 0.452546 -0.488131 0.157906 -0.240591 0.028643 -0.538479 0.235518 -0.030506 0.489734 0.248311 0.370702 0.350589 -0.173256 -0.606788 -0.277780 -0.691380 -0.330706 -0.618035 -0.653865 -0.570177 -0.585777 -0.552971 -0.556135 -0.119113 -0.411314 -0.527097 -0.445796 0.298839 0.268435 0.120533 -0.061965 0.469228 0.303988 0.501961 0.456828 -0.148791 -0.202446 -0.402558 -0.252068 0.006667 -0.075103 0.393906 0.431207 0.281037 0.292593 0.186173 -0.211237 -0.357535 -0.004235 -0.229721 -0.418511 0.002218 0.056266 -0.198947 -0.301211 -0.373889 -0.121773
-0.306676 0.241307 0.385181 0.383526 0.585591 1.000000 0.272540 0.311942 0.395529 0.720656 -0.159077 -0.205844 0.114617 -0.109480 0.204643 0.283857 -0.363293 -0.142059 -0.114312 -0.052861 0.307809 0.120610 0.343137 0.353715 0.391683 0.452474 0.714976 0.418410 -0.367142 -0.265831 0.030530 -0.020416 -0.467483 -0.279866 -0.486276 0.087468 -0.468796 -0.376613 0.170745 -0.085235 -0.299545 0.340560 -0.368730 -0.221421 -0.459208 0.191695 -0.506471 -0.161718 -0.275520 0.301275 -0.378284 0.012988 -0.261332 -0.157639 -0.332415 -0.415326 -0.089511 0.204482 0.038412 0.390715 -0.529623 0.220471 -0.313728 0.226551 -0.564782 0.495449 -0.148387 0.150048 0.300137 0.186682 0.259171 0.106270 -0.499599 0.027051 -0.459441 -0.061617 -0.528381 -0.465153 -0.366831 -0.391275 -0.152564 -0.096088 -0.073352 -0.213579 -0.254702 -0.082166 0.302503 0.374788 0.269196 0.134399 0.064180 -0.090257 0.321499 0.168489 -0.189311 -0.088853 -0.431318 -0.283350 -0.173283 -0.335877 0.436701 0.324078 0.379233 0.308892 0.236761 -0.272034 -0.045630 -0.057350 -0.223844 -0.399532 -0.305951 -0.256571 -0.199110 -0.375550 -0.349024 -0.047487
-0.083245 0.267271 0.776558 0.446311 0.482690 0.272540 1.000000 0.503901 0.281862 0.590364 0.148321 -0.113109 0.460199 0.019776 0.105546 0.144956 -0.276584 -0.193844 0.152224 0.235772 0.287966 0.224408 0.547759 0.413181 0.402586 0.244720 0.287304 -0.026015 -0.195420 -0.225774 0.155082 0.036604 -0.153002 0.017557 -0.399864 -0.176841 -0.436606 -0.342868 0.392938 -0.161423 -0.130971 0.255108 -0.198684 -0.037898 -0.396283 -0.134978 -0.487914 0.034331 -0.083599 -0.021118 -0.056717 0.121585 -0.079754 0.117431 -0.409611 -0.482582 -0.365280 -0.001414 -0.060974 0.161803 -0.490035 -0.253977 -0.438584 0.190645 -0.303776 -0.022958 -0.226816 0.089202 0.098948 0.325562 0.367754 0.201200 -0.164828 -0.010470 -0.190351 0.110440 -0.399804 -0.490411 -0.523407 -0.368305 -0.419225 -0.277702 -0.019526 0.102822 -0.363777 0.100014 0.239549 0.178749 0.004035 0.190295 0.030218 0.145433 0.045358 0.065801 -0.215363 -0.214443 -0.603583 -0.387812 -0.405918 -0.410816 -0.023112 0.113838 0.037496 -0.051530 -0.088358 -0.365634 -0.175374 -0.132091 -0.286521 -0.470495 -0.223059 -0.174409 -0.466833 -0.607961 -0.533555 -0.145396
0.011562 0.368009 0.525524 0.755538 0.343192 0.311942 0.503901 1.000000 0.125544 0.417610 -0.085165 0.091438 0.185901 0.273361 -0.079751 0.249834 -0.140106 0.022792 0.204989 0.147420 0.362412 0.246153 0.380897 0.493015 0.359635 0.339792 0.278676 0.107589 -0.137668 -0.069058 0.265994 0.202402 -0.223659 0.150705 -0.377232 -0.033862 -0.413182 -0.440205 0.223088 -0.107116 -0.148680 0.426671 -0.145918 -0.074401 -0.231202 0.059295 -0.272980 -0.020014 -0.194051 0.029165 -0.266274 0.044362 -0.211523 0.242578 -0.192676 -0.159483 -0.254296 -0.196673 -0.170615 -0.147631 -0.175802 0.295604 -0.239210 0.253341 -0.137727 0.413612 -0.455963 -0.175806 -0.272858 -0.115854 0.320965 0.319301 -0.209811 0.126808 -0.164294 0.040268 -0.542760 -0.381907 -0.333474 -0.287748 -0.240387 -0.232421 -0.316058 0.126118 -0.310952 0.172027 0.028095 0.232248 -0.025089 0.221482 -0.073242 -0.060893 0.160657 -0.065107 -0.319408 -0.227531 -0.531065 -0.469380 -0.374305 -0.495841 0.034719 0.187077 -0.067234 -0.128767 -0.207507 -0.441126 -0.273501 -0.369330 -0.396695 -0.485526 -0.504256 -0.423879 -0.384927 -0.573739 -0.468214 -0.371087
-0.189503 0.118149 0.438804 0.288826 0.637931 0.395529 0.281862 0.125544 1.000000 0.625984 -0.383614 -0.636550 -0.200856 -0.461378 -0.242352 -0.244734 -0.387409 -0.454360 -0.305185 0.002006 0.093014 -0.031646 0.265229 0.201926 -0.113812 0.115060 0.554565 -0.120280 -0.720971 -0.615960 -0.509146 -0.495726 -0.488264 -0.461433 -0.283706 0.360341 -0.652372 -0.488485 0.227704 0.179516 -0.599441 0.100608 -0.160594 -0.042553 -0.294323 0.164204 -0.249710 0.213106 0.068675 0.204610 -0.106071 0.081765 0.174225 -0.247836 -0.414594 -0.383000 0.123702 0.380423 0.184719 0.509457 -0.454301 0.133032 -0.296098 -0.055274 -0.493444 0.051891 -0.039925 0.442299 0.499193 0.503493 0.181925 -0.359640 -0.692556 -0.239780 -0.681780 -0.468698 -0.556914 -0.535127 -0.409340 -0.511323 -0.422955 -0.327267 -0.131138 -0.413615 -0.591221 -0.513107 0.227782 0.387850 -0.010052 -0.145040 0.523017 0.317697 0.626705 0.509216 0.081828 -0.164031 -0.305469 -0.063170 0.119352 0.110822 0.470401 0.552108 0.417840 0.465180 0.358931 -0.045889 -0.321351 0.131904 0.065111 -0.447258 0.260493 0.290531 -0.220974 -0.105183 -0.337452 0.081955
-0.356634 0.313756 0.637959 0.490731 0.723066 0.720656 0.590364 0.417610 0.625984 1.000000 -0.199699 -0.383481 0.156682 -0.109361 -0.082753 0.098537 -0.427685 -0.337914 -0.193963 0.057506 0.301271 0.159818 0.440996 0.431256 0.377794 0.465209 0.602330 0.089057 -0.540774 -0.389966 -0.105997 -0.153913 -0.516609 -0.351790 -0.587583 0.154385 -0.653403 -0.503587 0.357212 -0.044626 -0.499316 0.424444 -0.467169 -0.277221 -0.563493 0.114976 -0.585096 -0.028334 -0.152975 0.216471 -0.363999 0.068529 -0.100415 -0.196873 -0.474692 -0.546385 -0.163183 0.277546 0.167520 0.513472 -0.654506 0.212069 -0.482424 0.158328 -0.657347 0.298317 -0.215983 0.292011 0.445297 0.476507 0.440124 0.062713 -0.567662 0.049413 -0.553528 -0.041440 -0.616347 -0.631454 -0.582246 -0.564370 -0.402375 -0.282896 -0.138389 -0.152293 -0.503745 -0.245244 0.362293 0.352118 0.180254 0.146478 0.319543 0.075691 0.460736 0.272695 -0.095539 -0.142986 -0.571241 -0.222757 -0.128362 -0.281337 0.372368 0.411633 0.392609 0.307387 0.259856 -0.254147 -0.133017 -0.139432 -0.185058 -0.596124 -0.137360 -0.118551 -0.481402 -0.503980 -0.488596 0.085703
0.280716 -0.022500 -0.169297 -0.111011 -0.361061 -0.159077 0.148321 -0.085165 -0.383614 -0.199699 1.000000 0.664639 0.585331 0.491988 0.438847 0.414532 0.379418 0.348032 0.351184 0.132849 0.250981 -0.191057 0.200569 0.265233 0.109691 -0.108510 -0.216308 0.046499 0.599538 0.478232 0.522807 0.526467 0.352863 0.315193 0.087694 -0.563275 0.229913 0.151698 -0.406680 -0.458178 0.188715 -0.015323 -0.026376 -0.020889 0.044620 -0.323566 0.100750 -0.343121 -0.210489 -0.228507 -0.010723 -0.027467 -0.187324 0.123966 0.007300 0.163984 -0.193675 -0.275201 -0.370384 -0.380737 0.030856 -0.382365 -0.049874 -0.173636 0.333355 -0.124550 -0.043448 -0.521755 -0.192979 -0.278910 0.150012 0.487013 0.518843 0.442079 0.564741 0.545688 0.379798 0.257709 0.320881 0.310448 0.160040 0.228475 -0.068732 0.320368 0.573770 0.441460 -0.204127 -0.049172 0.111224 0.190398 -0.449639 -0.244280 -0.464010 -0.456818 -0.218417 0.012652 -0.055127 -0.067441 -0.285695 -0.112450 -0.428644 -0.469053 -0.311225 -0.332839 -0.237801 0.180975 0.266394 -0.059270 -0.030625 0.041731 -0.262905 -0.260484 0.087147 -0.090481 0.146568 -0.065518
0.291219 -0.010371 -0.282987 -0.096254 -0.544633 -0.205844 -0.113109 0.091438 -0.636550 -0.383481 0.664639 1.000000 0.425052 0.750498 0.253015 0.448393 0.491888 0.666345 0.423618 -0.010876 0.129110 -0.108342 -0.010305 0.126899 0.221754 0.050870 -0.353140 0.206147 0.789998 0.808444 0.681908 0.701844 0.481362 0.628946 0.227068 -0.400144 0.467558 0.256791 -0.499493 -0.401782 0.491209 0.015774 0.041000 0.031966 0.237440 -0.098327 0.235625 -0.315016 -0.181453 -0.156942 -0.074273 -0.051447 -0.281306 0.290846 0.196937 0.400511 -0.330574 -0.529775 -0.470364 -0.639815 0.284624 -0.136327 0.210893 0.062746 0.432126 0.099997 -0.131920 -0.578927 -0.518191 -0.628834 -0.083119 0.538695 0.680001 0.511920 0.724614 0.632879 0.466361 0.523531 0.424722 0.514116 0.335588 0.397922 -0.144332 0.469183 0.552153 0.673005 -0.300337 -0.081192 -0.077077 0.163418 -0.724152 -0.477985 -0.625634 -0.699628 -0.168686 0.108605 0.177344 -0.042777 -0.380480 -0.323706 -0.511767 -0.606706 -0.447457 -0.553746 -0.381892 0.037142 0.265269 -0.030431 -0.121208 0.236191 -0.434273 -0.466244 0.130445 -0.036670 0.243563 -0.073239
0.109244 -0.093137 0.221091 0.159894 -0.016523 0.114617 0.460199 0.185901 -0.200856 0.156682 0.585331 0.425052 1.000000 0.532099 0.506275 0.495407 0.180359 0.070823 0.289766 0.003401 0.415119 0.043506 0.419284 0.393181 0.546929 0.143127 0.069210 0.018789 0.481326 0.322378 0.569509 0.465402 0.078093 0.191841 -0.072750 -0.340638 0.112690 -0.099171 -0.083921 -0.518379 0.114622 0.142367 -0.079730 0.021547 -0.126690 -0.311988 -0.134988 -0.350914 -0.239816 -0.154412 -0.075618 0.003558 -0.094476 0.248111 0.000202 -0.018901 -0.448975 -0.357390 -0.233940 -0.217515 -0.067301 -0.264975 -0.061989 -0.056859 0.056902 -0.030959 -0.018499 -0.400926 -0.215541 -0.263291 0.340511 0.520572 0.416613 0.464989 0.407086 0.456949 0.173841 -0.038733 -0.001501 -0.040969 0.003726 0.053387 -0.065679 0.252907 0.351095 0.429097 0.127872 0.142321 0.269602 0.218146 -0.302952 -0.192287 -0.380540 -0.450712 -0.319604 0.043970 -0.142929 -0.216788 -0.264284 -0.159463 -0.273893 -0.379740 -0.144473 -0.359880 -0.182901 -0.068339 0.322981 -0.197133 -0.059734 -0.159020 -0.457537 -0.296176 0.152848 -0.191693 -0.133352 -0.153136
0.075828 -0.006911 -0.122862 0.080619 -0.358526 -0.109480 0.019776 0.273361 -0.461378 -0.109361 0.491988 0.750498 0.532099 1.000000 0.255554 0.551210 0.392607 0.472650 0.276947 -0.053825 0.263576 0.035649 0.022942 0.171522 0.254464 0.110550 -0.292290 0.102469 0.635647 0.707046 0.652703 0.634096 0.212851 0.322328 0.005195 -0.246031 0.361650 0.150979 -0.318212 -0.390667 0.337422 0.230489 -0.207608 -0.164775 0.017689 -0.128455 -0.008602 -0.346000 -0.185019 -0.203411 -0.253827 -0.120284 -0.298153 0.187854 0.105716 0.204688 -0.320675 -0.449233 -0.235792 -0.403540 0.201690 0.049600 0.123415 0.041990 0.158191 0.128303 -0.126788 -0.461493 -0.385813 -0.423893 0.251511 0.612347 0.562111 0.588289 0.622431 0.637020 0.258569 0.316053 0.277343 0.171922 0.346908 0.378500 -0.067581 0.528074 0.417385 0.583835 -0.094492 0.018736 0.020290 0.260702 -0.507667 -0.461844 -0.461688 -0.621531 -0.202409 0.004879 -0.009494 -0.066419 -0.369500 -0.363696 -0.372018 -0.484225 -0.289115 -0.477635 -0.272794 -0.067250 0.325292 -0.132991 -0.189986 -0.004930 -0.527669 -0.479011 -0.006569 -0.131778 0.098254 -0.004073
0.158587 0.092675 0.012673 0.099527 -0.133081 0.204643 0.105546 -0.079751 -0.242352 -0.082753 0.438847 0.253015 0.506275 0.255554 1.000000 0.589841 -0.235704 -0.010937 0.352833 0.291710 0.078553 0.091001 0.220853 0.201225 0.291435 0.118102 0.080464 0.409084 0.261188 0.050200 0.295087 0.209970 -0.111685 -0.018191 -0.123955 -0.292685 0.081451 0.157841 0.021350 -0.229396 0.191282 0.024864 -0.130226 0.025258 -0.241578 -0.247741 -0.304052 -0.131431 -0.142527 -0.201392 -0.029483 0.105291 -0.178084 0.208458 -0.023832 -0.034701 -0.290543 -0.120243 0.057070 -0.032365 -0.032508 -0.294984 -0.329678 -0.062331 0.084683 0.050920 0.004796 -0.272299 -0.053086 0.017273 -0.019598 0.277697 0.094264 0.148671 0.237062 0.285795 0.028698 0.014811 -0.162724 -0.025720 0.001260 0.086494 0.425208 0.305812 0.261544 0.526902 0.214668 0.111636 0.258348 0.463849 -0.323011 -0.083303 -0.432332 -0.284913 -0.047202 0.117235 -0.091922 -0.092004 -0.403744 -0.232758 -0.306330 -0.292704 -0.242464 -0.229721 -0.302101 -0.114794 0.066209 -0.046599 -0.063754 0.039713 -0.215685 -0.414964 0.150937 -0.191352 -0.110122 -0.288225
0.064391 0.027415 0.032470 0.207928 -0.016346 0.283857 0.144956 0.249834 -0.244734 0.098537 0.414532 0.448393 0.495407 0.551210 0.589841 1.000000 0.193031 0.234896 0.224370 -0.044505 0.554148 0.319894 0.172347 0.274767 0.396613 0.224872 0.235346 0.232056 0.350837 0.319764 0.506607 0.408569 0.093448 0.124557 -0.032827 -0.188976 0.120699 -0.046786 0.110778 -0.268635 0.019218 0.337746 -0.145836 -0.092207 0.025392 0.000281 -0.158274 -0.420517 -0.027647 0.107311 -0.129071 0.030666 -0.280194 0.079465 0.090432 -0.038370 -0.304470 -0.314070 -0.038004 -0.114914 0.170504 0.141105 0.004057 0.047028 0.134242 0.384400 0.031668 -0.300408 -0.227383 -0.234046 0.241092 0.517975 0.250783 0.341877 0.288189 0.356444 -0.034124 0.013461 0.018045 -0.081782 0.039654 0.013388 0.015261 0.336439 0.324401 0.370395 0.178484 0.182816 0.331929 0.388340 -0.430916 -0.461333 -0.318367 -0.467999 -0.138980 0.037439 -0.077371 -0.225981 -0.382513 -0.512913 -0.180748 -0.401204 -0.135251 -0.330476 -0.229976 -0.151399 0.070236 -0.369034 -0.211785 -0.168624 -0.580738 -0.489533 0.086328 -0.194680 -0.027223 -0.185595
0.121891 -0.453414 -0.486248 -0.394484 -0.475381 -0.363293 -0.276584 -0.140106 -0.387409 -0.427685 0.379418 0.491888 0.180359 0.392607 -0.235704 0.193031 1.000000 0.488420 -0.068229 -0.422133 0.273476 -0.018421 -0.314326 -0.204683 -0.133488 -0.260963 -0.381452 -0.366752 0.655987 0.611311 0.343913 0.349477 0.618350 0.356204 0.559645 -0.031627 0.623733 0.102287 -0.348380 -0.315233 0.233162 -0.178615 0.277683 0.106778 0.499212 0.007064 0.500522 -0.357497 0.010718 -0.026167 0.049027 -0.263569 -0.119551 -0.032258 0.357600 0.279616 0.194064 -0.291159 -0.380723 -0.446179 0.492755 0.086860 0.686219 -0.069401 0.446233 -0.053596 0.169780 -0.324181 -0.428939 -0.548178 0.059670 0.271285 0.734933 0.361111 0.578932 0.244318 0.647633 0.524103 0.814908 0.374666 0.598115 0.377868 -0.264351 0.066339 0.624684 0.006353 -0.235394 -0.243170 0.021820 -0.337120 -0.308538 -0.425769 -0.285455 -0.417376 -0.165976 -0.039541 0.324350 0.016616 0.250373 0.149212 -0.142026 -0.469768 -0.044112 -0.291134 0.003592 0.282132 0.377831 -0.107254 0.130448 0.184541 -0.185125 0.174821 0.414535 0.443525 0.559527 0.245333
0.259447 0.133212 -0.296359 -0.124059 -0.499608 -0.142059 -0.193844 0.022792 -0.454360 -0.337914 0.348032 0.666345 0.070823 0.472650 -0.010937 0.234896 0.488420 1.000000 0.382074 -0.021897 0.039578 -0.023228 -0.115815 -0.100867 0.005725 0.027239 -0.267293 0.147140 0.513355 0.769664 0.421699 0.431157 0.443283 0.532315 0.216316 -0.350525 0.366408 0.200755 -0.465953 -0.183544 0.333850 0.121760 -0.018052 -0.006495 0.154517 0.018844 0.180527 -0.384364 -0.288384 -0.108161 -0.220015 -0.199732 -0.394308 0.048076 0.063501 0.272272 -0.032698 -0.142729 -0.388366 -0.441971 0.190469 -0.034964 0.283559 0.508617 0.197718 0.092799 -0.127382 -0.534803 -0.377127 -0.576244 -0.192688 0.387090 0.456842 0.426788 0.572026 0.425664 0.406117 0.511353 0.485089 0.743430 0.446974 0.624146 -0.218124 0.315004 0.237236 0.427266 -0.224470 0.086617 -0.149625 -0.053418 -0.721516 -0.654330 -0.470029 -0.628961 -0.005052 0.110340 0.198720 0.022970 -0.252865 -0.260909 -0.215499 -0.376570 -0.112391 -0.221140 -0.121542 0.085775 0.141854 0.019419 -0.078450 0.213886 -0.287727 -0.249260 0.049262 0.020395 0.253791 0.062060
0.522767 0.297420 0.260257 0.372969 -0.253058 -0.114312 0.152224 0.204989 -0.305185 -0.193963 0.351184 0.423618 0.289766 0.276947 0.352833 0.224370 -0.068229 0.382074 1.000000 0.430748 0.082841 0.001699 0.407033 0.413242 0.269975 0.300647 -0.042031 0.428875 0.354193 0.334795 0.503679 0.504601 0.223813 0.444319 -0.086758 -0.486134 -0.068683 0.017158 -0.317196 -0.037488 0.265481 0.092612 -0.025557 0.091751 -0.040281 -0.290116 -0.070145 -0.145598 -0.312066 -0.330741 -0.031176 0.005659 -0.056685 0.382196 -0.060307 0.251753 -0.385901 -0.260297 -0.293191 -0.339603 -0.062189 -0.368008 -0.166036 0.208094 0.244065 -0.094761 -0.155394 -0.446821 -0.297506 -0.361178 -0.156013 0.316866 0.234318 0.220713 0.387207 0.215441 -0.028872 0.098764 -0.059377 0.340195 -0.109080 0.118386 -0.164335 0.379782 -0.012121 0.477912 -0.338661 0.032535 -0.261737 0.241153 -0.575269 -0.189099 -0.418265 -0.485880 -0.155845 0.071395 -0.110308 -0.156924 -0.601073 -0.417867 -0.518729 -0.253719 -0.536024 -0.433907 -0.658119 -0.271820 -0.252478 -0.222196 -0.170635 -0.071413 -0.281343 -0.572284 -0.100820 -0.411775 -0.283167 -0.459187
0.395792 0.619320 0.086571 0.342339 -0.121472 -0.052861 0.235772 0.147420 0.002006 0.057506 0.132849 -0.010876 0.003401 -0.053825 0.291710 -0.044505 -0.422133 -0.021897 0.430748 1.000000 -0.298585 0.037311 0.147455 0.147606 -0.110834 0.164131 -0.051385 0.411304 -0.172906 -0.125993 -0.135787 -0.097169 -0.231934 0.098601 -0.459303 -0.274600 -0.400609 -0.001403 0.007143 0.146789 -0.041655 0.152606 -0.213043 -0.105192 -0.431115 -0.347533 -0.395557 0.045807 -0.369070 -0.437417 -0.197993 0.059028 -0.173776 0.077183 -0.505246 -0.283809 0.084208 0.353788 -0.017608 -0.036036 -0.370428 -0.261236 -0.670317 0.176741 -0.100160 -0.129815 -0.390518 -0.318184 0.269060 0.293024 -0.031975 0.034660 -0.258704 0.054520 -0.122005 0.064321 -0.257725 -0.109223 -0.346821 -0.017896 -0.175491 0.072371 0.208965 0.393615 -0.230233 0.339428 0.000967 0.083710 -0.294118 0.146466 -0.028869 0.025391 0.082436 0.046935 0.022326 -0.185502 -0.331291 -0.154148 -0.300384 -0.244575 -0.083442 0.312978 -0.041337 0.187541 -0.206586 -0.165504 -0.367606 -0.190142 -0.257110 -0.176062 0.057337 -0.194169 -0.490065 -0.446875 -0.530653 -0.261918
-0.032549 -0.234459 0.266167 0.285218 0.326976 0.307809 0.287966 0.362412 0.093014 0.301271 0.250981 0.129110 0.415119 0.263576 0.078553 0.554148 0.273476 0.039578 0.082841 -0.298585 1.000000 0.398518 0.425357 0.489590 0.444085 0.304798 0.439302 -0.003507 0.127784 0.101417 0.482358 0.414273 0.079344 0.091371 0.098812 0.038708 -0.170178 -0.355157 0.058309 -0.219170 -0.296240 0.495930 0.090405 0.073874 0.144682 0.061800 0.112981 -0.299577 -0.061352 0.164790 -0.062148 -0.077661 -0.065252 0.068643 0.042476 -0.082570 -0.195644 -0.276164 -0.230376 -0.185824 0.041333 0.112311 0.176244 -0.034536 0.051552 0.225654 -0.048235 -0.185932 -0.298345 -0.307603 0.545731 0.464177 0.159350 0.374723 0.124491 0.116522 -0.098590 -0.175394 0.022065 -0.227600 -0.107164 -0.248501 -0.460039 -0.149852 0.116047 -0.116704 -0.028067 0.131591 0.178142 0.024545 -0.147537 -0.164295 0.020743 -0.156966 -0.358081 -0.172362 -0.197106 -0.328328 -0.101989 -0.164899 -0.011808 -0.141867 -0.005920 -0.154960 -0.055074 -0.063939 0.004480 -0.459225 -0.226591 -0.361447 -0.448785 -0.145242 0.058445 -0.097542 0.033439 -0.110415
-0.076872 -0.058718 0.246959 0.244065 0.243050 0.120610 0.224408 0.246153 -0.031646 0.159818 -0.191057 -0.108342 0.043506 0.035649 0.091001 0.319894 -0.018421 -0.023228 0.001699 0.037311 0.398518 1.000000 0.209851 0.209066 0.412497 0.448701 0.231591 -0.019797 -0.023952 -0.055070 0.170324 0.129996 -0.047952 0.039851 0.042531 0.298618 0.029707 0.177329 0.406396 0.441001 -0.028767 0.362845 -0.070255 -0.024877 -0.117658 0.050080 -0.210105 0.052062 -0.137509 -0.091062 -0.219421 -0.279186 -0.250904 -0.091591 -0.086858 -0.114866 -0.033927 0.041472 0.084566 0.015189 -0.010977 0.250303 -0.082904 0.202071 -0.114732 0.164916 -0.113557 0.059051 -0.089640 0.101882 0.269589 0.388477 -0.036223 0.068635 -0.053211 0.071860 -0.127534 0.018711 -0.142676 -0.127538 -0.027341 -0.108696 0.033804 0.132016 -0.183148 -0.019936 0.149878 -0.067056 0.010453 0.128434 -0.125821 -0.175756 -0.067894 0.003230 0.200237 0.056328 -0.026702 0.013388 -0.187791 -0.239407 -0.125216 -0.008562 -0.080674 -0.089726 -0.187235 -0.224326 -0.244489 -0.388806 -0.064896 -0.082532 0.000861 -0.076253 -0.197219 -0.260996 -0.075248 0.077309
0.064304 0.106405 0.763306 0.675543 0.435410 0.343137 0.547759 0.380897 0.265229 0.440996 0.200569 -0.010305 0.419284 0.022942 0.220853 0.172347 -0.314326 -0.115815 0.407033 0.147455 0.425357 0.209851 1.000000 0.872292 0.676992 0.543517 0.456057 0.203129 -0.122370 -0.230641 0.325940 0.260214 -0.221571 -0.046282 -0.199272 -0.206310 -0.445962 -0.327439 0.008746 -0.094358 -0.285718 0.273628 -0.108892 0.045166 -0.316465 -0.274633 -0.183318 0.012014 -0.240729 -0.184897 -0.027927 0.100086 0.080791 0.309829 -0.270895 -0.085797 -0.318011 -0.030556 -0.344231 -0.014892 -0.535255 -0.323765 -0.358933 0.128165 -0.276442 -0.131797 -0.406322 -0.172832 -0.152952 -0.062224 0.186660 0.142689 -0.157707 0.090277 -0.068341 -0.097672 -0.419522 -0.504692 -0.293580 -0.070677 -0.347051 -0.249970 -0.256328 -0.105360 -0.306819 0.097240 0.034232 0.374842 -0.138211 0.238408 -0.093292 0.125668 -0.024591 -0.084837 -0.192776 -0.000551 -0.410399 -0.286975 -0.392911 -0.257944 -0.201526 0.067306 -0.208848 -0.122395 -0.242742 -0.193142 -0.334392 -0.279857 -0.127783 -0.455261 -0.216176 -0.311299 -0.232753 -0.436964 -0.466911 -0.357512
0.121437 0.160148 0.625543 0.744477 0.352898 0.353715 0.413181 0.493015 0.201926 0.431256 0.265233 0.126899 0.393181 0.171522 0.201225 0.274767 -0.204683 -0.100867 0.413242 0.147606 0.489590 0.209066 0.872292 1.000000 0.627308 0.559318 0.430402 0.250570 -0.025559 -0.147790 0.391602 0.389927 -0.253165 0.026430 -0.184098 -0.129188 -0.418597 -0.361792 -0.065330 -0.135511 -0.276136 0.262816 -0.158994 -0.045629 -0.300533 -0.252775 -0.148700 -0.031220 -0.301128 -0.212342 -0.165793 0.017449 -0.021607 0.266079 -0.223472 -0.018764 -0.317983 -0.117897 -0.315972 -0.073984 -0.413428 -0.111498 -0.325727 0.037134 -0.190306 0.031610 -0.479621 -0.257065 -0.204632 -0.152301 0.308088 0.296864 -0.127836 0.231927 -0.038162 -0.021494 -0.405052 -0.356233 -0.200673 -0.122399 -0.321067 -0.281142 -0.330741 0.020297 -0.221939 0.105965 -0.105183 0.291407 -0.108198 0.275217 -0.128870 0.044529 0.004839 -0.134966 -0.208837 -0.025991 -0.429743 -0.301350 -0.404985 -0.347071 -0.266672 0.006415 -0.317678 -0.195603 -0.324046 -0.149744 -0.276825 -0.365250 -0.162193 -0.479471 -0.283319 -0.436829 -0.163889 -0.446751 -0.396782 -0.350787
-0.105146 -0.015003 0.569223 0.476538 0.372748 0.391683 0.402586 0.359635 -0.113812 0.377794 0.109691 0.221754 0.546929 0.254464 0.291435 0.396613 -0.133488 0.005725 0.269975 -0.110834 0.444085 0.412497 0.676992 0.627308 1.000000 0.670897 0.351565 0.200804 0.193491 0.077195 0.551752 0.462490 -0.074623 0.147606 -0.077184 -0.019713 -0.038154 -0.076013 0.133334 -0.167544 0.038087 0.305567 -0.170919 -0.025626 -0.205504 -0.079013 -0.210134 -0.036832 -0.225956 -0.030784 -0.176168 -0.063807 -0.115882 0.244260 -0.037671 0.089141 -0.518858 -0.316695 -0.166304 -0.066968 -0.282097 -0.016112 -0.177740 0.142006 -0.154943 0.200989 -0.218351 -0.106303 -0.272037 -0.176760 0.214917 0.387616 0.095133 0.231403 0.140602 0.225703 -0.170220 -0.216243 -0.227977 -0.041200 -0.186051 -0.166879 -0.134638 0.038044 -0.084094 0.225954 0.047960 0.135644 0.106761 0.326317 -0.286406 -0.136363 -0.277839 -0.309355 -0.105128 0.268281 -0.164874 -0.109789 -0.365366 -0.351661 -0.275028 -0.242423 -0.265724 -0.335236 -0.312012 -0.188677 -0.111663 -0.236258 -0.049994 -0.122533 -0.316995 -0.489182 -0.052713 -0.418006 -0.181305 -0.140750
0.067825 0.238522 0.503433 0.568864 0.262615 0.452474 0.244720 0.339792 0.115060 0.465209 -0.108510 0.050870 0.143127 0.110550 0.118102 0.224872 -0.260963 0.027239 0.300647 0.164131 0.304798 0.448701 0.543517 0.559318 0.670897 1.000000 0.381831 0.546490 -0.088157 -0.021700 0.291875 0.289040 -0.124156 0.187037 -0.224444 0.152438 -0.254194 -0.064572 0.038369 0.125344 -0.054564 0.380902 -0.334725 -0.088940 -0.373033 0.015788 -0.428337 -0.043319 -0.448499 -0.183980 -0.428119 -0.210518 -0.299904 0.006696 -0.273731 -0.092692 -0.196244 0.083494 -0.033709 0.123092 -0.437029 0.179135 -0.427850 0.251337 -0.301087 0.308619 -0.364482 -0.031384 0.064374 -0.025169 0.125512 0.267738 -0.166692 0.263854 -0.016149 0.083321 -0.297892 -0.165820 -0.265612 -0.047887 -0.158531 -0.071517 -0.215914 0.065337 -0.322493 0.173715 -0.052195 0.150000 -0.184284 0.275363 -0.259210 -0.268358 -0.060997 -0.167834 0.010984 0.217006 -0.247775 0.020478 -0.416763 -0.440749 -0.219283 0.014557 -0.175781 -0.122782 -0.281927 -0.252003 -0.326543 -0.245324 -0.008830 -0.202618 -0.107437 -0.338775 -0.334859 -0.497898 -0.336985 0.072103
-0.145455 0.173010 0.480373 0.474340 0.775585 0.714976 0.287304 0.278676 0.554565 0.602330 -0.216308 -0.353140 0.069210 -0.292290 0.080464 0.235346 -0.381452 -0.267293 -0.042031 -0.051385 0.439302 0.231591 0.456057 0.430402 0.351565 0.381831 1.000000 0.172561 -0.484886 -0.450185 -0.115957 -0.151218 -0.380927 -0.237027 -0.280634 0.143610 -0.588483 -0.446557 0.315209 0.092849 -0.513056 0.390050 -0.081125 -0.025840 -0.232948 0.205805 -0.237933 -0.088197 -0.105374 0.343812 -0.174984 -0.032349 -0.053060 -0.161587 -0.268885 -0.322089 -0.144274 0.110249 -0.001157 0.357583 -0.403964 0.196685 -0.211699 0.132178 -0.469333 0.376175 -0.039576 0.229886 0.217429 0.128750 0.235782 -0.070157 -0.548292 -0.104454 -0.587716 -0.374274 -0.579725 -0.531062 -0.394276 -0.351389 -0.451011 -0.398036 -0.233573 -0.300514 -0.363052 -0.246689 0.294290 0.502139 0.161972 -0.099933 0.206889 0.011291 0.436641 0.254348 -0.132037 -0.117772 -0.305725 -0.292749 -0.043374 -0.215992 0.405516 0.379632 0.302568 0.314453 0.174580 -0.121408 -0.414325 -0.106648 -0.221633 -0.455495 -0.191851 -0.079519 -0.062592 -0.229354 -0.354697 -0.188675
0.271554 0.385993 0.092961 0.297937 -0.090602 0.418410 -0.026015 0.107589 -0.120280 0.089057 0.046499 0.206147 0.018789 0.102469 0.409084 0.232056 -0.366752 0.147140 0.428875 0.411304 -0.003507 -0.019797 0.203129 0.250570 0.200804 0.546490 0.172561 1.000000 0.011775 0.093500 0.229980 0.238136 -0.080237 0.292107 -0.274889 -0.078494 -0.225397 0.093486 -0.219948 0.013481 0.167034 0.153265 -0.164739 0.045111 -0.229528 0.021105 -0.303635 0.011990 -0.333932 -0.122945 -0.226945 0.065790 -0.274172 0.189836 -0.249313 -0.042478 -0.071870 0.128837 -0.061042 -0.064004 -0.255036 -0.081070 -0.359742 0.220666 -0.087727 0.204397 -0.329673 -0.251877 0.025878 -0.109927 -0.070632 0.182053 -0.097124 0.134044 0.081749 0.174264 -0.138985 0.015465 -0.193286 0.071561 -0.077474 0.085500 -0.011457 0.096937 -0.146948 0.355811 -0.116007 0.072862 -0.251449 0.207853 -0.388100 -0.190704 -0.183830 -0.207829 -0.142784 -0.043760 -0.193303 -0.147520 -0.469375 -0.411355 -0.223301 -0.016363 -0.195388 -0.073246 -0.281392 -0.280505 -0.153353 -0.098214 -0.253745 -0.014209 -0.209510 -0.413182 -0.177635 -0.366917 -0.356774 -0.250048
0.158652 -0.330237 -0.368528 -0.326144 -0.639136 -0.367142 -0.195420 -0.137668 -0.720971 -0.540774 0.599538 0.789998 0.481326 0.635647 0.261188 0.350837 0.655987 0.513355 0.354193 -0.172906 0.127784 -0.023952 -0.122370 -0.025559 0.193491 -0.088157 -0.484886 0.011775 1.000000 0.818931 0.743771 0.761672 0.638210 0.580997 0.428053 -0.258418 0.740019 0.402881 -0.462910 -0.315556 0.651922 -0.214498 0.171281 0.130114 0.378239 -0.192715 0.344625 -0.285455 -0.149887 -0.230455 0.009818 -0.258294 -0.219191 0.213627 0.373385 0.537810 -0.259551 -0.552395 -0.301991 -0.560367 0.427771 -0.211468 0.386616 -0.158107 0.556017 -0.157992 0.147656 -0.463574 -0.528642 -0.600272 -0.029517 0.542789 0.909917 0.421093 0.848281 0.569210 0.674875 0.602147 0.597112 0.469145 0.446031 0.357878 -0.043026 0.424185 0.691361 0.464909 -0.336512 -0.261489 0.038580 0.080934 -0.661239 -0.406960 -0.754390 -0.684735 -0.093080 0.219735 0.377472 0.087205 -0.141465 -0.092802 -0.561565 -0.728700 -0.458342 -0.591253 -0.353282 0.134663 0.443872 0.000019 0.177618 0.348458 -0.293014 -0.315934 0.390933 0.142034 0.420431 0.026162
0.158648 -0.097282 -0.418810 -0.344211 -0.612943 -0.265831 -0.225774 -0.069058 -0.615960 -0.389966 0.478232 0.808444 0.322378 0.707046 0.050200 0.319764 0.611311 0.769664 0.334795 -0.125993 0.101417 -0.055070 -0.230641 -0.147790 0.077195 -0.021700 -0.450185 0.093500 0.818931 1.000000 0.681015 0.712618 0.552838 0.599110 0.236489 -0.270216 0.610852 0.369568 -0.493746 -0.219212 0.527613 0.070654 -0.085372 -0.089186 0.262022 -0.033580 0.184852 -0.454014 -0.248082 -0.112941 -0.232435 -0.266835 -0.351239 0.024089 0.214243 0.409084 -0.163696 -0.383531 -0.232880 -0.473534 0.326930 -0.041603 0.338118 0.150776 0.349049 -0.004843 0.138991 -0.462562 -0.360776 -0.577722 0.011376 0.581100 0.737654 0.567508 0.780539 0.694247 0.593857 0.639818 0.528394 0.520253 0.510019 0.602687 -0.131833 0.501354 0.554164 0.508451 -0.304640 -0.169419 0.027018 0.001780 -0.739910 -0.664483 -0.621151 -0.752079 -0.003070 0.205292 0.324341 0.111902 -0.217347 -0.219276 -0.342791 -0.600018 -0.222500 -0.445609 -0.215070 0.042286 0.406814 0.002733 0.033572 0.357665 -0.378793 -0.351476 0.119294 0.028902 0.320265 0.151971
-0.030401 -0.105614 0.094334 0.087063 -0.233122 0.030530 0.155082 0.265994 -0.509146 -0.105997 0.522807 0.681908 0.569509 0.652703 0.295087 0.506607 0.343913 0.421699 0.503679 -0.135787 0.482358 0.170324 0.325940 0.391602 0.551752 0.291875 -0.115957 0.229980 0.743771 0.681015 1.000000 0.956900 0.428201 0.536662 0.082840 -0.247400 0.360703 0.142120 -0.321201 -0.240970 0.445217 0.174700 -0.078216 0.027641 0.109537 -0.077736 0.084070 -0.303184 -0.270007 -0.086647 -0.196086 -0.208220 -0.273387 0.224950 0.255393 0.389418 -0.486493 -0.532981 -0.286580 -0.395585 0.047309 -0.135306 0.097423 0.034668 0.231665 0.002058 -0.060288 -0.406638 -0.492597 -0.554214 0.214038 0.695430 0.622489 0.493192 0.681268 0.606016 0.272169 0.233656 0.238599 0.222443 0.180817 0.180900 -0.210650 0.352296 0.427667 0.494111 -0.272843 -0.097930 0.127438 0.304827 -0.672798 -0.433307 -0.654278 -0.702757 -0.240350 0.192830 0.071832 -0.087259 -0.378059 -0.408451 -0.493168 -0.635538 -0.445517 -0.637162 -0.457094 -0.200843 0.261453 -0.216275 -0.002669 0.062759 -0.552223 -0.583497 0.067433 -0.317646 0.033472 -0.119344
-0.001155 -0.064296 -0.004138 0.035117 -0.291478 -0.020416 0.036604 0.202402 -0.495726 -0.153913 0.526467 0.701844 0.465402 0.634096 0.209970 0.408569 0.349477 0.431157 0.504601 -0.097169 0.414273 0.129996 0.260214 0.389927 0.462490 0.289040 -0.151218 0.238136 0.761672 0.712618 0.956900 1.000000 0.443584 0.575460 0.079716 -0.243082 0.365351 0.182953 -0.430502 -0.178277 0.476659 0.112904 -0.088346 -0.007463 0.134236 -0.100599 0.132369 -0.292333 -0.333242 -0.135022 -0.258859 -0.296511 -0.307625 0.161401 0.229362 0.479046 -0.434475 -0.508539 -0.271373 -0.384615 0.054441 -0.094540 0.094267 -0.006566 0.253113 -0.012553 -0.039717 -0.406649 -0.412409 -0.560415 0.171255 0.697368 0.617140 0.501237 0.669106 0.610870 0.309972 0.322331 0.290585 0.261237 0.175769 0.179298 -0.249124 0.397072 0.426241 0.448329 -0.389377 -0.129218 0.067156 0.264352 -0.680905 -0.434688 -0.614732 -0.669554 -0.169405 0.233865 0.145348 0.015492 -0.349775 -0.377392 -0.495428 -0.588470 -0.479924 -0.604502 -0.472115 -0.144444 0.234254 -0.166790 0.063888 0.123060 -0.446956 -0.593571 0.056355 -0.303454 0.045336 -0.082034
0.117056 -0.240879 -0.292176 -0.422520 -0.444800 -0.467483 -0.153002 -0.223659 -0.488264 -0.516609 0.352863 0.481362 0.078093 0.212851 -0.111685 0.093448 0.618350 0.443283 0.223813 -0.231934 0.079344 -0.047952 -0.221571 -0.253165 -0.074623 -0.124156 -0.380927 -0.080237 0.638210 0.552838 0.428201 0.443584 1.000000 0.722139 0.546963 -0.124186 0.526226 0.349258 -0.344141 -0.127720 0.415868 -0.224873 0.369971 0.382393 0.577149 0.140426 0.495952 -0.039754 0.101615 0.046196 0.243927 -0.171471 -0.053696 0.047033 0.394700 0.435938 -0.124551 -0.370979 -0.275896 -0.347037 0.363287 -0.178614 0.458927 -0.021589 0.541773 -0.177713 0.279674 -0.083848 -0.361616 -0.463677 -0.218259 0.185425 0.729618 0.123458 0.625403 0.258720 0.651617 0.515843 0.508388 0.507819 0.175283 0.123737 -0.233956 0.077448 0.397240 0.131720 -0.414578 -0.273325 -0.194107 -0.131386 -0.486342 -0.347919 -0.590442 -0.493931 -0.180254 0.084700 0.424574 0.124402 -0.025555 -0.039374 -0.479450 -0.629370 -0.381895 -0.511141 -0.294308 0.088520 0.181686 0.079146 0.147529 0.324083 0.061017 0.091910 0.285460 0.205733 0.347278 0.086528
0.344119 0.097913 -0.102078 -0.042737 -0.350717 -0.279866 0.017557 0.150705 -0.461433 -0.351790 0.315193 0.628946 0.191841 0.322328 -0.018191 0.124557 0.356204 0.532315 0.444319 0.098601 0.091371 0.039851 -0.046282 0.026430 0.147606 0.187037 -0.237027 0.292107 0.580997 0.599110 0.536662 0.575460 0.722139 1.000000 0.298065 -0.073521 0.290570 0.265320 -0.326138 -0.087063 0.429177 0.040673 0.231817 0.311158 0.314040 0.102578 0.264473 -0.033524 -0.234103 -0.116762 -0.026836 -0.213157 -0.199393 0.168883 0.130326 0.284360 -0.271464 -0.384824 -0.344208 -0.475428 0.176698 -0.146222 0.153928 0.172741 0.452145 -0.017573 -0.075064 -0.327684 -0.402412 -0.562321 -0.065598 0.433931 0.582500 0.321280 0.586224 0.407384 0.456308 0.522026 0.265436 0.488060 0.064429 0.154421 -0.254251 0.258922 0.235011 0.375258 -0.421486 -0.207339 -0.299667 -0.095816 -0.633674 -0.437174 -0.563151 -0.564476 -0.198158 0.030737 0.180172 -0.073781 -0.355328 -0.336658 -0.549666 -0.509909 -0.470162 -0.531590 -0.443414 -0.093526 -0.017032 -0.039926 -0.082313 0.238300 -0.101651 -0.208887 0.038826 -0.167794 0.044065 -0.115368
0.141071 -0.685832 -0.308056 -0.386509 -0.322627 -0.486276 -0.399864 -0.377232 -0.283706 -0.587583 0.087694 0.227068 -0.072750 0.005195 -0.123955 -0.032827 0.559645 0.216316 -0.086758 -0.459303 0.098812 0.042531 -0.199272 -0.184098 -0.077184 -0.224444 -0.280634 -0.274889 0.428053 0.236489 0.082840 0.079716 0.546963 0.298065 1.000000 0.314880 0.572342 0.299120 -0.162781 -0.059080 0.180993 -0.338999 0.572372 0.382684 0.654451 0.097461 0.662080 0.081113 0.297086 -0.065044 0.474110 -0.124151 0.253222 0.134967 0.480728 0.322413 0.040867 -0.398997 -0.238708 -0.415433 0.609287 -0.147908 0.664890 -0.267844 0.587502 -0.218056 0.250622 0.009675 -0.544936 -0.423612 -0.064763 -0.038471 0.544554 -0.026198 0.462256 -0.090036 0.587792 0.551366 0.618281 0.395567 0.324057 0.048683 -0.046590 -0.149921 0.375325 -0.156186 -0.239202 -0.158776 -0.167994 -0.257417 -0.169768 -0.044084 -0.377593 -0.202345 0.070077 0.049668 0.428296 0.120401 0.147485 0.292835 -0.376582 -0.524984 -0.295815 -0.321097 -0.067698 0.375898 0.131900 0.086521 0.183711 0.414087 0.234464 0.332904 0.579915 0.643693 0.688506 0.127368
-0.234118 -0.343547 0.028841 -0.022522 0.275524 0.087468 -0.176841 -0.033862 0.360341 0.154385 -0.563275 -0.400144 -0.340638 -0.246031 -0.292685 -0.188976 -0.031627 -0.350525 -0.486134 -0.274600 0.038708 0.298618 -0.206310 -0.129188 -0.019713 0.152438 0.143610 -0.078494 -0.258418 -0.270216 -0.247400 -0.243082 -0.124186 -0.073521 0.314880 1.000000 0.045863 0.054876 0.256992 0.415254 -0.063855 0.034147 -0.008250 -0.049264 0.019398 0.304239 -0.004521 0.294286 0.095245 0.043055 -0.112092 -0.311816 0.151709 -0.258261 0.048978 -0.169543 0.153392 0.041559 0.385292 0.271614 0.101128 0.417816 0.107249 -0.263379 -0.107819 0.117531 0.137777 0.531973 0.112961 0.249310 0.314165 -0.053510 -0.196003 -0.112631 -0.249903 -0.184708 -0.019869 0.143813 -0.017535 -0.347134 0.033399 -0.165702 0.117210 -0.266433 -0.190347 -0.515493 0.060440 -0.088810 -0.014560 -0.204798 0.365704 0.117800 0.239351 0.320938 0.223301 0.060050 0.096986 0.204267 0.184405 0.113122 0.136398 0.088705 0.091931 0.114371 0.162014 0.025353 -0.164673 0.136036 0.220681 0.117590 0.354937 0.312000 0.019032 0.160456 0.163507 0.346150
