1.000000 0.674991 -0.135944 -0.212917 -0.157016 -0.334602 -0.028726 -0.225006 0.127788 -0.123124 0.636635 0.175844 0.229471 0.253717 0.175796 -0.099316 0.525837 0.394035 0.443883 0.181871 -0.332850 -0.408619 -0.165649 -0.337273 -0.281962 -0.522867 -0.367491 -0.324323 0.465777 0.274515 -0.295363 -0.560659 0.371271 -0.202987 -0.223346 -0.454336 0.288282 -0.145330 0.011013 -0.077684 0.014287 -0.046137 0.159983 0.194195 -0.005461 -0.183104 0.160265 -0.042171 0.249595 0.215139 0.069843 0.088425 0.156840 0.289211 0.303726 0.123043 0.704319 0.289260 0.533494 0.301479 0.605852 0.381394 0.592009 0.563760 -0.438473 -0.425451 -0.215657 -0.664407 -0.112915 -0.351530 -0.091887 -0.359391 0.376573 0.099550 0.197241 0.390493 0.379910 0.175630 -0.012937 0.048523 0.300678 0.263658 0.058691 0.059819 0.082774 -0.181525 0.109713 -0.075458 0.004549 -0.187663 -0.191900 -0.327018 -0.332806 0.000563 -0.336465 0.012877 -0.257809 -0.247146 0.193626 0.261634 -0.074318 -0.174645 0.193768 -0.218966 -0.055932 0.056811 0.029268 0.008060 -0.232048 -0.173192 -0.475653 0.085612 0.212488 -0.216976 -0.022017 0.139155
0.674991 1.000000 -0.328950 -0.265213 -0.219422 -0.444556 -0.206994 -0.428971 0.114985 -0.286897 0.663704 0.444182 0.343744 0.421919 0.220088 0.038990 0.452930 0.382757 0.331600 0.344097 -0.347300 -0.355884 -0.167789 -0.343294 -0.249266 -0.507904 -0.290512 -0.182646 0.423338 0.305545 -0.273735 -0.553048 0.193228 -0.354543 -0.369259 -0.525254 0.198778 -0.026528 -0.033237 -0.150262 0.025644 0.038143 0.186678 0.052225 -0.138928 -0.340066 0.306893 -0.119631 0.322901 0.194253 0.145479 0.290428 0.229400 0.530159 0.364743 0.271619 0.455951 0.320938 0.456681 0.379506 0.318508 0.335809 0.250758 0.498697 -0.473251 -0.378468 -0.360127 -0.749433 0.018779 -0.014818 -0.126257 -0.416565 0.297453 0.049061 0.180748 0.242738 0.293492 0.063537 0.126543 0.274888 0.285458 0.327875 -0.056335 0.052910 -0.016911 -0.189572 -0.033085 -0.226317 -0.144547 -0.046947 -0.049254 -0.267839 -0.374899 -0.134450 -0.292837 -0.100024 -0.050638 -0.054931 0.335233 0.205595 -0.140984 -0.130615 0.224841 -0.118695 -0.063172 -0.027587 0.038490 -0.014561 0.038287 0.053833 -0.392526 0.146422 0.188772 0.052286 -0.041214 -0.104538
-0.135944 -0.328950 1.000000 0.142934 0.633641 0.343317 0.756045 0.298972 0.537792 0.208414 -0.015157 -0.426294 0.279176 0.043496 0.412971 0.049273 -0.362094 -0.203377 0.334760 0.081277 0.214461 0.300311 0.720497 0.450180 0.680355 0.641440 0.648599 0.438517 -0.336638 -0.297901 0.607706 0.394186 -0.213590 0.108377 0.220642 0.164005 -0.211889 -0.288279 -0.135917 -0.241152 -0.268372 0.156237 -0.216224 -0.022604 -0.190971 -0.176758 -0.333754 -0.120863 -0.269182 -0.324726 -0.128782 -0.201974 0.236422 -0.427601 -0.192361 -0.452400 -0.163751 -0.056412 0.026025 -0.389356 0.227824 -0.263181 -0.174933 -0.351136 0.548841 0.074434 0.288368 0.302010 0.129114 0.166256 0.093809 0.428466 -0.309676 0.134907 -0.066234 0.047765 -0.054605 -0.131738 -0.282799 -0.311214 -0.285081 -0.406315 0.025336 -0.148213 0.015317 -0.262465 0.074611 0.226672 0.485303 0.150468 -0.012871 0.190587 0.153258 0.284282 0.061902 -0.224124 -0.025750 -0.191609 -0.543980 -0.447999 0.066077 0.018100 0.001746 -0.095020 -0.340875 -0.378897 0.121996 0.026982 -0.391877 -0.210058 0.050334 -0.527600 -0.340082 -0.111288 -0.147892 0.135265
-0.212917 -0.265213 0.142934 1.000000 0.385839 0.654088 0.257538 0.807944 0.005446 0.623868 -0.352181 0.089093 -0.325699 -0.056671 0.019081 0.454484 -0.337690 -0.190831 -0.183139 -0.147162 0.308292 0.413620 -0.040153 0.636634 0.238000 0.343457 0.266125 0.163921 -0.340857 -0.082361 0.205147 0.450926 -0.151611 0.177081 -0.176174 0.002539 -0.550771 -0.208184 -0.185008 -0.251392 -0.322857 0.171217 -0.169691 -0.137253 -0.295159 -0.123033 -0.287188 -0.092255 -0.185895 -0.278152 -0.160108 -0.036834 -0.231909 -0.112482 -0.608034 -0.378814 -0.063550 -0.425839 -0.317121 0.178357 0.091913 0.350197 0.066375 -0.063618 0.281560 0.531021 -0.332504 0.200787 -0.308272 -0.003287 -0.079604 0.435728 -0.413244 0.014727 -0.302410 -0.148149 -0.304672 -0.231874 -0.198064 -0.245560 -0.063515 -0.278431 0.136108 0.503985 -0.012467 0.238203 0.146362 0.221922 0.094369 0.475846 0.296641 0.011884 0.508284 0.017983 -0.253169 -0.258978 -0.322000 -0.256021 -0.556292 -0.324055 0.291174 0.039430 0.274077 0.034504 -0.239789 -0.245052 0.025210 -0.005663 -0.285528 -0.285305 -0.279710 -0.352081 -0.304587 -0.127780 -0.029456 -0.083982
-0.157016 -0.219422 0.633641 0.385839 1.000000 0.701911 0.570071 0.389832 0.684987 0.612181 -0.072486 -0.177702 0.164880 0.063667 0.438698 0.349829 -0.402568 -0.187279 0.350719 0.281039 0.214890 0.352299 0.574957 0.732073 0.692554 0.630358 0.674633 0.541321 -0.430467 -0.288748 0.290517 0.272789 -0.447842 -0.056696 -0.180207 0.123541 -0.557653 -0.436365 -0.300315 -0.506680 -0.470022 0.126968 -0.401079 -0.282838 -0.310512 -0.243982 -0.436409 -0.043555 -0.237268 -0.256749 -0.059741 -0.020714 0.221576 -0.151629 -0.514476 -0.623625 -0.075133 -0.052643 0.134834 -0.194056 0.193588 0.016327 -0.131210 -0.207469 0.450219 0.113073 -0.067059 0.212594 0.243971 0.415883 0.311668 0.500141 -0.464061 0.137174 -0.242578 -0.133451 -0.285169 -0.248712 -0.249942 -0.272013 -0.290208 -0.353285 0.150184 0.118228 0.053140 -0.286443 0.175080 0.198813 0.398585 0.303876 0.298424 0.204031 0.253559 0.490114 -0.019506 -0.520410 -0.170192 -0.205213 -0.621143 -0.666307 0.247514 0.250034 0.157969 0.305842 -0.205692 -0.403461 0.138318 -0.024600 -0.215273 -0.138666 -0.068858 -0.502966 -0.459397 -0.097043 -0.059700 -0.160587
-0.334602 -0.444556 0.343317 0.654088 0.701911 1.000000 0.459267 0.767003 0.308689 0.881208 -0.389811 -0.170637 -0.160743 -0.178997 0.073319 0.485388 -0.474367 -0.183768 -0.085339 0.007082 0.343216 0.387095 0.223156 0.744298 0.579763 0.673099 0.547981 0.420449 -0.544957 -0.262494 0.155678 0.337197 -0.316692 0.105543 -0.209549 0.137792 -0.705420 -0.545902 -0.206362 -0.315802 -0.350213 -0.107217 -0.308163 -0.143109 -0.088857 0.039795 -0.461596 -0.003016 -0.157699 -0.175801 0.046957 0.061737 0.103365 -0.191156 -0.556939 -0.605060 -0.099217 -0.165311 -0.159542 0.038449 -0.073456 0.134342 -0.137487 -0.238363 0.335395 0.432994 -0.078995 0.399572 0.108425 0.259273 0.063829 0.457036 -0.576669 -0.084976 -0.542791 -0.411143 -0.611864 -0.445062 -0.277445 -0.257420 -0.319522 -0.353395 0.042141 0.268587 -0.069159 -0.193672 0.154020 0.339827 0.267865 0.336785 0.276691 -0.060210 0.409728 0.216076 -0.103456 -0.437720 -0.317905 -0.303897 -0.677996 -0.658413 0.267260 0.256744 0.192476 0.337813 -0.007082 -0.147360 0.250135 0.102097 -0.270882 -0.243250 -0.150915 -0.420498 -0.397708 -0.160150 -0.083575 -0.138681
-0.028726 -0.206994 0.756045 0.257538 0.570071 0.459267 1.000000 0.472223 0.588945 0.379951 0.199701 -0.243164 0.465340 0.227454 0.585661 0.164871 -0.151871 0.075660 0.355384 0.142181 0.283783 0.255362 0.524246 0.386978 0.553038 0.449100 0.504671 0.212544 -0.057315 0.002776 0.421305 0.146347 -0.110865 0.167878 -0.007570 -0.074467 -0.211772 -0.396629 -0.117899 -0.280013 -0.214207 0.105210 -0.174190 -0.008121 -0.154775 -0.210668 -0.277860 -0.110041 -0.213289 -0.175782 -0.108601 -0.275476 0.131578 -0.301943 -0.197926 -0.440076 -0.121813 0.001699 -0.065713 -0.421502 0.227304 -0.195609 0.044548 -0.198371 0.454561 -0.053972 -0.042789 0.041810 0.002312 0.051070 -0.056996 0.344777 -0.092156 0.076585 -0.175163 0.027338 -0.136472 -0.201959 -0.270413 -0.197044 -0.191048 -0.219569 0.134265 0.131367 0.136329 -0.175303 0.079566 0.095664 0.383250 0.067469 0.007502 0.039853 0.022345 0.236146 -0.193104 -0.330887 -0.275467 -0.381143 -0.568810 -0.512420 0.211455 0.067867 -0.009587 -0.053696 -0.286508 -0.322521 0.095350 0.048512 -0.419367 -0.341330 -0.227085 -0.495201 -0.361338 -0.207370 -0.213490 -0.030788
-0.225006 -0.428971 0.298972 0.807944 0.389832 0.767003 0.472223 1.000000 0.060577 0.799002 -0.353948 0.002905 -0.281503 -0.060872 -0.059988 0.487507 -0.341029 -0.109645 -0.233404 -0.243895 0.311039 0.250063 -0.066657 0.556223 0.256775 0.400829 0.221748 0.060990 -0.322023 -0.044213 0.173930 0.371258 -0.091156 0.207376 -0.081413 0.065662 -0.511547 -0.320477 -0.213957 -0.144176 -0.214391 -0.015117 -0.121528 -0.016272 -0.122694 0.017716 -0.269200 0.040955 -0.230867 -0.269451 -0.141977 -0.156176 -0.100833 -0.250949 -0.499316 -0.456082 -0.112105 -0.380025 -0.384448 0.024124 0.057351 0.332834 -0.015291 -0.174676 0.219678 0.540050 -0.214110 0.313245 -0.178291 -0.022208 -0.003524 0.489652 -0.358456 0.025911 -0.348851 -0.158498 -0.365938 -0.252643 -0.218562 -0.223282 -0.103234 -0.233501 -0.017198 0.384083 -0.144879 0.026514 0.038107 0.229116 0.109134 0.339208 0.299279 -0.057404 0.583116 0.050460 -0.184156 -0.206058 -0.303083 -0.281113 -0.595626 -0.408459 0.331136 0.075883 0.205314 0.057611 -0.156082 -0.149847 0.048473 0.044924 -0.327937 -0.279753 -0.204291 -0.363886 -0.240893 -0.147324 -0.080626 -0.083846
0.127788 0.114985 0.537792 0.005446 0.684987 0.308689 0.588945 0.060577 1.000000 0.321703 0.337085 -0.046192 0.553727 0.288135 0.785330 0.237276 -0.140915 -0.019656 0.442196 0.277900 -0.116952 0.074867 0.645689 0.382121 0.467255 0.351920 0.435064 0.325200 -0.182654 -0.153782 0.152512 -0.066056 -0.433818 -0.227386 -0.220962 -0.016357 -0.151313 -0.356581 -0.150845 -0.337649 -0.302281 0.132990 -0.185876 -0.151526 -0.221678 -0.295340 -0.157740 -0.235991 -0.069838 -0.058268 -0.007128 -0.044889 0.438956 0.034214 -0.105205 -0.375332 -0.011375 0.227640 0.323888 -0.188436 0.264136 -0.042677 -0.088942 -0.135666 0.417297 -0.147436 -0.160527 -0.177847 0.164014 0.309756 0.161811 0.147706 -0.205943 0.051707 -0.078964 0.073149 0.028651 -0.163873 -0.289832 -0.166179 -0.326765 -0.299671 0.127824 -0.065923 0.171100 -0.373676 0.184942 0.047572 0.527507 0.142390 0.200181 0.098990 0.016347 0.345727 -0.261893 -0.336969 -0.301185 -0.358895 -0.343868 -0.413860 0.110549 0.086480 0.093427 0.041895 -0.249129 -0.357079 0.251365 0.074092 -0.176406 -0.109642 -0.271964 -0.252583 -0.293060 -0.079529 -0.187319 -0.162628
-0.123124 -0.286897 0.208414 0.623868 0.612181 0.881208 0.379951 0.799002 0.321703 1.000000 -0.293909 0.037376 -0.193170 -0.032064 0.056702 0.649981 -0.350684 -0.069600 -0.094080 -0.019568 0.215542 0.208924 0.073840 0.671270 0.356599 0.424460 0.326408 0.224898 -0.413443 -0.146184 -0.058840 0.166051 -0.286741 -0.009476 -0.343256 -0.002015 -0.621557 -0.474362 -0.255236 -0.287483 -0.352693 -0.219619 -0.197623 -0.128599 -0.083970 -0.004412 -0.316018 0.087706 -0.099883 -0.155213 0.017597 0.015667 0.113631 -0.063368 -0.492741 -0.554227 -0.028788 -0.217133 -0.164419 0.065276 0.020521 0.334597 -0.003125 -0.107707 0.168545 0.381384 -0.291917 0.194107 0.042578 0.136338 0.128595 0.389367 -0.474101 0.015112 -0.474131 -0.254440 -0.457983 -0.331125 -0.254078 -0.259943 -0.216007 -0.252488 -0.010231 0.352392 -0.137481 -0.232969 0.113206 0.283641 0.186203 0.266444 0.424287 -0.081133 0.525580 0.223782 -0.145635 -0.348160 -0.362563 -0.295791 -0.562482 -0.543089 0.359541 0.234618 0.265759 0.347362 0.058057 -0.062964 0.128898 0.060365 -0.276677 -0.284624 -0.246166 -0.326222 -0.325285 -0.091660 0.056249 -0.207845
0.636635 0.663704 -0.015157 -0.352181 -0.072486 -0.389811 0.199701 -0.353948 0.337085 -0.293909 1.000000 0.259767 0.688936 0.549781 0.526890 -0.120641 0.508942 0.340695 0.445899 0.067964 -0.234309 -0.375628 0.102698 -0.319541 -0.114069 -0.430159 -0.226875 -0.216799 0.509720 0.326979 -0.099497 -0.497940 0.129288 -0.201160 -0.166953 -0.410001 0.329614 -0.123493 -0.031150 -0.176041 0.060461 -0.013647 0.159981 0.178545 -0.068855 -0.306048 0.234301 -0.183258 0.291600 0.304204 0.137944 0.156623 0.288719 0.369883 0.385027 0.210624 0.245581 0.210844 0.459913 0.087454 0.445625 0.074521 0.318111 0.361844 -0.177152 -0.547496 -0.235579 -0.691963 -0.251110 -0.247687 -0.155224 -0.340821 0.383028 0.041917 0.216307 0.429815 0.311755 -0.000415 -0.068657 0.060627 0.228996 0.218766 0.306048 0.000544 0.379209 -0.062703 0.232164 -0.095758 0.114615 -0.079154 -0.141747 -0.096766 -0.387477 -0.046738 -0.325136 -0.033822 -0.235031 -0.226454 0.233633 0.113557 -0.073935 -0.191224 0.110768 -0.284852 -0.086941 -0.043386 0.091722 0.072321 -0.043766 -0.018666 -0.451435 0.003945 0.108566 -0.131288 -0.133128 -0.015105
0.175844 0.444182 -0.426294 0.089093 -0.177702 -0.170637 -0.243164 0.002905 -0.046192 0.037376 0.259767 1.000000 0.036956 0.477329 0.115255 0.503986 0.226047 0.028909 -0.053674 -0.110886 -0.129313 -0.218525 -0.326743 -0.053562 -0.420537 -0.349984 -0.380124 -0.048552 0.211447 0.174836 -0.310604 -0.091259 -0.074236 -0.241117 -0.250499 -0.134161 0.062180 0.102168 -0.008737 0.049753 0.161593 0.057220 0.053378 -0.141978 -0.295229 -0.207727 0.067103 -0.124745 -0.048125 -0.095771 -0.226349 -0.042875 -0.103615 0.207662 0.026320 0.065677 -0.038005 -0.232853 0.128181 0.188003 0.012011 0.466193 -0.015879 -0.021352 -0.242754 0.226921 -0.439638 -0.332380 -0.224308 -0.055544 0.148570 -0.056398 0.101916 0.093878 0.205378 0.284788 0.197575 0.235575 0.137182 0.080833 0.287274 0.124276 0.142444 0.333053 0.047454 0.158460 0.073064 -0.116820 -0.110902 0.158249 0.238580 0.026986 0.145473 -0.114822 -0.226609 0.004586 -0.033256 0.099325 0.142591 0.155740 0.002218 -0.041208 0.055055 0.141879 -0.034088 0.038744 -0.208460 -0.118368 0.220237 0.215799 -0.104085 0.168101 0.225178 0.181324 0.126482 -0.233147
0.229471 0.343744 0.279176 -0.325699 0.164880 -0.160743 0.465340 -0.281503 0.553727 -0.193170 0.688936 0.036956 1.000000 0.598112 0.710151 0.008301 0.061281 0.104350 0.484390 0.219535 0.013003 -0.017671 0.540739 0.014707 0.333302 0.036150 0.199495 0.153861 0.213932 -0.006700 0.224098 -0.131349 -0.111342 -0.089206 0.048384 -0.121304 0.166972 -0.234951 -0.121113 -0.313709 -0.018996 -0.033173 0.159565 0.207424 0.028295 -0.058284 0.009342 -0.115378 -0.022648 0.085227 0.032990 -0.077893 0.290000 -0.028700 0.149513 -0.190353 -0.023072 0.182102 0.310932 -0.307032 0.124731 -0.305671 0.088845 -0.087126 0.187110 -0.375262 0.074733 -0.278440 -0.025329 -0.028195 -0.048676 -0.003284 0.153940 0.044877 0.150370 0.224851 0.098892 -0.069259 -0.249168 -0.171217 -0.062800 -0.089990 0.339084 -0.025985 0.419897 -0.181525 0.216343 0.019024 0.306399 -0.290179 -0.105587 0.020845 -0.295623 0.181264 -0.159250 -0.160100 -0.251451 -0.309810 -0.062655 -0.162101 -0.057878 -0.003249 -0.036586 -0.162127 -0.127356 -0.185097 0.085355 -0.085876 -0.216360 -0.195267 -0.197949 -0.229288 -0.195869 -0.023994 -0.249734 -0.023057
0.253717 0.421919 0.043496 -0.056671 0.063667 -0.178997 0.227454 -0.060872 0.288135 -0.032064 0.549781 0.477329 0.598112 1.000000 0.425847 0.293768 0.084023 0.064089 0.322104 0.098599 -0.061268 -0.121830 0.116817 0.026258 0.018356 -0.128677 -0.076666 0.001112 0.316891 0.226258 0.179796 0.022554 0.011998 -0.064535 -0.061166 -0.131776 0.081119 0.026399 -0.354582 -0.246614 0.002037 0.071776 0.210416 0.127296 -0.182087 -0.077023 0.089887 -0.027005 -0.061298 -0.090125 -0.050458 -0.101680 0.161210 0.082719 0.002366 -0.148046 -0.069730 -0.204860 0.184405 -0.007363 0.162143 0.066064 0.097808 -0.059024 -0.109202 -0.090381 -0.142644 -0.273846 -0.160889 -0.119793 0.161517 0.193211 0.194366 0.350498 0.267826 0.424149 0.148857 0.055732 -0.128824 -0.207639 0.209520 -0.030048 0.286090 0.209811 0.167954 -0.055522 0.114862 0.025688 -0.053758 -0.031985 0.187543 0.073057 0.010602 0.030881 -0.244224 -0.177827 -0.122555 -0.200249 -0.013885 0.004732 0.143531 -0.066869 0.099045 -0.130952 -0.257752 -0.299562 -0.164550 -0.243720 -0.310830 -0.238893 -0.122083 -0.244347 -0.037663 0.039393 -0.086074 0.029764
0.175796 0.220088 0.412971 0.019081 0.438698 0.073319 0.585661 -0.059988 0.785330 0.056702 0.526890 0.115255 0.710151 0.425847 1.000000 0.228528 0.015019 0.076742 0.498815 0.238781 -0.036188 0.000038 0.611570 0.282630 0.327265 0.140712 0.357717 0.271203 0.071877 0.020367 0.216559 -0.053538 -0.387292 -0.193420 -0.215655 -0.229483 0.018930 -0.282825 -0.044321 -0.348134 -0.156489 0.154844 -0.098736 -0.106603 -0.226805 -0.349374 -0.049610 -0.292196 0.019021 0.033227 -0.041649 -0.027568 0.265171 0.107741 -0.043329 -0.198176 -0.108439 0.102279 0.254308 -0.252454 0.187538 -0.170782 -0.010494 -0.089801 0.386745 -0.295801 -0.285189 -0.350999 -0.155189 0.098861 -0.033093 0.022061 0.017326 0.012992 0.010745 0.144757 0.090098 -0.103860 -0.301389 -0.222425 -0.172293 -0.227594 0.426685 0.194557 0.354623 -0.115317 0.358349 0.056813 0.466216 0.043229 0.143189 0.178582 -0.194891 0.240717 -0.265304 -0.269415 -0.400734 -0.365312 -0.230750 -0.368230 0.083218 0.015441 -0.015979 -0.064757 -0.234387 -0.255142 0.065546 -0.024855 -0.133268 -0.119902 -0.415161 -0.324539 -0.351244 -0.179150 -0.177061 -0.258285
-0.099316 0.038990 0.049273 0.454484 0.349829 0.485388 0.164871 0.487507 0.237276 0.649981 -0.120641 0.503986 0.008301 0.293768 0.228528 1.000000 -0.352606 -0.147090 -0.222061 -0.124096 0.082239 0.035930 0.125532 0.583892 0.150157 0.224945 0.308712 0.413393 -0.350298 -0.177703 -0.130624 0.217296 -0.424936 -0.310202 -0.326805 -0.159556 -0.429398 -0.197937 -0.096770 -0.203065 -0.181241 -0.258057 -0.084419 -0.239245 -0.257619 -0.204774 -0.090754 -0.045672 -0.068340 -0.261618 0.008717 0.096624 0.209199 0.079968 -0.245830 -0.371662 -0.256788 -0.419364 0.033865 0.142016 -0.080210 0.346417 -0.221956 -0.292973 0.065992 0.467492 -0.388415 0.070070 -0.179348 0.157489 0.031728 0.289979 -0.430093 -0.074614 -0.355209 -0.179926 -0.354055 -0.184983 -0.297456 -0.344128 -0.151309 -0.347663 0.146796 0.463337 -0.069173 -0.152446 0.245870 0.354336 0.160330 0.336927 0.507051 0.098983 0.447819 0.182728 -0.217442 -0.286970 -0.249357 -0.243450 -0.414517 -0.384924 0.170037 0.242136 0.144576 0.353780 -0.018687 -0.039994 -0.093271 -0.141599 -0.147790 -0.114171 -0.205067 -0.270408 -0.245636 0.131960 0.007102 -0.316988
0.525837 0.452930 -0.362094 -0.337690 -0.402568 -0.474367 -0.151871 -0.341029 -0.140915 -0.350684 0.508942 0.226047 0.061281 0.084023 0.015019 -0.352606 1.000000 0.709040 0.149659 0.119433 -0.437437 -0.426327 -0.400747 -0.602454 -0.513726 -0.624516 -0.561537 -0.564845 0.656308 0.601454 -0.353094 -0.602590 0.513133 0.038033 -0.166340 -0.244818 0.528566 0.077673 0.244147 0.206896 0.394871 -0.003630 0.138507 0.054404 0.135978 -0.199604 0.360527 -0.091903 0.274064 0.296025 -0.078271 -0.063741 -0.184304 0.210477 0.391994 0.470509 0.503974 0.400551 0.101485 0.034507 0.364191 0.229805 0.305582 0.629380 -0.372530 -0.493454 -0.270946 -0.637888 -0.103176 -0.305119 -0.144082 -0.416534 0.686477 0.056136 0.213437 0.261149 0.398963 0.261709 0.528947 0.599887 0.522570 0.743190 -0.006046 -0.167641 -0.004194 -0.045360 -0.045738 -0.327193 -0.208994 -0.139570 -0.287536 -0.348754 -0.433480 -0.297483 -0.212701 0.195866 -0.003605 0.150716 0.451708 0.408441 -0.142776 -0.316356 -0.081277 -0.220688 0.004148 0.113526 -0.138462 0.024803 0.128687 0.148090 -0.215006 0.422765 0.262714 -0.155109 0.049047 0.072972
0.394035 0.382757 -0.203377 -0.190831 -0.187279 -0.183768 0.075660 -0.109645 -0.019656 -0.069600 0.340695 0.028909 0.104350 0.064089 0.076742 -0.147090 0.709040 1.000000 0.121084 0.281259 -0.398980 -0.365007 -0.312544 -0.414307 -0.233042 -0.416201 -0.292010 -0.472580 0.662635 0.697148 -0.172503 -0.509880 0.404608 0.028663 -0.306190 -0.392460 0.266162 -0.085390 0.095552 0.122459 0.317680 -0.051897 0.184689 0.093492 0.238026 -0.221362 0.250857 0.064569 0.368286 0.274447 0.041288 0.025962 -0.062354 0.189106 0.282784 0.265461 0.489704 0.519821 -0.068568 -0.042604 0.218574 0.082134 0.172406 0.633445 -0.476272 -0.541926 -0.242331 -0.572192 -0.011782 -0.200020 -0.079320 -0.185670 0.656576 0.090814 0.038765 0.092614 0.171789 0.169014 0.313997 0.484863 0.134454 0.666567 -0.238765 0.046694 -0.421129 -0.358174 -0.262340 -0.303335 -0.382562 -0.248514 -0.213495 -0.426566 -0.352309 -0.182503 -0.152746 0.026498 -0.166989 0.002786 0.216183 0.064978 -0.007890 -0.193071 -0.118611 -0.070541 -0.011368 0.078521 -0.083548 0.096624 -0.093672 -0.057787 -0.337155 0.195174 -0.018544 -0.237044 0.118624 -0.078887
0.443883 0.331600 0.334760 -0.183139 0.350719 -0.085339 0.355384 -0.233404 0.442196 -0.094080 0.445899 -0.053674 0.484390 0.322104 0.498815 -0.222061 0.149659 0.121084 1.000000 0.476188 -0.056205 -0.043738 0.367628 0.007018 0.286268 -0.028032 0.089056 0.008776 0.256893 0.121382 0.190423 -0.219013 0.110558 0.055081 -0.022418 -0.043067 0.085091 -0.241521 -0.145116 -0.379421 -0.254971 0.241659 -0.068634 0.057669 -0.066809 -0.138216 -0.131066 -0.013932 -0.018665 0.172694 -0.142431 -0.073720 0.006602 0.022392 -0.094800 -0.202203 0.279116 0.275365 0.251270 -0.214027 0.231060 -0.074472 0.338716 0.122972 0.045974 -0.448707 0.010205 -0.271536 0.127300 -0.038586 0.186997 -0.014801 0.222111 0.364242 0.364029 0.315696 0.285596 0.072769 -0.102614 -0.083213 0.026240 0.028779 0.217367 -0.006951 0.179061 -0.232956 0.151525 -0.133809 0.236496 -0.266404 -0.119050 0.028723 -0.291766 0.193012 -0.037230 -0.268107 -0.142860 -0.128783 -0.061886 -0.111403 0.156584 0.010450 0.144948 -0.125520 -0.126642 -0.280164 0.098037 -0.014818 -0.227865 -0.170775 -0.194065 -0.172764 -0.083800 -0.155142 -0.152032 0.172302
0.181871 0.344097 0.081277 -0.147162 0.281039 0.007082 0.142181 -0.243895 0.277900 -0.019568 0.067964 -0.110886 0.219535 0.098599 0.238781 -0.124096 0.119433 0.281259 0.476188 1.000000 0.039198 0.029815 0.132601 0.012428 0.218663 0.104542 0.198462 0.138898 0.209603 0.173868 0.102983 -0.180631 0.086439 0.126321 -0.303804 -0.120207 -0.147166 -0.135282 -0.303784 -0.341559 -0.184830 0.177320 -0.176764 -0.182756 -0.128843 -0.189644 -0.156454 0.114089 -0.111204 -0.136510 -0.086129 -0.143882 0.045206 0.003561 -0.239256 -0.248027 0.401118 0.442757 0.159217 -0.173063 0.056289 -0.142419 0.140180 0.218257 -0.151047 -0.395752 -0.100399 -0.173088 0.586771 0.449009 0.251193 0.031567 0.175727 0.229074 0.057682 -0.087322 -0.072247 -0.034122 0.240514 0.214164 0.208753 0.373707 -0.072765 0.060768 -0.096285 -0.266029 -0.111215 -0.203476 -0.066039 -0.271797 0.150984 -0.003421 -0.378575 0.351953 0.121741 -0.408288 0.147536 0.100878 -0.079643 -0.162294 0.157778 0.294832 0.156176 0.257037 -0.214441 -0.343701 -0.183279 -0.357025 -0.118241 -0.041529 0.012282 -0.085302 -0.142699 0.006671 -0.174823 0.000996
-0.332850 -0.347300 0.214461 0.308292 0.214890 0.343216 0.283783 0.311039 -0.116952 0.215542 -0.234309 -0.129313 0.013003 -0.061268 -0.036188 0.082239 -0.437437 -0.398980 -0.056205 0.039198 1.000000 0.605214 0.167569 0.405305 0.365256 0.418783 0.448207 0.389662 -0.253764 -0.215250 0.292552 0.458767 -0.259975 0.166162 0.073820 -0.019984 -0.364418 -0.068374 -0.136105 -0.289899 -0.245222 -0.000987 -0.026831 0.091971 -0.187337 0.101674 -0.379928 0.212297 -0.327245 -0.251443 0.079006 -0.032070 -0.101632 -0.203972 -0.383467 -0.369156 -0.255401 -0.375667 -0.270833 -0.246106 -0.259516 -0.277495 0.127893 -0.221570 0.224020 0.156532 0.068374 0.320520 -0.003614 0.128328 0.045511 0.396856 -0.325803 -0.051869 -0.187366 -0.059276 -0.295545 -0.123661 -0.242566 -0.422713 0.068509 -0.216526 0.254930 0.403081 0.283469 0.356375 0.018990 0.096184 -0.002080 -0.080963 0.129737 0.205644 0.120382 0.204981 0.049810 -0.329714 0.005247 -0.179439 -0.330010 -0.306680 0.310488 0.292498 -0.040536 0.198458 -0.011091 -0.050447 -0.084679 -0.168704 -0.212789 -0.268830 0.169163 -0.321416 -0.064104 0.032098 -0.082286 -0.012122
-0.408619 -0.355884 0.300311 0.413620 0.352299 0.387095 0.255362 0.250063 0.074867 0.208924 -0.375628 -0.218525 -0.017671 -0.121830 0.000038 0.035930 -0.426327 -0.365007 -0.043738 0.029815 0.605214 1.000000 0.349612 0.530888 0.489209 0.569949 0.543134 0.473637 -0.418624 -0.357855 0.400837 0.613619 -0.268622 0.228694 0.198103 0.173983 -0.324525 0.022379 -0.127708 -0.283356 -0.215159 0.263227 -0.166125 -0.102838 -0.345228 -0.011097 -0.514689 0.061561 -0.464727 -0.416687 -0.138092 -0.174837 -0.221640 -0.391350 -0.456060 -0.506961 -0.117770 -0.166831 -0.254034 -0.205081 -0.103732 -0.173057 0.021305 -0.212369 0.503599 0.289842 0.151999 0.386074 0.166645 0.207267 0.066739 0.419560 -0.451096 -0.017674 -0.169415 -0.103589 -0.101415 0.031023 -0.146547 -0.220000 -0.113290 -0.342205 0.083359 0.159650 0.139953 0.196478 -0.171977 0.038799 0.125501 0.067314 -0.009780 0.062969 0.237650 0.153887 -0.050419 -0.379792 0.009232 -0.253020 -0.442030 -0.263140 0.111679 0.237972 -0.083644 0.147064 -0.145434 -0.213673 0.156053 0.081932 -0.277623 -0.346476 0.226365 -0.275071 -0.274620 0.074849 -0.029008 0.059686
-0.165649 -0.167789 0.720497 -0.040153 0.574957 0.223156 0.524246 -0.066657 0.645689 0.073840 0.102698 -0.326743 0.540739 0.116817 0.611570 0.125532 -0.400747 -0.312544 0.367628 0.132601 0.167569 0.349612 1.000000 0.542451 0.739025 0.617526 0.714100 0.674560 -0.474039 -0.541266 0.447957 0.349961 -0.487878 -0.106668 0.164885 0.159905 -0.179533 -0.257174 -0.038392 -0.316283 -0.334363 -0.025941 -0.140745 -0.056331 -0.083137 -0.087795 -0.219040 -0.066159 -0.205034 -0.160358 -0.088511 -0.051457 0.295735 -0.215453 -0.152787 -0.387290 -0.248867 0.048185 0.177726 -0.408334 -0.056549 -0.442747 -0.288249 -0.497638 0.699060 0.028628 0.247580 0.220995 0.101789 0.170995 -0.059238 0.216802 -0.468950 -0.112288 -0.101447 -0.126630 -0.145937 -0.261561 -0.307725 -0.332281 -0.331152 -0.498630 0.259897 -0.203414 0.330716 -0.247523 0.277113 0.323130 0.660844 0.006838 -0.061193 0.216071 0.042559 0.301635 0.024717 -0.229479 -0.056889 -0.203086 -0.397669 -0.403801 -0.109517 0.097405 -0.126656 0.012299 -0.241851 -0.331446 0.107877 -0.035525 -0.273194 -0.211118 0.031157 -0.369434 -0.441721 0.032443 -0.209216 0.000409
-0.337273 -0.343294 0.450180 0.636634 0.732073 0.744298 0.386978 0.556223 0.382121 0.671270 -0.319541 -0.053562 0.014707 0.026258 0.282630 0.583892 -0.602454 -0.414307 0.007018 0.012428 0.405305 0.530888 0.542451 1.000000 0.607067 0.700833 0.694956 0.666677 -0.669580 -0.497470 0.290082 0.575380 -0.579377 -0.009038 -0.067629 0.165247 -0.603320 -0.308628 -0.163529 -0.387325 -0.417132 0.015890 -0.232201 -0.185034 -0.249519 -0.039721 -0.388482 -0.000146 -0.313298 -0.346254 -0.106644 0.008321 0.086478 -0.176501 -0.553237 -0.606037 -0.258910 -0.370805 -0.111725 -0.113445 -0.108409 0.051204 -0.204036 -0.445084 0.529784 0.503938 -0.109076 0.388079 -0.033559 0.275963 0.040293 0.518057 -0.686332 -0.127220 -0.390864 -0.273233 -0.479377 -0.368300 -0.376132 -0.429415 -0.240996 -0.594439 0.276000 0.293463 0.159641 -0.043907 0.289440 0.417753 0.467826 0.394692 0.334992 0.201903 0.491341 0.306725 -0.063677 -0.417460 -0.178430 -0.230453 -0.637587 -0.543357 0.161443 0.203771 0.154031 0.214361 -0.224327 -0.298329 0.042928 -0.085523 -0.295274 -0.303657 -0.033843 -0.440509 -0.443702 0.081440 -0.040988 -0.100648
-0.281962 -0.249266 0.680355 0.238000 0.692554 0.579763 0.553038 0.256775 0.467255 0.356599 -0.114069 -0.420537 0.333302 0.018356 0.327265 0.150157 -0.513726 -0.233042 0.286268 0.218663 0.365256 0.489209 0.739025 0.607067 1.000000 0.807328 0.769206 0.647845 -0.436660 -0.365466 0.586495 0.456759 -0.382195 0.043872 0.109518 0.154189 -0.528948 -0.479763 -0.246097 -0.444701 -0.414763 0.001735 -0.114307 0.102574 0.006478 0.038381 -0.389539 0.060988 -0.147590 -0.168880 0.038684 0.075630 0.147066 -0.247399 -0.400946 -0.560541 -0.163376 -0.002518 -0.028523 -0.279360 -0.124727 -0.364492 -0.191389 -0.353608 0.486980 0.098358 0.305506 0.337540 0.225907 0.235018 0.045151 0.463994 -0.500211 -0.024411 -0.314376 -0.294839 -0.383273 -0.286467 -0.400374 -0.349943 -0.334982 -0.434087 0.142789 0.026205 0.074413 -0.323206 0.196163 0.380608 0.428035 -0.011079 -0.006673 -0.041730 0.150558 0.238983 0.008487 -0.433019 -0.198931 -0.309475 -0.562893 -0.640359 0.076523 0.182288 0.024030 0.133472 -0.117668 -0.284318 0.265751 0.049705 -0.384408 -0.335801 -0.003825 -0.539465 -0.493143 -0.133211 -0.181035 -0.038796
-0.522867 -0.507904 0.641440 0.343457 0.630358 0.673099 0.449100 0.400829 0.351920 0.424460 -0.430159 -0.349984 0.036150 -0.128677 0.140712 0.224945 -0.624516 -0.416201 -0.028032 0.104542 0.418783 0.569949 0.617526 0.700833 0.807328 1.000000 0.756251 0.697232 -0.645628 -0.501633 0.607632 0.699663 -0.415252 0.177682 0.183324 0.371447 -0.535301 -0.273519 -0.196731 -0.278672 -0.293980 0.136991 -0.289968 -0.090549 -0.132162 0.071936 -0.492962 -0.008478 -0.366490 -0.429321 -0.055526 -0.075209 0.118509 -0.389361 -0.481688 -0.555612 -0.274073 -0.119981 -0.152432 -0.243755 -0.233897 -0.311085 -0.434728 -0.595497 0.618378 0.438412 0.264732 0.589963 0.279656 0.378640 0.162994 0.587150 -0.667252 -0.041819 -0.322992 -0.327697 -0.446945 -0.254579 -0.207131 -0.287652 -0.313489 -0.480480 0.006162 -0.059127 0.006824 -0.167379 0.110570 0.408724 0.426920 0.239841 0.100874 0.076163 0.310022 0.190681 0.081904 -0.354709 0.024388 -0.133803 -0.588024 -0.543787 -0.000817 0.183223 -0.055411 0.161077 -0.259884 -0.358657 0.187314 -0.020892 -0.282070 -0.149966 0.226135 -0.425928 -0.379288 -0.005454 -0.156198 0.039191
-0.367491 -0.290512 0.648599 0.266125 0.674633 0.547981 0.504671 0.221748 0.435064 0.326408 -0.226875 -0.380124 0.199495 -0.076666 0.357717 0.308712 -0.561537 -0.292010 0.089056 0.198462 0.448207 0.543134 0.714100 0.694956 0.769206 0.756251 1.000000 0.785416 -0.557202 -0.407031 0.404850 0.449396 -0.561625 -0.116530 -0.029963 -0.021744 -0.441448 -0.214915 -0.058232 -0.428730 -0.450634 -0.024619 -0.264932 -0.177431 -0.242251 -0.211360 -0.321674 0.010873 -0.130790 -0.325699 0.174162 0.134980 0.333806 -0.171246 -0.305952 -0.487849 -0.277550 -0.102791 0.026385 -0.166036 -0.148687 -0.325752 -0.295163 -0.358644 0.460726 0.125120 0.180392 0.370501 0.128974 0.441866 0.054891 0.418852 -0.548742 -0.123641 -0.395340 -0.324217 -0.404260 -0.326078 -0.397981 -0.405797 -0.350443 -0.494455 0.230226 0.080169 0.102336 -0.236200 0.235227 0.342955 0.366872 0.202260 0.112819 0.163327 0.077444 0.371405 -0.001246 -0.505459 -0.067433 -0.251931 -0.560700 -0.611496 0.089112 0.258782 -0.032106 0.222319 -0.209883 -0.312067 0.157443 -0.037176 -0.353866 -0.288442 0.024703 -0.513125 -0.419692 -0.015339 -0.207691 0.000117
-0.324323 -0.182646 0.438517 0.163921 0.541321 0.420449 0.212544 0.060990 0.325200 0.224898 -0.216799 -0.048552 0.153861 0.001112 0.271203 0.413393 -0.564845 -0.472580 0.008776 0.138898 0.389662 0.473637 0.674560 0.666677 0.647845 0.697232 0.785416 1.000000 -0.615728 -0.605901 0.294898 0.528342 -0.618915 -0.203273 -0.074081 0.036360 -0.511582 -0.239181 -0.168449 -0.375654 -0.395866 -0.073281 -0.298247 -0.224353 -0.323312 -0.156775 -0.380928 -0.030843 -0.237211 -0.312998 0.051031 0.166255 0.246006 -0.136084 -0.343070 -0.487562 -0.266690 -0.145489 0.170103 -0.125150 -0.248118 -0.323628 -0.376319 -0.559634 0.447040 0.309936 0.189597 0.370132 0.181316 0.431671 0.067781 0.327061 -0.682781 -0.240178 -0.376803 -0.365614 -0.452147 -0.236233 -0.254020 -0.374358 -0.226771 -0.519408 0.275853 0.099398 0.216742 -0.054399 0.284599 0.489975 0.437156 0.199693 0.202345 0.250705 0.194322 0.391259 0.040580 -0.466763 0.019939 -0.154237 -0.467947 -0.473683 -0.026794 0.334901 -0.056981 0.421339 -0.068827 -0.208380 0.100600 -0.030211 -0.153019 -0.087462 0.116316 -0.408125 -0.385898 0.065075 -0.125462 -0.096290
0.465777 0.423338 -0.336638 -0.340857 -0.430467 -0.544957 -0.057315 -0.322023 -0.182654 -0.413443 0.509720 0.211447 0.213932 0.316891 0.071877 -0.350298 0.656308 0.662635 0.256893 0.209603 -0.253764 -0.418624 -0.474039 -0.669580 -0.436660 -0.645628 -0.557202 -0.615728 1.000000 0.839584 -0.101210 -0.433522 0.545431 0.186247 -0.056191 -0.287903 0.480112 0.177973 -0.037493 0.135107 0.410160 0.125456 0.259066 0.205970 0.148770 -0.115387 0.254614 0.090560 0.242732 0.255179 -0.012596 -0.122826 -0.266819 0.169329 0.270640 0.338990 0.284795 0.193647 0.001007 -0.018715 0.253161 0.014549 0.421520 0.547254 -0.567643 -0.645919 -0.160553 -0.595615 -0.131762 -0.335656 0.092437 -0.225791 0.891663 0.323218 0.425131 0.453171 0.448379 0.397447 0.162216 0.265833 0.353054 0.625355 0.000812 0.212227 -0.145085 -0.007715 -0.176806 -0.431026 -0.479671 -0.407390 -0.202913 -0.227164 -0.474278 -0.216333 -0.120677 0.140802 -0.107280 0.033500 0.406042 0.310231 0.053158 -0.197811 -0.120938 -0.190879 0.031875 0.140987 -0.164934 0.013598 0.028437 -0.010430 -0.225261 0.215937 0.228493 -0.221355 0.073831 0.025467
0.274515 0.305545 -0.297901 -0.082361 -0.288748 -0.262494 0.002776 -0.044213 -0.153782 -0.146184 0.326979 0.174836 -0.006700 0.226258 0.020367 -0.177703 0.601454 0.697148 0.121382 0.173868 -0.215250 -0.357855 -0.541266 -0.497470 -0.365466 -0.501633 -0.407031 -0.605901 0.839584 1.000000 -0.096167 -0.375360 0.450575 0.236084 -0.127783 -0.289303 0.316263 0.177724 -0.049761 0.032692 0.330231 0.109024 0.222265 0.100953 0.119888 -0.186821 0.261382 0.031552 0.363997 0.249523 0.120094 0.006453 -0.186459 0.286124 0.150748 0.306899 0.211616 0.100468 -0.213730 0.101828 0.198013 0.166169 0.338159 0.609349 -0.534894 -0.534105 -0.317518 -0.494578 -0.157664 -0.194158 0.086870 -0.086073 0.780846 0.340416 0.243080 0.334855 0.333491 0.220565 0.139101 0.282881 0.305172 0.614913 -0.017731 0.298806 -0.264322 -0.079122 -0.141427 -0.427159 -0.540023 -0.156171 -0.043688 -0.259493 -0.370138 -0.279516 -0.266708 0.001632 -0.148549 -0.033137 0.295211 0.174105 0.209061 -0.141606 0.002261 -0.148437 -0.058500 0.026016 -0.194105 -0.010618 -0.056520 -0.088617 -0.326601 0.168421 0.228345 -0.203052 -0.038240 -0.012051
-0.295363 -0.273735 0.607706 0.205147 0.290517 0.155678 0.421305 0.173930 0.152512 -0.058840 -0.099497 -0.310604 0.224098 0.179796 0.216559 -0.130624 -0.353094 -0.172503 0.190423 0.102983 0.292552 0.400837 0.447957 0.290082 0.586495 0.607632 0.404850 0.294898 -0.101210 -0.096167 1.000000 0.687771 -0.041515 0.336541 0.271589 0.234631 -0.244696 -0.057668 -0.311918 -0.218433 -0.103933 0.352063 0.062989 0.201718 -0.103462 0.074093 -0.271741 -0.019303 -0.319424 -0.264932 -0.226516 -0.219733 -0.129374 -0.387515 -0.331468 -0.317100 -0.196614 -0.102643 -0.253741 -0.312770 -0.031984 -0.425534 -0.195661 -0.355343 0.416066 0.076712 0.262518 0.281012 0.038893 0.024714 0.157411 0.606017 -0.130479 0.281348 0.064800 0.079239 -0.075455 -0.044403 -0.131291 -0.234520 -0.133721 -0.244443 0.002774 0.019814 -0.049849 0.055291 -0.028688 0.128881 0.105741 0.012418 0.001906 0.144765 0.108000 0.024598 0.085105 -0.199318 -0.022368 -0.132533 -0.347532 -0.319021 0.019675 0.008270 -0.115743 -0.183753 -0.368332 -0.408818 0.001834 -0.069541 -0.327923 -0.184621 0.113471 -0.521130 -0.443179 -0.095889 -0.111892 0.100354
-0.560659 -0.553048 0.394186 0.450926 0.272789 0.337197 0.146347 0.371258 -0.066056 0.166051 -0.497940 -0.091259 -0.131349 0.022554 -0.053538 0.217296 -0.602590 -0.509880 -0.219013 -0.180631 0.458767 0.613619 0.349961 0.575380 0.456759 0.699663 0.449396 0.528342 -0.433522 -0.375360 0.687771 1.000000 -0.274711 0.335198 0.380728 0.414456 -0.356260 0.102140 -0.230294 -0.110449 -0.071933 0.208399 -0.075202 -0.007448 -0.203971 0.158936 -0.347972 0.115760 -0.499761 -0.481927 -0.269914 -0.230231 -0.239069 -0.465255 -0.523515 -0.434067 -0.397242 -0.458290 -0.337592 -0.233216 -0.271183 -0.221799 -0.380480 -0.626981 0.517132 0.564912 0.231775 0.604471 -0.042773 0.067085 0.183640 0.651156 -0.495167 0.115758 -0.020896 -0.058069 -0.246095 0.009721 -0.171017 -0.381880 -0.093808 -0.426753 0.139177 0.187006 0.029059 0.236464 0.054728 0.360801 0.172200 0.168627 0.115577 0.200613 0.402184 -0.002966 0.123215 -0.108451 0.077102 -0.068055 -0.473057 -0.231522 -0.015837 0.014229 -0.226887 0.003092 -0.293361 -0.262997 -0.069129 -0.144486 -0.253682 -0.191108 0.336522 -0.349276 -0.310590 0.004686 -0.071261 0.149693
0.371271 0.193228 -0.213590 -0.151611 -0.447842 -0.316692 -0.110865 -0.091156 -0.433818 -0.286741 0.129288 -0.074236 -0.111342 0.011998 -0.387292 -0.424936 0.513133 0.404608 0.110558 0.086439 -0.259975 -0.268622 -0.487878 -0.579377 -0.382195 -0.415252 -0.561625 -0.618915 0.545431 0.450575 -0.041515 -0.274711 1.000000 0.530122 0.195914 0.106054 0.334538 0.042895 -0.036303 0.224311 0.410558 -0.036872 0.125190 0.129502 0.276696 0.140257 0.101058 -0.022337 0.065366 0.117640 -0.088283 -0.237827 -0.217956 -0.190944 0.195601 0.181113 0.462143 0.190524 0.048842 0.191264 0.401791 0.232266 0.408635 0.424366 -0.328069 -0.169423 0.147146 -0.134902 0.068709 -0.378856 -0.096989 -0.178851 0.517764 0.279481 0.323344 0.296360 0.266183 0.155162 0.397496 0.382667 0.322206 0.539717 -0.319931 -0.176057 -0.198835 -0.064136 -0.312371 -0.319407 -0.338842 -0.155857 -0.412701 -0.362373 -0.332660 -0.413546 -0.048306 0.280703 0.124830 0.147664 0.187252 0.379285 -0.207974 -0.267347 -0.018916 -0.328215 -0.090685 -0.054246 -0.181294 -0.144946 -0.150642 -0.035275 -0.006672 0.181529 0.227533 -0.124857 -0.070390 0.349048
-0.202987 -0.354543 0.108377 0.177081 -0.056696 0.105543 0.167878 0.207376 -0.227386 -0.009476 -0.201160 -0.241117 -0.089206 -0.064535 -0.193420 -0.310202 0.038033 0.028663 0.055081 0.126321 0.166162 0.228694 -0.106668 -0.009038 0.043872 0.177682 -0.116530 -0.203273 0.186247 0.236084 0.336541 0.335198 0.530122 1.000000 0.430171 0.498220 -0.034165 -0.050288 -0.268776 -0.075400 0.244824 0.173234 -0.035145 0.021543 0.180472 0.293657 -0.303206 -0.009808 -0.266755 -0.097468 -0.228889 -0.430740 -0.406538 -0.452678 -0.360900 -0.245739 0.062691 -0.063715 -0.297429 -0.221083 0.071377 -0.060742 0.190991 -0.000351 0.226178 0.099977 0.178911 0.340472 0.167861 -0.087389 0.038122 0.150511 0.142962 0.178490 0.178297 0.106703 -0.039369 -0.038452 0.200631 0.127347 0.188535 0.223578 -0.042996 0.047184 0.036788 0.185220 -0.154337 -0.092700 -0.010257 -0.045409 -0.211201 -0.117648 -0.112824 -0.286232 0.025463 0.058654 0.075107 0.033947 -0.213084 0.017702 -0.005338 -0.118063 -0.060135 -0.176668 -0.204354 -0.223948 -0.116822 -0.131576 -0.206282 -0.213398 0.138917 -0.038897 0.005042 -0.139411 -0.129622 0.325280
-0.223346 -0.369259 0.220642 -0.176174 -0.180207 -0.209549 -0.007570 -0.081413 -0.220962 -0.343256 -0.166953 -0.250499 0.048384 -0.061166 -0.215655 -0.326805 -0.166340 -0.306190 -0.022418 -0.303804 0.073820 0.198103 0.164885 -0.067629 0.109518 0.183324 -0.029963 -0.074081 -0.056191 -0.127783 0.271589 0.380728 0.195914 0.430171 1.000000 0.604254 0.328203 0.256121 0.104441 0.205441 0.365728 0.143603 0.121026 0.147779 0.226068 0.402598 -0.118584 0.006133 -0.254319 -0.197749 -0.165835 -0.311859 -0.158323 -0.474704 0.068956 -0.033953 -0.231893 -0.285662 -0.099254 -0.259780 -0.064363 -0.147401 -0.101846 -0.301414 0.272593 0.229725 0.552918 0.476193 0.047698 -0.217223 0.015491 0.118313 0.038825 0.066194 0.331901 0.227809 0.261341 0.255156 -0.146859 -0.126229 0.016182 -0.174669 0.000528 -0.283515 0.111282 0.031785 -0.132012 -0.063522 0.112609 -0.109123 -0.466112 -0.011818 -0.019100 -0.229863 0.118846 0.363538 0.221043 0.132134 0.005354 0.214664 -0.295141 -0.244108 -0.302856 -0.335962 -0.197709 -0.061068 -0.081004 -0.107974 -0.096444 -0.135176 0.429753 0.073949 0.265379 0.152390 -0.123224 0.352441
-0.454336 -0.525254 0.164005 0.002539 0.123541 0.137792 -0.074467 0.065662 -0.016357 -0.002015 -0.410001 -0.134161 -0.121304 -0.131776 -0.229483 -0.159556 -0.244818 -0.392460 -0.043067 -0.120207 -0.019984 0.173983 0.159905 0.165247 0.154189 0.371447 -0.021744 0.036360 -0.287903 -0.289303 0.234631 0.414456 0.106054 0.498220 0.604254 1.000000 -0.009238 0.026865 -0.127918 0.142144 0.189969 0.148996 -0.105190 -0.113417 0.190767 0.419702 -0.346047 0.033011 -0.468631 -0.249486 -0.383141 -0.469501 -0.223064 -0.628086 -0.352119 -0.336365 -0.209835 -0.150238 -0.094508 -0.205533 -0.105895 -0.024442 -0.247216 -0.467856 0.397115 0.420931 0.458941 0.695263 0.234780 0.096637 0.322940 0.306901 -0.183300 0.104938 0.199668 -0.009389 -0.068042 0.043746 0.077739 -0.007508 -0.068059 -0.131766 -0.061451 -0.355734 0.047791 -0.012899 -0.081436 -0.027366 0.239950 0.091212 -0.114010 0.120100 0.239352 -0.085764 0.237213 0.154991 0.222175 0.243395 -0.199593 0.035422 -0.184335 -0.006339 -0.089978 -0.046352 -0.188495 -0.226830 -0.011071 -0.153766 0.002592 0.066556 0.543956 0.088635 0.045691 0.121755 -0.094098 0.224990
