1.000000 0.306009 0.112317 0.055407 -0.057484 0.032645 0.107356 -0.116471 -0.250925 -0.089162 0.227802 0.010746 -0.001226 0.110402 -0.025760 -0.006250 0.262542 0.273944 0.381380 -0.076959 0.016966 0.065453 0.039609 -0.315334 -0.038642 -0.049035 0.060123 -0.053688 0.099823 0.272619 0.241054 0.040089 0.267723 0.095327 -0.060308 -0.380739 -0.070094 -0.197426 -0.188223 -0.201612 0.107655 0.014728 0.082422 -0.082525 0.133167 -0.264632 -0.002050 -0.293012 0.415657 0.281875 0.507219 0.270869 0.238779 -0.032962 -0.394307 -0.213437 0.532322 0.102063 -0.014663 -0.087350 0.257408 0.045673 0.435411 0.163988 0.244079 -0.054678 -0.055701 -0.433534 0.114384 -0.324931 0.309445 0.286784 0.234838 0.341438 0.354646 0.094383 0.093792 0.170331 -0.065836 0.184170 0.077661 0.072898 -0.265486 -0.180020 0.211456 -0.127913 -0.084889 -0.103628 -0.147493 -0.378644 -0.418755 -0.323986 -0.280454 -0.317267 -0.361612 -0.326648 -0.319440 -0.291704 -0.299996 -0.139165 -0.089786 -0.260804 -0.257729 -0.342607 -0.430451 -0.391916 -0.334836 -0.177626 -0.201033 -0.171673 -0.389593 -0.229848 -0.092211 -0.452953 -0.036227 -0.282855
0.306009 1.000000 -0.332118 0.035493 -0.141743 0.056543 -0.316591 -0.433569 -0.450793 -0.111347 -0.014679 -0.041535 0.023466 0.069240 -0.056922 -0.019443 0.649033 0.454734 0.033885 0.614165 0.029025 0.028391 -0.240388 -0.518536 -0.116874 -0.341035 -0.002065 -0.056131 -0.035820 -0.060204 -0.304373 -0.506534 0.083255 -0.179285 -0.405078 -0.675709 -0.042116 -0.421616 -0.199224 -0.209448 0.185747 -0.147503 -0.417804 -0.582853 0.010115 -0.488203 0.033453 -0.395200 0.101514 0.303596 -0.032379 0.258938 0.414745 0.307833 -0.141961 -0.016652 0.736679 0.859149 0.128402 0.488077 0.133376 0.204071 0.352678 0.615542 -0.450966 -0.467719 0.268834 -0.338470 0.669244 0.340815 -0.081745 -0.028246 0.046958 -0.082149 -0.094372 -0.247655 -0.239316 -0.394102 0.128295 0.115677 0.657811 0.519849 0.090353 0.077690 0.004705 0.000712 0.060541 0.256181 -0.014029 0.173426 0.105962 -0.378442 -0.276671 -0.300545 -0.233830 -0.407643 -0.291666 -0.323213 0.152535 -0.490025 0.090989 0.015119 0.267407 -0.021279 -0.218000 -0.302804 -0.192433 0.047278 -0.213157 -0.248016 -0.509795 -0.230103 -0.186877 -0.588642 -0.316108 -0.367768
0.112317 -0.332118 1.000000 0.596163 0.687428 0.440021 0.899256 0.721811 0.650133 0.396580 0.380906 0.098926 0.193100 0.382370 0.503054 0.541201 -0.152274 -0.036917 0.616061 -0.348458 0.623913 0.437785 0.866498 0.458979 0.540334 0.523979 0.597036 0.437605 0.123422 0.428775 0.526179 0.536459 -0.068277 0.458639 -0.053227 0.077916 -0.034592 -0.203370 0.418056 -0.250039 0.288612 0.209162 -0.056495 0.173324 -0.278657 0.002842 -0.290293 -0.392770 -0.270244 -0.511092 -0.263869 -0.460960 -0.622125 -0.347234 -0.250478 -0.373646 -0.220916 -0.288430 -0.217861 -0.448863 -0.446203 -0.347378 -0.542665 -0.476684 -0.051476 -0.044086 -0.287442 -0.026014 -0.341250 -0.391574 0.492504 0.400971 0.136383 0.307394 0.068966 0.038073 -0.147363 0.029402 -0.415494 0.105940 -0.518839 -0.404966 -0.825786 0.373126 -0.422205 -0.597369 0.011780 -0.663973 -0.243125 -0.617747 -0.459341 0.134229 -0.171242 0.259296 -0.178011 -0.199338 -0.369709 -0.216596 -0.667631 -0.048186 0.153117 0.349320 0.058725 0.340374 0.491593 0.423575 -0.059872 0.064569 -0.075765 -0.282952 -0.264934 -0.313211 -0.458536 0.372102 0.373128 0.075018
0.055407 0.035493 0.596163 1.000000 0.436884 0.614293 0.452754 0.490165 0.445394 0.482571 0.103755 -0.048240 0.063375 0.349754 0.459869 0.538228 -0.095253 -0.065378 0.745383 0.035109 0.663362 0.610551 0.688669 0.480461 0.420828 0.591001 0.660439 0.611689 -0.006964 0.143441 0.384417 0.480538 -0.113658 0.338184 -0.090102 -0.062815 0.055960 -0.428982 0.370685 -0.185962 0.412542 0.216640 -0.412157 -0.233815 -0.590868 -0.283697 -0.558530 -0.545617 -0.483964 -0.572743 -0.279170 -0.556980 -0.414698 -0.480841 -0.162914 -0.492602 -0.125490 -0.031797 -0.034623 -0.092061 -0.266239 -0.111743 -0.297336 -0.267729 -0.157477 -0.068463 -0.094467 -0.014254 -0.079773 -0.167091 0.364408 0.338219 -0.001330 0.162434 0.002670 -0.157937 -0.187327 -0.089873 -0.266533 0.002991 -0.248796 -0.340496 -0.591240 0.379427 -0.391871 -0.411515 0.396217 -0.227979 0.233354 -0.266827 -0.229955 -0.046060 -0.090513 0.068779 -0.092213 -0.239838 -0.527576 -0.409043 -0.541722 -0.441479 0.186123 0.248571 0.343309 0.351832 0.405611 0.315952 0.201533 0.144266 -0.057985 -0.299735 -0.496830 -0.532720 -0.638382 0.103010 0.259160 0.014024
-0.057484 -0.141743 0.687428 0.436884 1.000000 0.702495 0.744550 0.494142 0.792030 0.760465 0.231363 0.101376 0.179941 0.458942 0.651355 0.708242 -0.120134 -0.180508 0.378471 -0.067132 0.670485 0.475901 0.592913 0.336153 0.728500 0.574388 0.613582 0.462273 -0.000672 0.113085 0.072518 0.175307 -0.388614 -0.028398 -0.499011 -0.161354 -0.294202 -0.513763 0.236701 -0.331681 0.298207 0.107125 -0.275354 -0.066742 -0.372853 -0.087412 -0.447054 -0.299299 -0.280145 -0.505639 -0.432748 -0.467488 -0.468964 -0.228512 -0.363878 -0.476162 -0.076542 -0.024750 0.276544 -0.035690 -0.198617 -0.132321 -0.566474 -0.410422 -0.220274 -0.203930 0.138628 0.106701 0.010263 0.079845 0.404377 0.235077 -0.036434 -0.097954 -0.268011 -0.294168 -0.623299 -0.469954 -0.649433 -0.321462 -0.385274 -0.439979 -0.529236 0.607117 -0.700544 -0.687341 0.083919 -0.152734 -0.315240 -0.235317 -0.179798 0.480395 0.006871 0.569952 -0.170541 -0.464329 -0.581943 -0.347430 -0.659368 -0.070469 0.240792 0.671870 0.262448 0.562342 0.516130 0.359335 0.153256 0.183557 -0.214045 -0.539014 -0.321159 -0.251347 -0.411428 0.303921 0.138664 0.105023
0.032645 0.056543 0.440021 0.614293 0.702495 1.000000 0.408102 0.288276 0.625326 0.818539 0.152092 -0.031356 0.035064 0.377064 0.640691 0.714167 -0.153835 -0.243652 0.496744 0.079861 0.759582 0.704645 0.537616 0.393678 0.684138 0.778226 0.804655 0.790934 -0.152353 -0.024717 0.144182 0.233529 -0.369637 0.032805 -0.372743 -0.133459 -0.177285 -0.531252 0.354757 -0.161108 0.368377 0.168435 -0.408393 -0.254481 -0.653233 -0.309187 -0.604491 -0.428432 -0.428069 -0.618565 -0.226721 -0.491974 -0.364129 -0.480688 -0.297703 -0.598200 -0.015019 0.110676 0.277392 0.035514 -0.102927 -0.031270 -0.395686 -0.391733 -0.151820 -0.084908 0.144983 0.042786 0.118736 0.026220 0.465128 0.341571 -0.130756 -0.009134 -0.092221 -0.220508 -0.528384 -0.350484 -0.522344 -0.337694 -0.218748 -0.440742 -0.396760 0.476617 -0.543526 -0.529520 0.478041 0.084220 0.030833 -0.129163 -0.220676 0.274016 0.016223 0.288966 -0.107708 -0.459877 -0.577529 -0.502543 -0.702009 -0.383630 0.156657 0.379988 0.267893 0.396413 0.367111 0.301017 0.137243 0.073689 -0.271176 -0.457168 -0.420210 -0.365421 -0.592007 0.044272 0.065644 0.017681
0.107356 -0.316591 0.899256 0.452754 0.744550 0.408102 1.000000 0.804684 0.647044 0.459497 0.474026 0.321869 0.400347 0.524277 0.527894 0.636618 -0.115185 -0.032200 0.410480 -0.326967 0.511807 0.313622 0.666020 0.354222 0.463192 0.421680 0.462019 0.258851 0.185435 0.387145 0.392766 0.393318 -0.044201 0.378326 -0.239102 -0.008735 -0.170983 -0.233966 0.289180 -0.267856 0.212378 0.094155 -0.049296 0.167286 -0.202504 -0.063204 -0.298862 -0.376964 -0.118857 -0.430340 -0.264627 -0.361452 -0.494497 -0.241014 -0.228105 -0.362909 -0.249304 -0.321874 -0.059522 -0.388059 -0.259899 -0.205796 -0.452968 -0.390881 -0.013212 0.023404 -0.190002 -0.075967 -0.387559 -0.388729 0.469901 0.352167 0.205467 0.225785 0.026419 0.024096 -0.271851 -0.083155 -0.448160 0.039976 -0.504857 -0.398866 -0.757647 0.342935 -0.475201 -0.573818 -0.106716 -0.630935 -0.326512 -0.403930 -0.355370 0.175690 -0.071223 0.309509 -0.261572 -0.265329 -0.426292 -0.254962 -0.633818 -0.011484 0.192922 0.373902 0.043099 0.265857 0.522163 0.301906 -0.089405 -0.070931 -0.062431 -0.397597 -0.243825 -0.198785 -0.308622 0.351129 0.240905 0.082467
-0.116471 -0.433569 0.721811 0.490165 0.494142 0.288276 0.804684 1.000000 0.595059 0.382581 0.354590 0.424272 0.307835 0.372556 0.299010 0.490899 -0.325618 -0.272269 0.254310 -0.363712 0.345490 0.164430 0.531203 0.535316 0.291709 0.407754 0.273982 0.234020 0.029705 0.163481 0.467865 0.516664 -0.029218 0.471863 0.000846 0.284240 -0.226396 -0.098802 0.165255 -0.177356 0.014869 -0.004856 -0.023149 0.237892 -0.277061 -0.035766 -0.305830 -0.314543 -0.134620 -0.477189 -0.219232 -0.353015 -0.484808 -0.304689 -0.022993 -0.296727 -0.512912 -0.508499 -0.097529 -0.373681 -0.267999 -0.083323 -0.528218 -0.433847 0.134364 0.390924 -0.145947 0.207788 -0.528298 -0.510191 0.314233 0.239424 0.016159 0.190586 0.054963 0.147293 -0.083884 0.050518 -0.330776 -0.034379 -0.571521 -0.462034 -0.622486 0.070538 -0.272402 -0.204881 -0.033698 -0.545495 -0.076700 -0.254748 -0.156474 0.070984 0.169670 0.205784 -0.140351 -0.032766 -0.224622 -0.180894 -0.461657 -0.022887 0.116715 0.148520 -0.018063 0.048093 0.457653 0.210167 -0.020012 -0.133628 0.031052 -0.210997 -0.094882 -0.097235 -0.160791 0.442668 0.244658 0.065641
-0.250925 -0.450793 0.650133 0.445394 0.792030 0.625326 0.647044 0.595059 1.000000 0.747468 0.154470 0.164358 0.037823 0.339854 0.605968 0.587370 -0.366796 -0.368102 0.303161 -0.270688 0.562105 0.398059 0.582451 0.589019 0.582974 0.615097 0.509566 0.501778 -0.130591 0.028025 0.183727 0.353574 -0.377038 0.124861 -0.196293 0.157772 -0.191117 -0.271778 0.242082 -0.251701 0.168691 0.117538 -0.193381 0.077687 -0.502429 0.011640 -0.505084 -0.198804 -0.415908 -0.643342 -0.336967 -0.561410 -0.546103 -0.378254 -0.278897 -0.457585 -0.339001 -0.290822 0.248695 -0.153474 -0.146894 -0.014342 -0.605018 -0.547560 0.069540 0.157607 0.033983 0.262128 -0.233310 -0.093105 0.343192 0.239032 -0.162484 -0.061953 -0.195152 -0.048513 -0.409085 -0.215651 -0.548835 -0.347045 -0.569294 -0.574589 -0.423411 0.455044 -0.572530 -0.427504 0.151848 -0.140947 -0.074934 -0.240729 -0.111955 0.491693 0.171285 0.541085 -0.061598 -0.237298 -0.397380 -0.284200 -0.642528 0.002669 0.047516 0.465750 0.068943 0.423860 0.444259 0.389341 0.166573 0.158636 -0.085547 -0.385425 -0.097823 -0.145546 -0.369965 0.378454 0.181700 0.193962
-0.089162 -0.111347 0.396580 0.482571 0.760465 0.818539 0.459497 0.382581 0.747468 1.000000 0.039531 0.097471 0.077537 0.391599 0.537732 0.673136 -0.264762 -0.353924 0.323702 -0.048790 0.556062 0.500503 0.395245 0.377779 0.656146 0.641262 0.565460 0.511899 -0.154765 -0.161266 0.002092 0.142428 -0.409430 -0.127961 -0.414439 -0.135305 -0.285978 -0.518514 0.245960 -0.125738 0.305424 0.001668 -0.396250 -0.215519 -0.567854 -0.263948 -0.632405 -0.347667 -0.380442 -0.545729 -0.297393 -0.451880 -0.337953 -0.373304 -0.307899 -0.474574 -0.117688 -0.001460 0.442033 0.127900 0.063734 0.182925 -0.424541 -0.351999 -0.015883 0.065841 0.224363 0.096175 0.010623 0.085019 0.333565 0.216602 -0.231154 -0.246187 -0.329851 -0.304804 -0.620459 -0.431555 -0.507544 -0.429805 -0.366914 -0.536671 -0.314259 0.426500 -0.591273 -0.526192 0.281056 0.169908 -0.017801 0.032129 -0.024105 0.441604 0.235029 0.493610 -0.076737 -0.384680 -0.551123 -0.361552 -0.602064 -0.121207 0.185266 0.474230 0.195799 0.440113 0.407095 0.317801 0.193486 0.044561 -0.127792 -0.447675 -0.260548 -0.176555 -0.350268 0.192160 0.056286 0.128916
0.227802 -0.014679 0.380906 0.103755 0.231363 0.152092 0.474026 0.354590 0.154470 0.039531 1.000000 0.652567 0.657092 0.513739 0.539042 0.424237 0.291740 0.245401 0.049347 -0.189638 0.355568 0.149227 0.425552 0.249193 -0.052862 0.133862 0.291838 0.285591 0.485332 0.448978 0.446645 0.309246 0.174919 0.270790 -0.131550 -0.087359 0.120200 0.016542 0.035623 -0.349644 0.138103 0.257160 0.087978 0.118322 -0.108057 -0.187516 -0.053930 -0.381386 0.099894 -0.195915 -0.060209 -0.168683 -0.223211 -0.142799 -0.179984 -0.263737 -0.102704 -0.158802 -0.220218 -0.304947 -0.252174 -0.322944 -0.100912 -0.097521 -0.024911 0.004771 -0.158768 -0.276483 -0.255718 -0.485630 0.485362 0.405028 0.557247 0.561719 0.550029 0.419522 0.078416 0.094013 -0.013170 0.186151 -0.072105 -0.032651 -0.360626 0.129628 0.097832 -0.073409 0.219089 -0.462167 0.074054 -0.293597 -0.378139 -0.219261 -0.049843 -0.052725 -0.154078 -0.239899 -0.300025 -0.248698 -0.417292 -0.223534 0.046291 -0.061379 0.015405 -0.157198 0.131739 0.091717 -0.314445 -0.095976 -0.148287 -0.277830 -0.291837 -0.191529 -0.181893 0.153927 0.194250 -0.184200
0.010746 -0.041535 0.098926 -0.048240 0.101376 -0.031356 0.321869 0.424272 0.164358 0.097471 0.652567 1.000000 0.588561 0.602358 0.376558 0.406990 0.079888 0.033754 -0.256045 -0.136986 0.129518 -0.084472 0.037346 0.158947 -0.219201 -0.146193 -0.057430 -0.016006 0.355355 0.211256 0.181357 0.135980 0.063324 0.067826 -0.224305 -0.090591 -0.014292 0.038172 -0.176369 -0.297126 -0.044158 0.040084 0.080220 0.090182 -0.110775 -0.199058 -0.135922 -0.280532 0.098395 -0.154203 -0.073499 -0.090599 -0.013144 -0.111500 -0.150769 -0.270616 -0.240538 -0.254658 0.071761 -0.073943 0.048571 0.085540 -0.078965 -0.029341 0.114683 0.293433 -0.022032 -0.080809 -0.226869 -0.287537 0.316438 0.386740 0.396785 0.284197 0.297842 0.414314 0.071973 0.087954 -0.004993 -0.066758 -0.242606 -0.198979 -0.130776 0.045832 0.031787 0.140457 -0.006880 -0.283619 0.173304 0.031267 -0.022682 -0.123638 0.239755 0.049070 -0.121930 -0.122846 -0.212085 -0.156905 -0.234373 -0.138686 0.052867 -0.083267 -0.021123 -0.201036 0.041406 -0.033107 -0.123697 -0.174512 -0.060199 -0.153651 -0.164094 -0.123716 0.034760 0.135082 0.013132 -0.169335
-0.001226 0.023466 0.193100 0.063375 0.179941 0.035064 0.400347 0.307835 0.037823 0.077537 0.657092 0.588561 1.000000 0.614085 0.456512 0.441257 0.230194 0.214401 -0.125641 -0.036580 0.170055 -0.048875 0.129930 0.089494 -0.085925 -0.000656 0.129553 0.002702 0.509260 0.244058 0.183086 0.128737 0.243153 0.204777 -0.288564 -0.139452 0.075783 -0.013828 0.095673 -0.154329 0.095146 0.064864 0.003788 0.053304 -0.119812 -0.279108 -0.108998 -0.290600 0.020055 -0.160291 -0.280331 -0.163208 -0.013238 -0.068933 0.084371 -0.074495 -0.182186 -0.156895 0.006344 -0.047092 0.032444 0.033668 0.094169 0.199537 -0.135729 -0.043462 0.008789 -0.303067 -0.233517 -0.338746 0.199025 0.163442 0.540772 0.297144 0.333110 0.146777 0.009648 -0.049987 -0.031600 0.154640 -0.008553 0.008438 -0.179338 0.115174 -0.025193 -0.112241 -0.007218 -0.368406 -0.052894 0.158450 -0.182200 -0.179696 -0.098223 0.004363 -0.154249 -0.160042 -0.189692 -0.157506 -0.090297 -0.070857 0.155419 0.069172 0.085932 -0.011001 0.336806 0.074628 -0.225968 -0.292081 -0.026624 -0.322672 -0.141513 -0.026069 0.020886 0.172083 0.091311 -0.155761
0.110402 0.069240 0.382370 0.349754 0.458942 0.377064 0.524277 0.372556 0.339854 0.391599 0.513739 0.602358 0.614085 1.000000 0.630072 0.773623 0.185139 0.148334 0.098438 -0.130898 0.576746 0.293340 0.305875 0.013671 0.263800 0.181648 0.424908 0.228371 0.389593 0.411074 0.184702 0.173722 0.008729 0.062558 -0.582321 -0.382236 0.088456 -0.279907 0.130687 -0.298002 0.352838 0.258341 -0.120171 -0.078964 -0.310643 -0.349344 -0.380934 -0.511249 -0.148459 -0.396272 -0.360984 -0.341501 -0.093078 -0.253920 -0.189204 -0.384709 -0.091034 -0.077968 0.279228 0.128660 0.058167 0.088204 -0.170688 0.001712 -0.284787 -0.151308 0.092554 -0.347746 0.038283 -0.180736 0.588331 0.587017 0.520506 0.311411 0.216753 0.166474 -0.166273 -0.154231 -0.286409 -0.062696 -0.216108 -0.252090 -0.429550 0.429843 -0.516050 -0.472700 0.050478 -0.276109 -0.091192 -0.007005 -0.330254 -0.072913 -0.014452 0.199684 -0.193677 -0.413319 -0.543307 -0.301158 -0.455405 -0.203678 0.334164 0.317606 0.295294 0.230042 0.401717 0.221107 0.094821 0.074315 -0.104522 -0.456181 -0.528368 -0.446975 -0.346256 0.172370 0.141744 -0.103827
-0.025760 -0.056922 0.503054 0.459869 0.651355 0.640691 0.527894 0.299010 0.605968 0.537732 0.539042 0.376558 0.456512 0.630072 1.000000 0.787033 -0.005209 0.054965 0.321752 -0.022375 0.695412 0.508129 0.601402 0.387421 0.364406 0.479223 0.731493 0.644904 0.215421 0.290623 0.132614 0.234769 -0.293630 0.032750 -0.349264 -0.178664 0.130290 -0.269042 0.379435 -0.264657 0.386519 0.306287 -0.154770 -0.061487 -0.468020 -0.199292 -0.379576 -0.372886 -0.293084 -0.492853 -0.285906 -0.450319 -0.309668 -0.385476 -0.223537 -0.516822 -0.195349 -0.091749 0.155656 -0.067899 -0.168038 -0.221863 -0.286422 -0.327338 -0.164873 -0.240412 -0.079605 -0.162518 -0.085864 -0.052677 0.464784 0.406319 0.265115 0.261185 0.157849 0.062586 -0.268294 -0.177763 -0.481580 -0.193283 -0.293986 -0.347224 -0.367369 0.667918 -0.390466 -0.489135 0.375249 -0.171435 0.100143 -0.260402 -0.292194 0.065959 -0.166757 0.183422 -0.066706 -0.379291 -0.529449 -0.435749 -0.644462 -0.356436 0.086525 0.294954 0.250785 0.340141 0.386411 0.369280 0.025569 0.056971 -0.195440 -0.406695 -0.433808 -0.494027 -0.595328 0.146192 0.261622 -0.069862
-0.006250 -0.019443 0.541201 0.538228 0.708242 0.714167 0.636618 0.490899 0.587370 0.673136 0.424237 0.406990 0.441257 0.773623 0.787033 1.000000 0.019722 0.051824 0.289142 -0.035449 0.753361 0.619385 0.524140 0.272707 0.492486 0.509458 0.720144 0.555060 0.223695 0.349550 0.156434 0.217424 -0.340087 0.021732 -0.513008 -0.284196 0.029831 -0.350352 0.396956 -0.149582 0.500066 0.372874 -0.306333 -0.177445 -0.538807 -0.376475 -0.540457 -0.501712 -0.406739 -0.599550 -0.458488 -0.488856 -0.365607 -0.357881 -0.279130 -0.449051 -0.171710 -0.053350 0.154811 -0.059262 -0.188131 -0.105651 -0.376321 -0.255539 -0.354469 -0.245915 -0.064219 -0.197397 -0.092594 -0.101875 0.611741 0.537326 0.300104 0.249526 0.112305 0.016078 -0.317634 -0.227178 -0.507667 -0.171317 -0.252084 -0.358735 -0.527820 0.633707 -0.581440 -0.557778 0.244633 -0.252458 -0.096958 -0.107189 -0.270046 0.169430 -0.045650 0.304965 -0.064374 -0.372275 -0.587752 -0.351343 -0.649317 -0.227846 0.412988 0.482172 0.473686 0.466019 0.537879 0.450888 0.189195 0.103946 -0.141025 -0.433919 -0.517130 -0.546438 -0.596482 0.287016 0.262986 0.043127
0.262542 0.649033 -0.152274 -0.095253 -0.120134 -0.153835 -0.115185 -0.325618 -0.366796 -0.264762 0.291740 0.079888 0.230194 0.185139 -0.005209 0.019722 1.000000 0.766602 -0.121656 0.215466 0.084963 -0.007641 -0.064842 -0.517488 -0.345030 -0.419424 -0.058016 -0.162618 0.475146 0.423388 -0.044095 -0.323634 0.249543 0.001044 -0.329488 -0.572059 0.280582 -0.041565 -0.089219 -0.161534 0.318922 0.155980 -0.285359 -0.385007 0.208229 -0.352651 0.199199 -0.413728 0.067551 0.243758 -0.248968 0.120684 0.152545 0.426053 -0.063041 0.243056 0.660005 0.637391 -0.141305 0.117487 -0.099487 -0.113035 0.223480 0.632896 -0.545102 -0.534946 -0.004445 -0.570048 0.350831 -0.001476 0.136776 0.166993 0.593198 0.307368 0.312001 0.063199 0.046515 -0.195990 0.401110 0.503073 0.751696 0.752958 -0.084888 0.045159 0.007515 0.047817 -0.038813 -0.023343 -0.150456 0.069553 -0.260980 -0.436676 -0.377467 -0.264958 -0.138397 -0.234891 -0.249602 -0.098118 0.091841 -0.177532 0.105204 0.025558 0.234610 0.007197 -0.131631 -0.085985 -0.209381 0.175471 -0.144615 -0.240176 -0.502019 -0.285873 -0.157849 -0.329634 -0.077764 -0.203622
0.273944 0.454734 -0.036917 -0.065378 -0.180508 -0.243652 -0.032200 -0.272269 -0.368102 -0.353924 0.245401 0.033754 0.214401 0.148334 0.054965 0.051824 0.766602 1.000000 -0.076106 0.041663 -0.002644 0.060228 0.021571 -0.523382 -0.285483 -0.406337 0.035804 -0.162856 0.549929 0.658516 0.083130 -0.182515 0.054160 -0.061967 -0.118613 -0.516818 0.373269 0.188049 0.059199 0.102541 0.239982 0.262795 -0.050206 -0.179891 0.342185 -0.182665 0.341149 -0.224383 0.063564 0.338375 -0.099483 0.243111 0.207671 0.450905 -0.075094 0.339449 0.434986 0.441850 -0.463729 -0.177673 -0.241685 -0.292615 0.230535 0.551879 -0.465053 -0.655773 -0.454696 -0.756692 0.033144 -0.097290 0.126754 0.253183 0.610230 0.431266 0.343476 0.148556 0.253285 0.150762 0.343176 0.718386 0.507286 0.746047 -0.204179 0.093847 0.115298 -0.054895 -0.099580 -0.244317 -0.281026 -0.109988 -0.268018 -0.528304 -0.526198 -0.479788 -0.011341 -0.005529 -0.052332 0.057534 0.070229 -0.121308 0.142404 -0.117979 0.224537 -0.037966 -0.147408 -0.026353 -0.126884 0.132548 -0.006900 0.032128 -0.381659 -0.423160 -0.252470 -0.286732 0.107027 -0.067177
0.381380 0.033885 0.616061 0.745383 0.378471 0.496744 0.410480 0.254310 0.303161 0.323702 0.049347 -0.256045 -0.125641 0.098438 0.321752 0.289142 -0.121656 -0.076106 1.000000 0.078106 0.568274 0.579107 0.648759 0.349278 0.362880 0.507297 0.591877 0.506708 -0.027319 0.152964 0.455408 0.467012 -0.027025 0.337238 0.045264 -0.112514 0.037591 -0.463648 0.315210 -0.242625 0.388777 0.126321 -0.260284 -0.178530 -0.406375 -0.179271 -0.442285 -0.453258 -0.320510 -0.360560 0.012423 -0.416594 -0.366931 -0.526155 -0.359903 -0.531747 0.070696 -0.006490 -0.062634 -0.171312 -0.160190 -0.138519 -0.103131 -0.263761 0.058053 -0.113069 -0.132355 -0.035187 -0.033956 -0.143330 0.375920 0.271546 -0.073153 0.155860 -0.007553 -0.153403 -0.156198 -0.000927 -0.301485 -0.035682 -0.230991 -0.338867 -0.517812 0.269517 -0.214963 -0.460103 0.261216 -0.234022 0.137700 -0.550285 -0.339110 -0.000309 -0.165995 0.006236 -0.219829 -0.317020 -0.519916 -0.430482 -0.563231 -0.377718 0.161018 0.163647 0.168619 0.240626 0.180114 0.175512 -0.030776 0.089178 -0.144979 -0.248445 -0.420486 -0.443963 -0.581070 -0.069477 0.216469 -0.064135
-0.076959 0.614165 -0.348458 0.035109 -0.067132 0.079861 -0.326967 -0.363712 -0.270688 -0.048790 -0.189638 -0.136986 -0.036580 -0.130898 -0.022375 -0.035449 0.215466 0.041663 0.078106 1.000000 0.066077 0.077819 -0.231151 -0.067462 -0.070117 -0.183613 -0.004767 0.032552 -0.208499 -0.360288 -0.409223 -0.344834 -0.199581 -0.208185 -0.291250 -0.320333 -0.156715 -0.382863 -0.156438 -0.193727 -0.045665 -0.101657 -0.325776 -0.366725 -0.151142 -0.106630 -0.094341 0.006354 -0.233662 0.091474 -0.274182 -0.101597 0.055470 0.000807 -0.139554 -0.127992 0.336599 0.550354 0.146150 0.387818 -0.040254 0.062816 0.180883 0.337322 -0.429868 -0.406207 0.289475 0.170739 0.465345 0.630886 -0.238182 -0.337292 -0.260662 -0.300361 -0.307296 -0.297166 -0.247338 -0.396979 0.004196 -0.287385 0.562335 0.184759 0.321912 0.240125 0.013410 0.057313 0.078275 0.285288 0.193430 0.189196 0.510875 0.068341 0.061866 0.028118 -0.139867 -0.316844 -0.153120 -0.283430 0.335866 -0.394182 0.275315 0.307781 0.475670 0.200674 0.069857 -0.113283 0.061876 0.117899 -0.305952 -0.147941 -0.083055 -0.014682 -0.104677 -0.240329 -0.241172 -0.149876
0.016966 0.029025 0.623913 0.663362 0.670485 0.759582 0.511807 0.345490 0.562105 0.556062 0.355568 0.129518 0.170055 0.576746 0.695412 0.753361 0.084963 -0.002644 0.568274 0.066077 1.000000 0.816557 0.741919 0.400040 0.515596 0.632887 0.804500 0.773237 0.193751 0.353593 0.375221 0.426929 -0.285019 0.192020 -0.301629 -0.156786 0.118630 -0.416605 0.400597 -0.273020 0.497566 0.479512 -0.363841 -0.173263 -0.625137 -0.224766 -0.556306 -0.541308 -0.611462 -0.718249 -0.500391 -0.720495 -0.626960 -0.582585 -0.399114 -0.574551 -0.049163 0.073672 0.045624 -0.098140 -0.400225 -0.292046 -0.546518 -0.359695 -0.407860 -0.273476 -0.041158 -0.044807 0.095039 -0.056275 0.703854 0.582695 0.230642 0.332736 0.147797 0.078603 -0.207671 -0.149309 -0.381830 -0.147674 -0.194044 -0.398771 -0.585734 0.596222 -0.595002 -0.605336 0.367522 -0.247222 0.016304 -0.375316 -0.389673 0.158769 -0.059862 0.320165 -0.030080 -0.388662 -0.591839 -0.361588 -0.677892 -0.320850 0.352106 0.511300 0.470012 0.534609 0.465772 0.569864 0.128009 0.378274 -0.243657 -0.352426 -0.509769 -0.589147 -0.685970 0.277727 0.368227 0.022191
0.065453 0.028391 0.437785 0.610551 0.475901 0.704645 0.313622 0.164430 0.398059 0.500503 0.149227 -0.084472 -0.048875 0.293340 0.508129 0.619385 -0.007641 0.060228 0.579107 0.077819 0.816557 1.000000 0.575550 0.332098 0.405610 0.643051 0.718393 0.688545 0.124489 0.343890 0.328021 0.372916 -0.407236 0.061282 -0.046437 -0.120455 0.185465 -0.280835 0.477784 0.024217 0.476794 0.608174 -0.383695 -0.265789 -0.550295 -0.196701 -0.479586 -0.403267 -0.625516 -0.574544 -0.312982 -0.554997 -0.490988 -0.507768 -0.346652 -0.434084 -0.056991 0.117664 -0.088034 -0.212476 -0.337771 -0.288065 -0.391619 -0.347645 -0.308558 -0.272257 -0.247223 -0.130156 -0.005927 0.030986 0.589101 0.525994 0.098078 0.230159 0.062512 -0.010722 -0.147989 -0.019945 -0.251698 -0.065618 -0.166268 -0.350942 -0.449640 0.485468 -0.433776 -0.538369 0.361754 -0.154993 0.053662 -0.300671 -0.216710 0.174747 -0.062336 0.144802 0.124806 -0.155058 -0.409762 -0.239725 -0.546889 -0.247196 0.390692 0.344885 0.483740 0.448012 0.267755 0.520158 0.224308 0.344797 -0.111823 -0.033579 -0.352924 -0.539905 -0.626087 0.210312 0.344614 0.234820
0.039609 -0.240388 0.866498 0.688669 0.592913 0.537616 0.666020 0.531203 0.582451 0.395245 0.425552 0.037346 0.129930 0.305875 0.601402 0.524140 -0.064842 0.021571 0.648759 -0.231151 0.741919 0.575550 1.000000 0.615424 0.488483 0.604084 0.751435 0.714992 0.148677 0.402106 0.564083 0.611592 -0.194440 0.382133 0.024860 0.107041 0.115239 -0.167685 0.469995 -0.222611 0.329765 0.345374 -0.121309 0.101773 -0.435591 -0.011248 -0.328025 -0.414776 -0.447597 -0.598669 -0.324833 -0.580259 -0.720087 -0.446817 -0.275510 -0.418633 -0.191378 -0.166703 -0.315582 -0.450783 -0.596861 -0.494097 -0.582453 -0.483821 -0.151192 -0.125852 -0.352634 -0.027133 -0.252974 -0.300877 0.481356 0.423936 0.133873 0.395946 0.168173 0.094792 -0.088290 0.074897 -0.300495 0.122990 -0.383280 -0.332738 -0.731485 0.444521 -0.317882 -0.496076 0.359710 -0.516769 0.006799 -0.615886 -0.480067 0.073103 -0.206268 0.169612 0.019362 -0.139287 -0.389797 -0.237673 -0.708296 -0.207492 0.116259 0.273002 0.166231 0.392626 0.443377 0.499773 0.035649 0.182706 -0.074289 -0.237460 -0.324628 -0.456651 -0.617096 0.336222 0.418111 0.102306
-0.315334 -0.518536 0.458979 0.480461 0.336153 0.393678 0.354222 0.535316 0.589019 0.377779 0.249193 0.158947 0.089494 0.013671 0.387421 0.272707 -0.517488 -0.523382 0.349278 -0.067462 0.400040 0.332098 0.615424 1.000000 0.249338 0.600125 0.383782 0.589386 -0.167242 -0.171066 0.398155 0.653605 -0.227979 0.299965 0.241486 0.533262 -0.048155 -0.039092 0.213894 -0.185421 -0.031363 0.179723 0.005526 0.263929 -0.561183 0.175756 -0.402009 -0.027045 -0.466267 -0.630298 -0.190365 -0.612619 -0.638738 -0.606767 -0.131283 -0.466932 -0.553737 -0.470183 -0.129994 -0.370036 -0.363094 -0.249318 -0.460719 -0.619241 0.238756 0.388490 -0.131364 0.511650 -0.432251 -0.209955 0.129757 0.022120 -0.278628 0.060791 0.013367 0.131857 -0.053587 0.110336 -0.196442 -0.312792 -0.490573 -0.596408 -0.222659 0.188580 -0.029436 0.001443 0.431908 -0.207048 0.424958 -0.259365 0.069813 0.348013 0.314601 0.308659 0.138894 0.084732 -0.117618 -0.220143 -0.408014 -0.143771 -0.000175 0.116168 0.037964 0.164705 0.330242 0.316801 0.174782 0.031401 -0.008852 -0.056448 0.172343 -0.017898 -0.245703 0.439372 0.175996 0.202437
-0.038642 -0.116874 0.540334 0.420828 0.728500 0.684138 0.463192 0.291709 0.582974 0.656146 -0.052862 -0.219201 -0.085925 0.263800 0.364406 0.492486 -0.345030 -0.285483 0.362880 -0.070117 0.515596 0.405610 0.488483 0.249338 1.000000 0.650437 0.597554 0.481847 -0.287461 -0.100248 0.020940 0.160376 -0.365869 -0.073610 -0.356701 -0.045666 -0.375818 -0.468785 0.247370 -0.158826 0.166117 0.000062 -0.182884 -0.044428 -0.319335 -0.022297 -0.366295 -0.123848 -0.244319 -0.391810 -0.243258 -0.294194 -0.308312 -0.211588 -0.280588 -0.358768 -0.058341 0.045106 0.226839 0.089216 -0.148587 -0.030798 -0.517058 -0.400665 -0.154825 -0.189189 0.176422 0.126893 0.160631 0.148547 0.243580 0.151811 -0.302343 -0.218909 -0.370183 -0.393570 -0.554629 -0.359565 -0.594826 -0.271639 -0.398726 -0.439628 -0.411059 0.479797 -0.590372 -0.652471 0.096417 -0.075048 -0.331481 -0.215519 -0.145279 0.454744 -0.053315 0.465101 -0.152635 -0.352109 -0.354855 -0.233182 -0.492005 -0.067966 0.146582 0.557424 0.155146 0.513780 0.393606 0.303679 0.240855 0.151426 -0.239549 -0.318282 -0.233571 -0.157010 -0.345710 0.217498 0.111333 0.054209
-0.049035 -0.341035 0.523979 0.591001 0.574388 0.778226 0.421680 0.407754 0.615097 0.641262 0.133862 -0.146193 -0.000656 0.181648 0.479223 0.509458 -0.419424 -0.406337 0.507297 -0.183613 0.632887 0.643051 0.604084 0.600125 0.650437 1.000000 0.733738 0.763910 -0.139490 -0.013359 0.350501 0.576856 -0.251236 0.260148 -0.027883 0.296071 -0.150745 -0.256798 0.445636 0.028908 0.250962 0.267929 -0.207338 0.016072 -0.554606 -0.047104 -0.560911 -0.204937 -0.421795 -0.654926 -0.140408 -0.545548 -0.526976 -0.588831 -0.224708 -0.463763 -0.285714 -0.221480 0.060183 -0.236933 -0.210178 -0.170189 -0.454886 -0.607365 0.074709 0.128285 -0.039114 0.234457 -0.141742 -0.185920 0.451513 0.251877 -0.177385 0.082990 0.025369 -0.055400 -0.275593 -0.054518 -0.497920 -0.283303 -0.440613 -0.554426 -0.344419 0.382503 -0.352983 -0.403626 0.363047 -0.028852 0.043884 -0.281271 -0.272887 0.377970 0.057954 0.303462 -0.023190 -0.200316 -0.351222 -0.279566 -0.651832 -0.112546 0.102047 0.252171 0.087863 0.311473 0.353930 0.399113 0.109396 0.053071 -0.130136 -0.257951 -0.133983 -0.191882 -0.432709 0.286204 0.252939 0.132079
0.060123 -0.002065 0.597036 0.660439 0.613582 0.804655 0.462019 0.273982 0.509566 0.565460 0.291838 -0.057430 0.129553 0.424908 0.731493 0.720144 -0.058016 0.035804 0.591877 -0.004767 0.804500 0.718393 0.751435 0.383782 0.597554 0.733738 1.000000 0.852887 0.076031 0.325451 0.303208 0.373261 -0.327660 0.135896 -0.260322 -0.138006 0.092256 -0.326830 0.567096 -0.067132 0.460677 0.376633 -0.185781 -0.082834 -0.480034 -0.120678 -0.376126 -0.368532 -0.451215 -0.524597 -0.283426 -0.476196 -0.455497 -0.447673 -0.296329 -0.445979 -0.095001 0.034298 -0.089735 -0.172713 -0.407754 -0.350063 -0.372408 -0.362871 -0.324840 -0.347746 -0.217961 -0.156302 -0.010404 -0.099309 0.567099 0.461062 0.115773 0.315605 0.147360 -0.028148 -0.225691 -0.096476 -0.519796 -0.098332 -0.195643 -0.286256 -0.476320 0.615265 -0.403587 -0.607689 0.491698 -0.194646 -0.056446 -0.452739 -0.391345 0.077781 -0.230939 0.080568 -0.045645 -0.360881 -0.499773 -0.410489 -0.682315 -0.411580 0.247762 0.302463 0.393472 0.420892 0.511198 0.423818 0.066844 0.052577 -0.117385 -0.418314 -0.452655 -0.566771 -0.770546 0.122531 0.270470 0.037127
-0.053688 -0.056131 0.437605 0.611689 0.462273 0.790934 0.258851 0.234020 0.501778 0.511899 0.285591 -0.016006 0.002702 0.228371 0.644904 0.555060 -0.162618 -0.162856 0.506708 0.032552 0.773237 0.688545 0.714992 0.589386 0.481847 0.763910 0.852887 1.000000 -0.045645 0.102425 0.381222 0.499724 -0.350162 0.161420 -0.065092 0.110851 0.042013 -0.263151 0.391367 -0.128305 0.293704 0.353374 -0.220861 -0.046452 -0.662802 -0.119805 -0.501161 -0.316837 -0.539001 -0.674779 -0.212939 -0.587926 -0.558969 -0.590187 -0.318423 -0.550511 -0.149879 -0.011126 -0.071286 -0.177747 -0.414925 -0.338823 -0.461758 -0.478155 -0.165465 -0.078451 -0.117896 0.139910 0.026673 -0.113644 0.497113 0.399650 -0.045988 0.305989 0.188387 0.101725 -0.139175 -0.003696 -0.345105 -0.205634 -0.209367 -0.376840 -0.335280 0.438603 -0.284776 -0.291886 0.677166 -0.031384 0.209430 -0.350989 -0.313068 0.113930 -0.032136 0.145573 0.106768 -0.243233 -0.402905 -0.360774 -0.668253 -0.413393 0.118230 0.205323 0.296295 0.303104 0.334522 0.436093 0.090983 0.140050 -0.153895 -0.286781 -0.319680 -0.478666 -0.674598 0.159024 0.254366 0.021481
0.099823 -0.035820 0.123422 -0.006964 -0.000672 -0.152353 0.185435 0.029705 -0.130591 -0.154765 0.485332 0.355355 0.509260 0.389593 0.215421 0.223695 0.475146 0.549929 -0.027319 -0.208499 0.193751 0.124489 0.148677 -0.167242 -0.287461 -0.139490 0.076031 -0.045645 1.000000 0.685283 0.448088 0.282754 0.187037 0.064275 -0.107165 -0.257127 0.395697 0.126399 0.093853 -0.027706 0.204013 0.267841 0.016607 -0.020991 0.141874 -0.102236 0.051784 -0.230058 -0.099108 -0.058965 -0.247120 -0.175743 -0.076711 0.087369 -0.142347 0.036344 0.025083 -0.064522 -0.281819 -0.262944 -0.157272 -0.227721 0.056265 0.266803 -0.224324 -0.281564 -0.300993 -0.469905 -0.229366 -0.273308 0.442928 0.513168 0.857541 0.458742 0.459197 0.270536 0.293301 0.178312 0.310412 0.449552 0.145060 0.259091 -0.175069 0.083370 0.033918 -0.076714 -0.038001 -0.373842 0.007139 -0.073658 -0.375097 -0.284974 -0.115632 -0.104173 -0.041557 -0.037530 -0.180648 0.093399 -0.119310 0.028537 0.276487 -0.014099 0.261682 0.038919 0.151274 0.116621 -0.044410 0.000801 0.138046 -0.123359 -0.259351 -0.344144 -0.147915 0.069308 0.204519 -0.126645
0.272619 -0.060204 0.428775 0.143441 0.113085 -0.024717 0.387145 0.163481 0.028025 -0.161266 0.448978 0.211256 0.244058 0.411074 0.290623 0.349550 0.423388 0.658516 0.152964 -0.360288 0.353593 0.343890 0.402106 -0.171066 -0.100248 -0.013359 0.325451 0.102425 0.685283 1.000000 0.450089 0.293602 0.071242 0.228317 0.008934 -0.212043 0.520276 0.308298 0.347130 0.087267 0.413308 0.623100 0.140934 0.118778 0.154105 -0.017430 0.170984 -0.258736 -0.111948 -0.066905 -0.175622 -0.091444 -0.209494 0.075049 -0.178197 0.090319 0.037627 -0.093392 -0.530709 -0.510136 -0.406211 -0.447493 -0.110350 0.034285 -0.317877 -0.375748 -0.654069 -0.603029 -0.256177 -0.414050 0.600283 0.677318 0.787192 0.733482 0.567902 0.457964 0.377927 0.408211 0.113723 0.541669 0.001547 0.218206 -0.474127 0.227305 -0.090264 -0.303090 -0.008634 -0.605056 -0.280683 -0.477257 -0.588814 -0.307415 -0.391325 -0.240160 0.020978 0.048025 -0.149549 0.102361 -0.341422 0.025568 0.193982 -0.020185 0.178824 0.060430 0.109017 0.269215 -0.056485 0.158097 0.057800 0.006502 -0.323871 -0.506380 -0.370373 0.121345 0.376498 0.099360
0.241054 -0.304373 0.526179 0.384417 0.072518 0.144182 0.392766 0.467865 0.183727 0.002092 0.446645 0.181357 0.183086 0.184702 0.132614 0.156434 -0.044095 0.083130 0.455408 -0.409223 0.375221 0.328021 0.564083 0.398155 0.020940 0.350501 0.303208 0.381222 0.448088 0.450089 1.000000 0.846600 0.173699 0.511539 0.309262 0.200356 0.115708 0.018598 0.056059 -0.167079 0.042772 0.236831 0.110562 0.255386 -0.185331 0.001894 -0.180074 -0.358172 -0.216453 -0.366402 0.066651 -0.357094 -0.392708 -0.394278 -0.261773 -0.330485 -0.177527 -0.347836 -0.435395 -0.549319 -0.316650 -0.259831 -0.238511 -0.172340 0.205528 0.224983 -0.382093 -0.076244 -0.444154 -0.683161 0.504483 0.497790 0.333153 0.533802 0.468015 0.427551 0.307526 0.399607 0.151674 0.327022 -0.288925 -0.167425 -0.469334 -0.181556 0.106652 -0.008275 0.173877 -0.508848 0.159713 -0.465956 -0.487887 -0.274830 0.044362 -0.178147 -0.112258 -0.013720 -0.181305 -0.168041 -0.459809 -0.153771 0.122695 -0.239474 -0.047971 -0.225348 0.064166 0.063115 -0.099143 -0.069561 0.008587 -0.065433 -0.175582 -0.288512 -0.294505 0.114485 0.238965 -0.043329
0.040089 -0.506534 0.536459 0.480538 0.175307 0.233529 0.393318 0.516664 0.353574 0.142428 0.309246 0.135980 0.128737 0.173722 0.234769 0.217424 -0.323634 -0.182515 0.467012 -0.344834 0.426929 0.372916 0.611592 0.653605 0.160376 0.576856 0.373261 0.499724 0.282754 0.293602 0.846600 1.000000 0.055392 0.513934 0.300449 0.425533 0.101694 0.072203 0.189871 -0.085400 0.072301 0.323953 0.166976 0.382522 -0.330744 0.158425 -0.324992 -0.150036 -0.397852 -0.540145 -0.058173 -0.545516 -0.530507 -0.563699 -0.281063 -0.397015 -0.391055 -0.520121 -0.351327 -0.563374 -0.350161 -0.280507 -0.350718 -0.429911 0.242029 0.291113 -0.380219 0.184491 -0.442968 -0.545887 0.475808 0.423207 0.142274 0.441603 0.361608 0.439519 0.279476 0.456026 0.006934 0.067136 -0.472978 -0.408061 -0.391274 0.051599 0.006271 -0.046596 0.247379 -0.387794 0.241318 -0.456703 -0.363815 0.007241 0.135037 0.036608 -0.006013 0.050082 -0.158939 -0.137704 -0.499109 -0.082241 0.096456 -0.093443 -0.021400 -0.048173 0.161717 0.224118 0.077388 0.050446 0.024214 -0.044788 -0.009137 -0.267895 -0.323943 0.292348 0.286119 0.043912
0.267723 0.083255 -0.068277 -0.113658 -0.388614 -0.369637 -0.044201 -0.029218 -0.377038 -0.409430 0.174919 0.063324 0.243153 0.008729 -0.293630 -0.340087 0.249543 0.054160 -0.027025 -0.199581 -0.285019 -0.407236 -0.194440 -0.227979 -0.365869 -0.251236 -0.327660 -0.350162 0.187037 0.071242 0.173699 0.055392 1.000000 0.585695 0.123927 0.011798 0.126267 0.149229 -0.085040 -0.061643 0.063617 -0.134247 0.252801 0.174838 0.267667 -0.098962 0.231049 -0.175275 0.282406 0.247820 0.237005 0.157593 0.274530 0.097012 0.268207 0.162426 0.197444 -0.074975 -0.061361 0.057895 0.310206 0.268840 0.531906 0.327410 0.267405 0.266128 0.151320 -0.148995 0.025370 -0.393394 -0.099277 -0.124064 0.344374 0.152142 0.327923 0.169379 0.238030 0.138458 0.344245 0.296061 0.162041 0.198125 0.095886 -0.348013 0.303439 0.260309 -0.043320 -0.075165 0.024185 0.032044 -0.406166 -0.425434 -0.192152 -0.334144 -0.306560 -0.032081 0.064076 -0.067569 0.148237 -0.002538 -0.364447 -0.411653 -0.446700 -0.430020 -0.194283 -0.321453 -0.447897 -0.278609 0.048207 -0.083727 0.002010 0.314086 0.301128 -0.255680 -0.184830 -0.195316
0.095327 -0.179285 0.458639 0.338184 -0.028398 0.032805 0.378326 0.471863 0.124861 -0.127961 0.270790 0.067826 0.204777 0.062558 0.032750 0.021732 0.001044 -0.061967 0.337238 -0.208185 0.192020 0.061282 0.382133 0.299965 -0.073610 0.260148 0.135896 0.161420 0.064275 0.228317 0.511539 0.513934 0.585695 1.000000 0.331293 0.416579 0.181499 0.199453 0.366492 0.071212 0.163110 0.151375 0.052651 0.266732 -0.141872 -0.025888 -0.056315 -0.330451 -0.190226 -0.289189 -0.062958 -0.266570 -0.377767 -0.282152 0.172863 -0.003740 -0.133713 -0.263477 -0.312038 -0.392679 -0.216217 -0.111638 -0.056507 -0.155095 0.144196 0.304952 -0.212532 0.068703 -0.309359 -0.591557 0.142746 0.065486 0.172783 0.383251 0.415549 0.344986 0.310106 0.337139 0.059466 0.332446 -0.135278 -0.095830 -0.359488 -0.102331 0.036912 -0.002275 0.028691 -0.421308 0.024318 -0.313720 -0.487507 -0.251826 -0.307408 -0.215649 -0.172878 0.138175 0.014583 -0.124570 -0.234518 -0.016939 -0.293950 -0.210700 -0.329872 -0.130431 0.174239 0.114068 -0.308047 -0.176474 0.038454 -0.072114 -0.000394 0.036637 -0.148239 0.075148 0.108738 0.012640
-0.060308 -0.405078 -0.053227 -0.090102 -0.499011 -0.372743 -0.239102 0.000846 -0.196293 -0.414439 -0.131550 -0.224305 -0.288564 -0.582321 -0.349264 -0.513008 -0.329488 -0.118613 0.045264 -0.291250 -0.301629 -0.046437 0.024860 0.241486 -0.356701 -0.027883 -0.260322 -0.065092 -0.107165 0.008934 0.309262 0.300449 0.123927 0.331293 1.000000 0.663306 0.316171 0.584229 0.143582 0.430180 -0.197081 0.128145 0.241596 0.271876 0.116542 0.296657 0.286469 0.257100 0.021334 0.091643 0.379125 0.162717 -0.118491 -0.087263 0.356294 0.328171 -0.384343 -0.404676 -0.485037 -0.422598 -0.194396 -0.238390 0.001516 -0.285185 0.432473 0.383885 -0.456380 0.166913 -0.445527 -0.318479 -0.246849 -0.125128 -0.182850 0.202065 0.241404 0.298851 0.580924 0.634260 0.370548 0.306584 -0.221788 -0.061136 0.102433 -0.510535 0.506192 0.355235 0.023452 -0.194935 0.283632 -0.181497 -0.012930 -0.202266 -0.079299 -0.391974 0.445104 0.715210 0.594453 0.457876 0.219697 0.228980 -0.394874 -0.566105 -0.414582 -0.351228 -0.336870 0.067891 -0.101402 -0.038764 0.272752 0.712166 0.491610 0.180276 0.187918 0.103586 0.339587 0.241652
-0.380739 -0.675709 0.077916 -0.062815 -0.161354 -0.133459 -0.008735 0.284240 0.157772 -0.135305 -0.087359 -0.090591 -0.139452 -0.382236 -0.178664 -0.284196 -0.572059 -0.516818 -0.112514 -0.320333 -0.156786 -0.120455 0.107041 0.533262 -0.045666 0.296071 -0.138006 0.110851 -0.257127 -0.212043 0.200356 0.425533 0.011798 0.416579 0.663306 1.000000 0.071371 0.543524 0.231810 0.384737 -0.291276 0.061560 0.265784 0.482126 -0.050116 0.449132 0.076953 0.381172 -0.076344 -0.265751 0.103749 -0.102589 -0.375781 -0.219288 0.374005 0.175356 -0.623639 -0.601408 -0.253926 -0.431235 -0.263148 -0.276167 -0.327539 -0.590824 0.389306 0.571015 -0.215961 0.539705 -0.429534 -0.302248 -0.203451 -0.230542 -0.315735 0.054553 0.135170 0.270137 0.361508 0.482458 0.086015 -0.016859 -0.411918 -0.327221 0.060864 -0.322009 0.168551 0.278293 0.006862 -0.143915 0.185975 -0.050264 0.026450 0.210623 0.153280 0.085597 0.390367 0.642300 0.542608 0.405540 0.084727 0.382381 -0.355665 -0.223019 -0.414264 -0.140883 0.068311 0.229033 0.089973 -0.057180 0.225680 0.433878 0.616639 0.339904 0.242496 0.450088 0.178885 0.286330
