1.000000 0.495983 0.008299 0.229579 -0.269354 0.171917 0.257957 0.208560 -0.196784 -0.142045 0.246317 0.273328 0.118443 0.079102 0.092310 0.128947 0.210993 -0.057512 0.290171 -0.133709 0.379277 0.317170 0.122950 0.129280 0.108393 0.345244 0.441921 0.300587 0.179042 -0.280313 0.106882 0.107070 0.178863 0.122705 0.156035 -0.193509 0.211143 -0.152261 0.334181 -0.008372 0.063165 0.274162 -0.230181 -0.396149 -0.399703 -0.540060 -0.310986 -0.471824 -0.190800 -0.261314 -0.101475 -0.167713 -0.139512 -0.217724 0.013761 -0.272490 0.644131 0.396416 -0.029381 -0.271269 0.102618 0.063730 0.222985 0.181720 0.135055 0.218005 -0.189310 -0.503547 0.346512 -0.233778 0.318536 0.090688 0.047100 -0.004226 0.244115 0.059268 0.064495 -0.057148 0.086874 -0.112766 0.272567 0.099826 0.005455 -0.182744 0.392043 0.182290 0.052568 -0.072766 0.190121 0.144281 -0.267387 -0.387688 0.022841 -0.287939 -0.312095 -0.082939 -0.170153 -0.164910 -0.319178 -0.141207 0.141436 -0.010101 -0.254208 -0.092058 -0.216789 -0.191028 -0.266500 0.158914 0.246755 -0.140708 -0.382480 -0.446109 -0.244206 -0.184089 0.120051 -0.046174
0.495983 1.000000 -0.078572 0.102647 0.095674 0.208457 -0.040471 0.073697 0.029352 0.000292 -0.130549 0.059148 -0.145446 -0.155329 0.061227 0.022462 -0.107003 -0.200200 0.189534 0.060155 0.265963 0.524038 -0.231586 -0.119872 0.172976 0.181225 0.324114 0.116024 -0.098900 -0.487012 0.284904 0.121954 0.123826 -0.062317 -0.142209 -0.144849 -0.179216 -0.293784 0.178362 0.227479 0.000341 0.241204 -0.299162 -0.393407 -0.121154 -0.146951 -0.188190 -0.007003 -0.001243 -0.074044 -0.022018 0.043161 0.131770 -0.085731 0.043475 -0.170077 0.276124 0.507711 0.286716 0.334435 0.150593 0.502686 0.059999 0.172460 -0.155732 0.232696 0.140092 -0.092583 0.461295 0.127484 0.115439 0.232948 -0.198760 -0.345188 -0.160903 -0.022180 -0.481752 -0.408233 -0.221263 -0.294961 -0.074924 -0.330461 0.031017 -0.127717 -0.062356 -0.361134 0.014358 -0.225785 0.028216 -0.109254 0.006059 -0.179026 0.161319 -0.061773 -0.390915 -0.441941 0.039714 -0.519665 -0.052134 -0.317314 0.201121 0.170666 -0.123752 0.102164 -0.304057 -0.452876 -0.031704 0.137199 -0.181772 -0.362100 -0.219699 -0.270186 -0.143262 -0.150983 -0.184694 -0.187704
0.008299 -0.078572 1.000000 0.446502 0.410971 0.118458 0.764964 0.697922 0.373005 0.266681 0.133253 0.008547 0.409444 0.162671 0.197047 0.022486 -0.491977 -0.540565 0.532358 0.431995 0.014843 -0.011383 0.593509 0.345667 0.325786 0.131704 0.144101 0.174826 -0.275408 -0.251833 0.204787 0.083910 -0.265534 -0.089664 0.356633 0.326874 -0.377086 -0.300379 0.015303 -0.040122 0.160265 -0.125309 -0.369665 -0.266085 -0.369393 -0.001311 -0.464330 -0.043481 -0.420419 -0.449289 -0.114926 -0.513312 -0.391652 -0.384160 -0.200069 -0.362562 -0.269203 -0.392076 -0.343911 -0.400076 0.088606 -0.256044 -0.517251 -0.536154 0.313711 0.054113 -0.099453 0.287222 -0.069771 0.221033 0.106070 -0.200342 -0.239132 -0.026302 -0.171964 -0.183751 -0.249055 0.135197 -0.267387 -0.284625 -0.501364 -0.440382 0.167893 -0.050873 0.036409 -0.031614 -0.027466 0.101397 0.378174 0.064301 0.080590 0.276540 0.508386 0.443696 0.168268 0.011261 -0.327666 0.098000 -0.178218 0.012807 0.298132 0.388614 -0.223453 0.095979 -0.108871 0.103599 0.018261 -0.223508 0.115430 0.307626 0.352028 0.141525 0.018364 -0.055286 0.208615 0.290774
0.229579 0.102647 0.446502 1.000000 -0.196963 0.495300 0.194229 0.625053 -0.147525 0.313508 0.098430 0.312461 0.172630 0.142677 0.200943 0.217879 -0.260316 -0.401756 0.507277 0.494012 0.011638 -0.054345 0.744655 0.769032 0.195540 0.533778 0.092010 0.481051 -0.282301 -0.230192 -0.055020 0.179182 -0.283591 -0.238234 0.096799 -0.107557 -0.174923 -0.001523 0.192018 -0.009116 0.127416 -0.122012 -0.538588 -0.502857 -0.582931 -0.438026 -0.624209 -0.315803 -0.595498 -0.615613 -0.070185 -0.459579 -0.391824 -0.466910 -0.177328 -0.309568 0.223055 -0.203918 -0.499558 -0.356388 -0.205587 -0.354253 -0.308682 -0.364057 0.352675 0.040777 -0.363575 -0.085801 0.062298 0.061771 0.290708 -0.288639 -0.448303 0.191361 -0.190744 0.142614 -0.087785 0.204624 -0.034355 -0.086518 -0.299055 -0.179363 0.343173 0.319268 0.195377 0.353518 0.124086 0.222724 0.312787 0.334640 -0.023071 -0.110718 0.614679 0.099483 0.169960 -0.054896 -0.361281 0.094521 -0.365647 0.088510 0.289545 0.255191 0.039561 0.250529 0.089495 0.321318 0.084301 -0.092995 -0.057995 0.228584 0.107156 0.005720 0.104548 0.240740 0.410325 0.348877
-0.269354 0.095674 0.410971 -0.196963 1.000000 0.102800 0.419861 0.129962 0.767950 0.398115 0.007564 -0.288443 0.254836 0.137380 0.272835 -0.027805 -0.493213 -0.208672 -0.028797 0.115990 -0.144674 -0.070342 0.001680 -0.176818 0.519890 -0.128857 0.275220 -0.075243 -0.324813 -0.347840 0.113800 -0.125654 -0.334235 -0.220305 -0.021627 0.462948 -0.541107 -0.312334 -0.269307 0.058161 -0.283007 0.068374 0.167673 0.172539 0.229347 0.510321 0.101391 0.423644 0.320477 0.229647 -0.025979 0.143219 0.271948 0.214197 0.005134 -0.013677 -0.433183 -0.261031 0.298402 0.259578 0.195078 0.376541 -0.499853 -0.354909 -0.126434 0.162689 0.168657 0.243090 0.115835 0.239467 0.058975 -0.065407 -0.194285 -0.276055 -0.208209 -0.139471 -0.478575 -0.360536 -0.525535 -0.359986 -0.488904 -0.624038 0.054934 -0.248184 -0.346405 -0.619054 0.166100 0.013542 0.050797 -0.063558 0.261262 0.297207 0.062112 0.406799 0.074102 -0.217091 -0.010794 -0.112835 0.103017 -0.279797 -0.080030 0.100848 -0.256841 -0.073146 -0.380905 -0.247601 0.126834 -0.107329 -0.140390 -0.021462 0.152751 0.088209 0.025295 -0.156170 -0.134223 0.022056
0.171917 0.208457 0.118458 0.495300 0.102800 1.000000 0.171049 0.296942 0.160205 0.428955 0.213155 0.327327 0.341068 0.325544 0.577493 0.473570 -0.281372 -0.190679 0.007109 0.230604 0.099893 0.180207 0.474686 0.625160 0.494144 0.745327 0.538208 0.749198 -0.189013 -0.342113 -0.081820 0.222172 -0.371840 -0.331994 -0.089051 0.264368 -0.087584 0.192378 0.333889 0.276298 0.099606 0.235030 -0.459212 -0.425710 -0.365991 -0.274841 -0.488084 -0.284833 -0.164869 -0.344658 -0.134192 -0.234139 -0.198301 -0.387620 -0.224190 -0.140295 0.251437 0.050089 -0.081208 -0.174972 -0.131063 0.103804 -0.347201 -0.251109 0.257269 0.400251 -0.422721 -0.310189 0.203764 0.143537 0.337902 -0.136545 -0.332290 -0.082340 -0.106066 0.221858 -0.194023 -0.046106 -0.080901 0.032016 -0.182836 -0.268949 0.559394 0.250595 0.176025 0.120922 0.458219 0.526508 0.398075 0.294464 -0.182903 -0.217803 0.433762 0.132931 0.043525 -0.201405 -0.164245 -0.009135 -0.487834 -0.320384 -0.048696 -0.045841 -0.227721 -0.010820 -0.176167 0.081230 0.116047 0.000233 -0.037722 -0.044503 -0.104922 -0.075775 -0.059912 0.079278 0.224703 -0.136617
0.257957 -0.040471 0.764964 0.194229 0.419861 0.171049 1.000000 0.568484 0.494103 0.296054 0.372705 0.015581 0.554678 0.389439 0.346657 0.194791 -0.287377 -0.260914 0.307400 0.112790 0.164468 0.007588 0.526221 0.214324 0.489643 0.135439 0.382165 0.189348 -0.034504 -0.199822 0.166209 0.025138 -0.168970 0.056454 0.220730 0.288537 -0.172350 -0.366311 0.117365 -0.038742 0.030565 0.135605 -0.258580 -0.259356 -0.251082 -0.124281 -0.329188 -0.197201 -0.172980 -0.272831 -0.066275 -0.254860 -0.225924 -0.195414 -0.088527 -0.289806 -0.112365 -0.143798 -0.089111 -0.407089 0.191846 0.002157 -0.354368 -0.322110 0.252424 0.194626 -0.202924 -0.103813 -0.049435 0.043228 0.133552 -0.104516 0.014482 -0.118253 0.053330 -0.195436 -0.170195 -0.115676 -0.291020 -0.177426 -0.210824 -0.279731 0.153231 -0.140382 0.155323 -0.076973 0.172938 0.147339 0.448050 0.251142 -0.084730 0.045584 0.253118 0.261166 -0.114828 -0.076660 -0.266341 -0.071110 -0.226502 -0.193108 0.202321 0.206278 -0.420656 -0.108614 -0.346079 -0.131497 -0.204402 -0.080763 0.157243 0.011895 -0.033626 -0.124686 -0.172825 -0.305662 0.034219 0.099669
0.208560 0.073697 0.697922 0.625053 0.129962 0.296942 0.568484 1.000000 0.044282 0.440040 0.266862 0.234565 0.324235 0.354708 0.111287 0.269874 -0.369431 -0.377163 0.391019 0.360220 -0.035504 -0.041030 0.563761 0.505213 0.207319 0.224707 0.167563 0.284790 -0.429544 -0.238405 0.046257 0.068719 -0.370075 -0.205316 0.360884 0.255924 -0.358641 -0.096947 0.096335 -0.074049 0.039899 0.001863 -0.418754 -0.312479 -0.464576 -0.147217 -0.572121 -0.257051 -0.478310 -0.480668 -0.127022 -0.426042 -0.328860 -0.355806 -0.137300 -0.378067 0.103312 -0.293825 -0.448153 -0.387378 -0.101063 -0.088120 -0.304751 -0.274380 0.374521 0.332890 -0.281777 0.148832 -0.161997 0.049400 0.101036 -0.328751 -0.331046 0.061296 -0.215414 -0.053330 -0.171650 0.166332 -0.121774 -0.109545 -0.499527 -0.277654 0.158820 0.054124 0.027771 0.083032 -0.034808 0.091309 0.308568 0.314123 -0.009711 -0.054706 0.607214 0.232383 0.106374 -0.018992 -0.442579 -0.003576 -0.336713 0.051283 0.336928 0.278115 -0.260092 0.047691 -0.077176 0.083525 -0.162935 -0.395129 0.031312 0.314184 0.176799 -0.004473 0.083205 -0.027239 0.435035 0.259023
-0.196784 0.029352 0.373005 -0.147525 0.767950 0.160205 0.494103 0.044282 1.000000 0.232349 0.082983 -0.137422 0.273602 0.097863 0.485914 -0.051917 -0.271336 -0.153868 -0.060501 -0.047589 0.172851 -0.032197 0.112261 -0.134773 0.601790 -0.003191 0.463094 0.066276 -0.022435 -0.283172 0.321692 0.050107 -0.323116 -0.163482 -0.123876 0.300893 -0.249795 -0.371417 -0.259778 0.061274 -0.211179 0.200965 0.032964 -0.005073 0.091046 0.281510 0.068952 0.356679 0.197707 0.064505 -0.075131 0.021124 0.131007 0.190487 -0.272996 -0.219552 -0.371946 -0.029587 0.236042 0.066984 0.167882 0.221947 -0.457658 -0.399358 -0.020897 0.093776 0.050564 0.084241 0.186689 0.216971 0.103516 0.063105 -0.080518 -0.255520 -0.128678 -0.114647 -0.378109 -0.430367 -0.529432 -0.365854 -0.226095 -0.439609 0.183287 -0.131140 -0.154844 -0.460552 0.433190 0.203897 0.176370 -0.135796 0.333684 0.355679 0.071003 0.370130 -0.105170 -0.267576 -0.032599 -0.183616 0.130007 -0.430162 -0.080665 -0.050659 -0.189709 -0.015828 -0.303714 -0.213329 0.215947 0.285877 -0.220070 -0.220039 0.080097 0.092342 -0.136207 -0.178858 -0.197799 0.027890
-0.142045 0.000292 0.266681 0.313508 0.398115 0.428955 0.296054 0.440040 0.232349 1.000000 0.142515 -0.106004 0.314867 0.405188 0.265730 0.441798 -0.338501 0.000282 -0.210241 0.076429 -0.233218 -0.262290 0.449187 0.416068 0.525321 0.190572 0.165767 0.160921 -0.518693 -0.275267 -0.402106 -0.307183 -0.519932 -0.407225 -0.094312 0.288193 -0.484155 -0.100034 -0.065106 -0.142854 -0.288379 -0.145578 -0.074079 -0.069408 0.022437 0.188337 -0.250376 0.055046 0.170348 0.070972 0.162025 0.167927 0.270282 0.013969 0.122266 -0.035730 -0.052625 -0.262478 0.148245 0.095177 0.004095 0.370498 -0.463076 -0.253566 0.093814 0.427944 -0.194341 0.015689 -0.185339 -0.067691 0.003788 -0.534447 -0.389912 -0.225939 -0.320023 -0.098828 -0.315222 -0.259051 -0.360559 -0.170497 -0.498756 -0.312789 0.231981 0.095863 -0.148874 -0.259042 0.234959 0.141264 0.264652 0.376133 0.161990 -0.056928 0.286483 0.299211 0.080309 -0.140999 -0.166092 -0.068204 -0.164638 -0.162746 0.220651 0.235081 -0.066313 0.094269 -0.126104 0.079258 0.026512 -0.177523 -0.204161 0.034345 -0.002933 0.043188 0.123157 -0.028109 0.111831 -0.075410
0.246317 -0.130549 0.133253 0.098430 0.007564 0.213155 0.372705 0.266862 0.082983 0.142515 1.000000 0.569311 0.690713 0.603801 0.620101 0.462676 0.338613 0.322725 -0.018947 -0.053495 0.288808 -0.111476 0.382834 0.316524 0.083562 0.410100 0.427468 0.578145 0.419769 0.287996 0.257614 0.459969 -0.370241 0.278686 0.019641 0.276237 0.104256 -0.052848 0.107771 -0.322107 0.108153 0.337181 -0.020026 -0.191205 -0.296799 -0.312159 -0.235587 -0.496109 -0.104718 -0.251412 -0.057509 -0.245622 0.027173 0.096919 -0.242773 -0.422953 0.148498 -0.049411 -0.166715 -0.551655 0.235730 -0.030639 0.020988 -0.071801 0.422068 0.211578 -0.548838 -0.498190 -0.196164 -0.321726 0.201860 0.084880 0.139854 0.232409 0.182484 0.389711 0.234582 0.247138 0.170038 0.134218 0.248973 0.280330 0.489221 0.336800 0.583851 0.458053 0.400239 0.370883 0.336356 0.251363 -0.295547 -0.276771 -0.171306 -0.324406 -0.080106 -0.007819 -0.319250 0.018431 -0.659928 -0.204945 -0.358490 -0.425396 -0.569622 -0.592160 -0.283997 -0.160470 -0.271210 -0.191486 0.096307 0.054236 -0.270413 -0.167501 -0.276510 -0.280944 0.180858 0.076668
0.273328 0.059148 0.008547 0.312461 -0.288443 0.327327 0.015581 0.234565 -0.137422 -0.106004 0.569311 1.000000 0.313683 0.349346 0.517093 0.287513 0.196819 0.130694 0.148948 -0.018329 0.426421 0.130077 0.227651 0.431109 -0.156083 0.475791 0.356204 0.667618 0.344055 0.234548 0.354749 0.631470 -0.115096 0.294805 0.035841 -0.067270 0.258776 0.109124 0.189229 -0.205239 0.235513 0.172177 -0.169038 -0.249726 -0.477761 -0.561485 -0.226101 -0.574563 -0.272162 -0.451426 -0.009987 -0.376706 -0.216854 -0.148922 -0.489461 -0.400204 0.135820 0.053277 -0.306143 -0.647479 0.027008 -0.266389 -0.040634 -0.105963 0.577068 0.338627 -0.522198 -0.480292 -0.097664 -0.366854 0.194445 0.272043 -0.013135 0.339078 0.174825 0.607689 0.336978 0.386099 0.341834 0.158877 0.230936 0.272625 0.383462 0.256407 0.649136 0.685574 0.137758 0.213232 0.151220 -0.030214 -0.311560 -0.344522 0.004673 -0.320145 0.082861 0.196243 -0.030576 0.190730 -0.661829 -0.066962 -0.301071 -0.468523 -0.356676 -0.504175 -0.016454 0.137099 -0.161048 -0.076111 0.171253 0.265599 -0.152716 -0.014981 -0.066874 0.020610 0.339417 -0.000869
0.118443 -0.145446 0.409444 0.172630 0.254836 0.341068 0.554678 0.324235 0.273602 0.314867 0.690713 0.313683 1.000000 0.740743 0.630261 0.441420 0.046588 0.131559 -0.111623 0.150517 0.018889 -0.183570 0.518978 0.399325 0.370564 0.457016 0.353969 0.489953 0.202081 0.095537 0.039556 0.181979 -0.414219 0.041167 0.108154 0.417967 -0.067948 0.026762 0.060819 -0.063814 0.092163 0.280327 -0.096938 -0.197468 -0.233285 -0.151494 -0.266703 -0.274782 -0.038804 -0.212201 0.037088 -0.236360 0.012653 -0.145486 -0.141725 -0.274215 0.018400 -0.285744 -0.079447 -0.433913 0.239173 0.053783 -0.208493 -0.169586 0.193169 0.265724 -0.381684 -0.363274 -0.187978 -0.137366 0.311215 -0.170298 0.079509 0.229695 0.108627 0.165051 -0.027717 0.066966 -0.091841 0.019543 -0.063993 -0.104412 0.456120 0.299010 0.284402 0.159947 0.366646 0.450392 0.323352 0.318867 -0.070699 -0.052186 0.031314 0.015569 -0.011180 -0.132135 -0.345689 -0.043689 -0.434994 -0.204927 -0.206332 -0.150856 -0.551356 -0.398562 -0.420459 -0.195977 -0.124508 -0.240626 0.070426 0.047192 -0.012125 -0.191619 -0.181200 -0.088817 0.136614 0.076823
0.079102 -0.155329 0.162671 0.142677 0.137380 0.325544 0.389439 0.354708 0.097863 0.405188 0.603801 0.349346 0.740743 1.000000 0.480577 0.551283 0.068066 0.290874 -0.242891 -0.005574 -0.135567 -0.286363 0.379332 0.366718 0.231761 0.368547 0.225933 0.429560 0.109273 0.194010 -0.137998 0.052295 -0.379080 0.038137 0.009186 0.352600 0.005544 0.161848 0.041143 -0.057427 0.022511 0.269951 0.003415 -0.077108 -0.207654 -0.187027 -0.197089 -0.440788 -0.006039 -0.164022 0.069957 -0.125714 0.114353 -0.084605 0.037675 -0.128959 0.092685 -0.292482 -0.069510 -0.375507 0.157543 0.201229 -0.075155 -0.027251 0.215232 0.476541 -0.475383 -0.449618 -0.262818 -0.292837 0.181026 -0.251458 0.144149 0.203500 0.143138 0.248306 0.124772 0.053351 0.024279 0.190323 -0.051390 0.025492 0.298518 0.287911 0.208470 0.221062 0.297889 0.324010 0.176044 0.476719 -0.057372 -0.254537 0.051232 -0.087455 -0.011897 0.037965 -0.269159 -0.055007 -0.449578 -0.162536 -0.136022 -0.153729 -0.323752 -0.396737 -0.243235 -0.143067 -0.238280 -0.270069 0.067353 0.114048 -0.114333 -0.289117 -0.106528 -0.013126 0.187875 -0.042139
0.092310 0.061227 0.197047 0.200943 0.272835 0.577493 0.346657 0.111287 0.485914 0.265730 0.620101 0.517093 0.630261 0.480577 1.000000 0.545863 -0.009354 0.117334 0.003490 0.064731 0.273082 -0.019480 0.386284 0.383426 0.351282 0.559428 0.631329 0.745894 0.268381 -0.030301 0.280762 0.478309 -0.458656 0.055518 -0.176035 0.321521 -0.021624 -0.045725 0.113109 -0.012533 0.098425 0.311953 -0.179110 -0.306343 -0.326994 -0.309153 -0.266659 -0.288153 -0.016220 -0.307880 0.033548 -0.251529 0.004309 -0.022123 -0.388976 -0.389933 0.006612 -0.023366 -0.047078 -0.448965 0.252260 0.091182 -0.402933 -0.350351 0.430775 0.357609 -0.565347 -0.486345 0.025948 -0.123876 0.295391 0.121259 -0.077368 0.007206 0.024754 0.441552 0.001684 -0.011260 -0.022535 -0.039868 0.011811 -0.143326 0.715106 0.395156 0.472969 0.205853 0.558412 0.574866 0.447687 0.116958 -0.091382 -0.108522 0.031858 -0.058835 0.008542 -0.184314 -0.114402 -0.010017 -0.556940 -0.393948 -0.319106 -0.381425 -0.336131 -0.421841 -0.323471 -0.075243 0.156070 0.137221 -0.044632 -0.020625 -0.132917 -0.078761 -0.230050 0.031421 0.161492 -0.018536
0.128947 0.022462 0.022486 0.217879 -0.027805 0.473570 0.194791 0.269874 -0.051917 0.441798 0.462676 0.287513 0.441420 0.551283 0.545863 1.000000 -0.040841 0.312596 -0.202763 0.120269 -0.112928 -0.132721 0.333914 0.416485 0.065070 0.375087 0.308051 0.541177 -0.038702 0.017311 -0.217746 0.120518 -0.494816 -0.108626 -0.089464 0.250088 -0.105475 0.190897 0.399597 0.198827 0.121883 0.118230 -0.290249 -0.322224 -0.297747 -0.278517 -0.397752 -0.451294 -0.004339 -0.212474 0.226854 -0.102641 0.068929 -0.165703 0.091010 -0.125997 0.194406 -0.135965 -0.109829 -0.305902 0.165969 0.247214 -0.188375 -0.025791 0.376638 0.449465 -0.608400 -0.352688 -0.275626 -0.157533 0.123679 -0.181121 -0.164259 -0.121488 -0.080037 0.308562 0.078665 0.080982 0.255971 0.046051 -0.090616 -0.110602 0.566605 0.565140 0.320300 0.202783 0.166812 0.453722 0.451049 0.406577 -0.143871 -0.377218 0.096837 -0.116505 0.093958 -0.072529 -0.112490 -0.020793 -0.512808 -0.170504 -0.099551 -0.181373 -0.082266 -0.287860 -0.135433 0.045498 -0.098907 -0.197161 -0.163936 0.102936 -0.196308 -0.180788 -0.107209 0.179610 0.222338 -0.026743
0.210993 -0.107003 -0.491977 -0.260316 -0.493213 -0.281372 -0.287377 -0.369431 -0.271336 -0.338501 0.338613 0.196819 0.046588 0.068066 -0.009354 -0.040841 1.000000 0.631912 -0.313657 -0.378007 0.340193 -0.033711 -0.238509 -0.249113 -0.257062 0.027364 0.046295 -0.060009 0.732630 0.540632 0.227143 0.194515 0.192685 0.365024 -0.191419 -0.365849 0.496487 0.090056 -0.090352 -0.250161 0.095244 0.269294 0.223065 -0.011031 0.036103 -0.197945 0.206463 -0.240922 -0.001639 0.111537 -0.051382 0.091898 0.096940 0.281506 -0.192631 -0.234385 0.354834 0.414387 -0.042395 -0.226356 0.127359 -0.093198 0.640334 0.532510 -0.060602 -0.159241 -0.171304 -0.404341 -0.063121 -0.370417 0.027566 0.120996 0.627311 0.330848 0.485166 0.280248 0.455834 0.118285 0.346187 0.274709 0.778126 0.769800 0.048128 0.146740 0.406462 0.324109 0.123310 -0.015516 -0.216341 -0.192622 -0.117191 -0.156869 -0.484230 -0.443790 -0.256451 0.070182 -0.089562 -0.126134 -0.013126 0.016669 -0.129540 -0.383968 -0.051161 -0.237584 -0.026978 -0.225544 -0.196491 0.144599 -0.000213 -0.149226 -0.366291 -0.221577 -0.118834 -0.005341 -0.129010 -0.083277
-0.057512 -0.200200 -0.540565 -0.401756 -0.208672 -0.190679 -0.260914 -0.377163 -0.153868 0.000282 0.322725 0.130694 0.131559 0.290874 0.117334 0.312596 0.631912 1.000000 -0.506760 -0.334079 -0.034963 -0.406748 -0.264758 -0.244004 -0.187726 -0.173215 -0.060892 -0.079277 0.380933 0.563419 -0.157309 -0.096142 0.033246 0.292762 -0.280676 -0.140941 0.254369 0.238956 -0.106034 -0.085191 -0.053985 0.135734 0.326418 0.136159 0.198214 -0.076321 0.276024 -0.214057 0.299173 0.247266 0.239290 0.313276 0.498407 0.449243 0.122541 0.008411 0.069960 0.054524 0.224538 -0.060215 0.342967 0.317395 0.432251 0.565851 -0.000254 0.134932 -0.206506 -0.449620 -0.376193 -0.528673 -0.119743 -0.067978 0.402787 0.159106 0.281705 0.281501 0.496222 0.018253 0.321122 0.353330 0.431225 0.560901 0.068640 0.251184 0.279087 0.161340 0.095821 0.093394 -0.177756 0.053976 0.008898 -0.281034 -0.560595 -0.447922 -0.097951 0.197506 0.097380 -0.057485 -0.025069 0.011435 -0.249676 -0.451531 0.020458 -0.392534 0.006597 -0.152117 -0.162335 -0.045299 0.051398 0.033239 -0.312310 -0.109975 -0.029169 0.109172 -0.047542 -0.156464
0.290171 0.189534 0.532358 0.507277 -0.028797 0.007109 0.307400 0.391019 -0.060501 -0.210241 -0.018947 0.148948 -0.111623 -0.242891 0.003490 -0.202763 -0.313657 -0.506760 1.000000 0.528444 0.235780 0.186350 0.271653 0.155458 -0.030371 0.090993 0.060093 0.157622 -0.106807 -0.141257 0.347760 0.292075 0.173613 0.226744 0.169117 -0.094371 -0.157974 -0.250750 0.128039 -0.070936 0.208900 -0.039075 -0.410345 -0.329151 -0.381592 -0.286629 -0.414866 -0.268920 -0.565432 -0.514954 -0.131886 -0.515645 -0.494419 -0.332419 -0.218453 -0.313159 0.026252 -0.129328 -0.341832 -0.288883 0.077494 -0.410973 -0.139362 -0.306330 0.312360 -0.274109 0.026373 0.087309 0.195261 0.137691 0.212434 0.080356 -0.192728 0.109090 -0.062022 0.046770 -0.031477 0.255980 0.072844 -0.210508 -0.200098 -0.188719 0.116500 -0.017190 0.183910 0.224471 -0.070771 -0.098163 0.198917 -0.015427 -0.182148 0.023789 0.345148 -0.009699 0.090065 0.006235 -0.231424 0.130805 -0.213850 0.171240 0.193575 0.276562 0.008175 0.093512 0.055763 0.162567 -0.055468 -0.092723 0.288987 0.247144 0.076216 -0.066980 0.120886 0.086705 0.260231 0.319757
-0.133709 0.060155 0.431995 0.494012 0.115990 0.230604 0.112790 0.360220 -0.047589 0.076429 -0.053495 -0.018329 0.150517 -0.005574 0.064731 0.120269 -0.378007 -0.334079 0.528444 1.000000 -0.214224 -0.100637 0.241700 0.276669 0.038538 0.154093 -0.106953 0.174374 -0.349545 0.009833 0.081266 0.133611 -0.187371 -0.134768 0.077905 0.158898 -0.366835 0.081239 0.072382 0.237691 0.178562 -0.103065 -0.431368 -0.281529 -0.233933 0.015631 -0.463021 -0.119894 -0.447794 -0.363013 0.092048 -0.443608 -0.387604 -0.393778 -0.058311 -0.217060 -0.059731 -0.403669 -0.463621 -0.099817 -0.064626 -0.272842 -0.179929 -0.199329 0.117690 -0.226505 -0.113315 0.231321 -0.033811 0.331885 0.299807 -0.238834 -0.242522 0.286456 -0.226071 0.197039 -0.085603 0.346332 0.136860 -0.037426 -0.389385 -0.325399 0.364640 0.256840 -0.114628 0.061833 0.066632 0.184744 0.131256 0.142190 -0.047959 0.067287 0.488308 0.230155 0.360831 -0.050204 -0.240703 0.131212 -0.137159 0.245169 0.094300 0.301155 0.017295 0.159315 0.013031 0.083345 0.167592 -0.416421 -0.059402 0.360122 0.360353 -0.023143 0.177592 0.443638 0.397426 0.329253
0.379277 0.265963 0.014843 0.011638 -0.144674 0.099893 0.164468 -0.035504 0.172851 -0.233218 0.288808 0.426421 0.018889 -0.135567 0.273082 -0.112928 0.340193 -0.034963 0.235780 -0.214224 1.000000 0.518727 0.060753 -0.012252 0.139725 0.328609 0.491882 0.313514 0.467601 -0.048385 0.616270 0.495943 0.033387 0.211245 -0.212012 -0.283447 0.244155 -0.372525 0.113363 -0.257743 0.225354 0.236316 -0.140336 -0.303383 -0.215634 -0.325551 -0.100691 -0.173659 -0.165000 -0.176228 -0.319371 -0.162620 -0.162771 0.067616 -0.529117 -0.440955 0.112549 0.611301 -0.014361 -0.276235 -0.002549 -0.191054 -0.030632 -0.085646 0.140712 -0.112975 -0.147523 -0.299637 0.301432 -0.087308 0.180515 0.398017 0.078376 0.032513 0.197451 0.122518 0.003738 -0.078871 -0.049983 -0.151253 0.357730 0.256595 0.189541 -0.159503 0.468992 0.216694 0.268842 -0.009202 0.167580 -0.257418 -0.203243 -0.031799 -0.085898 -0.132712 -0.326304 -0.182678 -0.041524 -0.131503 -0.202753 -0.306591 -0.069464 -0.184743 -0.254248 -0.160906 -0.151732 -0.061483 -0.190568 0.299044 0.031164 -0.293547 -0.299238 0.003382 -0.097346 -0.322515 -0.129930 -0.028854
0.317170 0.524038 -0.011383 -0.054345 -0.070342 0.180207 0.007588 -0.041030 -0.032197 -0.262290 -0.111476 0.130077 -0.183570 -0.286363 -0.019480 -0.132721 -0.033711 -0.406748 0.186350 -0.100637 0.518727 1.000000 -0.131280 -0.077314 0.073408 0.319516 0.356491 0.183446 0.159248 -0.356400 0.442407 0.380423 0.238780 0.077724 0.002384 -0.151968 0.183457 -0.162599 0.432929 0.162964 0.402463 0.294990 -0.307278 -0.282660 -0.138474 -0.206061 -0.059989 0.009584 -0.170817 -0.138486 -0.362124 -0.094948 -0.288332 -0.154179 -0.128402 0.034652 0.178481 0.607040 0.055065 0.040904 -0.186457 -0.016665 0.018456 -0.041140 -0.095034 -0.065402 0.065663 -0.017551 0.489059 0.342188 -0.025887 0.513444 -0.034310 -0.199966 0.162098 -0.110991 -0.325664 -0.144092 -0.119794 -0.190197 0.167952 -0.046636 -0.018209 -0.221052 0.089154 -0.070708 -0.008480 -0.162652 0.060169 -0.233429 -0.229989 -0.026571 0.105704 0.028852 -0.353734 -0.312921 0.157964 -0.152891 -0.143930 -0.185413 0.003559 0.132034 -0.204338 0.020688 -0.305179 -0.158715 -0.141911 0.186407 -0.025003 -0.432615 -0.182131 -0.145991 -0.195738 -0.369338 -0.246430 -0.226408
0.122950 -0.231586 0.593509 0.744655 0.001680 0.474686 0.526221 0.563761 0.112261 0.449187 0.382834 0.227651 0.518978 0.379332 0.386284 0.333914 -0.238509 -0.264758 0.271653 0.241700 0.060753 -0.131280 1.000000 0.823170 0.434026 0.569188 0.201992 0.538166 -0.135989 -0.196387 -0.140119 0.091139 -0.437349 -0.237838 0.118038 0.132077 -0.112611 -0.104083 0.208032 -0.124716 0.135638 -0.125443 -0.448030 -0.435516 -0.523972 -0.363784 -0.596161 -0.278613 -0.421745 -0.531601 -0.159431 -0.398646 -0.299285 -0.403136 -0.182402 -0.294638 0.078525 -0.276982 -0.342265 -0.483056 -0.058436 -0.332709 -0.447408 -0.524711 0.395677 0.058411 -0.412556 -0.144461 -0.044273 0.055856 0.173756 -0.342154 -0.362968 0.083771 -0.137159 -0.043911 -0.133384 0.111719 -0.190727 -0.030727 -0.255943 -0.123188 0.405959 0.272172 0.305008 0.345387 0.309192 0.416713 0.553998 0.434737 -0.055041 0.010123 0.471949 0.204214 0.096391 -0.059821 -0.402308 0.132906 -0.464090 -0.131654 0.128168 0.177123 -0.159890 0.088960 -0.046873 0.327216 0.025853 0.010787 0.003303 0.122357 0.124343 0.080037 -0.148241 -0.001436 0.234789 0.361014
0.129280 -0.119872 0.345667 0.769032 -0.176818 0.625160 0.214324 0.505213 -0.134773 0.416068 0.316524 0.431109 0.399325 0.366718 0.383426 0.416485 -0.249113 -0.244004 0.155458 0.276669 -0.012252 -0.077314 0.823170 1.000000 0.231525 0.658535 0.159979 0.658447 -0.205998 -0.155571 -0.224758 0.176595 -0.392474 -0.336352 0.132375 0.164596 0.057037 0.195005 0.355186 -0.011560 0.206798 -0.199786 -0.487697 -0.444694 -0.666111 -0.506950 -0.640086 -0.350103 -0.492797 -0.632030 -0.176802 -0.464387 -0.324920 -0.438370 -0.144480 -0.209324 0.250268 -0.190905 -0.460849 -0.489139 -0.185280 -0.317258 -0.429896 -0.468396 0.417050 0.228091 -0.567708 -0.203160 0.026841 0.081264 0.217063 -0.225182 -0.387199 0.123534 -0.153839 0.202651 -0.016998 0.291339 -0.034361 0.218382 -0.262839 -0.087771 0.378548 0.287988 0.310507 0.489856 0.192319 0.441103 0.503128 0.513455 -0.185885 -0.061283 0.555821 0.193625 0.203891 0.044907 -0.224101 0.222689 -0.603678 -0.001481 0.048745 0.113581 -0.142156 0.065976 0.048796 0.427341 0.109152 -0.073052 0.054837 0.216977 0.171978 0.186134 -0.129469 0.120279 0.427573 0.212876
0.108393 0.172976 0.325786 0.195540 0.519890 0.494144 0.489643 0.207319 0.601790 0.525321 0.083562 -0.156083 0.370564 0.231761 0.351282 0.065070 -0.257062 -0.187726 -0.030371 0.038538 0.139725 0.073408 0.434026 0.231525 1.000000 0.365335 0.585183 0.183109 -0.181327 -0.411495 0.048380 -0.078416 -0.219056 -0.294714 -0.121927 0.179874 -0.250863 -0.221021 0.037466 0.080860 -0.167758 0.152215 -0.254923 -0.261811 -0.001667 0.100736 -0.177742 0.152851 0.107896 0.007011 -0.160308 0.084046 0.018715 -0.059450 -0.114933 -0.098044 -0.073825 0.035863 0.336471 0.130601 0.104584 0.253605 -0.335715 -0.300563 -0.068092 0.206075 0.064427 -0.085843 0.267008 0.239332 0.228897 -0.198107 -0.115737 -0.223728 -0.054764 -0.259961 -0.464113 -0.476559 -0.611704 -0.265647 -0.256060 -0.354770 0.213727 -0.141545 -0.137696 -0.359350 0.512322 0.188188 0.248137 0.114558 0.075573 0.051420 0.243433 0.351110 -0.321255 -0.390636 -0.194701 -0.355125 -0.074212 -0.447214 0.123920 0.199680 -0.319692 0.200052 -0.448703 -0.268789 -0.029666 0.291904 -0.124578 -0.309314 -0.107306 -0.092648 -0.121101 -0.234097 -0.195781 -0.126696
0.345244 0.181225 0.131704 0.533778 -0.128857 0.745327 0.135439 0.224707 -0.003191 0.190572 0.410100 0.475791 0.457016 0.368547 0.559428 0.375087 0.027364 -0.173215 0.090993 0.154093 0.328609 0.319516 0.569188 0.658535 0.365335 1.000000 0.525428 0.792530 0.171886 -0.169324 0.146245 0.452441 -0.295816 -0.150895 0.020300 0.147259 0.129016 0.115871 0.345488 0.073020 0.369803 0.221766 -0.454680 -0.504633 -0.528550 -0.468391 -0.494995 -0.377384 -0.360773 -0.491961 -0.214946 -0.377502 -0.302137 -0.442747 -0.316431 -0.279870 0.384071 0.152525 -0.190964 -0.372538 -0.075957 -0.153207 -0.187735 -0.260176 0.307653 0.206770 -0.453786 -0.395542 0.299954 0.074401 0.405476 0.023168 -0.206776 0.120923 0.041027 0.258659 -0.090469 0.132984 -0.021240 0.062136 0.059954 -0.029092 0.508255 0.278060 0.388120 0.370306 0.345568 0.371468 0.350238 0.197598 -0.250206 -0.177339 0.370086 0.026954 -0.094172 -0.246233 -0.228672 -0.018341 -0.608229 -0.281476 -0.090635 -0.057606 -0.276337 -0.061992 -0.265223 0.027641 0.021873 0.035488 -0.035601 -0.136786 -0.119291 -0.193682 -0.262761 -0.050119 0.139158 -0.000713
0.441921 0.324114 0.144101 0.092010 0.275220 0.538208 0.382165 0.167563 0.463094 0.165767 0.427468 0.356204 0.353969 0.225933 0.631329 0.308051 0.046295 -0.060892 0.060093 -0.106953 0.491882 0.356491 0.201992 0.159979 0.585183 0.525428 1.000000 0.542470 0.204761 -0.270969 0.432687 0.408166 -0.173527 0.017914 -0.060757 0.170362 0.016611 -0.177839 0.258177 0.029744 0.051073 0.484775 -0.257482 -0.382754 -0.205638 -0.163009 -0.269815 -0.254678 0.015333 -0.159542 -0.158648 -0.111559 -0.097235 -0.044518 -0.402108 -0.368181 0.172960 0.271383 0.106142 -0.233711 0.156969 0.184012 -0.166452 -0.200042 0.298109 0.367847 -0.251271 -0.357585 0.262222 0.046143 0.401852 0.229206 0.042422 -0.159371 0.124201 0.213576 -0.207833 -0.232823 -0.144881 -0.263061 0.142652 -0.151797 0.478577 0.012204 0.378548 0.020048 0.454652 0.258962 0.376240 -0.083047 -0.249875 -0.234667 0.017516 -0.062839 -0.287890 -0.388083 -0.207540 -0.311585 -0.472398 -0.582262 -0.070064 -0.244034 -0.466332 -0.223941 -0.483307 -0.291059 -0.101577 0.305067 -0.068604 -0.298865 -0.400961 -0.239494 -0.268084 -0.254161 -0.079903 -0.249714
0.300587 0.116024 0.174826 0.481051 -0.075243 0.749198 0.189348 0.284790 0.066276 0.160921 0.578145 0.667618 0.489953 0.429560 0.745894 0.541177 -0.060009 -0.079277 0.157622 0.174374 0.313514 0.183446 0.538166 0.658447 0.183109 0.792530 0.542470 1.000000 0.184946 -0.075872 0.181661 0.587434 -0.426264 -0.006417 -0.091775 0.228930 0.049150 0.061853 0.307952 -0.025064 0.289554 0.238637 -0.371072 -0.455097 -0.550472 -0.503797 -0.518737 -0.546527 -0.287973 -0.496344 -0.070516 -0.434412 -0.200831 -0.303922 -0.382436 -0.391173 0.273457 0.035334 -0.255850 -0.535750 0.051725 -0.100696 -0.275470 -0.331306 0.546462 0.350489 -0.627311 -0.510297 0.095421 -0.111698 0.299678 0.074173 -0.228686 0.050436 -0.057953 0.430732 0.016529 0.197856 0.208862 0.048616 0.030800 -0.006174 0.710958 0.425317 0.594070 0.515207 0.423491 0.563178 0.494842 0.233647 -0.274423 -0.294755 0.223076 -0.164910 0.073637 -0.102349 -0.277252 0.128268 -0.761658 -0.298839 -0.275161 -0.312888 -0.337858 -0.374245 -0.115079 0.136597 0.017563 -0.018457 0.043850 0.055251 -0.174883 -0.120334 -0.226637 -0.005412 0.310872 -0.023969
0.179042 -0.098900 -0.275408 -0.282301 -0.324813 -0.189013 -0.034504 -0.429544 -0.022435 -0.518693 0.419769 0.344055 0.202081 0.109273 0.268381 -0.038702 0.732630 0.380933 -0.106807 -0.349545 0.467601 0.159248 -0.135989 -0.205998 -0.181327 0.171886 0.204761 0.184946 1.000000 0.518036 0.492752 0.547276 0.284602 0.590379 -0.128733 -0.197736 0.606384 -0.017663 0.036293 -0.158758 0.317747 0.357675 0.106184 -0.109900 -0.055926 -0.337385 0.201372 -0.295591 -0.033143 -0.034007 -0.079709 -0.091510 -0.096144 0.156388 -0.326171 -0.193429 0.132628 0.376896 0.036010 -0.368546 0.248904 -0.180344 0.392447 0.248839 0.122501 -0.166328 -0.208420 -0.509246 0.036684 -0.207438 0.024306 0.502464 0.666719 0.193193 0.477460 0.342942 0.353535 0.176001 0.331618 0.200501 0.810050 0.589773 0.178463 0.209827 0.533130 0.437366 0.141047 0.128369 -0.002139 -0.197001 -0.282958 -0.151195 -0.500073 -0.453352 -0.283642 0.010732 0.061114 -0.019355 -0.156732 -0.062078 -0.299716 -0.521433 -0.222992 -0.434074 -0.170463 -0.238337 -0.198503 0.220934 0.091899 -0.210408 -0.372007 -0.186998 -0.283191 -0.166424 -0.234592 -0.178073
-0.280313 -0.487012 -0.251833 -0.230192 -0.347840 -0.342113 -0.199822 -0.238405 -0.283172 -0.275267 0.287996 0.234548 0.095537 0.194010 -0.030301 0.017311 0.540632 0.563419 -0.141257 0.009833 -0.048385 -0.356400 -0.196387 -0.155571 -0.411495 -0.169324 -0.270969 -0.075872 0.518036 1.000000 0.159318 0.212000 0.201372 0.540158 -0.137929 -0.135062 0.291604 0.228916 -0.228694 -0.318437 0.112838 0.020297 0.282023 0.255373 0.185528 -0.032003 0.273604 -0.342234 -0.015623 0.107447 0.305590 0.041616 -0.012554 0.200636 -0.108813 -0.052202 -0.129373 -0.177280 -0.155233 -0.312986 0.094685 -0.261565 0.469100 0.336027 0.165955 -0.155845 -0.157466 -0.240436 -0.493132 -0.381356 -0.083502 0.043438 0.614686 0.503070 0.352577 0.372840 0.612665 0.448346 0.475618 0.454770 0.450853 0.681884 0.069695 0.348757 0.274058 0.472872 -0.081381 0.062005 -0.278169 -0.036895 -0.204283 -0.208101 -0.421384 -0.400025 0.084491 0.379732 0.004629 0.135763 -0.059260 0.332476 -0.159715 -0.339576 0.044539 -0.328134 0.208023 0.015034 -0.245997 -0.308357 0.289039 0.221074 -0.144505 -0.020114 0.111444 0.104636 0.089638 -0.088961
0.106882 0.284904 0.204787 -0.055020 0.113800 -0.081820 0.166209 0.046257 0.321692 -0.402106 0.257614 0.354749 0.039556 -0.137998 0.280762 -0.217746 0.227143 -0.157309 0.347760 0.081266 0.616270 0.442407 -0.140119 -0.224758 0.048380 0.146245 0.432687 0.181661 0.492752 0.159318 1.000000 0.751750 0.100961 0.442653 -0.011647 -0.017534 0.064610 -0.312478 -0.096905 -0.138648 0.341443 0.358181 -0.166104 -0.256643 -0.177894 -0.094696 -0.064057 -0.107640 -0.271112 -0.229205 -0.208905 -0.320674 -0.311134 0.014340 -0.602520 -0.542058 -0.128109 0.329969 -0.149535 -0.260682 0.161335 -0.176368 0.087396 -0.088977 0.234722 -0.061555 -0.017169 0.016183 0.285133 0.175324 0.155512 0.565287 0.311731 0.125499 0.165274 0.246544 -0.044097 0.099011 0.012517 -0.175345 0.274999 0.089121 0.265942 0.035099 0.301415 0.102778 0.140066 -0.016022 0.008766 -0.480348 -0.124555 0.059854 -0.054724 -0.106562 -0.237246 -0.222535 -0.159172 -0.196048 -0.171253 -0.211409 -0.164100 -0.241871 -0.329003 -0.233397 -0.316569 -0.364153 -0.091427 0.081060 -0.064371 -0.164362 -0.155882 -0.064663 -0.210215 -0.266220 -0.138653 -0.006879
0.107070 0.121954 0.083910 0.179182 -0.125654 0.222172 0.025138 0.068719 0.050107 -0.307183 0.459969 0.631470 0.181979 0.052295 0.478309 0.120518 0.194515 -0.096142 0.292075 0.133611 0.495943 0.380423 0.091139 0.176595 -0.078416 0.452441 0.408166 0.587434 0.547276 0.212000 0.751750 1.000000 -0.095621 0.399218 0.035009 0.102825 0.244386 0.032830 0.202318 -0.053872 0.540802 0.266321 -0.313177 -0.367336 -0.420127 -0.393375 -0.235985 -0.371198 -0.401435 -0.425187 -0.193034 -0.461471 -0.389198 -0.088994 -0.568273 -0.456475 0.056548 0.232760 -0.312754 -0.477211 0.091165 -0.286326 -0.018688 -0.177004 0.532946 0.043664 -0.405430 -0.228900 0.192543 0.118305 0.155343 0.608883 0.163474 0.156082 0.115784 0.495818 0.162191 0.390225 0.289951 0.028662 0.324345 0.180813 0.518287 0.374821 0.588174 0.510434 0.169330 0.289767 0.245184 -0.217399 -0.372808 -0.150689 -0.010292 -0.259211 -0.105014 -0.137549 -0.133653 0.081899 -0.516907 -0.081909 -0.381047 -0.446607 -0.390869 -0.458345 -0.250102 -0.121944 -0.079340 -0.025635 -0.038751 -0.020922 -0.226513 -0.030561 -0.215664 -0.192456 0.097367 -0.076080
0.178863 0.123826 -0.265534 -0.283591 -0.334235 -0.371840 -0.168970 -0.370075 -0.323116 -0.519932 -0.370241 -0.115096 -0.414219 -0.379080 -0.458656 -0.494816 0.192685 0.033246 0.173613 -0.187371 0.033387 0.238780 -0.437349 -0.392474 -0.219056 -0.295816 -0.173527 -0.426264 0.284602 0.201372 0.100961 -0.095621 1.000000 0.554737 0.127589 -0.403265 0.395519 0.109804 0.069870 0.052983 0.048381 0.054388 0.099896 0.142650 0.188894 -0.149880 0.339515 -0.069237 0.004925 0.099415 0.082018 0.139647 -0.131937 0.027613 0.079521 0.343225 0.028800 0.231115 0.250731 0.150982 0.083871 -0.025443 0.524536 0.437061 -0.195623 -0.142691 0.459200 -0.090260 0.087837 -0.019508 -0.140792 0.259221 0.490520 -0.000072 0.416071 -0.154250 0.218539 0.026824 0.218763 0.231303 0.439425 0.292793 -0.513720 -0.378604 -0.042589 0.023917 -0.416145 -0.484592 -0.347302 -0.228404 -0.291052 -0.143411 -0.325272 -0.271596 -0.141897 0.138821 0.307049 0.015253 0.191963 0.190942 0.107968 -0.042020 -0.002143 0.015129 0.049853 -0.111761 -0.224627 0.162029 0.347684 -0.103046 -0.160940 -0.176332 0.013294 -0.075995 -0.222515 -0.237216
0.122705 -0.062317 -0.089664 -0.238234 -0.220305 -0.331994 0.056454 -0.205316 -0.163482 -0.407225 0.278686 0.294805 0.041167 0.038137 0.055518 -0.108626 0.365024 0.292762 0.226744 -0.134768 0.211245 0.077724 -0.237838 -0.336352 -0.294714 -0.150895 0.017914 -0.006417 0.590379 0.540158 0.442653 0.399218 0.554737 1.000000 0.038210 -0.161402 0.202445 -0.021736 -0.036517 -0.292580 0.181894 0.303781 0.230228 0.133482 0.104152 -0.195371 0.244730 -0.436626 -0.021207 0.023914 0.243479 -0.045979 -0.062901 0.138607 -0.190909 -0.079801 -0.148563 0.014093 0.076581 -0.282057 0.352319 -0.070746 0.477920 0.308237 0.237089 0.019825 0.059498 -0.363636 -0.142402 -0.375488 -0.021075 0.327049 0.524865 0.219875 0.457694 0.203107 0.458618 0.212210 0.448427 0.069758 0.523169 0.457254 0.014526 0.128486 0.433885 0.341502 -0.106807 -0.165140 -0.150006 -0.216494 -0.309908 -0.365185 -0.587752 -0.617050 -0.042046 0.147437 -0.031425 0.140929 -0.218858 0.026910 -0.220600 -0.474423 -0.242340 -0.532153 -0.037248 -0.139815 -0.361742 -0.092206 0.269562 0.026641 -0.320588 -0.286062 -0.057246 -0.181167 -0.045346 -0.104681
0.156035 -0.142209 0.356633 0.096799 -0.021627 -0.089051 0.220730 0.360884 -0.123876 -0.094312 0.019641 0.035841 0.108154 0.009186 -0.176035 -0.089464 -0.191419 -0.280676 0.169117 0.077905 -0.212012 0.002384 0.118038 0.132375 -0.121927 0.020300 -0.060757 -0.091775 -0.128733 -0.137929 -0.011647 0.035009 0.127589 0.038210 1.000000 0.427204 0.081421 0.387172 0.245550 0.277053 0.308055 -0.016490 -0.163514 -0.019189 -0.345582 -0.066878 -0.218949 -0.033582 -0.389278 -0.364765 -0.195142 -0.433338 -0.350237 -0.315936 0.088879 -0.098186 0.036246 -0.259111 -0.352685 -0.258896 -0.014448 -0.166458 -0.019460 0.014695 0.241090 0.091984 -0.024555 0.260815 0.001776 0.251322 0.220414 0.130648 0.004096 0.125897 -0.000867 -0.024328 0.079062 0.502238 0.029921 0.137440 -0.109585 -0.158696 -0.194178 -0.152620 -0.016153 0.086022 -0.418537 -0.029964 0.179179 0.052329 -0.125466 0.089268 0.243063 0.136987 0.269447 0.241776 -0.032917 0.340148 -0.163704 0.233157 0.129432 0.019367 -0.284987 -0.028658 -0.093271 0.074370 0.051549 -0.309209 0.181951 0.368774 0.406976 0.022050 -0.087722 -0.038588 0.382221 0.086223
-0.193509 -0.144849 0.326874 -0.107557 0.462948 0.264368 0.288537 0.255924 0.300893 0.288193 0.276237 -0.067270 0.417967 0.352600 0.321521 0.250088 -0.365849 -0.140941 -0.094371 0.158898 -0.283447 -0.151968 0.132077 0.164596 0.179874 0.147259 0.170362 0.228930 -0.197736 -0.135062 -0.017534 0.102825 -0.403265 -0.161402 0.427204 1.000000 -0.229337 0.285934 0.061697 0.229280 0.156647 0.126118 -0.098298 -0.063632 -0.153283 0.230177 -0.305697 0.044633 -0.043907 -0.139938 -0.165882 -0.271738 -0.026322 -0.085850 -0.018525 -0.106095 -0.080375 -0.316184 -0.066225 -0.128808 0.222568 0.193397 -0.338979 -0.290599 0.262575 0.327421 -0.177015 0.179997 0.047945 0.303327 0.131935 -0.010591 -0.131561 -0.168963 -0.318247 0.073292 -0.179973 0.181780 -0.123524 0.029531 -0.359458 -0.399682 0.208637 0.101671 -0.071167 -0.117268 0.068338 0.376348 0.420326 0.187167 -0.029223 0.180888 0.201018 0.267132 0.285899 -0.045378 -0.215930 0.189637 -0.264118 -0.111283 -0.125480 -0.071565 -0.304642 -0.181426 -0.219434 -0.066209 0.253140 -0.297947 0.055140 0.159732 0.312240 0.087123 -0.259931 -0.037751 0.267430 -0.006555
