1.000000 0.422105 0.346887 0.399992 0.151523 0.017576 0.160635 0.095895 0.026333 -0.038075 0.208261 -0.214759 -0.052515 -0.167165 -0.097764 -0.244308 0.301695 -0.247878 0.689334 0.357124 -0.254813 -0.487681 0.158727 0.095706 0.091206 0.130444 0.085984 0.014123 0.004610 -0.341439 0.007322 0.007836 0.626548 0.479400 -0.101135 -0.018023 -0.306058 -0.569953 -0.473301 -0.448911 -0.388872 -0.368499 -0.029198 0.113382 0.108078 0.142922 -0.199326 -0.001255 0.010233 0.195888 -0.217329 0.073113 -0.337837 -0.186685 -0.445398 -0.384803 0.871649 0.440534 -0.032164 -0.019188 0.199727 -0.043092 0.560802 0.427089 -0.050756 -0.065867 0.057294 -0.104447 0.424968 -0.177440 -0.132502 -0.390643 -0.040161 -0.378424 -0.084649 -0.207536 0.080280 -0.340508 0.250194 -0.218743 0.199789 -0.228856 -0.198117 -0.035414 -0.230868 -0.353260 0.107253 -0.030432 -0.319890 -0.244193 0.024119 -0.154099 -0.225635 -0.261441 -0.420093 -0.098676 -0.352919 -0.460305 0.008846 -0.087624 -0.132485 -0.123979 -0.198948 -0.053981 -0.356366 -0.356069 -0.072668 -0.106611 -0.190114 -0.135758 -0.210975 -0.166121 -0.067364 -0.248970 -0.263642 -0.372312
0.422105 1.000000 -0.089928 0.262999 0.423773 0.591670 -0.355793 0.314508 -0.376028 0.478094 -0.326508 0.394093 -0.150714 0.497575 -0.231493 0.413097 -0.465459 -0.259330 0.543249 0.541356 0.196525 -0.084590 -0.142748 -0.017341 0.471350 0.640743 0.325104 0.409873 -0.470902 0.211606 0.250328 0.226721 0.627102 0.715611 -0.064305 0.282310 -0.281435 -0.112006 -0.304242 -0.009034 -0.316909 0.030763 -0.119720 -0.230853 -0.375420 -0.410481 -0.058020 -0.150073 -0.154059 -0.477156 0.050120 -0.520891 -0.009933 -0.228293 -0.232473 -0.066001 0.315874 0.667986 0.027122 -0.012960 0.082206 -0.159151 -0.215574 -0.247576 -0.054935 -0.610191 0.080548 -0.076371 0.632823 0.289093 -0.156390 0.225452 -0.393760 0.148040 -0.267317 0.193261 -0.280209 -0.119762 -0.363665 -0.469782 -0.429968 -0.314263 -0.222267 0.253370 -0.441108 -0.636146 0.163852 0.078454 -0.285333 0.074519 0.114743 0.179882 -0.008426 -0.225556 -0.007648 -0.040352 -0.092337 -0.077944 0.067706 0.070163 0.193163 -0.070896 0.125535 -0.047641 -0.106504 -0.152913 -0.013495 -0.157220 -0.063717 -0.064553 -0.082647 -0.038416 0.001244 0.099370 -0.007089 -0.113672
0.346887 -0.089928 1.000000 0.745725 0.242288 -0.071568 0.819998 0.605772 0.191137 0.256599 0.560483 -0.031766 0.524162 -0.030587 0.516838 0.057507 0.515111 -0.076264 0.334533 -0.051543 0.167543 0.063633 0.812872 0.510421 0.042212 -0.110574 0.364420 0.205759 0.515391 -0.176882 0.162779 0.282127 -0.036476 0.164675 -0.136319 -0.222157 -0.094602 -0.640890 -0.110721 -0.420060 -0.023340 -0.241214 -0.351282 -0.134462 -0.192803 0.102734 -0.410537 -0.155333 -0.195943 0.157822 -0.521937 -0.039286 -0.513172 -0.397823 -0.236140 -0.667593 0.153323 -0.140521 -0.038418 0.093241 0.092211 -0.076263 0.386251 0.068748 0.059595 0.281719 0.047296 0.014773 0.096751 -0.130675 0.486063 -0.024865 0.439927 -0.180169 0.338844 -0.132820 0.209791 -0.207637 0.306124 -0.078773 0.386713 -0.298542 0.149076 -0.131435 0.208037 -0.308210 0.287602 -0.139385 0.147858 -0.635582 -0.200104 -0.411466 -0.260755 0.103404 -0.563873 -0.454185 -0.536152 -0.649362 -0.464324 -0.535006 -0.689642 -0.020897 -0.573354 -0.310682 -0.431333 -0.350152 -0.060743 -0.258194 -0.378013 -0.368851 -0.377783 -0.416273 -0.412974 -0.628172 -0.399793 -0.396947
0.399992 0.262999 0.745725 1.000000 0.329661 0.209600 0.509411 0.785072 0.066665 0.329643 0.271873 0.150258 0.236097 0.209085 0.205374 0.117586 0.199778 -0.194867 0.529944 0.276476 0.219952 0.078493 0.658958 0.654972 0.233556 0.207743 0.344115 0.274578 0.238180 -0.056655 0.378855 0.481235 0.187726 0.395968 -0.195349 -0.108406 -0.230220 -0.523408 -0.317466 -0.318054 -0.166671 -0.177026 -0.433907 -0.320266 -0.240064 -0.079416 -0.442549 -0.236532 -0.339300 -0.045940 -0.526372 -0.262652 -0.492713 -0.411091 -0.396997 -0.597245 0.245939 0.094778 -0.175475 -0.019292 -0.012016 -0.136048 0.278520 0.000406 -0.039792 0.033416 -0.064872 -0.099097 0.313495 0.042015 0.329820 0.076406 0.179623 -0.087651 0.134396 0.006267 0.015145 -0.241719 0.111963 -0.291366 0.165053 -0.291832 -0.076985 0.135619 -0.079691 -0.405843 0.233168 -0.053845 -0.053356 -0.493052 -0.029557 -0.135701 -0.161432 0.124865 -0.363417 -0.246570 -0.516623 -0.486926 -0.301651 -0.325722 -0.416924 0.157150 -0.400387 -0.109291 -0.370458 -0.214681 -0.149770 -0.376254 -0.226764 -0.314562 -0.342234 -0.298059 -0.249484 -0.397851 -0.265425 -0.434709
0.151523 0.423773 0.242288 0.329661 1.000000 0.655554 0.190366 0.529710 0.053981 0.593142 0.191479 0.246982 0.144774 0.138039 0.410163 0.363991 -0.139439 -0.301174 0.117942 0.017335 0.264724 0.139105 0.269613 0.334891 0.723284 0.564313 0.757758 0.703311 -0.183653 -0.132171 0.113424 0.293961 0.308071 0.553341 -0.050561 0.102217 -0.421602 -0.373192 -0.399155 -0.330478 -0.432734 -0.238315 -0.020281 -0.000701 -0.324682 -0.218072 0.066358 0.132231 -0.298410 -0.332184 0.020753 -0.230934 0.029385 0.048906 0.065976 -0.124192 -0.093730 -0.016573 -0.414103 -0.418978 -0.304280 -0.466658 -0.154043 -0.238941 -0.069491 -0.303741 -0.363253 -0.249202 0.008184 -0.103499 -0.030824 -0.034260 -0.209600 -0.216412 -0.264034 -0.225598 -0.103683 -0.155415 -0.133117 -0.250078 -0.174064 -0.293755 -0.269828 -0.132691 0.002157 -0.189422 0.034692 -0.416145 0.140946 -0.073457 0.152110 0.237375 0.192613 0.163801 -0.291473 -0.182402 -0.059547 -0.147835 0.084371 0.085920 -0.160486 0.051897 -0.378424 -0.370668 -0.429071 -0.310201 -0.254432 -0.352577 -0.037444 0.030970 0.182198 0.089584 0.078472 0.125627 0.029466 -0.263573
0.017576 0.591670 -0.071568 0.209600 0.655554 1.000000 -0.048584 0.421871 -0.059211 0.603042 -0.129521 0.489411 0.057451 0.538169 0.119024 0.581900 -0.465647 -0.240682 0.195258 0.328986 0.376549 0.245506 -0.017905 0.221439 0.601021 0.670770 0.476074 0.610917 -0.376400 0.237593 0.485523 0.563045 0.310154 0.532043 -0.031158 0.163026 -0.319079 -0.120028 -0.349060 -0.168551 -0.374758 -0.137612 -0.111034 -0.349736 -0.382218 -0.422004 0.229861 0.077790 -0.463724 -0.568620 0.043212 -0.509560 0.301967 0.078126 0.082256 0.070957 -0.209584 0.027541 -0.429807 -0.478008 -0.359380 -0.532788 -0.325708 -0.563814 -0.257283 -0.601886 -0.441285 -0.418019 0.096782 -0.002401 -0.194486 0.199766 -0.355132 0.073175 -0.322827 0.012472 -0.260656 -0.089328 -0.474296 -0.269204 -0.405075 -0.277208 -0.147475 0.196325 -0.143429 -0.359980 0.077962 -0.040046 -0.027204 0.140535 0.392557 0.524287 0.456303 0.266559 -0.014369 -0.034104 0.033871 0.145215 0.337765 0.366360 0.221738 0.136141 -0.040801 -0.169725 -0.207718 -0.087705 -0.115244 -0.240058 0.127522 0.072712 0.178191 0.385759 0.327601 0.470995 0.330473 0.015518
0.160635 -0.355793 0.819998 0.509411 0.190366 -0.048584 1.000000 0.508013 0.345908 0.139192 0.643665 -0.072497 0.702921 -0.228557 0.652918 -0.069230 0.668657 0.013007 -0.029846 -0.324206 0.113337 0.034624 0.740427 0.393240 -0.007396 -0.283013 0.278890 0.086899 0.631089 -0.287823 0.130308 0.261678 -0.225855 -0.023779 0.096264 -0.163540 0.054068 -0.617101 -0.040598 -0.562475 0.095184 -0.360304 -0.146363 0.011605 -0.034587 0.260782 -0.132621 0.152552 -0.247229 0.236095 -0.396089 0.131868 -0.244364 -0.125464 0.110315 -0.572286 -0.085102 -0.510080 -0.314546 -0.149741 -0.106361 -0.247330 0.453031 0.101109 -0.052307 0.338291 -0.229998 -0.183719 -0.304881 -0.455324 0.426177 -0.174043 0.559369 -0.306816 0.373352 -0.340110 0.360958 -0.074403 0.348541 0.136714 0.580495 -0.205832 0.232009 -0.352580 0.505805 -0.099464 0.272137 -0.351653 0.330865 -0.641678 -0.047217 -0.266479 -0.100668 0.234826 -0.546190 -0.478874 -0.300156 -0.509035 -0.253990 -0.378250 -0.693141 -0.097473 -0.695297 -0.527763 -0.543294 -0.441295 -0.076616 -0.241933 -0.341095 -0.242935 -0.099470 -0.147245 -0.229572 -0.458214 -0.265770 -0.318608
0.095895 0.314508 0.605772 0.785072 0.529710 0.421871 0.508013 1.000000 0.092157 0.499471 0.268345 0.440182 0.460388 0.377091 0.460157 0.399142 0.099404 -0.044906 0.186623 0.046809 0.478628 0.259344 0.612411 0.564571 0.447320 0.383479 0.608232 0.520442 0.219828 0.109727 0.418691 0.552902 0.090176 0.451143 -0.137251 -0.003348 -0.199346 -0.494626 -0.280633 -0.382900 -0.062680 -0.124178 -0.301228 -0.197509 -0.440747 -0.173620 -0.254930 -0.058803 -0.382724 -0.236087 -0.381609 -0.308604 -0.242608 -0.287100 -0.162276 -0.564126 -0.127807 -0.096878 -0.330500 -0.175221 -0.164545 -0.323255 0.035345 -0.179515 -0.118587 -0.127150 -0.225615 -0.215252 0.045612 -0.064672 0.411349 0.251797 0.225410 0.018341 0.140049 0.000007 0.042404 -0.083811 -0.045959 -0.260648 0.117613 -0.278834 -0.069778 0.052765 0.059517 -0.392537 0.325053 -0.261722 0.138349 -0.582824 0.072236 -0.086348 -0.063507 0.152650 -0.374767 -0.426542 -0.358163 -0.434211 -0.274858 -0.308982 -0.482923 0.040958 -0.563666 -0.375937 -0.485086 -0.348728 -0.099182 -0.480298 -0.312023 -0.304507 -0.129019 -0.210548 -0.235386 -0.312865 -0.166677 -0.380021
0.026333 -0.376028 0.191137 0.066665 0.053981 -0.059211 0.345908 0.092157 1.000000 -0.471034 0.338070 -0.336696 0.322632 -0.269963 0.416526 -0.261167 0.307341 -0.133133 -0.249886 -0.292239 -0.360477 -0.125447 0.210634 0.281799 -0.119971 -0.012004 -0.126499 -0.133586 0.179962 -0.339406 -0.007029 0.028206 -0.235494 -0.172208 -0.191420 -0.344206 -0.091929 -0.191453 -0.146213 -0.208621 -0.097836 -0.239687 0.111807 0.267029 0.126674 0.194309 0.072379 0.331190 -0.118478 0.296436 -0.346649 0.364867 0.064344 0.174932 -0.070010 -0.163146 -0.030166 -0.452049 -0.201893 -0.162574 -0.120896 -0.109274 0.161108 0.286153 -0.305022 0.223471 -0.236868 -0.078031 -0.252198 -0.229290 -0.029869 -0.325199 0.078463 -0.482584 -0.117516 -0.295236 0.119857 -0.214928 0.282912 0.069704 0.318042 0.066472 -0.120536 -0.173892 0.083669 0.208888 0.026614 -0.207493 0.120564 -0.287904 0.332901 0.047505 0.362886 0.354517 -0.175512 -0.167720 -0.014418 -0.115829 0.053246 -0.053115 -0.115117 -0.007430 -0.410054 -0.201075 -0.134424 -0.231829 0.219571 -0.082537 -0.025192 0.141808 0.180347 0.070845 0.143250 -0.060565 -0.099218 -0.230594
-0.038075 0.478094 0.256599 0.329643 0.593142 0.603042 0.139192 0.499471 -0.471034 1.000000 -0.038780 0.541178 0.141525 0.440141 0.234169 0.674573 -0.235746 -0.055751 0.242879 0.279240 0.594249 0.377837 0.145525 0.091819 0.428371 0.238758 0.699489 0.650610 -0.076222 0.299940 0.191842 0.364933 0.167158 0.455087 0.080370 0.255000 -0.153429 -0.220228 -0.066809 -0.061438 -0.141988 0.045212 -0.319357 -0.419680 -0.409675 -0.334170 -0.139560 -0.282150 -0.307338 -0.473735 0.016652 -0.565510 -0.102517 -0.297987 0.124460 -0.139815 -0.183768 0.159023 -0.122872 -0.119661 -0.051039 -0.237760 -0.212222 -0.451461 0.193070 -0.309443 -0.097331 -0.219766 0.123003 0.109467 0.140923 0.362757 -0.032011 0.249880 0.039361 0.147268 -0.166039 -0.020757 -0.304904 -0.259979 -0.248851 -0.319449 0.006260 0.105454 0.013397 -0.422023 0.157994 -0.114771 0.111091 -0.028496 -0.128746 0.048624 -0.117483 0.011384 -0.113159 -0.244447 -0.262933 -0.158178 -0.159211 -0.095350 -0.218406 0.146622 -0.131083 -0.166997 -0.174364 -0.035709 -0.147257 -0.181061 -0.069196 -0.252103 -0.189617 -0.099169 -0.222177 -0.030108 0.114043 0.003618
0.208261 -0.326508 0.560483 0.271873 0.191479 -0.129521 0.643665 0.268345 0.338070 -0.038780 1.000000 0.044981 0.642919 -0.214701 0.673851 -0.129780 0.736712 -0.041627 0.076646 -0.325706 0.070447 0.032354 0.609838 0.223918 -0.044810 -0.166236 0.219482 0.191792 0.712263 -0.264904 0.161239 0.244542 0.087195 0.165703 0.006819 -0.200898 0.102481 -0.362863 -0.073860 -0.495938 0.144665 -0.319222 -0.145103 0.195828 -0.308915 -0.093690 -0.107776 0.139632 -0.396207 -0.005920 -0.363715 0.162514 -0.162458 0.036170 0.089456 -0.409213 0.003000 -0.498746 -0.407736 -0.417367 -0.235116 -0.372383 0.387647 0.207993 -0.161006 0.092869 -0.478337 -0.406748 -0.273626 -0.401343 0.299130 -0.205884 0.476818 -0.281435 0.296373 -0.256255 0.543674 -0.028085 0.498370 0.137732 0.559065 0.084349 0.272353 -0.334154 0.486406 0.260405 0.187814 -0.326919 0.423855 -0.507929 -0.158862 -0.244089 -0.181848 -0.018213 -0.312285 -0.228725 -0.131578 -0.233951 -0.131579 -0.161146 -0.601723 -0.313727 -0.651105 -0.535644 -0.559518 -0.515574 -0.210583 -0.123246 -0.253815 -0.016740 0.110257 -0.063181 -0.076747 -0.281920 -0.247956 -0.321168
-0.214759 0.394093 -0.031766 0.150258 0.246982 0.489411 -0.072497 0.440182 -0.336696 0.541178 0.044981 1.000000 0.215886 0.621119 0.171202 0.673096 -0.127346 0.331249 0.091173 0.090818 0.682199 0.528192 -0.011488 -0.085516 0.275645 0.305966 0.363694 0.546936 0.184632 0.661637 0.350116 0.474157 0.229427 0.480937 0.064009 0.351076 0.202255 0.108672 0.087785 0.054659 0.141925 0.267332 -0.456498 -0.392422 -0.684108 -0.554341 -0.245506 -0.322154 -0.456127 -0.645061 -0.162896 -0.615183 -0.072624 -0.316457 0.048927 -0.241063 -0.310854 0.109323 -0.150147 -0.168628 -0.028735 -0.181084 -0.154696 -0.338226 0.106816 -0.343707 -0.184644 -0.297085 0.015801 0.076527 0.277326 0.645932 0.258423 0.584739 0.352102 0.496234 0.191249 0.371487 -0.210204 -0.096828 -0.030427 0.223802 0.227100 0.344343 0.105997 -0.103516 0.224889 0.071508 0.189842 -0.211497 -0.278267 -0.171883 -0.241299 -0.266072 0.050513 -0.129637 -0.174409 -0.064453 -0.290101 -0.197262 -0.186817 -0.161884 -0.054320 -0.196861 -0.167619 -0.135934 -0.140398 -0.315681 -0.181007 -0.071920 -0.152630 -0.199030 -0.307454 -0.046073 0.077642 0.028093
-0.052515 -0.150714 0.524162 0.236097 0.144774 0.057451 0.702921 0.460388 0.322632 0.141525 0.642919 0.215886 1.000000 0.139737 0.749883 0.187163 0.502830 0.042070 -0.151434 -0.293289 0.288408 0.203486 0.531746 0.103316 -0.024603 -0.059750 0.297510 0.223982 0.608342 0.027647 0.319461 0.340289 -0.211627 0.052171 -0.007289 -0.117507 0.249853 -0.258043 0.107856 -0.347899 0.344419 -0.040888 -0.166489 0.008257 -0.406396 -0.083609 -0.052023 0.118554 -0.309042 -0.072898 -0.402869 -0.036646 0.011593 -0.137730 0.211762 -0.399893 -0.325230 -0.448553 -0.247779 -0.126501 -0.168662 -0.342917 0.063458 -0.115719 -0.299560 -0.035909 -0.267655 -0.194132 -0.199367 -0.236541 0.522846 0.150597 0.567733 0.016834 0.436595 -0.064799 0.374813 0.052444 0.132225 -0.035334 0.417000 -0.118461 0.292979 -0.247053 0.399386 -0.176269 0.304736 -0.289512 0.373698 -0.579745 -0.022940 -0.255401 -0.083527 0.063602 -0.331413 -0.520652 -0.110484 -0.291109 -0.248283 -0.355764 -0.509499 -0.322397 -0.587806 -0.674509 -0.436679 -0.531349 0.057364 -0.101254 -0.364359 -0.182097 -0.053138 -0.162587 -0.204695 -0.355821 -0.262054 -0.162139
-0.167165 0.497575 -0.030587 0.209085 0.138039 0.538169 -0.228557 0.377091 -0.269963 0.440141 -0.214701 0.621119 0.139737 1.000000 -0.018013 0.763067 -0.528891 -0.002752 0.232411 0.351048 0.559709 0.472819 -0.017656 0.107575 0.258356 0.571437 0.217133 0.437709 -0.169069 0.737969 0.638614 0.602982 0.122949 0.290645 -0.365881 -0.045713 -0.101540 0.189673 -0.115768 0.233616 -0.036612 0.346625 -0.337174 -0.518990 -0.506944 -0.499524 -0.156648 -0.348749 -0.189566 -0.476025 -0.229278 -0.537379 0.116551 -0.245895 -0.260868 0.007935 -0.244942 0.232262 0.106705 0.077000 -0.081043 -0.115987 -0.521276 -0.595175 -0.260154 -0.488662 0.036800 -0.053383 0.405557 0.383874 0.201469 0.688727 -0.106120 0.620662 -0.016199 0.565475 -0.309751 -0.044219 -0.615500 -0.375436 -0.508742 -0.153900 0.061304 0.541187 -0.417926 -0.459516 0.189119 0.407270 -0.174304 0.092968 0.038694 0.110398 0.097708 0.075640 0.082911 -0.030731 -0.216683 0.051311 -0.158523 -0.021877 0.225221 0.086695 0.216106 0.072234 0.092939 0.056707 0.137719 -0.067025 -0.029302 -0.112292 -0.291957 -0.098183 -0.056821 0.097795 0.123564 0.010779
-0.097764 -0.231493 0.516838 0.205374 0.410163 0.119024 0.652918 0.460157 0.416526 0.234169 0.673851 0.171202 0.749883 -0.018013 1.000000 0.292559 0.412982 0.043156 -0.208440 -0.325651 0.379798 0.316892 0.608344 0.248706 0.179262 -0.007224 0.563714 0.495285 0.528997 -0.099416 0.160513 0.305767 -0.261676 0.061161 -0.003040 -0.106321 0.125845 -0.325009 0.059928 -0.335944 0.205180 -0.055465 -0.200425 0.002203 -0.408751 -0.062927 -0.137183 0.103934 -0.415666 -0.078443 -0.358003 -0.015751 -0.077262 -0.097389 0.220625 -0.417822 -0.356239 -0.495475 -0.346341 -0.262979 -0.248858 -0.424830 0.015711 -0.134855 -0.123174 0.090642 -0.345726 -0.201144 -0.338100 -0.218228 0.467919 0.078485 0.447185 -0.093598 0.283704 -0.136480 0.329568 0.029413 0.077728 0.007958 0.296150 -0.138014 0.247533 -0.137645 0.454973 0.006262 0.431954 -0.326696 0.555504 -0.521569 -0.010466 -0.196969 0.022584 0.183022 -0.372201 -0.432891 -0.115856 -0.314578 -0.243005 -0.317005 -0.525286 -0.171987 -0.634439 -0.603966 -0.485643 -0.404472 -0.023637 -0.244540 -0.154632 -0.084045 0.010369 -0.146461 -0.209752 -0.249578 -0.150176 -0.270316
-0.244308 0.413097 0.057507 0.117586 0.363991 0.581900 -0.069230 0.399142 -0.261167 0.674573 -0.129780 0.673096 0.187163 0.763067 0.292559 1.000000 -0.445035 0.125629 0.064605 0.154680 0.668102 0.556197 0.043324 -0.012937 0.301613 0.454493 0.488494 0.647937 -0.100744 0.670462 0.446457 0.533475 0.044149 0.306542 -0.181486 0.071544 -0.076195 0.040796 -0.065562 0.161968 -0.028742 0.297094 -0.323131 -0.451041 -0.565187 -0.475336 -0.169386 -0.353993 -0.222687 -0.509967 -0.097036 -0.512524 0.096661 -0.292924 -0.038590 -0.115844 -0.365500 0.164981 0.038219 0.022820 -0.060902 -0.170545 -0.518246 -0.563349 -0.007253 -0.355652 0.012583 -0.088348 0.166636 0.270391 0.271444 0.665583 -0.008256 0.529145 0.081822 0.440909 -0.166893 0.052104 -0.552358 -0.303414 -0.387236 -0.129861 0.151278 0.478521 -0.135177 -0.328137 0.383290 0.282521 0.076449 0.015743 -0.076152 -0.041505 0.047942 0.018348 -0.114507 -0.224173 -0.254329 -0.096645 -0.254567 -0.170896 -0.012795 -0.018360 0.007079 -0.168569 -0.080880 -0.056905 0.176939 -0.174803 -0.026771 -0.165639 -0.306588 -0.167079 -0.199115 -0.012276 0.141884 0.023235
0.301695 -0.465459 0.515111 0.199778 -0.139439 -0.465647 0.668657 0.099404 0.307341 -0.235746 0.736712 -0.127346 0.502830 -0.528891 0.412982 -0.445035 1.000000 0.182346 0.008014 -0.355991 -0.099324 -0.105391 0.411902 0.011205 -0.280802 -0.527802 -0.041596 -0.175219 0.840862 -0.290360 -0.111659 -0.028101 0.027912 0.004024 0.236512 -0.020605 0.334662 -0.375752 0.150551 -0.464185 0.260240 -0.222919 -0.123949 0.239645 0.026063 0.247015 -0.226985 0.045144 -0.160813 0.290863 -0.390069 0.240325 -0.410827 -0.170832 0.048730 -0.507937 0.234443 -0.336329 -0.186495 -0.097337 0.112354 -0.014800 0.742627 0.557292 0.084959 0.366314 -0.170516 -0.189563 -0.341944 -0.510432 0.345564 -0.324898 0.746145 -0.256789 0.567517 -0.212946 0.706070 0.139290 0.782860 0.304982 0.889469 0.212961 0.282429 -0.426634 0.552814 0.219472 0.107055 -0.346864 0.316166 -0.646766 -0.351872 -0.528640 -0.462046 -0.251654 -0.354663 -0.227915 -0.206936 -0.437575 -0.306676 -0.394688 -0.663192 -0.372990 -0.539609 -0.418715 -0.392609 -0.423094 -0.168903 -0.113488 -0.298272 -0.100026 -0.099925 -0.285132 -0.333145 -0.549014 -0.393765 -0.230736
-0.247878 -0.259330 -0.076264 -0.194867 -0.301174 -0.240682 0.013007 -0.044906 -0.133133 -0.055751 -0.041627 0.331249 0.042070 -0.002752 0.043156 0.125629 0.182346 1.000000 -0.355751 -0.378848 0.243556 0.185909 -0.010874 -0.189824 -0.136438 -0.231279 -0.098511 -0.025085 0.309604 0.434782 -0.030266 0.038636 -0.126857 -0.137148 0.095332 0.114266 0.254772 0.140070 0.233619 0.211102 0.216754 0.135476 -0.202561 -0.016635 -0.101643 0.061243 -0.218403 -0.066931 0.035029 0.019209 -0.089526 -0.024085 -0.124403 -0.078086 0.059003 -0.063521 -0.126139 -0.016304 0.034394 0.088816 0.098112 0.194406 0.160376 0.193784 0.148916 0.204531 0.067336 -0.002584 -0.371408 -0.261774 0.307711 0.336852 0.464052 0.405425 0.543410 0.359836 0.271913 0.465155 0.120178 0.555217 0.227380 0.515785 0.092762 0.080758 0.104020 0.289965 0.048578 0.105269 -0.012582 -0.120412 -0.412606 -0.420180 -0.375821 -0.217366 -0.132050 -0.056032 -0.136667 -0.134664 -0.341132 -0.313462 -0.275018 -0.057847 -0.033360 0.022517 0.015605 0.003166 -0.049753 -0.110860 -0.153546 -0.080978 -0.095171 -0.250838 -0.362561 -0.322776 -0.055311 -0.004860
0.689334 0.543249 0.334533 0.529944 0.117942 0.195258 -0.029846 0.186623 -0.249886 0.242879 0.076646 0.091173 -0.151434 0.232411 -0.208440 0.064605 0.008014 -0.355751 1.000000 0.713854 0.031871 -0.141189 0.118761 0.150612 0.107452 0.225195 0.136675 0.153764 -0.031896 -0.015426 0.223165 0.204155 0.667813 0.580106 -0.197241 -0.010273 -0.227219 -0.304184 -0.314832 -0.164992 -0.239257 -0.066733 -0.407398 -0.368754 -0.167532 -0.257170 -0.372609 -0.422562 -0.168276 -0.162239 -0.259615 -0.348904 -0.416395 -0.384431 -0.504879 -0.265462 0.611063 0.504496 0.100380 0.052158 0.269435 0.021717 0.294171 0.049367 0.070288 -0.252095 0.124557 -0.060738 0.639113 0.259202 -0.114371 -0.057037 -0.155453 -0.032815 -0.084961 0.150730 -0.114690 -0.355739 0.034464 -0.421108 -0.106267 -0.253502 -0.032802 0.273399 -0.336983 -0.452811 0.145446 0.220226 -0.315449 -0.069924 -0.120572 -0.057083 -0.226844 -0.233939 -0.022734 0.066841 -0.384534 -0.217036 -0.099852 -0.039574 0.030452 0.033279 0.074118 0.176720 -0.144094 -0.044185 -0.126577 -0.096325 -0.019087 -0.214308 -0.372830 -0.200865 -0.137731 -0.121615 -0.092623 -0.195238
0.357124 0.541356 -0.051543 0.276476 0.017335 0.328986 -0.324206 0.046809 -0.292239 0.279240 -0.325706 0.090818 -0.293289 0.351048 -0.325651 0.154680 -0.355991 -0.378848 0.713854 1.000000 0.028942 0.076660 -0.209963 0.061399 -0.021213 0.233638 0.090888 0.151226 -0.338492 0.068501 0.204486 0.159066 0.405768 0.337113 -0.228469 -0.010601 -0.170648 -0.028178 -0.183319 0.088232 -0.172879 0.231664 -0.279302 -0.460353 -0.012380 -0.215340 -0.194167 -0.417125 -0.091400 -0.156241 -0.084433 -0.373488 -0.158771 -0.292379 -0.348696 0.044193 0.370952 0.491551 0.111812 0.092220 0.243355 0.068526 -0.022123 -0.161342 -0.006243 -0.322390 0.105746 0.013736 0.540142 0.549932 -0.292602 0.023324 -0.347131 0.086415 -0.278106 0.136358 -0.448339 -0.400812 -0.315233 -0.571508 -0.395796 -0.350677 -0.133806 0.468726 -0.479987 -0.492507 -0.034447 0.234158 -0.342176 0.167549 0.144439 0.231778 0.044445 -0.056759 0.318731 0.189237 -0.147569 0.132617 0.106658 0.163838 0.347661 0.242927 0.322432 0.328873 0.145584 0.206670 0.077761 0.055791 0.235394 -0.158469 -0.334781 -0.001657 0.054934 0.202726 0.185752 0.214549
-0.254813 0.196525 0.167543 0.219952 0.264724 0.376549 0.113337 0.478628 -0.360477 0.594249 0.070447 0.682199 0.288408 0.559709 0.379798 0.668102 -0.099324 0.243556 0.031871 0.028942 1.000000 0.687310 0.297367 0.124732 0.394675 0.305926 0.541209 0.633364 0.272619 0.589684 0.499496 0.572843 -0.039692 0.269404 0.067649 0.227429 0.195946 0.068698 0.230999 0.048044 0.232130 0.348356 -0.427151 -0.444127 -0.567942 -0.386766 -0.306531 -0.304796 -0.460686 -0.525224 -0.231179 -0.593519 -0.190312 -0.385892 0.045621 -0.231954 -0.373538 -0.024697 -0.131977 -0.088500 -0.128542 -0.308446 -0.239684 -0.573191 -0.006940 -0.309373 -0.147387 -0.163194 -0.064423 0.039742 0.587555 0.742745 0.337179 0.645119 0.421156 0.530656 0.151557 0.424866 -0.294392 -0.078112 -0.139106 -0.096119 0.240461 0.358780 0.082242 -0.297062 0.459134 0.153435 0.220681 -0.241522 -0.258757 -0.140243 -0.202105 -0.112096 -0.093734 -0.121648 -0.218242 -0.196284 -0.344745 -0.245296 -0.186850 0.027528 -0.043700 -0.115683 -0.174216 0.039520 -0.114412 -0.371421 0.040583 -0.150278 -0.224262 -0.239927 -0.359121 -0.099233 0.030900 -0.119987
-0.487681 -0.084590 0.063633 0.078493 0.139105 0.245506 0.034624 0.259344 -0.125447 0.377837 0.032354 0.528192 0.203486 0.472819 0.316892 0.556197 -0.105391 0.185909 -0.141189 0.076660 0.687310 1.000000 0.180059 0.195116 0.018900 0.177778 0.334615 0.527110 0.269800 0.531338 0.394323 0.529993 -0.194067 0.067665 -0.002731 0.111559 0.265391 0.278875 0.315938 0.255830 0.309830 0.552985 -0.325455 -0.391247 -0.397803 -0.332100 -0.229467 -0.329150 -0.401840 -0.414946 -0.272841 -0.479893 -0.111945 -0.325947 0.144305 -0.054225 -0.452661 -0.150946 -0.082765 -0.060886 -0.092101 -0.201555 -0.284637 -0.527941 0.015598 -0.198536 -0.158670 -0.031395 -0.179147 0.201909 0.433006 0.641476 0.307863 0.578872 0.350698 0.456759 0.091313 0.297780 -0.220374 -0.192692 -0.085856 -0.017587 0.339085 0.383491 0.067760 -0.117548 0.140201 0.176021 0.191050 -0.113359 -0.222226 -0.126081 -0.021589 -0.058823 0.161079 0.032782 -0.069967 0.043252 -0.284035 -0.217761 -0.112372 0.025700 0.024250 -0.098810 0.044562 0.066385 0.072327 -0.131839 0.216917 -0.029440 -0.193515 -0.195284 -0.252913 -0.006577 0.136533 0.245619
0.158727 -0.142748 0.812872 0.658958 0.269613 -0.017905 0.740427 0.612411 0.210634 0.145525 0.609838 -0.011488 0.531746 -0.017656 0.608344 0.043324 0.411902 -0.010874 0.118761 -0.209963 0.297367 0.180059 1.000000 0.682664 0.143227 0.039912 0.368072 0.298875 0.491011 -0.214075 0.352849 0.411525 -0.131827 0.128920 -0.034359 -0.178711 -0.071377 -0.508394 -0.033201 -0.388970 0.067643 -0.247337 -0.241151 -0.083398 -0.273566 -0.016241 -0.286335 0.037497 -0.378044 0.010206 -0.406289 -0.027716 -0.316776 -0.178705 -0.068081 -0.557656 -0.021278 -0.291550 -0.239554 -0.121208 -0.207383 -0.321368 0.225023 -0.088042 -0.113342 0.155185 -0.178090 -0.061372 -0.044872 -0.163825 0.505864 0.096110 0.353049 -0.166184 0.261883 -0.140176 0.231605 -0.075280 0.209995 0.027792 0.273376 -0.282645 0.212557 -0.137217 0.273319 -0.215895 0.395973 -0.150270 0.252100 -0.558936 -0.056518 -0.187978 -0.063487 0.168112 -0.454662 -0.391066 -0.298736 -0.466661 -0.270617 -0.364487 -0.569777 -0.030058 -0.575297 -0.398513 -0.539195 -0.363478 -0.117800 -0.284004 -0.208755 -0.333368 -0.073035 -0.210628 -0.218809 -0.434920 -0.286282 -0.452779
0.095706 -0.017341 0.510421 0.654972 0.334891 0.221439 0.393240 0.564571 0.281799 0.091819 0.223918 -0.085516 0.103316 0.107575 0.248706 -0.012937 0.011205 -0.189824 0.150612 0.061399 0.124732 0.195116 0.682664 1.000000 0.251346 0.317643 0.256243 0.333062 0.057453 -0.178453 0.379315 0.493715 -0.046126 0.142972 -0.283066 -0.227752 -0.398082 -0.357319 -0.294505 -0.259150 -0.218052 -0.253997 -0.031602 -0.079776 -0.035903 0.047770 -0.105534 0.150690 -0.332430 0.033554 -0.382056 -0.029988 -0.186053 -0.000896 -0.260532 -0.306187 -0.011332 -0.251340 -0.345304 -0.253450 -0.375823 -0.369525 0.051912 -0.157737 -0.294804 0.001530 -0.276037 -0.083379 0.036270 -0.077333 0.182341 0.017973 -0.062051 -0.200432 -0.172392 -0.149353 -0.123286 -0.226981 0.016792 -0.115968 -0.022952 -0.284982 -0.089592 0.066675 -0.127493 -0.198165 0.179223 -0.075700 -0.046823 -0.301319 0.305250 0.236293 0.292632 0.478031 -0.192044 -0.143398 -0.214232 -0.185759 0.003723 -0.008020 -0.196002 0.301311 -0.340637 -0.028122 -0.215703 -0.077102 -0.030563 -0.226563 -0.050505 -0.097031 0.111814 0.057328 0.113615 -0.045005 -0.125324 -0.311692
0.091206 0.471350 0.042212 0.233556 0.723284 0.601021 -0.007396 0.447320 -0.119971 0.428371 -0.044810 0.275645 -0.024603 0.258356 0.179262 0.301613 -0.280802 -0.136438 0.107452 -0.021213 0.394675 0.018900 0.143227 0.251346 1.000000 0.692320 0.643636 0.527332 -0.256986 0.047799 0.171559 0.244906 0.248692 0.443902 -0.030721 0.218002 -0.317399 -0.177098 -0.284500 -0.151597 -0.351455 -0.133149 -0.089932 -0.103616 -0.343867 -0.198781 0.006699 0.080791 -0.233758 -0.347071 0.033612 -0.312440 -0.021737 0.028794 -0.052678 -0.032635 -0.107173 0.079171 -0.325779 -0.315078 -0.297250 -0.368413 -0.237574 -0.298004 -0.089683 -0.323572 -0.221465 -0.109584 0.072338 -0.075099 0.064202 0.111602 -0.217605 0.034079 -0.184776 -0.013956 -0.096725 0.119876 -0.279451 -0.035305 -0.325327 -0.191839 -0.348649 0.036161 -0.136685 -0.192395 0.107622 -0.240120 0.105759 0.051603 0.178771 0.314275 0.125676 0.168807 -0.226453 0.039248 -0.000074 -0.113435 0.111228 0.180456 0.042260 0.138427 -0.081693 -0.092496 -0.216566 -0.027274 -0.374725 -0.428628 0.104068 0.046807 0.163294 0.106949 0.103343 0.224494 0.031171 -0.379156
0.130444 0.640743 -0.110574 0.207743 0.564313 0.670770 -0.283013 0.383479 -0.012004 0.238758 -0.166236 0.305966 -0.059750 0.571437 -0.007224 0.454493 -0.527802 -0.231279 0.225195 0.233638 0.305926 0.177778 0.039912 0.317643 0.692320 1.000000 0.442890 0.571474 -0.459199 0.234446 0.471890 0.468760 0.402959 0.536493 -0.332704 0.021851 -0.418823 -0.004941 -0.469376 0.004711 -0.371655 0.046062 0.031668 -0.059143 -0.385103 -0.362568 0.054620 0.092627 -0.223881 -0.431269 -0.053183 -0.316034 0.170295 0.044306 -0.263938 0.065924 -0.012012 0.258525 -0.254030 -0.275900 -0.285554 -0.414226 -0.409679 -0.379645 -0.399058 -0.599956 -0.229945 -0.093918 0.320680 0.161411 -0.027612 0.258808 -0.399725 0.125921 -0.348934 0.160593 -0.309603 -0.089993 -0.479341 -0.417681 -0.510810 -0.201393 -0.390612 0.334388 -0.510168 -0.320384 0.090996 0.070642 -0.223460 0.154001 0.319115 0.360070 0.306796 0.065058 -0.047200 0.075141 0.043997 0.052428 0.175983 0.212553 0.293064 0.041815 0.038300 -0.080162 -0.127141 -0.135910 0.021673 -0.241508 0.129851 0.107431 0.122164 0.126214 0.229328 0.303519 0.064312 -0.192328
0.085984 0.325104 0.364420 0.344115 0.757758 0.476074 0.278890 0.608232 -0.126499 0.699489 0.219482 0.363694 0.297510 0.217133 0.563714 0.488494 -0.041596 -0.098511 0.136675 0.090888 0.541209 0.334615 0.368072 0.256243 0.643636 0.442890 1.000000 0.827854 0.012553 0.020604 0.083667 0.248706 0.114824 0.437986 -0.064286 0.157876 -0.241044 -0.405674 -0.208667 -0.242429 -0.112454 0.002638 -0.158246 -0.068672 -0.395504 -0.143051 -0.161911 -0.048810 -0.306401 -0.290677 -0.060292 -0.279101 -0.171026 -0.214663 0.094495 -0.260822 -0.124036 0.011063 -0.342457 -0.243690 -0.221474 -0.436973 -0.115419 -0.256121 0.021592 -0.202338 -0.245484 -0.134919 -0.048352 -0.003413 0.255815 0.181549 0.054674 0.012056 0.021987 -0.067306 -0.080561 -0.072496 -0.175520 -0.328155 -0.117997 -0.347288 -0.222334 0.017542 0.015679 -0.280983 0.220053 -0.338347 0.224812 -0.233796 0.035256 -0.033413 -0.072191 -0.015548 -0.317071 -0.265113 -0.126877 -0.296513 -0.129308 -0.165119 -0.277428 0.102725 -0.371756 -0.304190 -0.366779 -0.177954 -0.158755 -0.323376 -0.029646 -0.163279 -0.044984 -0.162930 -0.218830 -0.070331 -0.002693 -0.215154
0.014123 0.409873 0.205759 0.274578 0.703311 0.610917 0.086899 0.520442 -0.133586 0.650610 0.191792 0.546936 0.223982 0.437709 0.495285 0.647937 -0.175219 -0.025085 0.153764 0.151226 0.633364 0.527110 0.298875 0.333062 0.527332 0.571474 0.827854 1.000000 -0.010497 0.278011 0.356409 0.519304 0.238819 0.531657 -0.138666 0.108085 -0.243141 -0.231541 -0.224884 -0.180733 -0.128933 0.044024 -0.140416 -0.151986 -0.503065 -0.327577 -0.086949 -0.034422 -0.460938 -0.476486 -0.132089 -0.414903 -0.035115 -0.157479 0.091994 -0.199541 -0.158617 0.013474 -0.417309 -0.379870 -0.375033 -0.601103 -0.224668 -0.408345 -0.151444 -0.435705 -0.384413 -0.294423 -0.001397 -0.023120 0.250695 0.369611 0.020723 0.194211 -0.016444 0.118722 -0.055150 0.007021 -0.243405 -0.332225 -0.215052 -0.274400 -0.088552 0.182685 -0.085061 -0.269262 0.322330 -0.070216 0.098275 -0.189920 0.065926 0.067138 0.057542 -0.019692 -0.218077 -0.177149 -0.113698 -0.155820 -0.066472 -0.051436 -0.166147 0.029927 -0.281781 -0.291499 -0.347479 -0.198810 -0.100081 -0.350618 0.009619 0.039628 0.027934 -0.044391 -0.079411 0.067140 0.065019 -0.155476
0.004610 -0.470902 0.515391 0.238180 -0.183653 -0.376400 0.631089 0.219828 0.179962 -0.076222 0.712263 0.184632 0.608342 -0.169069 0.528997 -0.100744 0.840862 0.309604 -0.031896 -0.338492 0.272619 0.269800 0.491011 0.057453 -0.256986 -0.459199 0.012553 -0.010497 1.000000 0.097538 0.158924 0.249857 -0.119746 -0.030996 0.152191 -0.037925 0.555180 -0.142739 0.358873 -0.245010 0.528066 0.100958 -0.408323 -0.095656 -0.271283 -0.011040 -0.402047 -0.214356 -0.332535 0.045142 -0.553157 -0.043804 -0.449951 -0.356801 0.050558 -0.539840 -0.045148 -0.366010 -0.116230 -0.020258 0.075400 -0.026440 0.489171 0.216273 0.098254 0.293991 -0.146251 -0.181494 -0.305315 -0.317659 0.647088 0.131077 0.897357 0.168544 0.789708 0.152970 0.746488 0.333193 0.554705 0.281759 0.742553 0.237058 0.526479 -0.136718 0.553258 0.147084 0.295093 -0.099895 0.406727 -0.662349 -0.469385 -0.579608 -0.474646 -0.222378 -0.253343 -0.216170 -0.292064 -0.402443 -0.483671 -0.508118 -0.647206 -0.363872 -0.426990 -0.371857 -0.293897 -0.319616 -0.149841 -0.155464 -0.291372 -0.204553 -0.260837 -0.411811 -0.469142 -0.570624 -0.366269 -0.174052
-0.341439 0.211606 -0.176882 -0.056655 -0.132171 0.237593 -0.287823 0.109727 -0.339406 0.299940 -0.264904 0.661637 0.027647 0.737969 -0.099416 0.670462 -0.290360 0.434782 -0.015426 0.068501 0.589684 0.531338 -0.214075 -0.178453 0.047799 0.234446 0.020604 0.278011 0.097538 1.000000 0.453414 0.445076 0.050223 0.118870 -0.153637 0.075498 0.239279 0.368713 0.203142 0.398719 0.187723 0.479041 -0.352694 -0.459075 -0.449518 -0.447176 -0.213986 -0.448961 -0.131969 -0.459231 -0.186853 -0.531136 -0.030068 -0.358821 -0.154414 0.014516 -0.272924 0.231056 0.200342 0.181109 0.042769 0.077247 -0.340415 -0.404438 -0.022340 -0.332465 0.105815 -0.094494 0.157688 0.183766 0.403577 0.793249 0.272168 0.878237 0.388213 0.787423 0.033257 0.380423 -0.304440 -0.045138 -0.201866 0.191191 0.216796 0.513600 -0.212807 -0.188746 0.216188 0.497483 -0.134897 0.042963 -0.293368 -0.187147 -0.165228 -0.187410 0.060843 0.129935 -0.211212 0.001427 -0.347709 -0.196444 0.128718 0.001089 0.324505 0.175443 0.307438 0.211393 0.146066 -0.043879 -0.036935 0.003186 -0.374973 -0.251873 -0.291500 -0.078854 0.099821 0.122824
0.007322 0.250328 0.162779 0.378855 0.113424 0.485523 0.130308 0.418691 -0.007029 0.191842 0.161239 0.350116 0.319461 0.638614 0.160513 0.446457 -0.111659 -0.030266 0.223165 0.204486 0.499496 0.394323 0.352849 0.379315 0.171559 0.471890 0.083667 0.356409 0.158924 0.453414 1.000000 0.901545 0.178910 0.267029 -0.260949 -0.226872 -0.101351 -0.033723 -0.198312 -0.113496 -0.016403 0.045183 -0.231785 -0.412705 -0.380876 -0.385875 -0.001708 -0.055918 -0.477560 -0.365736 -0.396108 -0.373127 0.138082 -0.052669 -0.187059 -0.083472 -0.123495 -0.090789 -0.310051 -0.261340 -0.399417 -0.487160 -0.181315 -0.476159 -0.595450 -0.514396 -0.368643 -0.382221 0.172789 -0.020136 0.263616 0.449492 0.099710 0.335872 0.070268 0.277103 -0.023903 -0.038004 -0.286277 -0.167029 -0.166961 -0.221063 0.160804 0.329534 -0.205821 -0.370572 0.311004 0.371861 -0.166237 -0.085229 0.185500 0.259165 0.272639 0.226447 -0.141423 -0.052111 -0.201668 -0.016034 0.051075 0.119929 0.097023 -0.000051 -0.072997 -0.194658 -0.227497 -0.177087 0.021359 -0.173509 -0.005025 -0.104681 -0.098988 0.151172 0.177761 0.109777 0.072482 -0.102874
0.007836 0.226721 0.282127 0.481235 0.293961 0.563045 0.261678 0.552902 0.028206 0.364933 0.244542 0.474157 0.340289 0.602982 0.305767 0.533475 -0.028101 0.038636 0.204155 0.159066 0.572843 0.529993 0.411525 0.493715 0.244906 0.468760 0.248706 0.519304 0.249857 0.445076 0.901545 1.000000 0.189523 0.377827 -0.204839 -0.099574 -0.092694 -0.109531 -0.234617 -0.153400 -0.060316 0.050845 -0.337118 -0.446058 -0.445470 -0.360142 -0.134407 -0.091077 -0.613662 -0.399104 -0.527900 -0.464964 -0.018381 -0.155419 -0.189557 -0.244340 -0.154919 -0.154951 -0.399201 -0.372902 -0.362421 -0.528581 -0.101511 -0.449269 -0.427533 -0.422900 -0.439299 -0.428329 0.053151 -0.100431 0.332210 0.435258 0.196955 0.320900 0.143138 0.282462 0.076291 0.013662 -0.257138 -0.159018 -0.040266 -0.111535 0.200394 0.374422 -0.083284 -0.298698 0.304382 0.212194 -0.018237 -0.202325 0.092775 0.171163 0.200430 0.250236 -0.175630 -0.107235 -0.302406 -0.115134 -0.068650 0.009574 -0.118746 0.016004 -0.223434 -0.283713 -0.294153 -0.250670 -0.021505 -0.254948 -0.043926 -0.072375 -0.129680 0.050316 0.044837 0.042495 0.010055 -0.126220
0.626548 0.627102 -0.036476 0.187726 0.308071 0.310154 -0.225855 0.090176 -0.235494 0.167158 0.087195 0.229427 -0.211627 0.122949 -0.261676 0.044149 0.027912 -0.126857 0.667813 0.405768 -0.039692 -0.194067 -0.131827 -0.046126 0.248692 0.402959 0.114824 0.238819 -0.119746 0.050223 0.178910 0.189523 1.000000 0.831369 0.019535 0.160293 -0.232882 -0.151927 -0.417665 -0.211630 -0.309778 -0.184322 -0.047228 0.040639 -0.189872 -0.338563 -0.023393 -0.049126 -0.142133 -0.334728 -0.011523 -0.270941 -0.137542 -0.050598 -0.255072 -0.020555 0.559522 0.460370 -0.192936 -0.304786 0.072622 -0.184500 0.243028 0.186956 -0.041605 -0.524838 -0.212645 -0.361360 0.334198 -0.085103 -0.257932 -0.156769 -0.182202 -0.072306 -0.153580 0.062527 0.086680 -0.145009 0.165494 -0.223088 -0.048895 0.014736 -0.199936 0.011619 -0.283636 -0.177760 0.041039 -0.024303 -0.363176 0.011342 -0.149845 0.042298 -0.247042 -0.403082 -0.045979 0.192360 -0.082284 -0.015372 0.101082 0.187522 -0.020623 -0.214048 -0.064741 -0.099360 -0.337210 -0.332447 -0.193461 -0.190552 0.026744 0.116121 0.062934 0.038219 0.065329 0.036025 -0.004822 -0.156940
0.479400 0.715611 0.164675 0.395968 0.553341 0.532043 -0.023779 0.451143 -0.172208 0.455087 0.165703 0.480937 0.052171 0.290645 0.061161 0.306542 0.004024 -0.137148 0.580106 0.337113 0.269404 0.067665 0.128920 0.142972 0.443902 0.536493 0.437986 0.531657 -0.030996 0.118870 0.267029 0.377827 0.831369 1.000000 0.172826 0.384755 -0.132195 -0.204091 -0.299416 -0.234131 -0.217255 -0.101913 -0.270837 -0.166619 -0.525377 -0.551761 -0.163965 -0.133835 -0.472529 -0.613009 -0.126516 -0.568222 -0.220472 -0.261517 -0.120082 -0.231480 0.319511 0.375211 -0.286562 -0.383137 0.017788 -0.328215 0.078567 -0.075598 0.070394 -0.553024 -0.298230 -0.355926 0.269311 -0.037451 -0.026686 0.084139 -0.076635 0.016969 -0.032660 0.158670 0.185580 0.013610 0.089860 -0.279690 -0.021057 -0.050527 -0.123050 0.016004 -0.082425 -0.334447 0.194843 -0.193739 -0.074019 -0.186421 -0.144299 -0.000104 -0.206124 -0.373406 -0.076206 0.010265 -0.096671 -0.126379 -0.020053 0.019372 -0.198007 -0.238474 -0.247247 -0.296073 -0.433941 -0.391606 -0.187212 -0.313193 -0.012961 0.023212 0.056555 -0.055330 -0.087037 -0.005141 -0.022954 -0.179788
-0.101135 -0.064305 -0.136319 -0.195349 -0.050561 -0.031158 0.096264 -0.137251 -0.191420 0.080370 0.006819 0.064009 -0.007289 -0.365881 -0.003040 -0.181486 0.236512 0.095332 -0.197241 -0.228469 0.067649 -0.002731 -0.034359 -0.283066 -0.030721 -0.332704 -0.064286 -0.138666 0.152191 -0.153637 -0.260949 -0.204839 0.019535 0.172826 1.000000 0.713621 0.492641 0.154882 0.471171 -0.070769 0.260944 -0.014238 -0.014324 -0.057308 -0.040897 -0.134768 0.136198 0.048708 -0.254866 -0.301403 0.363427 -0.271192 -0.014885 -0.059063 0.564639 0.020033 -0.114868 -0.073485 -0.087084 -0.186380 0.110213 -0.024444 0.108277 -0.071748 0.489041 0.019623 -0.133602 -0.085740 -0.362075 -0.244085 -0.059070 -0.106438 0.165049 -0.038747 0.249435 -0.078682 0.489174 0.498577 0.328201 0.332160 0.297079 0.157597 0.291603 -0.393559 0.665314 0.084991 0.101444 -0.323624 0.433687 -0.048349 -0.204065 -0.077377 -0.167864 -0.333530 0.149230 0.100903 0.396231 0.120183 0.141356 0.058498 -0.164148 -0.324957 -0.026540 -0.251178 -0.160947 -0.033203 -0.166695 0.041750 0.213419 0.191214 0.289134 0.163155 -0.046862 0.109405 0.141580 0.194166
-0.018023 0.282310 -0.222157 -0.108406 0.102217 0.163026 -0.163540 -0.003348 -0.344206 0.255000 -0.200898 0.351076 -0.117507 -0.045713 -0.106321 0.071544 -0.020605 0.114266 -0.010273 -0.010601 0.227429 0.111559 -0.178711 -0.227752 0.218002 0.021851 0.157876 0.108085 -0.037925 0.075498 -0.226872 -0.099574 0.160293 0.384755 0.713621 1.000000 0.319436 0.231278 0.397219 0.175458 0.184851 0.252646 -0.208146 -0.175495 -0.209640 -0.209995 -0.189123 -0.195151 -0.316570 -0.438334 0.170110 -0.517245 -0.234520 -0.379885 0.219531 -0.094792 -0.031022 0.275657 0.080035 -0.032639 0.231603 0.061050 -0.075997 -0.144098 0.523056 -0.090986 0.071071 0.143540 -0.064632 0.054055 -0.027117 0.189384 0.040431 0.208073 0.201193 0.224490 0.295082 0.534810 0.046403 0.076364 0.097479 0.250104 0.177689 0.022290 0.313367 -0.063595 0.011888 -0.187710 0.313519 0.021882 -0.269881 -0.131456 -0.242909 -0.446270 0.202789 0.123440 0.212434 0.017926 -0.070710 -0.096216 0.000069 -0.181597 0.163443 -0.054575 0.010265 0.059900 -0.116911 -0.020881 0.179735 0.032651 0.116481 -0.129093 -0.279961 0.057462 0.017981 0.175292
