1.000000 0.519164 0.325148 0.146543 -0.021382 -0.185025 0.280832 -0.120854 -0.224891 -0.112820 0.141337 0.205058 -0.223524 -0.210111 -0.134021 -0.217982 0.224140 0.309001 0.633036 0.546697 -0.293555 0.009006 -0.274539 -0.331290 -0.228988 -0.254866 -0.124468 -0.200747 0.088449 0.102404 -0.497859 -0.385607 0.457596 0.405151 -0.110892 -0.251898 -0.239851 -0.166917 -0.357295 -0.288681 -0.160420 0.071447 -0.244560 -0.246426 -0.051334 -0.264590 -0.109523 -0.314963 0.202520 -0.014232 -0.112547 -0.194669 -0.122978 -0.172807 -0.082643 -0.381429 0.567150 0.146101 0.398828 0.002036 0.564134 0.222414 0.390784 0.389696 0.310278 0.126456 0.343670 -0.006743 0.079322 0.108663 -0.351587 -0.149084 0.037855 -0.023529 -0.001800 -0.173486 0.173441 -0.006626 0.398807 0.277597 0.327699 0.353183 -0.087555 0.103325 0.087252 0.021864 -0.129829 -0.298438 -0.141954 -0.094478 -0.211171 -0.309725 -0.236750 -0.054202 -0.085431 -0.327663 -0.086658 -0.366474 -0.055951 -0.390992 0.096824 -0.009015 -0.048072 0.084673 0.102544 -0.068900 -0.078393 0.016559 -0.243543 -0.269988 -0.245214 -0.293017 0.031109 -0.061935 -0.198365 -0.307392
0.519164 1.000000 0.018577 -0.098153 -0.261467 -0.439740 0.021385 -0.194123 -0.336179 -0.244375 0.020961 0.217893 0.054466 0.018807 -0.320510 -0.247550 0.039326 0.185281 0.459803 0.445727 -0.379221 -0.142619 -0.580354 -0.508033 -0.327360 -0.377890 -0.234964 -0.335010 -0.111391 0.027201 -0.421255 -0.419098 0.475287 0.460868 0.130337 0.095285 -0.102793 -0.040375 -0.284919 -0.159881 -0.216698 0.049806 -0.099792 -0.002417 0.184182 -0.077804 0.089532 0.003456 0.367586 0.290237 -0.019952 0.180153 0.172632 -0.186266 -0.016171 -0.262102 0.221813 0.461231 0.536530 0.423873 0.542145 0.542331 0.202228 0.554040 0.077632 0.320874 0.372192 0.145812 0.235510 0.144339 -0.369498 -0.281185 -0.121781 0.035290 0.033110 -0.138761 0.181093 0.094387 0.024202 0.065232 0.007145 0.191220 -0.342690 -0.059681 -0.438855 -0.215859 -0.346414 -0.315385 -0.248343 -0.348082 -0.015876 -0.145407 -0.242036 -0.153847 -0.066746 -0.173099 0.240814 -0.254292 0.127032 -0.275445 0.029985 -0.277357 0.039159 -0.193816 -0.002011 -0.333773 0.064899 -0.020987 -0.079048 -0.049374 -0.111191 -0.082805 0.015796 -0.302555 -0.244288 -0.307445
0.325148 0.018577 1.000000 0.627209 0.557829 0.296695 0.896386 0.629975 0.363379 0.277186 0.487147 0.122484 0.170191 0.111190 0.281615 -0.097874 0.274960 -0.022229 0.528451 0.338610 -0.336399 0.187370 0.357380 0.436112 0.388958 0.295707 0.386030 0.030362 0.195780 -0.237453 0.262036 0.213530 -0.013916 0.093702 -0.068148 -0.039187 -0.668424 -0.639496 -0.614535 -0.444720 -0.636339 -0.487205 -0.297881 -0.278963 0.016247 -0.098349 -0.466107 -0.454348 0.111348 -0.089843 -0.180612 -0.257227 -0.359087 -0.025626 -0.479067 -0.537647 0.087918 0.070978 0.254881 0.113058 0.023860 0.024257 0.092220 -0.065500 0.390593 0.153410 0.314563 0.151711 0.061095 0.167083 0.234987 0.257179 0.139922 -0.310488 -0.178270 -0.481313 -0.135878 -0.306283 0.260473 0.099260 0.113811 0.019907 0.261321 -0.063945 -0.031739 -0.267573 -0.214313 -0.240537 -0.112002 -0.081741 -0.235324 -0.027786 0.076169 0.452543 -0.471563 -0.560034 -0.451479 -0.537514 -0.402368 -0.455232 0.260380 0.378604 -0.211513 0.219600 -0.097153 -0.237083 0.030081 -0.119748 -0.570011 -0.549149 -0.437772 -0.414320 -0.161620 -0.220616 -0.419796 -0.387547
0.146543 -0.098153 0.627209 1.000000 0.686556 0.660602 0.557011 0.690570 0.459322 0.608834 0.125149 -0.020381 -0.057803 0.104094 0.621010 0.207268 0.180261 -0.115645 0.624536 0.494825 -0.042097 0.441279 0.453395 0.616621 0.686814 0.676483 0.552190 0.444290 0.290245 -0.170667 0.524212 0.525530 -0.084740 -0.030884 -0.232509 -0.105951 -0.518708 -0.626683 -0.286470 -0.284020 -0.376361 -0.421944 -0.265544 -0.359097 -0.305056 -0.189374 -0.518621 -0.489114 -0.427536 -0.464656 -0.532469 -0.520121 -0.555881 -0.103492 -0.560157 -0.490752 0.155158 0.045724 -0.143624 -0.110781 -0.299967 -0.204356 -0.008068 -0.054432 0.165180 -0.140882 -0.055390 0.020962 0.111324 0.284439 0.176605 0.132570 0.242917 -0.318706 -0.152239 -0.451770 -0.305891 -0.407539 0.157906 -0.046289 0.012323 0.006796 0.429416 0.241475 0.061397 -0.183938 0.003282 0.013360 0.166658 0.016878 -0.291666 -0.210855 0.271691 0.535502 -0.544847 -0.601599 -0.578384 -0.522996 -0.545470 -0.346492 0.384961 0.486570 -0.085735 0.237375 -0.179977 -0.352187 -0.220497 -0.434940 -0.577624 -0.574730 -0.406820 -0.449874 -0.110185 -0.197319 -0.480480 -0.487199
-0.021382 -0.261467 0.557829 0.686556 1.000000 0.805882 0.527513 0.643788 0.814608 0.634358 0.389802 0.013662 -0.006707 0.231599 0.807278 0.219069 0.318911 -0.098735 0.344358 0.158480 -0.154575 0.396683 0.442168 0.502790 0.822018 0.656727 0.862438 0.670581 0.244964 -0.238307 0.541508 0.420465 -0.317812 -0.219882 -0.203991 0.010901 -0.532063 -0.739978 -0.287059 -0.310497 -0.529350 -0.506601 -0.436866 -0.491051 -0.265843 -0.215914 -0.565158 -0.541410 -0.282375 -0.369760 -0.432888 -0.419457 -0.545087 0.002271 -0.507284 -0.443518 0.020038 0.021010 -0.062137 -0.001856 -0.293508 -0.212429 -0.013337 -0.194988 0.197412 -0.052774 -0.072258 -0.045110 0.062093 0.139095 0.417133 0.115267 0.265980 -0.241762 -0.108487 -0.430449 -0.152176 -0.400860 0.187099 -0.011302 0.010165 -0.058078 0.285620 0.098433 0.031727 -0.266871 0.091072 0.153391 0.286006 0.087003 -0.255958 0.007192 0.283690 0.605305 -0.506310 -0.551034 -0.570587 -0.518812 -0.535068 -0.369041 0.277220 0.386711 -0.141654 0.255959 -0.179328 -0.248312 -0.194596 -0.223522 -0.607628 -0.501324 -0.474610 -0.476244 -0.158777 -0.219593 -0.468849 -0.314718
-0.185025 -0.439740 0.296695 0.660602 0.805882 1.000000 0.258949 0.543033 0.768209 0.746154 0.067457 -0.141747 -0.085506 0.144990 0.733369 0.531428 0.103368 -0.290689 0.190966 -0.008707 0.097495 0.330843 0.520251 0.560801 0.801276 0.662639 0.706114 0.695587 0.128041 -0.302443 0.521902 0.418224 -0.427611 -0.416376 -0.285065 -0.101384 -0.373725 -0.597424 0.019747 -0.158567 -0.261111 -0.470374 -0.172695 -0.343428 -0.357530 -0.211316 -0.343647 -0.339102 -0.371017 -0.416640 -0.336670 -0.310880 -0.351315 0.179482 -0.202681 -0.223102 -0.028828 -0.161560 -0.287267 -0.032939 -0.421378 -0.267060 -0.109142 -0.346462 -0.039097 -0.168695 -0.260590 -0.023218 -0.044146 0.077933 0.349124 0.035598 0.165814 -0.362623 -0.151077 -0.470894 -0.331163 -0.482016 0.022350 -0.179334 -0.203683 -0.316251 0.405207 -0.054701 0.065244 -0.217270 0.323489 0.136791 0.305203 0.223406 -0.045532 0.024439 0.536541 0.653814 -0.356453 -0.471272 -0.549560 -0.370426 -0.363839 -0.114694 0.499921 0.596216 0.136802 0.331367 -0.106712 -0.042520 -0.222886 -0.231626 -0.510921 -0.371785 -0.246690 -0.256707 0.073831 0.094527 -0.299288 -0.242275
0.280832 0.021385 0.896386 0.557011 0.527513 0.258949 1.000000 0.683923 0.337024 0.263822 0.580631 0.310660 0.232674 0.236701 0.237568 -0.126037 0.354977 0.080246 0.444796 0.263978 -0.347098 0.189579 0.243370 0.373455 0.320055 0.195866 0.315019 -0.063838 0.341374 -0.090608 0.327483 0.290718 -0.018066 0.106810 -0.033612 -0.092749 -0.598187 -0.566963 -0.627253 -0.466548 -0.555990 -0.425497 -0.235273 -0.266665 0.096230 -0.062232 -0.458582 -0.472785 0.044026 -0.002862 -0.178657 -0.229376 -0.451056 0.065906 -0.516770 -0.529293 0.110211 -0.051175 0.140206 0.026574 -0.004551 0.059116 0.194633 0.007040 0.467326 0.193388 0.088232 -0.036910 -0.050952 -0.017489 0.339294 0.336286 0.304884 -0.179144 -0.063748 -0.342261 -0.031587 -0.185544 0.339881 0.176548 0.183368 0.128067 0.287171 0.047592 -0.008165 -0.113700 -0.235423 -0.194572 -0.229144 -0.117554 -0.256144 -0.116224 0.030094 0.399011 -0.543380 -0.490371 -0.512172 -0.544914 -0.443416 -0.450504 0.254058 0.343423 -0.263534 0.087459 -0.240945 -0.346311 0.059014 -0.192719 -0.540947 -0.469587 -0.502624 -0.428947 -0.220056 -0.217886 -0.452152 -0.416199
-0.120854 -0.194123 0.629975 0.690570 0.643788 0.543033 0.683923 1.000000 0.534448 0.655968 0.453096 0.223855 0.258889 0.381398 0.532096 0.223293 -0.003639 -0.234771 0.250491 0.066729 -0.239519 0.164384 0.369672 0.625536 0.535809 0.458300 0.439526 0.218492 0.119097 -0.321128 0.563491 0.538781 -0.353636 -0.188401 -0.194357 0.007150 -0.657475 -0.649497 -0.384345 -0.328833 -0.499558 -0.534863 -0.127321 -0.165845 -0.055918 0.093523 -0.470208 -0.263077 -0.166992 -0.175413 -0.259760 -0.141859 -0.404247 0.121046 -0.481661 -0.368027 -0.183912 -0.079204 -0.056142 -0.017483 -0.351054 -0.056044 -0.181129 -0.301025 0.324725 0.255738 -0.094663 0.159889 -0.063933 0.060382 0.284821 0.193439 0.087253 -0.371165 -0.259442 -0.432366 -0.330864 -0.378919 -0.028802 -0.155123 -0.142531 -0.203222 0.293903 0.118970 -0.021229 -0.136663 -0.182484 0.008040 0.032291 -0.000890 -0.122145 -0.002675 0.318375 0.521139 -0.611752 -0.459144 -0.564386 -0.405797 -0.541128 -0.221786 0.323020 0.398230 -0.135346 0.202896 -0.182542 -0.334009 0.088252 -0.293337 -0.534898 -0.432732 -0.313663 -0.311356 -0.176078 -0.280733 -0.478834 -0.388234
-0.224891 -0.336179 0.363379 0.459322 0.814608 0.768209 0.337024 0.534448 1.000000 0.672503 0.165417 -0.164486 -0.043170 0.062586 0.654712 0.310896 0.121872 -0.288334 0.081382 -0.029646 0.109396 0.165953 0.330587 0.408194 0.661660 0.512996 0.640441 0.459140 0.149292 -0.233617 0.449806 0.343656 -0.330989 -0.205199 -0.242048 0.005954 -0.395330 -0.618472 -0.122070 -0.324410 -0.336844 -0.464129 -0.319328 -0.385197 -0.264489 -0.239614 -0.325631 -0.332864 -0.249867 -0.215759 -0.356326 -0.216377 -0.317493 0.176917 -0.330224 -0.312872 -0.194584 0.005143 -0.128179 0.043394 -0.316643 -0.097905 -0.076601 -0.268079 0.139917 0.100793 -0.089837 -0.019917 -0.000441 0.067077 0.316824 -0.037625 0.172313 -0.332606 -0.120935 -0.439250 -0.279201 -0.494285 -0.026775 -0.220733 -0.068128 -0.222245 0.311188 -0.074685 0.045106 -0.310080 0.115477 -0.009142 0.296772 0.060677 -0.032082 0.189472 0.440795 0.564876 -0.429204 -0.434381 -0.533057 -0.400487 -0.335081 -0.201194 0.375004 0.400373 -0.001833 0.245100 -0.004098 -0.071628 -0.186741 -0.131001 -0.507080 -0.404021 -0.333935 -0.235298 -0.044757 0.015898 -0.289876 -0.143741
-0.112820 -0.244375 0.277186 0.608834 0.634358 0.746154 0.263822 0.655968 0.672503 1.000000 0.055577 -0.141939 -0.140793 0.123051 0.584833 0.479779 -0.094560 -0.346828 0.216686 0.069013 0.069422 0.210160 0.361454 0.534872 0.548636 0.523121 0.450443 0.447094 0.043501 -0.315687 0.399771 0.391391 -0.303551 -0.245707 -0.265133 -0.077448 -0.485957 -0.588094 -0.168480 -0.316348 -0.277245 -0.387586 -0.182327 -0.267367 -0.377632 -0.215506 -0.417170 -0.222818 -0.360169 -0.360804 -0.385609 -0.207756 -0.270937 0.132893 -0.342914 -0.372185 -0.114689 0.036638 -0.133846 0.077123 -0.276678 0.046923 -0.105189 -0.177421 0.075142 0.198692 -0.076595 0.190227 0.005262 0.143531 0.218978 -0.055316 0.025670 -0.438996 -0.218159 -0.525872 -0.373881 -0.561437 -0.077347 -0.313654 -0.183433 -0.328743 0.146310 0.095328 -0.031778 -0.235438 0.017205 -0.030889 0.054299 0.111210 -0.021781 0.115582 0.488672 0.571658 -0.529524 -0.471386 -0.694551 -0.375190 -0.446080 -0.076120 0.469118 0.491984 0.198532 0.372199 0.036865 -0.081833 -0.218356 -0.269834 -0.473161 -0.515801 -0.262753 -0.195907 -0.002165 0.013331 -0.334642 -0.288273
0.141337 0.020961 0.487147 0.125149 0.389802 0.067457 0.580631 0.453096 0.165417 0.055577 1.000000 0.506951 0.494150 0.539214 0.296203 0.050148 0.260459 0.162570 0.136386 -0.164032 -0.402995 0.145585 0.214943 0.234081 0.175118 0.083522 0.367454 0.115123 0.179676 -0.116689 0.290847 0.216527 -0.166844 -0.041255 0.170313 -0.031802 -0.343032 -0.345304 -0.334511 -0.236714 -0.407369 -0.274748 -0.147155 -0.225271 0.194297 -0.019366 -0.316025 -0.386383 0.234563 0.027841 0.175344 0.004062 -0.242733 0.080557 -0.284383 -0.386127 -0.058057 -0.236085 0.151693 -0.081102 0.122248 0.089589 0.074793 -0.116066 0.507282 0.309107 0.077334 -0.165824 -0.177202 -0.237349 0.291437 0.332462 0.205998 0.119842 0.102852 -0.147785 0.193856 0.034027 0.382813 0.215073 -0.023415 0.025967 0.005147 0.061347 0.068761 0.201248 -0.093305 0.209832 -0.150265 -0.035290 -0.382905 -0.123854 -0.133626 0.099556 -0.332308 -0.208715 -0.306957 -0.322278 -0.551082 -0.398625 -0.173648 -0.085710 -0.459692 -0.270167 -0.425836 -0.307420 0.075777 -0.118195 -0.272427 -0.098427 -0.435623 -0.432774 -0.455576 -0.298751 -0.219996 -0.204969
0.205058 0.217893 0.122484 -0.020381 0.013662 -0.141747 0.310660 0.223855 -0.164486 -0.141939 0.506951 1.000000 0.196813 0.540223 -0.079924 -0.118670 0.324053 0.652291 0.081937 -0.009886 -0.217483 0.102935 -0.190899 -0.047565 -0.214719 -0.267644 -0.029018 -0.164525 0.342049 0.491617 0.061812 0.140130 0.256154 0.259662 0.148929 -0.061319 0.040916 0.168539 -0.107539 0.056095 -0.025714 0.258696 -0.171604 -0.162190 0.300586 0.216254 -0.221338 -0.315660 0.221341 0.201454 0.019844 0.033342 -0.348694 -0.191713 -0.199376 -0.234430 0.144550 -0.331137 0.115106 -0.305497 0.163976 0.019470 0.089809 0.140027 0.383563 0.237771 -0.211717 -0.285876 -0.341241 -0.349773 -0.000719 0.291142 0.355625 0.512278 0.328884 0.289860 0.503737 0.585636 0.523047 0.628735 0.164003 0.444154 0.120174 0.319154 0.071144 0.420101 -0.058647 0.154772 -0.135199 -0.024552 -0.467244 -0.644007 -0.423489 -0.402458 -0.261695 0.034122 -0.073902 -0.161893 -0.380735 -0.503445 -0.345204 -0.464543 -0.484270 -0.444847 -0.505030 -0.478463 0.071997 -0.225744 -0.028009 0.306423 -0.269411 -0.557764 -0.375530 -0.464811 -0.236919 -0.282281
-0.223524 0.054466 0.170191 -0.057803 -0.006707 -0.085506 0.232674 0.258889 -0.043170 -0.140793 0.494150 0.196813 1.000000 0.618658 0.100393 0.158607 -0.070186 -0.233317 -0.240597 -0.240866 -0.126731 -0.058696 0.092413 0.072665 -0.009561 -0.108559 0.102026 -0.138787 -0.039863 -0.151026 0.274722 0.072906 -0.242585 -0.211392 0.034876 0.070981 -0.183463 -0.049286 -0.097858 0.062324 -0.191100 -0.174353 0.142088 0.031986 0.155747 0.007137 -0.073137 -0.022930 0.290305 0.051166 0.172918 0.138013 0.222693 0.216198 0.106013 0.032486 -0.303055 -0.138104 0.091141 0.259588 -0.052321 0.286816 -0.156251 -0.200161 -0.153282 0.105404 0.092696 -0.103522 0.073441 0.113977 0.306612 0.403470 0.006692 0.020607 -0.061150 -0.131010 -0.126241 0.006160 -0.141642 -0.180597 -0.210675 -0.294419 0.098145 -0.288230 -0.303438 -0.111564 -0.047600 0.038371 -0.125198 0.095456 0.239633 0.156294 0.003748 0.223799 -0.094743 -0.097465 0.030450 -0.028815 -0.026386 -0.091570 0.023433 0.146470 -0.100996 -0.216190 -0.212187 -0.248668 0.244883 -0.081332 -0.148377 0.031324 0.000351 0.036964 -0.061717 -0.183748 -0.104190 -0.134885
-0.210111 0.018807 0.111190 0.104094 0.231599 0.144990 0.236701 0.381398 0.062586 0.123051 0.539214 0.540223 0.618658 1.000000 0.204638 0.231468 0.018823 0.022121 -0.080331 -0.311497 -0.187375 0.118210 0.197964 0.161367 0.166954 0.055589 0.363173 0.245508 -0.009862 0.014821 0.454488 0.330058 -0.278500 -0.280655 -0.035456 0.062882 -0.224006 -0.070620 -0.090016 0.135827 -0.317653 -0.079592 0.013938 -0.066970 0.112891 0.115691 -0.308305 -0.232571 0.172595 0.006214 0.059494 0.089879 -0.172829 0.023621 -0.084008 -0.041926 -0.217273 -0.325248 0.110999 0.093449 -0.162610 0.062407 -0.277166 -0.283374 -0.129969 0.075315 -0.036105 -0.161937 0.021632 -0.088826 0.407029 0.430891 0.144703 0.291441 0.074357 0.031411 0.120957 0.121503 0.040073 0.023535 -0.316470 -0.176097 0.032986 -0.063361 -0.286251 0.066666 0.199854 0.384762 -0.004457 0.335669 -0.073733 -0.174446 0.020756 0.072557 -0.263399 -0.022983 -0.118415 -0.011397 -0.410177 -0.230651 -0.091170 -0.098065 -0.348064 -0.330669 -0.390871 -0.351721 0.179996 -0.136752 -0.097399 0.091059 -0.187297 -0.282961 -0.260663 -0.281747 -0.201880 -0.156579
-0.134021 -0.320510 0.281615 0.621010 0.807278 0.733369 0.237568 0.532096 0.654712 0.584833 0.296203 -0.079924 0.100393 0.204638 1.000000 0.357213 0.070199 -0.261122 0.257303 0.092707 0.013542 0.480264 0.406892 0.465649 0.792869 0.721659 0.789055 0.748818 0.189492 -0.221334 0.480815 0.376746 -0.257838 -0.237669 -0.013070 0.123452 -0.278459 -0.516164 -0.026726 -0.140626 -0.213342 -0.303434 -0.343584 -0.422832 -0.326781 -0.224639 -0.431366 -0.386147 -0.350907 -0.523268 -0.405509 -0.426969 -0.487722 -0.014305 -0.353287 -0.230548 -0.086368 -0.081494 -0.240834 -0.185496 -0.415530 -0.328273 -0.209914 -0.300596 0.143095 -0.101533 -0.158835 0.004365 0.012248 0.270718 0.232022 0.045427 0.197500 -0.216990 -0.013056 -0.371802 -0.160678 -0.272537 0.064279 -0.130043 -0.047958 -0.113241 0.471797 0.248714 0.208882 -0.007301 0.215265 0.388813 0.374923 0.238050 -0.224968 -0.000938 0.317055 0.556490 -0.461574 -0.509134 -0.445247 -0.446563 -0.495318 -0.307512 0.193541 0.344932 -0.089454 0.131703 -0.226074 -0.265606 -0.298360 -0.457474 -0.506176 -0.399663 -0.270733 -0.389291 -0.091414 -0.209194 -0.444266 -0.330523
-0.217982 -0.247550 -0.097874 0.207268 0.219069 0.531428 -0.126037 0.223293 0.310896 0.479779 0.050148 -0.118670 0.158607 0.231468 0.357213 1.000000 -0.353538 -0.382118 -0.143842 -0.271281 0.194776 0.040184 0.389603 0.301111 0.296963 0.184977 0.335257 0.345172 -0.379264 -0.336265 0.098332 0.030788 -0.470813 -0.456310 -0.072566 -0.044809 -0.095255 -0.140647 0.306097 0.195107 -0.017592 -0.202523 0.123992 -0.017740 -0.209416 -0.065111 -0.040335 -0.039853 -0.005508 -0.149464 0.162561 0.104431 0.212346 0.140311 0.273686 0.067057 -0.161364 -0.223386 -0.165595 -0.068250 -0.115415 -0.017207 -0.263895 -0.399470 -0.100343 0.052959 -0.201676 0.053566 -0.155048 0.017455 0.057584 -0.155100 -0.310240 -0.211114 -0.196137 -0.371325 -0.375153 -0.365464 -0.274189 -0.351905 -0.557514 -0.585704 0.116170 -0.176471 0.009209 -0.080352 0.228953 0.015754 0.387698 0.464249 0.095175 0.141781 0.485232 0.310688 -0.104066 -0.154655 -0.208484 -0.041198 -0.114268 0.100841 0.307902 0.310733 0.285811 0.254242 -0.147170 0.064496 -0.009570 -0.117710 -0.152158 -0.038509 -0.083074 -0.003354 0.161433 0.161970 0.025859 -0.092947
0.224140 0.039326 0.274960 0.180261 0.318911 0.103368 0.354977 -0.003639 0.121872 -0.094560 0.260459 0.324053 -0.070186 0.018823 0.070199 -0.353538 1.000000 0.636409 0.203942 0.197508 0.022520 0.308876 -0.074690 0.023869 0.171807 0.066836 0.270707 0.053218 0.711269 0.510122 0.225576 0.244655 0.353954 0.378109 0.044625 -0.134540 -0.005216 -0.116597 -0.309607 -0.328867 -0.212082 0.043254 -0.364358 -0.420275 0.016624 -0.213328 -0.326199 -0.575679 -0.187665 -0.064214 -0.344317 -0.365582 -0.491807 -0.075267 -0.456574 -0.464650 0.612043 0.193328 -0.139435 -0.123669 0.174229 0.011175 0.691753 0.543179 0.166542 -0.111127 -0.203924 -0.489666 -0.025012 -0.250551 0.297053 0.367073 0.720368 0.406523 0.423554 0.178512 0.463263 0.293585 0.672870 0.647893 0.552797 0.619479 0.167574 0.116237 -0.003003 0.036488 0.044112 -0.081771 -0.163834 -0.290369 -0.450385 -0.482591 -0.343938 -0.067378 -0.256024 -0.264320 -0.287697 -0.448276 -0.289031 -0.502494 -0.064494 -0.071776 -0.275204 -0.239693 -0.418817 -0.300671 -0.289795 -0.269403 -0.328457 -0.110483 -0.556309 -0.503029 -0.393674 -0.176957 -0.233378 -0.329747
0.309001 0.185281 -0.022229 -0.115645 -0.098735 -0.290689 0.080246 -0.234771 -0.288334 -0.346828 0.162570 0.652291 -0.233317 0.022121 -0.261122 -0.382118 0.636409 1.000000 0.112410 0.170620 -0.013938 0.188458 -0.268762 -0.221780 -0.274031 -0.284134 -0.136592 -0.202216 0.522021 0.750216 -0.124734 0.011724 0.517516 0.506849 0.193276 -0.110621 0.319988 0.342831 -0.021157 0.074289 0.161305 0.397842 -0.260793 -0.219224 0.175311 0.078443 -0.178484 -0.386585 -0.000245 0.094353 -0.116112 -0.219510 -0.380710 -0.416506 -0.242011 -0.281564 0.486444 -0.070762 0.004130 -0.404878 0.325138 -0.074164 0.405768 0.486712 0.343906 -0.036638 -0.194868 -0.410461 -0.230769 -0.351158 -0.075713 0.167121 0.494538 0.625680 0.423870 0.520323 0.674475 0.677628 0.745992 0.898835 0.489405 0.749125 -0.009832 0.367447 0.189915 0.340027 -0.078927 -0.013381 -0.128195 -0.243744 -0.602539 -0.711395 -0.595982 -0.613404 -0.030414 0.172930 0.038520 -0.054584 -0.222694 -0.437910 -0.450709 -0.591631 -0.389802 -0.366587 -0.339695 -0.204861 -0.164773 -0.144692 0.142801 0.341269 -0.273525 -0.509561 -0.342842 -0.279818 -0.005414 -0.110247
0.633036 0.459803 0.528451 0.624536 0.344358 0.190966 0.444796 0.250491 0.081382 0.216686 0.136386 0.081937 -0.240597 -0.080331 0.257303 -0.143842 0.203942 0.112410 1.000000 0.636082 -0.244178 0.321672 -0.082345 0.031880 0.323877 0.345362 0.216132 0.204275 0.216780 -0.073310 0.020905 0.058188 0.384246 0.344669 -0.030725 -0.198127 -0.374277 -0.465561 -0.424051 -0.430402 -0.320020 -0.251100 -0.199653 -0.222340 -0.047684 -0.248302 -0.222900 -0.410867 -0.012546 -0.136487 -0.279339 -0.256719 -0.364018 -0.115596 -0.421358 -0.501996 0.356996 0.218759 0.167830 -0.009324 0.181180 0.028134 0.245920 0.277701 0.314806 0.045933 0.205267 0.038363 0.074172 0.144450 -0.186606 -0.059933 0.204839 -0.155239 0.039017 -0.354461 0.042042 -0.194961 0.313381 0.115002 0.107040 0.228787 0.103763 0.128247 -0.024278 -0.093980 -0.080453 -0.039711 -0.143910 -0.240398 -0.355092 -0.354333 0.003889 0.197173 -0.345022 -0.509513 -0.272519 -0.560052 -0.412014 -0.460943 0.234847 0.184373 -0.046929 0.018246 -0.103553 -0.346576 -0.117406 -0.262785 -0.486883 -0.448423 -0.427620 -0.420585 -0.080383 -0.192644 -0.390004 -0.480935
0.546697 0.445727 0.338610 0.494825 0.158480 -0.008707 0.263978 0.066729 -0.029646 0.069013 -0.164032 -0.009886 -0.240866 -0.311497 0.092707 -0.271281 0.197508 0.170620 0.636082 1.000000 -0.126013 0.195168 -0.149282 -0.018995 0.078691 0.124861 0.070249 -0.081001 0.190358 0.099689 -0.173784 -0.077362 0.482659 0.546578 -0.091040 0.025031 -0.216271 -0.278970 -0.317776 -0.224806 -0.163565 -0.036549 -0.413618 -0.383693 -0.185239 -0.231316 -0.307662 -0.354273 -0.229752 -0.291892 -0.518242 -0.520572 -0.267432 -0.365690 -0.392334 -0.533779 0.407068 0.464662 0.182978 0.014253 0.167294 0.124725 0.202756 0.493250 0.185118 -0.027117 0.250109 0.142577 0.347916 0.580938 -0.246470 -0.148045 0.047128 -0.201859 -0.178903 -0.265643 -0.091721 -0.080330 0.171768 0.122726 0.368561 0.418005 0.148689 0.351125 -0.001294 -0.181729 -0.287776 -0.311068 0.011834 -0.302445 -0.170112 -0.232900 -0.131433 0.128705 -0.214207 -0.420720 -0.140137 -0.414715 -0.068503 -0.407520 0.190211 0.092487 0.008114 0.123929 0.037175 -0.378164 -0.202963 -0.230823 -0.262411 -0.349028 -0.263783 -0.326834 -0.006358 -0.334440 -0.460243 -0.414713
-0.293555 -0.379221 -0.336399 -0.042097 -0.154575 0.097495 -0.347098 -0.239519 0.109396 0.069422 -0.402995 -0.217483 -0.126731 -0.187375 0.013542 0.194776 0.022520 -0.013938 -0.244178 -0.126013 1.000000 0.141494 0.098597 0.102549 -0.001427 0.149213 -0.077387 0.024501 0.218615 0.447320 0.137844 0.136958 0.191063 0.189612 -0.121673 -0.082557 0.403511 0.375773 0.278436 0.044172 0.463015 0.342457 -0.081338 -0.180382 -0.397820 -0.218032 -0.042072 -0.087499 -0.465824 -0.325944 -0.283822 -0.324228 -0.069187 -0.024519 -0.024237 0.069874 -0.054996 -0.068378 -0.527786 -0.250127 -0.196721 -0.058454 0.104061 0.066551 -0.230573 -0.154524 -0.281851 -0.214258 -0.087133 -0.077488 -0.082581 -0.061850 0.216281 0.251160 0.191849 0.159953 -0.084789 -0.019445 -0.046240 0.057301 0.174593 0.120838 0.341552 -0.025045 0.261432 0.263784 0.409083 0.017542 0.087022 0.197570 0.022258 -0.206488 -0.005764 -0.230531 0.135465 0.140614 -0.094692 0.109582 -0.034211 -0.013500 -0.054098 0.001615 0.084832 -0.094220 -0.037654 0.128420 -0.367259 -0.201242 0.168427 0.029292 0.063277 0.108941 -0.061004 0.268032 0.242104 0.061469
0.009006 -0.142619 0.187370 0.441279 0.396683 0.330843 0.189579 0.164384 0.165953 0.210160 0.145585 0.102935 -0.058696 0.118210 0.480264 0.040184 0.308876 0.188458 0.321672 0.195168 0.141494 1.000000 0.179328 0.306974 0.538752 0.561967 0.477884 0.442298 0.465357 0.186340 0.488492 0.500263 0.115400 0.097882 0.221031 0.105460 0.016423 -0.193050 -0.142655 -0.172364 -0.037215 -0.120343 -0.216803 -0.234549 0.001438 0.044274 -0.400380 -0.438776 -0.340223 -0.301721 -0.333542 -0.392196 -0.560233 -0.213500 -0.501107 -0.320788 0.256796 0.028909 -0.239500 -0.256526 -0.323078 -0.302908 0.035031 -0.006715 0.135817 -0.201291 -0.264671 -0.151986 -0.029844 0.018709 0.268420 0.406200 0.416654 0.140986 0.138190 -0.007706 0.115545 0.091254 0.439815 0.246367 0.186713 0.316067 0.338911 0.382541 0.207167 0.168540 0.205623 0.287844 0.086647 -0.066214 -0.492564 -0.361335 -0.095557 0.142263 -0.351287 -0.321727 -0.260647 -0.407783 -0.428394 -0.308345 -0.025389 0.065300 -0.136335 -0.127833 -0.302405 -0.303331 -0.390640 -0.500939 -0.385601 -0.135422 -0.378969 -0.431950 -0.269722 -0.315557 -0.348809 -0.406115
-0.274539 -0.580354 0.357380 0.453395 0.442168 0.520251 0.243370 0.369672 0.330587 0.361454 0.214943 -0.190899 0.092413 0.197964 0.406892 0.389603 -0.074690 -0.268762 -0.082345 -0.149282 0.098597 0.179328 1.000000 0.820566 0.469454 0.511263 0.518346 0.494279 -0.066169 -0.402562 0.490218 0.405380 -0.561451 -0.520552 -0.212003 -0.083969 -0.334611 -0.335805 0.005662 0.082597 -0.237757 -0.359847 -0.063222 -0.141812 -0.333319 -0.048711 -0.316756 -0.107778 -0.299813 -0.405117 0.031183 -0.306281 -0.242130 0.026212 -0.159408 -0.053792 -0.153901 -0.210871 -0.283235 -0.109791 -0.475538 -0.378354 -0.287837 -0.521746 -0.019410 -0.255519 0.004523 0.085975 0.149404 0.186239 0.349045 0.218280 -0.145086 -0.332578 -0.299675 -0.338670 -0.394597 -0.429340 -0.027348 -0.163772 -0.080905 -0.323598 0.277152 -0.072701 0.291318 -0.014907 0.302811 0.209220 0.312773 0.477762 -0.086463 0.197137 0.255236 0.352335 -0.158064 -0.178191 -0.325637 -0.005236 -0.290510 0.097639 -0.003315 0.365154 -0.223507 0.286903 -0.046238 0.213740 -0.146920 -0.029342 -0.146601 -0.337943 0.022297 -0.013298 -0.058167 0.177192 0.008737 -0.002771
-0.331290 -0.508033 0.436112 0.616621 0.502790 0.560801 0.373455 0.625536 0.408194 0.534872 0.234081 -0.047565 0.072665 0.161367 0.465649 0.301111 0.023869 -0.221780 0.031880 -0.018995 0.102549 0.306974 0.820566 1.000000 0.567817 0.672732 0.476943 0.378932 0.184309 -0.317449 0.678540 0.679962 -0.431897 -0.326113 -0.154725 -0.043074 -0.419542 -0.441951 -0.184705 -0.160948 -0.269120 -0.392279 -0.098611 -0.146628 -0.220348 0.033521 -0.431364 -0.127275 -0.380813 -0.337584 -0.146718 -0.284497 -0.375133 0.104333 -0.465934 -0.255347 -0.102161 -0.067132 -0.345605 -0.131908 -0.459775 -0.252763 -0.139976 -0.303986 0.160056 -0.052071 -0.146039 0.091092 -0.024474 0.087251 0.376193 0.298146 0.039328 -0.373671 -0.254679 -0.365331 -0.450865 -0.403219 0.053624 -0.151513 -0.003608 -0.185829 0.382365 0.161272 0.200415 0.000372 0.110496 0.142000 0.103164 0.204139 -0.158475 0.069107 0.187922 0.389671 -0.464617 -0.334504 -0.581529 -0.230602 -0.485154 -0.054029 0.078752 0.404722 -0.214705 0.202711 -0.216598 -0.101966 -0.200631 -0.270391 -0.307729 -0.400111 -0.158888 -0.188788 -0.254295 -0.063513 -0.225045 -0.262483
-0.228988 -0.327360 0.388958 0.686814 0.822018 0.801276 0.320055 0.535809 0.661660 0.548636 0.175118 -0.214719 -0.009561 0.166954 0.792869 0.296963 0.171807 -0.274031 0.323877 0.078691 -0.001427 0.538752 0.469454 0.567817 1.000000 0.899610 0.834039 0.735776 0.207065 -0.329905 0.657338 0.527614 -0.342449 -0.262698 -0.109804 0.086973 -0.401334 -0.661123 -0.212613 -0.304002 -0.425117 -0.593151 -0.174107 -0.245786 -0.198345 -0.082705 -0.403481 -0.372226 -0.368799 -0.366409 -0.354504 -0.347010 -0.473303 0.114370 -0.466244 -0.289567 0.014414 0.048891 -0.208286 0.012513 -0.477616 -0.347841 -0.103634 -0.265917 0.033794 -0.210134 -0.143507 0.008063 0.057072 0.115419 0.418377 0.127555 0.228290 -0.318857 -0.132164 -0.394837 -0.292332 -0.412704 0.035675 -0.161302 -0.134319 -0.162398 0.379951 0.018555 0.010083 -0.202399 0.191463 0.269357 0.236061 0.042008 -0.148811 0.016132 0.451661 0.652673 -0.436150 -0.511668 -0.446909 -0.437001 -0.457886 -0.153512 0.385115 0.496679 0.027957 0.237146 -0.171590 -0.171256 -0.145642 -0.278650 -0.571002 -0.438897 -0.333756 -0.265824 -0.036846 -0.061327 -0.384438 -0.320236
-0.254866 -0.377890 0.295707 0.676483 0.656727 0.662639 0.195866 0.458300 0.512996 0.523121 0.083522 -0.267644 -0.108559 0.055589 0.721659 0.184977 0.066836 -0.284134 0.345362 0.124861 0.149213 0.561967 0.511263 0.672732 0.899610 1.000000 0.654180 0.693964 0.276066 -0.277617 0.682368 0.630471 -0.244056 -0.175348 -0.071442 0.056206 -0.289734 -0.515659 -0.152655 -0.282966 -0.237460 -0.451957 -0.149840 -0.220149 -0.255758 -0.075139 -0.371349 -0.302623 -0.496515 -0.465664 -0.367096 -0.395515 -0.486713 0.077958 -0.540291 -0.267796 -0.025488 0.046926 -0.306407 -0.088177 -0.518501 -0.380841 -0.116872 -0.224719 0.061529 -0.212911 -0.116704 0.012038 0.030068 0.135639 0.313451 0.166292 0.225068 -0.305208 -0.102973 -0.311933 -0.333429 -0.394697 0.052032 -0.183911 -0.026861 -0.079726 0.379546 0.181422 0.158460 -0.035553 0.193586 0.392630 0.138629 0.018951 -0.181948 -0.025600 0.349005 0.490194 -0.390132 -0.400508 -0.460764 -0.317357 -0.527844 -0.077363 0.240033 0.416010 -0.003711 0.165829 -0.105949 -0.115038 -0.211144 -0.290371 -0.419844 -0.430554 -0.244554 -0.200901 -0.121959 -0.023093 -0.257824 -0.253104
-0.124468 -0.234964 0.386030 0.552190 0.862438 0.706114 0.315019 0.439526 0.640441 0.450443 0.367454 -0.029018 0.102026 0.363173 0.789055 0.335257 0.270707 -0.136592 0.216132 0.070249 -0.077387 0.477884 0.518346 0.476943 0.834039 0.654180 1.000000 0.783078 0.080596 -0.249027 0.523491 0.351769 -0.346016 -0.277814 -0.084811 0.134867 -0.412509 -0.589179 -0.211424 -0.145252 -0.538386 -0.430306 -0.364799 -0.392778 -0.212162 -0.139472 -0.521090 -0.455622 -0.214475 -0.365340 -0.318139 -0.396345 -0.490137 -0.073462 -0.418779 -0.316350 0.046243 0.081275 -0.069258 0.029458 -0.332863 -0.262662 -0.142263 -0.247748 -0.002144 -0.166916 -0.039338 0.005869 0.200040 0.210385 0.401328 0.151382 0.137598 -0.133544 -0.122732 -0.378702 -0.129351 -0.294590 0.094140 -0.038938 -0.094892 -0.101564 0.270779 0.024378 -0.023995 -0.190318 0.268919 0.308834 0.401204 0.258271 -0.246494 0.024281 0.241716 0.518546 -0.396870 -0.505103 -0.347901 -0.442148 -0.447332 -0.343932 0.135162 0.275284 -0.201837 0.136064 -0.304100 -0.264120 -0.224937 -0.279815 -0.533996 -0.410280 -0.383729 -0.398353 -0.154443 -0.252786 -0.450715 -0.325190
-0.200747 -0.335010 0.030362 0.444290 0.670581 0.695587 -0.063838 0.218492 0.459140 0.447094 0.115123 -0.164525 -0.138787 0.245508 0.748818 0.345172 0.053218 -0.202216 0.204275 -0.081001 0.024501 0.442298 0.494279 0.378932 0.735776 0.693964 0.783078 1.000000 -0.003098 -0.261361 0.459328 0.310797 -0.373909 -0.443267 -0.113887 -0.035414 -0.147054 -0.360390 0.159234 0.070749 -0.193246 -0.261971 -0.152863 -0.247071 -0.345202 -0.174031 -0.244942 -0.237308 -0.360352 -0.456940 -0.231889 -0.277407 -0.379753 -0.001950 -0.179677 -0.031048 -0.032500 -0.099656 -0.261828 -0.094891 -0.444505 -0.447775 -0.249730 -0.365138 -0.205681 -0.389503 -0.168375 -0.083120 0.092054 0.107135 0.264413 0.039203 0.113961 -0.074852 0.036165 -0.187625 -0.069707 -0.264480 -0.025265 -0.140777 -0.242354 -0.224825 0.089460 0.069390 0.078307 -0.046289 0.444351 0.607949 0.386595 0.305462 -0.166977 0.032741 0.364223 0.384939 -0.092654 -0.164266 -0.201239 -0.099498 -0.406632 -0.020646 0.086489 0.185184 -0.030720 0.103385 -0.122821 -0.025639 -0.215019 -0.201611 -0.243187 -0.189840 -0.128590 -0.205703 0.004897 0.041424 -0.090999 -0.025932
0.088449 -0.111391 0.195780 0.290245 0.244964 0.128041 0.341374 0.119097 0.149292 0.043501 0.179676 0.342049 -0.039863 -0.009862 0.189492 -0.379264 0.711269 0.522021 0.216780 0.190358 0.218615 0.465357 -0.066169 0.184309 0.207065 0.276066 0.080596 -0.003098 1.000000 0.595529 0.473027 0.541618 0.395972 0.394948 0.050696 -0.197823 0.114072 -0.050722 -0.220446 -0.345761 0.128209 0.111437 -0.280870 -0.391168 -0.003431 -0.203980 -0.278153 -0.476352 -0.415541 -0.174303 -0.500354 -0.449262 -0.601964 0.018570 -0.596464 -0.441803 0.341736 -0.070829 -0.301574 -0.279190 -0.050458 -0.070693 0.520250 0.426006 0.289978 -0.092300 -0.287806 -0.529432 -0.181933 -0.244931 0.312873 0.423694 0.906818 0.331680 0.513458 0.256920 0.323545 0.297540 0.693103 0.522425 0.629711 0.638350 0.395248 0.413260 0.236659 0.263607 -0.025567 0.057776 -0.319948 -0.379757 -0.460312 -0.551916 -0.316860 -0.038063 -0.397738 -0.250846 -0.448494 -0.416373 -0.415737 -0.436454 -0.082203 -0.001816 -0.285486 -0.345872 -0.349639 -0.361691 -0.357915 -0.424023 -0.288782 -0.086088 -0.372360 -0.475083 -0.330461 -0.131075 -0.226269 -0.347016
0.102404 0.027201 -0.237453 -0.170667 -0.238307 -0.302443 -0.090608 -0.321128 -0.233617 -0.315687 -0.116689 0.491617 -0.151026 0.014821 -0.221334 -0.336265 0.510122 0.750216 -0.073310 0.099689 0.447320 0.186340 -0.402562 -0.317449 -0.329905 -0.277617 -0.249027 -0.261361 0.595529 1.000000 -0.051139 0.065348 0.623625 0.566310 0.156406 -0.058136 0.541885 0.596950 0.132147 0.120146 0.437039 0.694912 -0.286115 -0.270517 0.012581 -0.063737 -0.145007 -0.324512 -0.163585 -0.044240 -0.357564 -0.306787 -0.377210 -0.358612 -0.181442 -0.095190 0.277923 -0.160503 -0.194552 -0.421980 0.141438 -0.063559 0.327264 0.449056 0.067808 -0.106640 -0.304639 -0.469462 -0.228589 -0.282622 -0.076751 0.169846 0.633821 0.785656 0.600940 0.670014 0.623887 0.703841 0.513589 0.728801 0.497940 0.720942 0.199625 0.400650 0.193961 0.436822 0.100876 0.034955 -0.136666 -0.086711 -0.372770 -0.671544 -0.511843 -0.601876 0.025867 0.239442 0.045925 0.041330 -0.147243 -0.422726 -0.367465 -0.525548 -0.306440 -0.481906 -0.338130 -0.272426 -0.257679 -0.299031 0.228379 0.356982 -0.148666 -0.397043 -0.328985 -0.188109 0.054241 -0.038250
-0.497859 -0.421255 0.262036 0.524212 0.541508 0.521902 0.327483 0.563491 0.449806 0.399771 0.290847 0.061812 0.274722 0.454488 0.480815 0.098332 0.225576 -0.124734 0.020905 -0.173784 0.137844 0.488492 0.490218 0.678540 0.657338 0.682368 0.523491 0.459328 0.473027 -0.051139 1.000000 0.892642 -0.368062 -0.299192 -0.150922 -0.053489 -0.221218 -0.364443 -0.142447 -0.159468 -0.204452 -0.363085 -0.049417 -0.164206 -0.081993 -0.008325 -0.375735 -0.259514 -0.456553 -0.275747 -0.318205 -0.253160 -0.464435 0.180624 -0.536701 -0.206897 -0.180767 -0.128373 -0.369909 -0.023591 -0.572018 -0.246469 -0.093282 -0.249383 -0.038961 -0.194106 -0.283157 -0.236130 0.004385 -0.113270 0.662738 0.527908 0.476642 -0.002467 0.073881 -0.043632 -0.175343 -0.199397 0.123396 -0.087840 -0.052379 -0.084833 0.291990 0.131418 -0.022685 -0.024724 0.163294 0.347553 -0.012697 -0.028881 -0.193828 -0.072700 0.163952 0.373507 -0.414601 -0.217498 -0.454896 -0.195084 -0.527706 -0.062704 0.054905 0.284287 -0.282884 -0.142963 -0.337786 -0.309647 -0.111117 -0.337123 -0.339799 -0.189111 -0.239770 -0.228338 -0.320519 -0.123625 -0.217711 -0.197034
-0.385607 -0.419098 0.213530 0.525530 0.420465 0.418224 0.290718 0.538781 0.343656 0.391391 0.216527 0.140130 0.072906 0.330058 0.376746 0.030788 0.244655 0.011724 0.058188 -0.077362 0.136958 0.500263 0.405380 0.679962 0.527614 0.630471 0.351769 0.310797 0.541618 0.065348 0.892642 1.000000 -0.265064 -0.145162 -0.100487 -0.002717 -0.162726 -0.278959 -0.125333 -0.161947 -0.107606 -0.247734 -0.065475 -0.152598 -0.039445 0.075180 -0.385730 -0.271240 -0.502183 -0.259543 -0.299682 -0.239531 -0.508192 0.099371 -0.564909 -0.244292 -0.016727 -0.120661 -0.408049 -0.228703 -0.494248 -0.254677 -0.043498 -0.158815 0.138287 -0.076532 -0.379644 -0.233838 -0.058172 -0.166033 0.534569 0.549345 0.486963 0.031396 0.060369 0.056364 -0.146542 -0.082852 0.222384 -0.007252 0.076630 0.090494 0.352117 0.375931 0.124327 0.121180 0.131213 0.300025 0.034780 -0.072893 -0.288043 -0.219423 0.018673 0.197607 -0.469518 -0.198190 -0.508417 -0.219602 -0.534254 -0.105075 0.004609 0.200783 -0.267222 -0.161502 -0.348823 -0.327362 -0.156727 -0.408344 -0.275758 -0.111847 -0.303739 -0.303999 -0.390702 -0.210532 -0.283317 -0.244099
0.457596 0.475287 -0.013916 -0.084740 -0.317812 -0.427611 -0.018066 -0.353636 -0.330989 -0.303551 -0.166844 0.256154 -0.242585 -0.278500 -0.257838 -0.470813 0.353954 0.517516 0.384246 0.482659 0.191063 0.115400 -0.561451 -0.431897 -0.342449 -0.244056 -0.346016 -0.373909 0.395972 0.623625 -0.368062 -0.265064 1.000000 0.868430 0.329448 -0.001232 0.280356 0.285739 -0.193084 -0.265446 0.210418 0.451432 -0.240358 -0.181824 0.121113 -0.168553 0.054081 -0.227384 0.070579 0.108132 -0.294898 -0.176923 -0.179870 -0.254939 -0.244609 -0.290115 0.322699 0.192648 0.152457 -0.131944 0.456032 0.227743 0.424003 0.705923 0.197834 0.149264 0.192335 -0.101516 -0.083354 0.046914 -0.411420 -0.121795 0.372536 0.375003 0.449065 0.174113 0.518787 0.444902 0.399975 0.518602 0.438783 0.636492 0.048150 0.180785 0.026711 0.231099 -0.224716 -0.213483 -0.399552 -0.384032 -0.358409 -0.514107 -0.420334 -0.404947 -0.097103 -0.128116 0.052060 -0.312900 -0.066817 -0.510638 -0.195161 -0.414517 -0.136494 -0.384313 -0.107207 -0.295789 -0.369636 -0.280261 0.011210 -0.007120 -0.195161 -0.323880 -0.150191 -0.176759 -0.117875 -0.314738
0.405151 0.460868 0.093702 -0.030884 -0.219882 -0.416376 0.106810 -0.188401 -0.205199 -0.245707 -0.041255 0.259662 -0.211392 -0.280655 -0.237669 -0.456310 0.378109 0.506849 0.344669 0.546578 0.189612 0.097882 -0.520552 -0.326113 -0.262698 -0.175348 -0.277814 -0.443267 0.394948 0.566310 -0.299192 -0.145162 0.868430 1.000000 0.229891 0.184879 0.134128 0.128541 -0.301883 -0.367286 0.053465 0.253461 -0.348768 -0.300541 0.123763 -0.062002 -0.113686 -0.360710 -0.014524 0.021848 -0.320243 -0.266464 -0.207701 -0.301886 -0.373280 -0.499272 0.331858 0.307533 0.177492 -0.132711 0.427356 0.272532 0.457060 0.721321 0.362497 0.288241 0.161248 -0.075624 -0.008116 0.042319 -0.389239 -0.152895 0.301013 0.264415 0.227453 0.093246 0.328081 0.336310 0.347852 0.506606 0.493387 0.680175 0.087743 0.242229 0.084138 0.206204 -0.294430 -0.290584 -0.277667 -0.478236 -0.336010 -0.511330 -0.389402 -0.384706 -0.136892 -0.150469 -0.034722 -0.353852 -0.119961 -0.536391 -0.147815 -0.404852 -0.128180 -0.318257 -0.123658 -0.322611 -0.261570 -0.220403 -0.034667 -0.026349 -0.313181 -0.323653 -0.241015 -0.285210 -0.218997 -0.275122
-0.110892 0.130337 -0.068148 -0.232509 -0.203991 -0.285065 -0.033612 -0.194357 -0.242048 -0.265133 0.170313 0.148929 0.034876 -0.035456 -0.013070 -0.072566 0.044625 0.193276 -0.030725 -0.091040 -0.121673 0.221031 -0.212003 -0.154725 -0.109804 -0.071442 -0.084811 -0.113887 0.050696 0.156406 -0.150922 -0.100487 0.329448 0.229891 1.000000 0.465890 0.388363 0.292195 0.060639 0.136293 0.133815 0.288867 0.048168 0.137850 0.427150 0.267638 0.188516 0.070406 0.329694 0.258236 0.215478 0.213443 0.021960 -0.175460 0.016557 0.106219 -0.033071 0.007042 0.056709 -0.191248 0.130249 -0.087083 -0.040018 0.112163 0.206172 0.116770 -0.026808 0.119819 -0.247449 -0.074244 -0.054814 0.130364 0.034557 0.284138 0.276094 0.141999 0.448523 0.470867 0.230756 0.291792 -0.041088 0.176607 0.062842 0.197289 0.001705 0.214230 -0.141227 0.124117 -0.159307 -0.151441 -0.337850 -0.051952 -0.195118 -0.214961 -0.123358 0.026691 0.235753 -0.119084 -0.003452 -0.196888 -0.272817 -0.310594 -0.103550 -0.269743 -0.299712 -0.197948 -0.101061 -0.238558 0.104722 0.233770 -0.072256 -0.165502 -0.145372 -0.281165 -0.091418 -0.141036
-0.251898 0.095285 -0.039187 -0.105951 0.010901 -0.101384 -0.092749 0.007150 0.005954 -0.077448 -0.031802 -0.061319 0.070981 0.062882 0.123452 -0.044809 -0.134540 -0.110621 -0.198127 0.025031 -0.082557 0.105460 -0.083969 -0.043074 0.086973 0.056206 0.134867 -0.035414 -0.197823 -0.058136 -0.053489 -0.002717 -0.001232 0.184879 0.465890 1.000000 0.003809 0.021698 -0.038721 0.139155 -0.148862 0.044628 -0.293858 -0.126027 0.115038 0.383625 -0.199784 0.001650 0.117092 -0.082199 -0.078244 -0.067226 0.030256 -0.394770 -0.029136 0.004600 -0.134411 0.258752 0.286150 0.165871 -0.047630 0.010130 -0.326387 -0.021191 -0.045506 0.162210 0.108062 0.415828 0.261221 0.331283 -0.012981 -0.066942 -0.290456 -0.019389 -0.309710 -0.105226 -0.050113 0.158045 -0.209447 0.037569 -0.020687 0.075886 0.162775 0.117077 -0.070483 -0.099956 -0.024323 -0.005069 0.292232 0.113364 0.046402 0.128355 -0.055717 0.010028 -0.130198 -0.122285 0.198565 -0.076870 0.150152 -0.129902 -0.114534 -0.147190 0.035061 0.103271 -0.003130 -0.102900 -0.018744 -0.010760 0.028440 0.059718 0.115304 -0.012021 -0.025390 -0.443983 -0.406485 -0.039434
