1.000000 -0.304480 0.567586 -0.263712 0.227260 -0.172251 0.447004 -0.375645 0.130268 -0.447408 0.616178 -0.241995 0.345577 -0.295291 0.618468 -0.058673 0.544282 -0.119751 0.546770 0.001343 0.234445 0.025735 0.457982 0.096004 0.052210 0.132916 0.174032 0.228192 0.442338 -0.073283 0.502028 0.376563 0.159681 0.168502 0.083501 -0.100070 0.134588 -0.133270 0.113637 -0.247939 0.178254 -0.128007 -0.268443 -0.062547 -0.041131 0.027901 -0.417230 -0.320385 0.026832 -0.275310 0.118485 -0.440475 -0.259703 -0.273857 0.097759 -0.166306 0.182439 0.037992 -0.178950 -0.353398 0.218774 -0.369590 0.144109 -0.128565 0.292634 -0.553164 0.040283 0.008583 -0.049296 -0.159060 0.147985 -0.005824 0.159053 -0.063917 0.017827 -0.049892 0.274221 -0.103012 0.074400 -0.037954 0.148095 0.155324 0.403629 0.047807 0.376287 -0.083362 -0.153511 -0.158085 0.433975 -0.017031 -0.125075 0.024403 -0.320172 -0.006624 -0.170673 -0.211555 -0.269890 -0.332086 -0.232724 -0.363062 -0.316443 -0.015498 -0.213729 0.096601 -0.159060 -0.231417 -0.005910 -0.107594 -0.007230 -0.154968 -0.142278 -0.508418 -0.387697 -0.147067 -0.170836 -0.087066
-0.304480 1.000000 -0.682776 0.227663 -0.406486 -0.168773 -0.336946 0.352977 -0.360144 0.218816 -0.300048 0.719002 -0.053234 0.706108 -0.194488 0.385162 0.107781 0.708626 0.155551 0.506795 -0.350504 0.006633 -0.610522 -0.330015 -0.437247 -0.541759 -0.262789 -0.514069 0.126787 0.559835 -0.430494 -0.329319 0.226157 0.243146 -0.371567 -0.237957 -0.005354 0.141118 -0.275269 -0.209924 -0.206429 -0.125057 -0.119030 -0.235103 -0.515208 -0.664026 -0.047012 -0.153702 -0.325577 0.004162 -0.558216 0.390513 0.051515 0.278335 -0.365579 -0.146418 0.302565 0.409485 0.202289 0.366018 -0.004444 0.574839 0.165163 0.589845 -0.250593 0.458129 -0.388689 -0.535563 0.379745 0.274878 -0.165659 -0.098078 0.269223 0.218175 0.099986 0.204978 0.117237 0.102091 0.255467 0.495134 0.200847 0.393091 -0.146756 0.269892 -0.346997 -0.104686 -0.003613 -0.208628 -0.654671 0.026406 -0.092751 -0.298619 0.043077 -0.467852 0.048532 0.266933 -0.249777 0.191932 -0.050400 0.118470 0.039731 -0.292627 0.038044 -0.128412 0.092845 -0.042583 0.100418 0.220075 -0.051548 -0.015112 -0.324487 0.121973 0.164443 -0.084667 0.305488 -0.209615
0.567586 -0.682776 1.000000 0.057176 0.528771 0.180888 0.710149 -0.058875 0.537638 -0.045837 0.492329 -0.535014 0.025853 -0.525773 0.352136 -0.253373 0.040853 -0.528116 0.167150 -0.347291 0.161537 -0.059147 0.745182 0.528033 0.420892 0.509793 0.216000 0.507833 -0.094321 -0.497162 0.550645 0.433266 -0.254880 -0.060961 0.449435 0.222937 -0.178195 -0.405582 0.057754 -0.081326 0.196624 -0.161210 -0.112986 0.038196 0.239016 0.378879 -0.165257 -0.259349 0.104836 -0.249617 0.396359 -0.570510 -0.312534 -0.397182 0.050546 -0.142449 -0.335034 -0.383029 -0.288954 -0.454935 -0.047536 -0.624565 -0.217069 -0.627425 0.454987 -0.443918 0.311831 0.443672 -0.209632 -0.200433 0.085066 -0.158933 -0.317890 -0.297500 -0.241778 -0.317701 -0.148358 -0.256685 -0.290301 -0.574599 -0.168887 -0.320039 0.335885 -0.101496 0.531976 0.233420 -0.079049 0.036884 0.739526 -0.035235 0.070327 0.195473 -0.109801 0.237067 0.044663 -0.351528 0.006622 -0.184341 -0.233536 -0.392557 0.008494 0.107826 -0.205844 0.056555 -0.169119 -0.042151 -0.103956 -0.220841 -0.081624 -0.095391 0.218832 -0.388763 -0.441088 -0.041562 -0.353048 0.156885
-0.263712 0.227663 0.057176 1.000000 0.046609 0.208376 0.212490 0.720496 0.307023 0.641643 -0.226208 0.130224 -0.233282 0.263691 -0.127884 0.232387 -0.178665 0.161367 0.107913 0.188775 -0.203632 -0.002905 -0.033241 0.463951 0.003339 -0.013019 -0.250214 -0.093515 -0.226953 0.126999 -0.046186 0.144966 -0.097163 0.273785 -0.049068 0.065915 -0.129025 -0.373102 -0.267124 -0.227016 -0.070798 -0.123795 -0.130417 -0.257162 -0.342988 -0.378423 -0.073225 -0.236938 -0.462501 -0.213785 -0.394890 -0.049983 -0.133361 -0.181232 -0.350233 -0.342924 -0.062506 -0.154733 -0.160097 0.056777 -0.156622 0.164389 0.032234 0.112261 0.147253 0.362038 -0.198703 -0.035327 0.093464 0.012802 -0.152731 -0.182198 -0.075053 0.018462 -0.023059 0.028619 -0.061392 0.016934 0.006396 -0.040217 0.044629 0.090221 0.054495 0.099555 0.069634 0.331684 0.124051 -0.133634 -0.063189 0.123990 -0.073222 -0.280546 0.202314 -0.143945 -0.085604 -0.048675 -0.241247 -0.106450 -0.188065 -0.242543 0.058390 -0.129227 -0.124135 -0.045989 0.081459 0.031264 0.047914 0.028870 -0.118356 -0.121907 -0.248359 0.002467 -0.004774 -0.011836 0.180731 0.022607
0.227260 -0.406486 0.528771 0.046609 1.000000 0.303448 0.241174 -0.036049 0.697033 0.259498 0.130385 -0.302353 -0.258617 -0.337958 0.095788 -0.226217 -0.117271 -0.498908 -0.018746 -0.210853 0.264006 -0.006848 0.577512 0.501460 0.443403 0.448172 0.365522 0.426476 -0.234218 -0.344382 0.348396 0.330981 -0.377501 -0.137347 0.208533 0.290001 -0.255273 -0.233251 -0.016287 0.056827 0.139528 -0.112914 0.070403 0.104639 0.255775 0.377823 -0.107508 0.023944 -0.097696 -0.094292 0.247074 -0.322692 -0.213091 -0.109257 -0.256712 -0.164636 -0.189989 -0.291942 -0.345559 -0.333833 -0.388311 -0.597504 -0.376659 -0.535132 0.084347 -0.249126 0.115239 0.495769 -0.127076 -0.098176 0.240436 -0.008495 -0.233668 -0.003779 -0.129165 -0.270568 -0.169860 0.094468 -0.168899 -0.465112 -0.042778 -0.261222 0.326933 -0.072474 0.431640 0.216170 0.024853 0.155357 0.471826 -0.097278 0.267324 0.365046 0.060139 0.325980 0.081564 -0.197218 -0.187854 -0.208058 -0.209882 -0.238337 0.088334 0.106190 -0.093607 0.126927 0.025101 -0.117430 -0.045784 -0.365312 0.239679 -0.178156 0.297488 -0.250041 0.023722 0.094263 -0.387890 0.156440
-0.172251 -0.168773 0.180888 0.208376 0.303448 1.000000 -0.013844 0.169059 0.419547 0.451689 -0.046456 -0.078296 -0.307298 -0.042858 -0.000458 0.304459 -0.263429 -0.131914 -0.146438 0.098695 0.208074 0.203575 0.301095 0.450728 0.528055 0.492120 0.498482 0.445348 -0.553000 -0.393656 -0.232833 -0.127398 -0.511700 -0.341940 0.063288 0.140219 -0.320918 -0.149786 -0.061152 0.377102 -0.247150 -0.250373 0.035210 -0.008482 0.018492 0.114126 0.047057 0.160686 -0.031272 -0.072937 0.364911 0.015026 0.137677 -0.182113 0.090335 0.020709 -0.253462 -0.232699 -0.234957 -0.069612 -0.378336 -0.098555 -0.528529 -0.331544 -0.229983 -0.051299 -0.131249 0.238855 -0.048073 0.125106 0.028051 -0.306828 -0.380349 -0.301899 -0.230000 -0.369285 -0.281240 -0.022212 -0.253472 -0.380141 -0.310720 -0.395920 0.180964 0.075666 -0.030097 0.259050 0.468755 0.417198 0.238776 0.355405 0.274828 0.300121 0.397904 0.326967 0.083191 -0.062506 0.175489 -0.178228 0.097839 -0.039158 0.339174 0.319577 0.112886 0.213438 0.463330 0.329079 0.310345 -0.217304 0.334169 -0.348542 0.201419 0.287209 0.148147 0.115504 -0.094680 0.206361
0.447004 -0.336946 0.710149 0.212490 0.241174 -0.013844 1.000000 0.235863 0.465980 -0.067081 0.661761 -0.087520 0.389591 -0.112435 0.396228 -0.093070 0.223926 -0.159428 0.247897 -0.280122 -0.018432 -0.167152 0.273605 0.137093 -0.032023 -0.037235 -0.036020 0.020562 0.168619 -0.097116 0.478968 0.393663 0.091690 0.313066 0.259578 0.153792 -0.051432 -0.398264 -0.026461 -0.271464 0.138740 -0.007757 -0.233824 -0.133043 0.104161 0.026276 -0.198512 -0.400563 0.042272 -0.170435 0.124733 -0.463062 -0.165542 -0.320987 -0.103882 -0.238803 -0.283120 -0.224824 -0.283110 -0.403636 0.225165 -0.388089 0.167855 -0.278278 0.608402 -0.214061 0.093421 0.119529 -0.222848 -0.224958 -0.101655 -0.180318 0.046960 -0.024856 -0.032703 -0.057690 0.120049 -0.201694 -0.114931 -0.287089 0.085001 0.080023 0.270401 0.011491 0.304182 0.117061 -0.177972 -0.225758 0.410553 -0.183437 -0.068226 0.045007 -0.170877 -0.015955 -0.118222 -0.379578 -0.262731 -0.272311 -0.165851 -0.454285 0.005050 0.059428 -0.155830 -0.013379 -0.340510 -0.306481 -0.196488 -0.182662 -0.214311 -0.073100 -0.163804 -0.424136 -0.508423 -0.237123 -0.158186 0.008595
-0.375645 0.352977 -0.058875 0.720496 -0.036049 0.169059 0.235863 1.000000 0.235224 0.657182 -0.131256 0.464935 -0.115536 0.608717 -0.164092 0.341108 -0.256731 0.250073 -0.266207 -0.035493 -0.339390 -0.272327 -0.346354 0.205291 -0.156285 -0.125242 -0.382575 -0.344282 -0.338117 0.232666 -0.172572 0.005541 -0.136668 0.143884 -0.116282 -0.042306 -0.028498 -0.130960 -0.241847 -0.126476 0.055649 0.065522 -0.078145 -0.160371 -0.278414 -0.301170 -0.006104 -0.196928 -0.288233 -0.176596 -0.159660 0.020982 0.060396 -0.104325 -0.363337 -0.370116 -0.249050 -0.167926 -0.191556 0.008352 -0.117774 0.094387 0.068601 0.058485 0.040037 0.499767 -0.278501 -0.086562 -0.036766 -0.061210 -0.290174 -0.364040 -0.037799 0.097220 0.145294 0.090252 -0.023629 -0.034580 0.021276 -0.082244 0.053836 0.022537 -0.238297 -0.013330 -0.067469 0.392983 0.090825 -0.208619 -0.213396 -0.153518 0.086221 -0.087891 0.415710 -0.055662 0.002771 -0.055542 -0.207261 -0.055472 -0.066428 -0.262882 0.249583 -0.047350 0.091081 -0.092328 0.002670 -0.084903 -0.220722 -0.183686 -0.176307 -0.046053 -0.225106 -0.034673 -0.051826 -0.070815 0.092247 0.045000
0.130268 -0.360144 0.537638 0.307023 0.697033 0.419547 0.465980 0.235224 1.000000 0.400497 0.211038 -0.200272 -0.103225 -0.230246 0.221137 -0.012463 -0.146137 -0.339639 0.011136 -0.199740 0.150451 -0.178000 0.429366 0.543769 0.348363 0.314388 0.173186 0.241912 -0.237323 -0.360024 0.335644 0.347153 -0.319002 0.001404 0.105809 0.212438 -0.286125 -0.497136 -0.200635 -0.116264 0.074163 -0.103671 0.139457 0.101049 0.233742 0.251445 0.035755 -0.113886 0.016512 0.043814 0.182516 -0.129902 0.008450 -0.105251 -0.289983 -0.257042 -0.323521 -0.317103 -0.451506 -0.355668 -0.205648 -0.421365 -0.210834 -0.407566 0.204802 -0.026343 -0.058955 0.370493 -0.209083 -0.105169 0.139061 -0.263172 -0.164279 -0.097488 -0.031565 -0.276990 -0.086644 -0.164323 -0.249875 -0.468335 0.032060 -0.212417 0.394090 -0.013458 0.319649 0.316468 0.167003 -0.018286 0.372780 -0.041500 0.118179 0.254762 0.025377 0.215189 0.020680 -0.391302 -0.267544 -0.343825 -0.123241 -0.348502 0.051357 0.193210 -0.121510 0.049981 -0.013274 -0.103531 -0.009396 -0.336737 -0.015635 -0.364905 0.055099 -0.063661 -0.094256 -0.093109 -0.237118 0.159559
-0.447408 0.218816 -0.045837 0.641643 0.259498 0.451689 -0.067081 0.657182 0.400497 1.000000 -0.399854 0.269099 -0.401761 0.294159 -0.302009 0.252257 -0.252102 0.117812 -0.139859 0.103331 -0.234740 -0.134767 -0.041926 0.473009 0.216226 0.127765 -0.151025 -0.037744 -0.381457 0.035545 -0.149927 0.011070 -0.312713 -0.035298 -0.136372 -0.021704 -0.260639 -0.304382 -0.395835 -0.039024 -0.080122 -0.186799 0.125701 -0.009056 -0.155531 -0.181054 0.225665 -0.000603 -0.265174 -0.125778 -0.154615 0.078237 0.106667 -0.031997 -0.359990 -0.261617 -0.076316 -0.080672 -0.036236 0.082667 -0.311750 0.103608 -0.259720 -0.091374 -0.174557 0.330982 -0.254204 -0.019994 0.072310 0.065660 -0.030118 -0.275211 -0.127268 0.056965 0.053396 -0.251050 -0.114327 -0.097667 -0.022501 -0.158823 0.082741 -0.071126 -0.085276 0.050297 -0.014218 0.341284 0.168315 -0.092128 -0.149921 -0.042476 0.099331 -0.047426 0.317344 -0.049392 0.079611 -0.166576 -0.063048 -0.095198 -0.005021 -0.087222 0.213900 0.007599 0.029714 0.008799 0.122382 0.074727 0.024439 -0.087899 -0.000032 -0.250445 0.040728 0.165542 0.114207 -0.122026 -0.105966 0.201711
0.616178 -0.300048 0.492329 -0.226208 0.130385 -0.046456 0.661761 -0.131256 0.211038 -0.399854 1.000000 -0.033884 0.608414 -0.108799 0.605192 -0.012628 0.484626 -0.027860 0.269375 -0.179641 0.199462 -0.157057 0.314688 -0.045268 -0.048934 0.044251 0.213061 0.163717 0.321850 -0.007280 0.339588 0.263362 0.206532 0.211928 0.243886 -0.035488 0.160912 -0.137155 0.223467 -0.166585 0.127642 -0.081757 -0.292920 -0.092405 0.068216 0.045795 -0.192471 -0.265871 0.121757 -0.167586 0.293219 -0.461119 -0.005011 -0.246964 0.119366 -0.054285 -0.154009 0.041070 -0.271980 -0.490419 0.214252 -0.328516 0.068838 -0.200455 0.454084 -0.304589 -0.029696 0.018352 -0.116972 -0.088163 -0.166833 -0.041876 0.184589 -0.052073 0.045219 -0.054936 0.286716 -0.188498 -0.006775 -0.037267 0.012862 0.113199 0.365355 0.071279 0.248084 0.060433 -0.124897 -0.115266 0.436056 -0.013539 -0.129120 0.004471 -0.251349 -0.068678 -0.185499 -0.331050 -0.213835 -0.345089 -0.043658 -0.388642 -0.106230 -0.050808 -0.070866 -0.041438 -0.152915 -0.273561 -0.175957 -0.179382 -0.037500 -0.214633 -0.172770 -0.453700 -0.380508 -0.221550 -0.170605 -0.048918
-0.241995 0.719002 -0.535014 0.130224 -0.302353 -0.078296 -0.087520 0.464935 -0.200272 0.269099 -0.033884 1.000000 0.145980 0.726391 -0.055434 0.441490 0.238596 0.673539 0.000705 0.174983 -0.257434 -0.220508 -0.564595 -0.288756 -0.438850 -0.485165 -0.274946 -0.482444 0.232357 0.697874 -0.176617 -0.064639 0.180435 0.320732 -0.402895 -0.299800 0.172185 0.127846 -0.153393 -0.230067 -0.044008 0.175696 -0.072352 -0.111157 -0.269811 -0.510520 0.006464 -0.138409 -0.231386 0.008050 -0.252937 0.263990 0.246389 0.229138 -0.379023 -0.233063 0.204894 0.391217 0.008120 0.024193 -0.009406 0.303451 0.106420 0.383540 -0.167385 0.344717 -0.561898 -0.480361 0.101133 0.212480 -0.279936 -0.088948 0.453557 0.383869 0.332322 0.222045 0.246875 0.013942 0.220518 0.457516 0.268811 0.389261 -0.120657 0.291335 -0.247240 0.115984 -0.051383 -0.230745 -0.567920 -0.103626 -0.105315 -0.200655 0.096147 -0.382498 -0.098666 -0.010467 -0.314023 -0.128556 0.059905 -0.072344 0.057874 -0.307687 0.069682 -0.138275 -0.071368 -0.207713 -0.025925 0.053137 -0.071937 -0.153338 -0.447912 -0.032421 0.065580 -0.237342 0.159390 -0.042823
0.345577 -0.053234 0.025853 -0.233282 -0.258617 -0.307298 0.389591 -0.115536 -0.103225 -0.401761 0.608414 0.145980 1.000000 0.243962 0.442921 0.079496 0.482879 0.165271 0.200027 -0.032276 -0.134476 -0.122843 -0.247703 -0.489940 -0.376193 -0.422892 -0.114945 -0.293713 0.465258 0.281905 0.097202 0.036395 0.624905 0.446598 0.056118 -0.069420 0.326704 0.069734 0.181415 -0.158441 0.004381 0.104221 -0.262477 -0.199780 -0.044852 -0.248621 -0.092554 -0.215712 0.326575 0.095653 0.119276 -0.043588 0.246556 -0.118954 0.269173 -0.010170 0.019131 0.121792 0.004112 -0.209692 0.638913 0.111400 0.509469 0.284964 0.468933 0.014376 -0.142636 -0.335382 -0.251594 -0.228131 -0.262573 0.137956 0.501982 0.084628 0.262066 0.274832 0.424422 -0.117287 0.216569 0.290071 0.192670 0.328171 -0.064972 -0.013476 -0.214957 -0.215812 -0.168548 -0.159573 -0.018647 -0.119440 -0.232853 -0.112330 -0.349300 -0.198081 -0.296663 -0.154982 -0.172054 -0.256022 0.098121 -0.208010 -0.120447 -0.015692 -0.076123 -0.203509 -0.363082 -0.417081 -0.230130 -0.056845 -0.107929 -0.019925 -0.406441 -0.258770 -0.233255 -0.066511 0.076576 -0.086149
-0.295291 0.706108 -0.525773 0.263691 -0.337958 -0.042858 -0.112435 0.608717 -0.230246 0.294159 -0.108799 0.726391 0.243962 1.000000 -0.046916 0.580846 0.097339 0.634749 -0.128613 0.302727 -0.398908 -0.080096 -0.665316 -0.398289 -0.400595 -0.486519 -0.335314 -0.602144 -0.047328 0.459107 -0.448472 -0.354944 0.202728 0.197309 -0.294078 -0.186501 0.101149 0.095190 -0.171480 -0.146744 -0.149159 -0.011289 -0.228595 -0.327973 -0.493457 -0.601818 -0.072977 -0.148801 -0.193387 -0.103214 -0.213542 0.349152 0.216453 0.056092 -0.082189 -0.267319 0.065996 0.190884 0.113017 0.225516 0.200982 0.470662 0.230743 0.502302 -0.035258 0.630681 -0.369020 -0.411809 0.111426 0.081153 -0.281627 -0.154921 0.264201 0.123537 0.235324 0.274463 0.179306 0.101808 0.323666 0.390642 0.140313 0.284868 -0.382832 -0.042951 -0.377949 -0.041827 0.069527 -0.237802 -0.487128 -0.024133 -0.033667 -0.223164 0.201162 -0.289696 -0.143599 0.128781 -0.185541 -0.048311 0.008007 -0.073263 0.189466 -0.155428 0.110708 -0.010806 0.061752 -0.086856 -0.080821 -0.015417 -0.080841 -0.017308 -0.413280 0.038657 0.124251 -0.002401 0.321547 -0.181891
0.618468 -0.194488 0.352136 -0.127884 0.095788 -0.000458 0.396228 -0.164092 0.221137 -0.302009 0.605192 -0.055434 0.442921 -0.046916 1.000000 0.438023 0.454731 0.073503 0.451745 0.012517 0.261059 -0.119171 0.237219 0.012652 -0.154699 0.092185 0.204037 0.105400 0.326181 0.114060 0.340564 0.288309 0.262502 0.264493 -0.042344 -0.312871 0.102410 -0.300464 0.002677 -0.261016 0.259789 0.007444 -0.256698 -0.135254 -0.139483 -0.142271 -0.316079 -0.375499 -0.131524 -0.171395 0.048156 -0.227777 -0.177102 -0.198966 -0.012877 -0.182017 0.088114 0.149479 -0.175206 -0.194995 0.208652 -0.134525 0.124044 0.018330 0.349916 -0.161789 -0.055399 -0.093011 -0.021941 0.034516 -0.065912 0.211605 0.287438 0.039136 0.058340 0.118401 0.317486 -0.100763 0.195887 0.170889 0.174949 0.220991 0.544179 0.059167 0.193904 0.086831 0.224510 0.049079 0.341350 0.154467 -0.387460 -0.107971 -0.279178 -0.026190 -0.298205 -0.333933 -0.464612 -0.586610 -0.305190 -0.567144 -0.319716 0.004296 -0.258155 -0.001054 -0.115628 -0.127264 0.058064 -0.224907 -0.021110 -0.370822 -0.396893 -0.453242 -0.268372 -0.020536 -0.125033 0.058190
-0.058673 0.385162 -0.253373 0.232387 -0.226217 0.304459 -0.093070 0.341108 -0.012463 0.252257 -0.012628 0.441490 0.079496 0.580846 0.438023 1.000000 0.104861 0.499887 0.132065 0.248619 -0.119321 -0.004465 -0.289443 -0.063324 -0.155727 -0.059561 0.027281 -0.133822 -0.084862 0.204544 -0.255376 -0.217979 0.055302 0.040911 -0.302187 -0.431268 -0.058616 -0.222813 -0.248639 -0.051578 -0.029598 -0.091370 -0.150550 -0.205002 -0.436328 -0.473178 -0.109457 -0.147298 -0.294477 -0.147503 -0.113799 0.293120 0.114512 0.057689 -0.045479 -0.206973 0.082390 0.256033 0.032427 0.255891 0.071021 0.411550 0.047619 0.367040 -0.074069 0.377395 -0.346415 -0.362955 0.102391 0.205949 -0.228694 -0.061179 0.174362 -0.015920 0.051783 0.058512 0.151404 -0.016002 0.267065 0.335965 0.076872 0.179346 0.114544 0.175774 -0.225784 0.089473 0.400794 0.021594 -0.168609 0.315195 -0.176098 -0.171318 0.133818 -0.151232 -0.269915 -0.027908 -0.280814 -0.409032 -0.042489 -0.297573 -0.057262 0.012059 -0.082959 0.106605 0.153626 0.149578 0.151969 -0.128117 -0.031067 -0.275690 -0.443537 0.017861 0.089536 -0.015972 0.161031 -0.008793
0.544282 0.107781 0.040853 -0.178665 -0.117271 -0.263429 0.223926 -0.256731 -0.146137 -0.252102 0.484626 0.238596 0.482879 0.097339 0.454731 0.104861 1.000000 0.487247 0.564523 0.127473 -0.059771 -0.079748 0.080754 -0.176023 -0.210662 -0.264313 -0.023166 -0.072668 0.672101 0.355809 0.271426 0.254405 0.491690 0.368526 -0.131641 -0.412726 0.333659 -0.046527 -0.037797 -0.519551 -0.028422 -0.163643 -0.361467 -0.211373 -0.237470 -0.389183 -0.253293 -0.368280 -0.188733 -0.324788 -0.277312 -0.313473 -0.013327 -0.181628 -0.012552 -0.097404 0.497078 0.514899 0.053261 -0.163781 0.358157 0.137731 0.245300 0.294379 0.149314 -0.299624 -0.195607 -0.490313 0.193533 0.072567 -0.242011 0.149054 0.532069 0.091943 0.203275 0.123931 0.400181 -0.309558 0.418877 0.443154 0.553729 0.526135 0.263811 0.092723 0.125569 -0.084816 -0.212416 -0.379673 -0.023823 0.051598 -0.413501 -0.242680 -0.422416 -0.463621 -0.175623 -0.401933 -0.214009 -0.300350 -0.043640 -0.256010 -0.261991 -0.233905 -0.036092 -0.113069 -0.298690 -0.227667 -0.098553 -0.020460 -0.059032 -0.329174 -0.371106 -0.477933 -0.416128 -0.357264 -0.038466 0.049223
-0.119751 0.708626 -0.528116 0.161367 -0.498908 -0.131914 -0.159428 0.250073 -0.339639 0.117812 -0.027860 0.673539 0.165271 0.634749 0.073503 0.499887 0.487247 1.000000 0.280914 0.425344 -0.307823 0.025839 -0.503525 -0.376379 -0.333385 -0.543781 -0.195591 -0.374883 0.248233 0.551092 -0.236523 -0.239403 0.392465 0.265092 -0.338523 -0.495723 0.155776 0.052408 -0.363932 -0.384549 -0.180654 -0.183841 -0.302484 -0.334602 -0.536336 -0.691658 -0.163136 -0.326556 -0.393198 -0.182242 -0.532961 0.200949 0.136393 0.117569 -0.241526 -0.166773 0.459119 0.639522 0.237559 0.286713 0.229297 0.601557 0.264657 0.655534 -0.035111 0.317361 -0.353805 -0.677829 0.341757 0.162464 -0.444432 -0.014262 0.394053 0.132558 0.197996 0.210822 0.243978 -0.201766 0.515300 0.662111 0.431284 0.577079 -0.090150 0.070637 -0.216144 -0.093931 0.034624 -0.326292 -0.434617 0.194210 -0.408022 -0.380985 -0.099624 -0.569867 -0.020978 -0.121818 -0.241186 -0.089618 -0.031837 -0.081519 -0.087849 -0.229271 0.199832 -0.029370 0.008534 -0.041287 -0.078278 0.076839 -0.166614 -0.218925 -0.515503 -0.061131 -0.053743 -0.201876 0.291271 -0.003832
0.546770 0.155551 0.167150 0.107913 -0.018746 -0.146438 0.247897 -0.266207 0.011136 -0.139859 0.269375 0.000705 0.200027 -0.128613 0.451745 0.132065 0.564523 0.280914 1.000000 0.406206 0.034219 0.070972 0.213151 0.070497 -0.199400 -0.231375 0.100482 0.027041 0.517180 0.269515 0.361167 0.362099 0.406491 0.482695 -0.027680 -0.197525 -0.047885 -0.322336 -0.217704 -0.468713 0.030543 -0.292039 -0.189713 -0.169604 -0.246616 -0.415276 -0.192605 -0.350734 -0.244332 -0.086196 -0.423414 -0.182580 -0.138129 0.006561 -0.131133 -0.125683 0.356061 0.309217 -0.100844 -0.159336 0.125574 0.063164 0.198201 0.196721 0.184369 -0.357408 -0.209369 -0.411218 0.148644 -0.030542 0.020035 0.144157 0.393710 0.100873 0.082595 0.000785 0.341648 -0.130168 0.154068 0.258927 0.329742 0.363711 0.619987 0.279196 0.137341 -0.197242 0.061916 -0.152453 0.054456 0.040183 -0.270740 -0.237251 -0.444704 -0.394226 -0.034570 -0.262783 -0.339893 -0.224856 -0.232018 -0.232206 -0.363502 -0.145301 -0.240481 0.039906 -0.080882 -0.073274 0.161058 0.090306 -0.037330 -0.318826 -0.226119 -0.327922 -0.296252 -0.127075 -0.058082 0.070650
0.001343 0.506795 -0.347291 0.188775 -0.210853 0.098695 -0.280122 -0.035493 -0.199740 0.103331 -0.179641 0.174983 -0.032276 0.302727 0.012517 0.248619 0.127473 0.425344 0.406206 1.000000 -0.017934 0.299025 -0.167012 -0.189005 -0.220256 -0.366591 0.071435 -0.187324 0.050983 0.243860 -0.351148 -0.224701 0.128462 0.187980 -0.095649 0.012329 -0.141278 -0.004008 -0.192003 -0.083152 -0.385507 -0.276905 -0.017090 -0.185430 -0.279035 -0.421422 -0.004375 0.064370 -0.115487 0.128726 -0.381846 0.264112 0.052220 0.099079 -0.041134 -0.074757 0.342967 0.150145 0.117950 0.187844 0.070504 0.364096 0.139319 0.459564 -0.167635 0.104079 -0.265431 -0.303501 0.247366 0.084608 0.066395 -0.022513 0.178780 0.101668 0.026981 0.065499 0.053370 0.262310 0.245871 0.284044 0.132153 0.293600 0.140925 0.126166 -0.342807 -0.322833 0.307688 0.087082 -0.292400 0.206476 -0.047073 -0.239195 -0.135720 -0.174318 -0.065827 0.214822 -0.155005 -0.060141 -0.027628 0.139952 -0.005076 0.052742 0.075281 0.100511 0.206383 -0.017946 0.245774 0.046930 0.185808 -0.226586 -0.103241 0.261491 0.236663 0.206194 0.259765 -0.205689
0.234445 -0.350504 0.161537 -0.203632 0.264006 0.208074 -0.018432 -0.339390 0.150451 -0.234740 0.199462 -0.257434 -0.134476 -0.398908 0.261059 -0.119321 -0.059771 -0.307823 0.034219 -0.017934 1.000000 0.354426 0.480540 0.198374 0.277890 0.349761 0.602310 0.385837 0.010728 -0.027622 0.187033 0.205491 -0.246347 -0.112770 -0.042001 0.030065 0.087277 0.020609 0.293015 0.136395 0.176828 0.042083 0.161791 0.246839 0.258164 0.375203 0.010576 0.279850 -0.092190 -0.041269 0.204723 -0.256952 -0.158087 0.082913 0.103729 0.086897 0.088248 -0.022409 -0.300471 -0.187381 -0.494669 -0.403404 -0.393095 -0.371092 -0.236986 -0.439922 0.054178 0.337823 -0.026645 0.056059 0.296183 0.269607 -0.119914 0.116392 0.088285 -0.086819 0.087507 0.255880 -0.020238 -0.064066 -0.180301 0.006964 0.416970 0.038927 0.320519 0.106117 0.291914 0.314370 0.407769 0.296455 0.000377 0.116031 0.021380 0.345413 -0.276775 -0.072779 -0.197313 -0.349221 -0.079911 -0.059108 -0.193898 0.200405 0.051468 0.294242 0.279872 0.070497 0.336064 0.031945 0.224963 -0.180069 -0.008739 0.083418 0.248053 0.070026 -0.089214 -0.142174
0.025735 0.006633 -0.059147 -0.002905 -0.006848 0.203575 -0.167152 -0.272327 -0.178000 -0.134767 -0.157057 -0.220508 -0.122843 -0.080096 -0.119171 -0.004465 -0.079748 0.025839 0.070972 0.299025 0.354426 1.000000 0.148682 -0.102250 0.417038 0.066774 0.517320 0.209619 -0.061973 -0.175555 -0.287520 -0.318696 -0.208839 -0.182067 0.092349 0.189626 -0.212053 0.138420 0.171494 0.310749 -0.338873 -0.343616 -0.135358 -0.173988 -0.071009 -0.045104 -0.155961 0.174568 -0.113992 -0.099920 -0.036858 -0.012613 -0.164424 0.017453 0.246866 0.208105 0.180650 0.010282 0.300149 0.256840 -0.087490 0.116408 -0.218735 0.055250 -0.113646 -0.141853 0.155820 0.059654 0.068755 -0.172841 0.001762 0.049822 -0.270202 -0.322234 -0.205109 -0.091286 -0.202749 0.258789 0.139596 0.083646 -0.268238 0.073432 -0.049792 -0.068679 0.009089 -0.341862 0.266722 0.239852 0.173083 0.492028 0.022517 -0.047539 -0.001060 0.046087 -0.043555 0.399610 0.154284 0.103795 0.147088 0.265988 -0.143799 0.098891 -0.056886 0.343052 0.309672 0.255866 0.347844 0.308421 0.252863 0.072907 -0.016922 0.290969 0.334271 0.093638 0.412718 -0.321157
0.457982 -0.610522 0.745182 -0.033241 0.577512 0.301095 0.273605 -0.346354 0.429366 -0.041926 0.314688 -0.564595 -0.247703 -0.665316 0.237219 -0.289443 0.080754 -0.503525 0.213151 -0.167012 0.480540 0.148682 1.000000 0.653703 0.683260 0.704040 0.526694 0.710701 -0.112727 -0.493721 0.434427 0.333681 -0.357341 -0.245387 0.337961 0.149813 -0.184688 -0.340461 0.115663 -0.056586 0.109946 -0.255437 0.036743 0.149125 0.229919 0.440352 -0.074688 -0.062687 -0.051192 -0.244968 0.317168 -0.480263 -0.356769 -0.241719 0.109747 0.015332 -0.108104 -0.138920 -0.253121 -0.357990 -0.414050 -0.499140 -0.584554 -0.655331 0.068976 -0.526772 0.249659 0.445944 0.107978 0.088040 0.162555 0.020769 -0.402464 -0.271893 -0.287269 -0.467292 -0.268322 -0.215846 -0.280658 -0.394971 -0.270778 -0.361666 0.474442 -0.038631 0.585829 0.237827 0.023462 0.106055 0.674168 0.219616 -0.008769 0.096819 -0.142304 0.192657 0.085449 -0.293409 0.127179 -0.144909 -0.159038 -0.155011 -0.077846 -0.017301 -0.175332 0.143376 0.127752 0.192499 0.187666 -0.066581 0.171538 -0.257590 0.320702 -0.202977 -0.174748 0.026789 -0.346581 0.157141
0.096004 -0.330015 0.528033 0.463951 0.501460 0.450728 0.137093 0.205291 0.543769 0.473009 -0.045268 -0.288756 -0.489940 -0.398289 0.012652 -0.063324 -0.176023 -0.376379 0.070497 -0.189005 0.198374 -0.102250 0.653703 1.000000 0.522742 0.706286 0.185270 0.545724 -0.298950 -0.332411 0.257674 0.362396 -0.457324 -0.177451 0.137803 0.114911 -0.230085 -0.370254 -0.074472 -0.040039 0.123688 -0.192167 0.082422 0.147984 0.045415 0.263076 0.019722 -0.071258 -0.239518 -0.260192 0.121340 -0.329132 -0.298756 -0.247484 -0.143368 -0.144879 -0.168744 -0.257522 -0.409894 -0.298404 -0.565090 -0.416108 -0.537067 -0.589316 -0.111068 -0.244159 0.042059 0.389623 0.093527 0.107110 0.069845 -0.178139 -0.380790 -0.173113 -0.207236 -0.418512 -0.280111 -0.190566 -0.334000 -0.381634 -0.199201 -0.401168 0.396125 0.208128 0.471641 0.493108 0.080107 0.162026 0.406118 0.119340 0.120263 0.130711 0.222661 0.188446 0.131361 -0.202267 0.038601 -0.073160 -0.186980 -0.205086 0.035915 -0.049518 -0.190142 0.005020 0.134677 0.203901 0.156224 -0.062405 0.075142 -0.231817 0.298801 -0.060322 -0.031966 -0.059536 -0.368667 0.235191
0.052210 -0.437247 0.420892 0.003339 0.443403 0.528055 -0.032023 -0.156285 0.348363 0.216226 -0.048934 -0.438850 -0.376193 -0.400595 -0.154699 -0.155727 -0.210662 -0.333385 -0.199400 -0.220256 0.277890 0.417038 0.683260 0.522742 1.000000 0.708454 0.529911 0.589119 -0.448076 -0.615578 0.027012 -0.101970 -0.504939 -0.521894 0.251634 0.136795 -0.297303 -0.117646 -0.020179 0.206144 -0.106847 -0.336687 0.003234 0.085993 0.106877 0.420679 -0.075277 0.086838 -0.052138 -0.258438 0.367774 -0.205418 -0.205010 -0.202109 0.134871 0.062037 -0.135274 -0.108898 -0.041345 -0.036026 -0.403543 -0.218628 -0.646625 -0.547303 -0.094669 -0.221587 0.272914 0.427483 0.148887 0.018565 -0.002604 -0.197000 -0.614817 -0.489973 -0.335748 -0.473081 -0.440522 -0.209465 -0.193709 -0.370455 -0.366772 -0.414721 -0.008807 -0.182119 0.419463 0.188251 0.097437 0.141934 0.511372 0.288005 0.058058 0.147854 0.139824 0.225174 0.240346 0.014689 0.388736 0.091618 0.034830 0.071115 0.074315 0.047757 -0.072101 0.154112 0.305456 0.359874 0.161113 -0.005168 0.245634 -0.120695 0.327975 0.079193 0.027578 0.084029 -0.058012 0.114304
0.132916 -0.541759 0.509793 -0.013019 0.448172 0.492120 -0.037235 -0.125242 0.314388 0.127765 0.044251 -0.485165 -0.422892 -0.486519 0.092185 -0.059561 -0.264313 -0.543781 -0.231375 -0.366591 0.349761 0.066774 0.704040 0.706286 0.708454 1.000000 0.430111 0.763065 -0.436549 -0.558255 0.145597 0.138308 -0.552443 -0.493945 0.281742 0.133042 -0.170758 -0.136988 0.181382 0.274449 0.208305 -0.114810 -0.008708 0.111725 0.105509 0.475983 -0.073259 -0.007244 -0.082245 -0.309987 0.467495 -0.332949 -0.313406 -0.327986 0.143994 -0.017602 -0.219833 -0.300537 -0.114725 -0.144778 -0.480570 -0.369921 -0.706113 -0.687898 -0.130048 -0.244521 0.351342 0.586131 0.034272 0.080439 0.184541 0.033307 -0.561885 -0.331564 -0.276358 -0.368690 -0.351394 -0.134824 -0.337948 -0.475180 -0.467683 -0.606715 0.185714 -0.024093 0.435374 0.431106 0.103064 0.324603 0.534530 0.177534 0.077354 0.223323 0.274987 0.428217 0.143744 -0.042858 0.243949 -0.040044 -0.133935 -0.131158 0.035802 -0.019049 -0.083501 0.000910 0.233796 0.377622 0.148195 -0.072303 0.254711 -0.113140 0.379836 0.012779 0.052957 0.133575 -0.313182 0.252341
0.174032 -0.262789 0.216000 -0.250214 0.365522 0.498482 -0.036020 -0.382575 0.173186 -0.151025 0.213061 -0.274946 -0.114945 -0.335314 0.204037 0.027281 -0.023166 -0.195591 0.100482 0.071435 0.602310 0.517320 0.526694 0.185270 0.529911 0.430111 1.000000 0.623087 -0.132172 -0.253522 -0.082697 -0.117903 -0.244378 -0.343133 0.241988 0.117236 -0.139141 0.111877 0.247704 0.326970 -0.081372 -0.225663 -0.036769 -0.013348 0.050498 0.209059 -0.055115 0.171916 -0.041272 -0.083819 0.245689 -0.190505 -0.133825 -0.070570 0.208485 0.276777 -0.160075 -0.068938 -0.193945 -0.155855 -0.440847 -0.253556 -0.563774 -0.365272 -0.264314 -0.446868 0.021467 0.150953 -0.048360 -0.005971 0.003619 0.007594 -0.225418 -0.222090 -0.166007 -0.286504 -0.112243 0.034633 -0.093788 -0.136351 -0.263090 -0.155183 0.379627 0.088485 0.117305 -0.024043 0.324873 0.456249 0.403147 0.486215 0.113831 0.323799 0.122283 0.303545 0.012440 -0.006980 0.108626 -0.127399 0.114713 0.143217 0.032242 0.220225 0.064769 0.275751 0.399328 0.307156 0.274340 -0.000375 0.493940 -0.280686 0.177486 0.145922 0.204836 0.083887 -0.168567 0.028120
0.228192 -0.514069 0.507833 -0.093515 0.426476 0.445348 0.020562 -0.344282 0.241912 -0.037744 0.163717 -0.482444 -0.293713 -0.602144 0.105400 -0.133822 -0.072668 -0.374883 0.027041 -0.187324 0.385837 0.209619 0.710701 0.545724 0.589119 0.763065 0.623087 1.000000 -0.237118 -0.429027 0.205074 0.168580 -0.353191 -0.340060 0.369835 0.136098 -0.057108 -0.013398 0.215485 0.239142 0.084144 -0.109721 -0.035741 0.073407 0.124365 0.352834 -0.057554 0.001053 -0.073961 -0.270723 0.327539 -0.411529 -0.205063 -0.329979 0.179410 0.113369 -0.122684 -0.197962 -0.130683 -0.262391 -0.375411 -0.343272 -0.579099 -0.531331 -0.050781 -0.435901 0.246817 0.372400 -0.021725 0.075007 0.138882 0.138322 -0.347398 -0.265936 -0.194247 -0.367380 -0.188715 -0.196146 -0.222730 -0.319885 -0.289565 -0.358782 0.331986 0.028595 0.344710 0.279096 0.120097 0.361035 0.582624 0.389200 0.029120 0.187524 0.036143 0.247154 0.123208 -0.253845 0.169827 -0.114119 -0.095778 -0.084182 0.044663 0.050922 0.065064 0.028062 0.143960 0.231906 0.074564 -0.069228 0.153962 -0.236137 0.331334 0.018681 -0.014770 0.084726 -0.414443 0.333062
0.442338 0.126787 -0.094321 -0.226953 -0.234218 -0.553000 0.168619 -0.338117 -0.237323 -0.381457 0.321850 0.232357 0.465258 -0.047328 0.326181 -0.084862 0.672101 0.248233 0.517180 0.050983 0.010728 -0.061973 -0.112727 -0.298950 -0.448076 -0.436549 -0.132172 -0.237118 1.000000 0.549675 0.413572 0.383800 0.570522 0.550818 -0.154188 -0.198062 0.505559 0.118688 0.181989 -0.405720 0.135258 0.182144 -0.216025 -0.133606 -0.117629 -0.334758 -0.135841 -0.257098 -0.078362 -0.075595 -0.435675 -0.219179 -0.110709 0.018808 -0.028832 -0.028209 0.348694 0.323245 0.035206 -0.163360 0.309175 -0.041511 0.400104 0.228151 0.165408 -0.345242 -0.178279 -0.440719 0.006672 -0.130889 -0.003124 0.291427 0.729147 0.366781 0.363011 0.369299 0.531826 0.012415 0.235647 0.420640 0.525083 0.653603 0.304933 0.347531 0.132317 -0.131547 -0.205903 -0.289917 -0.086104 -0.142278 -0.303372 -0.249694 -0.438363 -0.326130 -0.308600 -0.136447 -0.333086 -0.139916 0.055567 -0.103564 -0.445561 -0.286656 -0.287692 -0.193501 -0.426635 -0.348737 -0.015901 0.249892 -0.154724 -0.004697 -0.387931 -0.298787 -0.236731 -0.478922 0.019808 -0.118243
-0.073283 0.559835 -0.497162 0.126999 -0.344382 -0.393656 -0.097116 0.232666 -0.360024 0.035545 -0.007280 0.697874 0.281905 0.459107 0.114060 0.204544 0.355809 0.551092 0.269515 0.243860 -0.027622 -0.175555 -0.493721 -0.332411 -0.615578 -0.558255 -0.253522 -0.429027 0.549675 1.000000 0.100451 0.252285 0.506995 0.686995 -0.313075 -0.308539 0.434406 0.258179 -0.036756 -0.402661 0.197892 0.367677 -0.180038 -0.173641 -0.307510 -0.533059 -0.137227 -0.194956 -0.400706 -0.047291 -0.523508 -0.015085 0.035760 0.129854 -0.395577 -0.317378 0.343697 0.328530 -0.067596 -0.050390 0.080859 0.216715 0.394173 0.462923 -0.014754 0.126227 -0.446238 -0.514133 0.020839 0.024389 -0.191289 0.322602 0.757954 0.646379 0.595198 0.532864 0.514689 0.149165 0.426769 0.571220 0.493854 0.664393 0.067587 0.282881 -0.105877 0.118952 -0.003318 -0.194771 -0.411138 -0.142075 -0.326806 -0.383269 -0.110271 -0.391065 -0.248996 -0.061272 -0.522548 -0.194593 -0.147178 -0.170428 -0.187554 -0.326428 0.007802 -0.296386 -0.265661 -0.333961 -0.095564 0.146846 -0.087236 -0.155910 -0.547766 -0.215884 -0.040309 -0.131471 0.130591 0.014518
0.502028 -0.430494 0.550645 -0.046186 0.348396 -0.232833 0.478968 -0.172572 0.335644 -0.149927 0.339588 -0.176617 0.097202 -0.448472 0.340564 -0.255376 0.271426 -0.236523 0.361167 -0.351148 0.187033 -0.287520 0.434427 0.257674 0.027012 0.145597 -0.082697 0.205074 0.413572 0.100451 1.000000 0.817182 0.148465 0.422006 0.095623 -0.027458 0.164666 -0.340671 -0.032388 -0.435100 0.484151 0.227272 -0.063141 0.081398 0.247330 0.244784 -0.197254 -0.344139 -0.104688 -0.104099 -0.083989 -0.448394 -0.287002 -0.042408 -0.297424 -0.363227 0.062870 -0.035849 -0.275260 -0.326964 -0.034142 -0.465936 0.086801 -0.293111 0.378891 -0.406710 0.149745 0.150642 -0.128062 -0.209610 0.085230 0.318406 0.239582 0.223318 0.183811 0.037602 0.231963 -0.154695 0.001340 -0.184458 0.301547 0.135145 0.474099 0.115921 0.614087 0.313075 -0.182772 -0.251969 0.398036 -0.319292 -0.255664 -0.080404 -0.416436 -0.022459 -0.139391 -0.416348 -0.406922 -0.274854 -0.294721 -0.448764 -0.349339 -0.113137 -0.239612 -0.160664 -0.476147 -0.373672 -0.205850 -0.177737 -0.226318 -0.007219 -0.059398 -0.502717 -0.479242 -0.195156 -0.290285 0.205696
0.376563 -0.329319 0.433266 0.144966 0.330981 -0.127398 0.393663 0.005541 0.347153 0.011070 0.263362 -0.064639 0.036395 -0.354944 0.288309 -0.217979 0.254405 -0.239403 0.362099 -0.224701 0.205491 -0.318696 0.333681 0.362396 -0.101970 0.138308 -0.117903 0.168580 0.383800 0.252285 0.817182 1.000000 0.104717 0.555514 0.024559 -0.026556 0.194068 -0.285865 -0.027177 -0.479290 0.418389 0.336997 0.023246 0.198955 0.270608 0.194109 -0.113267 -0.183937 -0.161972 -0.051561 -0.112816 -0.510422 -0.148124 -0.129472 -0.399160 -0.412325 0.050040 -0.160773 -0.443501 -0.480113 -0.099471 -0.487908 0.119054 -0.295325 0.272661 -0.373657 -0.052850 0.167539 -0.264749 -0.211732 0.188809 0.302438 0.350339 0.349270 0.305559 0.159487 0.287582 -0.055185 -0.032692 -0.211310 0.317350 0.148877 0.526444 0.238410 0.547346 0.435276 -0.008722 -0.092691 0.334351 -0.330808 -0.155109 -0.088014 -0.275318 0.024866 -0.216207 -0.356009 -0.494236 -0.377583 -0.267460 -0.458188 -0.309656 -0.143442 -0.284697 -0.302455 -0.458790 -0.414335 -0.140186 -0.221821 -0.131331 -0.164164 -0.165613 -0.516396 -0.427937 -0.147101 -0.204718 0.208495
0.159681 0.226157 -0.254880 -0.097163 -0.377501 -0.511700 0.091690 -0.136668 -0.319002 -0.312713 0.206532 0.180435 0.624905 0.202728 0.262502 0.055302 0.491690 0.392465 0.406491 0.128462 -0.246347 -0.208839 -0.357341 -0.457324 -0.504939 -0.552443 -0.244378 -0.353191 0.570522 0.506995 0.148465 0.104717 1.000000 0.571503 0.017470 -0.203328 0.435198 0.198143 -0.025927 -0.385436 0.121291 0.152907 -0.174129 -0.217191 -0.281149 -0.445451 -0.082867 -0.253952 -0.049843 -0.028582 -0.412048 0.010268 -0.009354 -0.077982 0.026289 0.008524 0.267016 0.361251 0.103764 0.045576 0.469291 0.333851 0.621662 0.475623 0.333169 0.042488 -0.004918 -0.538007 0.155558 -0.066823 -0.309596 0.375592 0.641700 0.316166 0.329713 0.434198 0.549574 -0.076554 0.427600 0.629776 0.530251 0.591570 0.001153 0.045250 -0.135911 -0.277117 -0.182391 -0.273609 -0.212303 -0.186488 -0.462874 -0.402956 -0.549257 -0.469201 -0.174097 -0.097861 -0.198657 -0.010234 -0.126409 -0.113321 -0.350568 -0.257517 -0.181124 -0.387700 -0.438003 -0.384192 -0.282417 0.050213 -0.215295 0.071717 -0.391538 -0.288344 -0.287745 -0.093527 0.012184 -0.004781
0.168502 0.243146 -0.060961 0.273785 -0.137347 -0.341940 0.313066 0.143884 0.001404 -0.035298 0.211928 0.320732 0.446598 0.197309 0.264493 0.040911 0.368526 0.265092 0.482695 0.187980 -0.112770 -0.182067 -0.245387 -0.177451 -0.521894 -0.493945 -0.343133 -0.340060 0.550818 0.686995 0.422006 0.555514 0.571503 1.000000 -0.011077 0.026062 0.229442 -0.114528 -0.113708 -0.574359 0.226572 0.287343 -0.215679 -0.192164 -0.097027 -0.406914 -0.262983 -0.358334 -0.268246 0.048672 -0.430282 -0.133627 -0.019823 -0.021841 -0.372215 -0.507717 0.207145 0.094955 -0.159913 -0.227152 0.321503 0.051255 0.574733 0.350223 0.478763 0.093059 -0.223087 -0.260505 -0.106132 -0.106941 -0.057379 0.327687 0.701135 0.438041 0.458248 0.497013 0.468843 0.079132 0.233033 0.280905 0.485421 0.557539 0.286907 0.273202 0.112189 0.111848 0.033911 -0.230760 -0.053166 -0.280893 -0.366579 -0.455492 -0.478072 -0.421925 -0.303052 -0.128546 -0.644694 -0.294976 -0.363422 -0.406608 -0.292691 -0.317561 -0.291792 -0.437569 -0.487595 -0.525557 -0.158547 0.006614 -0.242757 -0.152714 -0.522357 -0.408037 -0.357289 -0.046343 0.141171 0.020349
0.083501 -0.371567 0.449435 -0.049068 0.208533 0.063288 0.259578 -0.116282 0.105809 -0.136372 0.243886 -0.402895 0.056118 -0.294078 -0.042344 -0.302187 -0.131641 -0.338523 -0.027680 -0.095649 -0.042001 0.092349 0.337961 0.137803 0.251634 0.281742 0.241988 0.369835 -0.154188 -0.313075 0.095623 0.024559 0.017470 -0.011077 1.000000 0.617590 -0.098931 0.127415 0.204530 0.123808 0.059356 -0.057438 -0.090393 -0.121985 0.180140 0.192155 -0.070162 -0.160923 0.134005 -0.024642 0.252571 -0.266691 -0.148538 -0.301057 0.201530 0.040845 -0.426204 -0.409612 -0.023066 -0.362623 0.002242 -0.287769 -0.136944 -0.366297 0.298599 -0.165068 0.359109 0.217684 -0.142482 -0.306398 -0.077178 0.052352 -0.186130 -0.229953 -0.139882 -0.031066 -0.226964 -0.084606 -0.281782 -0.343423 -0.225312 -0.320351 0.055229 -0.071511 0.099685 0.032430 0.010345 0.196598 0.417457 -0.075603 0.165856 0.102761 -0.052698 0.211928 0.264869 -0.039721 0.223301 0.201321 -0.102601 -0.016172 0.219987 0.054779 -0.006346 -0.192474 -0.131546 0.106537 -0.346005 -0.073884 -0.025498 -0.009758 0.396830 -0.022613 -0.071979 0.235517 -0.203360 0.222946
-0.100070 -0.237957 0.222937 0.065915 0.290001 0.140219 0.153792 -0.042306 0.212438 -0.021704 -0.035488 -0.299800 -0.069420 -0.186501 -0.312871 -0.431268 -0.412726 -0.495723 -0.197525 0.012329 0.030065 0.189626 0.149813 0.114911 0.136795 0.133042 0.117236 0.136098 -0.198062 -0.308539 -0.027458 -0.026556 -0.203328 0.026062 0.617590 1.000000 -0.266089 0.066055 0.154248 0.274210 -0.198274 -0.013165 0.075304 -0.034482 0.398581 0.292933 0.082182 0.151577 0.322456 0.279836 0.307017 0.096517 0.012692 -0.025736 0.194122 0.003673 -0.413891 -0.628626 -0.065348 -0.266480 -0.049642 -0.286729 -0.129803 -0.289595 0.164457 0.018476 0.192668 0.441593 -0.271206 -0.309905 0.240956 -0.019816 -0.245633 -0.069047 -0.119279 -0.061297 -0.296644 0.329485 -0.536801 -0.456120 -0.378042 -0.378920 -0.062989 0.020856 -0.088231 -0.160223 0.052698 0.270576 0.164322 -0.129088 0.435417 0.271385 0.048532 0.381376 0.085665 0.228457 0.146523 0.234423 0.028336 0.249794 0.225038 0.158793 0.054127 -0.027070 0.013866 -0.057477 0.010237 0.055265 0.128377 0.140926 0.432758 0.342848 0.289082 0.229135 0.039609 -0.148594
