1.000000 0.104765 0.139413 -0.103260 0.290065 -0.114069 0.199580 -0.084332 0.365288 0.147987 0.086037 0.114524 0.202383 0.118598 0.127699 0.111177 0.423724 0.130871 0.495364 0.272900 -0.439018 0.051660 0.035519 -0.091729 -0.131604 -0.448287 0.111862 -0.115565 0.144545 0.165536 -0.314080 -0.435428 0.046400 0.294681 0.015067 0.082803 -0.305289 -0.145987 -0.245850 -0.051831 -0.014677 -0.001718 -0.209973 -0.298689 -0.286587 -0.147888 -0.270858 -0.162055 0.070757 -0.056956 -0.274326 -0.071292 0.362148 0.000221 -0.175332 -0.282827 0.325111 -0.050190 0.421265 -0.062828 0.546498 0.184805 0.445834 0.225232 0.173833 0.071524 0.035878 -0.497516 0.113700 -0.067307 -0.083626 -0.099490 0.209356 0.097486 0.058863 0.062361 0.178916 0.024917 0.134290 -0.039049 -0.039226 -0.007489 0.004659 0.106862 0.045807 -0.102618 -0.024990 -0.001644 0.138458 -0.072008 0.211166 0.130609 0.009203 0.038925 -0.213418 -0.027980 -0.248646 -0.052339 0.115458 0.135717 -0.002103 0.272656 -0.004221 -0.042552 -0.409330 -0.319957 -0.222947 -0.360914 0.146844 -0.099370 -0.236665 -0.016146 0.087669 -0.155184 -0.045395 -0.076693
0.104765 1.000000 -0.361635 -0.123690 0.054578 0.213347 -0.031967 0.079611 -0.182308 0.217470 0.053400 0.192635 -0.130509 0.271050 -0.296415 0.218865 0.065763 0.114955 -0.366558 0.350360 -0.025834 0.221639 -0.669091 -0.497632 -0.389821 -0.402466 -0.062467 0.064917 -0.139633 0.238035 -0.514315 -0.541162 0.007361 -0.031801 -0.305689 0.202367 0.006705 0.089329 -0.186177 0.041002 -0.439933 0.055668 -0.007684 0.052455 0.066135 0.096828 -0.168008 0.207121 0.178619 0.311407 0.040773 0.386233 0.174025 -0.088570 -0.308019 0.083466 -0.112102 0.350360 0.191489 0.409972 0.101797 0.417568 0.256228 0.418983 -0.515525 0.232786 -0.104168 -0.245845 -0.327940 -0.248246 -0.084150 -0.109072 0.103523 -0.047337 -0.235491 -0.047415 -0.123520 0.173921 0.145758 0.134230 0.103309 -0.069780 -0.336027 0.004201 -0.605525 -0.383222 -0.289945 0.099320 -0.542486 -0.120885 0.368385 -0.206404 0.386129 -0.054965 0.163816 0.332368 0.213708 0.250658 0.297312 0.357825 0.475125 0.206022 0.245006 -0.116260 0.139842 -0.188657 0.059948 -0.058543 0.061456 0.079269 0.129718 0.574052 0.505018 0.355947 0.220424 0.262824
0.139413 -0.361635 1.000000 0.059428 0.510261 0.063837 0.806059 0.434748 0.406599 0.380937 0.349254 0.291378 0.543613 0.370181 0.404559 0.177643 -0.075387 -0.388267 0.544057 -0.365846 -0.259269 -0.216361 0.547328 0.074734 0.480146 0.082210 -0.011099 -0.482442 0.146970 -0.097027 0.282170 0.273537 -0.050808 -0.226486 -0.045450 -0.333622 -0.285425 -0.328154 0.004975 -0.033972 0.210313 -0.158623 -0.247759 -0.253966 -0.152679 -0.389224 -0.065359 -0.447205 0.019050 -0.197722 -0.083186 0.031212 0.257450 0.292284 0.101132 -0.194640 -0.310614 -0.332160 -0.108248 -0.331484 0.450574 0.138817 -0.305982 -0.427125 0.455048 0.046271 -0.201799 0.056466 -0.071016 0.047965 0.175100 0.096139 -0.058577 -0.189597 0.011426 -0.157267 -0.164596 -0.337916 -0.345815 -0.289146 -0.512459 -0.444856 0.211836 0.072689 0.158341 -0.010601 0.097252 -0.225302 0.417023 0.253571 -0.138041 0.478657 -0.036767 0.630511 -0.226180 -0.091601 -0.399555 -0.158677 -0.350580 -0.368399 -0.153565 0.285583 -0.256158 0.156619 -0.075410 0.100396 -0.199438 -0.160255 0.001491 -0.120040 -0.217818 -0.278697 -0.336648 -0.045787 -0.106401 -0.081196
-0.103260 -0.123690 0.059428 1.000000 -0.295290 0.320387 -0.035207 0.617990 -0.071484 0.212901 -0.012719 0.272321 0.215675 0.242166 0.238765 0.292229 -0.060381 -0.251916 0.158440 -0.373437 -0.077801 -0.084628 0.183265 0.211246 -0.116512 0.408513 -0.342111 -0.041126 -0.328069 -0.071892 -0.062739 0.017665 -0.208411 -0.164433 0.087800 0.019256 -0.278329 -0.157242 -0.193335 -0.198244 0.184993 -0.097498 -0.150475 -0.004626 -0.196152 0.128998 0.006071 -0.141415 0.054792 -0.011720 -0.011087 -0.076442 -0.062682 0.084244 -0.196262 -0.113244 -0.049569 -0.125540 -0.057270 -0.091195 -0.015227 0.199497 -0.061927 -0.195525 0.167572 0.494320 0.009031 0.241894 -0.156653 -0.070034 -0.192842 0.260620 -0.247923 0.044000 0.150987 0.090090 0.030358 -0.195457 -0.171070 -0.158104 0.165740 -0.129453 -0.190712 -0.055905 0.160883 0.274019 -0.026707 0.070596 0.184670 0.120469 -0.187884 -0.322053 0.218702 -0.092129 -0.145577 -0.268531 -0.112727 -0.275980 -0.201037 -0.341538 -0.035913 -0.270417 0.080679 0.139050 -0.050590 0.018983 0.164816 0.045380 0.031093 -0.152436 -0.226224 -0.317216 -0.218806 -0.244417 -0.218152 -0.349739
0.290065 0.054578 0.510261 -0.295290 1.000000 0.011860 0.696394 0.111770 0.599500 0.531015 0.161220 0.146476 0.157576 0.316324 -0.038125 0.243360 -0.075343 -0.265245 0.416100 0.272243 -0.246560 0.085566 0.127000 -0.395015 0.410650 -0.308927 0.262601 -0.301837 0.128449 0.186003 0.106356 0.028388 0.349302 0.134082 0.018486 -0.101498 0.019769 -0.084776 -0.013311 0.241185 -0.082167 0.003788 -0.331842 -0.432860 -0.147997 -0.333316 -0.324752 -0.302588 -0.032290 0.038652 -0.126972 0.166175 0.385950 0.129597 0.165165 -0.292275 -0.267889 -0.187702 0.165901 -0.049354 0.546701 0.233403 -0.062588 -0.155704 0.103185 -0.004054 -0.148319 -0.216391 -0.182762 -0.061697 0.161648 0.128653 0.188006 -0.083604 -0.045805 0.000695 -0.151443 -0.121482 -0.255523 -0.165611 -0.512561 -0.237015 0.180745 0.412711 -0.136920 -0.210234 -0.055194 -0.135500 0.127502 0.232622 0.275496 0.389055 0.107604 0.305838 -0.012299 0.133229 -0.365687 0.149705 -0.240223 -0.178968 0.197318 0.655967 -0.213678 -0.244695 -0.371446 -0.383149 -0.143309 -0.296038 -0.134737 -0.095436 -0.102524 -0.129239 -0.137927 0.151320 0.110747 0.303267
-0.114069 0.213347 0.063837 0.320387 0.011860 1.000000 0.064115 0.407417 -0.031275 0.370863 -0.334975 -0.074555 -0.242713 -0.073483 -0.005181 0.251193 -0.144013 -0.099583 -0.133386 -0.158427 0.146454 -0.007521 0.037689 0.088507 0.156079 0.412101 0.175027 0.107509 -0.344457 -0.107652 -0.134735 -0.065600 -0.246902 -0.261994 -0.293435 -0.214460 -0.191715 -0.146482 -0.140955 0.071521 -0.347258 -0.113816 0.118539 0.091839 -0.063430 0.040432 0.258637 0.057715 -0.046468 -0.121932 0.303208 0.054844 0.132785 0.095507 -0.162158 0.052987 0.063598 0.144850 -0.025647 0.052270 -0.060267 -0.034960 0.155620 0.061149 -0.125203 0.121226 -0.139229 -0.144787 -0.232253 -0.242133 -0.071365 -0.029076 -0.237003 -0.128994 -0.212290 0.026610 -0.187918 -0.237747 0.136471 0.195432 0.093977 -0.233576 -0.375869 -0.069436 -0.281882 -0.106079 -0.188229 0.098038 0.037217 -0.012388 0.041316 -0.130957 0.182642 0.009499 -0.084856 0.181980 -0.038386 0.167282 0.059909 0.218910 0.187473 -0.179444 0.165962 0.015635 0.166556 0.140406 0.264218 0.112264 0.007620 -0.195768 -0.042771 0.233143 0.198324 0.171130 0.085774 0.080867
0.199580 -0.031967 0.806059 -0.035207 0.696394 0.064115 1.000000 0.497697 0.526194 0.632847 0.269564 0.313864 0.422910 0.496282 0.164006 0.242476 -0.072677 -0.260365 0.488039 -0.237133 -0.276456 -0.226821 0.287897 -0.134836 0.357144 -0.127861 -0.066229 -0.519056 0.156123 0.096537 0.180248 0.172595 0.064515 -0.008050 -0.197177 -0.302754 -0.273372 -0.362557 -0.136586 -0.077773 0.203635 -0.197532 -0.298305 -0.378555 -0.202416 -0.422581 -0.201553 -0.482042 0.111479 -0.162359 -0.244580 0.069039 0.348992 0.263337 -0.000907 -0.290349 -0.337473 -0.316809 0.131727 -0.061507 0.626600 0.376614 -0.177754 -0.226126 0.241606 0.114038 -0.169970 -0.038111 -0.218284 -0.115483 0.168662 0.151337 0.083165 -0.132706 0.002340 -0.040917 -0.235655 -0.282948 -0.240852 -0.163144 -0.491516 -0.387305 0.032149 0.113553 -0.123201 -0.273294 -0.057353 -0.336799 0.255715 0.177648 -0.029454 0.398496 0.202638 0.504286 -0.203730 0.063793 -0.458144 -0.075405 -0.404753 -0.302417 0.088599 0.433410 -0.138523 0.010962 -0.072255 0.019770 -0.182779 -0.161727 -0.101705 -0.139327 -0.295675 -0.160373 -0.209453 0.121355 -0.007172 0.167078
-0.084332 0.079611 0.434748 0.617990 0.111770 0.407417 0.497697 1.000000 0.057931 0.494745 0.136488 0.477985 0.237600 0.459272 0.015260 0.226988 0.019842 -0.216698 0.110285 -0.431656 -0.194279 -0.352486 0.095352 0.056703 0.127434 0.278034 -0.396491 -0.388415 -0.098426 0.060162 0.021566 0.148801 -0.089304 -0.166222 -0.244196 -0.414272 -0.409562 -0.530830 -0.423701 -0.320034 0.092937 -0.337605 -0.283291 -0.157891 -0.301429 -0.253681 -0.038693 -0.397454 -0.062496 -0.238458 -0.048529 -0.024964 0.052129 0.337319 -0.208125 -0.293009 -0.250099 -0.162400 -0.040650 0.049874 0.300472 0.237819 -0.033350 -0.091980 0.120893 0.349596 -0.100551 0.082493 -0.292160 -0.241914 0.025111 0.355054 -0.135892 -0.010025 0.071845 0.045515 -0.109092 -0.285836 -0.089959 0.016458 -0.048216 -0.224529 -0.328361 -0.093179 -0.125405 0.006073 -0.213201 -0.196043 0.015567 0.012328 -0.187444 0.050194 0.384481 0.260742 -0.125235 -0.051494 -0.395690 -0.145183 -0.323579 -0.291091 0.155357 0.004717 0.120073 0.065489 0.171137 0.175250 -0.084242 0.220017 -0.251957 -0.141921 -0.461882 -0.159278 -0.188143 0.061488 -0.039503 0.017349
0.365288 -0.182308 0.406599 -0.071484 0.599500 -0.031275 0.526194 0.057931 1.000000 0.536533 -0.003658 0.049650 0.252546 0.231460 0.267614 0.401744 0.001315 -0.061515 0.559671 0.118955 -0.132016 0.267152 0.480142 -0.159177 0.268656 -0.110691 0.326659 -0.302012 0.158978 0.291064 0.113346 0.016453 0.022476 0.120190 0.197122 0.118997 -0.237355 0.005887 0.093723 0.206997 0.115260 0.192065 -0.212983 -0.439992 -0.081341 -0.133927 -0.188573 -0.229097 -0.184616 0.039479 -0.296292 -0.092794 0.214662 0.095549 -0.079263 -0.175977 -0.139761 -0.203291 0.099018 -0.152569 0.444391 0.302337 0.085383 0.006719 0.302158 0.108233 -0.345936 -0.280870 -0.141421 -0.107711 -0.029545 -0.223990 0.170940 -0.247859 -0.218116 -0.052697 -0.251958 -0.177368 -0.116244 -0.107282 -0.203331 0.038897 0.264936 0.559583 0.050566 -0.146196 0.061647 -0.167414 0.389439 0.067210 0.248880 0.216808 0.065200 0.124879 -0.105993 -0.045928 -0.318083 -0.123267 -0.150735 -0.219918 0.020847 0.333374 -0.267952 -0.145930 -0.439149 -0.235328 -0.120642 -0.336915 0.021445 -0.050144 -0.151982 -0.244538 -0.134507 -0.143292 -0.053326 0.010029
0.147987 0.217470 0.380937 0.212901 0.531015 0.370863 0.632847 0.494745 0.536533 1.000000 0.097714 0.278431 0.249678 0.488788 0.184491 0.569429 -0.033426 -0.212987 0.313890 -0.032842 -0.192127 0.098588 0.031648 -0.291361 0.178884 -0.116200 -0.027463 -0.526976 0.057163 0.309311 -0.026075 -0.032299 0.109528 -0.010874 -0.037423 -0.046508 -0.238561 -0.127005 -0.158950 -0.007889 -0.086325 -0.038461 -0.228766 -0.257096 -0.182984 -0.237647 -0.220651 -0.280270 0.086724 0.090650 -0.205876 0.172330 0.389870 0.224259 -0.222681 -0.240161 -0.299090 -0.060146 0.197226 0.152676 0.541975 0.528800 0.050080 0.048255 -0.040368 0.134976 -0.101102 -0.210852 -0.406031 -0.145969 0.106043 0.086226 0.108509 -0.182662 -0.197442 0.023020 -0.349292 -0.246820 -0.194856 -0.134590 -0.213213 -0.151037 -0.087302 0.315203 -0.311368 -0.365016 -0.057482 -0.102643 0.138627 0.195393 0.203551 0.142317 0.322101 0.134627 -0.160378 -0.044929 -0.299255 -0.070834 -0.174181 -0.284289 0.193887 0.396347 -0.028073 -0.035086 -0.247869 -0.262383 0.034522 -0.227346 -0.111545 -0.306605 -0.233214 -0.084562 0.019100 0.040833 -0.048002 0.044397
0.086037 0.053400 0.349254 -0.012719 0.161220 -0.334975 0.269564 0.136488 -0.003658 0.097714 1.000000 0.770419 0.775935 0.641843 0.335970 0.226544 0.286806 -0.143670 0.243391 -0.070007 -0.429800 -0.192336 0.096615 0.113182 0.095457 -0.130579 -0.186078 -0.231832 0.293313 0.100458 0.052414 0.042562 0.000330 -0.137762 0.018032 -0.081978 0.049137 -0.129655 -0.100216 -0.227213 -0.044075 -0.149138 -0.166808 -0.042322 -0.033608 -0.226176 -0.205197 -0.314179 0.224021 0.189924 -0.050179 0.251302 0.305655 0.064961 0.101109 -0.261635 -0.513808 0.107674 -0.347218 -0.384832 0.188161 0.106372 -0.349813 -0.368640 0.219435 0.106003 -0.245707 -0.070943 -0.165497 0.103911 -0.096688 0.115450 0.035551 -0.112867 -0.061229 -0.134162 -0.170451 -0.152978 -0.302290 -0.296021 -0.308221 -0.256083 0.344696 0.071178 0.278943 0.251916 0.348520 -0.002760 0.055870 0.278612 -0.195921 0.198188 0.074139 0.287097 -0.090606 -0.100292 -0.162363 -0.167964 -0.170200 -0.387110 0.015287 0.279595 -0.207261 -0.147317 0.047466 -0.025853 -0.486299 -0.048613 -0.236318 -0.032006 -0.225591 0.013733 0.145343 0.037353 0.127505 -0.101158
0.114524 0.192635 0.291378 0.272321 0.146476 -0.074555 0.313864 0.477985 0.049650 0.278431 0.770419 1.000000 0.640307 0.712518 0.139683 0.370984 0.207625 -0.179955 0.244431 -0.132583 -0.523634 -0.209827 0.009410 0.018358 -0.000828 -0.072479 -0.367965 -0.344407 0.084907 0.211163 -0.056113 -0.034527 -0.115200 -0.091231 0.058578 -0.083500 -0.096953 -0.318843 -0.386937 -0.351444 0.001336 -0.258892 -0.299665 -0.143519 -0.150594 -0.129612 -0.281880 -0.331636 0.122867 0.085529 -0.143380 0.086700 0.245557 -0.031126 -0.081826 -0.445367 -0.440766 0.053147 -0.159631 -0.263206 0.281708 0.261859 -0.216219 -0.309015 0.262763 0.395661 -0.310901 -0.110728 -0.241996 -0.028000 0.007857 0.273609 -0.015701 0.008782 0.045088 0.039380 -0.106244 -0.151735 -0.223636 -0.299036 -0.202380 -0.239380 0.057887 0.094117 0.114973 0.208671 0.123385 -0.036972 -0.006734 0.143568 -0.162890 0.111644 0.301218 0.304162 -0.019030 -0.104281 -0.245776 -0.175189 -0.208440 -0.408822 0.134951 0.169089 -0.094079 -0.210228 -0.040319 -0.063098 -0.367186 0.040830 -0.317429 -0.207150 -0.389561 -0.106150 0.063013 0.019108 0.115927 0.008087
0.202383 -0.130509 0.543613 0.215675 0.157576 -0.242713 0.422910 0.237600 0.252546 0.249678 0.775935 0.640307 1.000000 0.679904 0.602888 0.376828 0.078035 -0.278820 0.499775 -0.329354 -0.361085 -0.074200 0.428165 0.126198 0.117173 -0.104540 -0.123807 -0.294524 0.209383 0.095935 0.118236 0.034435 -0.160337 -0.205994 0.136748 0.032877 -0.253032 -0.164951 -0.014926 -0.079283 0.201329 -0.107251 -0.290158 -0.176245 -0.195166 -0.255190 -0.244834 -0.375088 0.307335 0.114280 -0.177221 0.104287 0.332882 0.069209 0.075106 -0.226228 -0.527244 -0.057806 -0.122832 -0.321673 0.365364 0.342053 -0.417276 -0.476839 0.396537 0.256363 -0.185538 0.056800 -0.158266 0.242012 -0.162973 0.009637 0.003462 -0.208547 -0.014167 -0.200037 -0.229714 -0.310359 -0.442180 -0.371575 -0.343837 -0.247471 0.366694 0.100940 0.296254 0.134256 0.310755 -0.072730 0.313295 0.361876 -0.213541 0.176604 -0.052486 0.372528 -0.138689 -0.191113 -0.230837 -0.301096 -0.234463 -0.511781 -0.171109 0.262914 -0.262854 0.056561 -0.110607 -0.038554 -0.341493 -0.125571 -0.011784 -0.065664 -0.210976 -0.254087 -0.100759 -0.169192 -0.113102 -0.235067
0.118598 0.271050 0.370181 0.242166 0.316324 -0.073483 0.496282 0.459272 0.231460 0.488788 0.641843 0.712518 0.679904 1.000000 0.150338 0.445994 0.076497 -0.206888 0.235553 -0.158387 -0.378608 -0.006066 -0.002365 -0.332081 -0.025827 -0.254990 -0.362835 -0.420027 0.179364 0.260488 -0.090242 -0.162858 0.035887 -0.125509 0.120319 0.090266 -0.219722 -0.169127 -0.179093 -0.125935 0.078705 -0.136928 -0.318753 -0.212251 -0.071718 -0.165629 -0.237127 -0.324134 0.344125 0.261001 -0.172796 0.358614 0.393646 0.005074 -0.059102 -0.230387 -0.553973 -0.075925 -0.032875 -0.094389 0.365956 0.602073 -0.280337 -0.229739 0.076395 0.466304 -0.132562 0.057987 -0.485218 -0.052860 -0.025873 0.232839 0.059538 -0.072146 0.012295 -0.077824 -0.176142 -0.075153 -0.309462 -0.324004 -0.297341 -0.244395 0.018711 0.105999 -0.120927 -0.130215 -0.045449 -0.117972 -0.094449 0.143116 -0.070995 -0.019381 0.306943 0.284676 -0.109416 -0.066007 -0.161511 -0.159266 -0.291414 -0.448394 0.169729 0.238466 -0.186730 -0.124019 -0.069406 -0.155093 -0.216311 -0.073403 -0.110644 -0.126186 -0.202330 -0.136292 0.075103 -0.079509 -0.005130 -0.037654
0.127699 -0.296415 0.404559 0.238765 -0.038125 -0.005181 0.164006 0.015260 0.267614 0.184491 0.335970 0.139683 0.602888 0.150338 1.000000 0.515346 -0.191033 -0.356667 0.434036 -0.297975 -0.155935 0.171420 0.492361 0.304976 0.144928 0.142619 0.122828 -0.247364 0.023146 0.033190 0.168160 0.097182 -0.252502 -0.372125 0.063123 0.065076 -0.353602 0.166840 0.279567 0.142521 0.103699 0.279132 -0.027034 -0.042412 -0.045254 -0.135586 0.055488 -0.114463 0.166837 0.085802 -0.029167 0.056397 0.209636 0.113643 -0.074575 0.163691 -0.183461 0.000736 0.018653 -0.185469 0.158757 0.195258 -0.324139 -0.377290 0.311448 -0.055043 -0.055095 0.099845 0.137875 0.383433 -0.228635 -0.284079 -0.089824 -0.292852 -0.204718 -0.321356 -0.328461 -0.418774 -0.512907 -0.294055 -0.327310 -0.280704 0.585878 0.330410 0.366138 0.168817 0.431156 0.187830 0.621482 0.523901 -0.068372 0.094655 -0.253986 0.093975 -0.196392 -0.466643 -0.109040 -0.428596 0.039549 -0.337248 -0.394449 0.096929 -0.226155 0.360775 -0.139599 -0.041015 -0.104268 -0.193325 0.209479 -0.152951 -0.032055 -0.117597 -0.027954 -0.342196 -0.330315 -0.546868
0.111177 0.218865 0.177643 0.292229 0.243360 0.251193 0.242476 0.226988 0.401744 0.569429 0.226544 0.370984 0.376828 0.445994 0.515346 1.000000 -0.153879 -0.150319 0.219934 0.022076 -0.251824 0.429849 0.082151 -0.245652 -0.087298 -0.097168 0.082086 -0.301701 0.000524 0.488665 -0.107754 -0.220446 -0.071270 -0.279984 0.176691 0.293096 -0.284531 0.275539 0.048107 0.225843 -0.010820 0.300822 -0.082852 -0.071375 -0.023824 0.094415 -0.071130 0.012753 0.125657 0.357003 -0.202817 0.159482 0.295580 -0.160270 -0.198504 0.085679 -0.277663 0.126638 0.126679 -0.034549 0.221100 0.545873 -0.154141 -0.113584 0.003719 0.306748 -0.272109 -0.074765 -0.443055 0.007281 -0.148229 -0.045373 0.131915 -0.129689 -0.132422 -0.073587 -0.200125 -0.089761 -0.322661 -0.166540 -0.221458 -0.112116 0.225819 0.533301 -0.139714 -0.195886 0.115024 0.003875 0.267984 0.343676 0.238258 -0.156648 0.117785 0.083936 -0.085714 -0.306457 -0.010361 -0.271566 0.115654 -0.292798 -0.011285 0.190525 -0.233643 0.044270 -0.346355 -0.342304 -0.041034 -0.233007 0.076268 -0.168584 0.053891 0.019760 0.136234 -0.228929 -0.150474 -0.218709
0.423724 0.065763 -0.075387 -0.060381 -0.075343 -0.144013 -0.072677 0.019842 0.001315 -0.033426 0.286806 0.207625 0.078035 0.076497 -0.191033 -0.153879 1.000000 0.546356 0.056652 0.043023 -0.418752 -0.237486 -0.113326 0.224270 -0.173924 -0.125574 -0.040511 -0.014781 0.432251 0.127466 -0.288627 -0.209466 -0.057627 0.209483 -0.226542 -0.099551 -0.076210 -0.318603 -0.448309 -0.518010 -0.119051 -0.240565 -0.103741 -0.039018 -0.172721 -0.032082 -0.169745 -0.238532 -0.134084 -0.060183 -0.223175 -0.199746 0.144503 0.105020 -0.221946 -0.413139 0.233854 0.333204 -0.030811 -0.066763 0.188742 -0.151173 0.566059 0.496602 0.044778 -0.062864 -0.078896 -0.358621 -0.117952 -0.211946 -0.024607 0.077433 0.272082 0.080927 0.062566 0.121178 0.224932 0.067820 0.488093 0.307436 0.469491 0.324774 -0.204610 -0.246476 0.180721 0.134757 0.055347 -0.114513 -0.029527 -0.157026 -0.150511 0.037346 0.056630 -0.103522 -0.397254 -0.010149 -0.325154 -0.147314 0.291634 0.109663 0.079054 0.043101 0.273192 -0.042981 -0.006643 0.020841 -0.342920 -0.074826 -0.164750 -0.054684 -0.422441 0.150022 0.186030 0.048056 0.022177 -0.129578
0.130871 0.114955 -0.388267 -0.251916 -0.265245 -0.099583 -0.260365 -0.216698 -0.061515 -0.212987 -0.143670 -0.179955 -0.278820 -0.206888 -0.356667 -0.150319 0.546356 1.000000 -0.272459 0.094265 0.014853 0.022447 -0.234451 0.090816 -0.347756 -0.091265 0.105738 0.124475 0.437955 0.341711 -0.265341 -0.259597 -0.054939 0.178249 -0.196343 0.001707 -0.079950 -0.033728 -0.195643 -0.271977 -0.051325 0.024728 0.324295 0.274557 0.070954 0.192299 0.248937 0.193263 -0.110635 -0.002227 -0.248876 -0.288661 -0.164512 -0.217197 -0.238728 -0.103353 0.212711 0.364869 -0.001610 0.135581 -0.179948 -0.142535 0.463289 0.650889 -0.258264 -0.197589 -0.036788 -0.292453 -0.266997 -0.270432 0.151514 0.012402 0.450399 0.318366 0.138841 0.288785 0.179601 0.334822 0.722910 0.534703 0.631243 0.665964 -0.292030 -0.247692 -0.136893 -0.131208 -0.118784 -0.311448 -0.211559 -0.455732 0.019528 -0.248318 -0.068102 -0.257495 -0.164670 0.034962 0.077782 -0.155742 0.368980 0.233853 -0.006201 -0.247866 0.151606 -0.083807 0.141324 0.186768 -0.150419 0.167662 -0.104907 0.097333 -0.049304 0.280214 0.196280 -0.067845 -0.058942 -0.036331
0.495364 -0.366558 0.544057 0.158440 0.416100 -0.133386 0.488039 0.110285 0.559671 0.313890 0.243391 0.244431 0.499775 0.235553 0.434036 0.219934 0.056652 -0.272459 1.000000 -0.025897 -0.374020 -0.080974 0.571876 0.140030 0.300077 -0.078866 0.091735 -0.324886 0.085624 0.033969 0.288363 0.211986 0.004658 0.172770 0.173776 -0.125335 -0.300341 -0.275674 -0.120321 -0.015876 0.372037 -0.121358 -0.458155 -0.505919 -0.385490 -0.400055 -0.404791 -0.543950 0.028263 -0.208271 -0.347433 -0.162556 0.309202 -0.055656 0.026308 -0.354623 -0.077261 -0.278400 0.133744 -0.277298 0.632066 0.243451 0.004381 -0.274257 0.565135 0.154614 -0.090691 -0.225404 0.106648 0.176412 -0.045587 -0.056993 -0.001627 -0.204033 -0.019224 -0.041857 -0.128540 -0.313273 -0.303753 -0.338112 -0.272416 -0.207481 0.295253 0.301939 0.367996 0.089633 0.135888 -0.143019 0.575576 0.359859 -0.044245 0.237431 -0.084253 0.223118 -0.118184 -0.178977 -0.405134 -0.176082 -0.325665 -0.439567 -0.218044 0.343141 -0.346527 -0.003770 -0.396790 -0.182458 -0.224313 -0.277669 0.039496 -0.160717 -0.287463 -0.459728 -0.281251 -0.301101 -0.212783 -0.141046
0.272900 0.350360 -0.365846 -0.373437 0.272243 -0.158427 -0.237133 -0.431656 0.118955 -0.032842 -0.070007 -0.132583 -0.329354 -0.158387 -0.297975 0.022076 0.043023 0.094265 -0.025897 1.000000 0.129125 0.449354 -0.332228 -0.401812 -0.051333 -0.336557 0.363786 0.277484 -0.091031 0.191188 -0.151573 -0.258071 0.523979 0.352826 0.172223 0.218150 0.352635 0.418506 0.134229 0.285866 -0.458745 0.311005 -0.021082 -0.049283 0.034967 0.033763 -0.299613 0.199457 -0.089869 0.285385 0.156226 0.333137 0.118271 -0.259409 0.068629 0.108125 0.067813 0.007991 -0.031294 -0.103344 0.028982 -0.073255 0.379431 0.288927 -0.305487 -0.095004 -0.055243 -0.492160 0.001796 -0.159596 -0.040485 -0.215835 0.200023 0.012500 -0.223478 0.045650 0.062250 0.333468 0.160474 -0.021064 -0.002441 0.062919 0.107138 0.405561 -0.237829 -0.115963 -0.007068 0.257893 -0.431591 -0.144994 0.510853 -0.102750 0.059178 -0.202991 0.405162 0.413814 0.357061 0.523340 0.102195 0.340227 0.349649 0.341599 -0.052378 -0.462783 -0.310051 -0.507008 -0.028005 -0.367808 0.081076 0.304312 0.381471 0.209596 0.334600 0.234591 0.350724 0.295266
-0.439018 -0.025834 -0.259269 -0.077801 -0.246560 0.146454 -0.276456 -0.194279 -0.132016 -0.192127 -0.429800 -0.523634 -0.361085 -0.378608 -0.155935 -0.251824 -0.418752 0.014853 -0.374020 0.129125 1.000000 0.225049 0.052870 -0.076335 0.086058 0.291136 0.319958 0.529337 -0.368260 -0.273393 0.249953 0.210054 0.027105 -0.051464 -0.117151 0.076398 0.351020 0.406946 0.540349 0.427986 -0.193698 0.191809 0.294466 0.189634 0.110829 0.050636 0.251614 0.385585 -0.189004 -0.122118 0.393240 0.032173 -0.389560 -0.164084 0.268111 0.510446 0.039430 -0.051790 -0.291510 -0.028353 -0.470523 -0.283286 -0.115621 -0.013785 -0.278407 -0.163094 -0.069345 0.144915 0.093181 0.000570 -0.063749 -0.171223 -0.257651 -0.288829 -0.330926 -0.071853 -0.160918 0.163696 0.051031 0.119986 0.114985 0.041114 -0.078276 -0.035188 -0.314096 -0.276921 -0.150939 0.023421 -0.310393 -0.316141 0.231777 -0.116959 0.025847 -0.054304 0.459144 0.493709 0.527382 0.479944 -0.190583 0.352908 0.223574 -0.111636 0.084755 -0.163063 0.277169 0.206002 0.501421 -0.003067 0.204405 0.582682 0.567095 0.028025 0.014195 0.335864 0.372354 0.322841
0.051660 0.221639 -0.216361 -0.084628 0.085566 -0.007521 -0.226821 -0.352486 0.267152 0.098588 -0.192336 -0.209827 -0.074200 -0.006066 0.171420 0.429849 -0.237486 0.022447 -0.080974 0.449354 0.225049 1.000000 -0.121302 -0.551980 -0.126232 -0.209070 0.198180 0.028770 -0.005013 0.417174 -0.142901 -0.325387 0.157020 -0.153670 0.338772 0.520992 0.018347 0.780992 0.555717 0.604545 -0.364809 0.814071 0.014361 0.010396 0.099631 0.161484 0.019041 0.444936 0.013566 0.393894 0.112536 0.318382 0.029126 -0.307868 -0.007893 0.428600 -0.059369 0.176109 0.087332 0.123323 -0.067093 0.372052 0.015384 0.185514 -0.317558 -0.028379 0.039627 -0.060717 -0.159714 0.114308 0.030266 -0.295035 0.270577 -0.027865 -0.177756 -0.078353 -0.063894 0.293252 -0.135133 -0.129048 -0.120728 0.097188 0.227582 0.463707 -0.339735 -0.364400 -0.035418 0.186651 -0.182726 0.003167 0.626535 -0.091276 -0.123005 -0.082496 0.294337 0.002690 0.549925 -0.019656 0.393577 0.162116 -0.050457 0.113269 -0.186081 -0.112252 -0.389984 -0.531641 0.150244 -0.446927 0.490777 0.267092 0.659523 0.139271 0.179607 -0.284434 -0.170063 -0.201658
0.035519 -0.669091 0.547328 0.183265 0.127000 0.037689 0.287897 0.095352 0.480142 0.031648 0.096615 0.009410 0.428165 -0.002365 0.492361 0.082151 -0.113326 -0.234451 0.571876 -0.332228 0.052870 -0.121302 1.000000 0.472131 0.581203 0.457326 0.324266 -0.037058 -0.054865 -0.199469 0.538190 0.478434 -0.266457 -0.050517 0.228246 -0.148725 -0.269694 -0.214482 0.106376 0.057355 0.351080 -0.066443 -0.177901 -0.301138 -0.169573 -0.188827 -0.049589 -0.425107 -0.109636 -0.224078 0.045035 -0.223432 0.064370 0.012285 0.161440 -0.163378 -0.119414 -0.221603 -0.218692 -0.451867 0.170991 -0.111436 -0.248672 -0.426031 0.717486 0.082181 -0.297954 0.014729 0.066384 0.129861 -0.123820 -0.146121 -0.217589 -0.300527 -0.074136 -0.074822 -0.249255 -0.425653 -0.225894 -0.225532 -0.191389 -0.148561 0.361698 0.207163 0.570495 0.330132 0.349560 -0.079907 0.665782 0.266919 -0.281513 0.138568 -0.286959 0.236291 -0.127961 -0.079523 -0.305084 -0.126300 -0.337953 -0.350191 -0.232866 0.091215 -0.241864 -0.036482 -0.192018 0.128880 -0.159440 -0.138777 -0.035614 -0.022156 -0.183928 -0.447121 -0.313651 -0.131947 -0.045441 -0.157582
-0.091729 -0.497632 0.074734 0.211246 -0.395015 0.088507 -0.134836 0.056703 -0.159177 -0.291361 0.113182 0.018358 0.126198 -0.332081 0.304976 -0.245652 0.224270 0.090816 0.140030 -0.401812 -0.076335 -0.551980 0.472131 1.000000 0.263960 0.611558 0.140341 0.193244 -0.058750 -0.358545 0.230755 0.413330 -0.428570 -0.066510 -0.222590 -0.409856 -0.137042 -0.388827 -0.231870 -0.437475 0.145727 -0.308946 0.181312 0.119303 -0.024189 -0.036780 0.222550 -0.287047 -0.052511 -0.318180 0.080710 -0.397470 -0.019568 0.216489 -0.110227 -0.266909 0.074381 0.041322 -0.202524 -0.294069 -0.145512 -0.527048 0.042634 -0.163873 0.403128 -0.190890 -0.105498 -0.059229 0.266512 0.004851 -0.143812 -0.036796 -0.262208 -0.018427 0.060403 0.057607 -0.071209 -0.378051 0.168775 0.152894 0.202826 -0.038248 0.148143 -0.162465 0.654347 0.631540 0.400754 0.087671 0.538450 0.117291 -0.592319 -0.006141 -0.179702 -0.166618 -0.294655 -0.147866 -0.336448 -0.197040 -0.101294 -0.160877 -0.150740 -0.278003 0.213000 0.160483 0.227986 0.481628 -0.121466 0.250348 -0.258496 -0.212065 -0.454898 -0.068014 -0.046917 0.035705 -0.034818 -0.194450
-0.131604 -0.389821 0.480146 -0.116512 0.410650 0.156079 0.357144 0.127434 0.268656 0.178884 0.095457 -0.000828 0.117173 -0.025827 0.144928 -0.087298 -0.173924 -0.347756 0.300077 -0.051333 0.086058 -0.126232 0.581203 0.263960 1.000000 0.514890 0.285140 -0.108323 -0.089536 -0.224775 0.611733 0.604184 0.064187 -0.010834 0.119275 -0.419421 0.018472 -0.200021 0.072696 0.041632 -0.021066 -0.116417 -0.187908 -0.325635 -0.163524 -0.458293 -0.088592 -0.498927 -0.085559 -0.248429 0.243825 0.073766 0.253636 0.206559 0.214742 -0.209147 -0.242143 -0.078162 -0.211951 -0.235918 0.265108 -0.183690 -0.193126 -0.302115 0.425455 -0.202085 -0.136500 -0.111508 -0.024758 -0.047049 0.174098 0.033197 -0.248648 -0.117550 -0.055166 -0.009248 -0.293722 -0.391239 -0.221965 -0.185464 -0.408670 -0.350603 0.208855 0.181892 0.337661 0.212205 0.296120 0.037101 0.345965 0.219558 -0.200890 0.306825 -0.180381 0.264051 -0.040009 0.188544 -0.253532 0.183131 -0.374329 -0.219919 0.060878 0.299828 0.080731 -0.202336 -0.046846 0.018110 -0.069106 -0.107102 -0.151832 -0.038102 -0.170453 -0.146895 -0.102751 0.238222 0.135291 0.073304
-0.448287 -0.402466 0.082210 0.408513 -0.308927 0.412101 -0.127861 0.278034 -0.110691 -0.116200 -0.130579 -0.072479 -0.104540 -0.254990 0.142619 -0.097168 -0.125574 -0.091265 -0.078866 -0.336557 0.291136 -0.209070 0.457326 0.611558 0.514890 1.000000 0.095756 0.248852 -0.324618 -0.370368 0.391765 0.523338 -0.310378 -0.233850 -0.058964 -0.356416 -0.063296 -0.134584 0.015492 -0.115417 -0.032465 -0.093476 0.182976 0.109794 -0.046817 -0.037466 0.342381 -0.082013 -0.275441 -0.306012 0.318844 -0.206213 -0.212887 0.220048 -0.086494 -0.032290 -0.028761 0.108161 -0.405895 -0.211434 -0.303606 -0.413812 -0.090009 -0.167098 0.256877 -0.052680 -0.188028 0.149766 0.010445 -0.096152 -0.016998 0.099646 -0.420722 0.031142 0.020839 0.127489 -0.182584 -0.323792 0.021284 0.054687 0.122081 -0.102292 -0.029224 -0.090484 0.365526 0.443326 0.219543 0.122305 0.276651 -0.047307 -0.339495 -0.057050 -0.075429 -0.075573 -0.075230 0.011143 -0.076120 -0.029634 -0.188300 -0.138731 -0.040679 -0.310421 0.236129 -0.053356 0.200496 0.295360 0.118271 0.106916 -0.116696 -0.037486 -0.122005 -0.089972 -0.122429 0.132888 0.070113 -0.142569
0.111862 -0.062467 -0.011099 -0.342111 0.262601 0.175027 -0.066229 -0.396491 0.326659 -0.027463 -0.186078 -0.367965 -0.123807 -0.362835 0.122828 0.082086 -0.040511 0.105738 0.091735 0.363786 0.319958 0.198180 0.324266 0.140341 0.285140 0.095756 1.000000 0.449627 -0.152142 -0.100844 0.065946 -0.011118 -0.017368 0.120186 -0.068562 0.089196 0.047713 0.151721 0.219008 0.356192 -0.293596 0.068328 0.249379 0.019326 0.198432 0.096940 0.026978 0.036380 0.000521 0.204870 0.257359 0.052239 0.117569 -0.159102 0.101075 0.100865 -0.029433 0.075529 -0.068469 -0.226705 -0.064507 -0.267071 0.092688 0.025372 0.003664 -0.229077 -0.389726 -0.391155 -0.077359 -0.177044 -0.175732 -0.358807 0.013272 -0.370990 -0.436243 -0.107613 -0.263624 -0.159279 0.123413 0.226738 0.012654 0.031466 0.217463 0.266186 0.057139 -0.037942 0.138340 0.067204 0.199930 0.038036 0.108319 0.012076 -0.253291 0.002733 0.063517 0.364437 -0.031002 0.379091 0.090334 0.270330 0.206061 0.307883 -0.009722 -0.109016 -0.095250 0.007056 0.112807 -0.276548 -0.066737 0.178162 0.196529 0.173562 0.110905 0.308495 0.336857 0.233467
-0.115565 0.064917 -0.482442 -0.041126 -0.301837 0.107509 -0.519056 -0.388415 -0.302012 -0.526976 -0.231832 -0.344407 -0.294524 -0.420027 -0.247364 -0.301701 -0.014781 0.124475 -0.324886 0.277484 0.529337 0.028770 -0.037058 0.193244 -0.108323 0.248852 0.449627 1.000000 -0.373143 -0.385023 -0.089999 -0.112795 -0.090967 0.046996 -0.188738 0.067395 0.363486 0.221122 0.087960 0.238961 -0.311620 -0.049727 0.341649 0.258323 0.103837 0.207451 0.148388 0.341322 -0.010476 -0.002767 0.458035 -0.029841 -0.243317 -0.203663 0.228166 0.177160 0.186508 0.004878 -0.282499 -0.258080 -0.491697 -0.525444 0.159296 0.024706 -0.197997 -0.020732 -0.195898 -0.024626 0.142810 -0.137971 -0.299540 -0.121777 -0.238420 -0.054116 -0.128065 0.014013 0.085100 0.126956 0.223013 0.189821 0.289264 0.027272 -0.044360 -0.159856 -0.002866 0.171191 0.000187 0.107835 -0.274634 -0.318776 0.028635 -0.294093 -0.039198 -0.238548 0.286837 0.517978 0.306867 0.524602 -0.028833 0.441502 0.299778 -0.109622 0.192445 -0.229288 0.237708 0.188132 0.308750 -0.013456 0.030109 0.376311 0.323970 0.125730 0.143571 0.412278 0.537762 0.385972
0.144545 -0.139633 0.146970 -0.328069 0.128449 -0.344457 0.156123 -0.098426 0.158978 0.057163 0.293313 0.084907 0.209383 0.179364 0.023146 0.000524 0.432251 0.437955 0.085624 -0.091031 -0.368260 -0.005013 -0.054865 -0.058750 -0.089536 -0.324618 -0.152142 -0.373143 1.000000 0.573576 0.120367 0.121366 0.300471 0.233868 0.018917 -0.113923 -0.106519 -0.151835 -0.109270 -0.249044 0.187725 -0.022571 -0.093513 -0.032233 -0.144059 -0.321702 -0.009689 -0.205368 -0.055900 -0.079679 -0.447488 -0.133053 0.108636 0.036673 0.077481 -0.192155 -0.133706 0.136535 0.018537 0.132562 0.219206 0.034605 0.163917 0.280733 -0.136258 -0.410874 0.236940 -0.065393 -0.080155 0.159136 0.170619 0.115815 0.745674 0.219189 0.144454 0.019048 0.128635 0.134807 0.161619 0.211568 0.042304 0.392192 0.055707 -0.093993 -0.045357 -0.178976 -0.017134 -0.418408 0.032276 0.065492 -0.026132 0.208500 -0.293092 0.041706 -0.329738 -0.292451 -0.214505 -0.503259 0.278024 -0.218254 -0.388729 0.086299 -0.145206 0.075137 -0.050321 -0.058937 -0.486596 0.062040 -0.069418 -0.161155 -0.201100 -0.078734 -0.001758 -0.387051 -0.360235 -0.234505
0.165536 0.238035 -0.097027 -0.071892 0.186003 -0.107652 0.096537 0.060162 0.291064 0.309311 0.100458 0.211163 0.095935 0.260488 0.033190 0.488665 0.127466 0.341711 0.033969 0.191188 -0.273393 0.417174 -0.199469 -0.358545 -0.224775 -0.370368 -0.100844 -0.385023 0.573576 1.000000 -0.086780 -0.123860 0.224773 0.202476 0.171443 0.135180 -0.168491 0.162331 -0.101512 -0.036938 0.070055 0.328282 -0.120705 -0.030461 -0.188247 -0.098267 -0.074612 0.034917 0.063418 0.214860 -0.376265 0.030625 0.122052 -0.198995 -0.100202 -0.041290 -0.170231 0.227070 0.199192 0.238995 0.265176 0.413592 0.169881 0.328217 -0.305684 -0.121796 0.085654 -0.214628 -0.349710 -0.032988 0.151418 0.163124 0.791327 0.295978 0.114036 0.249463 0.180078 0.361014 0.104264 0.218307 -0.027529 0.360841 0.018102 0.336680 -0.371727 -0.376905 -0.057500 -0.258240 -0.100625 0.100143 0.231828 -0.081804 -0.136945 -0.127060 -0.087905 -0.242924 0.078305 -0.433464 0.376196 -0.115289 -0.205898 0.130142 -0.150597 -0.107694 -0.292543 -0.442014 -0.363076 -0.020377 -0.076572 -0.086596 -0.014276 0.097455 0.174467 -0.388084 -0.350900 -0.184962
-0.314080 -0.514315 0.282170 -0.062739 0.106356 -0.134735 0.180248 0.021566 0.113346 -0.026075 0.052414 -0.056113 0.118236 -0.090242 0.168160 -0.107754 -0.288627 -0.265341 0.288363 -0.151573 0.249953 -0.142901 0.538190 0.230755 0.611733 0.391765 0.065946 -0.089999 0.120367 -0.086780 1.000000 0.878174 0.203425 0.135047 0.135994 -0.355088 0.012997 -0.111561 0.203960 0.101538 0.344852 -0.121973 -0.325436 -0.424369 -0.348201 -0.566968 -0.178731 -0.466708 -0.196899 -0.443555 0.001610 -0.110522 0.051708 -0.059991 0.401579 -0.067755 -0.209938 -0.132300 -0.222191 -0.096282 0.127389 -0.113510 -0.299817 -0.355326 0.353467 -0.217416 0.033387 0.189831 0.231919 0.284821 0.067232 0.119540 -0.086396 -0.176679 0.013066 -0.031643 -0.271670 -0.252188 -0.287289 -0.163883 -0.264468 -0.099969 0.269851 0.087466 0.343885 0.138309 0.072222 -0.132629 0.323513 0.381028 -0.212924 0.200864 -0.257507 0.081274 0.055141 -0.010935 -0.124770 0.002694 -0.416051 -0.355255 -0.156265 0.117198 -0.126683 -0.117899 -0.008701 0.029708 -0.128940 0.012130 -0.103270 0.133316 -0.028972 -0.422866 -0.153814 0.045809 -0.056205 0.060084
-0.435428 -0.541162 0.273537 0.017665 0.028388 -0.065600 0.172595 0.148801 0.016453 -0.032299 0.042562 -0.034527 0.034435 -0.162858 0.097182 -0.220446 -0.209466 -0.259597 0.211986 -0.258071 0.210054 -0.325387 0.478434 0.413330 0.604184 0.523338 -0.011118 -0.112795 0.121366 -0.123860 0.878174 1.000000 0.094393 0.189178 0.058696 -0.443544 0.098859 -0.243801 0.089566 -0.068302 0.321817 -0.217705 -0.291163 -0.338503 -0.298533 -0.507995 -0.107651 -0.449225 -0.255465 -0.492004 0.006538 -0.201869 -0.026486 0.115699 0.273536 -0.139705 -0.232946 -0.166449 -0.236181 -0.030139 0.062038 -0.273266 -0.244542 -0.318404 0.319968 -0.266863 0.053294 0.174393 0.203944 0.197834 0.031271 0.155130 -0.079373 -0.128947 0.004484 0.040441 -0.235929 -0.261176 -0.223810 -0.092544 -0.245794 -0.107652 0.226716 0.072810 0.355011 0.205134 0.134609 -0.146118 0.377567 0.328803 -0.303287 0.288166 -0.147179 0.071607 0.023874 -0.020526 -0.234799 -0.052124 -0.371011 -0.392853 -0.161110 0.056814 -0.052497 -0.075277 0.078661 0.154708 -0.077174 0.136500 -0.191801 0.037901 -0.164932 -0.413855 -0.255087 0.050992 -0.051076 0.043527
0.046400 0.007361 -0.050808 -0.208411 0.349302 -0.246902 0.064515 -0.089304 0.022476 0.109528 0.000330 -0.115200 -0.160337 0.035887 -0.252502 -0.071270 -0.057627 -0.054939 0.004658 0.523979 0.027105 0.157020 -0.266457 -0.428570 0.064187 -0.310378 -0.017368 -0.090967 0.300471 0.224773 0.203425 0.094393 1.000000 0.407941 0.196585 0.010857 0.239234 0.155114 0.130637 0.103309 -0.099603 0.069233 -0.133718 -0.084789 -0.102121 -0.257658 -0.245893 -0.083693 -0.022630 0.084585 0.009206 0.303880 0.103813 -0.002672 0.380766 0.114721 -0.112993 -0.170871 0.023929 0.061146 0.103574 -0.057967 0.074288 0.043220 -0.360464 -0.294765 0.424860 0.002945 0.075484 0.082867 0.016856 0.091532 0.354767 0.085226 -0.034705 -0.123458 0.059474 0.095588 -0.105596 0.031649 -0.131945 0.050240 -0.040873 0.032097 -0.212771 -0.257547 -0.124103 -0.008963 -0.383567 0.063810 0.238091 0.100085 -0.125958 -0.012115 0.081770 0.128203 0.084209 0.173807 -0.088998 0.001489 0.031141 0.323924 -0.154925 -0.210853 -0.151534 -0.381526 -0.093353 -0.194431 0.041212 0.117495 0.231580 -0.116330 0.011542 -0.010712 0.001369 0.127690
0.294681 -0.031801 -0.226486 -0.164433 0.134082 -0.261994 -0.008050 -0.166222 0.120190 -0.010874 -0.137762 -0.091231 -0.205994 -0.125509 -0.372125 -0.279984 0.209483 0.178249 0.172770 0.352826 -0.051464 -0.153670 -0.050517 -0.066510 -0.010834 -0.233850 0.120186 0.046996 0.233868 0.202476 0.135047 0.189178 0.407941 1.000000 0.200970 0.129254 0.151044 -0.234785 -0.269688 -0.201102 0.209246 -0.219429 -0.258354 -0.339341 -0.227162 -0.130892 -0.391717 -0.251002 -0.010240 -0.167954 -0.194033 -0.120038 0.098628 -0.144440 0.174985 -0.238693 0.136983 -0.164515 0.263726 0.144070 0.251463 -0.099058 0.327316 0.232386 0.050087 -0.055077 0.233459 -0.251718 0.069604 -0.202243 -0.109400 0.076144 0.393224 0.112988 0.018147 0.213522 0.212470 0.134482 0.268669 0.179786 0.100007 0.221796 -0.230229 -0.012076 -0.027983 -0.143260 -0.009090 -0.076979 -0.049772 -0.104698 0.021875 0.012301 -0.015128 -0.175118 0.001683 0.199029 -0.101718 0.163867 -0.071673 0.065260 0.029564 0.171208 0.054155 -0.399583 -0.274912 -0.250899 -0.185887 -0.166978 -0.181470 0.078967 -0.185558 -0.196475 -0.060051 0.008894 0.114920 0.166084
0.015067 -0.305689 -0.045450 0.087800 0.018486 -0.293435 -0.197177 -0.244196 0.197122 -0.037423 0.018032 0.058578 0.136748 0.120319 0.063123 0.176691 -0.226542 -0.196343 0.173776 0.172223 -0.117151 0.338772 0.228246 -0.222590 0.119275 -0.058964 -0.068562 -0.188738 0.018917 0.171443 0.135994 0.058696 0.196585 0.200970 1.000000 0.505906 0.085621 0.302746 0.223624 0.228152 0.254900 0.223666 -0.096110 -0.048748 0.106291 0.306165 -0.151224 0.051868 0.061704 0.364747 -0.051945 0.137279 -0.015091 -0.264445 0.128332 0.039420 -0.128701 -0.111250 -0.060378 -0.122775 -0.075525 0.132900 -0.305458 -0.263432 0.306803 0.192266 0.131044 0.139224 -0.174480 0.151226 -0.010453 0.008269 0.064559 0.124795 0.161234 0.131106 0.136916 0.166730 -0.327501 -0.459658 -0.227714 0.093107 0.229876 0.333231 0.251455 0.140470 0.224209 0.226417 0.102565 0.092054 0.025026 -0.063202 -0.210958 0.018830 0.047516 -0.221328 0.204377 -0.076758 -0.053118 -0.395393 -0.249300 -0.072402 -0.325159 -0.261115 -0.603015 -0.492431 -0.042518 -0.269694 0.204172 -0.080978 0.221902 -0.406972 -0.235923 -0.413088 -0.184775 -0.239862
0.082803 0.202367 -0.333622 0.019256 -0.101498 -0.214460 -0.302754 -0.414272 0.118997 -0.046508 -0.081978 -0.083500 0.032877 0.090266 0.065076 0.293096 -0.099551 0.001707 -0.125335 0.218150 0.076398 0.520992 -0.148725 -0.409856 -0.419421 -0.356416 0.089196 0.067395 -0.113923 0.135180 -0.355088 -0.443544 0.010857 0.129254 0.505906 1.000000 0.130339 0.575100 0.363259 0.311898 0.021519 0.453591 0.058147 0.079221 0.248623 0.636073 -0.117385 0.457568 0.068499 0.512516 -0.164119 0.093476 -0.153783 -0.395378 -0.069583 0.306690 0.080254 0.158878 0.217299 0.096738 -0.256974 0.283957 -0.209471 -0.020371 -0.089279 0.322497 0.025653 0.224587 -0.157415 0.105596 -0.223811 -0.143150 0.090003 -0.076748 -0.080972 -0.017615 0.142845 0.309372 -0.102058 -0.121946 0.080773 0.215218 0.034561 0.177520 -0.143573 -0.224486 0.163691 0.323313 -0.066124 -0.085329 0.354359 -0.204174 0.004610 -0.029598 0.023864 -0.094983 0.318221 -0.032836 0.265923 0.041619 -0.053605 -0.043382 -0.094268 -0.048483 -0.417942 -0.381132 0.252744 -0.376454 0.473192 0.092563 0.438859 -0.069428 -0.088579 -0.253745 -0.104475 -0.218175
