1.000000 -0.082218 0.293221 -0.055963 0.167152 -0.000670 0.089506 -0.323268 0.116619 0.021293 0.031748 -0.119337 0.000220 -0.102877 0.194554 -0.076598 0.200355 -0.099262 0.483456 0.314038 -0.038989 -0.089212 0.135906 0.049078 0.015676 -0.217326 0.050060 0.007116 0.338112 -0.236381 -0.128284 -0.283853 -0.129555 -0.350424 0.040935 -0.242204 0.034193 -0.225152 0.123693 -0.057606 0.017913 -0.274691 -0.098989 -0.054175 -0.012158 -0.177497 -0.102100 -0.137337 0.153265 -0.162629 -0.018224 -0.126197 -0.021937 -0.087394 0.004329 -0.098555 0.252445 -0.193063 0.190089 -0.086293 0.201761 -0.066414 0.201213 -0.229145 0.014433 -0.073787 0.048676 -0.154805 0.103574 -0.008315 0.144782 -0.171082 0.187527 -0.060601 0.143884 0.006180 0.092804 -0.026174 0.078812 -0.131972 -0.024938 -0.267143 0.425712 0.088541 0.037308 0.047696 0.252867 0.026087 -0.122776 -0.075623 -0.135128 0.045516 -0.081305 0.074992 -0.058231 -0.087744 -0.187029 -0.115943 -0.152281 0.098842 0.004717 0.328357 -0.274965 0.133525 0.104606 0.129213 -0.056826 0.173900 0.155399 -0.049478 -0.049703 -0.084939 -0.037906 0.225904 -0.062908 0.096099
-0.082218 1.000000 -0.175404 0.288386 -0.129109 -0.189233 -0.026075 0.201705 -0.064692 0.105597 -0.337128 0.099277 -0.154896 -0.001923 -0.377349 0.245143 0.094072 0.073994 0.235495 0.380075 -0.254368 -0.113946 -0.437526 -0.450458 -0.326820 -0.152878 -0.423567 -0.428723 0.102902 0.299541 0.292478 0.204996 0.347619 0.295130 -0.062816 -0.080346 -0.115234 -0.172740 -0.299607 0.067126 0.055552 0.191247 -0.273390 -0.304248 -0.159468 -0.171029 -0.302477 -0.189826 -0.243116 -0.097137 -0.232694 -0.048082 -0.004086 -0.023851 -0.345498 -0.283473 -0.101310 0.329643 0.133890 0.383386 0.055205 0.251087 0.273750 0.442789 -0.413068 -0.134267 0.052367 -0.236553 0.181827 0.381984 -0.091898 -0.069833 0.022209 0.079016 -0.118919 -0.079984 -0.301880 0.030704 0.065495 0.294282 0.241780 0.245498 -0.218210 0.301685 -0.538909 -0.133140 -0.250162 -0.157753 -0.214957 -0.100897 0.064044 -0.158242 -0.050422 -0.120192 -0.263321 0.003743 -0.180879 -0.060886 -0.049461 0.005021 0.070504 -0.097928 0.186327 0.149476 0.073089 0.017913 -0.093849 -0.000261 -0.231039 -0.004991 -0.095713 0.055497 -0.041701 -0.198984 -0.231285 -0.095123
0.293221 -0.175404 1.000000 0.028798 0.351313 -0.002776 0.456566 -0.027690 0.262360 -0.083993 0.305891 -0.056500 0.197843 -0.169437 0.371402 -0.169123 -0.018690 -0.070128 0.541897 0.148275 0.070556 -0.062289 0.436601 0.332769 0.307496 0.228002 0.180994 0.114116 0.319546 -0.187596 0.236100 0.142001 -0.115337 -0.117969 0.335303 0.004863 0.084394 -0.141301 0.200324 -0.302342 0.100818 -0.411079 -0.030544 0.083872 0.057175 -0.026012 -0.053077 0.028195 0.125974 -0.082179 0.018927 -0.226879 -0.417828 -0.159344 0.201886 0.065713 0.037571 -0.187398 -0.169678 -0.352574 0.060076 -0.335050 -0.008220 -0.425545 0.122947 -0.061177 0.082524 0.177158 -0.015444 -0.175881 0.330133 -0.009122 0.277933 -0.151342 0.025363 -0.091411 -0.070680 -0.306084 0.002861 -0.198275 0.049532 -0.128698 0.221082 -0.128494 0.269473 0.072081 0.142739 -0.081918 0.308438 0.049592 -0.046757 0.149596 -0.141513 -0.061991 -0.058998 -0.273428 -0.052125 -0.270091 -0.009194 -0.249044 -0.319099 0.136518 -0.210556 0.071772 -0.233477 -0.270078 -0.195440 -0.160785 -0.012726 -0.117000 0.128500 -0.139346 -0.272173 0.139217 -0.135160 0.041064
-0.055963 0.288386 0.028798 1.000000 0.082682 -0.108793 0.314158 0.321261 0.179591 0.237486 -0.366530 0.275186 -0.297740 -0.133864 -0.071356 0.486984 -0.083141 -0.221818 0.298844 0.161650 -0.156698 0.056572 -0.033560 0.075417 -0.263750 -0.003151 -0.285729 -0.152226 -0.067290 0.085894 0.245748 0.238658 0.350871 0.267699 -0.211317 -0.273206 -0.175475 -0.230096 -0.134295 0.019880 -0.258219 0.021864 -0.185417 -0.271568 -0.290578 -0.271266 -0.244295 -0.338068 -0.313311 -0.184818 0.152126 0.075080 -0.046187 0.005570 -0.277216 -0.207622 -0.145383 -0.179145 0.053918 0.138796 0.064282 0.003817 0.173340 0.195071 0.180757 -0.034540 0.075852 -0.049838 -0.079096 0.137323 -0.017899 0.088623 -0.081572 -0.097474 -0.231084 -0.336599 -0.135771 -0.121670 0.183519 -0.024748 0.054188 -0.075447 -0.092718 0.118403 0.041267 0.311528 0.019858 0.079050 -0.076258 0.191323 -0.247418 -0.192152 -0.068544 -0.215078 0.061401 0.236395 -0.181275 0.029038 -0.332979 -0.086493 0.078083 -0.042233 -0.025891 0.117893 -0.093397 0.015337 -0.353040 -0.347314 -0.094615 0.015686 -0.124446 -0.090411 -0.020924 -0.062639 0.032287 -0.051464
0.167152 -0.129109 0.351313 0.082682 1.000000 0.522561 0.240180 0.018691 0.571541 0.471884 0.026913 -0.084499 -0.173220 -0.242643 0.212954 -0.212368 -0.154726 -0.214571 0.140848 0.266290 -0.044609 -0.264657 0.250558 0.168590 0.316058 0.198965 0.321652 0.094960 -0.176958 -0.328451 -0.177637 -0.067548 -0.285242 -0.082910 0.167221 0.231570 -0.347788 -0.288139 -0.002619 -0.191872 -0.142009 -0.406281 0.096459 0.174602 0.314013 0.325201 -0.005673 0.133591 -0.070552 0.176301 -0.190484 0.003645 -0.329000 0.018890 -0.225724 -0.133199 0.176957 0.149367 -0.062648 -0.023180 -0.055400 -0.042723 -0.165624 -0.247648 0.286336 0.127161 -0.031423 0.223406 0.157085 0.183963 -0.078061 -0.320437 -0.315093 -0.472922 -0.481262 -0.430150 -0.438998 -0.458027 -0.241257 -0.179991 -0.063083 -0.207303 0.289340 0.114884 0.189862 -0.044618 0.457835 0.203609 0.224310 0.252531 0.193875 0.305421 0.045459 0.037322 -0.197275 -0.174449 -0.079801 -0.105815 -0.126946 -0.201028 0.176018 0.335088 0.076141 -0.029090 -0.121773 -0.214482 -0.234057 -0.399047 0.009572 -0.220162 0.064135 -0.039991 -0.193390 0.185314 0.137952 0.332559
-0.000670 -0.189233 -0.002776 -0.108793 0.522561 1.000000 -0.127582 -0.087082 0.118503 0.401446 0.014351 -0.063601 -0.129395 -0.146249 0.044637 -0.345013 -0.051045 0.034498 -0.404653 -0.082744 0.256480 -0.064442 0.334634 0.356878 0.567996 0.445762 0.566400 0.544900 -0.362211 -0.425501 -0.381815 -0.290742 -0.535376 -0.365794 0.061822 0.237474 -0.172481 0.081026 0.152893 0.003325 0.016806 -0.337874 0.156666 0.187011 0.252762 0.329942 0.128586 0.136873 0.271964 0.249249 -0.029978 0.126659 -0.193381 0.147955 0.079752 0.114752 0.222094 0.191426 -0.236210 -0.171577 -0.315746 -0.180121 -0.389156 -0.406697 0.266998 0.111893 -0.323404 0.086015 0.086074 -0.052994 -0.225956 -0.226221 -0.535520 -0.360736 -0.299409 -0.269923 -0.371688 -0.399447 -0.309257 -0.033878 -0.130615 -0.078556 0.251768 -0.086662 0.297324 0.022602 0.509910 0.435659 0.174712 0.256392 0.304358 0.281136 0.423779 0.207810 -0.192831 -0.059770 0.115903 -0.000471 0.033017 -0.081890 0.274006 0.166969 -0.043191 -0.249031 -0.006439 0.094468 0.090457 0.007998 0.079099 -0.235108 0.029294 0.059227 -0.054182 0.288497 0.298111 0.452759
0.089506 -0.026075 0.456566 0.314158 0.240180 -0.127582 1.000000 0.632130 0.369240 0.401711 0.462600 0.555073 0.454574 0.355900 0.229362 0.404425 0.269927 -0.052163 0.464735 0.214497 -0.475130 -0.387927 -0.142613 0.004853 -0.375296 -0.228257 -0.386906 -0.448631 0.160097 0.180522 -0.021738 0.001645 0.160729 0.085989 -0.265847 -0.211146 -0.235778 -0.509391 -0.303691 -0.356841 -0.167918 -0.233401 -0.023178 -0.002321 -0.073664 -0.156782 -0.060380 -0.069396 -0.047210 -0.103912 -0.036074 -0.202873 -0.093646 -0.148002 -0.290160 -0.386708 -0.372894 -0.409114 -0.085541 -0.239074 0.561153 0.162527 0.370455 0.161745 0.166209 0.257440 0.084213 -0.096785 -0.226077 -0.074862 0.203119 -0.089083 0.248947 -0.189043 -0.118337 -0.247764 -0.242725 -0.254815 0.182409 -0.143451 0.214376 0.055839 -0.087806 0.113599 0.045514 0.066048 -0.040517 -0.160082 0.348355 0.017401 0.108343 0.054291 -0.064485 -0.137197 -0.079048 -0.121539 -0.404361 -0.143526 -0.386416 -0.520359 -0.185029 0.006795 -0.086687 -0.085502 -0.273699 -0.205558 -0.187207 -0.124031 -0.083970 -0.207733 -0.372387 -0.307468 -0.337287 -0.154347 -0.176558 -0.217023
-0.323268 0.201705 -0.027690 0.321261 0.018691 -0.087082 0.632130 1.000000 0.146921 0.524766 0.256704 0.693511 0.326142 0.589918 -0.122166 0.536469 0.079278 -0.138817 0.084302 0.016296 -0.384411 -0.153729 -0.441636 -0.167079 -0.539322 -0.217860 -0.571897 -0.529921 -0.115736 0.362161 0.077345 0.177528 0.210228 0.266618 -0.314699 0.010685 -0.404882 -0.423625 -0.483310 -0.122240 -0.257024 -0.084689 -0.190914 -0.192606 -0.138657 -0.123443 -0.254409 -0.207716 -0.138369 -0.037521 -0.121349 -0.038846 0.016648 -0.113409 -0.368992 -0.369850 -0.409897 -0.287510 -0.002716 0.034025 0.454884 0.552331 0.256501 0.287658 0.105767 0.580689 0.072030 0.025970 -0.321160 -0.019671 -0.015687 -0.040076 0.010604 -0.047261 -0.205229 -0.203456 -0.271345 -0.209262 0.021012 -0.115365 0.001905 -0.084397 -0.490070 0.012854 -0.234469 0.028857 -0.255296 -0.215022 0.229541 0.073619 0.129754 0.006016 0.052874 -0.180779 -0.154311 -0.016247 -0.274381 -0.042035 -0.382901 -0.470339 -0.049080 -0.153045 0.030111 -0.196432 -0.323912 -0.070506 0.000555 -0.109800 -0.100985 -0.121463 -0.503969 -0.402011 -0.303551 -0.180223 -0.226760 -0.201620
0.116619 -0.064692 0.262360 0.179591 0.571541 0.118503 0.369240 0.146921 1.000000 0.366624 0.130626 0.082818 -0.089975 -0.096241 0.304529 0.067665 -0.039883 -0.117941 0.158939 -0.015825 -0.230431 -0.292277 0.045839 0.010197 -0.034628 0.065342 0.063203 -0.047381 -0.224538 -0.309002 -0.109450 -0.112163 -0.156966 -0.158563 -0.135276 -0.140211 -0.294948 -0.410323 -0.127879 -0.129027 -0.183288 -0.305892 -0.066398 0.043657 0.059401 0.031267 -0.041854 0.041654 -0.206704 -0.095998 -0.073461 -0.109543 -0.196942 -0.135810 -0.224090 -0.173214 0.087890 0.117625 -0.115624 0.011517 0.154326 0.071970 -0.121995 -0.104810 0.325539 0.156855 -0.157574 -0.022535 -0.112325 0.021727 -0.025452 -0.297939 -0.191393 -0.387601 -0.391577 -0.343391 -0.237820 -0.129267 -0.199733 -0.148434 -0.032736 -0.093360 -0.056737 -0.008214 0.165695 -0.014506 -0.003442 0.186767 0.403452 0.169571 0.171471 0.220473 0.098489 0.157044 0.043944 0.119626 -0.014533 0.031919 0.046233 -0.064344 0.077143 0.122252 0.089210 -0.008172 0.014375 -0.065050 -0.274631 -0.388814 -0.190753 -0.069062 0.023126 0.153588 0.146318 0.188505 0.147025 0.150782
0.021293 0.105597 -0.083993 0.237486 0.471884 0.401446 0.401711 0.524766 0.366624 1.000000 0.203007 0.460849 0.120059 0.327422 0.048135 0.210872 0.183865 -0.168024 -0.055284 0.051024 -0.311430 -0.262249 -0.230720 -0.009915 -0.189394 -0.030495 -0.164435 -0.297729 -0.176007 -0.082129 -0.245829 -0.054700 -0.101857 -0.001862 -0.277619 0.004756 -0.367179 -0.313908 -0.273524 -0.105769 -0.106852 -0.241579 -0.077182 -0.036693 -0.047060 0.008302 -0.172362 -0.064350 -0.057762 0.027075 -0.264381 -0.062545 -0.033289 -0.018237 -0.400342 -0.317610 -0.129213 -0.080086 0.021746 0.009142 0.308644 0.440300 0.075631 0.123833 0.233856 0.526567 -0.108873 -0.122165 -0.072832 0.092559 -0.162062 -0.235398 -0.275469 -0.337434 -0.266806 -0.337768 -0.353672 -0.389777 -0.062506 -0.121266 0.048383 -0.102298 -0.068921 0.033265 -0.013378 -0.039711 0.138393 0.165393 0.290654 0.231779 0.345227 0.264509 0.274672 0.048853 -0.112400 0.021644 -0.222415 0.007116 -0.345334 -0.289912 0.178694 0.021644 -0.112601 -0.250833 -0.292276 0.072985 -0.025681 -0.234849 -0.029078 -0.199785 -0.236363 -0.211785 -0.127940 -0.097913 0.042483 0.060964
0.031748 -0.337128 0.305891 -0.366530 0.026913 0.014351 0.462600 0.256704 0.130626 0.203007 1.000000 0.410991 0.764338 0.606519 0.501705 0.022138 0.355500 -0.025507 0.014409 -0.142205 -0.162392 -0.138260 -0.059051 0.186477 -0.091338 -0.154713 0.058772 -0.051780 0.234025 0.031628 -0.220262 -0.164687 -0.256681 -0.115431 0.021001 0.140171 -0.096868 -0.082182 0.094321 -0.032304 0.112404 -0.243872 0.058686 0.115788 0.091528 0.055222 0.067592 0.048111 0.334945 0.046509 -0.083225 -0.246856 -0.109781 -0.177148 0.160021 -0.002893 -0.434713 -0.414475 -0.105670 -0.411174 0.564427 0.156386 0.097809 -0.163248 0.252849 0.436233 -0.161956 -0.052978 -0.368808 -0.423314 0.040236 -0.139596 0.271100 -0.136233 0.196283 0.070225 -0.038475 -0.186511 -0.015870 -0.281812 -0.120460 -0.115404 -0.034669 -0.099509 0.209479 -0.009513 -0.088118 -0.088994 0.471311 0.080828 0.127858 0.098847 0.039800 0.000019 0.178227 0.022886 -0.096845 0.014000 -0.120197 -0.446443 -0.233069 -0.204410 -0.306385 -0.334769 -0.296164 0.025516 0.048247 0.001979 0.139298 -0.239674 -0.139430 -0.257144 -0.155285 0.008247 -0.109275 -0.169161
-0.119337 0.099277 -0.056500 0.275186 -0.084499 -0.063601 0.555073 0.693511 0.082818 0.460849 0.410991 1.000000 0.425972 0.776847 0.058868 0.466345 0.167019 -0.095857 0.006310 -0.121579 -0.372403 -0.131259 -0.268500 0.091254 -0.428155 -0.223693 -0.385555 -0.329730 0.098902 0.290608 -0.047258 -0.034022 -0.035738 0.114528 -0.333730 -0.038958 -0.266301 -0.293611 -0.360417 -0.165002 0.026122 -0.133946 0.046630 0.082822 0.057585 0.051684 0.021932 -0.107949 0.168454 0.125980 -0.081692 0.009539 -0.118017 0.045024 -0.347710 -0.307078 -0.457343 -0.494283 -0.157464 -0.247830 0.422246 0.283822 0.168267 0.155205 0.286012 0.483101 -0.243685 -0.054232 -0.469170 -0.325641 -0.066921 -0.058176 0.145773 -0.147240 -0.062441 -0.173640 -0.299126 -0.286463 0.095064 -0.117870 -0.057170 0.049619 -0.309100 -0.068175 0.019685 0.331210 -0.387009 -0.153128 0.184885 -0.051619 0.033217 -0.152868 0.068895 -0.279250 -0.115734 -0.087642 -0.382685 -0.098629 -0.508814 -0.553810 -0.258811 -0.456013 -0.302139 -0.417600 -0.363658 0.044350 0.038674 0.149891 -0.008495 -0.318478 -0.508178 -0.505696 -0.376444 -0.131013 -0.161861 -0.251278
0.000220 -0.154896 0.197843 -0.297740 -0.173220 -0.129395 0.454574 0.326142 -0.089975 0.120059 0.764338 0.425972 1.000000 0.600313 0.211118 0.158406 0.344513 -0.157886 0.098245 -0.157147 -0.216695 -0.187914 -0.372600 -0.095069 -0.310914 -0.356135 -0.188009 -0.292731 0.309547 0.234677 -0.080391 -0.112135 0.137142 0.005985 -0.088494 0.014017 0.127351 -0.067782 0.113309 -0.006789 0.101194 0.046971 -0.205574 -0.129342 -0.239007 -0.266311 -0.166564 -0.096780 0.156957 -0.249245 -0.134457 -0.437609 0.070469 -0.483572 0.321366 0.071876 -0.667371 -0.445527 0.275140 -0.065664 0.665676 0.194003 0.466750 0.179409 -0.217209 0.239975 0.219667 -0.113955 -0.321587 -0.111464 0.130094 -0.074735 0.349838 0.117803 0.375721 0.092935 0.082180 0.023986 0.186700 -0.213977 0.117608 -0.019632 -0.174193 -0.025292 -0.087623 -0.039980 -0.178295 -0.298401 0.302072 0.075585 0.090734 -0.007857 -0.084773 -0.122306 0.182205 0.056740 -0.014733 0.099236 -0.025276 -0.324614 -0.088154 -0.045314 -0.098203 -0.140227 -0.095257 -0.098163 0.076666 0.173681 0.235251 -0.062944 -0.218815 -0.294320 -0.366127 -0.183665 -0.148022 -0.247807
-0.102877 -0.001923 -0.169437 -0.133864 -0.242643 -0.146249 0.355900 0.589918 -0.096241 0.327422 0.606519 0.776847 0.600313 1.000000 0.050567 0.429862 0.199261 -0.055509 -0.110193 -0.170350 -0.259765 -0.032895 -0.381248 -0.011856 -0.458659 -0.345953 -0.352649 -0.337593 0.099419 0.386053 -0.094815 -0.113938 -0.057355 0.127313 -0.210368 0.068024 -0.159967 -0.134526 -0.210460 -0.022717 0.109594 -0.016105 -0.073527 -0.018200 0.001833 -0.006891 -0.069312 -0.113673 0.142071 0.009485 -0.114661 -0.130580 0.043364 -0.109305 -0.125244 -0.155553 -0.481085 -0.503889 0.001574 -0.162135 0.510579 0.461985 0.234587 0.202576 0.162280 0.601805 -0.125445 -0.051890 -0.397379 -0.298004 -0.134178 -0.189937 0.182976 -0.083278 0.053584 -0.018015 -0.132995 -0.148828 0.104647 -0.141973 -0.107414 -0.061901 -0.361571 -0.024998 -0.047140 0.186462 -0.428977 -0.235457 0.180661 0.029818 0.001024 -0.192973 -0.049251 -0.264117 0.030249 -0.000442 -0.210888 0.005525 -0.291299 -0.435732 -0.253647 -0.398644 -0.281235 -0.398680 -0.289366 0.114409 0.162997 0.215477 0.114045 -0.176332 -0.380767 -0.396487 -0.231672 -0.107443 -0.215673 -0.365639
0.194554 -0.377349 0.371402 -0.071356 0.212954 0.044637 0.229362 -0.122166 0.304529 0.048135 0.501705 0.058868 0.211118 0.050567 1.000000 0.123717 -0.150197 -0.153528 0.002703 0.045783 0.136175 0.224634 0.327098 0.401778 0.126480 0.245183 0.358926 0.239954 0.177785 -0.277382 -0.070112 -0.016492 -0.426674 -0.148906 0.077459 0.036477 -0.223008 -0.055777 0.008417 -0.009514 -0.204174 -0.208950 0.086969 0.140738 0.127659 0.018682 0.036601 0.019136 0.418927 0.169136 0.136176 0.044058 -0.137868 -0.020999 0.074157 -0.061745 -0.230902 -0.203524 -0.125736 -0.365072 0.221464 -0.203174 -0.153789 -0.383799 0.403983 0.085810 -0.366639 -0.130850 -0.016574 -0.095379 0.023526 -0.015315 -0.044306 -0.365433 -0.105310 -0.071780 -0.232901 -0.407145 -0.224035 -0.379926 -0.366062 -0.292031 0.306501 0.151403 0.415023 -0.038151 0.155557 0.239173 0.542702 0.225366 0.175768 0.369991 0.215645 0.231562 0.230285 0.031485 -0.184703 0.045759 -0.087045 -0.369099 0.118950 0.144427 -0.107321 -0.038298 -0.128947 0.109533 0.093428 -0.196870 -0.013016 -0.254106 -0.092960 -0.161351 -0.106867 0.153313 0.004124 -0.109536
-0.076598 0.245143 -0.169123 0.486984 -0.212368 -0.345013 0.404425 0.536469 0.067665 0.210872 0.022138 0.466345 0.158406 0.429862 0.123717 1.000000 -0.043352 -0.188173 0.191427 0.129581 -0.171790 0.163046 -0.289537 0.024855 -0.568610 -0.247782 -0.466542 -0.426639 -0.012075 0.405954 0.269133 0.233815 0.290711 0.359615 -0.359061 -0.167730 -0.322514 -0.304475 -0.380014 -0.014163 -0.179931 0.264062 -0.177462 -0.200897 -0.225524 -0.264745 -0.201740 -0.230486 -0.252374 -0.164319 -0.012378 -0.120047 0.132681 -0.117449 -0.346381 -0.360726 -0.344642 -0.257474 0.107983 0.084279 0.426384 0.231899 0.429133 0.389380 0.084208 0.171800 -0.005420 -0.160017 -0.128028 0.199262 -0.107353 0.051706 -0.002430 -0.108646 -0.258191 -0.175024 -0.161329 -0.088204 0.169854 -0.091123 -0.024923 -0.119984 -0.222150 0.366238 -0.073177 0.182503 -0.200478 -0.053092 -0.024708 0.073724 -0.215705 -0.267501 -0.047703 -0.241702 0.034178 0.095472 -0.251505 -0.007904 -0.307640 -0.225895 0.025122 -0.073394 0.023216 -0.091649 -0.097475 -0.010124 -0.019787 -0.078398 -0.104182 -0.042999 -0.286124 -0.064540 -0.008246 -0.095891 -0.294021 -0.470506
0.200355 0.094072 -0.018690 -0.083141 -0.154726 -0.051045 0.269927 0.079278 -0.039883 0.183865 0.355500 0.167019 0.344513 0.199261 -0.150197 -0.043352 1.000000 0.367992 0.241042 0.163764 -0.182261 -0.361521 -0.328798 -0.258001 -0.211162 -0.365298 -0.141375 -0.309587 0.301669 0.305244 -0.108277 -0.148880 0.225913 0.008267 -0.272721 -0.251703 0.176938 -0.277867 -0.038303 -0.206088 0.348499 -0.107322 -0.067747 -0.113723 -0.241919 -0.257833 0.010402 -0.131404 -0.181786 -0.240841 -0.345894 -0.391423 0.194357 -0.137300 -0.028788 -0.184660 -0.072319 -0.002424 0.094719 0.012442 0.446609 0.158156 0.500496 0.372914 -0.263050 -0.053030 0.154326 -0.293988 -0.186582 -0.100849 -0.017962 -0.047860 0.415722 0.142557 0.362746 0.179466 0.298718 0.271088 0.468813 0.368588 0.582165 0.423532 0.012974 -0.021417 -0.197928 -0.094875 0.056462 -0.174144 -0.070858 -0.245548 -0.013860 -0.171789 -0.078153 -0.075156 -0.052581 -0.008095 -0.268949 -0.105616 -0.202978 -0.098595 -0.238757 -0.042164 -0.131306 -0.085857 0.005372 0.041172 -0.075014 0.039727 -0.002724 -0.068917 -0.108465 -0.092369 -0.015084 -0.279284 -0.058681 -0.027034
-0.099262 0.073994 -0.070128 -0.221818 -0.214571 0.034498 -0.052163 -0.138817 -0.117941 -0.168024 -0.025507 -0.095857 -0.157886 -0.055509 -0.153528 -0.188173 0.367992 1.000000 -0.100603 0.046914 0.055276 0.006125 0.063504 -0.047133 0.181171 0.105018 0.098843 0.070377 -0.013718 0.259048 0.060077 -0.036533 -0.105452 -0.053991 -0.143561 -0.190663 0.133413 0.086522 -0.153090 -0.344479 0.183458 0.047989 0.323607 0.265999 0.102916 0.032212 0.417227 0.188310 0.041373 0.136224 0.022632 0.125203 0.259561 0.309245 -0.099313 -0.136171 0.318477 0.289067 -0.296187 -0.181766 -0.116035 -0.025327 -0.077947 0.128780 -0.082388 -0.214741 -0.303942 -0.388807 -0.072867 -0.262407 0.053641 0.078803 0.227376 0.267365 0.195572 0.377160 0.195003 0.194250 0.209554 0.511105 0.381326 0.596790 -0.109048 0.012989 -0.086923 -0.374459 -0.133111 0.123302 -0.038796 -0.368440 0.196198 -0.054582 0.082983 0.051219 -0.207715 -0.159726 -0.126138 -0.208447 0.257549 0.129917 -0.174846 -0.165380 0.092598 0.014435 0.026124 0.022877 -0.007518 0.089704 -0.223387 -0.135429 0.026374 0.272057 0.253366 -0.014968 -0.132153 0.055761
0.483456 0.235495 0.541897 0.298844 0.140848 -0.404653 0.464735 0.084302 0.158939 -0.055284 0.014409 0.006310 0.098245 -0.110193 0.002703 0.191427 0.241042 -0.100603 1.000000 0.548538 -0.230703 -0.221134 -0.080708 -0.122731 -0.279418 -0.264869 -0.316839 -0.378238 0.390086 0.129641 0.257917 0.143417 0.431841 0.185291 -0.038274 -0.238767 -0.078669 -0.504955 -0.130154 -0.261892 -0.006355 -0.146628 -0.096415 -0.106505 -0.145918 -0.230613 -0.118516 -0.086197 -0.294238 -0.267039 -0.227030 -0.380642 -0.190858 -0.179343 -0.192126 -0.315487 0.034208 -0.102542 0.047631 -0.028221 0.337223 -0.067075 0.472980 0.102638 -0.139276 -0.182075 0.297844 -0.066975 0.145314 0.190499 0.270910 -0.035571 0.415255 0.081262 0.063432 -0.071196 0.100676 0.075349 0.310117 0.133345 0.235232 -0.035077 0.083831 0.145310 -0.225736 0.004556 0.055333 -0.235606 -0.188482 -0.258287 -0.264732 -0.190842 -0.388934 -0.179611 -0.090884 -0.096392 -0.278498 -0.232823 -0.227233 -0.047991 -0.320675 0.108593 -0.131136 0.266681 -0.020385 -0.186460 -0.371791 -0.187075 -0.081496 0.109251 0.051790 -0.010665 -0.161191 -0.094902 -0.288629 -0.119236
0.314038 0.380075 0.148275 0.161650 0.266290 -0.082744 0.214497 0.016296 -0.015825 0.051024 -0.142205 -0.121579 -0.157147 -0.170350 0.045783 0.129581 0.163764 0.046914 0.548538 1.000000 -0.016094 -0.040431 -0.074208 -0.124744 -0.133505 -0.129511 -0.083411 -0.292088 0.421456 0.325597 0.224246 0.242681 0.228649 0.275391 0.030894 -0.086048 -0.191749 -0.411693 -0.242439 -0.225078 -0.034968 0.023975 -0.081928 -0.173021 0.049709 -0.127141 -0.126987 -0.147350 -0.138365 0.032487 -0.162839 -0.042104 -0.099381 -0.022912 -0.464288 -0.592996 0.042641 0.133529 0.033873 0.035212 0.112784 -0.084922 0.387672 0.234351 -0.231908 -0.317220 0.054183 -0.205732 0.330770 0.469716 0.172224 -0.044924 0.245441 -0.035675 -0.157879 -0.063390 -0.167266 -0.092706 0.193454 0.272280 0.264169 0.146446 0.346947 0.579703 -0.230062 -0.152099 0.308049 -0.077619 -0.266747 -0.190725 -0.048189 -0.000073 -0.100550 0.044223 -0.240493 -0.194305 -0.471434 -0.151177 -0.405496 -0.291316 0.102158 0.365336 0.161598 0.277861 0.077465 -0.142581 -0.224946 -0.224537 -0.110330 0.006475 -0.094320 -0.049735 -0.224092 -0.029602 -0.225131 -0.084556
-0.038989 -0.254368 0.070556 -0.156698 -0.044609 0.256480 -0.475130 -0.384411 -0.230431 -0.311430 -0.162392 -0.372403 -0.216695 -0.259765 0.136175 -0.171790 -0.182261 0.055276 -0.230703 -0.016094 1.000000 0.547684 0.441359 0.394309 0.550917 0.449012 0.613750 0.535328 0.160054 0.003610 0.272651 0.265829 -0.214136 -0.002124 0.279987 0.203310 0.195599 0.222368 0.365313 -0.073835 0.202261 -0.020053 0.025862 0.074256 0.085677 0.063456 0.076635 0.041491 0.089107 0.155390 -0.020560 0.034530 -0.008712 0.071432 0.352322 0.211551 0.174162 0.181509 -0.070008 -0.022656 -0.433831 -0.485181 -0.171950 -0.277146 0.031904 -0.330374 -0.095277 0.147762 -0.025388 -0.004589 -0.081461 0.210171 -0.106526 0.058496 0.084810 0.143134 0.083405 -0.054529 -0.033826 -0.009920 -0.122750 -0.030370 0.321851 -0.105939 0.292160 -0.040716 0.353502 0.162928 -0.107570 -0.001189 -0.188563 -0.076393 0.018242 0.052476 0.009585 -0.107157 0.221115 -0.095137 0.200033 0.020297 0.109384 0.161016 0.067023 0.021118 0.003794 -0.086349 -0.015464 -0.022777 0.115437 0.188522 0.162264 0.160605 0.052822 0.253163 -0.002282 0.028265
-0.089212 -0.113946 -0.062289 0.056572 -0.264657 -0.064442 -0.387927 -0.153729 -0.292277 -0.262249 -0.138260 -0.131259 -0.187914 -0.032895 0.224634 0.163046 -0.361521 0.006125 -0.221134 -0.040431 0.547684 1.000000 0.272232 0.423430 0.176041 0.394844 0.235655 0.344000 0.128884 0.039516 0.395740 0.406543 -0.018388 0.210852 0.250011 0.239048 0.107934 0.485201 0.187861 0.326479 -0.208230 0.326182 -0.167255 -0.171739 -0.123097 -0.123861 -0.184995 -0.287767 0.081769 0.011871 0.203509 0.070363 0.144352 -0.069042 0.200671 0.152077 0.058639 -0.105748 0.074039 -0.043595 -0.177755 -0.076641 -0.153905 -0.179688 0.155779 -0.002639 -0.182703 0.049430 -0.052052 -0.093059 0.195290 0.423144 -0.006542 0.151442 0.127344 0.177221 0.074633 -0.109964 0.000198 -0.109563 -0.435713 -0.365293 0.081028 0.121762 0.179045 0.055110 0.009405 0.233071 -0.047152 0.265962 -0.326690 -0.105160 0.031942 -0.065255 0.210616 0.046931 0.188447 0.134385 0.054088 -0.040386 0.141820 -0.028341 -0.017054 -0.041233 -0.116119 0.033052 0.164552 -0.042411 0.112891 0.051959 0.041742 0.011503 0.124503 0.342548 0.033121 -0.076571
0.135906 -0.437526 0.436601 -0.033560 0.250558 0.334634 -0.142613 -0.441636 0.045839 -0.230720 -0.059051 -0.268500 -0.372600 -0.381248 0.327098 -0.289537 -0.328798 0.063504 -0.080708 -0.074208 0.441359 0.272232 1.000000 0.798690 0.760915 0.602266 0.654905 0.719007 0.032856 -0.411244 0.074537 0.118453 -0.548993 -0.284697 0.374650 0.180040 0.134043 0.301120 0.372575 -0.058837 0.129996 -0.262799 0.340303 0.370681 0.449823 0.404759 0.334888 0.232015 0.261128 0.373849 0.385652 0.258592 -0.389292 0.335649 0.103697 0.138673 0.410339 -0.053965 -0.493172 -0.566024 -0.535079 -0.652463 -0.557135 -0.700511 0.526976 -0.215528 -0.379989 0.204913 0.081618 -0.375986 0.116377 0.147259 -0.142820 -0.352402 -0.168649 -0.061444 -0.058596 -0.309125 -0.188853 -0.212624 -0.268759 -0.084074 0.539708 -0.118930 0.715114 0.320243 0.347674 0.349480 0.065243 0.081071 -0.115786 -0.014250 0.087918 0.004698 -0.062107 -0.305846 0.103726 -0.239810 -0.016043 -0.088417 -0.219135 -0.052974 -0.400062 -0.229180 -0.274075 -0.046820 0.056572 0.067184 0.045886 -0.034839 0.298153 0.116702 0.096407 0.393141 0.083053 0.080396
0.049078 -0.450458 0.332769 0.075417 0.168590 0.356878 0.004853 -0.167079 0.010197 -0.009915 0.186477 0.091254 -0.095069 -0.011856 0.401778 0.024855 -0.258001 -0.047133 -0.122731 -0.124744 0.394309 0.423430 0.798690 1.000000 0.529507 0.596219 0.505979 0.591867 0.026335 -0.272412 0.093053 0.158942 -0.438757 -0.100196 0.291404 0.282720 -0.034696 0.248858 0.259172 -0.040754 0.187769 -0.163618 0.159362 0.221688 0.320172 0.312047 0.176373 -0.011942 0.274401 0.238939 0.339833 0.097518 -0.294100 0.190295 0.061089 0.023438 0.209026 -0.237845 -0.423283 -0.568309 -0.240143 -0.472262 -0.392525 -0.595996 0.627615 0.044340 -0.409711 0.273793 -0.087084 -0.437458 0.045952 0.150109 -0.107300 -0.361561 -0.112627 -0.059894 -0.119366 -0.406045 -0.138868 -0.271585 -0.404809 -0.239092 0.341458 -0.092719 0.728627 0.489712 0.277863 0.410093 0.121973 0.206155 -0.241264 -0.166742 0.125037 -0.159052 -0.034660 -0.272223 -0.037703 -0.293931 -0.229214 -0.278121 -0.232538 -0.217246 -0.495877 -0.352502 -0.354069 0.008130 0.104984 0.022954 0.042332 -0.165649 0.122557 -0.028147 -0.007083 0.336030 -0.019104 -0.118576
0.015676 -0.326820 0.307496 -0.263750 0.316058 0.567996 -0.375296 -0.539322 -0.034628 -0.189394 -0.091338 -0.428155 -0.310914 -0.458659 0.126480 -0.568610 -0.211162 0.181171 -0.279418 -0.133505 0.550917 0.176041 0.760915 0.529507 1.000000 0.623223 0.773821 0.721621 -0.010537 -0.358095 0.027255 0.055095 -0.524592 -0.323469 0.386102 0.193601 0.268309 0.385796 0.487626 -0.065179 0.282710 -0.204762 0.291404 0.338872 0.391492 0.396093 0.326336 0.303629 0.231388 0.319212 0.139657 0.203093 -0.348078 0.249108 0.289802 0.315347 0.372053 0.184510 -0.332330 -0.330123 -0.625771 -0.593955 -0.531039 -0.565823 0.200693 -0.286327 -0.268483 0.228942 0.106783 -0.228405 0.048358 0.095110 -0.160993 -0.164787 -0.073388 0.016305 -0.026318 -0.159493 -0.194197 -0.037987 -0.085696 0.081277 0.465771 -0.121449 0.511742 0.051976 0.390891 0.319464 -0.013304 0.045596 0.060590 0.143925 0.194786 0.160895 -0.137359 -0.233957 0.314006 -0.177068 0.207009 0.116187 0.042371 0.107479 -0.139725 -0.121119 -0.095529 -0.144354 0.038941 -0.006833 0.129649 0.036127 0.400668 0.241554 0.128398 0.386123 0.195293 0.294047
-0.217326 -0.152878 0.228002 -0.003151 0.198965 0.445762 -0.228257 -0.217860 0.065342 -0.030495 -0.154713 -0.223693 -0.356135 -0.345953 0.245183 -0.247782 -0.365298 0.105018 -0.264869 -0.129511 0.449012 0.394844 0.602266 0.596219 0.623223 1.000000 0.458779 0.500442 -0.186665 -0.369566 0.245779 0.355721 -0.251384 0.055536 0.374855 0.271739 0.026321 0.285832 0.092866 -0.140734 -0.003852 -0.073478 0.018848 0.094225 0.204430 0.243458 0.037191 0.025972 0.199609 0.219305 0.202913 0.168157 -0.158912 0.243695 0.042581 0.039434 0.345215 0.202002 -0.345376 -0.199069 -0.510817 -0.400135 -0.547791 -0.487831 0.345053 -0.091806 -0.314247 0.243768 0.153383 -0.177316 -0.005640 0.097334 -0.268015 -0.168276 -0.103152 0.017179 -0.227407 -0.327687 -0.348140 0.016119 -0.303916 -0.087324 0.128871 -0.098246 0.368219 0.055794 0.199591 0.380640 0.183723 0.097069 0.085452 0.117035 0.212944 0.129565 -0.191008 -0.265164 0.024285 -0.256833 0.070832 -0.001048 0.042403 -0.055432 -0.141321 -0.052989 -0.142346 -0.039012 0.204334 -0.094044 -0.229244 -0.167366 0.121113 0.129323 0.061367 0.161839 0.074912 0.098550
0.050060 -0.423567 0.180994 -0.285729 0.321652 0.566400 -0.386906 -0.571897 0.063203 -0.164435 0.058772 -0.385555 -0.188009 -0.352649 0.358926 -0.466542 -0.141375 0.098843 -0.316839 -0.083411 0.613750 0.235655 0.654905 0.505979 0.773821 0.458779 1.000000 0.822228 0.015473 -0.334635 -0.103305 -0.094629 -0.611023 -0.331235 0.298646 0.270775 0.148737 0.261987 0.523797 0.012060 0.130307 -0.197528 0.268589 0.282116 0.305858 0.317846 0.248095 0.176117 0.239141 0.244243 0.066934 0.031514 -0.243184 0.099499 0.332846 0.183149 0.221635 0.253930 -0.188630 -0.246713 -0.424216 -0.591238 -0.471147 -0.539227 0.258162 -0.261905 -0.297280 0.134474 -0.002742 -0.176639 0.004620 -0.019924 -0.221727 -0.261642 -0.079652 -0.042411 -0.046220 -0.195691 -0.230743 -0.035975 -0.189188 0.032063 0.517011 -0.007835 0.535230 0.073869 0.470611 0.367205 0.112731 0.208745 0.077868 0.163788 0.313327 0.160107 0.039153 -0.098516 0.236785 -0.063676 0.197685 -0.054912 0.128634 0.154326 0.012381 -0.125224 -0.115291 0.009948 -0.005587 -0.079191 0.070234 -0.010476 0.270374 0.170212 0.110768 0.400511 0.234206 0.281020
0.007116 -0.428723 0.114116 -0.152226 0.094960 0.544900 -0.448631 -0.529921 -0.047381 -0.297729 -0.051780 -0.329730 -0.292731 -0.337593 0.239954 -0.426639 -0.309587 0.070377 -0.378238 -0.292088 0.535328 0.344000 0.719007 0.591867 0.721621 0.500442 0.822228 1.000000 -0.193826 -0.502680 -0.189619 -0.207655 -0.596070 -0.405515 0.346016 0.220149 0.126400 0.391571 0.526705 0.206522 0.018212 -0.198895 0.265265 0.254944 0.259284 0.303671 0.279725 0.144798 0.323919 0.236574 0.338858 0.182761 -0.236056 0.189942 0.456022 0.398305 0.316397 0.054259 -0.298608 -0.391792 -0.515182 -0.540531 -0.641588 -0.697400 0.408218 -0.125459 -0.398983 0.172248 0.020901 -0.355000 -0.069973 0.058962 -0.316089 -0.223817 -0.047344 -0.107975 -0.025081 -0.217224 -0.247808 -0.117446 -0.383636 -0.155819 0.373992 -0.229386 0.605055 0.235782 0.344854 0.429151 0.117492 0.285685 -0.053127 0.087185 0.289692 0.143739 0.186973 0.051197 0.376482 0.083765 0.266743 0.108037 0.035316 -0.048115 -0.180780 -0.164133 -0.079836 0.158078 0.009855 0.089173 0.100539 0.054636 0.339768 0.202613 0.225716 0.457170 0.305996 0.269294
0.338112 0.102902 0.319546 -0.067290 -0.176958 -0.362211 0.160097 -0.115736 -0.224538 -0.176007 0.234025 0.098902 0.309547 0.099419 0.177785 -0.012075 0.301669 -0.013718 0.390086 0.421456 0.160054 0.128884 0.032856 0.026335 -0.010537 -0.186665 0.015473 -0.193826 1.000000 0.411868 0.300755 0.316599 0.189251 0.190943 0.241687 0.048737 0.335030 -0.054134 0.207027 -0.034640 0.226414 0.073748 -0.143972 -0.133937 -0.028060 -0.235019 -0.144267 -0.145877 0.159865 0.001428 -0.170617 -0.186074 -0.165811 -0.183174 0.041507 -0.192668 -0.315223 -0.311800 0.142073 -0.045941 0.185188 -0.178479 0.417811 0.179046 -0.295992 -0.314103 0.169658 -0.127226 -0.110158 -0.017567 0.305630 0.159007 0.696036 0.166717 0.365283 0.197245 0.135832 0.060740 0.376926 -0.016955 0.277350 0.214958 0.385700 0.340810 0.017781 0.037832 -0.022891 -0.264006 -0.128553 -0.223986 -0.142313 -0.174150 -0.264840 -0.246817 -0.073572 -0.284567 -0.198292 -0.244801 -0.271020 -0.343392 -0.157033 -0.003527 -0.124337 0.001807 -0.219767 -0.275841 -0.002731 0.044576 0.111841 0.026594 -0.045028 -0.278647 -0.254268 -0.034515 -0.367949 -0.299127
-0.236381 0.299541 -0.187596 0.085894 -0.328451 -0.425501 0.180522 0.362161 -0.309002 -0.082129 0.031628 0.290608 0.234677 0.386053 -0.277382 0.405954 0.305244 0.259048 0.129641 0.325597 0.003610 0.039516 -0.411244 -0.272412 -0.358095 -0.369566 -0.334635 -0.502680 0.411868 1.000000 0.414734 0.400356 0.442499 0.517599 -0.159072 -0.061365 0.074852 -0.205147 -0.157358 -0.236919 0.200361 0.391044 -0.085500 -0.143996 -0.088909 -0.203402 -0.050370 -0.132473 -0.271987 -0.024389 -0.181701 -0.138949 0.157684 -0.138945 -0.249260 -0.376058 -0.372859 -0.113935 0.175298 0.184294 0.309165 0.132911 0.588698 0.645319 -0.350531 -0.187880 0.253040 -0.111714 -0.220614 0.113767 -0.011310 0.110945 0.591095 0.354791 0.178579 0.204438 0.142221 0.196854 0.461446 0.243415 0.414740 0.431119 -0.219840 0.354641 -0.251439 -0.064107 -0.250484 -0.387234 -0.269193 -0.280307 -0.256015 -0.466323 -0.353996 -0.478106 -0.077172 -0.112472 -0.184077 -0.097880 -0.234083 -0.258328 -0.164099 -0.105871 0.194081 0.068376 -0.059336 -0.149793 -0.116684 0.000643 -0.068553 0.018273 -0.148347 -0.110526 -0.218353 -0.247554 -0.427703 -0.409152
-0.128284 0.292478 0.236100 0.245748 -0.177637 -0.381815 -0.021738 0.077345 -0.109450 -0.245829 -0.220262 -0.047258 -0.080391 -0.094815 -0.070112 0.269133 -0.108277 0.060077 0.257917 0.224246 0.272651 0.395740 0.074537 0.093053 0.027255 0.245779 -0.103305 -0.189619 0.300755 0.414734 1.000000 0.831709 0.380909 0.498822 0.155787 0.011555 0.197438 0.011239 0.057890 -0.183866 0.132064 0.294447 -0.288188 -0.283046 -0.149763 -0.241930 -0.246833 -0.282409 -0.223080 -0.113787 0.033468 -0.111423 0.075912 -0.135471 -0.087026 -0.159766 -0.023947 0.090160 0.168306 0.194293 -0.115810 -0.211658 0.187749 0.167649 -0.251136 -0.313403 0.205681 0.092396 -0.115874 0.074114 0.376354 0.262236 0.421688 0.240908 0.073694 0.177412 0.125289 0.039737 0.150652 0.151522 0.162019 0.136047 -0.033013 0.203633 -0.144176 0.024662 -0.084288 -0.216198 -0.211671 -0.120950 -0.326440 -0.299409 -0.212307 -0.210512 -0.016890 -0.134608 -0.054111 -0.175990 -0.013009 -0.076512 -0.128698 0.082884 0.050237 0.120252 -0.145319 -0.272770 -0.117715 -0.172408 0.018457 0.117099 -0.025074 0.042766 -0.105766 -0.056898 -0.215627 -0.237980
-0.283853 0.204996 0.142001 0.238658 -0.067548 -0.290742 0.001645 0.177528 -0.112163 -0.054700 -0.164687 -0.034022 -0.112135 -0.113938 -0.016492 0.233815 -0.148880 -0.036533 0.143417 0.242681 0.265829 0.406543 0.118453 0.158942 0.055095 0.355721 -0.094629 -0.207655 0.316599 0.400356 0.831709 1.000000 0.367657 0.567450 0.226447 0.186176 0.100861 0.035723 0.016841 -0.095469 -0.004432 0.265303 -0.223740 -0.249060 -0.037687 -0.108155 -0.235372 -0.162252 -0.208503 0.083885 -0.061049 -0.031094 -0.044131 -0.054378 -0.261500 -0.294396 -0.042009 0.037931 0.075411 0.128845 -0.116383 -0.132565 0.112759 0.127009 -0.124556 -0.207318 0.176080 0.144723 -0.082927 0.083665 0.324667 0.325655 0.326471 0.195214 0.018954 0.110747 0.071479 -0.012561 0.075771 0.054345 0.075181 0.053902 0.050027 0.238992 -0.097687 -0.056592 0.013030 -0.174185 -0.161209 -0.125880 -0.230595 -0.218253 -0.256360 -0.185754 -0.041203 -0.167643 -0.071361 -0.142656 -0.177591 -0.196349 -0.080487 0.022481 0.005934 0.046168 -0.279303 -0.256973 -0.082407 -0.300265 -0.066347 0.135056 0.047066 -0.027960 -0.132616 -0.145924 -0.231135 -0.218880
-0.129555 0.347619 -0.115337 0.350871 -0.285242 -0.535376 0.160729 0.210228 -0.156966 -0.101857 -0.256681 -0.035738 0.137142 -0.057355 -0.426674 0.290711 0.225913 -0.105452 0.431841 0.228649 -0.214136 -0.018388 -0.548993 -0.438757 -0.524592 -0.251384 -0.611023 -0.596070 0.189251 0.442499 0.380909 0.367657 1.000000 0.623030 -0.067185 -0.181078 0.168116 -0.124222 -0.148564 0.015021 -0.086500 0.520515 -0.426123 -0.467201 -0.516719 -0.472317 -0.376765 -0.315941 -0.561115 -0.483853 -0.171395 -0.363428 0.284688 -0.373210 -0.042868 -0.114202 -0.191774 -0.054190 0.470108 0.477134 0.286193 0.201575 0.635113 0.660048 -0.527717 -0.208267 0.619231 -0.021960 0.062595 0.368809 0.138197 0.131945 0.402121 0.423973 0.303683 0.039861 0.308724 0.410050 0.475225 0.308098 0.412920 0.125092 -0.328623 0.177967 -0.482103 -0.073209 -0.208479 -0.352028 -0.368924 -0.144470 -0.359168 -0.345588 -0.441553 -0.283002 0.060196 0.125425 -0.027670 0.063052 -0.045495 0.219174 -0.015877 0.051024 0.199043 0.330437 0.175548 -0.251621 -0.234732 -0.181066 -0.031169 0.266435 -0.017007 0.061705 -0.054628 -0.400130 -0.127793 -0.249022
-0.350424 0.295130 -0.117969 0.267699 -0.082910 -0.365794 0.085989 0.266618 -0.158563 -0.001862 -0.115431 0.114528 0.005985 0.127313 -0.148906 0.359615 0.008267 -0.053991 0.185291 0.275391 -0.002124 0.210852 -0.284697 -0.100196 -0.323469 0.055536 -0.331235 -0.405515 0.190943 0.517599 0.498822 0.567450 0.623030 1.000000 0.149531 0.365614 -0.082769 -0.186192 -0.180853 -0.092507 -0.036014 0.312283 -0.243527 -0.340273 -0.111171 -0.105770 -0.254371 -0.300076 -0.340573 -0.123786 -0.216171 -0.255417 0.132139 -0.147554 -0.242330 -0.288982 -0.201581 -0.016939 0.288563 0.349430 0.149670 0.200767 0.281626 0.492912 -0.137233 0.002689 0.325476 0.164501 -0.059873 0.207119 -0.106590 -0.003628 0.281576 0.081715 -0.009423 -0.047453 -0.075956 -0.094263 0.228024 0.238410 0.143811 0.092306 -0.237202 0.237370 -0.242600 0.001985 -0.180353 -0.286683 -0.145839 -0.100033 -0.378610 -0.461254 -0.451821 -0.505815 0.069456 -0.048118 -0.198570 -0.057445 -0.190323 -0.169049 -0.158144 -0.185172 0.112637 0.095433 -0.127927 -0.136886 -0.098754 -0.331034 0.025542 -0.030342 -0.051177 -0.088068 -0.185593 -0.323667 -0.198082 -0.312777
0.040935 -0.062816 0.335303 -0.211317 0.167221 0.061822 -0.265847 -0.314699 -0.135276 -0.277619 0.021001 -0.333730 -0.088494 -0.210368 0.077459 -0.359061 -0.272721 -0.143561 -0.038274 0.030894 0.279987 0.250011 0.374650 0.291404 0.386102 0.374855 0.298646 0.346016 0.241687 -0.159072 0.155787 0.226447 -0.067185 0.149531 1.000000 0.554303 0.171583 0.321497 0.452498 0.177670 -0.014077 0.003392 -0.172824 -0.121428 0.247584 0.207290 -0.181608 -0.043712 0.092423 0.052404 0.079418 -0.073571 -0.362144 -0.137817 0.294666 0.225316 0.182944 -0.059241 0.066455 -0.044139 -0.271109 -0.203161 -0.277391 -0.351430 0.029722 0.000650 0.176396 0.490596 0.218753 -0.125432 -0.044382 -0.066112 0.138706 -0.006559 0.144870 -0.029922 -0.082794 -0.233353 -0.082874 -0.232525 -0.191267 -0.264730 0.225366 0.007246 0.227286 0.166621 0.039788 -0.009744 -0.016387 0.230327 -0.164020 -0.058787 -0.206400 -0.197469 0.016947 -0.242059 0.211776 -0.108925 0.137179 0.069108 -0.113708 -0.081145 -0.177802 -0.082154 -0.337176 -0.200285 -0.021416 -0.158390 0.080958 -0.061015 0.420198 -0.050188 -0.090697 0.078247 -0.193793 -0.022953
-0.242204 -0.080346 0.004863 -0.273206 0.231570 0.237474 -0.211146 0.010685 -0.140211 0.004756 0.140171 -0.038958 0.014017 0.068024 0.036477 -0.167730 -0.251703 -0.190663 -0.238767 -0.086048 0.203310 0.239048 0.180040 0.282720 0.193601 0.271739 0.270775 0.220149 0.048737 -0.061365 0.011555 0.186176 -0.181078 0.365614 0.554303 1.000000 -0.200781 0.136539 0.164117 0.265165 -0.033769 -0.089576 0.047085 0.051146 0.413522 0.478342 -0.040403 0.036138 0.187708 0.320281 -0.214359 -0.097934 -0.164561 0.009603 0.056978 0.068566 0.038289 0.072791 0.029823 0.073192 -0.184235 0.065814 -0.342015 -0.218854 0.142543 0.229307 0.049104 0.525492 -0.047704 -0.109397 -0.158441 -0.101549 -0.124247 -0.195208 -0.166310 -0.093140 -0.364853 -0.402825 -0.240681 -0.216032 -0.343809 -0.263167 0.118292 0.035496 0.069358 0.091711 0.105057 0.024744 0.098645 0.140938 -0.074269 -0.120232 -0.177496 -0.368568 -0.079111 -0.304915 0.134141 -0.139306 0.018219 -0.232611 -0.189196 -0.248562 -0.048904 -0.340965 -0.357882 -0.097240 0.193300 -0.043933 0.140202 -0.284269 0.101438 -0.155250 -0.169495 0.105500 -0.087318 0.098958
