1.000000 0.472283 -0.008356 -0.196390 0.119012 0.074168 -0.168218 -0.070091 -0.057409 -0.087230 -0.189318 -0.167032 -0.341101 -0.186848 -0.084739 -0.063289 0.326715 0.349866 0.572107 0.575713 -0.289550 -0.049546 -0.173627 -0.369589 -0.005843 -0.404460 -0.168243 -0.321502 -0.063840 0.065129 -0.336536 -0.543264 0.348297 0.049802 -0.239363 -0.251540 -0.150295 -0.408304 -0.081134 -0.090954 -0.137543 0.124393 -0.218998 -0.263766 -0.278020 -0.335586 -0.136516 -0.235807 -0.011449 -0.052135 0.203662 0.147482 0.294608 0.171879 0.070251 -0.099962 0.620067 0.232245 0.039154 0.397719 0.244518 0.114188 0.417367 0.572218 -0.195880 -0.163100 0.052079 -0.181012 0.215560 -0.032468 -0.134294 -0.352908 -0.066367 -0.123594 -0.102551 -0.136565 -0.018948 -0.072296 0.076466 0.162457 0.264284 0.041180 -0.012085 -0.068833 -0.046524 -0.212031 0.091569 -0.012572 -0.140909 0.072902 0.181916 0.075116 -0.225675 -0.155013 -0.450001 -0.058924 -0.112496 -0.319446 0.072562 0.131786 0.037356 -0.099546 0.115444 0.270441 -0.056254 -0.311095 0.026406 -0.186879 0.052523 0.063892 -0.268900 0.014501 0.197122 0.039016 -0.177219 -0.222282
0.472283 1.000000 -0.432275 0.059395 0.076207 0.023248 -0.395584 -0.118087 0.005114 0.217551 -0.091463 0.365296 -0.036347 0.350588 -0.111860 0.204276 0.475482 0.378719 0.138070 0.484229 -0.278390 -0.328979 -0.558907 -0.562133 -0.537253 -0.614982 -0.221062 -0.435284 0.246076 0.466029 -0.561845 -0.593596 0.103539 -0.240184 -0.435390 -0.036829 -0.252239 -0.160730 -0.197967 -0.140759 0.187613 0.247466 -0.435739 -0.352132 -0.447976 -0.530648 -0.084339 -0.174811 0.313515 0.006172 0.196556 0.551529 0.625541 0.475562 0.050344 0.143420 0.490301 0.339283 0.172064 0.405514 0.182975 0.467145 0.461501 0.764551 -0.388241 -0.093146 -0.036006 -0.292698 0.434870 0.475109 -0.124188 -0.586452 0.138220 0.128067 0.037267 0.036089 -0.058325 -0.234001 -0.304649 -0.179835 0.032331 -0.158901 0.016847 0.408199 -0.149692 -0.006013 -0.213723 -0.161051 -0.330455 0.302463 0.563128 -0.067374 -0.056968 -0.475798 -0.412408 -0.342710 -0.286471 -0.188081 0.149800 0.014488 0.088147 -0.064346 0.073740 -0.038416 -0.097672 -0.385224 0.128323 0.051212 -0.257519 -0.223817 -0.343860 -0.032909 0.144110 -0.229330 -0.431990 -0.343573
-0.008356 -0.432275 1.000000 0.078805 0.225793 0.152403 0.644840 0.078749 0.500870 -0.088969 0.213134 -0.523664 -0.064089 -0.459725 0.241953 -0.297084 -0.484233 -0.245868 0.318315 -0.165048 0.114209 -0.005697 0.633068 0.458869 0.518410 0.493128 0.225445 0.391579 -0.323782 -0.605675 0.536190 0.089505 -0.067151 0.094306 0.448559 0.135347 0.062067 -0.187199 0.238623 0.058964 -0.183597 -0.120111 -0.213069 -0.304272 -0.091222 -0.011615 -0.499631 -0.450002 -0.548614 -0.434774 0.078240 -0.415515 -0.459759 -0.499961 0.107381 -0.371782 -0.149761 0.041543 0.339763 -0.015156 0.284605 -0.192503 -0.265885 -0.321507 0.779727 0.191135 0.366824 0.440758 -0.208783 -0.279238 -0.068575 0.067680 -0.295258 -0.147946 -0.070666 -0.298545 -0.068253 -0.230199 -0.042989 -0.174704 -0.160361 -0.157989 0.094975 -0.342367 0.312102 -0.123839 0.363841 0.260572 0.523501 0.121045 -0.488063 0.079955 -0.199762 0.554805 -0.014993 0.291006 -0.143224 -0.204799 -0.354892 -0.274668 0.020361 0.237997 -0.151093 0.198435 -0.019190 0.074960 0.079038 0.024501 0.126018 0.203030 0.170584 0.007205 -0.077287 0.040251 0.090123 -0.101613
-0.196390 0.059395 0.078805 1.000000 0.171875 0.078956 0.146899 0.362641 0.362575 0.333890 0.153204 0.205681 0.053257 0.362008 0.209006 0.332818 -0.157267 -0.281817 -0.101424 -0.146239 -0.040235 -0.252012 0.128785 0.309383 -0.186869 -0.012135 -0.005716 0.110589 -0.103289 -0.074978 0.127900 0.103968 -0.126797 -0.127370 -0.013931 0.209515 -0.244658 0.014318 -0.027817 -0.121067 -0.044746 -0.179712 -0.315536 -0.256143 -0.249521 -0.203661 -0.319398 -0.185585 -0.094962 -0.267074 -0.076650 -0.008620 -0.032780 -0.154993 -0.031543 -0.161617 -0.203665 -0.299621 0.030390 -0.132255 0.165151 0.288204 -0.098464 -0.005192 0.254575 0.381739 -0.083207 0.070963 -0.149541 0.189902 -0.072961 0.098915 -0.156569 -0.008602 -0.003185 0.158209 0.008327 -0.025053 -0.199404 -0.299261 -0.330700 -0.488255 0.194825 0.151266 0.072631 0.362791 0.013892 0.043034 0.185658 0.221252 -0.094333 -0.480732 0.192441 -0.244697 -0.115301 0.079950 -0.213906 -0.174413 -0.299413 -0.416543 0.018480 -0.036684 0.158244 -0.122680 -0.156514 -0.120204 0.214763 0.212432 -0.007451 0.079249 0.012433 -0.166313 -0.134087 -0.087859 0.056130 -0.022316
0.119012 0.076207 0.225793 0.171875 1.000000 0.733512 0.047541 0.292682 0.424228 0.486597 -0.129771 -0.054920 -0.056501 0.183178 -0.209216 -0.088650 -0.260760 -0.279387 0.011593 -0.032253 0.260104 -0.198528 -0.059324 0.005826 0.405792 0.205016 0.344056 -0.008471 -0.382574 -0.130070 -0.025504 -0.064094 0.031750 0.214893 0.124131 0.338695 -0.250511 -0.517328 -0.273338 -0.330517 -0.121283 0.065831 -0.089331 -0.019396 0.128789 0.051985 -0.118226 -0.010956 -0.068605 0.016935 0.036399 0.043529 -0.106109 -0.084565 -0.258429 -0.144927 -0.026532 -0.257372 0.181206 -0.073897 0.149599 0.313049 -0.046086 0.036063 0.196837 0.275849 0.084404 0.152038 0.027372 0.249613 -0.245497 -0.320713 -0.163485 -0.297502 -0.164087 -0.043623 -0.306622 -0.241791 -0.113355 -0.490747 -0.037925 -0.194755 0.161583 0.007317 -0.266813 -0.212864 0.026435 0.009300 0.071918 0.011483 0.114517 -0.079967 -0.059104 0.074826 -0.262298 0.040281 -0.056773 -0.135236 -0.027504 0.068544 0.155247 -0.002779 -0.078291 0.216750 -0.040403 -0.156055 0.164568 0.133708 0.045668 0.063129 -0.031519 0.091493 -0.047963 -0.238196 -0.130021 -0.079545
0.074168 0.023248 0.152403 0.078956 0.733512 1.000000 -0.056707 0.267902 0.269162 0.627956 -0.083198 -0.062948 -0.133458 0.198118 -0.311081 -0.124448 -0.061622 -0.183943 -0.205575 -0.204638 0.364099 -0.114650 -0.118370 0.075011 0.416834 0.376889 0.397892 0.138661 -0.478048 -0.220743 -0.109751 -0.145877 0.007161 -0.024339 0.112612 0.262063 -0.223898 -0.541625 -0.248403 -0.205948 -0.114964 0.098295 -0.055284 -0.008197 0.118964 0.060534 -0.145662 0.048972 -0.181475 -0.023259 0.043179 -0.012954 -0.178667 -0.154686 -0.336854 -0.267740 0.187340 -0.031841 0.201242 0.000456 0.087157 0.303954 0.027813 0.004252 0.181383 0.306982 0.091358 0.280804 0.099947 0.225244 -0.253456 -0.195333 -0.410847 -0.107357 -0.135205 -0.078716 -0.255238 -0.264474 -0.113462 -0.295926 0.082941 -0.150879 0.007658 -0.062720 -0.159767 -0.081337 0.084239 0.039208 0.139824 0.014751 0.134322 -0.120215 0.098540 0.121597 -0.231794 -0.004820 -0.077636 -0.022447 -0.076680 0.021096 0.166771 -0.082129 -0.086985 0.179083 -0.073866 -0.118591 0.155558 0.065810 0.052846 -0.006166 0.156901 0.075244 -0.001826 -0.253515 -0.074753 -0.047033
-0.168218 -0.395584 0.644840 0.146899 0.047541 -0.056707 1.000000 0.140669 0.316238 -0.219530 0.213042 -0.399149 0.189425 -0.358443 0.335462 -0.030467 -0.503206 -0.382619 0.249324 -0.139967 -0.136858 -0.162656 0.428476 0.279751 0.207746 0.165065 0.041115 0.232227 -0.154575 -0.577274 0.275409 0.054934 -0.224213 0.031580 0.288638 -0.021326 -0.081437 -0.155197 0.314788 0.121306 -0.170396 -0.195860 0.080310 0.047917 0.186508 0.265577 -0.102568 -0.123757 -0.296632 -0.090838 -0.161981 -0.398284 -0.577628 -0.449875 0.107286 -0.065124 -0.336784 -0.077655 -0.022555 -0.215712 0.014085 -0.292064 -0.319120 -0.532384 0.478708 0.018061 0.099585 0.303151 -0.344768 -0.272627 -0.049326 0.028675 -0.115029 -0.285123 -0.146598 -0.312713 -0.139636 -0.111093 0.164243 -0.107718 -0.171735 -0.121891 0.088080 -0.231958 0.232021 -0.017517 0.184448 0.102482 0.373356 0.010028 -0.467662 0.045648 -0.082827 0.347001 0.134062 0.300104 -0.002201 -0.015206 -0.160425 -0.254221 -0.107323 0.244495 0.041162 0.217231 -0.001801 0.220462 -0.043599 -0.006642 0.170510 0.207016 0.219613 0.071411 -0.140468 0.032637 0.107991 0.132376
-0.070091 -0.118087 0.078749 0.362641 0.292682 0.267902 0.140669 1.000000 -0.066732 0.593289 -0.202139 0.190998 -0.152413 0.462601 -0.550051 -0.240612 -0.177126 -0.152488 -0.048393 -0.186070 -0.156559 -0.081791 -0.285695 -0.171566 -0.012438 -0.113703 -0.382934 -0.488082 -0.369162 -0.018494 -0.147398 0.028576 0.056266 0.155511 -0.226348 0.029995 -0.388777 -0.325232 -0.478533 -0.435928 -0.274665 -0.201801 0.287557 0.357706 0.389900 0.398315 0.061663 0.212985 0.021462 0.413781 -0.222603 -0.011324 -0.355135 -0.198255 -0.699588 -0.267547 -0.300721 -0.367131 -0.331557 0.015377 -0.076718 0.475541 -0.121028 -0.101071 -0.050740 0.574735 -0.055551 0.129855 -0.448193 -0.345180 0.029318 0.152713 -0.218044 -0.165898 -0.165529 0.163360 -0.222871 0.066166 0.127027 -0.081455 -0.133157 -0.333666 -0.225064 -0.317211 -0.201603 -0.028407 -0.418357 -0.117100 -0.300732 -0.286595 0.004250 -0.099880 0.508173 0.100306 -0.111472 0.226524 0.080756 0.131226 -0.039625 0.191079 0.417909 -0.103152 0.168795 0.218894 0.219286 0.004364 0.126188 0.075155 0.384243 0.263437 -0.075724 0.191584 0.139607 0.009791 0.267449 0.169942
-0.057409 0.005114 0.500870 0.362575 0.424228 0.269162 0.316238 -0.066732 1.000000 0.272819 0.270954 -0.296706 0.167107 0.006155 0.520749 0.228597 -0.322982 -0.271782 0.091466 -0.201254 0.071566 -0.312850 0.339561 0.307970 0.159648 0.216379 0.290501 0.345755 -0.192692 -0.423471 0.182219 -0.149357 -0.119134 -0.144553 0.202344 0.356211 -0.204090 -0.184560 0.183283 0.043210 -0.043601 -0.134360 -0.459526 -0.450668 -0.292494 -0.280517 -0.547245 -0.441655 -0.319499 -0.465016 -0.114595 -0.147717 -0.138328 -0.288758 0.086088 -0.324081 0.046460 -0.020937 0.490250 0.033595 0.491088 0.189650 -0.183401 0.029256 0.573347 0.279247 0.123277 0.359733 0.167016 0.261309 -0.330361 -0.365000 -0.302397 -0.246023 -0.102096 -0.313818 -0.202392 -0.448478 -0.239839 -0.493611 -0.225569 -0.193555 0.160654 0.045180 0.147175 0.007546 0.290770 -0.040147 0.604876 0.383469 -0.058290 -0.070169 -0.022507 0.247535 -0.025618 0.039902 -0.438979 -0.086050 -0.375618 -0.389007 0.090844 0.252915 -0.055570 -0.041233 -0.147586 0.015112 0.138347 0.063934 -0.164539 -0.081480 0.030857 -0.159973 -0.196211 -0.157287 -0.224116 -0.092069
-0.087230 0.217551 -0.088969 0.333890 0.486597 0.627956 -0.219530 0.593289 0.272819 1.000000 0.001961 0.328468 0.037790 0.691387 -0.444519 -0.019996 0.061160 -0.117809 -0.318059 -0.318973 0.180884 -0.213088 -0.371449 -0.142712 0.006603 0.043316 -0.057904 -0.279815 -0.304274 0.009841 -0.196691 -0.170927 -0.011140 -0.175098 -0.204041 0.236772 -0.440129 -0.361655 -0.556482 -0.411407 -0.077182 -0.034047 -0.018709 0.087171 0.135588 0.069205 -0.102943 0.111775 0.040961 0.177907 -0.065725 0.190792 -0.091450 -0.082438 -0.675703 -0.313014 -0.011743 -0.169837 0.015849 0.108869 0.095813 0.647530 0.036737 0.148661 -0.022085 0.567442 -0.028323 0.201878 0.094406 0.214762 -0.196711 -0.196063 -0.332583 -0.037830 -0.122280 0.048188 -0.249857 -0.295628 -0.193890 -0.269281 -0.023430 -0.338656 -0.139319 -0.066954 -0.210117 0.115472 -0.257896 -0.187600 -0.177214 -0.033064 0.321850 -0.175596 0.423743 0.042142 -0.238687 -0.041839 -0.092601 0.146374 -0.065728 0.147412 0.358019 -0.131359 -0.022809 0.006760 0.000404 -0.164419 0.184854 0.063762 0.091371 -0.005990 -0.051893 0.066453 0.147437 -0.149201 0.003771 0.010398
-0.189318 -0.091463 0.213134 0.153204 -0.129771 -0.083198 0.213042 -0.202139 0.270954 0.001961 1.000000 0.217718 0.588687 0.105874 0.259958 0.149635 0.142571 -0.122913 -0.110661 -0.341417 0.371059 -0.132424 0.246742 0.216793 0.076282 0.196916 0.125300 0.253437 0.255844 -0.066814 0.370639 0.123475 -0.158484 -0.246923 0.069906 0.036922 0.050749 -0.060399 -0.046938 -0.002976 -0.229596 -0.034735 -0.186839 -0.181039 -0.127228 -0.110138 -0.230754 -0.285515 -0.155328 -0.314006 0.019483 -0.084276 -0.030005 -0.158466 0.095232 -0.220258 -0.168411 -0.109425 0.356793 -0.231488 0.320669 -0.086878 0.001996 -0.204661 0.313537 0.070291 -0.023323 0.026663 0.086659 0.027810 -0.342748 0.084871 0.086456 -0.062830 0.038313 -0.048983 -0.079815 -0.314521 -0.014011 0.002176 0.070538 0.122787 0.039886 0.013025 0.475255 0.474786 0.069399 -0.032990 0.291568 0.028015 -0.358409 -0.356253 -0.282445 0.137117 0.009158 -0.181761 -0.124431 -0.060775 -0.281529 -0.103839 -0.155365 -0.033957 -0.295469 -0.307580 -0.133652 0.143191 -0.252086 -0.117110 -0.275022 0.041550 0.046367 -0.086364 -0.050608 0.013661 0.107409 0.127731
-0.167032 0.365296 -0.523664 0.205681 -0.054920 -0.062948 -0.399149 0.190998 -0.296706 0.328468 0.217718 1.000000 0.253283 0.705653 -0.393531 0.232019 0.358532 0.117722 -0.372338 0.018605 0.105567 -0.116449 -0.498503 -0.231345 -0.375076 -0.319279 -0.320167 -0.365172 0.288569 0.674792 -0.119679 0.105352 0.164738 0.049446 -0.374702 0.075068 -0.104144 0.071166 -0.529470 -0.290940 -0.083648 0.019783 0.016113 0.121800 0.009419 -0.050402 0.232004 0.079681 0.557566 0.290568 0.196466 0.526194 0.437648 0.393040 -0.322939 0.067114 -0.252556 -0.326223 -0.114002 -0.125122 -0.238071 0.283632 0.196043 0.172266 -0.499000 0.097113 -0.124471 -0.322576 0.117569 0.281452 -0.032729 0.037661 0.420576 0.198936 0.227431 0.466616 -0.000699 -0.053233 -0.029905 -0.023927 0.139099 -0.086081 -0.046066 0.223030 -0.084671 0.495602 -0.435342 -0.145483 -0.522575 -0.225921 0.169432 -0.393639 0.072210 -0.344403 -0.242410 -0.153422 0.082436 -0.012493 0.035863 0.192739 0.119968 -0.290334 -0.054697 -0.327167 -0.139652 -0.247013 -0.204541 -0.052660 -0.062574 0.065419 -0.073858 0.122770 0.182948 0.055601 0.185874 0.089910
-0.341101 -0.036347 -0.064089 0.053257 -0.056501 -0.133458 0.189425 -0.152413 0.167107 0.037790 0.588687 0.253283 1.000000 0.263419 0.241747 0.365906 0.005823 -0.425452 -0.269842 -0.294383 0.149898 -0.129570 -0.027368 -0.041400 -0.056555 0.111223 0.020431 0.012879 0.558807 0.118315 0.153808 0.221919 -0.151828 -0.098324 -0.006332 0.218080 -0.078044 0.029316 0.075769 -0.234501 0.160805 0.053334 -0.043032 -0.022432 0.055689 0.033301 0.002865 -0.023619 0.083821 0.031232 -0.219040 -0.091724 -0.011858 -0.123978 0.058209 0.157288 -0.363704 -0.260220 0.289578 -0.098323 0.142296 -0.034222 0.187566 -0.253014 -0.034489 -0.074592 0.007086 0.075746 0.065583 0.208128 -0.189555 0.015066 0.413516 -0.074024 -0.062808 -0.169815 -0.213917 -0.398529 -0.119167 -0.141488 -0.086844 0.261210 0.055871 0.293897 0.203338 0.301683 -0.177118 -0.287207 0.069736 0.069348 -0.026614 -0.154375 -0.114619 -0.027066 0.186184 -0.293062 -0.037205 -0.015904 -0.045231 -0.026582 -0.142572 0.143390 -0.196712 -0.411345 -0.133520 0.232455 -0.103428 0.031627 -0.405815 -0.237542 -0.168711 -0.262432 -0.296144 -0.111629 -0.156451 -0.001182
-0.186848 0.350588 -0.459725 0.362008 0.183178 0.198118 -0.358443 0.462601 0.006155 0.691387 0.105874 0.705653 0.263419 1.000000 -0.379651 0.236599 0.235234 0.016347 -0.339222 -0.244042 0.005371 -0.270575 -0.608841 -0.390702 -0.340616 -0.273738 -0.274524 -0.465972 0.146659 0.437171 -0.360144 -0.047882 0.125145 -0.058090 -0.369687 0.179123 -0.412712 -0.124895 -0.519285 -0.485450 0.017832 -0.026925 0.022704 0.125633 0.102641 0.001564 0.060412 0.106001 0.424656 0.287821 -0.047326 0.415455 0.258755 0.163587 -0.486807 -0.094219 -0.120186 -0.334104 0.050583 0.082926 0.092118 0.716992 0.153351 0.276136 -0.398777 0.526290 0.010128 -0.133405 0.079957 0.209952 -0.089200 -0.101178 0.049166 0.077481 0.037510 0.228283 -0.123060 -0.170639 -0.244591 -0.206865 -0.149547 -0.210954 -0.228106 0.160054 -0.289651 0.212539 -0.546479 -0.414579 -0.378077 -0.028025 0.335789 -0.388319 0.403332 -0.293563 -0.156371 -0.306127 -0.034081 0.080217 -0.061730 0.073491 0.419064 -0.158984 -0.079095 -0.301106 0.107621 -0.112429 0.181372 0.143522 -0.141361 -0.142482 -0.209824 -0.169110 -0.065285 -0.212850 -0.036162 -0.082148
-0.084739 -0.111860 0.241953 0.209006 -0.209216 -0.311081 0.335462 -0.550051 0.520749 -0.444519 0.259958 -0.393531 0.241747 -0.379651 1.000000 0.540267 -0.276602 -0.247155 0.155857 0.099269 -0.069841 -0.090050 0.538193 0.438114 0.020602 0.090008 0.299789 0.557811 0.182109 -0.381796 0.257579 0.029665 -0.124908 -0.152429 0.343515 0.096632 0.114804 0.227175 0.630520 0.323486 0.240583 0.054204 -0.348363 -0.396259 -0.325475 -0.214239 -0.308830 -0.295330 -0.232795 -0.431464 -0.174068 -0.280791 -0.082364 -0.287474 0.605608 0.024125 0.044454 0.085600 0.271880 -0.061760 0.324713 -0.359097 -0.056835 -0.112436 0.395311 -0.250519 -0.040793 0.214866 0.079041 0.176511 -0.212045 -0.102335 -0.045109 -0.132594 -0.078969 -0.397199 -0.020525 -0.184623 -0.214969 -0.179950 -0.225324 0.050949 0.437355 0.305151 0.337391 0.093089 0.472268 0.119025 0.646444 0.384314 -0.141675 -0.066858 -0.191253 -0.066678 0.166546 -0.029255 -0.278807 -0.220279 -0.174948 -0.555503 -0.216324 0.296959 0.027625 -0.230839 -0.289425 0.044358 0.012791 -0.050369 -0.317000 -0.224908 0.074782 -0.261972 -0.313665 -0.034604 -0.255707 -0.165745
-0.063289 0.204276 -0.297084 0.332818 -0.088650 -0.124448 -0.030467 -0.240612 0.228597 -0.019996 0.149635 0.232019 0.365906 0.236599 0.540267 1.000000 0.110282 -0.199744 -0.281778 0.199338 -0.099381 -0.111760 -0.042248 0.201234 -0.151876 -0.164797 0.106490 0.156474 0.368862 0.143196 -0.007876 0.054845 0.105025 -0.041557 -0.027401 0.075039 -0.138967 0.155167 0.219458 -0.027189 0.262676 0.072661 -0.230663 -0.215593 -0.192129 -0.203799 -0.163573 -0.165120 0.269946 0.022294 -0.078021 0.093566 0.141255 -0.056022 0.198765 0.064890 0.002426 -0.174606 0.060954 -0.040064 0.078032 -0.043416 0.372228 0.121544 -0.152994 -0.236841 -0.143192 0.000699 0.109599 0.320489 -0.283497 -0.107767 0.232532 0.014336 -0.050388 -0.051524 -0.191857 -0.229951 -0.224781 -0.183899 -0.056019 -0.004390 0.312932 0.552399 -0.005269 0.292068 0.040628 -0.191393 0.082459 0.123865 0.071955 -0.341893 -0.039967 -0.439412 -0.035934 -0.052001 -0.259119 -0.274715 -0.057487 -0.354147 -0.149890 -0.036316 0.124045 -0.501767 -0.487288 -0.174625 -0.181137 -0.145728 -0.282809 -0.269297 -0.049539 -0.169361 -0.191980 0.031845 -0.251228 -0.152156
0.326715 0.475482 -0.484233 -0.157267 -0.260760 -0.061622 -0.503206 -0.177126 -0.322982 0.061160 0.142571 0.358532 0.005823 0.235234 -0.276602 0.110282 1.000000 0.462111 -0.064759 0.228466 0.024335 -0.192203 -0.393681 -0.373828 -0.292858 -0.317194 -0.244445 -0.299530 0.414878 0.493260 -0.282149 -0.241689 0.098181 -0.147527 -0.404750 -0.182403 -0.098156 -0.090111 -0.232829 -0.021521 0.017354 0.154743 -0.157815 -0.146575 -0.313189 -0.383958 0.067945 0.020327 0.157671 0.012944 0.092475 0.262222 0.463291 0.325387 -0.051160 0.018722 0.456972 0.224458 0.025131 0.232299 0.046309 0.189381 0.503224 0.511377 -0.422122 -0.188491 -0.033829 -0.251088 0.332110 0.149387 -0.062817 -0.079596 0.240167 0.309084 0.194474 0.241254 0.064928 -0.007455 -0.069105 0.268751 0.347331 0.229329 -0.111756 0.204761 0.020385 0.117708 -0.210474 -0.246691 -0.430674 -0.124618 0.202465 -0.092348 -0.307824 -0.425773 -0.107539 -0.376818 -0.206951 -0.006003 0.101332 0.020268 -0.241161 -0.301391 -0.070475 -0.247519 -0.080251 -0.107930 -0.042636 -0.088177 -0.241875 -0.231708 -0.270090 -0.057190 0.082008 -0.056422 -0.068562 -0.102572
0.349866 0.378719 -0.245868 -0.281817 -0.279387 -0.183943 -0.382619 -0.152488 -0.271782 -0.117809 -0.122913 0.117722 -0.425452 0.016347 -0.247155 -0.199744 0.462111 1.000000 0.137436 0.281598 -0.107629 -0.041468 -0.184236 -0.317349 -0.254969 -0.310574 -0.205129 -0.233278 0.110413 0.399864 -0.330518 -0.329282 0.182650 -0.140703 -0.196919 -0.218733 0.093780 0.158446 -0.164265 0.145484 0.075569 0.176588 -0.046019 -0.061426 -0.254102 -0.311233 0.100476 -0.036388 0.104709 -0.039252 0.191412 0.359467 0.394697 0.471853 0.058515 0.074413 0.437595 0.339552 -0.087767 0.222601 -0.088652 0.073447 0.011440 0.509233 -0.261809 -0.160650 -0.096608 -0.361819 0.163981 -0.105737 0.183512 -0.111124 0.050387 0.233192 0.288771 0.219721 0.134366 0.249807 0.044858 0.246748 0.121202 0.093313 -0.241649 -0.016679 -0.152373 -0.223016 -0.214471 -0.002214 -0.312224 -0.000701 0.199349 0.155052 -0.107478 -0.091547 -0.106197 -0.086359 0.005621 0.056726 0.080275 0.147241 0.092812 -0.256939 0.001502 0.077968 0.121719 -0.114519 0.053511 0.008130 -0.016881 0.011477 -0.006667 -0.035698 0.145712 -0.043143 -0.113406 -0.104633
0.572107 0.138070 0.318315 -0.101424 0.011593 -0.205575 0.249324 -0.048393 0.091466 -0.318059 -0.110661 -0.372338 -0.269842 -0.339222 0.155857 -0.281778 -0.064759 0.137436 1.000000 0.418913 -0.270225 -0.154253 0.104064 -0.193065 -0.028288 -0.273988 -0.207701 -0.200448 -0.045923 -0.165433 -0.038396 -0.328810 0.201945 0.101540 -0.074285 -0.221950 0.077478 -0.205400 0.192104 0.050444 -0.209378 -0.084469 -0.165893 -0.222622 -0.258751 -0.169505 -0.154284 -0.336599 -0.294753 -0.261987 -0.088129 -0.210671 -0.015052 -0.133574 0.168717 -0.189867 0.294617 0.181830 0.004347 0.323100 0.276841 -0.046462 -0.041755 0.150155 0.101831 -0.042086 0.213507 -0.129465 -0.056221 -0.250714 0.083917 -0.226148 -0.042210 -0.223310 -0.090368 -0.299439 0.010996 0.011758 0.194210 0.151123 0.051711 0.043199 -0.033841 -0.246067 0.169659 -0.189677 0.179508 0.031803 0.169629 0.184320 -0.152004 0.089807 -0.111941 0.089353 -0.116025 -0.019806 -0.029695 -0.126809 -0.106893 -0.008466 0.117357 0.090812 0.132424 0.508621 0.254429 0.016876 0.139792 -0.045149 0.106467 0.163307 -0.227198 -0.015071 0.057186 0.046352 -0.064690 -0.087124
0.575713 0.484229 -0.165048 -0.146239 -0.032253 -0.204638 -0.139967 -0.186070 -0.201254 -0.318973 -0.341417 0.018605 -0.294383 -0.244042 0.099269 0.199338 0.228466 0.281598 0.418913 1.000000 -0.398793 -0.031807 -0.170340 -0.176155 -0.211598 -0.502183 -0.203836 -0.235913 0.089152 0.220983 -0.211483 -0.346274 0.417689 0.302233 -0.055878 -0.139525 -0.016378 -0.142580 0.010070 -0.066630 0.246648 0.280571 -0.113496 -0.138742 -0.206497 -0.165302 0.037956 -0.027319 0.159463 0.177169 0.167817 0.223153 0.242693 0.267138 0.122256 0.185840 0.355096 0.083177 -0.157127 0.077506 -0.000767 -0.099742 0.431250 0.473384 -0.213697 -0.434594 -0.142736 -0.209440 0.088567 0.057274 -0.169879 -0.267503 0.174929 -0.084681 0.068045 -0.003394 -0.095667 0.013145 -0.139042 -0.061713 0.096952 -0.068291 0.351208 0.327894 -0.128792 -0.139546 0.004442 0.152269 -0.271628 -0.025378 0.164853 0.137350 -0.283619 -0.404531 -0.403634 0.024431 -0.123270 -0.410070 0.293647 0.057289 0.059492 -0.193767 0.312209 0.082001 -0.361749 -0.457407 -0.064992 -0.226009 0.076908 -0.077342 -0.159179 0.234943 0.214060 0.094136 -0.290716 -0.331453
-0.289550 -0.278390 0.114209 -0.040235 0.260104 0.364099 -0.136858 -0.156559 0.071566 0.180884 0.371059 0.105567 0.149898 0.005371 -0.069841 -0.099381 0.024335 -0.107629 -0.270225 -0.398793 1.000000 0.197039 0.247719 0.364112 0.510670 0.573232 0.567762 0.436601 0.003831 0.017233 0.395500 0.417004 -0.178683 -0.146263 0.281054 0.066910 0.361848 0.143800 0.030009 0.055090 -0.008461 0.296792 -0.032709 0.007665 0.075465 0.046874 -0.057355 -0.055317 -0.170441 -0.265763 -0.047824 -0.272601 -0.111627 -0.226945 -0.004152 -0.109751 -0.188206 -0.091254 0.125289 -0.294315 -0.123414 -0.227947 -0.114656 -0.381988 0.236883 -0.092176 0.106086 0.081645 0.204548 0.159048 -0.045266 0.176690 0.105967 0.273918 0.094067 0.258377 -0.034427 -0.025852 0.010375 -0.060696 0.144015 0.187763 0.171641 0.112118 0.178866 0.235279 0.241982 0.271061 0.204900 -0.112224 -0.224478 -0.252030 -0.159146 0.184773 0.178820 0.050192 0.155794 0.066162 -0.035684 0.123471 -0.118524 -0.038675 -0.340434 -0.052829 0.009187 0.220719 -0.014363 0.057101 -0.021971 0.101093 0.091212 -0.069416 -0.065685 0.054702 0.223764 0.152099
-0.049546 -0.328979 -0.005697 -0.252012 -0.198528 -0.114650 -0.162656 -0.081791 -0.312850 -0.213088 -0.132424 -0.116449 -0.129570 -0.270575 -0.090050 -0.111760 -0.192203 -0.041468 -0.154253 -0.031807 0.197039 1.000000 0.042328 0.195450 0.247885 0.258832 0.233511 0.290946 -0.031355 -0.010842 0.264999 0.356730 -0.039352 -0.023881 0.074961 -0.465490 0.317554 0.352282 0.095314 0.307478 0.048396 0.103742 0.439324 0.372553 0.287498 0.273567 0.228667 0.148185 -0.056978 0.063538 0.024237 -0.303734 -0.145947 -0.116006 0.104561 0.137094 -0.062667 0.004007 -0.301082 -0.202066 -0.363353 -0.446827 0.002011 -0.300025 -0.081504 -0.219293 -0.167897 -0.252379 0.099019 -0.350119 0.250023 0.543488 0.108237 0.205943 -0.096698 0.215551 0.121958 0.324508 0.272414 0.360369 0.252365 0.227331 0.138390 -0.070731 -0.123317 0.067106 0.236920 0.409417 -0.005153 -0.021612 -0.254723 0.122148 0.087536 0.237450 0.232333 0.415263 0.425879 0.084272 0.274156 0.307407 0.055790 0.135496 0.155912 0.130781 0.005977 0.043311 -0.194503 -0.171658 0.322130 0.334056 0.219250 0.138100 0.248144 0.543488 0.381855 0.205161
-0.173627 -0.558907 0.633068 0.128785 -0.059324 -0.118370 0.428476 -0.285695 0.339561 -0.371449 0.246742 -0.498503 -0.027368 -0.608841 0.538193 -0.042248 -0.393681 -0.184236 0.104064 -0.170340 0.247719 0.042328 1.000000 0.771089 0.469230 0.600136 0.355870 0.702063 -0.223019 -0.573795 0.702004 0.383220 -0.135198 0.135699 0.591878 0.222413 0.305977 0.154842 0.425377 0.245535 -0.065960 -0.054869 -0.199943 -0.289515 -0.139691 -0.036670 -0.351051 -0.306798 -0.544524 -0.491133 -0.029941 -0.438495 -0.352538 -0.368989 0.354155 -0.279166 -0.184634 0.011413 0.117682 -0.281748 0.097560 -0.505970 -0.458771 -0.386180 0.771227 -0.098128 0.008330 0.264150 -0.206910 -0.130501 -0.056352 0.206021 -0.200782 0.017431 0.110580 -0.170631 0.054269 -0.043474 0.074550 0.000773 -0.136570 0.027726 0.275212 -0.182185 0.445054 0.048393 0.596704 0.377267 0.666666 0.030667 -0.533547 -0.036058 -0.283272 0.322118 0.197503 0.288736 -0.072154 -0.157079 -0.429467 -0.379006 -0.284681 0.104441 -0.023467 -0.010090 -0.177297 0.138514 -0.020737 0.006139 0.038565 0.095882 0.280496 -0.091030 -0.174733 0.153661 0.131561 0.024251
-0.369589 -0.562133 0.458869 0.309383 0.005826 0.075011 0.279751 -0.171566 0.307970 -0.142712 0.216793 -0.231345 -0.041400 -0.390702 0.438114 0.201234 -0.373828 -0.317349 -0.193065 -0.176155 0.364112 0.195450 0.771089 1.000000 0.451509 0.682376 0.428393 0.741962 -0.252964 -0.415341 0.730072 0.523119 -0.096742 0.172329 0.577293 0.276389 0.197883 0.226351 0.267688 0.273674 -0.085858 -0.090054 -0.119044 -0.158394 -0.031597 0.069588 -0.292613 -0.226958 -0.364823 -0.373158 -0.001386 -0.353631 -0.398917 -0.378811 0.157119 -0.246778 -0.295464 -0.195343 0.038674 -0.397130 -0.102671 -0.476103 -0.351937 -0.468448 0.631540 -0.090501 -0.008031 0.334866 -0.132465 -0.007016 -0.106166 0.360090 -0.173510 0.045823 0.056413 0.007116 0.027871 -0.005249 0.016131 -0.085032 -0.046468 -0.155560 0.396267 -0.020389 0.285928 0.290356 0.596350 0.506537 0.492475 -0.058988 -0.557759 -0.234798 -0.168580 0.205755 0.095558 0.367639 -0.099442 -0.148669 -0.365255 -0.363790 -0.212990 -0.012733 0.040320 -0.059243 -0.339728 0.001626 -0.151959 -0.059543 0.083132 0.162319 0.373380 0.040519 -0.058750 0.216204 0.222002 0.116685
-0.005843 -0.537253 0.518410 -0.186869 0.405792 0.416834 0.207746 -0.012438 0.159648 0.006603 0.076282 -0.375076 -0.056555 -0.340616 0.020602 -0.151876 -0.292858 -0.254969 -0.028288 -0.211598 0.510670 0.247885 0.469230 0.451509 1.000000 0.674190 0.567935 0.438602 -0.317077 -0.443424 0.446715 0.247939 -0.124238 0.129946 0.385722 0.059302 0.148008 -0.187367 0.130405 0.038360 -0.139167 0.039625 0.123058 0.058044 0.225462 0.255343 -0.116805 -0.102951 -0.428126 -0.153945 -0.095706 -0.418599 -0.437699 -0.394904 -0.067235 -0.224550 -0.093870 -0.135757 0.111098 -0.112277 0.017275 -0.319664 -0.167666 -0.379171 0.432588 -0.056869 0.180368 0.301779 -0.116750 -0.246326 -0.130334 0.172214 -0.217317 -0.171035 -0.265799 -0.146274 -0.137209 -0.116791 0.110351 -0.091861 0.139114 0.121688 0.172625 -0.205270 0.009842 -0.184010 0.406440 0.280074 0.327973 -0.186791 -0.329500 0.109586 -0.183946 0.460821 0.125053 0.295898 0.182950 -0.023386 -0.016116 0.090128 -0.056944 0.045347 -0.202967 0.226581 -0.032239 0.129119 0.012171 -0.044236 0.147441 0.219386 0.144407 0.050791 -0.016462 0.169160 0.205277 0.076810
-0.404460 -0.614982 0.493128 -0.012135 0.205016 0.376889 0.165065 -0.113703 0.216379 0.043316 0.196916 -0.319279 0.111223 -0.273738 0.090008 -0.164797 -0.317194 -0.310574 -0.273988 -0.502183 0.573232 0.258832 0.600136 0.682376 0.674190 1.000000 0.554429 0.672167 -0.187656 -0.418210 0.640574 0.527281 -0.227953 0.095909 0.524216 0.337963 0.249473 0.113832 0.205868 0.124765 -0.018343 0.014399 0.014149 -0.061009 0.107218 0.149038 -0.177585 -0.104127 -0.475626 -0.379305 -0.057671 -0.434480 -0.406473 -0.414896 0.060899 -0.215583 -0.241125 -0.081536 0.240148 -0.241597 -0.003457 -0.329024 -0.339055 -0.482325 0.566086 0.106647 0.180161 0.371846 -0.008320 -0.042303 0.009656 0.358551 -0.175103 0.097644 0.027630 -0.123517 0.030036 -0.116977 0.013280 -0.035512 -0.031013 0.094808 0.117640 -0.134674 0.149109 0.027658 0.477358 0.324154 0.464232 0.028601 -0.436035 -0.092576 -0.154588 0.405050 0.262043 0.112862 0.122265 0.032706 -0.298445 -0.138600 -0.132471 0.147855 -0.248077 -0.016947 -0.095924 0.203013 0.055594 0.140838 -0.072259 0.045676 0.331772 -0.091745 -0.164018 0.065645 0.150894 0.014197
-0.168243 -0.221062 0.225445 -0.005716 0.344056 0.397892 0.041115 -0.382934 0.290501 -0.057904 0.125300 -0.320167 0.020431 -0.274524 0.299789 0.106490 -0.244445 -0.205129 -0.207701 -0.203836 0.567762 0.233511 0.355870 0.428393 0.567935 0.554429 1.000000 0.688165 -0.120757 -0.288163 0.234936 0.101011 -0.328798 -0.238869 0.276030 0.004738 0.317872 0.143513 0.243762 0.309741 0.096079 0.180696 -0.107818 -0.124374 -0.094184 -0.120131 -0.122590 -0.076463 -0.246892 -0.397948 0.000135 -0.261136 -0.107416 -0.214360 0.242838 0.094433 0.084679 0.043868 0.215758 -0.222222 0.037494 -0.331501 -0.168017 -0.258365 0.383927 -0.194538 0.039808 0.135821 0.250308 0.194982 -0.068931 0.100666 -0.171682 0.128496 -0.091293 -0.062235 0.057658 -0.095043 -0.087002 -0.167549 0.155829 0.147393 0.416969 0.150448 0.060095 -0.017350 0.548053 0.373209 0.458349 0.260121 -0.121224 0.017198 -0.131316 0.266027 0.123787 0.062486 0.086813 -0.047862 0.115555 -0.030329 -0.163718 0.240788 -0.346317 0.047245 -0.216258 -0.027223 0.025362 0.041822 -0.059757 0.001070 0.255134 -0.098468 -0.133884 0.085016 -0.051450 -0.038471
-0.321502 -0.435284 0.391579 0.110589 -0.008471 0.138661 0.232227 -0.488082 0.345755 -0.279815 0.253437 -0.365172 0.012879 -0.465972 0.557811 0.156474 -0.299530 -0.233278 -0.200448 -0.235913 0.436601 0.290946 0.702063 0.741962 0.438602 0.672167 0.688165 1.000000 -0.194814 -0.519883 0.533774 0.278068 -0.257193 -0.135686 0.477863 0.042521 0.376459 0.250511 0.456206 0.499792 0.075450 0.028230 -0.054568 -0.158062 -0.095004 -0.037220 -0.226220 -0.181366 -0.450139 -0.544043 0.037508 -0.434483 -0.285001 -0.370254 0.419978 -0.123574 0.027521 0.144821 0.197605 -0.336755 0.035887 -0.519824 -0.302185 -0.379725 0.590570 -0.126139 -0.028947 0.185054 0.124680 0.099480 -0.066117 0.291077 -0.224092 0.181327 0.121431 -0.040301 0.124900 -0.074632 -0.027935 -0.029391 -0.021939 0.067938 0.354670 -0.009697 0.252633 0.123533 0.672062 0.437489 0.735877 0.253587 -0.459453 -0.157667 -0.237277 0.281565 0.261904 0.299882 0.079788 -0.064585 -0.189742 -0.356777 -0.265687 0.228732 -0.116703 -0.077038 -0.335282 -0.008660 -0.019501 0.015420 0.021230 0.108935 0.534735 -0.069266 -0.111760 0.207784 0.175320 0.015097
-0.063840 0.246076 -0.323782 -0.103289 -0.382574 -0.478048 -0.154575 -0.369162 -0.192692 -0.304274 0.255844 0.288569 0.558807 0.146659 0.182109 0.368862 0.414878 0.110413 -0.045923 0.089152 0.003831 -0.031355 -0.223019 -0.252964 -0.317077 -0.187656 -0.120757 -0.194814 1.000000 0.544381 -0.018234 0.199265 0.021284 -0.122300 -0.123730 -0.050792 0.077375 0.402003 0.295115 -0.031662 0.411404 0.300483 -0.214821 -0.205768 -0.290367 -0.308421 0.043560 -0.124335 0.233010 -0.076790 -0.155351 0.000093 0.363169 0.097522 0.390107 0.417596 -0.095463 -0.071130 0.174914 0.138799 0.031756 -0.138837 0.484161 0.107140 -0.345460 -0.390539 0.078505 -0.254373 0.201245 0.104253 0.147451 0.037950 0.735125 0.265033 0.115902 -0.054478 0.044569 -0.046751 -0.226535 0.045323 -0.032121 0.473800 0.074187 0.609199 0.136517 0.223580 -0.176993 -0.238572 -0.240994 0.161953 0.138100 -0.005203 -0.242485 -0.413373 0.292698 -0.528583 -0.148409 -0.089882 0.030091 -0.137957 -0.281938 0.043611 -0.161677 -0.468713 0.010768 0.249534 -0.017986 0.147991 -0.611695 -0.444862 -0.449334 -0.474038 -0.445536 -0.191542 -0.346445 -0.216105
0.065129 0.466029 -0.605675 -0.074978 -0.130070 -0.220743 -0.577274 -0.018494 -0.423471 0.009841 -0.066814 0.674792 0.118315 0.437171 -0.381796 0.143196 0.493260 0.399864 -0.165433 0.220983 0.017233 -0.010842 -0.573795 -0.415341 -0.443424 -0.418210 -0.288163 -0.519883 0.544381 1.000000 -0.264006 0.094523 0.179922 0.064270 -0.319837 -0.030041 0.105748 0.270848 -0.282309 -0.192692 0.161688 0.222467 -0.159103 -0.071989 -0.195906 -0.301751 0.191409 -0.010434 0.575560 0.204837 0.195938 0.531756 0.665943 0.598731 -0.038254 0.342976 -0.076956 -0.142084 -0.064560 0.070820 -0.288875 0.175670 0.350547 0.340339 -0.634027 -0.269835 -0.014657 -0.468041 0.268510 0.273934 0.253527 0.013422 0.682857 0.319017 0.308138 0.478559 0.162024 0.220405 -0.063586 0.034983 0.110256 0.159343 -0.096952 0.432716 -0.202409 0.207078 -0.450375 -0.126415 -0.634547 -0.103245 0.319060 -0.103516 -0.021723 -0.458657 -0.160522 -0.276008 -0.107991 -0.082956 0.121958 0.210138 0.070279 -0.236237 0.064085 -0.210240 0.102559 -0.066390 -0.080424 0.056167 -0.242911 -0.138159 -0.432025 -0.096365 -0.005362 -0.076714 -0.134576 -0.034925
-0.336536 -0.561845 0.536190 0.127900 -0.025504 -0.109751 0.275409 -0.147398 0.182219 -0.196691 0.370639 -0.119679 0.153808 -0.360144 0.257579 -0.007876 -0.282149 -0.330518 -0.038396 -0.211483 0.395500 0.264999 0.702004 0.730072 0.446715 0.640574 0.234936 0.533774 -0.018234 -0.264006 1.000000 0.647629 -0.114533 0.174872 0.521345 0.206101 0.305431 0.232980 0.203415 0.176495 -0.085609 -0.155899 -0.112088 -0.187383 -0.085714 0.063899 -0.280143 -0.247912 -0.430560 -0.439389 0.055747 -0.382877 -0.318541 -0.374381 0.184905 -0.192430 -0.495221 -0.212923 0.075519 -0.329520 -0.075507 -0.515495 -0.240696 -0.525417 0.576684 -0.055798 0.097259 0.210559 -0.089139 -0.101893 -0.038889 0.452967 0.139811 0.027910 0.106927 0.004808 0.093448 -0.058332 0.062438 0.041657 0.068633 0.051404 0.354628 -0.112498 0.461491 0.374814 0.494751 0.468111 0.403901 -0.039772 -0.604285 -0.112591 -0.310734 0.285997 0.090487 0.276516 0.056475 -0.165318 -0.390628 -0.195069 -0.254603 0.004760 -0.050239 -0.085412 -0.271260 0.012380 -0.227170 -0.171875 0.035976 0.213519 0.279114 0.076087 0.049104 0.351953 0.352669 0.073319
-0.543264 -0.593596 0.089505 0.103968 -0.064094 -0.145877 0.054934 0.028576 -0.149357 -0.170927 0.123475 0.105352 0.221919 -0.047882 0.029665 0.054845 -0.241689 -0.329282 -0.328810 -0.346274 0.417004 0.356730 0.383220 0.523119 0.247939 0.527281 0.101011 0.278068 0.199265 0.094523 0.647629 1.000000 -0.015719 0.388582 0.482943 0.243329 0.211537 0.360479 0.149269 -0.031061 0.099865 0.074277 0.110324 0.095623 0.226554 0.262807 0.036282 0.020368 -0.013250 -0.028427 -0.075561 -0.250786 -0.192861 -0.143514 0.083966 0.063497 -0.632792 -0.414253 -0.068760 -0.406807 -0.281471 -0.373683 -0.177831 -0.543413 0.200530 -0.057168 -0.005245 -0.030460 -0.271931 -0.192748 0.096490 0.513872 0.400605 0.205819 0.095622 0.185873 0.019926 0.239463 0.033743 0.031189 -0.189434 0.236632 0.194640 0.177730 0.150159 0.272879 0.131973 0.226216 0.064996 -0.285983 -0.449619 -0.188679 -0.063044 -0.052930 0.378586 0.096555 0.099357 -0.110251 -0.278585 -0.115801 -0.115258 -0.079085 0.030061 -0.323334 0.058652 0.318258 -0.133183 0.006650 -0.057226 0.008364 0.001030 -0.187239 -0.307449 0.108847 0.207107 0.073939
0.348297 0.103539 -0.067151 -0.126797 0.031750 0.007161 -0.224213 0.056266 -0.119134 -0.011140 -0.158484 0.164738 -0.151828 0.125145 -0.124908 0.105025 0.098181 0.182650 0.201945 0.417689 -0.178683 -0.039352 -0.135198 -0.096742 -0.124238 -0.227953 -0.328798 -0.257193 0.021284 0.179922 -0.114533 -0.015719 1.000000 0.552439 0.116329 0.101758 -0.197502 -0.231705 -0.230564 -0.415693 0.100392 0.163512 0.001224 -0.012535 0.056244 0.007378 -0.024041 -0.038852 0.256317 0.265468 0.308512 0.209394 0.117255 0.068214 -0.174700 -0.154533 0.119722 -0.283079 0.022493 0.050568 0.105930 0.135533 0.331220 0.361797 -0.180651 0.078652 0.087803 -0.090586 -0.160211 -0.125339 -0.217506 -0.127636 0.086867 0.021744 0.189670 0.059823 -0.147544 -0.045418 -0.099970 -0.015660 -0.142340 -0.036470 -0.148495 0.039450 -0.117518 -0.006627 -0.323457 -0.132005 -0.244673 -0.350666 -0.023779 -0.161424 -0.070913 -0.361582 -0.361417 -0.122259 -0.050284 -0.390639 -0.121029 0.057704 0.186690 -0.555966 0.028432 -0.266559 -0.233667 -0.239835 -0.059313 -0.097332 0.016573 -0.116366 -0.072997 -0.024630 -0.050753 -0.125134 -0.230795 -0.286041
0.049802 -0.240184 0.094306 -0.127370 0.214893 -0.024339 0.031580 0.155511 -0.144553 -0.175098 -0.246923 0.049446 -0.098324 -0.058090 -0.152429 -0.041557 -0.147527 -0.140703 0.101540 0.302233 -0.146263 -0.023881 0.135699 0.172329 0.129946 0.095909 -0.238869 -0.135686 -0.122300 0.064270 0.174872 0.388582 0.552439 1.000000 0.330312 0.369125 -0.050124 -0.199793 -0.174989 -0.387901 -0.023307 0.038850 0.181614 0.139163 0.327042 0.294120 0.114482 0.074580 0.166026 0.333056 0.128553 0.043269 -0.094040 0.059520 -0.190908 -0.099391 -0.197043 -0.415590 -0.070278 -0.285855 -0.027353 0.000456 -0.051590 -0.029196 0.033952 0.080368 0.049685 -0.012386 -0.384233 -0.213897 -0.099689 0.083580 0.146048 -0.112902 0.155514 0.065219 -0.078433 0.136647 0.029270 -0.035169 -0.156211 0.004587 0.004260 -0.006162 -0.224888 -0.214891 -0.150832 0.015275 -0.222202 -0.515136 -0.265120 -0.111216 -0.145346 -0.168590 -0.165149 0.036228 -0.081618 -0.359917 -0.237685 -0.022225 0.175952 -0.303112 0.128317 -0.125769 -0.070273 -0.120741 -0.041109 0.011638 0.071365 -0.074219 -0.093256 0.071348 -0.114432 -0.046538 -0.067154 -0.182181
-0.239363 -0.435390 0.448559 -0.013931 0.124131 0.112612 0.288638 -0.226348 0.202344 -0.204041 0.069906 -0.374702 -0.006332 -0.369687 0.343515 -0.027401 -0.404750 -0.196919 -0.074285 -0.055878 0.281054 0.074961 0.591878 0.577293 0.385722 0.524216 0.276030 0.477863 -0.123730 -0.319837 0.521345 0.482943 0.116329 0.330312 1.000000 0.456413 0.131684 -0.004238 0.323757 -0.002531 0.365121 0.368202 -0.131724 -0.155461 0.156943 0.217391 -0.226335 -0.056011 -0.279377 -0.173730 0.121607 -0.241269 -0.335402 -0.266356 0.258599 0.080392 -0.248925 -0.080783 0.240912 -0.386323 0.023480 -0.291829 -0.158893 -0.350348 0.579075 -0.023852 0.160159 0.373945 -0.156190 -0.031018 -0.193968 0.111033 -0.061468 -0.064837 0.144307 -0.147600 0.058563 0.081782 -0.365433 -0.215833 -0.482018 -0.065367 0.312129 0.180828 0.090835 -0.068737 0.289661 0.407903 0.369857 -0.134893 -0.287859 -0.035787 -0.228608 0.021232 -0.018301 0.083800 -0.158832 -0.446777 -0.273587 -0.356738 -0.001862 -0.091615 -0.007452 -0.178269 -0.134681 0.054866 0.190077 0.054580 -0.121597 -0.195766 0.135058 -0.242729 -0.366792 -0.261429 -0.188302 -0.288867
-0.251540 -0.036829 0.135347 0.209515 0.338695 0.262063 -0.021326 0.029995 0.356211 0.236772 0.036922 0.075068 0.218080 0.179123 0.096632 0.075039 -0.182403 -0.218733 -0.221950 -0.139525 0.066910 -0.465490 0.222413 0.276389 0.059302 0.337963 0.004738 0.042521 -0.050792 -0.030041 0.206101 0.243329 0.101758 0.369125 0.456413 1.000000 -0.246021 -0.222056 -0.036911 -0.380290 0.162717 0.062191 -0.338589 -0.274809 -0.014601 0.022478 -0.232092 -0.042933 -0.005502 -0.030936 -0.022790 0.169209 -0.001841 -0.014939 -0.029215 0.002325 -0.265116 -0.238716 0.478725 -0.088131 0.244096 0.310262 -0.160728 0.045418 0.302787 0.317173 0.222385 0.473685 -0.050127 0.360031 -0.255112 -0.267653 -0.067140 -0.284782 0.063342 -0.228942 -0.149302 -0.350147 -0.437319 -0.481144 -0.463862 -0.255791 0.072805 0.189115 0.024021 -0.031342 -0.013889 -0.008345 0.142748 -0.055158 0.097770 -0.200972 -0.151817 -0.134676 -0.199120 -0.334861 -0.342442 -0.281413 -0.372304 -0.319522 0.084169 -0.098021 -0.156096 -0.311907 -0.172567 -0.064364 0.284182 0.250486 -0.403620 -0.423347 -0.054411 -0.221251 -0.320533 -0.476039 -0.334053 -0.311856
