1.000000 0.561923 -0.201449 -0.529484 -0.298257 -0.200215 -0.137532 -0.522372 0.078654 -0.109012 0.213745 -0.005421 0.210666 -0.042210 0.240229 -0.134867 0.413803 0.222859 0.320015 0.263297 -0.509392 -0.430807 -0.297068 -0.584821 -0.476006 -0.619609 -0.152358 -0.259351 -0.053176 0.014566 -0.516645 -0.696376 0.025670 -0.116736 -0.391510 -0.398435 -0.077405 -0.404551 -0.168896 -0.356726 -0.169952 -0.394622 0.060146 -0.196303 -0.225178 -0.405020 0.269817 -0.008637 0.180696 0.080178 0.164327 0.300083 0.400225 0.368201 0.375821 0.199368 0.395599 0.321429 0.317126 0.410555 0.171831 0.070160 0.367434 0.277852 -0.291504 -0.554626 -0.106186 -0.491839 0.273586 0.061689 -0.101437 -0.567806 0.129402 -0.073702 -0.001934 -0.258590 0.100984 -0.257011 0.224218 0.026300 0.176773 0.097881 0.120118 -0.267897 0.109957 -0.356806 0.139543 0.029622 0.325882 0.162135 -0.063586 0.153757 -0.349763 0.347706 0.013075 0.162204 0.031860 0.050916 0.180137 0.283420 0.176926 0.426351 0.003350 0.330961 0.261834 0.111141 -0.039788 -0.037637 0.084782 -0.168629 -0.221318 0.137307 0.291569 -0.048221 0.101773 -0.015347
0.561923 1.000000 -0.505391 -0.198742 -0.195620 -0.063166 -0.505325 -0.284238 -0.126957 -0.018503 -0.083650 0.106004 -0.100445 0.022091 -0.017952 -0.057255 0.335604 0.294516 -0.130120 0.388087 -0.280567 -0.240130 -0.530701 -0.508644 -0.433695 -0.351245 -0.362775 -0.387280 -0.058239 0.176845 -0.321443 -0.505160 0.352042 0.230008 -0.150771 -0.169351 -0.041612 -0.320001 -0.324223 -0.176203 0.006298 -0.346955 -0.084035 -0.299620 -0.113972 -0.314444 0.182987 0.074549 0.085935 0.183829 -0.025489 0.190297 0.162340 0.087222 0.215320 0.169435 0.534039 0.627468 -0.025388 0.462077 -0.060160 0.239149 0.176751 0.164798 -0.412115 -0.235073 0.009950 -0.266160 0.532880 0.431258 -0.344283 -0.386442 -0.061182 -0.200715 -0.205784 -0.253061 -0.178301 -0.337446 0.290772 0.183986 0.130397 0.156962 -0.159867 -0.145322 -0.153509 -0.235237 0.077139 0.119177 0.125997 0.254427 -0.125136 -0.159069 -0.068807 -0.018629 -0.056713 -0.166806 -0.002928 -0.035841 0.067883 0.151933 0.175258 0.214711 0.139088 0.308954 0.092428 -0.151145 0.021033 -0.092974 -0.178004 -0.075717 -0.192633 0.278708 0.211026 -0.166006 -0.295440 -0.115556
-0.201449 -0.505391 1.000000 0.162160 0.489765 -0.049299 0.784118 0.406119 0.516736 0.133918 0.124245 0.179657 0.353932 0.269870 0.197557 0.130959 -0.549249 -0.291553 0.251048 -0.335976 0.222454 0.122565 0.447764 0.315934 0.407113 0.105300 0.551879 0.220699 -0.100909 -0.287456 0.099937 0.093755 -0.368268 -0.311303 0.110634 0.024245 -0.236157 -0.042644 0.158187 -0.035977 -0.177896 0.128591 -0.102153 -0.165853 -0.139249 0.086787 -0.350115 -0.342254 0.033431 -0.261874 0.201684 0.018322 -0.045872 0.080180 -0.078938 -0.264305 -0.678963 -0.687391 0.437647 -0.211133 0.438111 0.092830 -0.130134 0.081123 0.475745 0.296303 0.137041 0.161940 -0.554431 -0.431862 0.359397 0.073481 -0.082488 0.150782 0.096926 0.216319 0.062722 0.178051 -0.596370 -0.512562 -0.505494 -0.593200 -0.003064 0.092655 0.086337 0.037396 -0.144268 -0.223972 0.221553 0.036333 0.232862 0.427631 0.026241 0.323729 -0.175290 0.215240 -0.289964 -0.150021 0.000606 -0.235480 0.031739 0.043989 -0.054266 -0.015275 -0.093298 0.159176 0.002967 -0.114961 0.212545 0.047502 -0.237719 -0.434478 -0.152093 0.036647 0.248705 -0.015943
-0.529484 -0.198742 0.162160 1.000000 0.287849 0.488830 0.069241 0.692742 0.005807 0.309320 -0.192471 -0.063868 -0.247750 -0.115561 0.007196 0.263000 -0.258390 -0.398371 -0.254924 0.067840 0.247973 0.221353 0.373817 0.661682 0.302361 0.598428 0.311836 0.370026 -0.385048 -0.369082 0.070299 0.413552 -0.132396 0.237777 0.514883 0.500781 -0.117020 0.053713 -0.053195 0.244100 -0.224272 0.062711 0.003393 -0.035682 -0.217878 0.094410 -0.518949 -0.050151 -0.500099 -0.370929 -0.258585 -0.390533 -0.379911 -0.419567 -0.434486 -0.347777 -0.131715 -0.118383 -0.217496 -0.259473 -0.161453 -0.231389 -0.426470 -0.451689 0.413260 0.647615 0.186196 0.578223 0.054076 0.218456 -0.092281 0.283163 -0.560282 -0.163956 -0.221405 -0.057132 -0.370794 -0.078886 -0.326913 -0.143071 -0.314812 -0.318843 -0.044791 0.306253 0.030943 0.500650 -0.102833 0.230439 -0.028141 0.000807 0.014377 -0.116906 0.493171 -0.254493 0.096300 -0.229998 -0.199439 0.064539 -0.426598 -0.377800 -0.281047 -0.256717 0.000394 0.165773 -0.168332 -0.029564 -0.114647 -0.186831 -0.274238 0.046614 0.209859 -0.237832 -0.422206 -0.071325 -0.197137 0.113594
-0.298257 -0.195620 0.489765 0.287849 1.000000 0.391482 0.624732 0.599407 0.653165 0.683651 -0.055268 0.128521 0.114845 0.335168 -0.005480 0.428434 -0.343639 -0.191713 -0.152165 -0.032546 0.175174 0.052124 0.060192 0.329024 0.341229 0.218684 0.511275 0.109015 -0.116223 -0.142998 0.111859 0.165468 -0.255405 -0.215991 0.009007 0.097284 -0.328795 -0.164652 -0.140991 -0.091786 -0.400701 0.063897 -0.236225 -0.491039 -0.115276 0.044579 -0.362441 -0.384414 -0.057648 -0.131438 -0.051563 -0.042365 -0.019641 -0.014845 -0.307280 -0.276709 -0.312455 -0.398005 0.003304 -0.303580 0.011970 0.083621 -0.182290 0.003310 0.060042 0.314584 -0.065742 0.110212 -0.151175 -0.126171 0.165583 0.155786 -0.154243 0.005539 -0.124083 0.109259 -0.296779 -0.092681 -0.491692 -0.344182 -0.139405 -0.305569 -0.241310 0.073660 0.049909 0.315706 -0.106309 -0.050492 0.234098 0.237542 0.539956 0.475284 0.346928 0.054307 -0.185717 -0.159206 -0.618875 -0.080530 -0.037944 -0.122043 0.005812 0.112903 0.252742 0.277117 -0.096248 0.203834 -0.204623 -0.215100 -0.160547 -0.295129 -0.386826 -0.141482 -0.095626 -0.128649 0.192175 -0.099483
-0.200215 -0.063166 -0.049299 0.488830 0.391482 1.000000 0.050288 0.407460 0.048931 0.630191 -0.210382 -0.163974 -0.352932 -0.051240 -0.041240 0.215546 -0.147793 -0.479070 -0.254178 -0.074392 0.275564 -0.009173 0.102143 0.407848 0.276633 0.600585 0.314777 0.472080 -0.508590 -0.420759 -0.113055 0.156565 -0.163564 -0.026921 0.336366 0.305605 -0.259898 -0.090914 -0.231820 0.109659 -0.586148 -0.127581 0.070661 -0.066009 -0.305313 0.034377 -0.353066 -0.017394 -0.434445 -0.323744 -0.212674 -0.380491 -0.114114 -0.333274 -0.233509 -0.249980 0.177751 0.114089 -0.149308 -0.133906 -0.439920 -0.113436 -0.362267 -0.499772 0.068831 0.465857 0.243652 0.374330 0.269535 0.280955 -0.197571 0.051111 -0.606980 -0.224979 -0.295870 -0.118114 -0.365415 -0.147644 -0.239994 0.073117 -0.016079 -0.041781 -0.176288 0.022866 0.248606 0.470992 0.065793 0.363502 0.028242 -0.122915 0.163775 0.040592 0.489103 -0.319407 0.270517 -0.350159 -0.277147 0.163667 -0.367010 -0.175078 -0.090716 -0.234160 -0.079873 0.284852 0.162001 0.361803 -0.268850 -0.126511 -0.340003 -0.310775 0.263910 -0.080764 -0.348498 0.149006 -0.010373 0.087527
-0.137532 -0.505325 0.784118 0.069241 0.624732 0.050288 1.000000 0.442843 0.581416 0.338524 0.269116 0.288802 0.430037 0.412772 0.236320 0.361150 -0.397381 -0.214329 0.260971 -0.230769 0.136915 -0.101281 0.416107 0.361135 0.260781 -0.029999 0.566589 0.229636 0.005055 -0.100515 0.068510 0.129193 -0.375524 -0.391364 -0.015421 0.045000 -0.157925 -0.021748 0.054608 -0.221595 -0.284486 0.283913 -0.218346 -0.255645 -0.171786 0.033490 -0.319762 -0.514009 0.007678 -0.191893 0.113538 0.020916 0.045125 0.107343 -0.201499 -0.374351 -0.632062 -0.775478 0.347731 -0.409294 0.340735 0.005794 -0.164003 0.018840 0.426438 0.237406 -0.184847 -0.068176 -0.561623 -0.521545 0.410567 0.167663 0.106775 0.335437 0.244300 0.364452 0.111436 0.127314 -0.541244 -0.481518 -0.250833 -0.459977 0.089595 0.173465 0.198462 0.251423 -0.255895 -0.219713 0.259809 0.121495 0.412131 0.638218 0.115585 0.284453 -0.129040 0.049088 -0.541187 -0.252089 0.013727 -0.229059 -0.036429 0.141480 -0.022409 0.006367 -0.044024 0.253572 -0.168977 -0.163817 0.080744 -0.256102 -0.427630 -0.305918 0.024292 0.081535 0.373048 -0.077775
-0.522372 -0.284238 0.406119 0.692742 0.599407 0.407460 0.442843 1.000000 0.297768 0.630018 -0.325323 0.110875 -0.044856 0.317821 -0.198854 0.516284 -0.474352 -0.299944 -0.249501 -0.072010 0.148844 0.174242 0.121621 0.530157 0.316462 0.459783 0.410907 0.133744 -0.286269 -0.283654 0.090127 0.323714 -0.105448 -0.052586 0.233904 0.357001 -0.321911 -0.148612 -0.182286 0.153055 -0.257474 0.084716 -0.081078 -0.176429 -0.037571 0.204569 -0.451045 -0.257735 -0.194892 -0.131636 -0.048531 -0.084695 -0.242146 -0.204050 -0.443182 -0.356998 -0.409690 -0.426050 -0.074741 -0.294544 0.040791 0.038508 -0.248416 -0.169665 0.224751 0.613716 0.119564 0.481729 -0.220190 -0.064699 -0.064606 0.215722 -0.391112 -0.090363 -0.133867 0.009342 -0.479808 -0.209157 -0.553725 -0.418219 -0.362132 -0.472028 -0.279360 0.162044 -0.022152 0.453116 -0.159816 0.030963 0.063172 0.038132 0.322111 0.123093 0.474248 -0.234292 -0.209000 -0.324500 -0.516873 -0.049771 -0.196083 -0.365688 -0.114476 -0.037251 0.150686 0.118614 -0.136886 0.018523 -0.031622 -0.084085 -0.178828 -0.172575 -0.155113 -0.264580 -0.355810 -0.074469 0.074874 0.096946
0.078654 -0.126957 0.516736 0.005807 0.653165 0.048931 0.581416 0.297768 1.000000 0.556345 0.200954 0.284528 0.348586 0.395213 0.305143 0.354815 -0.140294 -0.004750 0.102602 0.140419 -0.021247 -0.044680 0.043875 0.114976 0.079777 -0.041715 0.249642 0.021200 -0.049769 0.013048 -0.110852 -0.097527 -0.192498 -0.154033 -0.139386 -0.253372 -0.301882 -0.290547 -0.294965 -0.234263 -0.131758 -0.160415 -0.101181 -0.400067 -0.098084 -0.120304 -0.069845 -0.312554 0.119723 0.052351 0.134881 0.139808 0.189211 0.283319 -0.107333 -0.100978 -0.317881 -0.399397 0.269438 -0.240676 0.271945 0.128560 0.040791 0.171330 0.042577 -0.066662 -0.143762 -0.254917 -0.114091 -0.215363 0.243792 -0.023325 0.064377 0.183087 0.175361 0.175980 -0.056760 -0.115255 -0.390639 -0.372505 -0.168521 -0.256247 -0.102414 -0.103939 -0.009123 0.074775 -0.073853 -0.005456 0.276288 0.266319 0.256220 0.411012 -0.030218 0.304914 -0.379869 -0.067100 -0.553050 -0.197933 0.124136 -0.079793 0.114899 0.196943 0.141292 0.198155 -0.164761 0.038538 -0.206641 -0.294703 -0.020566 -0.108125 -0.462625 -0.167961 -0.026413 -0.263723 0.184366 0.027873
-0.109012 -0.018503 0.133918 0.309320 0.683651 0.630191 0.338524 0.630018 0.556345 1.000000 -0.246686 0.128807 -0.080085 0.351569 -0.129516 0.552409 -0.141343 -0.201742 -0.145952 0.113313 0.002063 -0.059444 -0.158314 0.270465 0.135793 0.308626 0.282906 0.119035 -0.267506 -0.139553 -0.084660 0.066756 -0.083440 -0.101043 -0.003882 0.080039 -0.388914 -0.266993 -0.472464 -0.069383 -0.477742 -0.232015 -0.010280 -0.365101 -0.171712 -0.035529 -0.249244 -0.295825 -0.119012 -0.049149 0.012664 -0.044292 0.129264 0.013249 -0.265716 -0.289646 -0.031268 -0.116081 -0.059030 -0.260937 -0.203141 0.109931 -0.093816 -0.185980 -0.153333 0.277902 -0.037773 0.048906 0.113007 0.051952 -0.036843 0.017737 -0.286285 -0.124984 -0.143605 -0.016210 -0.452830 -0.291818 -0.397564 -0.192394 0.023037 -0.118727 -0.374833 -0.149881 0.045943 0.453408 -0.037595 0.249477 0.173160 0.181806 0.344130 0.189298 0.366208 -0.222509 -0.140134 -0.483616 -0.686980 -0.122191 -0.130031 -0.176637 -0.044119 -0.014549 0.077186 0.183365 -0.109445 0.181113 -0.306235 -0.163693 -0.400754 -0.379794 -0.314263 -0.131420 -0.249499 -0.119347 0.102267 0.108241
0.213745 -0.083650 0.124245 -0.192471 -0.055268 -0.210382 0.269116 -0.325323 0.200954 -0.246686 1.000000 0.266255 0.635479 0.112389 0.653729 -0.084463 0.328230 -0.089506 0.330601 -0.130036 -0.004681 -0.209281 0.408046 0.022110 -0.035606 -0.331528 -0.035301 0.217721 0.211050 0.027872 -0.105367 -0.187821 -0.422068 -0.301782 -0.174233 -0.129996 0.247546 0.040233 0.098092 -0.308133 -0.028469 0.107608 -0.083620 -0.028168 -0.133541 -0.132023 0.047823 -0.175435 0.092822 -0.103930 0.119308 -0.014975 0.230427 0.133426 0.278302 -0.075329 -0.164475 -0.254094 0.285022 0.010449 0.293208 0.046853 0.086714 0.015271 0.300650 -0.151918 -0.302536 -0.290973 -0.217301 -0.279848 0.298798 0.117219 0.211894 0.343123 0.259210 0.323280 0.442613 0.129201 0.042018 -0.041034 0.053720 -0.015087 0.546645 0.056733 0.243528 -0.041549 -0.001392 -0.158249 0.205091 0.208162 -0.004814 0.299570 -0.092402 0.430059 0.086530 0.062127 -0.003098 -0.275424 0.044698 -0.147359 0.150937 0.111729 -0.214982 -0.092651 0.129299 0.020675 -0.219050 -0.236139 0.048084 -0.040827 -0.144680 0.048886 0.191299 0.090929 -0.049629 -0.258743
-0.005421 0.106004 0.179657 -0.063868 0.128521 -0.163974 0.288802 0.110875 0.284528 0.128807 0.266255 1.000000 0.462474 0.750041 0.137187 0.435274 -0.214855 0.044345 0.071425 0.088984 -0.037933 -0.340641 -0.075003 0.143905 -0.047796 -0.151525 -0.055249 -0.095102 -0.040041 0.433406 0.034919 -0.040010 0.110292 0.007472 -0.062738 -0.005856 -0.037523 -0.141685 -0.407653 -0.369094 0.089736 -0.003363 -0.065102 -0.112174 0.058624 0.063071 0.020644 -0.196589 0.286476 0.211380 0.114195 0.273936 0.214320 0.133996 -0.240984 -0.311788 -0.299603 -0.278760 0.354630 -0.068550 0.383330 0.453461 -0.026920 0.004002 -0.006364 0.163599 -0.176598 -0.279122 -0.041896 -0.235205 0.184626 0.161026 0.183123 0.225396 0.231913 0.356368 0.110013 -0.016530 -0.165469 -0.167171 -0.141977 -0.184821 -0.007299 0.085592 -0.136602 -0.035123 -0.413888 -0.040714 0.139678 0.228323 -0.143327 -0.081205 -0.133397 -0.083935 -0.328191 -0.193504 -0.338311 -0.545521 -0.101437 -0.400995 0.004941 -0.170029 -0.164455 -0.164181 -0.085189 -0.261119 -0.269523 -0.375160 -0.051021 -0.088238 -0.352470 -0.285002 -0.111153 -0.013435 -0.013885 -0.084458
0.210666 -0.100445 0.353932 -0.247750 0.114845 -0.352932 0.430037 -0.044856 0.348586 -0.080085 0.635479 0.462474 1.000000 0.543359 0.482621 0.261622 0.057547 0.036651 0.241346 -0.166447 0.012285 -0.259381 0.143533 -0.062482 -0.017934 -0.387570 0.068490 -0.041474 0.206139 0.210787 0.078524 -0.077160 -0.259772 -0.296158 -0.405124 -0.362848 0.142985 -0.209033 -0.019090 -0.272831 0.105642 0.081348 -0.120266 -0.205237 -0.081494 -0.192763 0.024002 -0.357606 0.219610 0.031023 0.079154 0.232503 0.149265 0.160892 0.083770 -0.253886 -0.311476 -0.378641 0.496073 0.106715 0.578145 0.212778 0.159627 0.247706 0.077931 -0.192938 -0.290688 -0.322803 -0.291316 -0.331243 0.383301 -0.015896 0.377989 0.299136 0.242469 0.337369 0.227360 0.049710 -0.098204 -0.235131 -0.121092 -0.154800 0.391271 0.134942 -0.052934 -0.285415 -0.120441 -0.192706 0.315298 0.277796 0.076648 0.324930 -0.302123 0.365320 -0.186522 0.054821 -0.130845 -0.335834 0.075957 -0.168597 0.085246 0.318645 0.017289 -0.110125 -0.100805 -0.150628 -0.097038 -0.259466 0.209608 0.034838 -0.457790 -0.132099 0.180186 -0.074694 0.014090 -0.150469
-0.042210 0.022091 0.269870 -0.115561 0.335168 -0.051240 0.412772 0.317821 0.395213 0.351569 0.112389 0.750041 0.543359 1.000000 -0.015507 0.637350 -0.285865 0.071330 0.050487 -0.057034 -0.042432 -0.332961 -0.254633 0.034588 -0.055440 -0.227169 -0.005367 -0.261032 0.074301 0.407191 0.051897 -0.009039 0.003422 -0.204464 -0.222546 -0.102799 -0.128375 -0.293915 -0.378059 -0.308567 -0.041978 0.063572 -0.069918 -0.309049 0.096809 0.114024 -0.025949 -0.404974 0.314521 0.257858 0.079511 0.330650 0.184450 0.055787 -0.155919 -0.388979 -0.397066 -0.392382 0.345252 0.061183 0.460287 0.602300 0.171324 0.285954 -0.187132 0.077965 -0.089818 -0.245396 -0.262524 -0.394840 0.196116 -0.037152 0.304979 0.301817 0.263384 0.377562 -0.003181 -0.146853 -0.346250 -0.303559 -0.151030 -0.202536 -0.229861 0.072135 -0.219923 -0.109581 -0.294466 -0.088432 0.251472 0.331106 0.185624 0.093399 -0.035007 -0.100515 -0.400347 -0.290437 -0.538009 -0.540852 -0.008137 -0.348858 0.174214 0.112003 0.104902 -0.175664 -0.041062 -0.122088 -0.215066 -0.166905 0.023156 -0.336914 -0.578470 -0.317070 -0.075582 -0.045580 0.121401 -0.135024
0.240229 -0.017952 0.197557 0.007196 -0.005480 -0.041240 0.236320 -0.198854 0.305143 -0.129516 0.653729 0.137187 0.482621 -0.015507 1.000000 0.027364 0.145068 -0.142528 0.235655 0.194861 0.112499 -0.024557 0.561167 0.256295 0.046329 -0.011294 0.275769 0.487034 -0.058581 -0.125248 -0.062692 -0.110162 -0.295517 -0.038163 -0.149503 -0.229088 0.009088 -0.114704 0.014620 -0.178442 0.020319 -0.026668 0.060228 -0.017447 -0.332135 -0.369737 0.002217 -0.098481 -0.091110 -0.178425 -0.054645 -0.101035 -0.051992 0.091047 -0.092343 -0.202656 -0.111418 -0.105350 0.336457 -0.101391 0.259149 -0.223583 -0.236637 -0.194684 0.456088 -0.121947 -0.384809 -0.294751 0.115099 0.062794 0.133533 -0.041628 -0.067725 0.137966 0.183500 0.148186 0.136946 -0.116726 0.052674 -0.084780 -0.134187 -0.127693 0.615538 0.269803 0.094099 -0.068761 -0.176431 -0.061371 0.351708 0.101658 -0.040726 0.302370 -0.044526 0.543892 0.025445 -0.072728 0.006668 -0.080664 -0.163919 -0.176116 0.023031 0.097554 -0.150668 0.186530 -0.018686 -0.073539 -0.257397 -0.361442 0.041852 0.093706 -0.059617 -0.110895 0.297501 -0.168334 -0.107181 -0.204061
-0.134867 -0.057255 0.130959 0.263000 0.428434 0.215546 0.361150 0.516284 0.354815 0.552409 -0.084463 0.435274 0.261622 0.637350 0.027364 1.000000 -0.239769 -0.113207 -0.031398 0.100258 -0.050909 -0.140901 -0.137987 0.276527 0.000959 0.049556 0.274738 0.030137 -0.179216 0.214230 0.040546 0.163302 -0.104865 -0.142592 -0.174018 0.071979 -0.142626 -0.199157 -0.254248 -0.156122 -0.155783 0.169460 -0.020520 -0.343270 -0.088249 -0.024809 -0.156485 -0.351264 0.035042 0.037664 -0.083941 0.036320 0.137627 -0.071170 -0.405115 -0.509700 -0.284306 -0.358365 0.183825 -0.145711 0.173503 0.244406 -0.066652 -0.019273 -0.135975 0.190633 -0.193170 -0.127862 -0.116368 -0.177610 0.160879 0.079359 0.017814 0.195390 0.174411 0.331097 -0.121853 -0.222622 -0.425130 -0.340874 -0.099927 -0.298841 -0.096042 0.277418 -0.221465 0.230047 -0.364241 -0.005720 0.059087 0.361675 0.355129 0.228625 0.285953 -0.066438 -0.183811 -0.413397 -0.485583 -0.306407 -0.056343 -0.236944 -0.012740 0.069288 0.217981 -0.010332 -0.028239 -0.065836 -0.256686 -0.270722 -0.159061 -0.387179 -0.432431 -0.293064 -0.073769 -0.181611 0.068433 -0.134451
0.413803 0.335604 -0.549249 -0.258390 -0.343639 -0.147793 -0.397381 -0.474352 -0.140294 -0.141343 0.328230 -0.214855 0.057547 -0.285865 0.145068 -0.239769 1.000000 0.295594 0.139125 0.235661 -0.282409 -0.198775 -0.154705 -0.343620 -0.398354 -0.324030 -0.365490 -0.167526 0.258352 0.151090 -0.177326 -0.269738 0.048513 0.066556 -0.270806 -0.404112 0.141717 -0.107143 -0.079227 -0.133186 0.094427 -0.323413 0.013808 0.026989 -0.171166 -0.422006 0.201591 0.019137 -0.105106 -0.072438 0.006232 0.015426 0.183965 0.088922 0.304807 0.268584 0.630403 0.534291 -0.274729 0.137886 -0.226831 -0.156446 0.232436 0.022550 -0.182698 -0.357534 -0.310592 -0.312852 0.343197 0.198677 -0.051153 -0.129403 0.224417 -0.096052 -0.009998 -0.212565 0.109755 -0.126844 0.580487 0.453499 0.570507 0.539145 0.222439 -0.293646 0.075717 -0.083527 0.321362 -0.048046 -0.051595 0.252433 -0.191377 -0.039694 -0.063346 0.210121 0.101455 -0.109998 0.239912 0.075051 0.088272 0.284490 -0.087587 0.241847 0.009077 -0.007737 -0.045524 -0.041411 -0.042954 0.068777 -0.191292 0.013087 -0.002566 0.431841 0.198174 -0.033246 -0.237821 0.016598
0.222859 0.294516 -0.291553 -0.398371 -0.191713 -0.479070 -0.214329 -0.299944 -0.004750 -0.201742 -0.089506 0.044345 0.036651 0.071330 -0.142528 -0.113207 0.295594 1.000000 -0.082918 0.342397 -0.274346 -0.300480 -0.423941 -0.398432 -0.436135 -0.460045 -0.465110 -0.450823 0.496778 0.553861 -0.100154 -0.294793 0.645615 0.320952 -0.454771 -0.377712 0.140744 -0.119816 -0.213315 -0.242477 0.363929 -0.074513 -0.135368 -0.208645 0.230214 -0.158828 0.290179 -0.009012 0.314483 0.359701 0.013648 0.315281 0.019406 0.195229 0.102637 0.190715 0.205114 0.251499 -0.166931 -0.055496 0.232933 0.037237 0.441767 0.542226 -0.268160 -0.492692 -0.197130 -0.357207 0.088125 0.043325 -0.116253 -0.259757 0.565797 0.080149 0.162278 -0.099448 -0.041626 -0.305784 0.426211 0.294292 0.441475 0.491963 -0.101347 -0.042857 -0.197576 -0.229990 0.058061 -0.047414 0.069641 0.011835 -0.092314 -0.107153 -0.291597 0.051308 -0.102946 -0.055465 0.028377 -0.212473 0.168891 0.181693 0.143616 0.242903 0.308968 -0.102292 -0.182586 -0.304017 0.053542 0.064363 -0.124003 0.015198 -0.281073 0.371950 0.184262 -0.354576 -0.083764 -0.057818
0.320015 -0.130120 0.251048 -0.254924 -0.152165 -0.254178 0.260971 -0.249501 0.102602 -0.145952 0.330601 0.071425 0.241346 0.050487 0.235655 -0.031398 0.139125 -0.082918 1.000000 0.087791 -0.167649 -0.347201 0.151736 -0.168649 0.055039 -0.317307 0.116982 0.011909 0.197605 -0.008509 -0.080804 -0.210438 -0.191738 -0.258524 -0.127914 -0.184850 -0.025278 0.103196 0.115391 -0.366344 -0.051045 0.144376 0.090010 0.077160 -0.123476 -0.170707 0.109252 -0.130644 0.005907 -0.112984 0.113421 -0.014078 0.236647 0.257118 0.178072 -0.062117 -0.190051 -0.174845 0.213185 -0.013807 0.233023 0.052117 0.191868 0.093574 0.124015 -0.311995 -0.310140 -0.500526 -0.188729 -0.316683 0.265588 -0.198339 0.323884 0.362444 0.521481 0.324272 0.445988 0.049806 -0.127297 -0.122768 -0.085510 -0.088274 0.130726 -0.213681 0.074907 -0.061798 -0.102595 -0.038517 -0.015945 0.032654 -0.072065 0.139227 -0.295148 0.296779 0.004203 0.066368 0.013649 -0.271545 0.137233 0.031256 -0.017363 0.135902 -0.200397 -0.221320 0.249299 0.065444 -0.229352 -0.001151 0.050737 -0.264672 -0.099823 -0.093173 0.228742 0.129192 0.047607 -0.307724
0.263297 0.388087 -0.335976 0.067840 -0.032546 -0.074392 -0.230769 -0.072010 0.140419 0.113313 -0.130036 0.088984 -0.166447 -0.057034 0.194861 0.100258 0.235661 0.342397 0.087791 1.000000 -0.297304 -0.233946 -0.189741 0.007869 -0.175258 -0.048194 -0.007954 -0.066847 -0.097190 0.093058 -0.176316 -0.222429 0.406982 0.501577 -0.246029 -0.127905 -0.232680 -0.274635 -0.368739 -0.227884 0.007539 -0.329273 0.017472 -0.232530 -0.069448 -0.304369 0.159285 0.029868 0.006985 0.166096 -0.042718 0.213914 0.087873 0.268111 -0.172210 -0.057192 0.244122 0.334512 -0.120286 -0.098996 0.033948 -0.157280 0.049045 0.031084 -0.127677 -0.323640 -0.369703 -0.288112 0.527370 0.407236 -0.176674 -0.268654 0.024938 0.010741 0.152965 -0.175119 -0.212298 -0.381384 0.259603 0.012753 0.073042 0.121066 -0.019142 -0.031243 -0.247188 -0.110331 -0.120068 0.093506 0.228117 0.189034 -0.009271 -0.062958 -0.103101 0.173566 -0.288542 -0.249679 -0.178656 -0.094787 -0.093794 -0.133442 -0.029966 0.080373 0.347550 0.359350 -0.202425 -0.362282 -0.267647 -0.258118 -0.122172 -0.074201 -0.083083 0.076728 0.132702 -0.355487 -0.241878 -0.065444
-0.509392 -0.280567 0.222454 0.247973 0.175174 0.275564 0.136915 0.148844 -0.021247 0.002063 -0.004681 -0.037933 0.012285 -0.042432 0.112499 -0.050909 -0.282409 -0.274346 -0.167649 -0.297304 1.000000 0.261514 0.269103 0.365384 0.467889 0.581912 0.198538 0.456906 -0.027212 -0.127015 0.513804 0.602092 -0.043049 0.171155 0.354261 0.092729 0.065862 0.311312 0.175446 0.236650 0.009670 0.275216 -0.292980 0.124273 -0.183073 0.046755 -0.410794 -0.113008 -0.425988 -0.355472 -0.241505 -0.490379 -0.316996 -0.431029 -0.152673 -0.257973 -0.005359 -0.053053 -0.163361 -0.346456 -0.177608 -0.036333 -0.378744 -0.329590 0.328604 0.479247 0.096013 0.227922 0.058989 0.105745 0.102899 0.461081 -0.248787 0.078839 -0.061741 0.272925 0.015585 0.394283 -0.009696 0.152992 -0.067508 0.031257 0.143142 0.253197 0.057666 0.143630 0.117208 0.122896 -0.108040 -0.200829 -0.039801 -0.057873 0.218292 -0.191700 0.384980 0.015623 0.125075 0.050922 -0.297216 -0.307349 -0.022623 -0.159239 -0.165682 -0.127916 -0.223708 0.146213 -0.040691 -0.004746 -0.006402 0.172724 0.293429 -0.240678 -0.239630 0.054579 0.025205 0.055529
-0.430807 -0.240130 0.122565 0.221353 0.052124 -0.009173 -0.101281 0.174242 -0.044680 -0.059444 -0.209281 -0.340641 -0.259381 -0.332961 -0.024557 -0.140901 -0.198775 -0.300480 -0.347201 -0.233946 0.261514 1.000000 0.174811 0.236264 0.288002 0.411606 0.139213 0.247755 -0.098844 -0.344601 0.355714 0.403827 -0.204198 0.004925 0.223271 0.181239 -0.124124 0.187474 0.372026 0.630593 0.286799 0.052570 0.145370 0.229699 0.230522 0.261612 -0.016604 0.316440 -0.057497 0.006461 0.009388 -0.207064 -0.202422 -0.044737 -0.006147 0.214406 -0.158469 -0.179747 -0.149234 -0.056392 -0.285106 -0.051928 -0.395069 -0.192812 0.146043 0.285723 0.049919 0.329887 -0.176270 -0.031819 -0.099828 0.354480 -0.311806 -0.311036 -0.382787 -0.103374 -0.205994 0.107749 -0.149437 -0.275320 -0.156114 -0.256031 0.025049 0.100463 0.041476 0.100228 0.054876 -0.154063 -0.168146 0.065939 0.124953 -0.067399 0.132135 -0.027159 -0.155288 0.085647 0.262708 0.426599 0.150976 0.045676 0.056664 -0.240067 -0.024099 -0.005684 -0.329007 -0.192078 0.511680 0.185102 0.234717 0.354171 0.259679 -0.115345 -0.081926 0.005494 -0.038320 0.105301
-0.297068 -0.530701 0.447764 0.373817 0.060192 0.102143 0.416107 0.121621 0.043875 -0.158314 0.408046 -0.075003 0.143533 -0.254633 0.561167 -0.137987 -0.154705 -0.423941 0.151736 -0.189741 0.269103 0.174811 1.000000 0.686028 0.311212 0.350421 0.469841 0.666492 -0.028267 -0.378151 0.141179 0.313708 -0.468216 -0.008007 0.356470 0.295897 0.033769 0.296382 0.404318 0.120133 -0.068664 0.253312 -0.032817 0.206190 -0.301865 -0.012040 -0.396074 -0.172607 -0.354633 -0.467839 -0.113069 -0.378386 -0.294880 -0.227962 -0.270054 -0.335372 -0.382814 -0.360150 0.247742 -0.399913 0.127162 -0.440967 -0.495483 -0.495224 0.853960 0.367376 -0.105030 0.234033 -0.240520 -0.047654 0.184547 0.235216 -0.235491 0.001968 0.039941 0.083416 0.063631 0.207690 -0.173510 -0.083753 -0.267266 -0.297923 0.560653 0.400404 0.261966 0.290356 -0.168909 -0.052705 0.210141 -0.189893 -0.076846 0.196999 0.128559 0.286605 0.220898 0.066218 0.033633 0.062302 -0.403351 -0.342963 -0.338883 -0.264581 -0.301199 -0.041541 -0.045598 0.190085 -0.109539 -0.126604 0.068159 0.174794 0.234954 -0.304996 -0.042237 0.162382 0.048907 0.089573
-0.584821 -0.508644 0.315934 0.661682 0.329024 0.407848 0.361135 0.530157 0.114976 0.270465 0.022110 0.143905 -0.062482 0.034588 0.256295 0.276527 -0.343620 -0.398432 -0.168649 0.007869 0.365384 0.236264 0.686028 1.000000 0.440829 0.709470 0.450403 0.647889 -0.243659 -0.300980 0.233168 0.537879 -0.282955 0.195588 0.439427 0.513189 -0.117897 0.237920 0.088179 0.204259 -0.163865 0.177839 -0.018947 0.103557 -0.163750 0.199524 -0.527037 -0.134216 -0.401181 -0.337148 -0.244315 -0.405376 -0.316083 -0.376735 -0.595523 -0.567912 -0.385457 -0.367952 0.027869 -0.599310 -0.036415 -0.256024 -0.581312 -0.597932 0.658821 0.648247 -0.111305 0.443209 -0.100720 0.057095 0.078116 0.370655 -0.366062 -0.100813 -0.105592 0.088004 -0.254852 0.067091 -0.303007 -0.135720 -0.195214 -0.275360 0.273563 0.421919 0.106300 0.502145 -0.223160 0.083220 0.188848 -0.105846 0.098706 0.004795 0.409054 -0.096741 0.069675 -0.220550 -0.189540 -0.014799 -0.576243 -0.610187 -0.246453 -0.455037 -0.091413 0.030823 -0.225350 0.023438 -0.208459 -0.293500 -0.068761 0.035616 0.237092 -0.460158 -0.285273 0.096534 0.073017 0.192081
-0.476006 -0.433695 0.407113 0.302361 0.341229 0.276633 0.260781 0.316462 0.079777 0.135793 -0.035606 -0.047796 -0.017934 -0.055440 0.046329 0.000959 -0.398354 -0.436135 0.055039 -0.175258 0.467889 0.288002 0.311212 0.440829 1.000000 0.554671 0.507873 0.421073 -0.250464 -0.378399 0.406240 0.367913 -0.251244 -0.160996 0.229375 0.230576 -0.243676 0.084154 0.156141 0.064528 -0.300323 0.079105 0.127071 0.222993 0.096530 0.309530 -0.150847 0.168864 -0.095078 -0.104365 -0.072465 -0.176662 -0.208954 0.006523 -0.248637 -0.145529 -0.388397 -0.340999 -0.123677 -0.193578 -0.192665 -0.077718 -0.311031 -0.281037 0.241092 0.325371 0.132935 0.376455 -0.184621 -0.073225 0.207250 0.229859 -0.307437 0.014209 -0.142896 0.102206 -0.031936 0.266322 -0.264127 -0.138180 -0.254362 -0.231642 0.050595 -0.065924 0.050505 0.145066 -0.025255 -0.016829 -0.160027 -0.198280 0.246673 0.099988 0.139595 -0.092854 -0.019381 0.054288 -0.088735 -0.052687 -0.106959 -0.326024 0.037428 -0.291167 0.017183 0.006079 -0.085321 -0.006103 -0.133460 -0.232850 0.050175 0.010037 0.374323 -0.388104 -0.054549 0.072702 0.113571 0.062247
-0.619609 -0.351245 0.105300 0.598428 0.218684 0.600585 -0.029999 0.459783 -0.041715 0.308626 -0.331528 -0.151525 -0.387570 -0.227169 -0.011294 0.049556 -0.324030 -0.460045 -0.317307 -0.048194 0.581912 0.411606 0.350421 0.709470 0.554671 1.000000 0.314390 0.583616 -0.407177 -0.459348 0.347315 0.580223 -0.073823 0.246317 0.483395 0.344918 -0.130474 0.255470 0.035018 0.413171 -0.141131 -0.014677 0.036970 0.232951 -0.125187 0.143286 -0.361319 0.189886 -0.474916 -0.298328 -0.246546 -0.476507 -0.353393 -0.350675 -0.390084 -0.230299 -0.038443 0.026023 -0.228874 -0.386074 -0.381167 -0.203707 -0.579304 -0.644219 0.355913 0.602262 0.144081 0.526811 0.224799 0.364052 -0.167470 0.333939 -0.626074 -0.288523 -0.309923 -0.106142 -0.380011 0.075683 -0.149389 0.064737 -0.185793 -0.103001 -0.001964 0.088980 0.068827 0.406617 0.064626 0.272733 -0.087286 -0.241644 -0.020249 -0.195634 0.366567 -0.348934 0.165207 -0.229772 0.062409 0.208416 -0.420996 -0.343813 -0.218086 -0.473185 -0.138708 0.047729 -0.224073 0.094827 -0.072068 -0.136454 -0.129670 0.201340 0.497630 -0.297752 -0.449918 -0.003146 -0.049495 0.265367
-0.152358 -0.362775 0.551879 0.311836 0.511275 0.314777 0.566589 0.410907 0.249642 0.282906 -0.035301 -0.055249 0.068490 -0.005367 0.275769 0.274738 -0.365490 -0.465110 0.116982 -0.007954 0.198538 0.139213 0.469841 0.450403 0.507873 0.314390 1.000000 0.537953 -0.313318 -0.422535 0.112104 0.145799 -0.362749 -0.194425 -0.007595 0.087610 -0.413710 -0.157188 0.106244 -0.046845 -0.425425 0.071195 -0.015182 -0.117127 -0.244178 -0.019901 -0.330109 -0.237812 -0.130055 -0.296897 -0.051730 -0.061959 -0.141728 0.020997 -0.381986 -0.346065 -0.408788 -0.415569 0.233614 -0.211557 0.093977 -0.200475 -0.352991 -0.215050 0.347327 0.305011 -0.122930 0.220107 -0.196513 -0.095683 0.172723 0.097526 -0.325329 -0.065635 -0.095946 -0.011216 -0.213530 -0.088971 -0.472369 -0.382968 -0.331061 -0.496480 0.101794 0.235166 0.088863 0.203095 -0.302372 -0.236916 0.192500 0.058872 0.412990 0.466491 0.191212 0.275936 -0.073571 -0.012082 -0.351973 -0.016471 -0.119430 -0.248816 -0.151860 0.091315 0.095964 0.315592 0.000014 0.184663 -0.195658 -0.220034 0.009546 -0.175927 -0.064388 -0.398880 0.011930 -0.125263 0.137427 -0.084244
-0.259351 -0.387280 0.220699 0.370026 0.109015 0.472080 0.229636 0.133744 0.021200 0.119035 0.217721 -0.095102 -0.041474 -0.261032 0.487034 0.030137 -0.167526 -0.450823 0.011909 -0.066847 0.456906 0.247755 0.666492 0.647889 0.421073 0.583616 0.537953 1.000000 -0.301436 -0.433179 0.153849 0.317021 -0.241932 0.034409 0.208930 0.215308 -0.093174 0.195431 0.110584 0.092257 -0.292034 0.061038 0.017426 0.141418 -0.269560 -0.007708 -0.301030 -0.036442 -0.342936 -0.371322 -0.123341 -0.404526 -0.201319 -0.215458 -0.270354 -0.328169 -0.185009 -0.198064 0.097106 -0.415585 -0.194468 -0.382898 -0.510400 -0.628066 0.562991 0.401757 -0.115119 0.243982 0.061968 0.107204 0.076763 0.330771 -0.421592 -0.134334 -0.091648 0.089569 -0.127227 0.053203 -0.161145 -0.008172 -0.086588 -0.158388 0.449885 0.289513 0.328027 0.468746 -0.044274 0.156954 0.114277 -0.213921 0.071051 0.149236 0.241632 0.086513 0.312480 -0.117107 -0.032122 0.058482 -0.360921 -0.382949 -0.148006 -0.292454 -0.177863 0.125256 -0.018809 0.114279 -0.294686 -0.285645 -0.078638 -0.006296 0.372258 -0.265315 -0.184513 -0.047981 -0.038567 0.018412
-0.053176 -0.058239 -0.100909 -0.385048 -0.116223 -0.508590 0.005055 -0.286269 -0.049769 -0.267506 0.211050 -0.040041 0.206139 0.074301 -0.058581 -0.179216 0.258352 0.496778 0.197605 -0.097190 -0.027212 -0.098844 -0.028267 -0.243659 -0.250464 -0.407177 -0.313318 -0.301436 1.000000 0.551695 0.369656 0.179957 0.149199 0.183328 -0.231042 -0.164584 0.243580 0.312577 0.232873 -0.032908 0.491834 0.342969 -0.309628 -0.097218 0.177339 -0.035647 -0.001190 -0.307666 0.063237 0.068671 -0.222611 -0.086390 -0.127210 -0.130828 0.091391 0.020667 0.022519 0.047035 -0.115884 -0.198219 0.244852 0.076660 0.209111 0.287386 0.015406 -0.285881 -0.251501 -0.383562 -0.153030 -0.111769 -0.022765 0.019158 0.684242 0.088093 0.175876 0.120051 0.145001 0.075503 0.267521 0.340814 0.374886 0.399294 0.155980 0.183693 -0.135175 -0.105236 0.045767 -0.089358 0.033951 -0.072569 -0.231444 -0.123624 -0.327311 0.071477 0.138746 -0.009059 0.095681 -0.163036 0.013222 0.100849 -0.093354 0.209672 0.022780 -0.372033 -0.119807 -0.085416 0.057327 0.260622 -0.168504 0.057171 -0.258686 0.270431 0.276130 -0.055870 -0.072091 -0.147905
0.014566 0.176845 -0.287456 -0.369082 -0.142998 -0.420759 -0.100515 -0.283654 0.013048 -0.139553 0.027872 0.433406 0.210787 0.407191 -0.125248 0.214230 0.151090 0.553861 -0.008509 0.093058 -0.127015 -0.344601 -0.378151 -0.300980 -0.378399 -0.459348 -0.422535 -0.433179 0.551695 1.000000 0.172276 0.060069 0.377994 0.181840 -0.260929 -0.292173 0.328514 0.127338 -0.125602 -0.201039 0.512986 0.268050 -0.175155 -0.092247 0.229503 0.004752 0.178728 -0.219257 0.245822 0.349902 -0.222682 0.156146 -0.003251 -0.054731 -0.055310 0.007529 0.066946 0.066075 -0.039557 -0.005687 0.256407 0.255145 0.315908 0.356522 -0.303762 -0.302540 -0.283077 -0.472694 -0.003477 -0.183968 0.124718 0.019166 0.711101 0.300758 0.369772 0.332463 0.290826 0.091017 0.363067 0.318754 0.321683 0.452816 -0.108793 0.215958 -0.265782 -0.184704 -0.209877 -0.012514 -0.123523 0.001462 -0.296880 -0.258434 -0.316799 -0.100850 -0.121723 -0.020056 -0.033319 -0.329809 0.075411 0.198330 -0.066401 0.016921 0.097390 -0.314285 -0.130756 -0.297718 -0.076267 -0.027858 -0.059035 0.039831 -0.330750 0.201551 0.241499 -0.132244 -0.020764 -0.108168
-0.516645 -0.321443 0.099937 0.070299 0.111859 -0.113055 0.068510 0.090127 -0.110852 -0.084660 -0.105367 0.034919 0.078524 0.051897 -0.062692 0.040546 -0.177326 -0.100154 -0.080804 -0.176316 0.513804 0.355714 0.141179 0.233168 0.406240 0.347315 0.112104 0.153849 0.369656 0.172276 1.000000 0.806018 0.017114 0.221671 0.167129 0.002499 0.068288 0.416768 0.412587 0.344785 0.268794 0.303340 -0.247763 0.089722 0.006758 0.011819 -0.219959 -0.145431 -0.250189 -0.149941 -0.448286 -0.343307 -0.389917 -0.285387 -0.234888 -0.165856 -0.101556 -0.061156 -0.242994 -0.190791 -0.163892 0.051987 -0.430746 -0.241470 0.158813 0.232754 -0.164375 -0.031156 0.007873 0.079605 0.101293 0.480491 0.094762 -0.087198 -0.106109 0.190925 -0.069750 0.358172 0.138139 0.179101 0.043106 0.104996 0.182221 0.227500 -0.029187 0.100152 0.040883 -0.021638 -0.060997 -0.078425 -0.158830 -0.199911 -0.201069 -0.234996 0.146908 0.017531 0.193442 0.075678 -0.263584 -0.170142 -0.365108 -0.190117 -0.071288 -0.271698 -0.432593 -0.106016 0.112165 0.109537 0.000821 0.252790 0.097345 -0.217024 -0.082270 -0.049451 -0.054979 0.100382
-0.696376 -0.505160 0.093755 0.413552 0.165468 0.156565 0.129193 0.323714 -0.097527 0.066756 -0.187821 -0.040010 -0.077160 -0.009039 -0.110162 0.163302 -0.269738 -0.294793 -0.210438 -0.222429 0.602092 0.403827 0.313708 0.537879 0.367913 0.580223 0.145799 0.317021 0.179957 0.060069 0.806018 1.000000 -0.065952 0.277236 0.404766 0.289736 0.141045 0.541104 0.365573 0.438587 0.193170 0.448089 -0.217925 0.170913 0.011836 0.195475 -0.416194 -0.126065 -0.432124 -0.230996 -0.470753 -0.491617 -0.462019 -0.525302 -0.421797 -0.288764 -0.141357 -0.185022 -0.276817 -0.409325 -0.251180 -0.125808 -0.527525 -0.435632 0.286171 0.458807 -0.055065 0.209630 -0.054917 0.030690 0.052440 0.555587 -0.066926 -0.053878 -0.101146 0.213423 -0.147093 0.382765 -0.047587 0.079689 -0.049729 0.003534 0.168905 0.416714 -0.017318 0.327988 -0.027390 0.178037 -0.131551 -0.154278 -0.131630 -0.221327 0.048608 -0.396374 0.246642 -0.053415 0.089056 0.128720 -0.366457 -0.266665 -0.414824 -0.349428 -0.129122 -0.296856 -0.419301 0.031358 0.039142 0.064275 -0.006255 0.193176 0.212911 -0.307960 -0.284560 -0.005363 0.051146 0.265890
0.025670 0.352042 -0.368268 -0.132396 -0.255405 -0.163564 -0.375524 -0.105448 -0.192498 -0.083440 -0.422068 0.110292 -0.259772 0.003422 -0.295517 -0.104865 0.048513 0.645615 -0.191738 0.406982 -0.043049 -0.204198 -0.468216 -0.282955 -0.251244 -0.073823 -0.362749 -0.241932 0.149199 0.377994 0.017114 -0.065952 1.000000 0.601615 -0.114381 -0.154554 0.064682 -0.067836 -0.387858 -0.144549 0.290366 -0.124568 0.011205 0.008102 0.235086 -0.065051 0.243061 0.203775 0.182014 0.366455 0.010301 0.266720 -0.217320 0.045572 -0.084605 0.181736 0.268790 0.386094 -0.360800 -0.119995 -0.110734 -0.133378 0.177308 0.162946 -0.342635 -0.220768 0.112994 -0.125743 0.398614 0.292539 -0.202965 -0.114794 0.252241 0.003996 0.102602 -0.042785 -0.225162 -0.279160 0.328143 0.313182 0.205198 0.359648 -0.254106 -0.017477 -0.270535 -0.028288 -0.076687 0.166921 -0.235800 -0.235667 -0.319448 -0.360909 -0.259013 -0.335852 -0.080573 -0.207625 0.025459 -0.139691 0.058964 0.050157 -0.035717 -0.041017 0.140561 -0.086023 -0.198396 -0.326953 -0.083332 -0.029206 -0.225367 0.033835 -0.037115 0.357651 -0.034125 -0.334652 -0.227392 -0.026556
-0.116736 0.230008 -0.311303 0.237777 -0.215991 -0.026921 -0.391364 -0.052586 -0.154033 -0.101043 -0.301782 0.007472 -0.296158 -0.204464 -0.038163 -0.142592 0.066556 0.320952 -0.258524 0.501577 0.171155 0.004925 -0.008007 0.195588 -0.160996 0.246317 -0.194425 0.034409 0.183328 0.181840 0.221671 0.277236 0.601615 1.000000 0.273062 0.148217 -0.046286 0.137934 -0.107744 0.193651 0.340972 -0.118421 -0.112703 0.006971 -0.081424 -0.137620 -0.230257 0.071173 -0.368941 -0.091151 -0.437104 -0.243493 -0.424922 -0.308489 -0.326409 -0.101876 0.341802 0.469610 -0.313583 -0.353857 -0.104093 -0.284596 -0.255769 -0.259198 0.101586 0.070926 0.026936 0.067429 0.563863 0.638214 -0.311290 0.050877 -0.060220 -0.265885 -0.135548 -0.185365 -0.356732 -0.080317 0.367103 0.430720 0.183302 0.337998 0.125423 0.316470 -0.210472 0.106666 -0.042442 0.270148 0.036450 -0.243936 -0.520011 -0.524360 -0.149383 -0.236540 0.090567 -0.159188 0.137828 0.160616 -0.470907 -0.228483 -0.304307 -0.248713 0.061445 0.014806 -0.474502 -0.283129 -0.060056 -0.114214 -0.176531 0.299167 0.183684 0.079671 -0.114905 -0.163816 -0.268270 0.202111
-0.391510 -0.150771 0.110634 0.514883 0.009007 0.336366 -0.015421 0.233904 -0.139386 -0.003882 -0.174233 -0.062738 -0.405124 -0.222546 -0.149503 -0.174018 -0.270806 -0.454771 -0.127914 -0.246029 0.354261 0.223271 0.356470 0.439427 0.229375 0.483395 -0.007595 0.208930 -0.231042 -0.260929 0.167129 0.404766 -0.114381 0.273062 1.000000 0.652404 0.095302 0.401986 0.227071 0.312598 -0.078727 0.193636 0.077473 0.368523 -0.112127 0.293782 -0.462028 0.101696 -0.501544 -0.294728 -0.293377 -0.490541 -0.383174 -0.422706 -0.210853 -0.102232 -0.059306 -0.016820 -0.187919 -0.229485 -0.305237 -0.156744 -0.494781 -0.542858 0.411028 0.629162 0.370894 0.454915 0.049178 0.161218 -0.003291 0.292100 -0.433598 -0.084246 -0.103628 0.101746 -0.026853 0.358958 -0.142864 0.094545 -0.271427 -0.167047 -0.033840 0.164060 0.164700 0.424903 -0.008220 0.281955 -0.229109 -0.346792 -0.387631 -0.352694 0.186249 -0.434220 0.208867 0.050996 0.117495 0.239218 -0.450063 -0.197794 -0.358114 -0.528888 -0.368745 -0.091887 -0.026020 0.186151 0.061717 0.000073 0.002554 0.163735 0.410688 -0.211583 -0.328366 0.435379 0.075816 0.215106
-0.398435 -0.169351 0.024245 0.500781 0.097284 0.305605 0.045000 0.357001 -0.253372 0.080039 -0.129996 -0.005856 -0.362848 -0.102799 -0.229088 0.071979 -0.404112 -0.377712 -0.184850 -0.127905 0.092729 0.181239 0.295897 0.513189 0.230576 0.344918 0.087610 0.215308 -0.164584 -0.292173 0.002499 0.289736 -0.154554 0.148217 0.652404 1.000000 0.023690 0.307992 0.095539 0.154365 -0.204073 0.305204 0.174905 0.276388 0.205980 0.623668 -0.374986 0.115782 -0.159846 -0.046938 -0.093070 -0.225822 -0.097865 -0.290487 -0.329814 -0.317928 -0.280449 -0.215605 -0.065367 -0.280005 -0.181279 -0.091280 -0.373922 -0.456270 0.251638 0.550867 0.301283 0.554072 -0.165470 0.021145 -0.080177 0.200486 -0.375213 -0.093983 -0.159021 0.045232 -0.136578 0.133924 -0.356732 -0.130132 -0.218112 -0.328297 0.041160 0.307039 -0.033042 0.401546 -0.218470 0.232552 -0.147991 -0.279495 -0.019232 -0.208132 0.306140 -0.430427 0.156741 -0.127563 -0.116700 -0.003331 -0.352801 -0.396825 -0.060628 -0.558240 -0.155425 -0.109496 0.110730 0.049022 -0.035442 -0.145057 -0.103649 -0.135699 0.284274 -0.197460 -0.124190 0.396364 0.065416 0.041498
