1.000000 0.021081 0.516421 0.422717 -0.043630 0.497889 0.283404 0.201491 0.572218 0.375184 0.258361 0.359013 0.015123 0.215225 0.418603 0.351085 -0.138935 -0.255652 0.571765 0.098815 -0.042593 -0.057624 0.469137 0.516671 0.090923 0.378604 0.229851 0.330402 -0.155856 -0.133863 -0.049080 -0.077119 0.093321 0.123116 0.156101 -0.178060 -0.497003 -0.347087 -0.016952 -0.064055 -0.125255 -0.072827 0.189200 -0.024546 0.032742 0.079537 -0.250900 -0.419390 0.086593 -0.136909 0.100643 0.238317 -0.328894 -0.157204 -0.373064 -0.423030 0.368645 -0.342999 0.323263 -0.346848 0.246682 -0.081648 0.078877 -0.226866 0.304747 0.177845 -0.292150 -0.137944 -0.073986 -0.192503 -0.130381 -0.120075 -0.316039 -0.131613 -0.083660 -0.015350 -0.030545 0.191199 -0.286316 0.089294 -0.341747 -0.423161 -0.146471 0.052633 -0.022359 -0.256289 0.010414 -0.138995 0.127690 -0.062650 -0.607542 0.022999 -0.255962 0.277822 -0.098904 0.305389 -0.144835 -0.121741 -0.525292 -0.050125 -0.168358 0.419375 0.068243 0.259694 -0.150897 0.300991 -0.113385 -0.119285 0.253231 0.280018 -0.083394 -0.358901 -0.199879 0.210487 -0.143750 -0.034459
0.021081 1.000000 -0.156421 0.056014 -0.161553 -0.193903 -0.003206 0.149061 0.189844 0.206077 -0.100060 0.137169 -0.004004 0.133466 -0.093332 -0.043743 0.176986 0.185181 0.154527 0.206183 -0.295159 -0.322106 -0.032013 -0.136933 -0.195044 -0.359936 -0.188617 -0.218352 -0.099710 0.162749 -0.231674 -0.410119 0.356973 0.109607 -0.266779 -0.146419 -0.210902 -0.130952 -0.417170 -0.205513 -0.290374 -0.260843 0.116011 -0.087824 0.022987 -0.041853 0.038791 -0.306188 0.209066 0.127768 -0.074098 0.161019 -0.096840 0.109499 -0.235754 -0.132006 0.172559 0.382425 0.368929 0.449719 0.185690 0.492303 -0.115389 0.333096 -0.336097 0.125550 0.259433 -0.144505 0.128366 0.337664 -0.114335 -0.164928 -0.054954 0.014882 -0.091287 -0.031829 0.013209 0.042753 0.060608 0.250721 0.016813 0.106511 0.085972 -0.024719 -0.251701 -0.517435 0.059615 0.061358 -0.042077 -0.018915 -0.199752 -0.318083 -0.171724 -0.175385 -0.140013 0.123587 -0.058873 0.073326 -0.059035 -0.261128 -0.097743 -0.078986 0.202393 0.028009 0.010371 -0.119419 -0.069414 -0.131265 0.128053 0.078908 -0.129025 -0.209482 0.001023 0.152377 0.196709 -0.055359
0.516421 -0.156421 1.000000 0.687892 0.209544 0.546316 0.623244 0.463721 0.594313 0.462941 0.099691 0.160398 0.026888 0.223485 0.432470 0.443546 -0.361174 -0.314051 0.627083 0.203439 0.035294 -0.033632 0.796522 0.709605 0.267818 0.463848 0.263791 0.421101 -0.216332 -0.295153 0.141759 0.238443 0.105817 0.211745 0.285241 -0.009671 -0.456118 -0.422409 0.095400 0.153284 -0.273805 -0.147322 -0.020693 -0.106559 -0.014898 0.244860 -0.528280 -0.452313 -0.092605 -0.202814 0.228840 0.041612 -0.386442 -0.306621 -0.375878 -0.448459 0.053789 -0.398509 -0.060613 -0.395718 -0.046592 -0.409713 -0.239481 -0.456507 0.540729 -0.119870 -0.199263 0.191082 -0.046491 -0.140302 -0.058478 -0.115745 -0.407476 -0.324623 -0.267950 -0.223246 -0.269366 -0.063176 -0.462002 -0.311742 -0.590234 -0.578576 -0.006008 0.228282 -0.253213 -0.183936 0.075295 -0.197484 0.152180 0.055410 -0.313783 0.086003 -0.165137 0.338518 0.040634 0.092113 -0.289415 -0.198300 -0.641111 -0.259896 -0.039684 0.480811 -0.048036 0.347037 0.128673 0.195370 0.081331 0.138333 0.003043 0.064402 -0.126048 -0.523280 -0.469013 0.113564 -0.188615 0.044031
0.422717 0.056014 0.687892 1.000000 0.299620 0.496451 0.617497 0.701933 0.447218 0.617660 0.115318 0.360183 0.056986 0.388191 0.346778 0.542164 -0.136891 -0.098703 0.764629 0.388262 0.267563 0.177245 0.751761 0.787233 0.489240 0.490169 0.461253 0.369533 -0.022473 0.038911 0.440875 0.441478 0.244459 0.415272 -0.072093 -0.314437 -0.530111 -0.412870 -0.107193 -0.004695 -0.043844 0.126521 0.002759 -0.284015 -0.067152 -0.027481 -0.380946 -0.487125 -0.353141 -0.260333 -0.026987 -0.069714 -0.372877 -0.033369 -0.368625 -0.357009 0.024749 -0.333859 -0.247122 -0.494216 -0.110140 -0.294779 -0.318685 -0.345302 0.411913 -0.146220 -0.412669 -0.254716 -0.098099 -0.181536 0.217395 0.244901 -0.214496 0.085892 -0.053098 0.052711 -0.210873 0.122246 -0.423877 -0.186206 -0.545423 -0.442603 -0.025234 0.227909 -0.395433 -0.246778 0.183314 -0.163680 0.067288 -0.120686 -0.404564 -0.205750 -0.164957 0.166812 -0.150665 0.244817 -0.341187 -0.230115 -0.539828 -0.259104 -0.189383 0.334248 -0.275795 0.175756 -0.095967 0.015491 -0.011914 0.023997 0.055480 0.261743 -0.324421 -0.444372 -0.197507 0.172015 -0.015348 0.129906
-0.043630 -0.161553 0.209544 0.299620 1.000000 0.533970 0.147409 0.274604 0.195026 0.121197 0.195866 0.148715 0.147873 0.133960 -0.171037 0.174502 -0.072344 -0.093933 0.119252 0.156416 0.029181 0.268567 0.233916 0.202303 0.591017 0.434380 0.266113 0.307902 0.005137 -0.014338 0.341826 0.439115 -0.155054 0.083242 -0.062966 -0.092889 0.020389 -0.032148 0.189149 0.013527 0.232649 0.143537 -0.359263 -0.399376 -0.506699 -0.271369 -0.199295 -0.240633 -0.377078 -0.347123 -0.366905 -0.206812 -0.245386 -0.019774 -0.103729 -0.057607 -0.040231 -0.036291 -0.350364 -0.234569 -0.243803 -0.318963 -0.056534 -0.205213 0.047825 0.035225 -0.156237 -0.036289 0.238541 -0.042950 0.267239 0.202950 0.000641 -0.009429 0.087412 0.014352 -0.144244 0.079292 -0.144759 -0.285055 -0.038176 -0.211152 0.036915 -0.123015 -0.032615 0.136973 0.127004 0.212206 -0.065829 -0.115295 0.035399 0.382180 0.381578 0.298790 -0.076595 0.088374 -0.185005 -0.165293 -0.073783 0.097421 0.332403 0.226113 -0.040214 0.158280 0.064157 0.102818 -0.350785 -0.151990 -0.082887 0.146547 -0.205309 0.024163 -0.171261 -0.029934 -0.211936 -0.115109
0.497889 -0.193903 0.546316 0.496451 0.533970 1.000000 0.206369 0.321901 0.416857 0.285499 0.307593 0.290257 0.087838 0.150124 0.298930 0.520043 -0.204381 -0.483812 0.366206 0.109967 -0.016073 0.249981 0.533321 0.606089 0.427464 0.676851 0.330513 0.585425 -0.167926 -0.256348 0.228592 0.251987 -0.266288 -0.036759 0.235911 0.004273 -0.262946 -0.226329 0.310446 0.184991 0.025781 0.210823 -0.241816 -0.254593 -0.299980 0.068855 -0.360068 -0.376703 -0.134672 -0.346949 -0.140543 0.012481 -0.377272 -0.353492 -0.196830 -0.264040 0.238982 -0.325954 -0.043518 -0.519434 -0.318476 -0.419794 -0.219807 -0.575016 0.263297 0.157998 -0.284027 0.049393 0.218917 -0.009829 0.196238 0.116108 -0.273816 -0.016633 -0.040694 0.036513 -0.124625 0.078532 -0.190957 -0.279607 -0.303258 -0.616933 -0.007871 -0.171861 0.041205 -0.088293 0.130499 0.012430 0.288814 0.098181 -0.270622 0.342677 0.295954 0.426263 0.000871 0.231693 -0.120016 -0.277033 -0.313816 0.142648 0.083551 0.422726 0.054370 0.366436 0.027819 0.124513 -0.276696 -0.222420 0.024702 0.300061 -0.039134 -0.217034 -0.335074 0.141989 -0.459596 -0.134450
0.283404 -0.003206 0.623244 0.617497 0.147409 0.206369 1.000000 0.620681 0.228934 0.417343 0.223419 0.364984 0.322475 0.611038 0.443579 0.463826 0.084284 0.209161 0.558418 0.126345 0.401933 -0.012398 0.655802 0.458550 0.227817 0.243750 0.535115 0.241730 0.223121 0.218737 0.507071 0.478395 0.351087 0.458983 -0.040203 -0.399969 -0.369541 -0.407066 -0.290182 -0.287638 -0.094269 -0.245072 -0.004040 -0.121626 -0.091252 -0.057881 -0.195408 -0.380611 -0.297066 -0.097655 0.001495 -0.148728 -0.293798 -0.005066 -0.306512 -0.396460 -0.216086 -0.483591 -0.166995 -0.263797 0.114930 -0.373710 -0.178355 -0.263592 0.259370 -0.373738 -0.324210 -0.081328 -0.136868 -0.075321 0.214343 0.159069 0.106923 0.044359 0.016903 -0.005481 0.119295 0.163272 -0.210582 -0.098665 -0.336803 -0.206170 -0.031470 0.351420 -0.369887 -0.159223 -0.036525 -0.330047 -0.111872 -0.271697 -0.357731 -0.300545 -0.349939 -0.136480 -0.378194 -0.051626 -0.293496 -0.305671 -0.429901 -0.486459 -0.227526 0.146467 -0.220847 -0.155866 -0.217345 -0.174631 -0.015079 0.010525 0.030650 0.186364 -0.191921 -0.397286 -0.241186 0.108624 -0.063406 -0.202995
0.201491 0.149061 0.463721 0.701933 0.274604 0.321901 0.620681 1.000000 0.384270 0.725105 0.063007 0.571882 -0.012290 0.556419 0.188141 0.330280 0.015177 0.152773 0.497066 0.288439 0.264563 -0.113313 0.498094 0.560302 0.252290 0.103487 0.321275 -0.023391 -0.044926 0.209794 0.318453 0.357092 0.274162 0.600868 -0.189673 -0.157033 -0.252010 -0.310129 -0.447396 -0.101536 -0.261998 0.036600 0.046241 -0.134378 -0.081192 0.028977 -0.430422 -0.291750 -0.238256 -0.042942 -0.232362 -0.081461 -0.340092 -0.118186 -0.486465 -0.556729 -0.000020 -0.209213 -0.212983 -0.244336 -0.016634 -0.105173 -0.305591 -0.299607 0.217026 0.102710 -0.228035 -0.076906 -0.155055 -0.168362 0.197593 0.109998 -0.116746 0.063799 -0.025267 -0.049775 -0.013101 0.147737 -0.165683 -0.121364 -0.421546 -0.119555 -0.261576 0.279968 -0.436929 -0.278312 -0.153374 -0.372128 -0.321544 -0.257358 -0.180474 -0.217410 -0.063463 0.010951 -0.237585 0.015220 -0.417191 -0.451256 -0.551289 -0.512696 -0.139947 0.086684 -0.416403 -0.190610 -0.169794 -0.172014 -0.031217 -0.053690 -0.087802 0.104991 -0.263212 -0.253382 -0.062115 0.094279 -0.009124 -0.034610
0.572218 0.189844 0.594313 0.447218 0.195026 0.416857 0.228934 0.384270 1.000000 0.614067 0.038906 0.213748 -0.116294 0.098004 0.221184 0.249890 -0.331600 -0.295510 0.526397 0.264987 -0.228569 -0.189329 0.444913 0.457815 0.080872 0.101666 -0.013074 0.112176 -0.396318 -0.214674 -0.221013 -0.154303 0.084019 0.146019 0.084696 0.056196 -0.247288 -0.406084 0.046746 0.206553 -0.326222 -0.149713 0.105976 -0.117332 -0.091523 0.143935 -0.541122 -0.399373 0.049388 -0.144172 -0.006596 0.126563 -0.227700 -0.195376 -0.331723 -0.498377 0.327518 -0.069376 0.192034 -0.180743 0.079324 -0.052886 0.003221 -0.248251 0.204710 0.085503 -0.007278 0.042019 0.175355 -0.092048 -0.209496 -0.286088 -0.492547 -0.357817 -0.283606 -0.144002 -0.304464 -0.039882 -0.388298 -0.126848 -0.441974 -0.373192 -0.251005 -0.038712 -0.141338 -0.252613 -0.128848 -0.189158 0.010202 0.035224 -0.190102 0.194341 -0.046364 0.405356 0.122826 0.115169 -0.307005 -0.167984 -0.537630 -0.152353 0.030851 0.397247 0.085317 0.299264 0.229410 0.247036 0.113630 0.113184 -0.020284 0.015710 -0.241761 -0.382572 -0.311373 0.175820 -0.118357 0.061624
0.375184 0.206077 0.462941 0.617660 0.121197 0.285499 0.417343 0.725105 0.614067 1.000000 -0.017094 0.402566 -0.133111 0.308956 0.076991 0.194634 -0.091298 -0.044884 0.526566 0.339274 0.241203 -0.204616 0.368900 0.503111 0.268058 0.088123 0.210219 -0.157597 -0.188323 0.046469 0.102607 0.116304 0.330796 0.560988 -0.118668 -0.015266 -0.367403 -0.536309 -0.380273 0.012920 -0.301752 -0.040964 0.155638 -0.133233 0.050971 0.075545 -0.543410 -0.377621 -0.133737 -0.031025 -0.117644 0.068392 -0.330891 -0.121147 -0.480176 -0.651188 0.296594 -0.130263 0.000731 -0.203769 0.159606 0.124464 0.021923 -0.086695 0.254291 0.172700 -0.147752 -0.118205 -0.056503 -0.283589 -0.028087 -0.056373 -0.273630 -0.159568 -0.093417 -0.052289 -0.222814 0.041231 -0.281957 -0.037094 -0.360526 -0.096900 -0.452399 0.270083 -0.379877 -0.222991 -0.228955 -0.476781 -0.245361 -0.198434 -0.273532 -0.152324 -0.168979 0.144807 -0.178757 0.072437 -0.513718 -0.380763 -0.635170 -0.488047 -0.269091 0.195908 -0.279797 -0.066048 -0.103920 -0.162310 0.237496 0.131771 -0.026267 0.138365 -0.286532 -0.424763 -0.055900 0.135233 -0.069248 -0.001651
0.258361 -0.100060 0.099691 0.115318 0.195866 0.307593 0.223419 0.063007 0.038906 -0.017094 1.000000 0.432753 0.687985 0.551089 0.220732 0.295562 0.466026 0.013874 0.009683 0.204431 0.208205 0.139165 0.293983 0.106867 0.197167 0.216465 0.368639 0.309883 0.652396 0.348627 0.330655 0.307657 -0.401190 -0.135079 -0.130123 -0.244534 0.074624 -0.030197 0.234375 -0.091960 0.259521 -0.010655 -0.337259 -0.293300 -0.485518 -0.356220 0.269980 -0.251503 -0.456660 -0.424484 -0.474044 -0.439749 -0.227001 0.045813 0.170590 0.045357 -0.316216 -0.414152 -0.178138 -0.439797 -0.169474 -0.522571 -0.211603 -0.455476 -0.095917 -0.261111 -0.660411 -0.379512 0.081711 -0.074076 0.411225 0.195338 0.517410 0.270397 0.434835 0.420790 0.398242 0.309815 0.275919 0.169839 0.318592 -0.062575 0.291635 0.079538 0.459570 0.052320 0.101081 -0.091196 0.304226 -0.306075 -0.087100 0.130862 0.121879 0.020020 -0.268905 0.203945 0.161886 0.025056 0.212603 0.185266 -0.167388 -0.115132 0.096750 -0.279318 -0.223551 0.184304 -0.493222 -0.406964 0.361760 0.478253 0.374042 0.346577 0.256129 0.353880 -0.138631 -0.246455
0.359013 0.137169 0.160398 0.360183 0.148715 0.290257 0.364984 0.571882 0.213748 0.402566 0.432753 1.000000 0.223092 0.688340 0.052700 0.105214 0.404252 0.270519 0.310251 0.128379 0.344412 -0.138973 0.473066 0.492391 0.359257 0.169849 0.254908 0.097450 0.315760 0.474709 0.342649 0.289313 0.214094 0.306438 -0.213639 -0.394791 -0.207595 -0.191699 -0.373320 -0.253596 -0.140874 0.039659 0.055238 -0.135630 -0.217699 -0.056440 -0.058643 -0.248127 -0.226363 -0.090693 -0.398125 0.011154 -0.316300 0.214247 -0.353652 -0.317315 0.068608 -0.162689 -0.106167 -0.326298 0.080285 -0.172858 -0.081563 -0.301398 -0.040568 0.055773 -0.273627 -0.376785 0.101994 -0.047318 0.276634 0.206947 0.209346 0.209963 0.251956 0.256735 0.236854 0.180616 0.104534 0.287000 -0.053772 -0.003141 -0.059057 0.111619 -0.051401 -0.273576 0.037732 -0.148906 -0.204582 -0.524644 -0.413974 -0.038438 -0.091012 0.138514 -0.335837 -0.018102 -0.235401 -0.284307 -0.215425 -0.038273 -0.220023 0.181546 -0.457384 -0.304985 -0.567308 0.005593 -0.400038 -0.305454 0.132849 0.147125 -0.138255 0.028603 0.125707 0.108474 0.036318 -0.286035
0.015123 -0.004004 0.026888 0.056986 0.147873 0.087838 0.322475 -0.012290 -0.116294 -0.133111 0.687985 0.223092 1.000000 0.632173 0.363088 0.380229 0.389171 0.116517 0.033487 -0.038967 0.350395 0.316060 0.239970 -0.041535 0.220736 0.218913 0.348612 0.304470 0.729238 0.559037 0.543485 0.382239 -0.334992 -0.236389 -0.243281 -0.329886 0.093789 0.148370 0.164101 -0.152841 0.290971 0.027900 -0.272852 -0.347741 -0.528106 -0.571035 0.404366 -0.215553 -0.433289 -0.500832 -0.442422 -0.449259 0.028634 0.222228 0.383247 0.273837 -0.376735 -0.442499 -0.119899 -0.247709 -0.170717 -0.338557 -0.260141 -0.261813 -0.325151 -0.411864 -0.547606 -0.470441 -0.065622 0.009299 0.565142 0.406436 0.678981 0.449804 0.597317 0.590460 0.343321 0.208996 0.245069 0.201562 0.368732 0.001839 0.374090 0.035214 0.140494 -0.050194 0.067809 -0.069420 0.155220 -0.288875 -0.027778 0.013169 0.013763 -0.102833 -0.166342 0.188821 0.251662 0.151610 0.321292 0.180253 -0.208113 -0.265220 -0.023226 -0.219479 -0.343337 -0.026362 -0.294420 -0.327801 0.205288 0.397977 0.147501 0.238989 0.336728 0.309345 -0.105834 -0.107465
0.215225 0.133466 0.223485 0.388191 0.133960 0.150124 0.611038 0.556419 0.098004 0.308956 0.551089 0.688340 0.632173 1.000000 0.346638 0.397522 0.308413 0.372662 0.250896 0.061715 0.409831 0.080210 0.461162 0.259336 0.212490 0.081208 0.420322 0.070946 0.465590 0.591745 0.517405 0.388084 0.016841 0.236590 -0.310526 -0.350193 -0.201484 -0.168625 -0.384530 -0.330534 -0.052548 -0.020256 -0.124657 -0.177046 -0.286290 -0.276235 0.038729 -0.346558 -0.313406 -0.164673 -0.397231 -0.192234 -0.262637 0.261643 -0.194032 -0.173348 -0.240198 -0.379213 -0.078038 -0.228917 0.105489 -0.248409 -0.298304 -0.232414 -0.190701 -0.235992 -0.464962 -0.372133 -0.064675 0.004070 0.369437 0.305811 0.407455 0.302798 0.332593 0.339950 0.287310 0.271513 0.011367 0.258662 -0.029813 0.036190 0.090866 0.263516 -0.229806 -0.154726 -0.006965 -0.303830 -0.257830 -0.472224 -0.282866 -0.137141 -0.152728 -0.063035 -0.429260 0.120783 -0.201850 -0.162024 -0.171297 -0.225750 -0.304882 -0.121056 -0.236890 -0.288418 -0.508052 -0.166453 -0.304688 -0.332690 0.158185 0.360045 -0.040228 -0.077171 0.179264 0.251641 0.024126 -0.154318
0.418603 -0.093332 0.432470 0.346778 -0.171037 0.298930 0.443579 0.188141 0.221184 0.076991 0.220732 0.052700 0.363088 0.346638 1.000000 0.760282 -0.119607 -0.280906 0.347344 -0.098244 0.043790 0.139301 0.476411 0.328479 -0.184783 0.188300 0.373836 0.363790 0.074558 -0.057353 0.135394 0.110284 -0.132327 -0.051170 0.149574 -0.090711 -0.239877 -0.175402 0.235758 0.043938 -0.028003 0.005738 -0.016554 -0.068113 -0.074172 0.018924 -0.065656 -0.174097 -0.024302 -0.181615 0.055665 -0.027752 -0.094820 -0.188580 0.064793 -0.078219 -0.019902 -0.453855 0.046440 -0.321599 -0.151473 -0.424022 -0.283069 -0.494677 0.153676 -0.195696 -0.309373 -0.008484 -0.132775 0.067335 0.221200 0.037257 -0.042915 0.037676 0.061509 0.101065 0.105375 0.124616 -0.132365 -0.036795 -0.286520 -0.460173 0.161863 0.153980 -0.044809 -0.199621 -0.147668 -0.275150 0.261983 0.102325 -0.214826 -0.056196 -0.127124 0.002098 0.046615 0.245450 0.123229 -0.103050 -0.206180 -0.031526 -0.147001 0.091040 0.125876 0.120193 0.018217 -0.010509 0.076072 -0.070845 0.034517 0.249989 0.090361 -0.156955 -0.046096 0.164894 -0.229619 -0.000439
0.351085 -0.043743 0.443546 0.542164 0.174502 0.520043 0.463826 0.330280 0.249890 0.194634 0.295562 0.105214 0.380229 0.397522 0.760282 1.000000 -0.162008 -0.363424 0.365235 -0.037217 0.014657 0.427646 0.491903 0.363273 0.063136 0.354626 0.538886 0.459936 0.098733 -0.078822 0.324226 0.189076 -0.200997 -0.061109 0.030315 -0.215483 -0.320447 -0.221767 0.186336 -0.063876 0.087346 0.182395 -0.198012 -0.220324 -0.338387 -0.167389 -0.090908 -0.396682 -0.161879 -0.382511 -0.095509 -0.168225 -0.284420 -0.197869 0.010487 -0.050681 -0.001211 -0.466966 -0.006500 -0.337337 -0.193391 -0.397718 -0.272718 -0.444556 0.164151 -0.146479 -0.373268 -0.071217 0.006952 0.206668 0.327431 0.226774 -0.034430 0.123471 0.121938 0.119514 0.009104 0.155953 -0.292176 -0.105015 -0.349225 -0.533333 0.147599 -0.077655 -0.069706 -0.035951 -0.005523 -0.133420 0.263495 0.115790 -0.246704 -0.029833 0.089087 0.019072 -0.157097 0.296573 0.068380 -0.216955 -0.152566 -0.074510 -0.080308 0.068919 0.134991 0.234930 0.006574 -0.037181 -0.100528 -0.225508 0.007691 0.464982 -0.080965 -0.197108 -0.159928 0.150026 -0.327431 -0.015418
-0.138935 0.176986 -0.361174 -0.136891 -0.072344 -0.204381 0.084284 0.015177 -0.331600 -0.091298 0.466026 0.404252 0.389171 0.308413 -0.119607 -0.162008 1.000000 0.498605 -0.028605 0.138921 0.330244 -0.143527 -0.085625 -0.173397 0.115891 -0.073489 0.124905 -0.031707 0.693417 0.572667 0.313728 0.213981 -0.013562 0.110035 -0.373029 -0.519588 0.208123 0.138699 -0.100913 -0.253428 0.209106 -0.094864 -0.028675 -0.035780 -0.183352 -0.333444 0.628961 0.057001 -0.357461 -0.098729 -0.385696 -0.246429 -0.090172 0.309674 0.204891 0.210017 -0.217513 -0.101659 -0.159087 -0.007730 -0.030609 -0.095077 0.065664 0.045041 -0.306142 -0.200183 -0.333807 -0.548838 -0.110446 -0.117692 0.333645 0.114875 0.679922 0.425061 0.512715 0.418608 0.466094 0.140536 0.753795 0.529015 0.662650 0.545095 0.255824 0.239023 0.296507 -0.222229 0.137437 0.029565 0.057982 -0.571908 -0.144352 -0.179991 -0.116764 -0.385613 -0.321948 -0.120503 0.261056 0.035944 0.495240 0.094392 -0.263767 -0.232635 -0.187837 -0.593397 -0.366341 -0.054044 -0.439985 -0.299299 0.372301 0.111231 0.198522 0.398847 0.349820 0.145483 0.217314 -0.356339
-0.255652 0.185181 -0.314051 -0.098703 -0.093933 -0.483812 0.209161 0.152773 -0.295510 -0.044884 0.013874 0.270519 0.116517 0.372662 -0.280906 -0.363424 0.498605 1.000000 -0.009008 -0.002597 0.321212 -0.094149 -0.145166 -0.192719 0.022349 -0.327427 -0.013068 -0.327264 0.335928 0.576873 0.225245 0.156145 0.243054 0.298292 -0.387586 -0.343008 0.210259 0.230905 -0.483546 -0.201951 0.075987 -0.072813 0.176888 0.205344 0.057754 -0.209907 0.316538 0.212631 -0.164517 0.250838 -0.185713 -0.154249 0.023508 0.450460 -0.110185 0.097277 -0.282501 0.151699 -0.063614 0.317490 0.279426 0.140953 0.048582 0.369409 -0.349230 -0.288006 0.018293 -0.267251 -0.135796 -0.102086 0.057182 -0.003729 0.423587 0.241384 0.104464 0.078291 0.230462 0.038704 0.343174 0.477353 0.230969 0.692692 0.041153 0.349679 -0.275697 -0.077832 0.053898 -0.111051 -0.493114 -0.453284 -0.012124 -0.334094 -0.296860 -0.429172 -0.302129 -0.113222 -0.109741 -0.109895 0.125107 -0.240823 -0.098843 -0.290559 -0.319912 -0.409492 -0.307130 -0.206283 -0.057707 0.048495 -0.047432 -0.142052 -0.207804 0.028252 0.200106 -0.141754 0.370872 -0.044234
0.571765 0.154527 0.627083 0.764629 0.119252 0.366206 0.558418 0.497066 0.526397 0.526566 0.009683 0.310251 0.033487 0.250896 0.347344 0.365235 -0.028605 -0.009008 1.000000 0.316561 0.280837 -0.095903 0.676031 0.733975 0.448372 0.421765 0.322450 0.352841 -0.063017 0.101597 0.291825 0.290687 0.393157 0.414491 0.014893 -0.404902 -0.412201 -0.342708 -0.125540 -0.010117 -0.187722 -0.048174 0.181023 -0.193011 -0.073916 -0.017909 -0.353319 -0.354950 -0.278860 -0.255425 -0.045898 -0.037017 -0.169970 0.004711 -0.289817 -0.411599 0.176007 -0.293024 -0.081988 -0.427989 -0.020481 -0.183126 -0.162349 -0.263826 0.291281 -0.147606 -0.315755 -0.343039 -0.192340 -0.334219 0.147010 0.126276 -0.198743 0.118686 0.024538 0.167453 -0.016518 0.155438 -0.206356 -0.066917 -0.468256 -0.324443 -0.130343 0.162805 -0.285988 -0.376557 0.066304 -0.064271 0.079418 -0.141140 -0.473564 -0.118077 -0.290085 0.164117 -0.047210 0.145340 -0.300753 -0.223994 -0.555997 -0.207745 -0.154341 0.373825 -0.259645 0.105221 -0.084326 -0.004900 0.039421 0.168602 0.135469 0.045204 -0.284900 -0.461142 -0.150923 0.269007 0.074864 -0.007758
0.098815 0.206183 0.203439 0.388262 0.156416 0.109967 0.126345 0.288439 0.264987 0.339274 0.204431 0.128379 -0.038967 0.061715 -0.098244 -0.037217 0.138921 -0.002597 0.316561 1.000000 0.086721 -0.199628 0.125198 0.207178 0.222719 0.166846 0.154152 0.040623 -0.014410 -0.024565 0.177007 0.212060 0.156393 0.202894 0.055004 -0.131253 -0.111889 -0.266125 -0.067593 0.019575 -0.019452 -0.171236 -0.145353 -0.423905 -0.069272 -0.181313 -0.195143 -0.208079 -0.347618 -0.263214 -0.094695 -0.208821 -0.045232 0.083655 -0.059650 -0.274512 -0.064433 0.078874 -0.318149 -0.293993 -0.158391 -0.075235 -0.161698 -0.071819 0.175977 -0.219790 -0.204262 -0.301020 -0.165402 -0.435164 0.123574 0.088116 -0.048437 0.077702 -0.031680 0.023069 -0.217303 0.059580 -0.024263 -0.237974 -0.002848 0.139530 -0.120380 0.147629 0.083344 -0.185238 -0.018144 -0.095779 0.125347 -0.185508 0.056642 -0.276713 -0.199050 -0.125547 0.107723 -0.007868 -0.325601 0.290165 -0.111539 -0.215849 -0.213904 -0.002757 -0.119418 -0.204626 0.217034 0.039038 0.138288 0.156722 0.051800 0.023324 0.020703 -0.071865 0.107123 0.120027 0.253380 0.270900
-0.042593 -0.295159 0.035294 0.267563 0.029181 -0.016073 0.401933 0.264563 -0.228569 0.241203 0.208205 0.344412 0.350395 0.409831 0.043790 0.014657 0.330244 0.321212 0.280837 0.086721 1.000000 0.165295 0.197084 0.278759 0.454488 0.293567 0.393895 0.046456 0.492421 0.545870 0.705910 0.693351 0.133282 0.355176 -0.098113 -0.274783 0.095356 0.024720 -0.140071 -0.014313 0.214593 0.165752 -0.080475 -0.212073 -0.124363 -0.347198 0.059667 0.033566 -0.545857 -0.245600 -0.239130 -0.387711 0.162057 0.319259 0.202980 -0.016399 -0.238656 -0.332565 -0.485135 -0.477535 -0.198734 -0.278023 -0.036058 -0.200510 -0.021062 -0.419301 -0.489229 -0.446164 -0.263684 -0.389701 0.418043 0.564032 0.519678 0.474578 0.548958 0.510023 0.310427 0.161355 0.135574 0.083648 0.107238 0.198288 -0.192651 0.261938 -0.133255 0.028810 -0.140789 -0.230237 -0.147195 -0.457642 -0.071993 -0.186137 -0.179062 -0.162275 -0.173337 -0.217345 -0.048373 -0.120944 0.026783 -0.019534 -0.288569 -0.120066 -0.603603 -0.507341 -0.438255 -0.364889 0.108431 0.186471 -0.053097 0.019595 0.018377 0.012419 0.313461 0.024273 0.012880 -0.165979
-0.057624 -0.322106 -0.033632 0.177245 0.268567 0.249981 -0.012398 -0.113313 -0.189329 -0.204616 0.139165 -0.138973 0.316060 0.080210 0.139301 0.427646 -0.143527 -0.094149 -0.095903 -0.199628 0.165295 1.000000 0.037069 0.012406 0.218848 0.371921 0.218181 0.191899 0.315779 0.122585 0.535201 0.365255 -0.436070 -0.208693 -0.062692 -0.046731 -0.012974 0.267368 0.321343 0.111354 0.606693 0.632924 -0.196971 -0.192222 -0.306726 -0.434906 0.184197 -0.031581 -0.327360 -0.367271 -0.106249 -0.325003 0.084872 0.187572 0.329181 0.404297 -0.353206 -0.322470 -0.174813 -0.230826 -0.303843 -0.227932 -0.092923 -0.056495 -0.030744 -0.288456 -0.408041 -0.191551 -0.047326 0.101809 0.392710 0.530946 0.246938 0.350974 0.282130 0.254518 -0.026872 0.089920 -0.201253 -0.001214 -0.018465 -0.244772 0.236399 -0.170811 -0.095651 0.301364 0.178351 0.062851 0.066856 -0.007239 0.154758 0.000205 0.219270 -0.006502 -0.019423 0.292114 0.116553 0.040371 0.271246 0.209029 -0.028262 -0.152943 -0.030252 0.215560 -0.022292 0.044643 0.038956 -0.056346 -0.270594 0.328637 -0.219362 0.049120 -0.081542 -0.259045 -0.270257 0.294941
0.469137 -0.032013 0.796522 0.751761 0.233916 0.533321 0.655802 0.498094 0.444913 0.368900 0.293983 0.473066 0.239970 0.461162 0.476411 0.491903 -0.085625 -0.145166 0.676031 0.125198 0.197084 0.037069 1.000000 0.835040 0.445541 0.444526 0.433493 0.483481 0.084597 0.019674 0.320825 0.387037 0.122403 0.139266 0.049471 -0.288939 -0.447273 -0.392615 0.046297 0.062145 -0.268502 -0.074623 -0.056589 -0.249046 -0.201372 0.050057 -0.337270 -0.466853 -0.260216 -0.328117 0.003472 -0.038613 -0.341079 -0.083367 -0.280142 -0.282852 0.037835 -0.311619 -0.156175 -0.531215 -0.143586 -0.487233 -0.369193 -0.570590 0.335712 -0.259087 -0.338953 -0.166122 0.165565 0.056531 0.252820 0.179853 -0.162918 -0.048339 -0.078262 0.058568 -0.096687 0.032720 -0.270906 -0.067952 -0.514248 -0.583560 0.111669 0.122677 -0.200830 -0.341432 0.159891 -0.167427 0.146132 -0.123077 -0.404376 0.084243 -0.116434 0.401540 -0.034363 0.181305 -0.162695 -0.188057 -0.480062 -0.057279 -0.141292 0.487593 -0.192364 0.228435 -0.135058 0.180538 -0.193663 -0.047398 0.107619 0.120081 -0.152085 -0.382585 -0.282242 0.183404 -0.006187 -0.077028
0.516671 -0.136933 0.709605 0.787233 0.202303 0.606089 0.458550 0.560302 0.457815 0.503111 0.106867 0.492391 -0.041535 0.259336 0.328479 0.363273 -0.173397 -0.192719 0.733975 0.207178 0.278759 0.012406 0.835040 1.000000 0.549931 0.561523 0.395764 0.502544 -0.090661 -0.080192 0.299659 0.426321 0.160268 0.271868 0.053110 -0.249936 -0.420396 -0.315827 0.030687 0.174706 -0.225188 0.117020 0.022998 -0.256326 -0.083263 0.154476 -0.458923 -0.312671 -0.252623 -0.253094 0.034674 0.059702 -0.286812 -0.085044 -0.297918 -0.323504 0.170502 -0.241870 -0.262278 -0.649333 -0.231262 -0.394626 -0.266822 -0.599743 0.483242 -0.053396 -0.309245 -0.160780 0.006292 -0.206120 0.173566 0.226575 -0.302954 0.017866 -0.087707 0.076276 -0.152933 0.028684 -0.302571 -0.094912 -0.572807 -0.498857 -0.107377 0.054295 -0.148085 -0.261415 0.141561 -0.126570 0.159867 -0.059829 -0.410882 0.040055 -0.088777 0.347258 0.044174 0.167775 -0.238026 -0.303220 -0.536404 -0.036431 -0.121352 0.497027 -0.367235 0.179118 -0.184181 0.095190 -0.056566 0.032338 -0.001099 0.045300 -0.238393 -0.379623 -0.232529 0.107652 -0.056743 0.007445
0.090923 -0.195044 0.267818 0.489240 0.591017 0.427464 0.227817 0.252290 0.080872 0.268058 0.197167 0.359257 0.220736 0.212490 -0.184783 0.063136 0.115891 0.022349 0.448372 0.222719 0.454488 0.218848 0.445541 0.549931 1.000000 0.709435 0.340582 0.442491 0.225506 0.187480 0.590194 0.615502 0.043908 0.180078 -0.174998 -0.354310 -0.191643 -0.093362 0.073780 -0.017899 0.178810 0.202159 -0.130490 -0.414795 -0.361534 -0.260841 -0.128497 -0.204496 -0.527341 -0.419172 -0.323701 -0.214424 -0.210500 0.209551 -0.072649 -0.049507 0.037548 -0.140716 -0.453083 -0.553849 -0.196310 -0.276102 -0.018966 -0.216501 0.165032 -0.097700 -0.434843 -0.471120 0.058149 -0.300736 0.398503 0.442131 0.096924 0.262936 0.245860 0.371590 -0.081717 0.084458 -0.086994 -0.094651 -0.060805 -0.110939 0.030251 -0.002839 -0.061972 0.062169 0.322023 0.200036 0.011610 -0.337434 -0.239771 0.188013 0.053386 0.323547 -0.117958 0.087464 -0.214295 -0.130485 -0.151093 0.106389 -0.055019 0.280467 -0.447175 0.036858 -0.296314 -0.049654 -0.202957 -0.007475 0.076175 0.135602 -0.202821 -0.040036 0.061736 0.206103 0.070804 -0.068838
0.378604 -0.359936 0.463848 0.490169 0.434380 0.676851 0.243750 0.103487 0.101666 0.088123 0.216465 0.169849 0.218913 0.081208 0.188300 0.354626 -0.073489 -0.327427 0.421765 0.166846 0.293567 0.371921 0.444526 0.561523 0.709435 1.000000 0.374131 0.740077 0.099728 -0.103870 0.554112 0.531026 -0.143875 -0.022162 0.121991 -0.272258 -0.335249 -0.094123 0.339042 0.022450 0.315073 0.226941 -0.201495 -0.342233 -0.220179 -0.102333 -0.080539 -0.291518 -0.329597 -0.419718 -0.040957 -0.088914 -0.249185 -0.006743 0.031123 0.009529 0.023328 -0.472793 -0.267043 -0.656323 -0.256932 -0.429465 -0.041573 -0.358466 0.334344 -0.041591 -0.503842 -0.247433 -0.088365 -0.315802 0.293904 0.378347 -0.044337 0.182068 0.151109 0.264434 -0.090368 0.093285 -0.222079 -0.256588 -0.115080 -0.414420 0.143726 -0.084866 0.049138 0.079817 0.354854 0.253563 0.343097 -0.070826 -0.297746 0.179632 0.070139 0.251214 -0.082805 0.139031 -0.039695 -0.032867 -0.103068 0.224657 -0.025809 0.371290 -0.194112 0.224640 -0.151742 0.063094 -0.172479 -0.108830 0.151240 0.277782 -0.046998 -0.123417 -0.157018 0.151152 -0.249971 -0.073975
0.229851 -0.188617 0.263791 0.461253 0.266113 0.330513 0.535115 0.321275 -0.013074 0.210219 0.368639 0.254908 0.348612 0.420322 0.373836 0.538886 0.124905 -0.013068 0.322450 0.154152 0.393895 0.218181 0.433493 0.395764 0.340582 0.374131 1.000000 0.429972 0.338161 0.085063 0.501083 0.516240 -0.056727 0.073275 -0.186313 -0.482534 -0.194869 -0.287418 -0.008543 -0.080553 0.093069 0.018862 -0.382512 -0.357493 -0.330654 -0.347908 -0.043143 -0.337290 -0.420209 -0.377327 -0.128799 -0.216605 -0.258823 0.000433 0.110710 0.013359 -0.137477 -0.403446 -0.258649 -0.418873 -0.128597 -0.407127 -0.164846 -0.372387 0.211986 -0.297966 -0.408700 -0.263701 0.041893 -0.083008 0.315015 0.432644 0.212704 0.171481 0.150095 0.192635 0.106952 0.182503 -0.083504 -0.033946 -0.163681 -0.215109 -0.240555 -0.090779 -0.023730 0.075934 -0.187073 -0.282796 0.193207 -0.088769 -0.280122 -0.093472 -0.163246 -0.130745 -0.246512 0.066340 0.027224 -0.067181 -0.056136 -0.051593 -0.172681 0.047115 -0.183339 -0.119801 -0.249983 -0.139341 -0.152330 -0.137560 0.132811 0.263239 -0.090976 -0.235972 0.051287 0.143354 -0.122845 -0.111556
0.330402 -0.218352 0.421101 0.369533 0.307902 0.585425 0.241730 -0.023391 0.112176 -0.157597 0.309883 0.097450 0.304470 0.070946 0.363790 0.459936 -0.031707 -0.327264 0.352841 0.040623 0.046456 0.191899 0.483481 0.502544 0.442491 0.740077 0.429972 1.000000 0.114702 -0.177492 0.308799 0.327009 -0.234898 -0.271242 -0.009028 -0.429393 -0.211456 0.000562 0.458776 0.072146 0.210006 0.035412 -0.295752 -0.257052 -0.326507 -0.045237 0.065965 -0.308239 -0.201815 -0.414777 0.035659 -0.099290 -0.311242 -0.212375 0.141308 0.219876 -0.039855 -0.378025 -0.157709 -0.486598 -0.257382 -0.580288 -0.211855 -0.533434 0.305593 -0.121733 -0.343638 -0.104617 0.094013 0.001172 0.160090 0.204882 -0.011173 0.169115 0.112461 0.222525 0.049917 0.064394 -0.093253 -0.154903 -0.122781 -0.447565 0.348048 -0.232325 0.187858 0.003616 0.374685 0.367009 0.578803 0.185250 -0.363420 0.200927 0.022083 0.120781 -0.044027 0.158667 0.289063 0.026831 0.049612 0.318710 0.049358 0.280017 0.108136 0.274344 -0.026004 0.209855 -0.378835 -0.233079 0.297157 0.240965 0.070798 -0.089921 -0.228646 0.275078 -0.213013 -0.234336
-0.155856 -0.099710 -0.216332 -0.022473 0.005137 -0.167926 0.223121 -0.044926 -0.396318 -0.188323 0.652396 0.315760 0.729238 0.465590 0.074558 0.098733 0.693417 0.335928 -0.063017 -0.014410 0.492421 0.315779 0.084597 -0.090661 0.225506 0.099728 0.338161 0.114702 1.000000 0.716226 0.610660 0.489832 -0.222414 -0.015384 -0.348361 -0.438389 0.217358 0.276653 0.076355 -0.185508 0.450066 0.211539 -0.238651 -0.260813 -0.419145 -0.552707 0.569475 -0.015039 -0.608333 -0.414741 -0.415957 -0.581423 0.082375 0.331125 0.444086 0.361017 -0.573479 -0.414854 -0.343601 -0.244910 -0.210350 -0.345679 -0.141041 -0.166670 -0.192509 -0.451221 -0.597357 -0.560009 -0.183049 -0.108818 0.600624 0.479353 0.886479 0.603269 0.709849 0.629066 0.517725 0.231442 0.466533 0.383148 0.499467 0.243836 0.308293 0.096384 0.298389 0.104770 0.057813 -0.029429 0.163146 -0.467600 0.045629 -0.186184 -0.068308 -0.305556 -0.276271 0.007185 0.271485 0.118059 0.508170 0.171618 -0.372357 -0.394799 -0.261383 -0.569191 -0.462685 -0.024298 -0.345579 -0.297758 0.235585 0.271104 0.195020 0.413195 0.409819 0.116100 0.082176 -0.157862
-0.133863 0.162749 -0.295153 0.038911 -0.014338 -0.256348 0.218737 0.209794 -0.214674 0.046469 0.348627 0.474709 0.559037 0.591745 -0.057353 -0.078822 0.572667 0.576873 0.101597 -0.024565 0.545870 0.122585 0.019674 -0.080192 0.187480 -0.103870 0.085063 -0.177492 0.716226 1.000000 0.524864 0.379181 0.145875 0.261043 -0.374447 -0.339227 0.263486 0.324016 -0.279928 -0.210280 0.234965 0.229122 0.029955 -0.168261 -0.238286 -0.465004 0.343342 -0.021570 -0.416788 -0.189523 -0.520473 -0.391805 0.251327 0.444663 0.183249 0.109285 -0.350211 -0.214586 -0.194292 -0.084847 -0.023591 -0.006404 -0.167784 0.035438 -0.440406 -0.246248 -0.370362 -0.600150 -0.222935 -0.162234 0.460578 0.377251 0.788647 0.616364 0.662453 0.611773 0.422819 0.112317 0.412470 0.414143 0.363026 0.381506 0.065703 0.183894 -0.038514 -0.088946 -0.008970 -0.015346 -0.254471 -0.476332 0.009445 -0.285488 -0.126125 -0.232397 -0.225099 -0.084636 -0.018108 -0.036917 0.235790 0.044673 -0.273388 -0.357322 -0.432933 -0.567326 -0.539243 -0.125476 -0.224634 -0.140151 0.073677 0.030291 -0.120180 0.235354 0.443415 0.065013 0.237361 -0.096998
-0.049080 -0.231674 0.141759 0.440875 0.341826 0.228592 0.507071 0.318453 -0.221013 0.102607 0.330655 0.342649 0.543485 0.517405 0.135394 0.324226 0.313728 0.225245 0.291825 0.177007 0.705910 0.535201 0.320825 0.299659 0.590194 0.554112 0.501083 0.308799 0.610660 0.524864 1.000000 0.857865 -0.026047 0.227936 -0.163761 -0.462298 -0.072773 0.087763 -0.024789 -0.212164 0.449009 0.325841 -0.246672 -0.435200 -0.373625 -0.503630 0.155328 -0.170354 -0.650916 -0.460485 -0.300176 -0.448585 0.015053 0.324557 0.236975 0.076022 -0.412816 -0.486935 -0.502939 -0.487422 -0.310217 -0.402071 -0.197232 -0.206381 0.058500 -0.451125 -0.618518 -0.517118 -0.278256 -0.307067 0.678905 0.734981 0.565776 0.610620 0.578622 0.583132 0.246397 0.196692 0.080712 0.025809 0.119086 0.017884 0.120899 0.109555 -0.124150 0.080886 0.160110 -0.000428 0.047212 -0.455755 -0.099926 -0.243573 -0.090942 -0.234310 -0.233462 -0.003275 -0.060959 -0.068245 0.144485 -0.029546 -0.329208 -0.175232 -0.453858 -0.354847 -0.360004 -0.229815 -0.100616 -0.076912 -0.051593 0.257840 -0.155025 0.022288 0.089388 -0.010591 -0.060188 -0.053972
-0.077119 -0.410119 0.238443 0.441478 0.439115 0.251987 0.478395 0.357092 -0.154303 0.116304 0.307657 0.289313 0.382239 0.388084 0.110284 0.189076 0.213981 0.156145 0.290687 0.212060 0.693351 0.365255 0.387037 0.426321 0.615502 0.531026 0.516240 0.327009 0.489832 0.379181 0.857865 1.000000 -0.030676 0.318003 -0.070910 -0.338303 0.039394 0.057440 0.104186 -0.026185 0.329923 0.217655 -0.312792 -0.463502 -0.340104 -0.373181 -0.053392 -0.056588 -0.720755 -0.401885 -0.296632 -0.423274 0.021461 0.175988 0.188406 0.029763 -0.416008 -0.394770 -0.680973 -0.608339 -0.431152 -0.539791 -0.181019 -0.394967 0.229727 -0.426514 -0.580492 -0.346602 -0.225835 -0.413824 0.515885 0.621372 0.420839 0.411824 0.408977 0.415370 0.167743 0.120447 0.070147 -0.145647 0.023499 -0.024811 0.006090 0.194980 -0.008093 0.174457 0.065098 -0.022656 0.086286 -0.340485 0.014081 -0.038944 -0.070754 -0.118368 -0.078486 -0.108474 -0.067877 -0.158387 0.039187 0.043827 -0.121502 0.018967 -0.499460 -0.331020 -0.243947 -0.149162 -0.049874 0.085598 -0.084283 0.034175 -0.070300 0.056057 0.036110 -0.054989 -0.050119 -0.053913
0.093321 0.356973 0.105817 0.244459 -0.155054 -0.266288 0.351087 0.274162 0.084019 0.330796 -0.401190 0.214094 -0.334992 0.016841 -0.132327 -0.200997 -0.013562 0.243054 0.393157 0.156393 0.133282 -0.436070 0.122403 0.160268 0.043908 -0.143875 -0.056727 -0.234898 -0.222414 0.145875 -0.026047 -0.030676 1.000000 0.629207 0.042958 -0.187424 -0.319938 -0.338040 -0.516822 -0.315005 -0.351284 -0.287101 0.349187 0.035111 0.313885 0.176001 -0.293291 -0.201133 0.156208 0.361935 0.220839 0.311411 -0.043166 0.177736 -0.500773 -0.457658 0.326957 0.197474 0.081189 0.176249 0.429156 0.340636 0.259044 0.364479 0.107488 0.099000 0.358992 -0.028869 -0.094157 -0.042179 -0.225300 -0.134259 -0.163555 -0.167248 -0.189945 -0.207371 -0.220740 -0.177336 -0.234969 -0.053433 -0.268084 0.093760 -0.262275 0.240813 -0.337480 -0.194637 -0.059947 -0.029457 -0.327538 -0.092507 -0.398156 -0.428723 -0.490910 -0.078739 -0.161101 -0.210384 -0.452490 -0.206797 -0.456915 -0.403065 -0.083847 0.288736 -0.284904 -0.106104 -0.182639 -0.116581 0.190773 0.228246 -0.057930 -0.299166 -0.403265 -0.358368 -0.134171 -0.088090 0.300954 -0.031299
0.123116 0.109607 0.211745 0.415272 0.083242 -0.036759 0.458983 0.600868 0.146019 0.560988 -0.135079 0.306438 -0.236389 0.236590 -0.051170 -0.061109 0.110035 0.298292 0.414491 0.202894 0.355176 -0.208693 0.139266 0.271868 0.180078 -0.022162 0.073275 -0.271242 -0.015384 0.261043 0.227936 0.318003 0.629207 1.000000 -0.149226 -0.065865 -0.250258 -0.251839 -0.476647 -0.249013 -0.129713 0.004295 0.226477 0.033410 0.229379 0.086062 -0.307813 -0.182569 -0.147042 0.268429 0.065260 0.014424 -0.164333 0.149134 -0.521012 -0.567839 -0.006372 -0.128499 -0.214547 -0.074823 0.242537 0.131055 0.119665 0.117643 0.349441 0.153937 -0.099397 -0.089244 -0.395892 -0.384253 -0.063450 -0.043932 -0.018391 -0.021191 0.047732 -0.076844 -0.010868 0.089746 -0.139662 -0.020269 -0.292938 0.160129 -0.288578 0.480574 -0.340025 0.024540 -0.133626 -0.156555 -0.355937 -0.319100 -0.296613 -0.417838 -0.379951 -0.205425 -0.352472 -0.102696 -0.559511 -0.448930 -0.514423 -0.600690 -0.167635 0.043603 -0.430130 -0.370608 -0.269527 -0.260768 0.135524 0.083814 -0.069748 -0.041831 -0.244262 -0.256318 -0.082705 -0.091535 0.164602 -0.076237
0.156101 -0.266779 0.285241 -0.072093 -0.062966 0.235911 -0.040203 -0.189673 0.084696 -0.118668 -0.130123 -0.213639 -0.243281 -0.310526 0.149574 0.030315 -0.373029 -0.387586 0.014893 0.055004 -0.098113 -0.062692 0.049471 0.053110 -0.174998 0.121991 -0.186313 -0.009028 -0.348361 -0.374447 -0.163761 -0.070910 0.042958 -0.149226 1.000000 0.455785 0.086386 -0.081903 0.191878 0.160150 -0.121420 -0.117475 0.172529 0.100401 0.220349 0.364392 -0.285502 0.272099 0.146874 0.063828 0.132988 0.082320 0.203529 -0.280944 -0.092479 -0.277774 0.197252 -0.034264 -0.006872 -0.066424 -0.264169 -0.174460 -0.061184 -0.241713 0.156191 -0.115205 0.262536 0.493148 -0.006636 -0.039960 -0.091233 -0.169480 -0.290576 -0.310269 -0.275800 -0.296283 -0.124690 -0.131447 -0.123171 -0.438140 -0.159767 -0.366580 -0.186377 -0.000540 0.112980 -0.080772 -0.071256 0.009591 0.113133 0.141083 0.138516 0.110015 0.129214 0.220822 0.394920 -0.212345 -0.071844 -0.050213 -0.192130 0.099114 0.220902 0.244961 0.139421 0.247058 0.299315 0.089340 0.273890 0.402359 -0.281293 -0.233900 0.176381 0.003119 -0.165644 -0.207547 -0.308032 0.097048
-0.178060 -0.146419 -0.009671 -0.314437 -0.092889 0.004273 -0.399969 -0.157033 0.056196 -0.015266 -0.244534 -0.394791 -0.329886 -0.350193 -0.090711 -0.215483 -0.519588 -0.343008 -0.404902 -0.131253 -0.274783 -0.046731 -0.288939 -0.249936 -0.354310 -0.272258 -0.482534 -0.429393 -0.438389 -0.339227 -0.462298 -0.338303 -0.187424 -0.065865 0.455785 1.000000 0.265968 0.134289 0.125548 0.380681 -0.147489 0.145764 0.064505 0.192937 0.315033 0.360292 -0.357512 0.280309 0.383737 0.262754 0.171879 0.130854 0.313750 -0.285997 -0.048104 -0.193880 0.079172 0.168876 0.174938 0.199974 -0.052973 0.227880 -0.045871 0.056360 0.027961 0.289605 0.325736 0.575333 -0.026657 0.034045 -0.264379 -0.365322 -0.307387 -0.379501 -0.281929 -0.389444 -0.254858 -0.250440 -0.181112 -0.325578 -0.136822 -0.166569 -0.171078 0.061593 -0.001060 0.177651 -0.272484 -0.200154 -0.150059 0.286325 0.492810 0.164115 0.340025 0.216842 0.402205 -0.007779 -0.211909 -0.084334 -0.187578 -0.095638 0.202006 -0.072161 0.161970 0.193839 0.341963 0.019074 0.440172 0.298439 -0.372846 -0.191676 0.125173 0.036168 -0.057099 -0.288961 -0.215338 0.264518
