1.000000 0.533216 -0.299674 -0.522037 -0.361640 -0.192901 -0.128446 -0.608545 -0.207423 -0.365631 0.227347 -0.250971 0.173895 0.084049 0.220349 0.242979 0.453790 0.525193 -0.003246 0.289945 -0.055414 -0.221076 0.060073 -0.417883 -0.343820 -0.178118 0.071068 0.080079 0.057897 0.236789 -0.034520 -0.291531 -0.131688 -0.196700 -0.114598 -0.157010 0.081483 0.181816 0.089226 0.010088 -0.056307 0.163046 -0.301114 -0.293730 -0.374920 -0.499304 -0.119779 -0.115488 -0.060997 -0.395159 0.330676 0.220186 0.332879 0.287407 -0.113954 -0.047791 0.676781 0.536925 0.459416 0.022492 0.014169 -0.087716 -0.069130 0.189229 -0.320308 -0.461755 0.143247 -0.516485 0.649882 0.035537 0.397129 -0.201257 0.394167 0.220913 0.281071 0.154891 0.518758 0.206328 0.218933 0.141545 0.310696 0.330607 0.071236 -0.010744 0.054875 -0.222895 0.138553 -0.285137 -0.254715 -0.062067 -0.346635 0.151905 -0.414041 0.138063 0.188888 0.007019 0.027614 0.263897 0.314939 0.554569 -0.046589 0.070816 0.092208 -0.176066 -0.316697 -0.310064 0.011537 -0.221627 0.055604 0.221710 0.066477 0.526587 0.210547 -0.049196 0.123875 0.129714
0.533216 1.000000 -0.450045 -0.108951 0.029172 -0.187143 -0.295721 -0.495482 0.119603 0.014360 -0.111560 -0.247161 -0.154431 -0.183122 0.058256 -0.086535 0.325211 0.422234 0.003034 0.421612 -0.330092 -0.403567 -0.009625 -0.408092 -0.136243 -0.407489 0.002062 0.044203 -0.236211 0.224086 -0.417142 -0.587452 -0.271691 -0.448692 -0.241039 -0.031875 0.064660 0.266651 0.268007 0.257725 -0.064540 0.353291 -0.219632 -0.198615 -0.248337 -0.360231 -0.016092 0.014532 0.177244 -0.139023 0.460086 0.395866 0.230469 0.166793 0.015205 0.074934 0.490105 0.666347 0.284429 0.240618 -0.257920 -0.151099 -0.146797 0.250111 -0.415342 -0.388961 -0.027061 -0.521305 0.616615 0.037052 0.202968 -0.448631 0.164554 0.263310 0.282473 0.084159 0.435389 0.323270 0.010996 0.163420 0.134260 0.291340 0.075077 0.166602 -0.109446 0.071979 0.146177 -0.238601 -0.341085 0.024212 0.028039 -0.026504 -0.162848 -0.067662 0.288749 -0.104871 0.119766 0.248589 0.498819 0.334749 0.133195 0.059944 0.413871 -0.101477 0.111018 -0.376295 0.068988 -0.149946 0.304466 0.251192 0.186077 0.492411 0.390763 -0.160314 -0.143642 0.088181
-0.299674 -0.450045 1.000000 0.225712 0.203469 0.293287 0.540029 0.310481 0.229754 -0.121931 0.233890 0.249347 0.297512 -0.030862 0.083745 -0.096191 -0.249963 -0.115781 0.203377 -0.051590 0.211181 0.240618 0.287236 0.289600 0.296564 0.288935 -0.006015 0.025967 0.257279 -0.280720 0.189840 0.185007 0.176007 0.247211 0.228184 0.039871 -0.140743 -0.329727 0.019542 -0.284883 -0.033440 -0.436841 -0.010517 -0.045838 -0.012708 0.077289 -0.281456 -0.088899 -0.205489 -0.079053 -0.345965 -0.411926 -0.477075 -0.092102 -0.036303 -0.126041 -0.221919 -0.294565 -0.280111 -0.415146 0.311046 -0.099701 0.115183 -0.392651 0.487397 0.352810 -0.116574 0.468818 -0.334407 -0.133106 -0.217516 0.100918 -0.021868 -0.216503 -0.111772 -0.340942 -0.444242 -0.308036 0.123426 0.140787 -0.002270 -0.042546 -0.032213 -0.239824 0.115561 0.069646 -0.233003 -0.098878 0.326389 -0.220665 -0.094043 0.297525 0.108565 0.325525 -0.213485 0.045657 -0.292740 -0.279882 -0.374616 -0.258675 -0.482043 0.069535 -0.126585 -0.119158 0.002967 0.220152 -0.235997 0.039565 -0.139662 -0.152362 -0.062710 -0.498541 -0.301091 -0.069322 0.245577 0.075932
-0.522037 -0.108951 0.225712 1.000000 0.376250 0.439925 -0.071790 0.350824 0.375138 0.431735 -0.235822 0.256959 -0.207408 -0.025694 -0.149378 -0.006516 -0.393812 -0.327367 0.056859 -0.203290 -0.092094 -0.003115 0.271559 0.262704 0.238283 0.143051 0.230051 0.295058 -0.468948 -0.340743 -0.236498 -0.118369 -0.175126 0.007446 0.113726 0.288981 -0.102278 0.072399 0.236210 0.143499 -0.194702 -0.000937 0.106560 0.130142 -0.014379 0.125940 0.003572 0.076517 0.049438 0.069553 0.034034 -0.018654 -0.045960 -0.084598 0.394764 0.129103 -0.455566 -0.307357 -0.176354 -0.023236 -0.122379 -0.098026 -0.092120 -0.280984 0.243539 0.310463 -0.100017 0.220538 -0.385265 -0.030620 -0.187362 -0.024566 -0.450189 -0.117738 -0.097127 -0.094450 -0.219685 0.160313 -0.229739 -0.217430 -0.391029 -0.404316 -0.243363 -0.038798 -0.199528 0.319081 0.157059 0.168558 0.324485 0.393807 0.385310 -0.242225 0.494338 -0.033058 0.088423 -0.063059 -0.087087 -0.068830 -0.277428 -0.333938 0.153956 -0.141085 -0.087984 -0.027991 0.293051 0.000301 0.034517 0.006077 0.172337 -0.085282 0.092089 -0.211972 -0.077255 0.199972 -0.027266 0.052064
-0.361640 0.029172 0.203469 0.376250 1.000000 0.256200 0.102505 0.291041 0.764718 0.652330 -0.268390 -0.085183 -0.016850 -0.228453 -0.303284 -0.569983 0.152697 -0.131680 0.137862 0.025545 -0.475217 -0.305898 0.002683 0.051565 0.604662 -0.148838 0.060989 -0.396588 -0.055116 0.001993 -0.501054 -0.292463 0.162323 -0.071939 0.021829 0.208591 0.122552 -0.292782 0.164242 -0.126639 0.144302 -0.063262 0.093115 0.093026 0.217810 0.169238 0.060991 0.075492 0.132505 0.221609 -0.105363 -0.140406 -0.125927 0.009384 0.230152 0.219331 -0.161409 -0.120899 -0.230432 0.098033 0.095291 0.144018 0.154251 0.044288 -0.047093 0.169364 0.019544 0.206563 -0.157132 0.004083 -0.394872 -0.326537 -0.007931 -0.190711 -0.152530 -0.329119 -0.081238 -0.090796 0.040944 0.124504 0.159585 0.143339 0.054423 0.225933 -0.339127 0.003384 -0.162609 -0.069267 0.100280 -0.036562 0.544206 0.109651 0.222009 -0.122262 -0.223253 -0.404416 -0.279589 -0.394955 0.122404 -0.117169 -0.048606 0.149626 0.157088 0.317165 0.281872 0.204409 -0.065135 0.133302 -0.091223 -0.154079 -0.218579 -0.235491 0.066539 -0.237056 -0.287901 0.035244
-0.192901 -0.187143 0.293287 0.439925 0.256200 1.000000 -0.247207 0.088893 0.247826 0.258261 0.091926 0.106826 -0.029865 -0.247183 0.229111 0.048062 -0.067119 -0.366390 -0.034964 -0.219699 0.295466 0.267147 0.392587 0.302446 0.596597 0.640375 0.520858 0.436572 -0.094124 -0.491814 0.244224 0.224847 0.007801 0.128011 0.453690 0.223231 0.072573 0.086797 0.477719 0.239184 -0.093760 -0.088196 -0.228203 -0.214446 -0.195759 0.015356 -0.272555 -0.179178 -0.428863 -0.273344 -0.118443 -0.128892 -0.083773 -0.170597 0.295236 -0.193903 -0.146894 -0.051398 0.011338 -0.213570 0.109557 -0.056595 -0.342389 -0.493211 0.515978 0.393018 -0.052856 0.357394 -0.149430 0.085374 -0.187747 0.432198 -0.349644 -0.387602 -0.354186 -0.127251 -0.198890 -0.015359 -0.128940 -0.197116 -0.047826 -0.153110 -0.085122 -0.137913 0.029171 0.036066 0.238661 0.346537 0.541946 0.337517 -0.085505 -0.031121 0.282069 0.161490 -0.137545 0.015575 -0.144729 -0.130412 -0.320232 -0.110153 -0.118061 -0.187127 -0.165174 -0.098247 0.229787 0.206416 -0.063027 -0.054218 -0.136850 -0.166048 0.066005 -0.259843 -0.132604 0.232498 0.215355 0.092494
-0.128446 -0.295721 0.540029 -0.071790 0.102505 -0.247207 1.000000 0.421914 0.177630 -0.037653 0.075210 0.314413 0.350185 0.280512 0.047397 0.036700 -0.264915 0.003534 0.465972 0.109021 -0.171021 -0.149477 -0.292323 0.216221 -0.190513 -0.292663 -0.476226 -0.458376 0.441700 0.277622 0.048534 0.081206 0.292169 0.322703 -0.246444 -0.352852 -0.101322 -0.423704 -0.218754 -0.410760 0.220423 -0.315572 -0.106173 -0.155053 -0.122745 -0.263635 -0.261455 -0.264646 0.021879 -0.058136 -0.158886 -0.339458 -0.274054 0.010212 -0.118964 -0.088823 -0.203620 -0.341488 -0.390860 -0.233359 0.450277 0.146002 0.565983 0.241581 0.110576 0.172343 -0.060365 0.012788 -0.219285 -0.359815 -0.002008 -0.129787 0.269100 0.111345 0.126575 -0.261839 -0.144066 -0.261802 0.064812 0.416959 0.104801 0.054386 0.261744 0.222164 0.095804 0.166366 -0.387784 -0.136022 -0.021223 -0.249390 0.060313 0.346653 0.203113 0.142962 -0.115889 -0.090931 -0.161360 -0.251560 -0.224206 -0.166913 -0.382318 0.236421 -0.023597 0.012816 -0.246135 -0.043602 -0.193570 -0.029151 -0.055560 -0.236608 -0.412088 -0.374614 -0.316639 -0.273752 0.020671 -0.050113
-0.608545 -0.495482 0.310481 0.350824 0.291041 0.088893 0.421914 1.000000 0.254440 0.486529 -0.171697 0.346857 0.108385 0.217702 -0.287544 -0.170542 -0.376357 -0.468178 0.049299 -0.209006 -0.125134 0.005973 -0.282161 0.222114 0.031632 0.028493 -0.277883 -0.336235 0.051381 -0.172254 -0.064038 0.273729 0.300140 0.382661 -0.035446 0.014388 -0.009716 -0.342260 -0.258128 -0.065269 0.192171 -0.098441 0.162624 0.131838 0.113321 0.150354 -0.008495 0.007913 -0.175722 0.131401 -0.471051 -0.427556 -0.353919 -0.162104 -0.094679 -0.056554 -0.575108 -0.621606 -0.426446 -0.051173 0.339792 0.461520 0.262273 0.087457 0.254892 0.560546 -0.109305 0.412982 -0.445934 -0.123677 -0.374571 0.091772 -0.265735 -0.070838 -0.122463 -0.212581 -0.385496 -0.297955 -0.223415 -0.119107 -0.122153 -0.170084 -0.164997 0.082253 -0.136754 0.117270 -0.360226 0.236071 0.125409 -0.063504 0.345011 -0.140275 0.535946 -0.100412 -0.277904 -0.043145 -0.144656 -0.315002 -0.323041 -0.518415 0.014636 0.045648 -0.165136 0.311872 0.128482 0.293804 -0.165743 0.126276 -0.252250 -0.407062 -0.225506 -0.558308 -0.250053 -0.073811 -0.164226 -0.110659
-0.207423 0.119603 0.229754 0.375138 0.764718 0.247826 0.177630 0.254440 1.000000 0.451172 -0.024332 -0.000236 0.313568 -0.104379 0.093009 -0.282274 0.071270 0.011914 0.072311 -0.098542 -0.392805 -0.297846 0.134484 -0.071240 0.386546 -0.188148 0.161398 -0.196604 -0.087227 -0.019837 -0.539733 -0.395480 0.062989 -0.166992 -0.095840 0.082306 0.170472 -0.088930 0.335276 0.025469 0.068782 0.023670 -0.079509 -0.112121 -0.179616 -0.221472 -0.134397 -0.034926 0.024746 -0.070653 -0.099395 -0.191385 -0.181373 -0.102804 0.191211 0.028624 -0.100991 -0.030413 -0.172798 0.062153 0.307308 0.179976 0.122877 -0.020815 0.086987 0.308440 -0.060904 0.061943 -0.004212 0.037437 -0.222821 -0.303184 0.044948 -0.145466 -0.052306 -0.249678 0.096364 0.026436 -0.003841 0.130680 0.110731 0.149341 0.189693 0.082263 -0.195834 -0.036487 0.047062 -0.171580 0.307551 0.056306 0.427835 0.162509 0.261259 0.186864 -0.051586 -0.333527 -0.153820 -0.184241 0.111238 0.051668 -0.006139 0.181594 0.214769 0.200357 0.227142 0.051385 0.000502 0.045430 0.003790 -0.001052 -0.045744 -0.116608 0.203448 -0.151570 -0.157001 0.155876
-0.365631 0.014360 -0.121931 0.431735 0.652330 0.258261 -0.037653 0.486529 0.451172 1.000000 -0.482025 0.038566 -0.250561 -0.043381 -0.385828 -0.292406 0.019325 -0.359837 -0.031316 0.053225 -0.486447 -0.316190 -0.203564 0.151759 0.370687 -0.112063 0.036688 -0.220170 -0.226103 0.024664 -0.315802 -0.062255 0.170090 0.122838 -0.063294 0.199402 0.081417 -0.274767 -0.085769 0.082425 0.085567 0.151029 0.125590 0.136460 0.184432 0.161035 0.202427 0.111189 -0.012087 0.211901 0.005268 0.101724 0.031388 0.213661 0.133978 0.130014 -0.187880 -0.222957 -0.218651 0.054421 0.025176 0.339942 0.058819 0.094438 0.022132 0.133573 -0.113361 -0.028851 -0.120385 -0.145626 -0.331598 -0.175427 -0.188000 -0.090267 -0.143235 -0.112731 -0.010093 0.136586 -0.189597 -0.133370 -0.067398 -0.134609 -0.053992 0.416341 -0.291316 0.107373 -0.044596 0.212131 0.014869 0.165037 0.544227 -0.069997 0.504411 -0.322240 -0.151134 -0.319505 -0.175502 -0.201190 0.039005 -0.225996 0.084297 0.001289 -0.136468 0.249082 0.105137 0.062542 -0.250865 -0.027394 -0.013750 -0.181804 -0.137656 -0.132070 0.035555 -0.119235 -0.412744 -0.221424
0.227347 -0.111560 0.233890 -0.235822 -0.268390 0.091926 0.075210 -0.171697 -0.024332 -0.482025 1.000000 0.282322 0.656911 0.215123 0.358758 0.247327 -0.073500 -0.153312 -0.048002 -0.294089 0.337180 0.243692 0.293184 -0.230509 -0.020568 0.186222 0.237741 0.279402 0.246808 -0.402877 0.187254 0.104253 -0.132308 -0.222469 0.090571 -0.225327 0.017383 0.077679 0.001880 0.046934 0.221684 -0.129300 -0.163471 -0.188729 -0.422122 -0.298188 -0.319181 -0.226024 -0.368368 -0.498153 -0.130378 -0.231713 0.064223 -0.145907 0.069449 -0.350673 0.091246 0.083666 0.162552 -0.173842 0.324626 -0.091515 -0.197182 -0.282888 0.237664 0.269660 0.115017 0.165673 0.014347 0.127497 0.070181 0.189675 -0.092232 -0.192416 -0.063616 0.048419 -0.059342 -0.105245 0.267827 -0.111715 0.077525 0.090938 0.073499 -0.487499 0.539931 0.008744 0.059135 0.098318 0.273761 0.015080 -0.395391 0.291608 -0.187043 0.573181 0.033697 0.415757 -0.178132 0.256778 -0.405169 0.166114 0.179619 0.265750 -0.067696 -0.141962 -0.001418 0.205976 0.112224 0.178807 -0.157033 0.301803 0.166027 -0.165953 0.035910 0.452624 0.398311 0.450470
-0.250971 -0.247161 0.249347 0.256959 -0.085183 0.106826 0.314413 0.346857 -0.000236 0.038566 0.282322 1.000000 0.192894 0.438070 0.005436 0.173675 -0.304824 -0.287083 0.069909 -0.132672 -0.044369 0.049290 0.052365 0.068703 -0.164129 -0.077751 -0.018179 0.093525 0.051961 -0.147636 -0.063792 0.012321 0.217118 0.140794 0.148551 0.143027 -0.005372 -0.057197 -0.151762 0.046311 0.090568 -0.121447 0.016145 0.000046 -0.023457 0.074794 -0.151684 -0.052480 -0.203025 -0.046320 -0.353331 -0.361182 -0.294987 -0.271244 -0.004303 -0.206166 -0.346105 -0.300473 -0.177758 -0.352888 0.251851 0.119800 0.008562 -0.136828 0.377415 0.469013 -0.233460 0.261935 -0.428461 -0.168670 -0.173521 0.021655 -0.248569 0.136425 0.062491 0.023832 -0.122685 0.057907 -0.129574 -0.058687 -0.131699 -0.187661 0.000139 -0.003832 0.228968 0.508743 -0.103791 0.318272 0.257087 -0.069187 0.002277 0.011224 0.291760 0.219901 -0.101064 0.027115 -0.104687 0.074446 -0.341738 -0.305374 0.042987 0.081910 -0.308704 -0.066362 -0.151538 -0.028545 -0.160678 -0.006871 -0.071767 -0.254419 0.102841 -0.382159 0.101475 0.306442 -0.185329 0.157347
0.173895 -0.154431 0.297512 -0.207408 -0.016850 -0.029865 0.350185 0.108385 0.313568 -0.250561 0.656911 0.192894 1.000000 0.411569 0.295789 0.137979 -0.011991 0.006223 -0.101413 -0.276464 0.008955 -0.084549 0.096345 -0.332434 -0.147246 -0.140370 0.201502 -0.046669 0.223767 -0.221902 -0.195313 -0.182664 0.009066 -0.232592 -0.128786 -0.273446 0.192718 -0.025667 0.069621 0.026256 0.194049 -0.217400 -0.139793 -0.185280 -0.300176 -0.343674 -0.308947 -0.158244 -0.157700 -0.298157 -0.189349 -0.352986 -0.107881 -0.194467 0.165422 -0.136335 0.029957 -0.065094 -0.003636 -0.144938 0.613652 0.041629 0.137289 -0.101233 0.133407 0.337595 0.056835 0.066190 0.095729 0.033273 -0.110715 -0.124624 0.117222 -0.270459 -0.210297 -0.286960 -0.051666 -0.242956 0.255888 0.076412 0.242435 0.223680 0.137607 -0.306464 0.269826 -0.076981 0.027770 -0.086442 0.344326 0.003908 -0.135526 0.242448 -0.031560 0.465479 0.005430 0.135242 -0.033356 0.142796 -0.229647 0.160582 0.103382 0.398321 0.006681 0.041230 -0.122246 0.086270 0.023661 0.119565 -0.055854 0.177212 0.018357 -0.115742 0.025609 0.086484 0.201723 0.202596
0.084049 -0.183122 -0.030862 -0.025694 -0.228453 -0.247183 0.280512 0.217702 -0.104379 -0.043381 0.215123 0.438070 0.411569 1.000000 -0.170249 0.270081 -0.144569 -0.042723 -0.089565 -0.155186 -0.215550 -0.174424 -0.164711 -0.215195 -0.472575 -0.269887 -0.074634 -0.103178 -0.125743 -0.025031 -0.135733 -0.100221 -0.008706 -0.041925 -0.197660 -0.027086 -0.036464 -0.069575 -0.298592 -0.068625 0.034875 -0.170941 0.157694 0.163684 0.023091 -0.058116 0.045339 0.123649 0.100213 -0.024815 -0.063255 -0.129671 -0.016709 -0.013753 0.062227 0.082315 -0.152928 -0.229929 -0.017802 -0.035551 0.251838 0.088875 0.306089 0.256128 -0.083087 0.139075 0.024936 -0.040380 -0.195538 -0.272763 0.103422 -0.006671 -0.082444 -0.019504 0.011917 -0.057190 0.024583 0.182714 -0.104407 -0.265845 -0.118292 -0.233777 -0.206323 -0.069667 -0.028786 0.057636 -0.115915 -0.043965 -0.095519 -0.090733 0.068578 -0.009144 0.020446 0.073706 0.105397 0.168045 0.196879 0.267882 -0.053051 0.071517 0.217032 0.336656 -0.184979 -0.076194 -0.307440 -0.187412 0.029055 -0.065373 0.081357 0.162054 0.148878 -0.018882 -0.048438 0.165490 -0.066814 0.038165
0.220349 0.058256 0.083745 -0.149378 -0.303284 0.229111 0.047397 -0.287544 0.093009 -0.385828 0.358758 0.005436 0.295789 -0.170249 1.000000 0.622382 -0.194357 0.058344 0.222254 -0.037899 0.479723 0.156343 0.241720 0.179003 -0.039508 0.217292 0.192950 0.240126 0.304641 0.051227 0.342106 0.222995 -0.026744 0.099309 0.147503 -0.313450 0.063710 0.243430 0.449743 0.232758 -0.137557 0.067391 -0.513061 -0.529789 -0.536058 -0.558469 -0.395570 -0.447745 -0.292884 -0.508215 0.091003 0.004864 0.059347 -0.176930 0.023579 -0.326502 0.062511 0.074229 0.052689 -0.163920 0.273968 -0.027864 -0.210479 -0.238065 0.415255 0.019731 -0.196079 -0.223401 0.191484 0.166766 0.106337 0.289580 0.055228 -0.094123 -0.058183 0.256940 0.112415 -0.070133 -0.172575 0.020864 -0.006363 0.046973 0.526650 0.099407 0.449186 0.045626 0.337245 0.040863 0.536893 0.368632 -0.385179 0.163880 -0.195281 0.443334 0.053194 0.190855 -0.054236 0.024775 -0.056862 0.061204 -0.235413 -0.154888 0.110233 -0.159778 -0.178544 0.011430 0.174326 -0.142756 0.067360 0.011232 -0.140676 0.041273 0.113974 0.033013 0.416010 0.018891
0.242979 -0.086535 -0.096191 -0.006516 -0.569983 0.048062 0.036700 -0.170542 -0.282274 -0.292406 0.247327 0.173675 0.137979 0.270081 0.622382 1.000000 -0.415632 -0.100031 0.191884 -0.145404 0.374956 0.108690 0.149130 0.168862 -0.380160 0.132114 0.247734 0.415660 -0.008398 -0.006318 0.454652 0.285832 -0.176281 0.210274 -0.103516 -0.325971 -0.105217 0.264445 0.130553 0.269648 -0.115367 0.125426 -0.192467 -0.194551 -0.399053 -0.434636 -0.145092 -0.213732 -0.162931 -0.347033 0.169722 0.136772 0.177713 0.036792 0.065951 -0.174339 -0.029796 -0.086591 0.057260 -0.245250 0.254210 -0.079413 -0.061218 -0.114314 0.353975 -0.103818 -0.230656 -0.390452 0.049759 -0.133584 0.243745 0.272774 -0.202931 -0.031352 -0.027595 0.444752 0.135162 0.223370 -0.282456 -0.239454 -0.291434 -0.358851 0.207552 0.158064 0.241187 0.074073 0.367422 0.164915 0.348944 0.454065 -0.294577 -0.029392 -0.113078 0.209147 0.205909 0.220593 0.150050 0.229000 -0.259404 -0.011555 -0.027579 -0.062498 -0.249258 -0.181720 -0.393837 -0.210281 0.020259 -0.242600 0.171069 0.090776 -0.039115 0.156525 -0.066922 0.096039 0.195790 -0.174448
0.453790 0.325211 -0.249963 -0.393812 0.152697 -0.067119 -0.264915 -0.376357 0.071270 0.019325 -0.073500 -0.304824 -0.011991 -0.144569 -0.194357 -0.415632 1.000000 0.426295 -0.309828 0.325561 -0.197288 -0.110427 0.039702 -0.260425 0.085799 -0.153187 0.102575 -0.172563 0.133469 0.169214 -0.305189 -0.357417 0.043009 -0.289190 0.142141 0.316751 0.331296 0.041959 0.111526 -0.037722 0.081258 0.036732 -0.075634 -0.100520 0.043930 0.023799 0.044332 0.115578 0.048149 -0.024903 -0.006130 -0.053636 0.015755 0.137222 -0.081175 0.098031 0.656645 0.519570 0.091296 -0.011204 -0.236045 -0.137709 0.095085 0.143375 -0.468572 -0.355269 0.136156 -0.012733 0.440802 0.285736 0.060351 -0.187443 0.434071 0.092221 0.138857 -0.249251 0.251562 -0.049119 0.364738 0.141094 0.668630 0.611397 -0.019498 -0.006803 -0.055580 -0.233860 0.013759 -0.296279 -0.277641 -0.285255 0.056626 0.031858 -0.282171 -0.199220 -0.069091 -0.271720 -0.051622 0.013200 0.514148 0.514635 -0.057083 0.085658 0.215075 0.076724 0.001058 -0.058328 0.119690 0.014435 -0.110104 0.010443 0.215797 0.135805 0.179323 -0.088924 -0.087375 0.193296
0.525193 0.422234 -0.115781 -0.327367 -0.131680 -0.366390 0.003534 -0.468178 0.011914 -0.359837 -0.153312 -0.287083 0.006223 -0.042723 0.058344 -0.100031 0.426295 1.000000 0.064362 0.188594 -0.162703 -0.059375 0.003644 -0.390543 -0.288121 -0.358586 -0.124981 -0.145738 -0.043328 0.506647 -0.248252 -0.445419 -0.102039 -0.221242 -0.255044 -0.074983 -0.040874 0.168818 0.040135 -0.259980 -0.150664 0.147303 0.014775 -0.003692 -0.011931 -0.168957 0.042915 0.057549 0.353460 0.070452 0.180127 0.109940 -0.030827 0.080535 -0.253553 0.229451 0.362622 0.368472 0.188085 0.144394 -0.091698 -0.051924 0.079921 0.266683 -0.334617 -0.296510 0.020877 -0.372539 0.319370 -0.153023 0.226196 -0.346744 0.592695 0.398673 0.335753 -0.040008 0.436408 0.238164 0.354626 0.543152 0.277988 0.466823 -0.032373 -0.074999 -0.258933 -0.230916 0.086817 -0.570415 -0.323650 -0.339576 -0.108599 0.010445 -0.497602 -0.038766 0.188793 -0.256006 0.206496 0.055033 0.496241 0.471688 -0.175547 0.050839 0.293847 -0.189258 -0.275939 -0.343927 0.005397 -0.280112 0.166905 0.214051 0.108444 0.519277 0.240149 -0.186871 -0.001411 0.017686
-0.003246 0.003034 0.203377 0.056859 0.137862 -0.034964 0.465972 0.049299 0.072311 -0.031316 -0.048002 0.069909 -0.101413 -0.089565 0.222254 0.191884 -0.309828 0.064362 1.000000 0.256401 -0.088894 -0.105060 -0.055815 0.343010 0.077075 -0.039138 -0.287918 -0.254717 0.284383 0.276606 0.174225 0.115289 0.251432 0.299087 -0.062357 -0.371040 -0.064847 -0.163614 -0.006028 -0.212541 0.133796 -0.003965 -0.218231 -0.198699 -0.139925 -0.285794 -0.063752 -0.362152 0.003288 -0.056045 -0.032742 -0.027083 0.011979 0.096419 0.028254 -0.007447 -0.175557 -0.204500 -0.172261 -0.012823 0.234568 0.116309 0.170907 0.217708 0.197142 -0.085669 -0.040237 -0.192435 -0.213727 -0.262971 -0.063898 -0.083306 0.043013 0.108296 0.101798 0.126213 0.098254 -0.058856 -0.036725 0.268989 -0.082319 -0.019465 0.186154 0.381746 0.020459 0.044044 -0.314882 -0.021726 0.073727 -0.027406 0.098995 0.339693 -0.127188 -0.019212 -0.224860 -0.204827 -0.195030 -0.393084 -0.004809 -0.250243 -0.305836 -0.019190 0.022115 0.035281 -0.168364 -0.021991 -0.226035 -0.030481 -0.077495 -0.283472 -0.572881 -0.144117 -0.245270 -0.290968 -0.140257 -0.200144
0.289945 0.421612 -0.051590 -0.203290 0.025545 -0.219699 0.109021 -0.209006 -0.098542 0.053225 -0.294089 -0.132672 -0.276464 -0.155186 -0.037899 -0.145404 0.325561 0.188594 0.256401 1.000000 -0.245623 -0.325929 -0.102253 0.155777 -0.022894 -0.178481 -0.271414 -0.270541 0.304070 0.300061 -0.090987 -0.143498 0.157783 0.220255 0.143197 0.119399 0.266864 -0.063853 0.077870 0.109633 0.121333 0.173982 -0.310509 -0.310385 -0.024061 -0.082382 -0.079796 -0.091612 -0.050930 -0.104058 0.054557 -0.031515 -0.134087 0.083194 -0.061602 -0.048667 0.380831 0.461597 -0.111248 -0.114896 -0.216351 -0.071888 0.237086 0.259093 -0.198395 -0.569922 -0.153056 -0.232861 0.402342 0.029600 0.026485 -0.294904 0.285592 0.266983 0.279048 -0.056602 0.182840 0.014328 -0.110309 0.105170 0.340124 0.299996 0.291231 0.508085 0.109400 -0.038069 -0.169233 -0.214646 -0.241388 -0.204576 0.015703 0.039387 -0.115460 -0.313656 -0.139120 -0.053217 -0.143284 -0.089193 0.363515 -0.054720 -0.382898 -0.146811 0.133688 -0.049752 -0.161870 -0.117858 -0.132157 0.082776 0.095566 -0.192924 -0.036399 -0.000337 -0.079442 -0.387076 -0.224283 -0.135384
-0.055414 -0.330092 0.211181 -0.092094 -0.475217 0.295466 -0.171021 -0.125134 -0.392805 -0.486447 0.337180 -0.044369 0.008955 -0.215550 0.479723 0.374956 -0.197288 -0.162703 -0.088894 -0.245623 1.000000 0.513345 0.384819 0.239141 0.063094 0.563661 0.252256 0.405753 0.210731 -0.274266 0.646617 0.531810 -0.130743 0.206853 0.365041 -0.032172 -0.114761 0.155910 0.189879 0.130395 -0.207776 -0.187734 -0.207174 -0.240187 -0.221770 -0.072156 -0.253023 -0.289007 -0.353723 -0.330352 -0.031327 -0.070967 -0.001049 -0.262050 -0.006803 -0.347452 -0.070751 -0.030205 0.112879 -0.200997 -0.026635 -0.164960 -0.316728 -0.487304 0.446879 0.112422 0.011939 0.239415 -0.052424 0.216179 0.083936 0.677897 -0.139763 -0.170670 -0.160361 0.157974 -0.240928 -0.201520 0.027692 -0.139320 -0.125509 -0.142118 -0.004270 -0.346169 0.407810 -0.023195 0.219072 0.160266 0.341961 0.205964 -0.469839 -0.006204 -0.129946 0.377206 0.005334 0.355990 -0.119792 0.002582 -0.308651 -0.006570 -0.096272 -0.167989 -0.094667 -0.155817 -0.010778 0.271253 0.188611 -0.022947 -0.175084 0.001149 0.088445 -0.184656 -0.222493 0.344274 0.578070 0.110187
-0.221076 -0.403567 0.240618 -0.003115 -0.305898 0.267147 -0.149477 0.005973 -0.297846 -0.316190 0.243692 0.049290 -0.084549 -0.174424 0.156343 0.108690 -0.110427 -0.059375 -0.105060 -0.325929 0.513345 1.000000 0.182547 0.105340 0.129997 0.586358 0.077364 0.323237 0.124362 -0.296212 0.439604 0.471427 0.008279 0.078912 0.363806 0.049211 -0.089055 0.016361 -0.073351 -0.017441 0.166172 -0.087825 0.082392 0.090635 0.021819 0.202155 -0.152101 -0.080504 -0.268138 -0.068219 -0.242751 -0.138005 -0.172004 -0.135913 -0.180344 -0.161341 -0.124036 -0.205626 -0.014665 -0.074976 -0.065943 0.039206 -0.334967 -0.333014 0.306846 0.329760 0.047508 0.389823 -0.311896 0.055934 -0.051399 0.511372 -0.242365 -0.068363 -0.103482 -0.000477 -0.312664 -0.085794 0.133711 -0.080105 -0.146017 -0.120324 -0.236735 -0.307805 0.223010 0.015896 -0.067017 0.169687 0.168380 0.022374 -0.302097 -0.031529 -0.132360 0.006413 -0.241663 0.217417 -0.141719 -0.143611 -0.326616 -0.038145 -0.027799 -0.129322 -0.226412 -0.009565 0.075306 0.447322 0.061550 0.267997 -0.239666 -0.064952 0.073625 -0.218788 -0.041792 0.211556 0.272533 0.105162
0.060073 -0.009625 0.287236 0.271559 0.002683 0.392587 -0.292323 -0.282161 0.134484 -0.203564 0.293184 0.052365 0.096345 -0.164711 0.241720 0.149130 0.039702 0.003644 -0.055815 -0.102253 0.384819 0.182547 1.000000 0.197312 0.377695 0.337525 0.662134 0.545182 -0.162259 -0.315779 0.088865 -0.056935 0.008725 -0.092525 0.497792 0.283532 0.182287 0.417613 0.415838 0.222494 -0.216435 0.122915 -0.164763 -0.103878 -0.187602 0.036569 -0.096710 0.039181 -0.225173 -0.178238 -0.118456 -0.106607 -0.245043 -0.182909 0.189218 -0.061842 -0.117477 0.097595 -0.040664 -0.413083 -0.169768 -0.428045 -0.354484 -0.671055 0.423199 0.044699 -0.213349 0.229825 -0.044984 0.253175 -0.129189 0.141008 -0.077543 0.068162 0.112114 0.207145 0.199684 0.226071 -0.110963 -0.129922 -0.156335 -0.126838 -0.091246 -0.350201 0.166012 -0.085558 0.457923 0.120825 0.511516 0.135841 -0.240731 0.035252 -0.084652 0.393257 -0.050305 0.020717 -0.072510 0.071931 -0.170549 0.072618 -0.055337 -0.066539 -0.272578 -0.066196 0.084539 0.044339 -0.062255 0.116538 0.017697 0.025441 0.454882 0.031610 0.104052 0.395645 0.074176 0.285460
-0.417883 -0.408092 0.289600 0.262704 0.051565 0.302446 0.216221 0.222114 -0.071240 0.151759 -0.230509 0.068703 -0.332434 -0.215195 0.179003 0.168862 -0.260425 -0.390543 0.343010 0.155777 0.239141 0.105340 0.197312 1.000000 0.417513 0.478904 -0.010087 0.087705 0.257702 0.081529 0.554328 0.623145 0.254222 0.632212 0.400992 0.126944 0.026040 -0.019295 0.145317 -0.078460 -0.034320 -0.005211 -0.187149 -0.193408 -0.004394 0.078825 -0.092142 -0.209240 -0.251457 0.004674 -0.163156 -0.135898 -0.208596 0.009044 -0.081125 -0.116220 -0.298376 -0.387309 -0.465841 -0.435606 -0.096369 -0.152421 0.106952 -0.150598 0.450892 -0.060841 -0.356832 0.148472 -0.376072 -0.080228 -0.110361 0.405676 -0.040150 0.023105 0.080070 0.163844 -0.175786 -0.079757 -0.440008 -0.120851 -0.188321 -0.313743 0.283959 0.331516 0.190147 0.127213 0.060420 0.314487 0.266722 0.153724 -0.084320 0.091300 0.231111 -0.033500 -0.192753 0.038788 -0.105136 -0.283459 -0.264283 -0.348902 -0.496964 -0.464660 -0.326003 -0.156840 -0.106809 0.009037 -0.193940 0.023769 0.056093 -0.342340 -0.184512 -0.358571 -0.311223 0.030672 0.041041 -0.116716
-0.343820 -0.136243 0.296564 0.238283 0.604662 0.596597 -0.190513 0.031632 0.386546 0.370687 -0.020568 -0.164129 -0.147246 -0.472575 -0.039508 -0.380160 0.085799 -0.288121 0.077075 -0.022894 0.063094 0.129997 0.377695 0.417513 1.000000 0.545014 0.331033 0.052266 0.095057 -0.226109 0.131980 0.219461 0.233154 0.168358 0.465063 0.292775 0.099425 -0.116349 0.267066 -0.026333 0.050046 -0.022017 -0.116459 -0.105792 0.118135 0.247034 -0.097566 -0.123384 -0.266047 -0.021202 -0.112993 -0.084091 -0.110659 -0.061690 0.139898 -0.104130 -0.121867 -0.054290 -0.057747 -0.115596 -0.016272 -0.012911 -0.248321 -0.338515 0.363691 0.129228 0.008312 0.344920 -0.206406 0.064454 -0.323277 0.236200 -0.136678 -0.225120 -0.156044 -0.089873 -0.153584 -0.069605 -0.035885 -0.086526 0.035785 -0.002020 0.046225 -0.029623 -0.017538 -0.118492 0.045786 0.216691 0.309426 0.057710 0.030008 0.135533 0.073051 -0.019189 -0.373797 -0.113290 -0.314679 -0.388347 -0.119485 -0.133504 -0.273609 -0.183834 -0.185577 0.073242 0.161225 0.343659 -0.212567 0.219856 -0.168820 -0.105237 -0.057289 -0.202632 -0.057328 -0.013371 -0.072959 0.011369
-0.178118 -0.407489 0.288935 0.143051 -0.148838 0.640375 -0.292663 0.028493 -0.188148 -0.112063 0.186222 -0.077751 -0.140370 -0.269887 0.217292 0.132114 -0.153187 -0.358586 -0.039138 -0.178481 0.563661 0.586358 0.337525 0.478904 0.545014 1.000000 0.334536 0.452093 0.154853 -0.422162 0.649993 0.674923 0.081312 0.384640 0.593143 0.207364 0.012399 0.127429 0.252807 0.131919 -0.016306 0.003585 -0.209519 -0.231826 -0.145104 0.087815 -0.285562 -0.217083 -0.580553 -0.294916 -0.132747 -0.161899 -0.033703 -0.143540 0.046968 -0.314281 -0.045861 -0.154559 0.021462 -0.230347 0.019048 -0.062920 -0.365022 -0.435944 0.511440 0.161916 -0.014707 0.388930 -0.158969 0.119230 -0.031812 0.681916 -0.323638 -0.288953 -0.195910 0.067374 -0.304638 -0.122072 -0.170828 -0.386890 -0.093760 -0.213751 -0.058891 -0.213506 0.234111 -0.128931 0.126599 0.351103 0.362274 0.223472 -0.397209 -0.000944 -0.018631 0.066292 -0.254913 0.232136 -0.150554 -0.171018 -0.377167 -0.147608 -0.247983 -0.456483 -0.374105 -0.153345 0.021431 0.331561 -0.117906 0.141058 -0.185050 -0.141678 0.064687 -0.280550 -0.270585 0.175497 0.330359 0.062178
0.071068 0.002062 -0.006015 0.230051 0.060989 0.520858 -0.476226 -0.277883 0.161398 0.036688 0.237741 -0.018179 0.201502 -0.074634 0.192950 0.247734 0.102575 -0.124981 -0.287918 -0.271414 0.252256 0.077364 0.662134 -0.010087 0.331033 0.334536 1.000000 0.646590 -0.329727 -0.446111 0.025284 -0.104713 -0.131429 -0.124765 0.267975 0.237896 0.194754 0.422338 0.433692 0.414284 -0.133697 0.107441 -0.147616 -0.136368 -0.196230 -0.015268 -0.144279 -0.015619 -0.301715 -0.238522 0.051610 -0.010700 0.020981 -0.157199 0.441003 -0.053811 0.100327 0.235438 0.103023 -0.303187 0.097458 -0.384236 -0.273707 -0.552584 0.370642 0.052065 -0.144896 0.063394 0.106848 0.179025 -0.079902 0.143377 -0.269821 -0.236608 -0.266210 0.067628 0.139976 0.259601 0.001040 -0.252348 -0.049587 -0.166776 -0.015945 -0.246327 0.054735 -0.068164 0.642376 0.319532 0.554108 0.475030 -0.141264 -0.044567 0.051163 0.216945 0.117808 -0.060235 0.076184 0.245450 -0.225384 0.187280 0.191798 0.015793 -0.329672 -0.009940 0.058635 -0.045974 -0.017953 0.034208 0.160280 0.137362 0.391634 0.075094 0.056053 0.343191 0.017495 0.170054
0.080079 0.044203 0.025967 0.295058 -0.396588 0.436572 -0.458376 -0.336235 -0.196604 -0.220170 0.279402 0.093525 -0.046669 -0.103178 0.240126 0.415660 -0.172563 -0.145738 -0.254717 -0.270541 0.405753 0.323237 0.545182 0.087705 0.052266 0.452093 0.646590 1.000000 -0.361756 -0.457768 0.318340 0.087821 -0.489531 -0.115151 0.164587 0.096478 -0.122627 0.452823 0.297075 0.345006 -0.240644 0.043513 -0.034560 -0.025241 -0.297313 -0.061936 -0.099324 0.017884 -0.252374 -0.186971 0.156755 0.194170 0.047218 -0.023233 0.151896 -0.133439 0.055931 0.146449 0.133910 -0.334281 -0.128583 -0.518949 -0.384806 -0.594095 0.369733 0.081788 -0.229019 -0.037589 -0.014304 -0.033194 0.241768 0.249094 -0.260055 -0.129890 -0.124774 0.276699 0.042696 0.384237 -0.060282 -0.315010 -0.378130 -0.439073 -0.062780 -0.356795 0.208365 0.089417 0.619471 0.331818 0.333892 0.359721 -0.295040 0.027031 0.128597 0.331830 0.424689 0.206759 0.234437 0.515023 -0.355379 0.175104 0.177582 -0.135489 -0.262573 -0.394831 0.154240 -0.240083 -0.000562 -0.086287 0.344620 0.313374 0.454879 0.180866 0.130366 0.552141 0.282758 0.215554
0.057897 -0.236211 0.257279 -0.468948 -0.055116 -0.094124 0.441700 0.051381 -0.087227 -0.226103 0.246808 0.051961 0.223767 -0.125743 0.304641 -0.008398 0.133469 -0.043328 0.284383 0.304070 0.210731 0.124362 -0.162259 0.257702 0.095057 0.154853 -0.329727 -0.361756 1.000000 0.271195 0.358626 0.428370 0.355204 0.395256 0.169115 -0.261533 0.286190 -0.215537 -0.016900 -0.105581 0.385834 -0.068532 -0.359501 -0.441674 -0.215694 -0.270723 -0.370712 -0.463717 -0.392591 -0.348806 -0.282759 -0.465793 -0.163842 -0.190181 -0.165395 -0.322303 0.202292 -0.071979 -0.225496 -0.270779 0.304504 0.126573 0.277696 0.121916 0.133335 -0.089667 -0.015513 0.095832 0.051571 0.127235 -0.102321 0.172823 0.467233 -0.039409 0.045362 -0.121884 -0.163006 -0.517607 0.098857 0.237928 0.504274 0.478630 0.421403 0.285895 0.461310 0.044513 -0.329677 0.002308 0.073727 -0.257170 -0.351410 0.258806 -0.172691 0.023920 -0.347358 0.153748 -0.259316 -0.218233 -0.098102 -0.083051 -0.441405 -0.087231 -0.037456 0.017487 -0.314286 0.319237 -0.035662 0.295585 -0.307823 -0.290594 -0.383678 -0.458267 -0.208988 -0.207002 0.257135 0.024089
0.236789 0.224086 -0.280720 -0.340743 0.001993 -0.491814 0.277622 -0.172254 -0.019837 0.024664 -0.402877 -0.147636 -0.221902 -0.025031 0.051227 -0.006318 0.169214 0.506647 0.276606 0.300061 -0.274266 -0.296212 -0.315779 0.081529 -0.226109 -0.422162 -0.446111 -0.457768 0.271195 1.000000 -0.018771 -0.037362 0.209994 0.191930 -0.218894 -0.132260 0.045962 0.016330 -0.052507 -0.240460 0.010136 0.233799 -0.108271 -0.134186 0.054328 -0.183689 0.069375 -0.125299 0.263716 0.187671 0.162663 0.175331 0.054871 0.161648 -0.341651 0.192744 0.143052 -0.012086 -0.115245 0.012917 -0.088120 0.165263 0.282002 0.467710 -0.269516 -0.395340 -0.183353 -0.495370 0.142629 -0.264080 0.174485 -0.207125 0.673346 0.494941 0.417392 0.219553 0.508717 0.194007 -0.070864 0.475222 0.166951 0.323853 0.342899 0.566966 -0.161788 -0.041323 -0.045075 -0.335368 -0.381289 -0.254700 -0.006962 0.047517 -0.212826 -0.212133 0.004141 -0.280133 0.147643 -0.130572 0.436763 0.235917 -0.348195 -0.146255 0.046386 -0.064612 -0.409552 -0.339029 -0.191760 -0.271664 0.139673 -0.077374 -0.259874 0.283974 0.169956 -0.289171 -0.209798 -0.210133
-0.034520 -0.417142 0.189840 -0.236498 -0.501054 0.244224 0.048534 -0.064038 -0.539733 -0.315802 0.187254 -0.063792 -0.195313 -0.135733 0.342106 0.454652 -0.305189 -0.248252 0.174225 -0.090987 0.646617 0.439604 0.088865 0.554328 0.131980 0.649993 0.025284 0.318340 0.358626 -0.018771 1.000000 0.852713 0.030461 0.543314 0.220095 -0.189426 -0.231544 0.003210 -0.072101 -0.090458 -0.046721 -0.086414 -0.110656 -0.158739 -0.125298 -0.034223 -0.104912 -0.292292 -0.398948 -0.205027 -0.085212 0.015989 0.052141 0.040317 -0.194655 -0.254849 -0.060287 -0.178597 -0.075021 -0.325147 0.040455 -0.085194 -0.132821 -0.198909 0.460858 -0.078636 -0.173934 -0.003366 -0.178761 -0.167374 0.152589 0.703398 -0.029205 -0.067435 -0.064823 0.381622 -0.168868 -0.067019 -0.175597 -0.196445 -0.204123 -0.291663 0.110413 -0.011656 0.277979 -0.125783 0.090382 0.246601 0.113465 0.076162 -0.469194 0.128882 -0.093362 0.098243 -0.054386 0.366972 0.026405 -0.025128 -0.343239 -0.064047 -0.329360 -0.364742 -0.343664 -0.347428 -0.208011 0.075085 -0.149725 -0.086062 -0.098937 -0.034614 -0.152327 -0.130668 -0.417423 0.165486 0.389103 -0.119664
-0.291531 -0.587452 0.185007 -0.118369 -0.292463 0.224847 0.081206 0.273729 -0.395480 -0.062255 0.104253 0.012321 -0.182664 -0.100221 0.222995 0.285832 -0.357417 -0.445419 0.115289 -0.143498 0.531810 0.471427 -0.056935 0.623145 0.219461 0.674923 -0.104713 0.087821 0.428370 -0.037362 0.852713 1.000000 0.193928 0.671662 0.301757 -0.134883 -0.148531 -0.122649 -0.187492 -0.107913 0.099406 -0.012380 -0.064674 -0.116715 -0.053358 0.046888 -0.105481 -0.303805 -0.491646 -0.177444 -0.263539 -0.157383 -0.019696 -0.024340 -0.252024 -0.304861 -0.228239 -0.400425 -0.239683 -0.270115 0.078997 0.187950 -0.103882 -0.096109 0.460182 0.099293 -0.158856 0.185733 -0.284438 -0.045264 -0.058756 0.659182 -0.112266 -0.112109 -0.083235 0.293740 -0.327010 -0.213860 -0.279274 -0.288041 -0.211659 -0.249410 0.099543 0.111220 0.295211 -0.023157 -0.083549 0.409386 0.139226 0.062996 -0.309216 0.045957 0.057284 0.011806 -0.257018 0.377685 -0.185459 -0.200439 -0.386715 -0.295824 -0.237333 -0.365723 -0.384393 -0.079610 -0.181472 0.366964 -0.149097 0.110683 -0.270685 -0.209545 -0.239569 -0.397861 -0.376196 0.153049 0.339595 -0.065581
-0.131688 -0.271691 0.176007 -0.175126 0.162323 0.007801 0.292169 0.300140 0.062989 0.170090 -0.132308 0.217118 0.009066 -0.008706 -0.026744 -0.176281 0.043009 -0.102039 0.251432 0.157783 -0.130743 0.008279 0.008725 0.254222 0.233154 0.081312 -0.131429 -0.489531 0.355204 0.209994 0.030461 0.193928 1.000000 0.409725 0.410488 0.100690 0.327197 -0.198151 -0.138410 -0.062897 0.102889 0.108186 -0.296975 -0.246685 0.118627 0.092098 -0.159921 -0.149905 -0.243843 -0.029536 -0.315660 -0.289478 -0.258101 -0.118275 -0.098173 -0.147512 -0.127071 -0.156570 -0.181685 -0.050500 0.196350 0.435031 0.043460 0.112802 0.201589 0.110583 0.011007 0.292841 -0.110628 0.206154 -0.411932 0.082098 -0.015670 0.178441 0.167953 -0.075331 0.053121 -0.286811 -0.216114 0.169971 0.240585 0.226296 0.035553 0.275338 0.034437 -0.017219 -0.403615 0.094595 0.083940 -0.211790 -0.080850 -0.060334 -0.009456 -0.204058 -0.724322 -0.257328 -0.274103 -0.535722 0.009832 -0.334758 -0.344976 -0.115031 -0.394650 0.366824 -0.292144 0.292600 -0.428635 0.184243 -0.455718 -0.652241 -0.215130 -0.351923 -0.119547 -0.383639 -0.465637 -0.224899
-0.196700 -0.448692 0.247211 0.007446 -0.071939 0.128011 0.322703 0.382661 -0.166992 0.122838 -0.222469 0.140794 -0.232592 -0.041925 0.099309 0.210274 -0.289190 -0.221242 0.299087 0.220255 0.206853 0.078912 -0.092525 0.632212 0.168358 0.384640 -0.124765 -0.115151 0.395256 0.191930 0.543314 0.671662 0.409725 1.000000 0.190644 -0.023979 -0.068918 -0.142635 -0.068110 -0.036203 0.040886 0.013910 -0.180050 -0.236756 -0.042075 -0.038745 -0.154356 -0.340540 -0.404872 -0.153997 -0.263214 -0.278708 -0.242821 -0.082529 -0.192266 -0.245670 -0.162750 -0.253500 -0.301068 -0.332056 0.232564 0.177255 0.261332 0.079824 0.427126 -0.067364 -0.270760 0.038564 -0.234790 -0.204461 -0.158022 0.282061 0.087296 0.076840 0.023045 0.175897 -0.167100 -0.097971 -0.295928 -0.040377 -0.061066 -0.161942 0.255010 0.381943 0.040453 0.037120 -0.085959 0.259737 0.109987 -0.009876 -0.186052 -0.050513 0.168575 -0.127895 -0.188938 0.056947 -0.182132 -0.247262 -0.267262 -0.381893 -0.491446 -0.366712 -0.445471 -0.087920 -0.407405 0.085627 -0.299383 -0.027272 -0.085806 -0.417461 -0.331367 -0.387681 -0.380034 -0.112183 -0.003473 -0.167244
-0.114598 -0.241039 0.228184 0.113726 0.021829 0.453690 -0.246444 -0.035446 -0.095840 -0.063294 0.090571 0.148551 -0.128786 -0.197660 0.147503 -0.103516 0.142141 -0.255044 -0.062357 0.143197 0.365041 0.363806 0.497792 0.400992 0.465063 0.593143 0.267975 0.164587 0.169115 -0.218894 0.220095 0.301757 0.410488 0.190644 1.000000 0.565874 0.381977 0.166584 0.295652 0.195675 -0.083768 0.002157 -0.441969 -0.364924 -0.026890 0.208269 -0.373470 -0.164717 -0.468646 -0.223782 -0.238894 -0.280374 -0.208541 -0.309448 0.038628 -0.305414 -0.088903 -0.068461 -0.020727 -0.250617 -0.215817 0.000403 -0.397175 -0.434342 0.384432 0.172984 -0.037830 0.567581 -0.099607 0.440639 -0.134099 0.436279 -0.233707 0.041826 0.058805 0.059889 0.004716 -0.112525 -0.325263 -0.248273 0.074672 -0.029258 -0.016871 -0.020760 0.265560 -0.001094 -0.001367 0.228314 0.374767 0.075491 -0.238218 -0.034374 0.020695 0.104446 -0.540222 0.160270 -0.322912 -0.248999 -0.158325 -0.123659 -0.231812 -0.328064 -0.322616 0.125492 0.112515 0.422158 -0.071344 0.331760 -0.259673 -0.384056 0.145776 -0.321253 0.014910 0.148747 -0.007523 0.203196
-0.157010 -0.031875 0.039871 0.288981 0.208591 0.223231 -0.352852 0.014388 0.082306 0.199402 -0.225327 0.143027 -0.273446 -0.027086 -0.313450 -0.325971 0.316751 -0.074983 -0.371040 0.119399 -0.032172 0.049211 0.283532 0.126944 0.292775 0.207364 0.237896 0.096478 -0.261533 -0.132260 -0.189426 -0.134883 0.100690 -0.023979 0.565874 1.000000 0.332720 0.252853 0.219137 0.223727 -0.137652 0.130341 -0.049582 -0.041584 0.213952 0.406874 -0.100650 0.150196 -0.157932 0.095583 -0.210216 -0.248247 -0.276715 -0.281341 0.035498 -0.084477 0.022329 0.043170 0.044976 -0.106251 -0.294967 -0.073345 -0.115743 -0.221880 0.052703 0.060070 -0.078702 0.430786 -0.038358 0.206913 -0.034740 0.101651 -0.152094 0.113447 0.104945 -0.070383 0.074792 0.244362 -0.191129 -0.193167 0.082353 -0.053074 -0.190161 -0.031797 -0.104995 0.113039 0.112333 0.027927 0.101604 0.026760 0.076310 -0.203976 0.130744 -0.121498 -0.191284 0.002549 -0.072686 0.001991 0.057701 0.059129 -0.057766 -0.261203 -0.201591 0.075069 0.208052 0.098825 0.041760 0.113368 -0.006900 -0.124507 0.427261 -0.096573 0.108598 0.106222 -0.248084 0.183260
