1.000000 0.536030 -0.273075 -0.111650 0.123666 -0.303872 0.217155 -0.284520 -0.085830 -0.209367 0.570694 0.398958 0.466456 0.277417 0.109893 0.056328 0.625250 0.403612 0.304042 0.062587 -0.441247 -0.103475 -0.087974 -0.019751 -0.385396 -0.307038 0.138707 -0.186976 0.494836 0.468971 -0.528556 -0.476206 0.333657 -0.269623 -0.500148 -0.226095 0.329596 -0.318443 -0.028519 0.024005 -0.128835 -0.346350 -0.174945 -0.264840 -0.464705 -0.478735 -0.203272 -0.161535 -0.397069 -0.298919 -0.269422 -0.158544 0.202632 0.406314 -0.209842 -0.093107 0.639986 0.378155 -0.085817 -0.123795 0.383468 0.180129 0.488277 0.453815 -0.350612 -0.351030 -0.145723 -0.577623 0.346372 -0.016991 -0.146206 -0.381900 0.557096 0.275762 0.387324 0.067391 0.495563 -0.308838 0.390225 0.427386 0.293400 0.379710 0.028973 -0.050087 0.187528 0.146319 -0.060525 -0.138170 -0.200171 -0.251608 -0.017031 0.196522 -0.174148 -0.012982 -0.215494 -0.074720 -0.341492 -0.129052 -0.066712 0.117409 0.251401 -0.099889 -0.032917 0.023261 0.121327 0.089625 -0.079517 -0.065141 0.236430 -0.075359 -0.077971 0.000054 0.062509 -0.147096 -0.034746 -0.057814
0.536030 1.000000 -0.508704 -0.215021 0.237287 -0.155153 -0.056810 -0.139078 0.051220 0.079537 0.153763 0.516389 0.206828 0.518930 0.042742 0.337212 0.230638 0.102291 0.032617 0.391689 -0.286179 -0.119049 -0.552774 -0.469752 -0.569466 -0.483528 0.039365 -0.264620 0.162679 0.422289 -0.512171 -0.543738 0.138929 -0.334640 -0.532014 -0.286954 -0.114346 -0.532839 -0.316728 -0.265905 -0.025389 -0.139851 0.001104 -0.099385 -0.195504 -0.379710 -0.070348 -0.038301 0.107573 0.069309 -0.108069 0.381692 0.416485 0.225946 -0.219172 -0.347286 0.236800 0.307828 0.127572 0.383745 0.248980 0.552519 0.309100 0.436119 -0.569893 0.151422 -0.023675 -0.434540 0.432347 -0.045599 -0.195241 -0.462390 0.389959 0.211469 0.077457 -0.272601 0.225316 -0.260907 -0.109539 0.144710 0.103473 0.175180 -0.030247 0.053418 -0.035400 0.124979 -0.056395 -0.130331 -0.208384 -0.051198 0.163559 0.067318 -0.085626 -0.088848 -0.138737 -0.040089 -0.283610 -0.130150 -0.055712 -0.023111 0.318592 -0.340118 -0.090386 -0.160645 -0.038697 -0.179082 0.030799 -0.022992 -0.029846 -0.022587 -0.129107 0.351399 0.260725 -0.115677 -0.220733 0.007098
-0.273075 -0.508704 1.000000 0.530581 0.162599 0.161120 0.564828 0.543628 0.253886 0.194476 -0.169009 -0.348338 -0.068890 -0.433468 0.023374 -0.307785 -0.284511 -0.135424 0.176391 0.053749 0.131996 0.205267 0.564686 0.198978 0.561385 0.302292 -0.061104 0.117238 -0.278963 -0.483386 0.426251 0.430567 -0.074929 0.441815 0.418721 0.406760 -0.284003 0.065675 0.060233 0.177316 -0.044223 0.082073 -0.385012 -0.187941 -0.123207 0.067667 -0.349677 -0.204831 -0.136339 -0.275730 0.156742 -0.374874 -0.250904 -0.561838 -0.051714 -0.151951 -0.186838 -0.392552 0.179302 -0.415604 0.074516 -0.257927 -0.347629 -0.425025 0.380619 0.077726 -0.174451 0.294239 -0.154042 -0.098433 0.161948 0.121787 -0.328102 -0.205742 -0.145733 0.127740 -0.473350 0.016238 -0.262227 -0.397722 -0.442800 -0.241197 -0.240769 -0.132499 -0.374928 -0.428515 -0.005091 0.057527 0.166425 0.084291 -0.056294 0.103147 0.267069 0.247057 0.260913 0.320875 0.005825 0.477376 -0.341402 -0.218352 -0.134273 0.342553 0.253293 0.662621 0.144594 0.387020 0.082756 0.238052 0.300896 0.290604 -0.134492 -0.346297 0.057313 0.245649 0.079711 0.217230
-0.111650 -0.215021 0.530581 1.000000 -0.098472 0.183250 0.276216 0.532616 0.119667 0.177033 0.034627 -0.142406 -0.096669 -0.260150 0.314827 0.021301 -0.221750 -0.077763 0.167601 0.033667 0.006353 0.098786 0.566593 0.244747 0.372798 0.241507 0.076014 0.341336 -0.150851 -0.344474 0.142484 0.307193 -0.230892 0.312863 0.134762 0.123884 -0.054026 0.058901 0.111454 -0.079727 0.160007 0.045742 -0.528253 -0.421693 -0.481438 -0.329311 -0.485689 -0.326792 -0.268763 -0.466225 -0.010432 -0.415555 -0.048656 -0.464323 0.037497 -0.388466 -0.130316 -0.323270 0.011040 -0.340795 -0.060740 -0.207888 -0.241737 -0.279244 0.450550 0.323141 -0.291820 0.079517 -0.082837 -0.090459 0.178507 -0.020943 -0.214009 -0.007748 0.202740 0.031523 -0.044160 0.129801 -0.163716 -0.233787 -0.471146 -0.336743 -0.219460 0.167621 -0.054566 -0.053697 -0.118794 0.185320 0.384539 0.410093 0.092396 0.189585 0.456257 0.035664 -0.031067 0.182334 -0.208981 0.176628 -0.129067 -0.353607 0.108054 0.228093 0.152399 0.386354 0.065282 0.256770 0.054679 0.222999 0.071761 0.200190 -0.303689 -0.367656 -0.101989 0.169191 -0.070229 -0.026534
0.123666 0.237287 0.162599 -0.098472 1.000000 0.377605 0.184873 0.079023 0.487558 0.370925 0.074059 0.201898 0.037423 0.142372 0.218260 0.177443 -0.142161 -0.197167 0.093491 -0.036011 0.072530 0.198261 -0.031871 -0.166239 0.154375 -0.119623 0.318575 -0.144955 -0.089394 0.077901 0.011514 -0.029693 -0.179618 0.032157 -0.003932 0.220433 -0.369227 -0.350480 -0.349451 0.118166 -0.260181 0.032428 -0.033220 -0.022997 0.075196 0.134522 -0.090915 0.010376 0.039587 0.166856 -0.308173 0.011127 0.119178 -0.126360 -0.378372 -0.236499 0.074884 0.143544 0.532805 0.064075 0.349191 0.288611 0.117112 -0.102616 -0.014599 0.192658 0.012524 0.020879 0.142457 0.018329 -0.252753 -0.255418 -0.114768 -0.278393 -0.310967 -0.144382 -0.266709 -0.071297 -0.151194 -0.150917 -0.014379 0.041430 0.030758 0.081771 -0.154394 -0.209893 -0.011516 -0.116438 0.030010 -0.046757 0.035960 -0.073247 0.076920 0.204526 0.102499 0.084318 -0.254687 0.143863 -0.254931 -0.277454 -0.175473 0.176283 0.239726 0.285998 0.002024 -0.182836 -0.114829 -0.171508 0.168728 0.137305 -0.006763 0.000001 0.317599 0.061247 -0.142058 0.011723
-0.303872 -0.155153 0.161120 0.183250 0.377605 1.000000 -0.231493 0.019539 0.372684 0.293133 -0.224151 -0.286785 -0.387174 -0.256896 0.410105 0.196022 -0.247033 -0.148427 0.025623 -0.210842 0.273118 0.377030 0.342234 0.143870 0.591977 0.493379 0.584299 0.401086 -0.179454 -0.277039 0.067959 0.099882 -0.275766 0.149948 0.177916 0.119769 -0.068587 -0.009605 -0.184748 0.042900 -0.277449 -0.063409 -0.237527 -0.255432 -0.090141 0.082919 -0.254635 -0.322934 -0.036780 -0.125067 0.033446 -0.169592 0.057057 -0.308123 0.125234 -0.275228 -0.056966 0.280100 0.394123 -0.023031 -0.062779 -0.107087 -0.253379 -0.267434 0.436422 0.324663 0.122621 0.308166 0.168688 0.153899 -0.053959 -0.011425 -0.476241 -0.299438 -0.263869 -0.209361 -0.258920 0.003150 0.120491 -0.091649 -0.305257 -0.149448 0.084044 0.265217 0.126917 0.013423 0.042495 0.011486 0.595726 0.292984 -0.045054 -0.108383 0.190212 0.228045 0.148634 -0.303068 -0.297855 -0.193034 -0.125630 -0.347913 -0.143815 0.235779 0.191061 0.122686 -0.009653 -0.132811 -0.159336 -0.366977 -0.301065 -0.206833 -0.324452 -0.190141 -0.158234 -0.228628 0.005317 -0.134430
0.217155 -0.056810 0.564828 0.276216 0.184873 -0.231493 1.000000 0.562681 0.207771 0.235070 0.304881 0.156874 0.472329 0.092016 0.088693 -0.037967 0.079678 -0.109932 0.332944 0.036436 -0.338178 0.122069 0.059320 -0.113283 -0.075449 -0.125838 -0.321091 -0.421459 0.076904 0.071855 0.107831 0.040914 0.073095 0.249066 0.145871 0.407166 -0.109660 -0.150294 0.026182 0.379815 -0.208614 -0.035876 -0.314774 -0.183550 -0.200482 -0.140075 -0.204379 -0.007370 -0.218697 -0.224593 -0.209925 -0.241431 -0.063903 -0.217252 -0.394876 -0.057349 -0.249636 -0.459957 0.198555 -0.225189 0.545027 0.221796 0.094650 -0.121512 -0.148886 -0.100844 -0.185915 -0.057009 0.057029 -0.108747 0.029537 -0.315333 0.100032 0.071189 0.166901 0.205798 -0.128823 -0.239601 -0.098785 -0.244477 -0.001939 -0.169232 0.070466 -0.006986 -0.390134 -0.437410 0.025644 -0.041159 -0.288094 -0.200440 -0.021957 0.271057 0.026108 0.175598 -0.033063 0.334805 -0.190549 0.385637 -0.458112 -0.082287 0.117182 -0.074601 -0.064657 0.417008 0.278095 0.488511 0.130294 0.179771 0.387079 0.227845 -0.144585 -0.215151 0.207030 0.264072 0.041608 0.207304
-0.284520 -0.139078 0.543628 0.532616 0.079023 0.019539 0.562681 1.000000 0.129569 0.507786 -0.083051 0.107923 0.071583 0.085567 0.008786 0.093616 -0.349774 -0.195514 -0.178091 0.185008 0.073579 0.200967 0.039916 -0.078614 0.140492 0.143515 -0.302875 -0.204433 -0.225381 -0.098995 0.309846 0.329932 -0.285088 0.303570 0.243477 0.339388 -0.285424 -0.039056 -0.109111 0.152358 0.006689 0.151573 -0.374047 -0.205958 -0.172496 -0.134559 -0.226393 -0.185935 -0.083409 -0.241142 -0.144742 -0.147369 -0.202252 -0.505799 -0.319482 -0.333969 -0.463604 -0.514058 0.232090 -0.019997 0.139045 0.238284 -0.217870 -0.298045 0.036359 0.432533 -0.255663 0.177271 -0.233728 -0.289749 0.336947 0.024689 -0.171477 -0.040969 -0.071755 0.122705 -0.313896 0.102729 -0.393361 -0.455636 -0.370222 -0.407171 -0.168987 0.141006 -0.440801 -0.383324 -0.115675 0.118890 -0.006750 0.224827 0.129727 0.140791 0.489915 0.074140 0.144398 0.319283 -0.042372 0.382028 -0.417899 -0.391861 0.084517 -0.009543 0.018209 0.423681 0.049857 0.337345 0.238988 0.324266 0.124975 0.284960 -0.137584 -0.250354 0.244314 0.177549 -0.154252 0.129553
-0.085830 0.051220 0.253886 0.119667 0.487558 0.372684 0.207771 0.129569 1.000000 0.685556 -0.149698 -0.110018 -0.174677 -0.064873 0.459717 0.354960 -0.150776 -0.448255 0.285736 -0.021636 -0.071872 0.134368 0.038855 -0.214021 0.230757 0.067744 0.144047 -0.021618 -0.099517 -0.120447 -0.005174 -0.104925 -0.314556 0.129127 -0.064863 -0.025540 -0.450593 -0.368293 -0.235536 -0.099407 -0.207572 -0.067627 -0.098962 -0.058377 -0.072902 -0.087292 -0.067264 0.022738 0.094795 0.008004 0.198367 -0.023494 0.388722 -0.009095 -0.130798 -0.297090 -0.130443 0.062200 0.408891 0.219447 0.293368 0.142809 -0.066552 -0.153545 0.085303 0.159072 0.183700 0.014237 0.316283 0.141198 -0.206632 -0.104586 -0.374704 -0.145426 -0.295466 -0.330961 -0.246870 -0.225272 -0.143237 -0.239473 -0.184265 -0.316054 0.271618 0.339968 -0.073980 -0.116204 -0.035275 -0.234014 0.281758 0.137283 0.299105 0.293374 0.107513 0.349451 -0.286649 -0.044214 -0.342327 -0.130862 -0.194197 -0.142097 0.207772 -0.099511 0.238051 -0.031412 -0.031919 -0.164220 0.238079 -0.157840 -0.110085 -0.078675 -0.206243 0.059318 0.104804 0.049840 -0.226496 0.026956
-0.209367 0.079537 0.194476 0.177033 0.370925 0.293133 0.235070 0.507786 0.685556 1.000000 -0.118439 0.037465 -0.099619 0.113079 0.343061 0.602971 -0.353022 -0.480326 0.039523 0.029612 0.032110 0.242549 -0.123608 -0.252293 0.102180 0.098042 -0.115811 -0.166100 -0.159220 -0.009662 0.113233 0.107623 -0.533865 0.055705 -0.116552 0.002488 -0.418280 -0.341328 -0.123523 -0.031865 -0.039887 0.053610 -0.156923 -0.122590 -0.176572 -0.182166 0.010827 0.024190 0.038457 -0.073038 0.018388 0.077981 0.330024 -0.076110 -0.200086 -0.389798 -0.361857 -0.164687 0.366707 0.356913 0.279234 0.433278 -0.047552 -0.276204 -0.052026 0.419538 0.077019 0.025232 0.177740 0.099152 -0.017000 0.024730 -0.314719 -0.138837 -0.261593 -0.308131 -0.319142 -0.148458 -0.333120 -0.424828 -0.234077 -0.450582 0.184206 0.503875 -0.158772 -0.210694 -0.168438 -0.046260 0.230459 0.300174 0.468717 0.387312 0.304400 0.222668 -0.103544 0.171218 -0.270784 0.001352 -0.219770 -0.355851 0.216435 -0.202581 0.171425 0.133309 -0.180273 -0.178232 0.299451 0.000696 -0.076207 0.122875 -0.102435 -0.058370 0.236574 0.038976 -0.378861 0.210523
0.570694 0.153763 -0.169009 0.034627 0.074059 -0.224151 0.304881 -0.083051 -0.149698 -0.118439 1.000000 0.534144 0.579476 0.248373 0.285967 0.080154 0.453632 0.241348 0.247403 -0.365486 -0.286297 -0.061175 0.113937 0.201413 -0.090947 -0.241847 0.177739 -0.165671 0.476313 0.436200 -0.188028 -0.047779 0.007680 -0.099229 -0.149785 0.016364 0.414353 -0.113233 0.075040 0.071062 0.002492 -0.075301 -0.111745 -0.153644 -0.300955 -0.254583 -0.111575 0.026611 -0.411459 -0.184537 -0.501436 -0.273346 0.090275 0.309821 -0.277681 0.005972 0.176701 0.034766 -0.158739 -0.233708 0.372372 0.080040 0.440139 0.189572 -0.035088 -0.289174 -0.210716 -0.342305 0.058021 0.118886 -0.208218 -0.397277 0.531810 0.233552 0.435185 0.189513 0.458945 -0.052440 0.226561 0.361589 0.473505 0.340167 0.221820 0.144956 0.239399 0.225103 0.053902 0.191551 -0.285200 -0.309188 -0.060468 0.160012 -0.067632 0.041594 -0.037865 0.102247 -0.373707 -0.002166 -0.053319 -0.080122 -0.072961 0.019422 -0.151621 0.046114 -0.085970 0.073752 -0.242633 -0.136331 0.329683 0.142653 0.003373 -0.136403 -0.022040 0.000170 0.148121 -0.172037
0.398958 0.516389 -0.348338 -0.142406 0.201898 -0.286785 0.156874 0.107923 -0.110018 0.037465 0.534144 1.000000 0.452979 0.779451 0.015207 0.188212 0.222774 0.138118 -0.080107 0.205984 -0.263911 -0.213334 -0.441289 -0.128661 -0.449490 -0.550286 -0.137942 -0.508977 0.436036 0.589168 -0.285473 -0.191347 -0.111863 -0.258332 -0.185066 0.045278 0.073189 -0.300772 -0.370890 -0.073427 -0.141197 -0.022529 0.023426 -0.020555 -0.000181 -0.136206 0.043740 0.011824 0.011453 0.136684 -0.508278 0.166203 0.227819 0.230284 -0.492284 -0.107878 -0.020263 -0.016382 -0.093119 -0.014825 0.169840 0.437762 0.304144 0.243596 -0.405781 0.061268 -0.360038 -0.358414 -0.063465 -0.201090 -0.117474 -0.305062 0.512898 0.242295 0.172421 0.086172 0.217533 -0.044753 0.047092 0.242468 0.301400 0.258816 -0.016701 0.093066 -0.103610 0.197332 -0.236633 -0.068021 -0.338925 -0.156171 0.062918 0.147370 0.211361 0.042022 -0.091923 -0.094363 -0.351415 -0.067653 -0.018978 0.027856 0.079092 -0.106274 -0.205535 -0.135344 0.046619 0.043328 -0.064999 -0.140750 -0.025555 -0.117790 -0.048741 0.100032 0.264667 0.093837 0.102820 -0.242397
0.466456 0.206828 -0.068890 -0.096669 0.037423 -0.387174 0.472329 0.071583 -0.174677 -0.099619 0.579476 0.452979 1.000000 0.427983 0.182870 0.058403 0.319765 0.038533 0.220273 -0.142392 -0.333850 -0.155983 -0.208248 0.062068 -0.381384 -0.375712 -0.134246 -0.406691 0.440961 0.448114 -0.179365 -0.125880 0.117343 -0.248039 -0.158575 -0.128016 0.166475 -0.104414 0.015677 0.198162 0.040403 0.079839 -0.067363 -0.083930 -0.170796 -0.249488 -0.014741 0.029257 -0.108787 -0.122431 -0.254328 0.059954 0.229465 0.284532 -0.217793 0.063320 0.077909 -0.078565 -0.035125 -0.006204 0.551842 0.344750 0.427405 0.283278 -0.362891 -0.189806 -0.158875 -0.328086 -0.192440 -0.244064 -0.074124 -0.399907 0.484831 0.218414 0.250188 0.264685 0.261151 -0.052466 0.073657 0.200470 0.248811 0.097230 0.107615 0.044618 -0.102485 -0.022334 -0.000422 -0.055649 -0.463948 -0.229216 0.018873 0.014477 -0.137560 -0.129226 -0.018627 0.121608 -0.185457 0.087952 -0.119804 0.049681 0.018660 -0.077008 -0.273173 -0.086746 -0.034027 0.085959 -0.144496 -0.056762 0.247648 0.053611 -0.072670 -0.104348 -0.046988 0.020186 0.022408 -0.083161
0.277417 0.518930 -0.433468 -0.260150 0.142372 -0.256896 0.092016 0.085567 -0.064873 0.113079 0.248373 0.779451 0.427983 1.000000 -0.039379 0.275052 0.094011 -0.066821 -0.136916 0.244486 -0.308476 -0.204956 -0.686907 -0.287193 -0.648787 -0.561147 -0.344338 -0.552420 0.327976 0.577302 -0.338424 -0.332892 -0.012956 -0.355898 -0.308882 -0.155869 0.023408 -0.246074 -0.247852 0.059042 -0.171457 -0.013629 0.273365 0.207624 0.107076 -0.109719 0.307766 0.232855 0.220181 0.258424 -0.344029 0.394072 0.283216 0.314760 -0.363995 0.014361 -0.201016 -0.115634 -0.010155 0.258524 0.212353 0.606441 0.243158 0.203402 -0.555223 0.204703 -0.183690 -0.331635 -0.064291 -0.250459 -0.111745 -0.299025 0.381905 0.190299 0.134042 0.047110 0.155794 -0.056949 -0.006846 0.028291 0.186448 0.007018 0.185438 0.088947 -0.145470 0.088927 -0.101842 -0.247123 -0.411577 -0.100605 0.250663 0.150439 0.124696 0.006069 -0.116579 -0.144649 -0.089892 -0.157545 0.179317 0.199582 0.174187 -0.259139 -0.191266 -0.326493 0.125325 -0.045544 -0.011018 -0.168774 -0.111878 -0.249259 0.084143 0.196743 0.303426 0.010101 0.109996 -0.109566
0.109893 0.042742 0.023374 0.314827 0.218260 0.410105 0.088693 0.008786 0.459717 0.343061 0.285967 0.015207 0.182870 -0.039379 1.000000 0.538201 0.006157 -0.297449 0.296504 -0.373460 -0.097254 0.301687 0.286466 0.031817 0.206941 0.101457 0.419274 0.295082 0.130426 -0.075290 -0.240635 -0.180411 -0.294545 -0.117080 -0.264728 -0.160566 -0.089101 -0.425317 -0.063736 -0.086495 -0.102346 -0.173391 -0.287005 -0.307012 -0.381465 -0.331962 -0.208461 -0.106117 -0.008101 -0.258610 -0.058102 -0.074230 0.442123 0.040873 0.051519 -0.262091 -0.021930 0.244123 0.309392 0.050263 0.404136 0.130534 0.016247 -0.096010 0.298957 0.307647 0.015040 -0.026537 0.258419 0.284330 -0.201450 -0.310734 -0.190206 -0.099483 0.012177 -0.263926 0.024724 -0.112406 0.068269 -0.007479 -0.189147 -0.254699 0.281626 0.465062 0.183319 0.081410 -0.064097 0.028887 0.416255 0.209840 0.046551 0.083462 -0.035601 0.203477 -0.193229 -0.175567 -0.450444 -0.180013 -0.172486 -0.353190 0.087362 0.010562 -0.012167 -0.092844 -0.147846 -0.109258 -0.032376 -0.316319 -0.260511 -0.079106 -0.360661 -0.161788 -0.241756 -0.151503 -0.084841 -0.290958
0.056328 0.337212 -0.307785 0.021301 0.177443 0.196022 -0.037967 0.093616 0.354960 0.602971 0.080154 0.188212 0.058403 0.275052 0.538201 1.000000 -0.104799 -0.450081 0.038659 -0.184414 -0.161961 0.220481 -0.277946 -0.215007 -0.139260 -0.073239 0.086675 -0.130830 0.088030 0.189983 -0.172349 -0.183843 -0.347883 -0.173887 -0.426293 -0.217498 -0.266126 -0.517750 -0.020746 -0.096084 0.022381 -0.119440 -0.006568 -0.085074 -0.176030 -0.298846 0.223134 0.149770 0.093168 -0.039439 -0.239662 0.191590 0.471272 0.262939 -0.080866 -0.146697 -0.170188 0.100474 0.308035 0.455089 0.341556 0.451352 0.087571 -0.121787 -0.086017 0.381881 0.226038 -0.138119 0.284032 0.248494 -0.154585 -0.218617 -0.134162 -0.063088 -0.120412 -0.374600 0.045812 -0.064442 -0.121443 -0.050886 -0.077681 -0.390328 0.340271 0.545171 0.039740 -0.058481 -0.262962 0.021067 0.152090 0.170186 0.285212 0.288802 0.012474 0.092214 -0.276770 -0.019315 -0.205866 -0.130295 0.022861 -0.259634 0.315993 -0.279435 -0.090256 -0.263815 -0.132061 -0.202744 0.269446 -0.100158 -0.263600 0.012460 -0.062269 0.140716 -0.006384 -0.069703 -0.399622 -0.151721
0.625250 0.230638 -0.284511 -0.221750 -0.142161 -0.247033 0.079678 -0.349774 -0.150776 -0.353022 0.453632 0.222774 0.319765 0.094011 0.006157 -0.104799 1.000000 0.600922 0.295157 -0.191000 -0.258633 -0.195469 -0.012859 0.161846 -0.165544 -0.032167 0.218706 -0.137920 0.720523 0.548618 -0.282674 -0.281758 0.393847 -0.087239 -0.311660 -0.283440 0.478434 -0.008552 0.026350 0.172360 -0.063235 -0.064576 -0.115956 -0.211431 -0.337127 -0.445725 -0.099268 -0.151312 -0.467459 -0.257244 -0.149835 -0.266717 0.042237 0.463206 -0.028914 0.240628 0.593348 0.524225 -0.288515 -0.116138 0.197122 -0.020514 0.486523 0.584865 -0.284119 -0.645089 -0.019349 -0.602997 0.300433 -0.050290 -0.033073 -0.241537 0.577927 0.422739 0.458765 0.188612 0.606673 -0.079499 0.652820 0.656463 0.602048 0.560184 0.312312 0.057018 0.352850 0.329935 0.228380 0.059378 -0.236360 -0.249586 -0.142644 0.088714 -0.296204 0.001114 -0.326972 -0.248421 -0.246365 -0.212088 0.172496 0.261764 0.134745 -0.079261 0.042829 -0.287250 0.069273 0.003702 -0.178641 -0.318879 0.059680 -0.271437 -0.103204 0.007359 -0.191888 -0.109303 0.032238 -0.234491
0.403612 0.102291 -0.135424 -0.077763 -0.197167 -0.148427 -0.109932 -0.195514 -0.448255 -0.480326 0.241348 0.138118 0.038533 -0.066821 -0.297449 -0.450081 0.600922 1.000000 0.015171 0.118536 0.095446 -0.211126 0.111635 0.290036 -0.059909 0.090651 0.169877 0.041828 0.461120 0.403253 -0.147801 -0.021633 0.475248 -0.049098 -0.011196 -0.091674 0.551012 0.163019 -0.134173 -0.004168 -0.036264 0.042702 -0.135237 -0.220307 -0.254667 -0.255567 -0.253746 -0.309758 -0.427864 -0.231139 -0.162888 -0.251276 -0.336486 0.024068 0.003733 0.053543 0.544919 0.393167 -0.470384 -0.402349 -0.266342 -0.157705 0.132940 0.427993 -0.095511 -0.397014 -0.328001 -0.386947 0.072632 -0.290699 0.250818 0.094315 0.641131 0.381051 0.414039 0.358099 0.461605 0.073297 0.433943 0.490661 0.293120 0.600283 -0.091860 -0.136610 0.194771 0.327633 0.134374 0.157640 -0.098129 -0.126081 -0.228574 -0.088453 -0.111395 -0.021255 0.109033 -0.231387 -0.152559 -0.068168 0.063814 0.230635 -0.134601 0.168333 0.127841 0.067992 0.083884 0.068206 -0.218624 -0.162849 0.031575 -0.181992 -0.081927 -0.137375 -0.081561 -0.217219 0.126656 -0.152487
0.304042 0.032617 0.176391 0.167601 0.093491 0.025623 0.332944 -0.178091 0.285736 0.039523 0.247403 -0.080107 0.220273 -0.136916 0.296504 0.038659 0.295157 0.015171 1.000000 -0.058032 -0.387689 -0.070412 0.201642 0.085389 0.041931 -0.005203 0.102175 0.009252 0.223640 -0.008515 -0.204105 -0.147089 0.094740 -0.052966 -0.117564 0.015044 0.071523 -0.218359 0.028821 0.010968 -0.256459 -0.173704 -0.241784 -0.233561 -0.384520 -0.261339 -0.288575 -0.068639 -0.223814 -0.288032 -0.019804 -0.215321 0.229150 0.009726 -0.043330 -0.147866 0.127894 0.109967 -0.030183 -0.133458 0.226416 -0.125319 0.185740 0.066873 0.066674 -0.327120 0.093369 -0.182644 0.297567 0.223181 -0.126990 -0.328022 0.038475 0.304645 0.316757 -0.014682 0.251665 -0.172595 0.135205 0.057519 0.038748 0.017016 0.154857 0.063658 0.188178 0.000323 -0.024908 0.022969 0.189299 -0.004104 0.149324 0.293811 -0.214197 0.299772 -0.198220 -0.045582 -0.475831 -0.123218 0.010145 0.016761 0.091462 0.070920 0.156906 0.058701 -0.000478 -0.075640 -0.070130 -0.131967 0.071019 -0.045439 -0.239712 0.020580 -0.067340 -0.007816 0.089200 -0.083255
0.062587 0.391689 0.053749 0.033667 -0.036011 -0.210842 0.036436 0.185008 -0.021636 0.029612 -0.365486 0.205984 -0.142392 0.244486 -0.373460 -0.184414 -0.191000 0.118536 -0.058032 1.000000 -0.145049 -0.178038 -0.310174 -0.302285 -0.363349 -0.370068 -0.405606 -0.271652 -0.144132 0.048924 -0.274723 -0.231133 0.121665 -0.034907 0.001236 0.105319 -0.216200 -0.181006 -0.296583 -0.274869 -0.038231 -0.078295 0.018971 0.129246 0.037584 -0.037334 -0.107554 -0.010386 0.204735 0.064179 0.086311 0.276133 0.038017 -0.277354 -0.165177 -0.388990 -0.031299 -0.140575 -0.120527 -0.021729 -0.242150 0.219826 -0.157083 0.127515 -0.385137 0.167739 -0.396752 -0.178551 -0.010303 -0.359074 0.116167 0.006963 0.099537 0.134113 -0.035310 -0.130376 -0.122042 -0.093583 -0.299353 -0.266502 -0.309573 -0.020619 -0.498808 -0.285134 -0.375730 -0.234389 -0.307978 -0.267340 0.011649 0.023031 0.276396 0.109755 0.206046 0.017927 0.128136 0.042873 0.034067 0.142830 -0.084037 0.092018 0.118152 -0.052861 0.048977 0.196698 0.160239 0.155814 0.383669 0.397935 -0.046137 -0.028475 0.077360 0.349773 0.395522 0.037805 0.014818 0.270564
-0.441247 -0.286179 0.131996 0.006353 0.072530 0.273118 -0.338178 0.073579 -0.071872 0.032110 -0.286297 -0.263911 -0.333850 -0.308476 -0.097254 -0.161961 -0.258633 0.095446 -0.387689 -0.145049 1.000000 0.370706 0.204664 0.145284 0.425600 0.416183 0.276704 0.411641 -0.187756 -0.218113 0.555559 0.530306 -0.129874 0.185567 0.145932 0.061187 -0.194098 0.228125 -0.170390 -0.111767 0.101132 0.277167 0.039917 0.062250 0.162198 0.242410 -0.068725 -0.047077 0.084198 0.011889 0.208295 0.096947 -0.325134 -0.271623 0.324193 0.036091 -0.052653 0.062648 -0.097499 -0.096941 -0.409820 -0.186919 -0.280131 -0.226061 0.229061 0.130376 0.043894 0.233100 -0.093519 -0.067632 0.331881 0.598577 -0.209875 -0.180717 -0.303458 0.177109 -0.321500 0.294752 -0.183890 -0.190424 -0.233561 0.021037 -0.116424 0.086787 -0.026828 0.033705 0.251735 0.131796 0.212858 0.282341 -0.186761 -0.227859 0.207522 0.034240 0.411477 0.014976 0.232986 0.134791 -0.075048 -0.301642 -0.316367 0.265366 0.367546 0.233107 -0.266933 -0.236443 -0.099665 -0.088692 0.000010 0.150159 0.053984 -0.277518 -0.191033 0.021070 -0.292179 0.010231
-0.103475 -0.119049 0.205267 0.098786 0.198261 0.377030 0.122069 0.200967 0.134368 0.242549 -0.061175 -0.213334 -0.155983 -0.204956 0.301687 0.220481 -0.195469 -0.211126 -0.070412 -0.178038 0.370706 1.000000 0.242572 -0.077586 0.343221 0.393915 0.204807 0.170697 -0.232665 -0.215763 0.185704 0.150360 -0.000329 0.241735 -0.034963 0.296806 -0.152884 -0.187433 -0.079602 0.191334 -0.150186 -0.318436 -0.316576 -0.243569 -0.138155 0.019550 -0.115691 -0.040791 0.038731 -0.200365 -0.055637 0.021382 0.000635 -0.289324 0.114840 -0.030705 -0.156020 0.011943 0.385086 -0.072620 0.049197 -0.078862 -0.182009 -0.348373 0.141369 0.177964 0.051630 0.186363 0.261623 0.144369 0.138709 0.142625 -0.445951 -0.298271 -0.240317 -0.009729 -0.241824 -0.150212 0.012867 -0.432313 -0.333735 -0.095843 -0.071266 0.187011 -0.095171 -0.305208 -0.030836 -0.079115 0.366068 0.327451 -0.056079 0.163170 0.229737 0.158858 0.153955 -0.017984 -0.018696 0.208405 -0.472262 -0.573568 0.082487 -0.036368 0.183151 0.374898 0.011259 0.236248 0.266942 -0.078510 0.094007 0.149674 -0.062629 -0.365893 -0.068064 -0.117810 -0.295810 -0.086267
-0.087974 -0.552774 0.564686 0.566593 -0.031871 0.342234 0.059320 0.039916 0.038855 -0.123608 0.113937 -0.441289 -0.208248 -0.686907 0.286466 -0.277946 -0.012859 0.111635 0.201642 -0.310174 0.204664 0.242572 1.000000 0.625978 0.721597 0.497990 0.409745 0.625203 -0.125595 -0.443298 0.204709 0.411578 -0.041391 0.382467 0.190607 0.130241 0.141014 0.221920 0.147141 -0.067165 0.036496 -0.070074 -0.386552 -0.283390 -0.357536 -0.055361 -0.444307 -0.274609 -0.379915 -0.451272 0.133877 -0.549782 -0.188592 -0.306826 0.160657 -0.165258 0.185500 0.021008 -0.026847 -0.590965 -0.154040 -0.587335 -0.259371 -0.278610 0.688869 -0.052158 -0.146108 0.117751 -0.091785 0.134666 0.087955 0.135961 -0.255095 -0.097621 0.162983 0.184056 0.005604 0.099162 0.191617 -0.024318 -0.245013 0.018543 -0.208581 -0.057804 0.207253 0.027432 -0.052557 0.259906 0.450388 0.111766 -0.149608 0.028932 0.205227 0.084022 0.192708 0.000758 -0.176450 0.203030 -0.081264 -0.288154 -0.233483 0.394275 0.153741 0.399444 -0.049357 0.176965 -0.129582 0.029091 0.143892 0.145821 -0.129367 -0.413244 -0.388454 0.054716 0.131783 -0.121397
-0.019751 -0.469752 0.198978 0.244747 -0.166239 0.143870 -0.113283 -0.078614 -0.214021 -0.252293 0.201413 -0.128661 0.062068 -0.287193 0.031817 -0.215007 0.161846 0.290036 0.085389 -0.302285 0.145284 -0.077586 0.625978 1.000000 0.383751 0.324130 0.266424 0.317592 0.200341 0.039878 0.238553 0.486906 -0.026918 0.101927 0.087538 -0.134633 0.229913 0.344656 0.077460 -0.110238 0.148997 0.160148 -0.044334 -0.060327 -0.202690 -0.051368 -0.167631 -0.127428 -0.382782 -0.287655 -0.011483 -0.437471 -0.229189 0.057898 0.001311 0.035260 0.228522 0.085455 -0.389482 -0.491442 -0.305183 -0.459514 -0.056273 0.011355 0.435394 -0.235620 -0.209313 -0.150750 -0.380159 -0.093068 0.181219 0.289403 0.122060 0.123527 0.217891 0.414712 0.263763 0.388982 0.307798 0.217926 0.048095 0.175957 -0.032403 0.065632 0.352598 0.294550 -0.163990 0.326040 0.117249 -0.070604 -0.105565 0.032528 0.168352 -0.049493 0.141529 -0.154096 -0.091405 -0.015572 0.155487 0.029691 -0.230638 0.443267 0.041280 0.024705 -0.087531 -0.016607 -0.221101 -0.113360 0.025431 -0.013382 0.034359 -0.371892 -0.420392 0.040174 0.239484 -0.252828
-0.385396 -0.569466 0.561385 0.372798 0.154375 0.591977 -0.075449 0.140492 0.230757 0.102180 -0.090947 -0.449490 -0.381384 -0.648787 0.206941 -0.139260 -0.165544 -0.059909 0.041931 -0.363349 0.425600 0.343221 0.721597 0.383751 1.000000 0.667726 0.520957 0.547376 -0.209144 -0.455414 0.475139 0.532611 -0.235425 0.490950 0.423163 0.290710 -0.019549 0.218350 0.031393 -0.009025 0.033203 0.058516 -0.441112 -0.349459 -0.168214 0.085160 -0.404045 -0.369734 -0.315845 -0.355342 0.125113 -0.510888 -0.100016 -0.424070 0.196959 -0.137956 0.019720 0.071141 0.266823 -0.311338 -0.118222 -0.545570 -0.245094 -0.369426 0.668446 0.026609 0.068810 0.384069 -0.031380 0.188681 0.018713 0.242507 -0.457250 -0.321793 -0.220696 0.028434 -0.268375 0.105284 0.059193 -0.043230 -0.226873 -0.014224 -0.125680 0.111377 0.124036 0.004374 0.030765 0.295951 0.526224 0.222790 -0.141446 -0.053857 0.275297 0.286447 0.215650 0.056093 -0.176277 0.141827 -0.197596 -0.472511 -0.288755 0.421505 0.298412 0.393168 -0.157613 0.030730 -0.078831 -0.062993 0.107895 0.166901 -0.203076 -0.364553 -0.223273 -0.040441 -0.045968 -0.108885
-0.307038 -0.483528 0.302292 0.241507 -0.119623 0.493379 -0.125838 0.143515 0.067744 0.098042 -0.241847 -0.550286 -0.375712 -0.561147 0.101457 -0.073239 -0.032167 0.090651 -0.005203 -0.370068 0.416183 0.393915 0.497990 0.324130 0.667726 1.000000 0.353530 0.614123 -0.126723 -0.384726 0.390973 0.408502 0.038112 0.330968 0.172308 0.032690 0.135113 0.353816 0.147915 0.225703 -0.001888 -0.024761 -0.433762 -0.387379 -0.349240 -0.110153 -0.317728 -0.344962 -0.330703 -0.529819 0.321710 -0.449798 -0.255920 -0.281615 0.299062 -0.002209 -0.030165 0.136575 0.177239 -0.139549 -0.199624 -0.435789 -0.310910 -0.306318 0.465234 0.023863 0.242749 0.361301 0.166211 0.260770 0.272457 0.376310 -0.426023 -0.049851 0.001154 0.097131 -0.007161 0.076709 0.217849 -0.067094 -0.215487 -0.128214 0.084887 0.098276 0.156240 0.011842 0.178517 0.275464 0.430959 0.234548 -0.038253 0.021955 0.129497 0.149381 0.106828 -0.162837 -0.024582 -0.055843 -0.125217 -0.236892 -0.055189 0.041735 0.161735 0.137098 -0.131955 0.006613 -0.085343 -0.224920 -0.115297 -0.100303 -0.112878 -0.445586 -0.328245 -0.245183 -0.077782 0.007650
0.138707 0.039365 -0.061104 0.076014 0.318575 0.584299 -0.321091 -0.302875 0.144047 -0.115811 0.177739 -0.137942 -0.134246 -0.344338 0.419274 0.086675 0.218706 0.169877 0.102175 -0.405606 0.276704 0.204807 0.409745 0.266424 0.520957 0.353530 1.000000 0.522044 0.141209 -0.052574 0.000660 0.031758 -0.078474 0.011084 -0.101529 -0.136245 0.130498 -0.091509 -0.129122 -0.152013 0.061185 0.012049 -0.266104 -0.332487 -0.274979 -0.160667 -0.379162 -0.360742 -0.354078 -0.295864 -0.073025 -0.346410 0.057015 0.005425 0.128813 -0.182833 0.475035 0.613094 0.215364 -0.080626 0.070038 -0.211225 0.120957 0.179175 0.435556 -0.035641 0.164646 -0.009589 0.281379 0.232231 -0.080825 -0.029196 -0.003721 -0.123769 -0.063892 -0.082410 0.114431 0.125435 0.223816 0.366633 0.076449 0.291778 0.099541 0.219372 0.412855 0.277172 0.253908 0.275017 0.313818 0.011454 -0.338411 -0.293140 -0.087018 0.109952 0.075533 -0.115922 -0.321728 -0.165383 -0.097710 -0.317792 -0.158816 0.320827 0.187971 0.076842 -0.296037 -0.305690 -0.298080 -0.273891 0.005499 0.058450 -0.300764 -0.063291 -0.230085 -0.130124 -0.124763 -0.231031
-0.186976 -0.264620 0.117238 0.341336 -0.144955 0.401086 -0.421459 -0.204433 -0.021618 -0.166100 -0.165671 -0.508977 -0.406691 -0.552420 0.295082 -0.130830 -0.137920 0.041828 0.009252 -0.271652 0.411641 0.170697 0.625203 0.317592 0.547376 0.614123 0.522044 1.000000 -0.256746 -0.544785 0.134016 0.239264 -0.007676 0.042307 -0.089977 -0.258089 0.089376 0.244043 0.138401 -0.234490 0.176019 -0.038931 -0.244944 -0.205158 -0.338146 -0.108778 -0.371751 -0.242967 -0.128921 -0.402501 0.439505 -0.266680 -0.067697 -0.193689 0.484925 -0.136682 0.122080 0.217148 0.030105 -0.170208 -0.273875 -0.458418 -0.253583 -0.144129 0.606419 0.226488 0.129089 0.240655 0.140630 0.363274 0.033217 0.242186 -0.348297 -0.104839 0.074428 -0.129481 0.014367 0.048456 0.074932 0.009836 -0.245367 -0.049075 -0.045993 -0.015066 0.373504 0.235602 0.217691 0.312706 0.531741 0.201394 -0.111121 -0.219818 -0.016393 -0.015513 0.204101 -0.123075 0.026324 -0.097431 0.087392 -0.263240 -0.138462 0.222169 0.164333 0.099247 -0.311587 -0.219292 -0.261687 -0.088633 -0.122806 0.004444 -0.124420 -0.272009 -0.443009 -0.116879 0.023343 -0.044484
0.494836 0.162679 -0.278963 -0.150851 -0.089394 -0.179454 0.076904 -0.225381 -0.099517 -0.159220 0.476313 0.436036 0.440961 0.327976 0.130426 0.088030 0.720523 0.461120 0.223640 -0.144132 -0.187756 -0.232665 -0.125595 0.200341 -0.209144 -0.126723 0.141209 -0.256746 1.000000 0.667914 -0.211775 -0.094987 0.098204 -0.089345 -0.337134 -0.324918 0.473840 -0.143599 -0.055538 0.101003 0.020160 0.116110 -0.000012 -0.163455 -0.280540 -0.504993 0.062511 -0.121722 -0.387745 -0.225288 -0.313024 -0.161254 0.133301 0.528608 -0.042007 0.204356 0.361799 0.388929 -0.349524 -0.055534 0.181606 0.156694 0.440460 0.477990 -0.253792 -0.467073 -0.185123 -0.615886 0.123052 -0.109987 0.049764 -0.086320 0.654159 0.471282 0.385108 0.214473 0.515597 0.155370 0.541251 0.638538 0.464858 0.396399 0.323378 0.293073 0.275254 0.335388 -0.006707 -0.048158 -0.209462 -0.093444 -0.131662 0.167004 -0.251210 -0.057624 -0.446698 -0.303585 -0.309648 -0.354353 0.249198 0.264442 0.052377 0.034097 0.057960 -0.347856 0.044595 -0.123614 -0.165190 -0.518185 -0.157438 -0.355240 -0.185221 -0.088942 -0.173465 -0.148172 0.041890 -0.234978
0.468971 0.422289 -0.483386 -0.344474 0.077901 -0.277039 0.071855 -0.098995 -0.120447 -0.009662 0.436200 0.589168 0.448114 0.577302 -0.075290 0.189983 0.548618 0.403253 -0.008515 0.048924 -0.218113 -0.215763 -0.443298 0.039878 -0.455414 -0.384726 -0.052574 -0.544785 0.667914 1.000000 -0.195499 -0.128400 0.089711 -0.101482 -0.230425 -0.176719 0.244529 -0.194356 -0.244775 0.066591 -0.020247 0.111063 0.160352 0.022310 -0.035467 -0.264282 0.222362 0.114443 -0.261039 0.065549 -0.489433 0.052225 0.183533 0.424426 -0.323561 0.120870 0.277383 0.254211 -0.210191 0.071583 0.232269 0.431539 0.440901 0.520221 -0.530127 -0.244638 -0.263650 -0.658726 0.041758 -0.290355 -0.075020 -0.227756 0.765005 0.332833 0.274473 0.288107 0.481323 0.063880 0.360133 0.418569 0.546136 0.412613 0.256578 0.266998 0.095685 0.204728 -0.082367 0.039065 -0.422085 -0.183349 0.121578 0.111694 -0.111349 -0.098436 -0.182078 -0.177482 -0.199637 -0.189565 0.170821 0.212009 -0.035470 -0.250333 -0.169081 -0.327045 -0.049275 -0.131787 -0.028494 -0.296990 0.009107 -0.171378 0.114527 0.079345 0.105346 -0.102376 -0.060024 -0.221035
-0.528556 -0.512171 0.426251 0.142484 0.011514 0.067959 0.107831 0.309846 -0.005174 0.113233 -0.188028 -0.285473 -0.179365 -0.338424 -0.240635 -0.172349 -0.282674 -0.147801 -0.204105 -0.274723 0.555559 0.185704 0.204709 0.238553 0.475139 0.390973 0.000660 0.134016 -0.211775 -0.195499 1.000000 0.857558 -0.309907 0.468593 0.407167 0.328489 -0.217844 0.347608 0.194405 0.180114 0.285074 0.496457 -0.079611 -0.007976 0.202313 0.321408 -0.057783 0.043349 -0.171560 0.012842 0.095316 -0.241086 -0.302028 -0.266940 0.142352 0.249913 -0.285167 -0.331695 0.028233 -0.159293 -0.133419 -0.351867 -0.125634 -0.350956 0.301218 -0.091798 -0.011573 0.369051 -0.174822 0.066754 0.172393 0.490187 -0.198869 -0.280548 -0.329681 0.285117 -0.363465 0.394743 -0.277126 -0.196715 -0.011450 -0.071199 0.081723 0.204832 -0.149890 -0.124564 0.289542 0.417575 -0.050060 0.167162 -0.204137 -0.078337 0.172698 0.030836 0.217106 0.442199 0.305767 0.269894 -0.112985 -0.172714 -0.326231 0.281474 0.238192 0.336271 -0.240505 -0.113583 -0.138756 0.055011 0.274221 0.430263 0.169740 -0.295073 -0.014443 0.339146 -0.121994 0.205541
-0.476206 -0.543738 0.430567 0.307193 -0.029693 0.099882 0.040914 0.329932 -0.104925 0.107623 -0.047779 -0.191347 -0.125880 -0.332892 -0.180411 -0.183843 -0.281758 -0.021633 -0.147089 -0.231133 0.530306 0.150360 0.411578 0.486906 0.532611 0.408502 0.031758 0.239264 -0.094987 -0.128400 0.857558 1.000000 -0.327409 0.542583 0.394323 0.228446 -0.042961 0.414128 0.149704 0.048624 0.330838 0.500587 -0.117380 -0.044525 0.014464 0.163114 -0.113802 -0.026037 -0.281287 -0.147492 -0.004207 -0.306148 -0.284659 -0.247538 0.116463 0.085745 -0.232770 -0.335848 -0.099646 -0.317870 -0.265597 -0.343535 -0.148077 -0.313246 0.408711 0.003303 -0.220640 0.167387 -0.347756 -0.079119 0.172662 0.494508 -0.097822 -0.121767 -0.118738 0.362202 -0.196940 0.436312 -0.182033 -0.151112 -0.041823 0.009457 -0.038155 0.226174 0.015090 -0.027479 0.075272 0.423291 0.076348 0.211687 -0.044650 -0.012392 0.305914 -0.071776 0.277602 0.315574 0.141278 0.234313 -0.012867 -0.234866 -0.395311 0.350906 0.175428 0.343073 -0.312845 -0.131454 -0.191543 0.006121 0.222599 0.353798 0.164075 -0.424617 -0.098514 0.258023 -0.057658 0.076537
0.333657 0.138929 -0.074929 -0.230892 -0.179618 -0.275766 0.073095 -0.285088 -0.314556 -0.533865 0.007680 -0.111863 0.117343 -0.012956 -0.294545 -0.347883 0.393847 0.475248 0.094740 0.121665 -0.129874 -0.000329 -0.041391 -0.026918 -0.235425 0.038112 -0.078474 -0.007676 0.098204 0.089711 -0.309907 -0.327409 1.000000 -0.020910 -0.038057 -0.094831 0.294295 0.087955 -0.027145 0.185680 -0.181363 -0.353804 0.045582 0.033564 -0.077457 -0.122999 0.012974 0.057109 0.039932 -0.101846 0.164441 0.022812 -0.224564 0.106398 0.061257 0.202907 0.240528 0.146163 -0.121877 -0.125815 -0.109188 -0.122023 -0.028835 0.201433 -0.295572 -0.308819 0.197251 -0.147716 0.183104 -0.084357 0.001540 -0.141738 0.211780 0.207813 0.329301 0.148898 0.301959 -0.287541 0.325435 0.151784 0.090888 0.229078 -0.033874 -0.498444 -0.067123 -0.094315 0.222112 -0.105743 -0.263463 -0.350342 -0.022409 -0.047991 -0.316336 0.044720 0.109030 -0.260205 0.075435 0.052291 0.027508 0.314143 0.168738 -0.285638 -0.097231 -0.064800 0.244016 0.312298 0.002999 -0.030542 0.101508 -0.233867 0.117047 0.056747 -0.217616 -0.210608 0.081454 -0.102835
-0.269623 -0.334640 0.441815 0.312863 0.032157 0.149948 0.249066 0.303570 0.129127 0.055705 -0.099229 -0.258332 -0.248039 -0.355898 -0.117080 -0.173887 -0.087239 -0.049098 -0.052966 -0.034907 0.185567 0.241735 0.382467 0.101927 0.490950 0.330968 0.011084 0.042307 -0.089345 -0.101482 0.468593 0.542583 -0.020910 1.000000 0.488342 0.447361 -0.036809 0.246332 0.026549 0.179111 -0.000748 0.052899 -0.218381 -0.108796 0.009260 0.124128 -0.167091 -0.089748 -0.321390 -0.173250 -0.063719 -0.388667 -0.222843 -0.304161 -0.030467 -0.089418 -0.163168 -0.254272 0.206337 -0.297367 -0.068686 -0.281330 -0.215654 -0.309004 0.256553 -0.053148 -0.115975 0.159499 -0.026148 -0.089157 -0.056740 0.086310 -0.200523 -0.189791 -0.108275 0.206475 -0.136258 0.097710 0.041009 -0.105187 -0.087955 -0.022123 -0.001629 -0.002019 -0.142564 -0.274152 0.041261 0.055588 0.042424 -0.006728 -0.018044 0.047643 0.256057 0.115283 0.073274 0.120629 -0.029059 0.298138 -0.151577 -0.141679 -0.210915 -0.016351 0.048755 0.308863 0.123050 0.239785 0.081379 0.023852 0.212749 0.150755 0.112790 -0.214693 -0.072454 0.140664 -0.018944 0.061219
-0.500148 -0.532014 0.418721 0.134762 -0.003932 0.177916 0.145871 0.243477 -0.064863 -0.116552 -0.149785 -0.185066 -0.158575 -0.308882 -0.264728 -0.426293 -0.311660 -0.011196 -0.117564 0.001236 0.145932 -0.034963 0.190607 0.087538 0.423163 0.172308 -0.101529 -0.089977 -0.337134 -0.230425 0.407167 0.394323 -0.038057 0.488342 1.000000 0.656920 -0.024008 0.413176 -0.071838 0.217716 -0.148176 0.130683 -0.148762 -0.041719 0.340334 0.540275 -0.168535 -0.121061 -0.067183 0.091679 -0.119402 -0.319794 -0.347759 -0.510699 -0.099663 0.014738 -0.271671 -0.354425 0.071605 -0.396789 -0.182019 -0.361881 -0.356248 -0.366615 0.363133 -0.011687 -0.146288 0.542188 -0.322946 -0.182535 -0.094475 0.093319 -0.230751 -0.338709 -0.175809 0.170245 -0.337285 0.083870 -0.085514 -0.118376 -0.055836 0.009056 -0.215346 -0.213427 -0.231319 -0.165102 0.040672 0.069036 0.113615 -0.060969 -0.078495 -0.177542 0.247439 0.251299 0.334730 0.059887 0.072589 0.239278 -0.221157 0.051381 -0.383628 0.187987 -0.059909 0.292915 0.194348 0.348138 -0.100469 0.083161 0.124921 0.016999 0.017122 -0.111930 0.088845 0.008135 0.300742 0.013270
-0.226095 -0.286954 0.406760 0.123884 0.220433 0.119769 0.407166 0.339388 -0.025540 0.002488 0.016364 0.045278 -0.128016 -0.155869 -0.160566 -0.217498 -0.283440 -0.091674 0.015044 0.105319 0.061187 0.296806 0.130241 -0.134633 0.290710 0.032690 -0.136245 -0.258089 -0.324918 -0.176719 0.328489 0.228446 -0.094831 0.447361 0.656920 1.000000 -0.132926 0.082842 -0.087990 0.290334 -0.310794 -0.075857 -0.276537 -0.131199 0.254531 0.508561 -0.226241 -0.043843 -0.073837 0.102720 -0.397630 -0.192282 -0.304334 -0.584890 -0.306341 -0.017006 -0.271110 -0.384721 0.222673 -0.406744 -0.019562 -0.204563 -0.269629 -0.475395 0.167097 -0.044154 -0.188607 0.471663 -0.055752 0.005360 0.008466 0.006965 -0.232448 -0.257371 -0.183727 0.258843 -0.299970 -0.015816 -0.141227 -0.297337 -0.159901 -0.046262 -0.290504 -0.159876 -0.398209 -0.412045 -0.131231 -0.028814 0.088833 -0.000486 -0.207879 -0.020468 0.271208 0.303830 0.222441 0.226063 -0.057870 0.458597 -0.466505 -0.248790 -0.265360 0.180418 -0.007087 0.524240 0.302019 0.489589 0.140582 0.219404 0.286850 0.233919 0.015460 -0.093097 0.335344 0.124483 0.097619 0.072152
