1.000000 0.085784 0.001602 0.049795 -0.124797 0.048666 0.134254 0.013280 -0.325411 0.012853 0.477928 0.201409 0.403919 0.229306 0.180039 0.311985 -0.059709 -0.171373 0.324574 0.182304 0.174427 0.082409 0.207102 0.130109 -0.001047 0.130325 0.098254 0.138299 0.376887 0.159836 0.230773 0.173504 -0.049323 0.027171 -0.209968 -0.186083 -0.028133 -0.122363 -0.168722 -0.208890 0.176658 0.310832 -0.113635 -0.135752 0.133220 -0.151345 0.063290 -0.194119 0.331903 -0.025268 0.269325 0.314450 0.293449 0.228996 -0.013242 -0.072033 -0.024809 -0.439752 0.171644 0.039180 0.034955 0.014768 -0.198298 -0.068379 0.021025 -0.088112 0.144528 -0.245246 -0.102545 -0.121184 0.091736 0.170463 0.262041 0.136799 0.198519 0.339420 -0.095222 -0.020416 -0.024066 -0.208171 0.063366 -0.353442 0.356688 0.197370 0.467698 0.258383 0.378615 0.239323 -0.148183 -0.035824 -0.196090 -0.169479 -0.030568 -0.057613 0.057732 -0.045204 -0.201965 -0.092935 -0.149137 -0.243649 -0.159288 -0.005399 -0.231695 -0.280919 -0.355464 -0.226458 0.143833 -0.292141 -0.257965 -0.156888 -0.118662 -0.306818 -0.395121 -0.276759 0.128021 -0.239211
0.085784 1.000000 -0.361562 -0.161817 -0.215779 -0.268468 -0.220230 -0.146785 -0.237407 -0.305553 0.212065 0.054889 0.249927 0.285894 -0.170374 -0.077451 0.296623 0.362782 0.229106 0.015294 0.241818 -0.093765 -0.103421 -0.308346 -0.110437 -0.220702 -0.098431 -0.096863 0.373542 0.418746 0.188882 0.256488 0.196497 0.039386 -0.277337 -0.209839 0.204169 0.288786 -0.020075 0.043999 0.244383 0.449328 -0.089846 -0.110748 -0.010125 -0.222608 0.153515 -0.021057 0.265844 0.022012 0.250115 0.308063 0.595154 0.549034 0.410560 0.085028 -0.476880 0.233463 0.136403 0.528062 -0.001834 0.186553 -0.060488 0.677649 -0.499610 -0.402019 0.305396 -0.508168 -0.075480 -0.104602 0.088676 0.204281 0.458286 0.383217 0.324782 0.291637 -0.093691 0.037381 0.122875 0.360009 0.185830 0.043230 0.118355 0.218443 0.228032 0.034969 0.061506 0.136222 -0.019357 0.101802 -0.063354 -0.403154 -0.305574 -0.389939 0.148541 -0.422862 0.057357 -0.527072 0.237352 -0.336327 0.332986 -0.298971 0.032563 -0.277617 -0.024425 -0.301120 -0.197207 -0.218550 -0.353265 -0.141945 -0.052430 -0.034067 -0.078355 -0.188095 -0.129179 -0.218284
0.001602 -0.361562 1.000000 0.521847 0.531210 0.482642 0.637568 0.399160 0.434662 0.542506 0.167824 -0.180493 0.190577 -0.158702 0.439805 0.263220 -0.318464 -0.472122 -0.082985 -0.118983 -0.374203 -0.021709 0.415574 0.534951 0.285075 0.296148 0.264849 0.333350 -0.407915 -0.530854 -0.237533 -0.349103 -0.432498 -0.216544 -0.089709 0.027452 -0.534007 -0.372936 -0.020807 0.089681 -0.493919 -0.266632 -0.320500 -0.322160 -0.310125 -0.199526 -0.354595 -0.166617 -0.050398 -0.312184 -0.071422 -0.232077 -0.151338 -0.323372 -0.296012 -0.189312 -0.081761 -0.188332 0.361366 0.043913 0.176104 -0.084066 -0.217089 -0.507191 0.522640 0.406454 0.038954 0.526972 0.142662 0.379321 -0.158554 -0.151802 -0.484732 -0.377342 -0.279587 -0.276431 -0.201602 -0.439511 -0.488911 -0.599583 -0.226533 -0.306980 0.052793 -0.031469 -0.098593 0.011647 -0.022222 -0.107159 0.141013 0.171413 0.356439 0.508726 0.514751 0.532163 -0.005849 0.043599 -0.218748 0.152293 -0.097971 0.097692 -0.155108 0.339651 0.172226 0.286967 -0.086647 0.040863 0.015219 0.047532 0.121243 -0.134632 -0.260772 -0.152697 0.237824 -0.068420 0.154049 0.125757
0.049795 -0.161817 0.521847 1.000000 0.416328 0.441641 0.435401 0.562900 0.289802 0.406122 -0.015938 -0.115833 0.099017 -0.155535 0.244387 0.338159 0.008727 -0.140338 0.085518 0.156870 -0.016266 0.125095 0.351197 0.635713 0.210470 0.325840 0.205092 0.349778 -0.124817 -0.174563 0.040451 0.073221 -0.206071 0.132475 0.096847 0.083620 -0.287829 -0.159434 -0.205438 -0.123416 -0.130276 0.025188 -0.432568 -0.365129 -0.353132 -0.202806 -0.352108 -0.248218 -0.301363 -0.386117 -0.080271 -0.347728 -0.039614 -0.367257 -0.276299 -0.362786 0.110229 0.032979 0.155551 -0.028160 0.210423 0.000394 -0.190179 -0.231464 0.455851 0.371768 -0.096797 0.290454 -0.005316 0.117069 0.014035 -0.072813 -0.152826 -0.141757 -0.062131 -0.119666 -0.141006 -0.217452 -0.248716 -0.219222 -0.046682 -0.212742 0.067711 0.324267 -0.031777 0.146155 -0.111083 -0.085489 0.080992 0.247273 0.224866 0.124846 0.514760 0.117146 -0.364156 -0.242532 -0.359949 -0.138118 -0.063416 -0.145738 0.040180 0.111247 0.053783 0.191942 -0.111738 -0.219184 -0.284903 -0.046848 -0.165672 -0.344633 -0.237791 -0.300205 0.064588 0.021390 -0.048599 0.005069
-0.124797 -0.215779 0.531210 0.416328 1.000000 0.607981 0.485884 0.476532 0.625140 0.599502 -0.200033 -0.231840 -0.094969 -0.141884 0.266212 0.150059 -0.162576 -0.275118 -0.052021 0.135524 0.002734 0.207784 0.152742 0.283991 0.408857 0.174329 0.289847 0.189082 -0.373934 -0.250982 -0.008215 -0.202693 -0.283605 -0.135890 0.028938 -0.001329 -0.445285 -0.354732 -0.093190 -0.115368 -0.290864 0.050384 -0.446363 -0.357271 -0.286841 -0.157189 -0.334640 -0.288441 -0.172720 -0.200488 0.132021 -0.011263 -0.115353 -0.235152 -0.282510 -0.422042 0.122356 0.088922 0.126376 0.221480 -0.057672 0.053083 -0.029343 -0.223869 0.277566 0.217845 -0.069456 0.354303 0.283623 0.193224 -0.043918 -0.072169 -0.319651 -0.162399 -0.125805 -0.006761 -0.177632 -0.312684 -0.150782 -0.303816 -0.158051 -0.097451 -0.030132 0.060730 -0.140207 0.047566 -0.012503 0.173867 0.037974 0.089102 0.286694 0.211467 0.364964 0.235745 -0.089635 -0.104739 -0.487752 0.093608 -0.204804 -0.203836 -0.209007 0.141090 0.167744 0.264190 0.042116 0.007652 0.015552 0.031902 -0.170930 -0.152410 -0.327931 -0.320887 0.134900 -0.035117 0.205671 -0.058544
0.048666 -0.268468 0.482642 0.441641 0.607981 1.000000 0.147551 0.200636 0.401136 0.622866 -0.020674 -0.207242 0.145056 -0.103766 0.353094 0.441668 -0.217167 -0.430129 -0.021941 -0.073408 -0.037973 0.295661 0.277267 0.281202 0.356065 0.430484 0.630964 0.513900 -0.314672 -0.361519 -0.139881 -0.204754 -0.333817 -0.169764 -0.076920 0.093597 -0.452920 -0.264724 0.005020 0.036757 -0.190136 -0.188831 -0.104204 -0.048196 -0.150353 -0.047580 -0.134660 0.012871 -0.170131 -0.088849 -0.086085 -0.083087 -0.217408 -0.390180 -0.294812 -0.068484 0.238674 -0.080285 0.334463 0.025755 -0.017605 0.157934 -0.397963 -0.457590 0.384557 0.341222 -0.225076 0.307380 0.046677 0.232331 -0.167134 -0.206096 -0.381785 -0.248249 -0.248415 -0.161092 -0.251995 -0.378878 -0.093400 -0.373024 -0.032930 -0.164439 0.108710 -0.015567 -0.063765 -0.132074 0.127700 0.117733 0.213854 0.197845 0.275432 0.153671 0.303568 -0.049944 -0.197954 -0.052671 -0.136589 0.085716 0.004673 0.045779 -0.133300 0.043200 -0.108919 0.094320 0.032713 -0.000929 0.097991 0.051598 0.001439 -0.029266 -0.053373 -0.198527 0.002517 -0.105410 0.053517 0.088298
0.134254 -0.220230 0.637568 0.435401 0.485884 0.147551 1.000000 0.735529 0.330000 0.492270 0.137001 0.139413 0.193455 0.182011 0.255546 0.199407 0.001310 -0.148693 -0.013345 -0.012709 -0.079992 -0.000681 0.041390 0.291809 -0.040398 -0.169523 0.098154 -0.164662 -0.055413 -0.056878 0.053271 -0.057671 -0.198978 -0.016100 -0.146104 -0.156348 -0.435428 -0.460462 -0.276998 -0.223431 -0.346747 0.007838 -0.354115 -0.351379 -0.144758 -0.014139 -0.262485 -0.184000 0.086334 -0.156549 0.052501 -0.045844 -0.086392 -0.160095 -0.331489 -0.400934 -0.116369 -0.168334 0.075348 0.146219 0.177860 0.163577 0.021128 -0.245423 0.173038 0.203383 -0.001713 0.261135 0.149893 0.018913 0.162681 0.101610 -0.100219 -0.163242 -0.157550 0.020724 -0.033119 -0.180508 -0.419418 -0.392185 -0.283375 -0.328040 0.050014 0.284460 0.022908 0.123052 -0.051501 -0.081714 -0.132505 0.008231 0.309494 0.290463 0.362000 0.481551 -0.109588 -0.162625 -0.487650 -0.038894 -0.206109 -0.154461 0.041913 0.292765 0.314577 0.279285 -0.080084 -0.117207 -0.025425 0.130589 -0.246141 -0.421755 -0.372721 -0.110062 0.128611 -0.042544 0.001526 -0.225153
0.013280 -0.146785 0.399160 0.562900 0.476532 0.200636 0.735529 1.000000 0.355890 0.596596 -0.006506 0.140102 0.129371 0.196462 0.028504 0.246917 0.045225 -0.138607 -0.055121 -0.035963 -0.060903 0.034917 -0.212213 0.236091 -0.113722 -0.272635 -0.052498 -0.251948 -0.139877 -0.015784 -0.082432 -0.049689 -0.125147 0.165841 -0.194332 -0.068835 -0.369098 -0.432152 -0.277210 -0.232071 -0.273245 0.049822 -0.481768 -0.296512 -0.296674 -0.107640 -0.478149 -0.237995 -0.061468 -0.308200 -0.045951 -0.087151 -0.131606 -0.326062 -0.308178 -0.407571 0.096654 0.028696 0.053719 0.142745 0.330908 0.440075 -0.047617 -0.108509 0.146523 0.384999 -0.132178 0.245130 0.086694 0.023965 0.014837 -0.058723 -0.058522 -0.141519 -0.164745 0.133765 -0.074056 -0.115231 -0.316963 -0.207772 -0.239651 -0.221848 -0.120572 0.246872 -0.085863 0.040443 -0.170808 -0.151982 -0.110262 0.062325 0.272158 0.130624 0.427667 0.215487 -0.077774 -0.050686 -0.439304 0.003684 -0.173009 -0.168065 0.097803 0.074871 0.345618 0.097584 -0.029541 0.006853 -0.100719 0.089399 -0.198914 -0.284961 -0.299384 -0.226648 0.030526 -0.057328 0.087588 -0.108145
-0.325411 -0.237407 0.434662 0.289802 0.625140 0.401136 0.330000 0.355890 1.000000 0.629933 -0.228555 -0.117703 -0.114335 -0.075510 0.477461 -0.075609 -0.292184 -0.255653 -0.277881 0.047501 -0.317187 -0.173411 0.055467 0.267284 0.151830 -0.017518 0.108973 0.007776 -0.342667 -0.375294 -0.196905 -0.291771 -0.328689 -0.100825 0.069453 0.197701 -0.540274 -0.373780 -0.217874 0.087966 -0.398869 -0.288153 -0.272345 -0.199561 -0.270124 -0.082874 -0.354675 -0.092749 -0.178288 -0.097467 -0.117036 -0.173207 -0.245855 -0.221873 -0.296661 -0.191882 0.012045 0.014625 0.148242 0.242090 0.098688 0.206058 0.069837 -0.221410 0.280002 0.223609 -0.023371 0.370919 0.187849 0.382133 -0.134240 -0.275236 -0.449351 -0.366776 -0.242095 -0.328554 -0.208028 -0.328010 -0.372493 -0.311249 -0.285364 -0.073462 -0.060321 -0.078115 -0.271231 -0.159217 -0.194529 -0.192091 0.245862 0.274330 0.483235 0.452987 0.423629 0.299058 -0.063200 -0.052606 -0.210195 0.161472 -0.006807 0.094099 0.127698 0.193527 0.269075 0.225238 -0.014252 0.056545 -0.011622 0.051108 0.101893 -0.089248 -0.314002 -0.092478 0.418316 0.065027 0.095025 0.047980
0.012853 -0.305553 0.542506 0.406122 0.599502 0.622866 0.492270 0.596596 0.629933 1.000000 -0.081681 0.017652 0.076770 0.068232 0.343721 0.377919 -0.158066 -0.356406 0.022628 -0.059047 -0.351414 -0.180742 -0.136597 0.228102 -0.011793 -0.095735 0.236132 -0.079483 -0.240574 -0.230392 -0.260098 -0.299199 -0.289427 -0.124472 0.025564 0.135176 -0.521201 -0.404700 -0.217580 -0.058388 -0.384656 -0.274182 -0.347746 -0.283099 -0.369810 -0.217223 -0.442524 -0.155822 -0.150485 -0.335930 -0.275679 -0.178248 -0.272003 -0.397747 -0.525406 -0.258989 0.099447 -0.074931 0.196259 0.097630 0.149583 0.398215 -0.133239 -0.403559 0.229107 0.307602 -0.129650 0.321943 0.158233 0.279805 -0.082485 -0.227148 -0.315860 -0.229630 -0.239734 -0.058254 -0.182753 -0.155647 -0.193584 -0.348517 -0.128220 -0.098108 -0.092630 0.051323 -0.193906 -0.231414 -0.108652 -0.286687 0.032300 0.171137 0.468291 0.443846 0.489269 0.294675 0.027001 0.106027 -0.270496 0.158790 -0.083542 0.102715 0.059753 0.293059 0.245875 0.230279 0.084642 0.169859 0.068965 0.046638 0.150957 -0.070075 -0.274025 -0.105289 0.093116 0.009854 0.158528 0.081531
0.477928 0.212065 0.167824 -0.015938 -0.200033 -0.020674 0.137001 -0.006506 -0.228555 -0.081681 1.000000 0.431541 0.852295 0.527209 0.349361 0.462113 -0.014165 -0.222726 0.126407 0.031923 0.049972 0.072346 0.258045 0.012511 -0.186247 -0.014960 -0.066220 0.100884 0.447185 0.065924 0.044469 0.052249 -0.165968 -0.073086 -0.325237 -0.172282 0.071736 -0.046694 0.121325 0.021052 0.166371 0.377265 -0.136629 -0.115071 0.103759 -0.136778 -0.071047 -0.239976 0.405375 0.025215 0.144827 0.283720 0.452189 0.179095 0.241966 -0.011324 -0.405060 -0.523638 0.328917 0.149486 0.240100 0.103885 -0.191666 -0.161287 0.054085 0.027564 0.201001 -0.221255 -0.316126 -0.119540 0.136925 0.108586 0.266851 0.164946 0.232930 0.172437 -0.033733 -0.180212 -0.217750 -0.230699 0.061650 -0.388435 0.527368 0.244647 0.612316 0.205938 0.331787 0.032741 -0.013120 0.039258 -0.159485 -0.077550 -0.102288 -0.008520 0.108351 -0.049971 -0.072687 -0.114321 -0.240452 -0.222233 -0.102562 -0.218547 -0.212717 -0.324522 -0.317352 -0.319164 -0.023067 -0.062891 -0.292002 -0.031823 -0.150246 -0.376706 -0.086377 -0.106461 -0.023120 0.091629
0.201409 0.054889 -0.180493 -0.115833 -0.231840 -0.207242 0.139413 0.140102 -0.117703 0.017652 0.431541 1.000000 0.434581 0.747268 0.046732 0.165968 0.091526 0.294863 0.216279 0.003548 -0.024062 -0.184799 -0.180355 -0.231928 -0.476994 -0.409300 -0.188125 -0.287193 0.483134 0.587341 0.297492 0.321868 0.307088 0.341582 -0.042579 -0.076532 0.217115 -0.011747 -0.070914 -0.087289 0.041393 0.230308 -0.047497 -0.068992 0.172890 0.008250 0.097859 -0.130755 0.305509 0.191891 -0.086731 0.166659 0.174839 0.287484 0.126838 -0.056185 -0.146000 -0.371438 -0.134878 -0.147416 0.308119 0.269738 0.115001 -0.024925 -0.194151 -0.121053 0.015181 -0.321823 -0.244950 -0.416306 0.207219 0.010130 0.561877 0.229450 0.247141 0.180381 0.274356 0.015841 -0.091358 0.091613 -0.078158 -0.094821 0.199776 0.218425 0.186497 -0.134441 -0.135717 -0.245873 0.067991 -0.055902 -0.052836 -0.023449 -0.161497 0.021807 -0.107001 -0.041238 -0.089211 -0.108285 -0.077822 -0.054648 0.067151 -0.172711 -0.158909 -0.205968 -0.215020 -0.202253 -0.214204 -0.066784 -0.222647 -0.115061 -0.239146 -0.051865 0.108015 0.104111 -0.095260 0.062945
0.403919 0.249927 0.190577 0.099017 -0.094969 0.145056 0.193455 0.129371 -0.114335 0.076770 0.852295 0.434581 1.000000 0.659205 0.270264 0.555642 -0.019714 -0.219821 0.206990 0.048797 -0.080943 0.076637 0.088216 -0.058968 -0.246937 -0.079536 -0.044020 0.077824 0.422453 0.040649 -0.050785 -0.051274 -0.159875 -0.123664 -0.339250 -0.153181 0.057646 0.054722 0.119360 0.197663 0.099073 0.336983 -0.171367 -0.082478 0.022591 -0.130579 -0.098810 -0.205509 0.392673 0.019810 0.054747 0.196545 0.403377 0.034132 0.249668 0.070874 -0.361147 -0.425493 0.284800 0.119953 0.299206 0.254309 -0.244159 -0.127412 -0.012904 0.018850 0.141236 -0.271037 -0.364456 -0.147387 0.063489 -0.030575 0.291033 0.041800 0.111045 0.084688 -0.108541 -0.194515 -0.217755 -0.290344 0.017946 -0.389736 0.401638 0.250373 0.454009 0.013488 0.144483 -0.021361 0.003458 0.101426 0.032590 -0.019685 -0.066705 -0.072191 0.093624 -0.018213 0.015226 -0.044385 0.003053 -0.146873 -0.077432 -0.200804 -0.226626 -0.325450 -0.337694 -0.416404 -0.112368 -0.178720 -0.221353 0.027333 -0.099780 -0.241205 0.058309 -0.150365 -0.019361 0.143452
0.229306 0.285894 -0.158702 -0.155535 -0.141884 -0.103766 0.182011 0.196462 -0.075510 0.068232 0.527209 0.747268 0.659205 1.000000 0.083710 0.278967 0.093788 0.160100 0.133884 0.033272 -0.035561 -0.075173 -0.267400 -0.313894 -0.426682 -0.443132 -0.148776 -0.282127 0.443949 0.424968 0.063628 0.055958 0.095284 0.082715 -0.263878 -0.245477 0.114356 0.076722 0.080925 0.019551 0.008148 0.341658 -0.098667 -0.075833 0.172005 -0.063152 0.077010 -0.174661 0.464070 0.232897 0.040693 0.223241 0.342613 0.187246 0.370330 0.080449 -0.272078 -0.326241 0.023084 0.097911 0.262237 0.447289 0.006078 0.062754 -0.293935 -0.172517 0.072810 -0.402775 -0.340128 -0.290686 0.201948 -0.027898 0.449422 0.184486 0.165302 0.150017 0.158535 -0.046549 -0.126861 0.020114 -0.117561 -0.244313 0.233213 0.260418 0.282913 -0.114840 0.021178 -0.051183 0.137926 0.117954 0.086231 -0.034828 -0.195272 -0.068200 0.014119 -0.076648 -0.003648 -0.161347 0.088831 -0.046711 0.085875 -0.266459 0.019739 -0.210039 -0.181294 -0.352903 -0.269104 -0.180041 -0.220432 -0.053076 -0.219604 -0.125477 0.072549 0.031928 -0.167367 -0.038095
0.180039 -0.170374 0.439805 0.244387 0.266212 0.353094 0.255546 0.028504 0.477461 0.343721 0.349361 0.046732 0.270264 0.083710 1.000000 0.355673 -0.355584 -0.442562 -0.229389 0.007227 -0.155186 -0.138919 0.584120 0.553341 0.110305 0.292820 0.294576 0.422332 0.121772 -0.336514 -0.046530 -0.029841 -0.543425 -0.326436 -0.178644 -0.122274 -0.418246 -0.303354 0.002832 -0.043289 0.028831 -0.054633 -0.265995 -0.348624 -0.215790 -0.287677 -0.173170 -0.194593 0.018898 -0.078770 0.002037 0.092198 0.050720 -0.024064 -0.041101 -0.188327 -0.131552 -0.370092 0.290709 0.201553 -0.088869 -0.121522 -0.345628 -0.522156 0.511239 0.166828 -0.009153 0.105645 -0.176144 0.350617 -0.080992 -0.044309 -0.293984 -0.336488 -0.131766 -0.143462 -0.216824 -0.296231 -0.352710 -0.432616 -0.075819 -0.377091 0.510936 0.252637 0.383845 0.189963 0.366560 0.118622 0.435217 0.247713 0.227257 0.368169 0.340207 0.261367 -0.226082 -0.281519 -0.184984 -0.058897 -0.086194 -0.091293 -0.071306 0.128931 -0.084261 0.065291 -0.220329 -0.148592 0.032402 0.030785 -0.143299 -0.167119 -0.420285 -0.410613 0.031323 -0.079112 -0.062488 -0.072246
0.311985 -0.077451 0.263220 0.338159 0.150059 0.441668 0.199407 0.246917 -0.075609 0.377919 0.462113 0.165968 0.555642 0.278967 0.355673 1.000000 -0.073805 -0.339817 0.172864 0.068298 0.027397 0.215177 0.124142 0.259118 -0.081114 0.140808 0.275585 0.205629 0.259416 -0.104668 -0.010654 0.009209 -0.411592 -0.095237 -0.087746 -0.008202 0.034958 0.023717 0.202903 0.032034 0.124785 0.179032 -0.288365 -0.153136 -0.317215 -0.247187 -0.369633 -0.160585 -0.074795 -0.259281 -0.166203 -0.041738 0.162063 -0.225309 -0.080106 -0.249790 -0.066005 -0.325078 0.269903 0.045619 0.072815 0.145693 -0.407798 -0.428013 0.175565 0.114710 -0.155851 -0.004080 -0.310488 0.057447 0.085853 0.194241 0.013328 -0.085083 -0.137885 0.254396 -0.099471 0.076872 -0.070723 -0.267357 0.092298 -0.330967 0.277169 0.542818 0.321527 0.033007 0.163369 0.016344 -0.030359 0.089460 0.152997 0.102738 0.126482 0.018131 -0.116525 -0.046685 -0.212915 -0.013149 -0.280481 -0.214812 -0.124885 -0.086159 -0.046976 0.064135 0.044662 -0.205911 -0.016558 0.071427 -0.188120 0.008885 -0.037238 -0.290070 -0.199687 -0.191745 -0.170362 -0.000526
-0.059709 0.296623 -0.318464 0.008727 -0.162576 -0.217167 0.001310 0.045225 -0.292184 -0.158066 -0.014165 0.091526 -0.019714 0.093788 -0.355584 -0.073805 1.000000 0.633075 0.159645 -0.012211 0.259889 -0.019220 -0.229633 -0.173711 -0.152442 -0.162864 0.019002 -0.144287 0.381717 0.414305 0.150046 0.275605 0.428546 0.177890 0.172651 -0.059216 0.396059 0.139681 -0.216809 -0.145631 0.271188 0.243090 0.084742 -0.096149 0.105810 0.108567 0.247033 -0.010207 -0.112244 -0.005897 -0.030322 -0.169123 0.224747 0.132334 -0.106743 -0.164371 0.091291 0.449995 -0.381485 -0.018460 -0.033066 0.009324 0.353070 0.467410 -0.451985 -0.263347 -0.115018 -0.306854 0.155684 -0.225790 0.149931 0.222568 0.441637 0.363524 0.225761 0.268533 0.111792 0.240548 0.455273 0.496498 0.434503 0.348501 -0.048829 0.300844 0.053677 0.025908 -0.051877 -0.025434 -0.297958 -0.340184 -0.120787 -0.376820 -0.176877 -0.265568 -0.118202 -0.177011 -0.152762 -0.388776 -0.022488 -0.234624 0.321046 -0.137858 -0.128002 -0.111179 0.038235 -0.145002 -0.277177 0.046095 -0.203609 -0.238726 -0.076454 0.081684 -0.149182 0.023962 -0.283182 -0.231404
-0.171373 0.362782 -0.472122 -0.140338 -0.275118 -0.430129 -0.148693 -0.138607 -0.255653 -0.356406 -0.222726 0.294863 -0.219821 0.160100 -0.442562 -0.339817 0.633075 1.000000 0.232775 0.101250 0.139604 -0.187733 -0.290002 -0.269651 -0.177133 -0.245275 -0.108195 -0.185333 0.302543 0.700593 0.304197 0.413238 0.686020 0.454297 0.245447 0.026847 0.424708 0.232917 -0.184090 -0.177339 0.151701 0.153224 0.213762 0.028176 0.218346 0.185124 0.343677 0.095819 0.051729 0.174318 -0.058627 -0.117450 0.168234 0.337244 0.102149 -0.072482 0.007794 0.418356 -0.529745 -0.123959 -0.062418 -0.114821 0.427693 0.556459 -0.626299 -0.487956 0.091592 -0.239399 0.217891 -0.268643 0.075123 0.166793 0.552742 0.346050 0.279751 0.206291 0.213574 0.237761 0.419897 0.765705 0.138484 0.474509 -0.307806 0.247219 -0.271357 -0.089351 -0.414870 -0.133740 -0.173955 -0.240802 -0.126323 -0.374806 -0.392092 -0.310159 -0.143681 -0.299003 -0.114370 -0.400958 0.150913 -0.142483 0.235843 -0.356301 -0.095132 -0.133966 0.042483 -0.063219 -0.405046 -0.104578 -0.288877 -0.249732 -0.028866 0.315007 0.037517 0.030644 -0.243188 -0.144404
0.324574 0.229106 -0.082985 0.085518 -0.052021 -0.021941 -0.013345 -0.055121 -0.277881 0.022628 0.126407 0.216279 0.206990 0.133884 -0.229389 0.172864 0.159645 0.232775 1.000000 0.339856 0.057180 -0.057251 -0.117786 -0.192059 -0.123163 -0.161900 0.047399 -0.115276 0.309669 0.359817 0.239990 0.095446 0.389233 0.185018 0.055462 -0.140976 0.207222 0.064885 -0.076274 -0.141096 -0.048890 0.151486 -0.084457 -0.106504 -0.051713 -0.260963 0.003165 -0.254527 0.092289 -0.202746 -0.032611 -0.006452 0.199326 0.034178 -0.018581 -0.091986 -0.173888 -0.091145 0.038522 -0.066700 0.316447 0.077571 0.171477 0.224030 -0.169928 -0.183476 0.296588 -0.361652 0.004575 -0.323157 0.285694 0.079932 0.460466 0.365676 0.347720 0.345692 0.172601 0.180824 0.175560 0.119184 -0.064753 -0.022054 -0.155995 0.193721 0.001716 -0.010835 -0.289049 -0.202498 -0.314390 0.058355 -0.136073 -0.098106 -0.236630 -0.089609 0.048692 0.035918 -0.064763 -0.029467 -0.111294 -0.124699 -0.103331 0.057361 -0.121293 -0.031073 -0.034414 -0.122431 0.021391 -0.007897 -0.153807 -0.073734 -0.113262 0.034297 0.047186 0.112831 -0.045392 0.084687
0.182304 0.015294 -0.118983 0.156870 0.135524 -0.073408 -0.012709 -0.035963 0.047501 -0.059047 0.031923 0.003548 0.048797 0.033272 0.007227 0.068298 -0.012211 0.101250 0.339856 1.000000 0.097424 0.080802 0.028415 -0.026621 -0.071766 -0.063842 -0.071189 -0.152506 0.249293 0.103251 0.059598 -0.003923 0.101535 0.152312 0.144361 0.084505 0.324333 0.289730 0.178930 0.138115 0.259235 0.425647 -0.234550 -0.276737 -0.089985 -0.192560 -0.146537 -0.336597 -0.073184 -0.132254 -0.033442 -0.060996 0.127853 -0.070839 0.001869 -0.146657 -0.033440 -0.035272 -0.286909 -0.136188 0.001130 -0.119136 0.321557 0.038988 0.040392 -0.256965 -0.036273 -0.115891 0.206515 0.092950 0.130884 -0.080805 0.210008 0.194411 0.369903 0.180032 0.092906 0.136953 0.203782 0.127666 0.158122 0.202401 0.039544 0.215095 0.024760 0.088801 -0.087209 0.095223 -0.202853 -0.033150 -0.187576 -0.072211 -0.297743 -0.059907 0.057232 0.062723 -0.171591 0.153485 -0.180373 -0.119435 -0.318209 -0.109478 -0.091400 -0.032976 -0.204642 -0.325381 -0.086634 -0.187618 -0.036191 0.070548 -0.131605 -0.257758 0.017135 0.169736 0.187728 0.168774
0.174427 0.241818 -0.374203 -0.016266 0.002734 -0.037973 -0.079992 -0.060903 -0.317187 -0.351414 0.049972 -0.024062 -0.080943 -0.035561 -0.155186 0.027397 0.259889 0.139604 0.057180 0.097424 1.000000 0.501318 0.117660 -0.072165 0.255629 0.209705 0.269471 0.068036 0.301882 0.280000 0.582831 0.517350 0.070857 0.053068 0.033123 -0.199391 0.258053 0.026719 -0.030805 -0.301622 0.511928 0.553983 -0.059740 -0.089936 0.055350 -0.003614 0.123440 -0.157156 -0.131966 -0.005497 0.335215 0.150092 0.299396 0.268609 0.110064 -0.218127 0.003227 -0.005388 -0.072065 0.131321 -0.241444 -0.043745 0.104351 0.285097 -0.122390 -0.203115 0.012039 -0.254588 0.015080 -0.328830 0.331072 0.418740 0.281530 0.401704 0.318498 0.269491 -0.001437 0.074807 0.222832 0.168376 0.329479 0.067922 0.335880 0.359932 0.397204 0.407069 0.349036 0.428248 -0.216173 -0.153418 -0.393934 -0.477903 -0.297606 -0.246879 -0.176339 -0.343953 -0.304094 -0.268302 -0.323958 -0.503685 0.019167 -0.162111 -0.177348 -0.167857 -0.004908 -0.263744 0.155882 0.086374 -0.462975 -0.254624 0.006540 -0.308366 -0.378627 -0.102662 -0.259186 -0.379641
0.082409 -0.093765 -0.021709 0.125095 0.207784 0.295661 -0.000681 0.034917 -0.173411 -0.180742 0.072346 -0.184799 0.076637 -0.075173 -0.138919 0.215177 -0.019220 -0.187733 -0.057251 0.080802 0.501318 1.000000 0.097774 -0.025978 0.343937 0.391251 0.290983 0.316261 -0.080976 -0.109867 0.135659 0.130751 -0.166971 0.131513 0.004996 0.009255 0.030554 0.105163 0.236184 0.046782 0.263279 0.220582 -0.101180 0.036297 -0.003668 0.092898 -0.058793 -0.108698 -0.100143 -0.040224 0.280946 -0.024935 0.211095 -0.144015 0.061771 -0.085227 0.257337 -0.009318 0.139981 -0.084243 0.048491 0.007157 -0.102274 -0.079761 0.134419 0.236928 -0.146542 0.074471 -0.057381 -0.209116 0.011482 0.138167 -0.110999 -0.115081 -0.156498 0.082359 -0.124161 -0.087616 0.142885 -0.056462 0.083096 -0.172124 0.064154 0.098751 0.089992 0.183471 0.164475 0.331132 -0.109799 0.007196 -0.241918 -0.336250 -0.198625 -0.235426 -0.266280 0.081506 -0.103176 0.081281 -0.278153 -0.186917 -0.241935 -0.195602 -0.298729 -0.016885 -0.106400 -0.183500 0.060469 0.185755 -0.152964 0.061515 0.225593 -0.239071 -0.208025 0.042103 -0.013066 -0.035835
0.207102 -0.103421 0.415574 0.351197 0.152742 0.277267 0.041390 -0.212213 0.055467 -0.136597 0.258045 -0.180355 0.088216 -0.267400 0.584120 0.124142 -0.229633 -0.290002 -0.117786 0.028415 0.117660 0.097774 1.000000 0.732045 0.518411 0.680014 0.440356 0.742920 0.041598 -0.304301 0.259935 0.250034 -0.315171 -0.120220 0.005979 -0.055011 -0.172537 -0.159287 0.074658 -0.054974 0.136885 0.086933 -0.202158 -0.281398 -0.141080 -0.218358 -0.016789 -0.204855 -0.135453 -0.114802 0.256909 0.021984 0.060737 0.104696 0.065166 -0.126518 -0.024411 -0.253107 0.241823 0.049668 -0.146128 -0.461452 -0.310279 -0.309178 0.639418 0.200067 0.024171 0.239891 -0.050834 0.302821 -0.070874 0.092243 -0.214196 -0.167558 0.087681 -0.203245 -0.260655 -0.457447 -0.283933 -0.360089 0.140407 -0.249375 0.512167 0.165847 0.443774 0.489220 0.426421 0.310934 0.355163 0.194840 -0.087311 -0.036541 0.208866 0.027271 -0.248074 -0.375011 -0.212820 -0.246444 -0.153033 -0.251539 -0.178918 0.008598 -0.275783 -0.077897 -0.306788 -0.270018 -0.020087 -0.024709 -0.198421 -0.320222 -0.260490 -0.482036 -0.113294 -0.175272 -0.135124 -0.205310
0.130109 -0.308346 0.534951 0.635713 0.283991 0.281202 0.291809 0.236091 0.267284 0.228102 0.012511 -0.231928 -0.058968 -0.313894 0.553341 0.259118 -0.173711 -0.269651 -0.192059 -0.026621 -0.072165 -0.025978 0.732045 1.000000 0.457891 0.564844 0.307086 0.567206 -0.091562 -0.364175 0.102322 0.181162 -0.374788 -0.033229 0.105576 0.035766 -0.272543 -0.301535 -0.033384 -0.118248 -0.032777 -0.121650 -0.395128 -0.391417 -0.396888 -0.257604 -0.279299 -0.165655 -0.321600 -0.323257 -0.049278 -0.286540 -0.088690 -0.130134 -0.157353 -0.298798 0.176279 -0.119389 0.086075 -0.078987 -0.103242 -0.368439 -0.278791 -0.471976 0.582644 0.299204 -0.118872 0.472341 0.070071 0.461940 -0.155588 0.093983 -0.367510 -0.363548 -0.213962 -0.184077 -0.269852 -0.318478 -0.391659 -0.362999 0.059172 -0.225303 0.277122 0.347563 0.193283 0.361816 0.201861 0.091021 0.304284 0.135771 0.214239 0.205590 0.525005 0.211225 -0.228420 -0.293956 -0.348391 -0.178219 -0.095521 -0.212909 -0.071355 0.093129 0.007838 0.083344 -0.192025 -0.056057 -0.104011 0.022389 -0.120836 -0.393400 -0.287618 -0.369360 -0.068577 -0.184985 -0.135056 -0.272951
-0.001047 -0.110437 0.285075 0.210470 0.408857 0.356065 -0.040398 -0.113722 0.151830 -0.011793 -0.186247 -0.476994 -0.246937 -0.426682 0.110305 -0.081114 -0.152442 -0.177133 -0.123163 -0.071766 0.255629 0.343937 0.518411 0.457891 1.000000 0.781562 0.486136 0.577303 -0.361599 -0.380389 0.108987 0.077961 -0.212751 -0.167130 0.157890 -0.014589 -0.248843 -0.173600 0.189385 0.061999 -0.016736 -0.071036 -0.142268 -0.136131 -0.286506 -0.101900 -0.096624 -0.052701 -0.322370 -0.269131 0.206709 -0.208973 -0.066339 -0.094728 0.075779 -0.009197 0.195289 0.033100 0.127422 -0.033735 -0.193651 -0.281361 -0.058977 -0.163130 0.287072 0.297024 0.065157 0.473039 0.258222 0.227593 -0.196765 0.153985 -0.460071 -0.189680 -0.084662 -0.157642 -0.216763 -0.280404 -0.009820 -0.144294 0.082123 -0.007960 0.004440 -0.073122 -0.004507 0.212538 0.211852 0.218058 0.187967 0.123610 -0.056883 -0.032887 0.131894 -0.084940 0.018688 -0.163899 -0.085407 -0.019691 -0.080088 -0.147659 -0.170179 0.133882 -0.097331 0.017021 -0.214855 -0.107188 0.010443 -0.114003 -0.074376 -0.134313 0.108061 -0.228273 -0.038401 -0.169064 0.039066 -0.254574
0.130325 -0.220702 0.296148 0.325840 0.174329 0.430484 -0.169523 -0.272635 -0.017518 -0.095735 -0.014960 -0.409300 -0.079536 -0.443132 0.292820 0.140808 -0.162864 -0.245275 -0.161900 -0.063842 0.209705 0.391251 0.680014 0.564844 0.781562 1.000000 0.483537 0.857758 -0.216333 -0.420345 0.053021 0.121452 -0.315957 -0.178574 0.143313 0.081132 -0.099773 0.043324 0.208848 0.182866 0.166192 -0.027649 -0.090002 -0.165646 -0.257708 -0.148205 -0.040138 -0.055127 -0.362864 -0.245846 0.051895 -0.267330 -0.006282 -0.146802 0.053202 0.019402 0.279018 -0.027366 0.187001 -0.190104 -0.217858 -0.410979 -0.250625 -0.350765 0.416479 0.286692 -0.088044 0.362849 0.048845 0.237089 -0.262466 0.072321 -0.398927 -0.252217 -0.111466 -0.194539 -0.264110 -0.299436 0.031077 -0.153934 0.237847 -0.014915 0.223379 0.000704 0.102726 0.241114 0.304173 0.270232 0.267626 0.120529 -0.031341 0.001315 0.194373 -0.079536 -0.148296 -0.143892 -0.025535 0.029504 0.004273 -0.030260 -0.210535 0.082172 -0.374454 -0.038813 -0.300158 -0.173181 -0.007153 -0.115660 -0.021458 -0.066495 0.087043 -0.234217 -0.119424 -0.167056 -0.005715 -0.114136
0.098254 -0.098431 0.264849 0.205092 0.289847 0.630964 0.098154 -0.052498 0.108973 0.236132 -0.066220 -0.188125 -0.044020 -0.148776 0.294576 0.275585 0.019002 -0.108195 0.047399 -0.071189 0.269471 0.290983 0.440356 0.307086 0.486136 0.483537 1.000000 0.529958 -0.011900 -0.159401 0.216194 0.152523 -0.125576 -0.062927 0.009820 0.003127 -0.190264 -0.235331 0.023903 -0.094752 0.025412 -0.097060 -0.016659 -0.096383 -0.129920 -0.048678 -0.006451 -0.054018 -0.209652 -0.074971 -0.007421 -0.048687 -0.084259 -0.099595 -0.223556 -0.163909 0.200939 -0.033083 0.141118 0.035169 -0.218568 -0.099771 -0.211517 -0.258763 0.280686 0.087639 -0.123325 0.251063 0.199917 0.252233 -0.026566 0.064450 -0.187426 -0.238738 -0.144805 -0.060478 -0.312896 -0.324555 0.020395 -0.198300 0.149065 -0.048350 0.208888 0.286691 0.164458 0.201007 0.312968 0.252096 0.104940 0.024631 0.091537 -0.085419 0.063617 -0.127497 -0.379961 -0.336780 -0.233820 -0.244971 -0.186311 -0.197246 0.004659 -0.034922 -0.158774 0.009284 0.010266 -0.203545 0.139592 0.141717 -0.187154 -0.324594 -0.150059 -0.202545 -0.210045 -0.219931 -0.363372 -0.293975
0.138299 -0.096863 0.333350 0.349778 0.189082 0.513900 -0.164662 -0.251948 0.007776 -0.079483 0.100884 -0.287193 0.077824 -0.282127 0.422332 0.205629 -0.144287 -0.185333 -0.115276 -0.152506 0.068036 0.316261 0.742920 0.567206 0.577303 0.857758 0.529958 1.000000 -0.168872 -0.356246 0.030459 0.109539 -0.255481 -0.117988 -0.003141 0.009985 -0.180352 -0.031653 0.146273 0.083209 0.072363 -0.049498 -0.082356 -0.147156 -0.136726 -0.140361 0.047059 -0.071596 -0.182855 -0.081370 0.086430 -0.108353 0.067939 -0.089160 0.065663 -0.053042 0.219839 0.016561 0.283206 -0.055296 -0.154021 -0.390108 -0.404272 -0.288860 0.459184 0.249189 -0.039495 0.243748 -0.082346 0.263413 -0.297042 -0.032961 -0.300480 -0.343662 -0.173827 -0.200619 -0.336116 -0.458404 -0.028940 -0.173910 0.113358 -0.139569 0.278071 0.066749 0.191552 0.248090 0.309984 0.338687 0.410238 0.181361 0.058255 -0.025366 0.232557 -0.115955 -0.333433 -0.285458 -0.085916 -0.136176 0.069397 -0.130383 -0.210821 -0.129055 -0.418195 -0.096725 -0.248211 -0.165189 -0.076968 -0.096836 -0.154576 -0.147236 -0.089744 -0.277689 -0.121307 -0.282717 -0.095121 -0.102316
0.376887 0.373542 -0.407915 -0.124817 -0.373934 -0.314672 -0.055413 -0.139877 -0.342667 -0.240574 0.447185 0.483134 0.422453 0.443949 0.121772 0.259416 0.381717 0.302543 0.309669 0.249293 0.301882 -0.080976 0.041598 -0.091562 -0.361599 -0.216333 -0.011900 -0.168872 1.000000 0.615343 0.457216 0.506980 0.205452 0.127291 0.002651 -0.111524 0.471604 0.309757 -0.116220 -0.102832 0.602517 0.513683 -0.146954 -0.258846 -0.002061 -0.181329 0.092692 -0.313193 0.142027 -0.008411 0.012968 0.213963 0.486885 0.408069 0.163383 -0.069698 -0.271929 -0.178216 -0.219913 0.016002 -0.074422 0.081287 0.050172 0.213579 -0.253964 -0.411166 -0.039516 -0.584904 -0.200191 -0.379545 0.295355 0.315378 0.756215 0.430135 0.424749 0.361990 0.100626 0.245808 0.144825 0.154031 0.438477 0.032976 0.456917 0.571461 0.523773 0.222660 0.165690 0.036220 -0.119367 -0.098775 -0.240283 -0.379778 -0.326365 -0.334925 -0.039086 -0.211154 -0.114736 -0.411292 -0.159337 -0.384818 0.153538 -0.224396 -0.258552 -0.405493 -0.191622 -0.388111 -0.158809 -0.114967 -0.295141 -0.182044 -0.235896 -0.254492 -0.292148 0.035713 -0.262829 -0.187666
0.159836 0.418746 -0.530854 -0.174563 -0.250982 -0.361519 -0.056878 -0.015784 -0.375294 -0.230392 0.065924 0.587341 0.040649 0.424968 -0.336514 -0.104668 0.414305 0.700593 0.359817 0.103251 0.280000 -0.109867 -0.304301 -0.364175 -0.380389 -0.420345 -0.159401 -0.356246 0.615343 1.000000 0.499615 0.538213 0.615242 0.458812 0.076784 -0.080543 0.428525 0.212004 -0.227298 -0.340022 0.329082 0.396770 0.011696 -0.092578 0.202726 0.017488 0.260104 -0.118796 0.272057 0.149017 0.030049 0.235423 0.369812 0.473723 0.130547 -0.069356 -0.165431 0.063387 -0.359175 -0.046364 0.009373 0.116726 0.243364 0.440640 -0.559335 -0.498233 0.078991 -0.451471 -0.000575 -0.547180 0.198229 0.183657 0.861705 0.568946 0.504249 0.397727 0.255413 0.209014 0.302487 0.552139 0.209952 0.238142 0.018718 0.334267 0.061470 0.047107 -0.160278 -0.094759 -0.226144 -0.192448 -0.244747 -0.473046 -0.386829 -0.356813 -0.119528 -0.228822 -0.152903 -0.435265 -0.004030 -0.239711 0.152324 -0.335065 -0.066305 -0.250735 0.061849 -0.081755 -0.212620 -0.082608 -0.377527 -0.243849 -0.128241 0.042308 -0.156757 0.151623 -0.111920 -0.090578
0.230773 0.188882 -0.237533 0.040451 -0.008215 -0.139881 0.053271 -0.082432 -0.196905 -0.260098 0.044469 0.297492 -0.050785 0.063628 -0.046530 -0.010654 0.150046 0.304197 0.239990 0.059598 0.582831 0.135659 0.259935 0.102322 0.108987 0.053021 0.216194 0.030459 0.457216 0.499615 1.000000 0.724835 0.240423 0.337698 0.161788 0.119301 0.201927 0.029952 -0.257141 -0.402061 0.269947 0.418645 -0.153945 -0.165518 0.131507 0.088388 0.124288 -0.159632 0.002245 0.099580 0.276291 0.184795 0.178157 0.484867 -0.055251 -0.356717 -0.098756 -0.152957 -0.137693 0.107184 -0.125215 -0.185528 0.109495 0.237246 -0.097879 -0.352286 0.162242 -0.155967 0.020279 -0.350752 0.418239 0.454571 0.485776 0.336878 0.337757 0.231924 0.038602 0.030482 -0.102541 0.114823 0.125267 -0.063975 0.316161 0.393842 0.279765 0.316848 0.062502 0.180400 -0.162644 -0.108141 -0.235842 -0.426185 -0.171703 -0.150640 -0.256792 -0.460984 -0.429902 -0.433791 -0.240625 -0.542479 0.108049 -0.198978 -0.152234 -0.161478 -0.029507 -0.237442 0.079041 -0.032179 -0.470329 -0.442758 -0.233175 -0.193620 -0.257823 -0.088883 -0.243575 -0.352632
0.173504 0.256488 -0.349103 0.073221 -0.202693 -0.204754 -0.057671 -0.049689 -0.291771 -0.299199 0.052249 0.321868 -0.051274 0.055958 -0.029841 0.009209 0.275605 0.413238 0.095446 -0.003923 0.517350 0.130751 0.250034 0.181162 0.077961 0.121452 0.152523 0.109539 0.506980 0.538213 0.724835 1.000000 0.249870 0.432153 0.071952 0.020594 0.313126 0.087684 -0.098008 -0.251879 0.507641 0.396818 -0.086922 -0.169522 -0.079107 -0.043347 0.175544 -0.074666 -0.195213 -0.108793 0.102742 0.029748 0.199251 0.417183 0.001074 -0.194926 0.055198 -0.046867 -0.287170 -0.101481 -0.119598 -0.124152 0.026358 0.176935 -0.132059 -0.203443 -0.102257 -0.239413 0.009877 -0.294748 0.254750 0.455049 0.466512 0.250368 0.266509 0.264770 -0.014607 0.125363 0.157932 0.321416 0.308773 0.161498 0.250828 0.468726 0.288519 0.283861 0.112475 0.089569 -0.032160 -0.130511 -0.257158 -0.507056 -0.249376 -0.383834 -0.267415 -0.457327 -0.309410 -0.455665 -0.130897 -0.458222 0.125907 -0.293038 -0.350034 -0.322551 -0.134795 -0.207249 -0.111970 0.039299 -0.474365 -0.419206 -0.130061 -0.084241 -0.368477 -0.065621 -0.240558 -0.297675
-0.049323 0.196497 -0.432498 -0.206071 -0.283605 -0.333817 -0.198978 -0.125147 -0.328689 -0.289427 -0.165968 0.307088 -0.159875 0.095284 -0.543425 -0.411592 0.428546 0.686020 0.389233 0.101535 0.070857 -0.166971 -0.315171 -0.374788 -0.212751 -0.315957 -0.125576 -0.255481 0.205452 0.615242 0.240423 0.249870 1.000000 0.579419 0.160109 0.026814 0.350281 0.044846 -0.169978 -0.178024 0.025956 0.031929 0.260984 0.164094 0.363747 0.272951 0.396452 0.073539 0.121000 0.211002 -0.078671 0.041595 0.002308 0.206813 0.042454 0.119823 0.076493 0.147000 -0.402913 -0.208261 0.123512 -0.024004 0.456090 0.442544 -0.471616 -0.266262 0.182288 -0.202892 0.185711 -0.354803 -0.115318 -0.138950 0.513115 0.302118 0.263417 0.119000 0.108384 0.045891 0.316332 0.486965 0.130181 0.347677 -0.246953 -0.069824 -0.167612 -0.012931 -0.254688 -0.083919 -0.258776 -0.205336 -0.295367 -0.459161 -0.428557 -0.358550 -0.030082 -0.050466 0.035055 -0.233788 0.055133 -0.037723 -0.082959 -0.309270 -0.183732 -0.200618 -0.034317 0.121012 -0.102886 -0.065507 -0.163610 -0.168449 0.000658 0.204227 -0.079157 0.044886 0.014750 0.025058
0.027171 0.039386 -0.216544 0.132475 -0.135890 -0.169764 -0.016100 0.165841 -0.100825 -0.124472 -0.073086 0.341582 -0.123664 0.082715 -0.326436 -0.095237 0.177890 0.454297 0.185018 0.152312 0.053068 0.131513 -0.120220 -0.033229 -0.167130 -0.178574 -0.062927 -0.117988 0.127291 0.458812 0.337698 0.432153 0.579419 1.000000 0.104622 0.373452 0.218214 0.036896 -0.150958 -0.138328 0.043469 0.133841 0.010755 0.069590 0.118189 0.196331 0.029679 0.033153 -0.050358 0.020308 -0.137874 -0.170123 0.016830 0.102020 -0.144117 -0.096665 0.258028 0.093906 -0.200847 -0.193916 0.369620 0.113415 0.217289 0.192554 -0.166723 -0.003412 -0.048664 0.046641 0.131781 -0.235542 -0.035143 -0.090838 0.305370 0.101618 0.142229 0.163489 -0.024966 -0.073838 0.055310 0.332776 0.024157 0.197234 -0.181520 0.184696 -0.217541 -0.007527 -0.330584 -0.185056 -0.114077 0.035610 -0.083123 -0.468452 -0.299246 -0.340643 -0.339826 -0.115155 -0.231722 -0.235117 -0.207782 -0.092990 -0.017108 -0.457042 -0.137604 -0.117468 -0.117309 0.003038 -0.124546 0.110257 -0.264753 -0.327257 -0.047066 0.053024 -0.099836 0.014395 -0.105991 0.052584
-0.209968 -0.277337 -0.089709 0.096847 0.028938 -0.076920 -0.146104 -0.194332 0.069453 0.025564 -0.325237 -0.042579 -0.339250 -0.263878 -0.178644 -0.087746 0.172651 0.245447 0.055462 0.144361 0.033123 0.004996 0.005979 0.105576 0.157890 0.143313 0.009820 -0.003141 0.002651 0.076784 0.161788 0.071952 0.160109 0.104622 1.000000 0.436816 0.260259 0.229471 -0.035999 -0.045821 0.026556 -0.098363 -0.019151 -0.075074 -0.140512 0.091711 -0.133249 -0.161349 -0.389250 -0.148447 -0.146747 -0.454907 -0.097394 -0.122584 -0.219194 -0.192725 0.096661 0.118109 -0.193075 -0.224694 -0.149712 -0.214712 0.329642 0.034679 0.023355 -0.088827 0.123823 0.278371 0.091046 0.036801 0.075866 0.101927 -0.058588 0.111841 0.048943 -0.222789 -0.019898 0.122364 0.228719 0.134474 0.240260 0.234160 -0.158062 0.046004 -0.166969 0.092710 -0.285147 -0.188789 -0.053599 -0.033516 -0.050614 0.047489 0.094254 0.070859 -0.160800 0.030916 -0.075112 -0.060283 -0.153319 -0.006303 0.123053 0.236590 -0.042076 0.222111 0.013161 -0.131512 -0.244965 -0.065620 0.206642 -0.078132 0.047899 -0.005237 0.086430 0.156259 -0.173305 -0.044024
-0.186083 -0.209839 0.027452 0.083620 -0.001329 0.093597 -0.156348 -0.068835 0.197701 0.135176 -0.172282 -0.076532 -0.153181 -0.245477 -0.122274 -0.008202 -0.059216 0.026847 -0.140976 0.084505 -0.199391 0.009255 -0.055011 0.035766 -0.014589 0.081132 0.003127 0.009985 -0.111524 -0.080543 0.119301 0.020594 0.026814 0.373452 0.436816 1.000000 0.079197 0.175043 -0.149200 0.120529 -0.066792 -0.074740 0.035880 0.116530 0.007886 0.352795 -0.211260 0.108414 -0.222646 0.001971 -0.241884 -0.306951 -0.244468 -0.155689 -0.320833 -0.149166 0.208180 0.067877 -0.078177 -0.136044 0.005358 -0.049642 0.029721 -0.058321 -0.007044 0.001987 -0.093860 0.471088 0.124203 0.115749 0.025943 -0.080885 -0.133618 -0.043746 -0.017711 -0.119483 -0.181139 -0.008478 -0.081502 0.032980 0.146215 0.262463 -0.060939 -0.062330 -0.305412 -0.274038 -0.212402 -0.183176 -0.064013 -0.090110 0.220005 -0.052407 0.081155 -0.069142 -0.133677 0.039711 -0.086224 0.027545 -0.058481 0.014813 0.158824 -0.130670 -0.071489 -0.021310 -0.076671 -0.020754 0.044104 -0.039726 0.223147 -0.040826 0.124282 0.129484 -0.063079 -0.032511 0.014145 0.234059
