1.000000 0.551250 0.167816 -0.180202 -0.144401 -0.239689 0.394254 0.042859 -0.055700 0.055274 0.386174 0.171703 0.399486 0.140587 0.099025 0.235307 0.392432 0.046207 0.395071 0.171900 -0.360893 -0.311450 0.090092 -0.107351 0.028576 -0.131151 -0.074418 -0.018609 0.049716 -0.153546 -0.315256 -0.263781 0.420543 0.223232 -0.014705 -0.323645 -0.386102 -0.534279 -0.501576 -0.585620 -0.357176 -0.413773 0.159777 0.111872 0.199247 -0.108656 0.128679 -0.342160 0.400099 0.252416 0.386357 0.232559 0.466665 0.189287 0.001558 -0.210324 0.302304 0.339780 0.488561 0.270341 0.392771 0.328292 0.249884 0.381380 0.242916 -0.062903 0.076588 -0.438382 0.239874 -0.101047 -0.001190 -0.312132 0.202556 0.018973 0.270727 -0.135178 0.193418 -0.225573 0.088222 0.047187 -0.073823 -0.215065 -0.013253 -0.233223 0.003548 -0.271791 -0.070442 -0.304337 0.136157 -0.229632 -0.294471 -0.271118 -0.453434 -0.332156 -0.319385 -0.463735 -0.499162 -0.622199 -0.106476 -0.208559 -0.180622 -0.015757 -0.046208 -0.355464 -0.474298 -0.456029 0.118049 -0.013943 -0.315827 -0.084370 -0.554255 -0.229200 -0.517608 -0.574480 -0.420776 -0.210141
0.551250 1.000000 -0.022623 -0.209230 -0.307594 -0.079264 0.104614 0.030686 -0.248873 0.158602 -0.020126 0.149498 0.073821 0.139219 -0.181215 0.016403 0.145968 0.004597 0.162349 0.332520 -0.234900 -0.197909 -0.258929 -0.228378 -0.083104 -0.142241 -0.054251 -0.177069 0.165884 -0.107929 -0.323948 -0.272825 0.298535 0.113044 -0.156821 -0.310333 -0.131868 -0.287695 -0.176288 -0.199021 -0.059310 -0.134138 0.021200 -0.006428 -0.280385 -0.331394 -0.084373 -0.247558 -0.126051 -0.025413 0.072406 0.084423 0.068190 -0.055869 -0.177237 -0.150379 0.279168 0.454679 0.395465 0.418929 0.339523 0.399540 0.202804 0.199208 -0.025041 0.041512 0.062782 -0.291485 0.354154 0.244656 -0.185721 -0.148739 0.252642 -0.115264 0.188049 -0.133816 0.181350 -0.137975 0.090461 -0.040637 0.075577 0.017970 -0.128037 0.072227 -0.185437 -0.130214 -0.136484 -0.216047 -0.090111 -0.112776 -0.108806 -0.343811 -0.119396 -0.191293 0.011540 -0.241610 -0.216197 -0.270951 0.035766 -0.025536 -0.099902 -0.004668 0.168897 -0.165011 -0.256113 -0.117826 0.002913 0.063181 -0.274345 -0.009032 -0.260448 -0.056631 -0.268454 -0.249834 -0.194493 0.134211
0.167816 -0.022623 1.000000 0.435555 0.100204 0.441493 0.669754 0.408315 0.373095 0.104984 0.153685 -0.226259 0.176461 -0.137063 0.513277 0.013471 -0.131395 -0.560626 0.264733 -0.429203 0.293209 0.161719 0.571824 0.183639 0.121302 0.374349 0.344112 0.333711 -0.095167 -0.409107 0.360587 0.387824 -0.169507 -0.076598 -0.109540 -0.032449 -0.536398 -0.531981 -0.124482 -0.306978 0.024689 0.086562 -0.154469 -0.132371 -0.079096 0.056515 -0.329816 -0.114240 0.008461 -0.326849 0.386414 0.127622 -0.036084 -0.257459 -0.241099 -0.368475 -0.374851 -0.171893 -0.053479 -0.168329 -0.146869 -0.462389 -0.209515 -0.498906 0.478971 -0.073347 0.229035 0.451727 -0.142400 -0.243106 0.289778 0.015950 -0.373989 -0.226968 -0.106520 0.077160 -0.346251 -0.012611 -0.548210 -0.568372 -0.468193 -0.496826 0.354010 -0.032810 0.165481 0.074657 0.131981 -0.180825 0.327125 0.180569 -0.284018 0.363381 -0.151821 0.084372 -0.076363 -0.306151 -0.229149 -0.185592 -0.340575 -0.313987 -0.050133 -0.035029 -0.169406 -0.082358 -0.086652 -0.056240 0.080739 -0.162645 0.037452 0.092995 -0.043601 -0.413939 -0.328979 -0.171328 -0.038598 0.027856
-0.180202 -0.209230 0.435555 1.000000 -0.311959 0.268223 0.231193 0.460385 0.038468 0.082942 0.228968 -0.068418 0.039857 -0.114149 0.417485 0.062976 -0.061163 -0.245535 0.414072 -0.171479 0.166927 0.168974 0.488358 0.642238 -0.177810 0.374070 0.057038 0.105530 0.142276 -0.129355 0.406296 0.617573 -0.167499 0.086501 -0.093237 0.295343 -0.112132 -0.252561 0.105494 -0.017809 0.101680 0.117131 -0.432985 -0.108251 -0.208774 -0.024471 -0.439255 -0.247589 -0.237878 -0.378392 0.112867 -0.106757 -0.311349 -0.266880 -0.079250 -0.206053 -0.338499 -0.224738 -0.430774 -0.398012 -0.282694 -0.370257 -0.238104 -0.425604 0.488476 0.066966 -0.039394 0.453968 -0.290167 -0.202873 0.046216 0.134548 -0.196682 0.023741 -0.023921 0.191784 -0.062591 0.045725 -0.340493 -0.277547 -0.409620 -0.302385 0.367009 0.362788 0.440798 0.176613 -0.011539 -0.003971 0.479479 0.102962 -0.101609 0.060319 -0.040171 -0.129930 0.011273 -0.303052 -0.086270 -0.112470 -0.220398 -0.237572 -0.110154 -0.091037 -0.345677 -0.227488 -0.379394 -0.009607 -0.264557 -0.239765 0.210294 0.004362 -0.022148 -0.156534 0.019066 0.135950 0.014195 -0.022399
-0.144401 -0.307594 0.100204 -0.311959 1.000000 0.375559 0.278820 0.087924 0.451030 0.215534 -0.205314 -0.101201 0.063725 -0.006808 0.003690 -0.003849 -0.103106 -0.042979 -0.555966 -0.201798 0.450870 0.175535 -0.083748 -0.011876 0.402105 -0.072529 0.381649 0.199774 -0.220456 0.074660 0.032401 -0.099224 -0.194557 0.088390 0.085234 0.097635 -0.197528 0.042424 0.007681 0.104431 0.084716 0.313691 0.048315 -0.171711 0.196884 0.148227 0.064696 0.186241 0.170057 0.002105 -0.123106 -0.154004 -0.040743 -0.167239 0.006013 -0.034250 -0.170121 -0.324677 0.129386 0.011328 0.112622 0.084711 -0.049155 0.044897 -0.034552 0.085719 -0.011127 0.080027 -0.215135 -0.063696 -0.035744 -0.021147 -0.103166 -0.139504 -0.218588 0.005100 -0.291306 0.184217 -0.027071 -0.222602 0.185430 -0.013845 0.084625 -0.076900 -0.281841 -0.147317 0.418592 0.186102 -0.104833 0.110601 0.027757 0.256911 0.159865 0.109622 0.003615 0.195342 0.099870 0.115768 -0.033704 -0.049746 0.211739 0.090301 0.230405 0.156916 0.242191 0.019525 0.301357 0.041960 0.066866 0.066337 0.217925 -0.112559 -0.104927 0.186513 0.094606 0.087475
-0.239689 -0.079264 0.441493 0.268223 0.375559 1.000000 0.307339 0.249738 0.403967 0.364477 -0.130362 -0.386352 0.040240 -0.160991 0.358390 -0.034019 -0.222629 -0.428357 -0.071343 -0.157694 0.425029 0.143745 0.076278 0.239011 0.324371 0.193145 0.634542 0.273894 0.023004 -0.292516 0.131691 0.127996 -0.510415 -0.120076 -0.182084 -0.069971 -0.185135 -0.096079 0.271472 0.166594 0.203765 0.514270 -0.208783 -0.310896 -0.366688 -0.240473 -0.429069 0.180907 -0.350800 -0.554902 -0.055262 -0.210124 -0.214705 -0.495068 -0.281564 -0.122808 -0.389489 -0.218739 -0.166482 -0.158140 -0.118412 -0.246994 -0.089385 -0.318119 0.213197 0.037120 -0.028963 0.252566 -0.159021 0.039984 0.039202 -0.055368 -0.229748 -0.283723 -0.295057 0.003097 -0.429326 0.198266 -0.430254 -0.542264 -0.274574 -0.192298 0.383820 0.371952 -0.046696 -0.027266 0.330752 0.088374 0.323088 0.394447 0.151753 0.500180 0.330145 0.319027 0.394366 -0.094594 0.147160 0.337715 -0.080034 -0.029409 0.149060 0.157161 0.143913 0.203212 0.198335 0.191996 0.158208 0.039553 -0.116329 0.037635 0.325679 -0.165183 -0.103944 0.309303 0.190046 0.212338
0.394254 0.104614 0.669754 0.231193 0.278820 0.307339 1.000000 0.658387 0.544828 0.277593 0.321894 0.115004 0.457632 0.242762 0.505342 0.056610 0.105117 -0.077382 0.069091 -0.233171 0.180159 0.037393 0.308347 0.230931 0.351322 -0.068054 0.387616 0.098472 0.036453 -0.063432 0.190604 0.140231 0.115878 0.356619 -0.105105 -0.010334 -0.555954 -0.642769 -0.464636 -0.481907 -0.141882 0.080814 -0.352041 -0.293266 -0.000111 -0.111066 -0.400881 -0.450896 0.093492 -0.117008 0.233853 0.019284 0.072868 -0.168829 -0.156980 -0.479867 -0.346766 -0.273605 0.080173 -0.176221 0.191297 0.090577 0.011145 -0.018097 0.604934 0.329402 -0.054696 0.100380 -0.253978 -0.319401 0.068763 -0.140164 0.028182 0.022180 0.082959 0.212784 -0.160910 -0.160623 -0.228509 -0.250912 -0.221912 -0.291427 0.241310 -0.058752 0.062479 -0.144080 0.195858 -0.202932 0.252004 -0.024759 -0.218649 0.154743 -0.156465 -0.220967 -0.324825 -0.417889 -0.501110 -0.395490 -0.316221 -0.379502 -0.071658 -0.144737 -0.205849 -0.285916 -0.239182 -0.232261 0.078533 -0.101348 -0.050344 0.100926 -0.395029 -0.347942 -0.344535 -0.313030 -0.103892 -0.173117
0.042859 0.030686 0.408315 0.460385 0.087924 0.249738 0.658387 1.000000 0.381363 0.408544 0.265658 0.336618 0.318173 0.409801 0.341465 0.067107 0.028481 0.088590 -0.011652 -0.218863 0.194820 0.032036 0.236072 0.334683 0.216511 -0.053592 0.243338 -0.062799 0.053939 0.147665 0.367272 0.371109 -0.076194 0.441424 -0.076010 0.317145 -0.316074 -0.469109 -0.322557 -0.261078 0.095564 0.104091 -0.482965 -0.292929 -0.126344 -0.129925 -0.475348 -0.355654 -0.165490 -0.190484 -0.225856 -0.253976 -0.120218 -0.213885 -0.248052 -0.535835 -0.380093 -0.417497 -0.212564 -0.429188 0.074955 0.088291 -0.068328 -0.135404 0.429274 0.513483 -0.294369 0.188008 -0.296921 -0.251036 -0.101251 0.164157 0.072731 0.106142 -0.033301 0.307939 -0.172979 -0.255428 -0.212564 -0.243589 -0.017130 0.021745 0.193229 0.203001 0.030982 -0.070282 0.168044 -0.009312 0.299113 -0.056465 0.004029 0.036290 0.110822 -0.187332 -0.070198 -0.191057 -0.413519 -0.205000 -0.309183 -0.227069 -0.175184 -0.248674 -0.312911 -0.280790 -0.146993 0.057153 -0.096431 -0.034310 0.038396 0.024262 -0.203069 -0.173323 -0.054466 -0.148266 -0.020426 -0.052676
-0.055700 -0.248873 0.373095 0.038468 0.451030 0.403967 0.544828 0.381363 1.000000 0.173798 0.279856 0.084758 0.509276 0.378074 0.636039 0.116554 -0.216475 -0.140908 -0.222066 -0.349753 0.316674 0.290807 0.346883 0.063084 0.555928 -0.131039 0.452254 0.375017 -0.150303 0.026390 0.466486 0.151223 -0.235619 0.031410 -0.140479 -0.076068 -0.229573 -0.169317 -0.199968 -0.110443 0.121120 0.278637 -0.277437 -0.259368 -0.206547 -0.201547 -0.301669 -0.125610 -0.055672 -0.266490 -0.069522 -0.092178 0.083855 -0.089414 0.030709 -0.015078 -0.514391 -0.585368 -0.148926 -0.330010 0.070895 0.138069 -0.307377 -0.250466 0.481762 0.375325 -0.116230 0.158445 -0.249770 -0.057720 0.125186 0.167504 -0.109234 0.070357 -0.134858 0.181778 -0.268071 -0.015628 -0.206261 -0.372024 -0.234034 -0.174973 0.282358 -0.010780 0.049009 0.101171 0.457661 0.065078 0.198229 0.272611 0.141839 0.292722 0.107302 -0.012523 -0.193940 -0.173921 -0.019625 0.060581 -0.139325 -0.093398 0.126371 -0.079642 -0.087491 -0.005507 0.096280 0.004017 0.244908 -0.045536 -0.043946 0.281617 0.057743 -0.263937 -0.070406 -0.077601 0.131947 -0.342350
0.055274 0.158602 0.104984 0.082942 0.215534 0.364477 0.277593 0.408544 0.173798 1.000000 -0.122172 -0.050663 0.080263 0.147657 0.015127 0.170536 -0.009808 0.131648 -0.002140 0.204031 -0.112678 -0.357392 -0.112628 0.103842 0.357429 -0.271925 0.215244 -0.289914 0.138421 0.050159 -0.137735 -0.127237 -0.092005 0.307968 -0.107338 0.164281 -0.139297 -0.202061 -0.380980 -0.154947 0.000739 0.097636 -0.262632 -0.385908 -0.244948 -0.364802 -0.238319 0.026907 -0.275198 -0.181306 -0.338961 -0.313180 0.017371 -0.118472 -0.473074 -0.452451 -0.199158 -0.237421 -0.000619 -0.047244 0.169184 0.236708 0.222108 0.064122 0.180426 0.119386 -0.302499 -0.112428 -0.008624 0.078752 -0.190471 -0.100498 0.193887 0.026147 0.060750 0.082104 -0.067952 -0.017833 -0.102789 -0.125771 0.072025 0.240632 0.058475 0.245511 -0.253805 -0.201595 0.261500 0.044777 0.124122 0.058565 0.099573 0.149814 0.095248 0.222395 0.151544 -0.109633 -0.256461 0.086621 0.041824 0.135884 -0.021763 0.247958 0.157828 0.160504 0.008189 0.048609 0.049007 -0.051889 -0.166733 -0.119845 0.078375 0.060799 0.125181 0.115782 0.043520 0.238776
0.386174 -0.020126 0.153685 0.228968 -0.205314 -0.130362 0.321894 0.265658 0.279856 -0.122172 1.000000 0.463786 0.792243 0.542460 0.635435 0.350176 0.352967 0.047179 0.360612 -0.373879 -0.053961 0.170809 0.599690 0.444423 0.162486 0.162968 0.053514 0.256766 -0.030221 0.141284 0.428963 0.362353 0.045759 0.225959 -0.081936 -0.019425 -0.104032 -0.238448 -0.233490 -0.416612 -0.187104 -0.208443 -0.017245 0.303969 0.019573 -0.064728 0.005775 -0.242089 0.307434 0.033532 0.159049 0.193091 0.251561 0.210598 0.138517 0.000939 -0.174561 -0.174773 -0.168997 -0.413085 -0.190410 0.030925 -0.401940 -0.073334 0.453089 0.184522 -0.237988 -0.101021 -0.247888 -0.346503 0.085078 0.214813 -0.061672 0.297420 0.175078 0.144423 0.058256 -0.261416 -0.214004 0.031213 -0.248038 -0.147370 0.422029 -0.122849 0.541013 0.261198 0.298000 0.081675 0.391733 -0.081961 -0.303122 -0.226591 -0.332973 -0.429259 -0.262809 -0.502160 -0.241222 -0.452513 -0.443612 -0.347594 -0.518839 -0.325100 -0.691005 -0.563163 -0.506483 -0.301343 -0.288741 -0.252496 -0.024898 -0.067129 -0.287800 -0.123355 -0.147069 -0.258094 -0.221318 -0.368159
0.171703 0.149498 -0.226259 -0.068418 -0.101201 -0.386352 0.115004 0.336618 0.084758 -0.050663 0.463786 1.000000 0.419879 0.796003 0.099284 0.212256 0.294618 0.576217 -0.043302 -0.077830 0.031321 0.100966 0.178900 0.193404 0.200439 -0.130727 -0.089262 -0.130188 0.118920 0.660219 0.329546 0.235056 0.083692 0.254069 -0.026790 0.142067 0.097853 0.006415 -0.330922 -0.340099 -0.075078 -0.216753 -0.177426 0.061642 0.104532 -0.031554 0.049644 -0.171321 0.132451 0.259057 -0.300995 0.000718 0.118503 0.330278 -0.023496 -0.175259 -0.028203 -0.175815 -0.153506 -0.398427 0.021592 0.394342 -0.142817 0.100119 0.066723 0.406231 -0.585017 -0.332702 -0.233323 -0.340370 0.031570 0.328847 0.402547 0.384116 0.203130 0.295959 0.191036 -0.273170 0.078917 0.308959 0.278234 0.343158 0.085361 0.079801 0.098110 0.208097 0.172262 0.106777 -0.037612 -0.212150 0.002051 -0.356531 -0.137051 -0.428673 -0.259625 -0.016829 -0.466251 -0.331591 -0.287057 -0.218525 -0.458297 -0.384508 -0.551134 -0.456112 -0.314237 -0.158512 -0.326224 -0.214492 -0.030231 -0.033720 -0.239883 0.052089 0.057097 -0.299599 -0.120844 -0.265330
0.399486 0.073821 0.176461 0.039857 0.063725 0.040240 0.457632 0.318173 0.509276 0.080263 0.792243 0.419879 1.000000 0.683824 0.660924 0.439503 0.281750 0.126119 0.202859 -0.280156 -0.033405 0.141456 0.482831 0.274791 0.407675 -0.034826 0.280848 0.330613 -0.014202 0.164611 0.366160 0.142636 0.035397 0.250393 -0.223858 -0.142007 -0.170976 -0.268569 -0.311122 -0.368061 -0.166374 -0.075645 0.021228 0.194636 -0.111499 -0.220424 0.022348 -0.269045 0.289197 0.060344 0.031593 0.273479 0.435423 0.237672 0.189360 0.105410 -0.187327 -0.215349 -0.046345 -0.252013 0.011228 0.261230 -0.304042 0.033746 0.344537 0.232711 -0.289972 -0.218536 -0.135935 -0.131160 0.088967 0.151060 0.076413 0.239393 0.131262 0.057887 -0.001390 -0.337845 -0.157146 0.000364 -0.237867 -0.087078 0.336746 -0.223188 0.186525 0.068643 0.394817 -0.037500 0.223422 -0.017669 -0.234976 -0.188746 -0.322158 -0.411377 -0.406020 -0.484850 -0.236955 -0.455990 -0.314704 -0.326943 -0.389477 -0.287675 -0.498757 -0.478769 -0.352761 -0.238161 -0.245462 -0.260302 -0.115826 0.048611 -0.281432 -0.231787 -0.204423 -0.231361 -0.230805 -0.306954
0.140587 0.139219 -0.137063 -0.114149 -0.006808 -0.160991 0.242762 0.409801 0.378074 0.147657 0.542460 0.796003 0.683824 1.000000 0.302418 0.284572 0.250303 0.458850 -0.005554 -0.117672 -0.003180 0.094919 0.186265 0.213190 0.393365 -0.203616 0.130976 0.009213 0.064534 0.509115 0.302782 0.117959 -0.031947 0.281303 -0.148080 0.028373 0.020987 -0.046017 -0.316811 -0.289324 -0.030732 -0.074460 -0.173492 -0.012207 -0.133011 -0.290671 -0.011790 -0.182420 0.044111 0.111289 -0.303931 0.103257 0.255034 0.287648 0.078330 -0.098507 -0.240183 -0.277708 -0.211091 -0.383585 0.049061 0.500289 -0.182452 0.069079 0.144027 0.460247 -0.623135 -0.339867 -0.166488 -0.149765 -0.010161 0.306544 0.329297 0.324183 0.147756 0.181858 0.001777 -0.362894 -0.028485 0.116055 0.107144 0.256208 0.211001 0.014832 0.053092 0.147319 0.363134 0.115533 0.024981 -0.039521 0.039385 -0.236480 -0.045947 -0.315146 -0.271758 -0.167022 -0.347713 -0.239594 -0.282976 -0.201242 -0.397320 -0.346148 -0.484113 -0.386195 -0.189335 -0.042534 -0.281414 -0.140640 -0.136151 0.035775 -0.166665 -0.005977 0.066834 -0.214678 -0.019435 -0.197512
0.099025 -0.181215 0.513277 0.417485 0.003690 0.358390 0.505342 0.341465 0.636039 0.015127 0.635435 0.099284 0.660924 0.302418 1.000000 0.394818 -0.070742 -0.301604 0.295858 -0.509533 0.215755 0.313576 0.742014 0.470734 0.336945 0.319638 0.449751 0.454895 -0.076242 -0.159686 0.545262 0.438946 -0.346711 -0.095322 -0.278053 -0.108869 -0.218374 -0.251710 -0.034792 -0.186314 -0.047129 0.203704 -0.146518 0.083948 -0.258715 -0.152783 -0.258736 -0.170254 0.009838 -0.314824 0.172252 0.088154 0.131827 -0.033092 0.037956 -0.034085 -0.466830 -0.359287 -0.400426 -0.510982 -0.286933 -0.250129 -0.456039 -0.417654 0.651008 0.127373 -0.133500 0.192695 -0.285650 -0.193436 0.123873 0.198748 -0.283616 -0.034792 -0.205088 0.088562 -0.321009 -0.090904 -0.418789 -0.328101 -0.503667 -0.328602 0.572644 0.066767 0.484805 0.355502 0.387703 0.149134 0.538905 0.347361 -0.134146 0.216392 -0.106764 -0.141928 -0.220281 -0.524831 -0.050936 -0.195249 -0.413773 -0.366105 -0.267698 -0.243111 -0.502086 -0.351453 -0.206941 -0.061820 -0.275494 -0.265401 -0.085432 0.106757 -0.082160 -0.351883 -0.218314 -0.082781 -0.043477 -0.329760
0.235307 0.016403 0.013471 0.062976 -0.003849 -0.034019 0.056610 0.067107 0.116554 0.170536 0.350176 0.212256 0.439503 0.284572 0.394818 1.000000 -0.019239 -0.024584 0.181751 -0.174563 -0.192661 0.069096 0.368189 0.283701 0.147910 0.344878 0.212414 0.434495 -0.339049 -0.003633 0.073461 0.026436 -0.190212 -0.098522 -0.243623 -0.085059 -0.213534 -0.002943 -0.097929 0.012417 -0.136452 -0.092917 0.211569 0.404547 0.019543 0.087767 0.183909 -0.010000 0.361806 0.222631 0.092331 0.289043 0.371755 0.355929 0.044353 0.071874 0.074651 -0.045134 -0.193553 -0.231940 -0.242132 -0.006054 -0.344705 -0.039652 0.198099 -0.064315 -0.110807 -0.011558 0.004334 0.055698 0.033332 0.122562 -0.210580 -0.111002 -0.169388 -0.250132 -0.131300 -0.139875 -0.074013 0.002814 -0.226343 -0.182788 0.200663 -0.065540 0.071415 0.113554 0.268766 0.376237 0.225511 0.317314 -0.255354 -0.143229 -0.016449 -0.210133 -0.286982 -0.204715 -0.116319 -0.194260 -0.447258 -0.189556 -0.267394 -0.132602 -0.326287 -0.400151 -0.281776 -0.070521 -0.308533 -0.091453 -0.011897 0.077671 -0.213050 -0.265445 -0.220294 -0.142409 -0.179953 -0.089101
0.392432 0.145968 -0.131395 -0.061163 -0.103106 -0.222629 0.105117 0.028481 -0.216475 -0.009808 0.352967 0.294618 0.281750 0.250303 -0.070742 -0.019239 1.000000 0.424310 0.225118 0.305927 -0.231477 -0.265361 -0.117057 0.150668 0.110561 -0.299861 -0.100040 -0.370134 0.356532 0.213725 -0.137419 -0.088409 0.384446 0.478336 0.057343 0.011837 0.089611 -0.239444 -0.324673 -0.449638 -0.340650 -0.327543 0.158877 0.049265 0.216060 -0.157606 0.231174 -0.181298 0.153669 0.192222 0.134043 0.119653 0.305811 0.307996 0.050063 -0.204156 0.062008 0.289453 0.147378 0.099321 0.171297 0.107838 0.343219 0.479119 -0.074358 -0.185226 -0.207428 -0.431031 -0.021176 -0.064350 -0.107997 -0.296198 0.374197 0.069371 0.171711 -0.093254 0.079559 -0.202082 0.308086 0.366631 0.373556 0.244800 0.037345 -0.165076 0.147002 -0.270137 -0.028168 -0.174723 0.013203 -0.577180 -0.113714 -0.276106 -0.343394 -0.089065 -0.072369 -0.168685 -0.353409 -0.366883 -0.108859 -0.265660 -0.197332 0.103909 -0.199168 -0.336747 -0.311208 -0.296882 -0.209832 -0.146676 -0.159301 -0.313851 -0.288752 0.101510 0.074925 -0.142919 -0.121939 -0.094517
0.046207 0.004597 -0.560626 -0.245535 -0.042979 -0.428357 -0.077382 0.088590 -0.140908 0.131648 0.047179 0.576217 0.126119 0.458850 -0.301604 -0.024584 0.424310 1.000000 -0.177464 0.393777 -0.140353 -0.192225 -0.339448 -0.123231 0.147713 -0.556756 -0.146116 -0.510616 0.469441 0.780062 -0.096986 -0.117976 0.319172 0.464159 0.116811 0.292931 0.356414 0.096865 -0.420893 -0.103674 -0.080996 -0.204965 -0.244202 -0.248789 0.095981 -0.184437 0.069326 -0.241000 -0.027752 0.258522 -0.440629 -0.302093 0.152661 0.259454 -0.051672 -0.104348 0.166813 -0.084156 0.128761 -0.014201 0.333085 0.492227 0.442487 0.626260 -0.261203 0.195554 -0.565914 -0.530822 -0.255353 -0.164109 -0.146007 -0.055404 0.715395 0.391147 0.281228 0.225002 0.280428 -0.273575 0.524579 0.687244 0.635255 0.716166 -0.355797 0.088803 -0.138117 -0.163638 -0.122406 -0.105816 -0.190179 -0.413226 0.243982 -0.244430 -0.064518 -0.099193 -0.237263 0.149817 -0.351294 -0.195706 0.204420 0.027026 -0.072714 -0.037911 -0.100872 -0.093593 -0.134559 -0.131635 -0.139451 0.015954 0.039230 -0.117329 -0.278618 0.184462 0.268699 -0.162315 -0.136460 -0.219814
0.395071 0.162349 0.264733 0.414072 -0.555966 -0.071343 0.069091 -0.011652 -0.222066 -0.002140 0.360612 -0.043302 0.202859 -0.005554 0.295858 0.181751 0.225118 -0.177464 1.000000 0.038342 -0.360860 -0.276742 0.353508 0.309008 -0.190726 0.259007 -0.208791 -0.036335 0.092751 -0.288735 -0.015721 0.141692 0.146889 -0.078257 -0.199306 -0.015102 -0.074842 -0.292400 -0.086077 -0.287830 -0.292431 -0.276685 0.105312 0.269628 -0.013405 -0.063807 0.107900 -0.023935 -0.011458 -0.068011 0.341912 0.274392 0.069542 0.125228 -0.114748 -0.109956 0.014674 0.268776 -0.175114 -0.091392 -0.195586 -0.201212 -0.025207 -0.099840 0.262058 -0.154374 0.025721 0.046166 0.080615 -0.115820 0.106472 -0.139652 -0.106676 -0.045151 0.147437 -0.202335 0.008740 -0.190527 -0.310910 -0.009347 -0.457074 -0.261091 0.261671 0.009984 0.297876 0.023676 -0.209558 -0.199044 0.290584 -0.031776 -0.300566 -0.107454 -0.292314 -0.111643 -0.082530 -0.533706 -0.276263 -0.381466 -0.178875 -0.263585 -0.166594 0.034055 -0.267135 -0.275795 -0.417438 -0.174250 -0.257517 -0.114059 -0.241987 -0.184716 -0.184386 -0.169490 -0.273821 -0.154175 -0.083663 -0.074716
0.171900 0.332520 -0.429203 -0.171479 -0.201798 -0.157694 -0.233171 -0.218863 -0.349753 0.204031 -0.373879 -0.077830 -0.280156 -0.117672 -0.509533 -0.174563 0.305927 0.393777 0.038342 1.000000 -0.390218 -0.504442 -0.652936 -0.319653 -0.123637 -0.533272 -0.256715 -0.503626 0.531222 0.099770 -0.494216 -0.397692 0.378134 0.278567 0.022226 0.029736 0.175875 -0.055208 -0.219683 0.089833 -0.096893 -0.191276 0.014650 -0.247068 -0.036660 -0.366710 0.133185 -0.044845 -0.221631 0.086699 -0.177120 -0.116111 0.053223 0.105123 -0.115256 -0.019841 0.271396 0.251335 0.364980 0.400396 0.475967 0.365953 0.668298 0.488534 -0.362002 -0.198938 -0.101622 -0.430167 0.189190 0.316435 -0.330781 -0.527922 0.484646 -0.187900 0.050188 -0.326447 0.194139 -0.020988 0.448420 0.289337 0.284188 0.307584 -0.256431 0.205543 -0.368002 -0.515440 -0.324100 -0.158267 -0.289158 -0.238434 0.256129 -0.149105 0.017677 0.093360 0.125826 0.132996 -0.101614 0.043923 0.423809 0.214855 0.271128 0.308536 0.354433 0.207785 -0.034649 -0.002560 0.125423 0.136580 -0.208311 -0.001201 -0.091000 0.081939 0.230307 0.005652 0.130345 0.173997
-0.360893 -0.234900 0.293209 0.166927 0.450870 0.425029 0.180159 0.194820 0.316674 -0.112678 -0.053961 0.031321 -0.033405 -0.003180 0.215755 -0.192661 -0.231477 -0.140353 -0.360860 -0.390218 1.000000 0.627388 0.180457 0.187342 0.168417 0.205316 0.477440 0.333787 0.075124 0.232031 0.527482 0.523560 -0.390839 0.006384 -0.150524 0.004073 -0.078743 0.115586 0.261062 0.220828 0.347350 0.501453 -0.297624 -0.238326 -0.258633 -0.055699 -0.332438 0.069683 -0.260367 -0.475011 -0.188826 -0.354401 -0.264703 -0.307651 -0.073769 -0.023499 -0.370992 -0.462661 -0.134471 -0.329311 -0.056287 -0.273534 -0.223728 -0.397814 0.056298 0.048103 -0.242307 0.217491 -0.405282 -0.256033 0.129426 0.412931 -0.073686 -0.021238 -0.156176 0.291098 -0.273535 0.268249 -0.176456 -0.202261 0.088915 -0.034299 0.285151 0.271358 0.170794 0.242374 0.340572 0.113278 0.227429 0.190729 0.158437 0.353386 0.280553 0.093583 0.007106 0.135927 0.154435 0.223300 -0.066809 -0.038442 0.129320 0.036648 0.036643 0.165857 0.149889 0.087936 0.148490 -0.031561 0.122442 0.211675 0.277530 -0.035639 -0.021621 0.262986 0.085460 0.024938
-0.311450 -0.197909 0.161719 0.168974 0.175535 0.143745 0.037393 0.032036 0.290807 -0.357392 0.170809 0.100966 0.141456 0.094919 0.313576 0.069096 -0.265361 -0.192225 -0.276742 -0.504442 0.627388 1.000000 0.343742 0.104406 -0.065517 0.303352 0.341473 0.632351 -0.089414 0.221306 0.540930 0.483971 -0.322258 -0.204746 -0.184198 -0.128571 -0.068340 0.265822 0.355841 0.259808 0.373387 0.309480 -0.221781 0.060383 -0.280938 0.052991 -0.252965 -0.030000 -0.076325 -0.306235 -0.031002 -0.124068 -0.203984 -0.121173 0.253315 0.289085 -0.177286 -0.284033 -0.216784 -0.316388 -0.189522 -0.238776 -0.461964 -0.434794 0.093951 0.058883 -0.046809 0.218341 -0.229311 -0.146264 0.180217 0.560024 -0.263649 0.197959 -0.013257 0.363758 -0.005591 0.154529 -0.159207 -0.161344 -0.103741 -0.163463 0.343621 0.217944 0.283275 0.519886 0.433823 0.198835 0.178571 0.334840 0.053949 0.085759 0.126538 -0.123492 -0.198548 0.109142 0.315419 0.089301 -0.118984 -0.058876 0.009360 -0.211893 -0.269371 -0.077270 -0.048106 -0.016418 0.098579 -0.127522 0.244890 0.304178 0.137613 -0.147444 -0.001799 0.210837 0.094789 -0.089340
0.090092 -0.258929 0.571824 0.488358 -0.083748 0.076278 0.308347 0.236072 0.346883 -0.112628 0.599690 0.178900 0.482831 0.186265 0.742014 0.368189 -0.117057 -0.339448 0.353508 -0.652936 0.180457 0.343742 1.000000 0.495089 0.121176 0.573074 0.113338 0.490694 -0.244013 -0.142885 0.606707 0.526371 -0.229128 -0.197481 -0.054555 0.046079 -0.169386 -0.175476 0.029760 -0.287315 -0.060122 -0.017482 -0.056302 0.244810 -0.029733 0.132385 -0.100455 -0.060339 0.230364 -0.150603 0.272674 0.170257 0.106243 0.040212 0.077677 -0.049135 -0.259424 -0.229263 -0.350426 -0.476640 -0.428301 -0.375587 -0.591685 -0.511683 0.471443 -0.034796 -0.000579 0.301947 -0.228553 -0.371777 0.339391 0.350060 -0.383923 0.159151 -0.003462 0.191474 -0.091172 0.040204 -0.531575 -0.256934 -0.548281 -0.390083 0.444681 -0.128705 0.458979 0.403082 0.280916 0.089498 0.398792 0.162898 -0.306465 0.079456 -0.323582 -0.221199 -0.166407 -0.366778 -0.078132 -0.296698 -0.396443 -0.304191 -0.413628 -0.327332 -0.625256 -0.428886 -0.322091 -0.134274 -0.301592 -0.355945 0.153943 -0.008829 -0.040245 -0.247540 -0.199160 -0.182157 -0.159500 -0.238611
-0.107351 -0.228378 0.183639 0.642238 -0.011876 0.239011 0.230931 0.334683 0.063084 0.103842 0.444423 0.193404 0.274791 0.213190 0.470734 0.283701 0.150668 -0.123231 0.309008 -0.319653 0.187342 0.104406 0.495089 1.000000 0.056426 0.430111 0.105942 0.139376 -0.062022 -0.014896 0.310364 0.487794 -0.262192 0.156004 -0.108533 0.189597 -0.096758 -0.038689 0.137505 -0.117910 -0.069024 0.179047 -0.229427 0.021186 -0.067260 -0.080473 -0.205491 -0.101667 -0.063039 -0.240397 0.050679 0.026618 -0.255788 -0.157400 -0.002632 -0.188629 -0.360911 -0.207929 -0.579662 -0.458356 -0.509649 -0.176640 -0.435330 -0.299777 0.422986 0.087605 -0.290088 0.158625 -0.395771 -0.354421 -0.044129 0.189651 -0.165974 0.030955 -0.068931 0.103993 -0.112801 0.165224 -0.363896 -0.181907 -0.310499 -0.246323 0.548354 0.212279 0.494979 0.238184 0.266397 0.297325 0.398167 0.116993 -0.242419 -0.007206 0.012499 -0.270106 0.033556 -0.344148 -0.104073 -0.119134 -0.433552 -0.292312 -0.326969 -0.239456 -0.476320 -0.394936 -0.308277 0.035233 -0.461647 -0.183957 0.175699 -0.111559 0.072306 0.033829 0.015744 0.217177 0.047188 -0.064252
0.028576 -0.083104 0.121302 -0.177810 0.402105 0.324371 0.351322 0.216511 0.555928 0.357429 0.162486 0.200439 0.407675 0.393365 0.336945 0.147910 0.110561 0.147713 -0.190726 -0.123637 0.168417 -0.065517 0.121176 0.056426 1.000000 -0.088753 0.384641 -0.058176 0.003829 0.168225 0.121131 -0.153981 -0.126713 0.187789 -0.179095 -0.183003 0.053724 -0.048257 -0.242345 -0.277210 0.075907 0.154839 -0.070413 -0.235593 -0.129104 -0.248858 -0.037104 0.072764 0.032833 -0.083090 -0.111205 0.016219 0.320854 0.057269 -0.056412 -0.087112 -0.318735 -0.219411 -0.112701 -0.228951 0.104404 0.202917 -0.004871 0.095326 0.175551 0.266933 -0.361134 -0.153895 -0.092240 0.073590 0.230985 -0.056770 0.174347 0.090138 -0.063885 -0.028312 -0.254786 -0.146678 -0.025962 -0.058541 0.023261 0.085704 0.186049 -0.019244 -0.117435 -0.047196 0.453923 0.067584 0.156671 0.175142 0.172911 0.225452 0.163475 0.214866 0.002664 -0.065161 -0.209402 0.081210 -0.094003 -0.015866 -0.027311 0.051698 -0.043273 -0.128714 0.036758 -0.181544 -0.008305 -0.185463 -0.305587 -0.037713 -0.094455 0.099301 -0.013009 -0.095692 -0.042322 -0.095408
-0.131151 -0.142241 0.374349 0.374070 -0.072529 0.193145 -0.068054 -0.053592 -0.131039 -0.271925 0.162968 -0.130727 -0.034826 -0.203616 0.319638 0.344878 -0.299861 -0.556756 0.259007 -0.533272 0.205316 0.303352 0.573074 0.430111 -0.088753 1.000000 0.091254 0.499943 -0.441086 -0.353628 0.220078 0.409862 -0.329307 -0.340608 -0.113403 -0.017334 -0.140882 0.112289 0.408638 0.185708 0.079160 0.112742 0.127785 0.361469 -0.041873 0.292234 -0.064916 0.218518 0.139515 -0.192273 0.305714 0.209716 -0.177109 -0.173569 -0.043096 -0.003789 0.007365 0.072918 -0.402267 -0.311781 -0.560753 -0.522557 -0.510556 -0.497199 0.120511 -0.157218 0.170160 0.478464 -0.036502 -0.105182 0.289142 0.225096 -0.646651 -0.213480 -0.229138 -0.126544 -0.214862 0.205287 -0.393738 -0.344425 -0.442634 -0.482193 0.309249 0.067328 0.287418 0.377373 0.055945 0.253479 0.230914 0.397628 -0.365906 0.083177 0.123918 0.041599 0.143772 -0.055593 0.159073 0.044967 -0.493585 -0.126552 -0.269863 -0.204943 -0.316914 -0.274399 -0.179705 0.011396 -0.255263 -0.080187 0.208177 0.026822 0.146856 -0.131981 -0.218139 0.076657 -0.060767 0.189166
-0.074418 -0.054251 0.344112 0.057038 0.381649 0.634542 0.387616 0.243338 0.452254 0.215244 0.053514 -0.089262 0.280848 0.130976 0.449751 0.212414 -0.100040 -0.146116 -0.208791 -0.256715 0.477440 0.341473 0.113338 0.105942 0.384641 0.091254 1.000000 0.414825 0.090371 0.045105 0.179648 0.080070 -0.492833 -0.055900 -0.263049 -0.182862 -0.194771 -0.105978 0.102950 0.089524 0.250067 0.442707 -0.247125 -0.294349 -0.357574 -0.276607 -0.338778 -0.128705 -0.167102 -0.313883 -0.012096 -0.115078 0.202071 -0.184202 -0.015738 -0.079271 -0.413477 -0.252750 -0.049552 -0.167502 0.086453 -0.088045 -0.118317 -0.173646 0.233926 0.011821 -0.224734 0.040069 -0.217688 0.053950 0.023303 0.026226 -0.011819 -0.211321 -0.288976 -0.013784 -0.469626 -0.010978 -0.094739 -0.266878 -0.112597 -0.120137 0.281917 0.210477 0.113144 0.072346 0.452060 0.136181 0.500177 0.390801 0.004314 0.398556 0.254849 0.286721 -0.108073 -0.177414 -0.034443 0.043003 -0.157673 -0.167178 0.048284 0.150044 0.005233 0.168131 0.170936 0.194344 0.112822 0.040279 -0.162463 0.231286 0.148692 -0.248428 -0.194905 0.120175 0.062548 -0.111569
-0.018609 -0.177069 0.333711 0.105530 0.199774 0.273894 0.098472 -0.062799 0.375017 -0.289914 0.256766 -0.130188 0.330613 0.009213 0.454895 0.434495 -0.370134 -0.510616 -0.036335 -0.503626 0.333787 0.632351 0.490694 0.139376 -0.058176 0.499943 0.414825 1.000000 -0.381543 -0.194655 0.355852 0.222155 -0.330344 -0.400523 -0.187531 -0.330769 -0.302004 0.076312 0.300257 0.226762 0.206636 0.117361 0.097870 0.280775 -0.130806 0.099319 -0.058629 0.015725 0.250656 -0.161106 0.284443 0.248999 0.117205 -0.036649 0.341184 0.331790 -0.145748 -0.177329 -0.119571 -0.155702 -0.221094 -0.219637 -0.579906 -0.432363 0.178096 -0.074308 0.200698 0.244690 -0.055669 -0.081421 0.215063 0.300989 -0.468445 -0.052237 -0.145095 -0.032980 -0.128419 0.150503 -0.349876 -0.399755 -0.507387 -0.569522 0.356388 -0.106763 0.200743 0.254614 0.407041 0.206162 0.298000 0.420456 -0.198164 0.156769 0.083727 -0.130071 -0.216644 -0.078028 0.307376 0.000648 -0.236880 -0.056908 0.008418 -0.157200 -0.161311 -0.057196 -0.016165 0.000838 0.174213 0.041947 0.149947 0.281131 0.123061 -0.349929 -0.317715 0.009047 -0.037335 -0.166423
0.049716 0.165884 -0.095167 0.142276 -0.220456 0.023004 0.036453 0.053939 -0.150303 0.138421 -0.030221 0.118920 -0.014202 0.064534 -0.076242 -0.339049 0.356532 0.469441 0.092751 0.531222 0.075124 -0.089414 -0.244013 -0.062022 0.003829 -0.441086 0.090371 -0.381543 1.000000 0.391989 0.030208 0.158937 0.167376 0.422347 -0.033960 0.103485 0.346949 -0.174981 -0.200444 -0.133112 0.107354 0.056595 -0.368207 -0.459745 -0.246598 -0.454712 -0.213574 -0.314718 -0.429305 -0.234505 -0.164001 -0.332854 0.011714 -0.104258 -0.106320 -0.169063 -0.135094 -0.001199 0.199747 0.126407 0.359223 0.116523 0.533030 0.237473 -0.064618 -0.167026 -0.343912 -0.380687 -0.160901 0.039435 -0.162249 -0.168556 0.646802 0.111058 0.231238 0.140155 0.166764 -0.208708 0.244802 0.220783 0.260535 0.433321 0.038446 0.421520 0.158150 -0.089578 -0.080788 -0.315815 0.188371 -0.282663 0.181706 0.012349 -0.148186 -0.009177 -0.040402 -0.173675 -0.212122 -0.211482 0.298775 -0.166737 0.023063 0.047369 -0.061885 0.069479 -0.206148 -0.112132 -0.060805 -0.068337 -0.195329 -0.112243 -0.141651 -0.125422 0.103585 -0.026065 0.073951 -0.051526
-0.153546 -0.107929 -0.409107 -0.129355 0.074660 -0.292516 -0.063432 0.147665 0.026390 0.050159 0.141284 0.660219 0.164611 0.509115 -0.159686 -0.003633 0.213725 0.780062 -0.288735 0.099770 0.232031 0.221306 -0.142885 -0.014896 0.168225 -0.353628 0.045105 -0.194655 0.391989 1.000000 0.275138 0.226931 0.064543 0.354251 0.006714 0.298438 0.287989 0.244508 -0.265760 0.008249 0.257496 -0.038369 -0.408048 -0.258223 -0.020242 -0.135299 -0.049408 -0.176683 -0.045026 0.088876 -0.458469 -0.334188 -0.002171 0.232629 -0.040923 -0.013554 -0.025284 -0.357746 0.018634 -0.216328 0.177661 0.384125 0.081980 0.276840 -0.153680 0.283265 -0.623739 -0.320810 -0.403770 -0.286934 0.022540 0.327769 0.596660 0.493504 0.305658 0.378780 0.237940 -0.208792 0.353103 0.498801 0.564547 0.584299 -0.080890 0.242396 0.059853 0.197440 0.210417 0.045113 -0.033042 -0.204019 0.165448 -0.226780 0.025593 -0.161120 -0.300255 0.203501 -0.250924 -0.164399 0.044890 -0.036397 -0.108015 -0.056062 -0.230185 -0.036187 -0.190484 -0.131155 -0.056845 -0.079349 0.053966 0.031642 -0.062547 0.158389 0.212109 0.021507 -0.104660 -0.205594
-0.315256 -0.323948 0.360587 0.406296 0.032401 0.131691 0.190604 0.367272 0.466486 -0.137735 0.428963 0.329546 0.366160 0.302782 0.545262 0.073461 -0.137419 -0.096986 -0.015721 -0.494216 0.527482 0.540930 0.606707 0.310364 0.121131 0.220078 0.179648 0.355852 0.030208 0.275138 1.000000 0.781315 -0.373739 -0.051896 -0.270284 0.190870 -0.058818 -0.028273 -0.007804 -0.061515 0.221808 0.248453 -0.233733 0.027788 -0.221395 -0.000395 -0.139404 -0.015423 -0.197686 -0.351649 -0.234890 -0.122017 -0.182733 0.042285 -0.090704 0.037677 -0.444329 -0.557760 -0.322414 -0.466207 -0.302649 -0.293238 -0.550407 -0.535907 0.226058 0.081958 -0.267121 0.271807 -0.418791 -0.314302 0.293446 0.608181 -0.193135 0.226879 -0.020333 0.344692 -0.167510 -0.024700 -0.391962 -0.198359 -0.134849 -0.015479 0.414608 0.103225 0.334257 0.516173 0.359489 0.119221 0.180880 0.122037 0.014582 0.081155 -0.074217 -0.181910 -0.186956 -0.057140 0.056173 -0.037555 -0.214689 -0.192412 -0.142213 -0.248563 -0.470739 -0.156504 -0.031676 0.120322 -0.227266 -0.305225 0.202244 0.179502 0.147806 -0.147390 0.132044 0.089248 0.074816 -0.170757
-0.263781 -0.272825 0.387824 0.617573 -0.099224 0.127996 0.140231 0.371109 0.151223 -0.127237 0.362353 0.235056 0.142636 0.117959 0.438946 0.026436 -0.088409 -0.117976 0.141692 -0.397692 0.523560 0.483971 0.526371 0.487794 -0.153981 0.409862 0.080070 0.222155 0.158937 0.226931 0.781315 1.000000 -0.364093 0.101697 -0.175537 0.340583 -0.151864 -0.072534 0.022987 0.034772 0.244660 0.244368 -0.352169 -0.041240 -0.199222 0.026208 -0.346813 -0.049459 -0.260371 -0.430141 -0.177173 -0.266188 -0.430010 -0.186194 -0.287220 -0.206107 -0.338109 -0.504566 -0.407386 -0.515859 -0.401816 -0.402702 -0.400610 -0.552558 0.274701 -0.004612 -0.276982 0.337387 -0.520938 -0.389847 0.108920 0.517677 -0.232069 0.032537 -0.091886 0.326594 -0.183633 0.011500 -0.324083 -0.268448 -0.069874 0.005831 0.485426 0.429233 0.523896 0.556790 0.206990 0.158852 0.312485 0.174592 -0.086399 0.066803 0.002811 -0.182636 -0.071788 -0.091545 -0.038268 -0.062912 -0.388902 -0.302923 -0.256836 -0.261989 -0.506331 -0.171676 -0.196747 0.101925 -0.243989 -0.164928 0.223145 0.125508 0.189886 -0.247309 0.082761 0.123708 0.062441 -0.017509
0.420543 0.298535 -0.169507 -0.167499 -0.194557 -0.510415 0.115878 -0.076194 -0.235619 -0.092005 0.045759 0.083692 0.035397 -0.031947 -0.346711 -0.190212 0.384446 0.319172 0.146889 0.378134 -0.390839 -0.322258 -0.229128 -0.262192 -0.126713 -0.329307 -0.492833 -0.330344 0.167376 0.064543 -0.373739 -0.364093 1.000000 0.480185 0.232580 -0.019019 0.153046 -0.243142 -0.370115 -0.267608 -0.329099 -0.469954 0.070850 0.100395 0.325580 0.092763 0.117908 -0.365630 0.321532 0.361201 0.242575 0.163563 0.217533 0.158444 0.193179 -0.060898 0.346601 0.332618 0.361796 0.238525 0.352049 0.305960 0.366117 0.488449 -0.039513 0.156047 0.262909 -0.092012 0.270983 0.081135 -0.147290 -0.326220 0.381085 0.223359 0.426691 -0.090627 0.524995 -0.189827 0.440312 0.480817 0.079555 0.011300 -0.517092 -0.408038 -0.149121 -0.444920 -0.501807 -0.487436 -0.307063 -0.658936 -0.209066 -0.434899 -0.322272 -0.303887 -0.209583 -0.019352 -0.258531 -0.378752 0.104714 -0.016501 0.065948 0.073032 0.103794 -0.138453 -0.388801 -0.479077 0.142871 0.054767 0.066929 0.036746 -0.474605 0.054317 -0.110687 -0.302303 -0.125358 -0.179388
0.223232 0.113044 -0.076598 0.086501 0.088390 -0.120076 0.356619 0.441424 0.031410 0.307968 0.225959 0.254069 0.250393 0.281303 -0.095322 -0.098522 0.478336 0.464159 -0.078257 0.278567 0.006384 -0.204746 -0.197481 0.156004 0.187789 -0.340608 -0.055900 -0.400523 0.422347 0.354251 -0.051896 0.101697 0.480185 1.000000 0.074228 0.282594 0.049529 -0.348883 -0.443324 -0.278736 -0.046380 -0.061908 -0.337799 -0.328757 0.004756 -0.274485 -0.290344 -0.440425 -0.038583 0.026727 -0.168178 -0.241668 0.026314 -0.121924 -0.130357 -0.315778 -0.015875 -0.115506 0.122711 -0.036267 0.302642 0.360938 0.360785 0.393858 0.108463 0.225121 -0.280522 -0.190518 -0.097860 0.027836 -0.236273 -0.135809 0.476321 0.176986 0.283061 0.124658 0.239518 -0.199170 0.359773 0.285436 0.317980 0.289737 -0.088799 0.095488 0.049297 -0.348368 -0.040597 -0.242706 0.027839 -0.441912 -0.121790 -0.328741 -0.048499 -0.286557 -0.101961 -0.163892 -0.418168 -0.263751 -0.185400 -0.178834 -0.057736 -0.027972 -0.084192 -0.189476 -0.369177 -0.271835 0.006958 0.070529 -0.025096 -0.064694 -0.334672 0.029065 0.026248 -0.088411 0.029906 0.036380
-0.014705 -0.156821 -0.109540 -0.093237 0.085234 -0.182084 -0.105105 -0.076010 -0.140479 -0.107338 -0.081936 -0.026790 -0.223858 -0.148080 -0.278053 -0.243623 0.057343 0.116811 -0.199306 0.022226 -0.150524 -0.184198 -0.054555 -0.108533 -0.179095 -0.113403 -0.263049 -0.187531 -0.033960 0.006714 -0.270284 -0.175537 0.232580 0.074228 1.000000 0.305170 0.122308 0.061944 -0.009153 -0.028132 -0.087219 -0.180991 0.039966 -0.036136 0.406150 0.269388 -0.008058 -0.022300 0.328329 0.277760 0.183414 0.037825 0.042716 -0.064409 0.114072 -0.147250 0.092980 0.055724 0.073200 0.049129 -0.048580 -0.021628 0.013660 0.063838 -0.019047 0.076588 0.297962 0.138683 -0.021975 -0.157821 -0.027713 -0.167529 0.071862 0.173583 0.207950 0.123909 0.072397 0.173633 -0.039825 0.117801 0.062929 0.071073 -0.278449 -0.133392 -0.017324 -0.094076 -0.117742 0.092653 -0.009075 -0.319438 -0.159480 -0.071350 -0.152661 0.018930 0.238009 0.186158 -0.090842 -0.113910 0.009312 -0.055738 -0.188324 -0.042163 -0.043468 -0.020924 -0.025336 -0.050760 0.208397 0.046134 0.164701 -0.308729 0.125478 0.098723 0.055858 -0.065169 -0.145810 -0.102575
-0.323645 -0.310333 -0.032449 0.295343 0.097635 -0.069971 -0.010334 0.317145 -0.076068 0.164281 -0.019425 0.142067 -0.142007 0.028373 -0.108869 -0.085059 0.011837 0.292931 -0.015102 0.029736 0.004073 -0.128571 0.046079 0.189597 -0.183003 -0.017334 -0.182862 -0.330769 0.103485 0.298438 0.190870 0.340583 -0.019019 0.282594 0.305170 1.000000 0.149835 -0.017015 -0.022168 0.133161 0.081625 -0.017288 -0.303791 -0.225380 0.210041 0.233702 -0.123160 0.003344 -0.055233 0.055356 -0.326062 -0.352694 -0.375110 -0.148906 -0.358657 -0.299070 -0.018557 -0.225676 -0.130174 -0.225560 -0.157400 -0.046624 0.025474 0.014264 0.042634 0.161881 -0.107554 0.385224 -0.372708 -0.193453 -0.171795 -0.014642 -0.053894 0.042959 -0.031314 0.072009 -0.118739 -0.079239 -0.065409 0.053016 0.250991 0.402709 -0.024603 0.224902 0.076002 0.031059 -0.124108 0.109691 -0.035886 -0.129371 -0.107710 -0.134955 0.017134 -0.045274 0.137858 0.043769 -0.202151 -0.108883 -0.147039 -0.182821 -0.081192 -0.011168 -0.243746 -0.073144 -0.135101 0.241222 -0.133485 -0.046030 0.262652 -0.228764 0.176473 -0.079536 0.193730 0.047556 -0.004824 0.103091
