1.000000 0.290582 -0.112390 -0.113786 -0.126013 -0.072083 -0.028029 -0.236445 0.292202 0.005269 0.360694 -0.039801 0.224375 0.059868 0.437656 0.178098 0.160626 0.180040 -0.059813 0.078934 -0.273871 -0.072056 0.187973 -0.016828 -0.266015 -0.247744 -0.059018 0.088859 0.111696 -0.405740 -0.170722 -0.335824 -0.427929 -0.499716 -0.267611 -0.323957 -0.139456 -0.227116 0.086432 -0.345438 -0.255724 -0.243923 -0.007162 -0.127724 -0.314093 -0.495594 0.264969 0.080470 0.170932 -0.012071 0.142636 0.253915 0.216198 0.326196 0.194556 0.267709 0.277200 -0.053878 0.382475 0.208522 0.257883 0.108660 0.076490 0.156700 0.109281 -0.139478 -0.144235 -0.476124 -0.191243 -0.095958 -0.064593 -0.211857 -0.141510 0.077301 0.174920 0.061104 0.027785 -0.166067 -0.272773 -0.191551 0.013898 -0.255597 0.374641 -0.057018 0.188150 -0.063137 0.542566 0.186192 0.227065 0.180112 0.425987 0.366195 0.067846 0.284729 -0.292818 -0.091513 -0.064720 -0.215693 0.272579 0.231018 0.014773 0.088159 -0.006647 0.050716 -0.016283 -0.155292 0.110453 -0.019237 -0.107224 -0.036395 -0.251042 -0.046912 0.067531 0.049749 0.098432 -0.207978
0.290582 1.000000 -0.522655 -0.072041 -0.358862 -0.047679 -0.527298 -0.262832 -0.122528 0.062281 0.250353 0.463008 0.199662 0.397696 0.062282 0.239111 0.232319 0.537720 -0.221376 0.224743 -0.354915 -0.214977 -0.107482 -0.099066 -0.520827 -0.314436 -0.285036 -0.009510 0.117737 0.006352 -0.217362 -0.394258 -0.088742 -0.507149 -0.387583 -0.239153 -0.101534 0.008360 -0.193384 -0.324606 -0.228551 0.121531 -0.072861 -0.218504 -0.367789 -0.521127 0.531297 -0.055340 0.015834 0.137511 0.072869 0.501323 0.538542 0.464579 0.347231 0.412390 0.148770 0.277449 0.525211 0.608565 0.178587 0.635378 -0.221175 0.477984 -0.330922 -0.164980 -0.074455 -0.684945 0.167264 -0.083211 -0.228008 -0.340074 -0.045880 0.060308 0.064270 0.122862 -0.036296 0.010694 0.158344 0.140199 0.052514 -0.057332 0.100807 0.128144 -0.216297 0.043278 0.260729 0.259756 -0.306522 0.587331 0.478131 -0.243114 -0.004292 -0.234057 -0.086205 -0.099730 0.060886 -0.072693 0.506576 -0.041788 0.158069 -0.177973 0.173343 -0.094392 -0.040269 -0.267859 -0.051303 -0.010394 -0.239165 0.282523 -0.422310 -0.284854 -0.120906 -0.018913 -0.162491 0.040316
-0.112390 -0.522655 1.000000 0.045472 0.635411 -0.014404 0.757070 0.145501 0.347027 -0.139822 -0.427070 -0.556095 -0.340845 -0.419606 -0.049341 -0.148886 -0.390594 -0.326403 0.327528 -0.203236 0.155719 0.090574 0.149394 0.072859 0.505964 0.316663 0.215401 -0.094992 -0.281516 -0.267652 0.230548 0.161454 0.112562 0.420823 0.043721 0.108183 -0.104470 -0.292519 0.208944 0.045318 0.046858 -0.203372 -0.146153 0.013466 0.114160 0.077091 -0.349277 -0.101257 0.396816 -0.100205 0.103943 -0.072160 -0.010188 -0.250914 0.144689 -0.238279 -0.123811 -0.162075 -0.055570 -0.154925 0.297910 -0.257637 0.123327 -0.123652 0.279826 -0.000373 0.391293 0.448825 -0.110749 0.229393 0.167977 0.009222 -0.038540 -0.214246 -0.275190 -0.307281 -0.255820 -0.343137 -0.255566 -0.352022 -0.507120 -0.230153 -0.113709 -0.263168 -0.251909 -0.372605 -0.104367 -0.200853 0.486158 -0.121384 -0.169568 0.168117 -0.226871 0.235639 0.013163 -0.032757 -0.071386 -0.097241 -0.356230 -0.187320 -0.097515 0.070394 -0.116983 0.103958 -0.011997 0.109133 -0.068020 0.128292 0.096634 -0.288330 0.097981 0.004701 -0.089857 -0.111931 -0.066917 -0.105808
-0.113786 -0.072041 0.045472 1.000000 0.210044 0.579809 0.190448 0.523722 0.091072 0.524253 -0.130045 0.002128 -0.318463 -0.063172 0.040164 0.238217 -0.348177 -0.464678 -0.226029 -0.107557 0.131112 0.115451 0.358377 0.727177 0.240314 0.515865 0.315570 0.287210 -0.370409 -0.101755 0.324684 0.471672 -0.219134 0.156356 0.201728 0.419072 -0.219025 -0.162816 -0.229818 0.161799 -0.123559 0.145849 -0.492625 -0.556118 -0.386770 0.072503 -0.260180 -0.411178 -0.401603 -0.438578 0.280224 -0.132843 -0.035585 -0.108511 -0.333515 -0.489251 -0.034435 -0.384222 -0.401212 -0.208979 -0.211178 -0.197295 0.009076 -0.121407 0.531471 0.710552 -0.391067 0.089051 -0.028741 -0.387079 0.109391 -0.084376 -0.433008 0.143047 0.029571 0.102703 -0.070135 -0.012286 0.025709 -0.085113 -0.239889 -0.260934 -0.063134 0.213679 0.100410 0.205922 0.050870 0.329011 0.283789 0.166975 -0.143184 -0.209868 0.546241 -0.043223 -0.263522 0.028091 -0.529558 -0.085969 -0.382211 -0.106470 -0.001604 -0.100358 -0.036838 -0.241780 -0.117740 -0.008752 -0.043984 -0.092638 -0.003812 -0.091463 -0.320331 0.071601 -0.210156 0.130178 0.009972 -0.063817
-0.126013 -0.358862 0.635411 0.210044 1.000000 0.222654 0.692312 0.563213 0.519847 0.383548 -0.451038 -0.251238 -0.213314 0.031469 0.074262 0.293570 -0.347649 -0.355041 -0.185224 -0.425225 0.213608 0.014312 -0.035612 0.195876 0.322289 0.238765 0.117238 -0.150413 -0.416604 -0.143789 -0.061608 0.030389 -0.087403 0.362297 -0.069123 0.151587 -0.048580 -0.170447 0.186790 0.116913 -0.105802 -0.214418 -0.257710 -0.149750 -0.204087 -0.088535 -0.376453 -0.153025 0.116492 -0.388367 0.030460 -0.104353 -0.045900 -0.290151 -0.033695 -0.372400 -0.293272 -0.301110 -0.107531 -0.130001 0.286891 -0.019457 -0.039408 -0.214667 0.463867 0.386014 0.095107 0.283202 -0.195524 0.015803 0.033276 -0.047802 -0.119227 -0.307458 -0.345354 -0.308028 -0.168695 -0.359635 -0.270248 -0.287248 -0.395248 -0.111120 -0.384167 -0.093256 -0.233882 -0.351718 -0.408361 -0.137497 0.465869 0.130990 -0.117610 0.084042 0.116144 0.225336 -0.043316 -0.044709 -0.241859 -0.076132 -0.395022 -0.121973 0.031943 -0.081581 -0.227184 0.094961 0.069562 0.219937 -0.109435 0.000234 0.098632 -0.376376 -0.028033 0.205373 -0.011656 -0.139168 -0.089921 0.001152
-0.072083 -0.047679 -0.014404 0.579809 0.222654 1.000000 0.132168 0.306887 0.226800 0.615214 -0.363361 0.044138 -0.257281 -0.133745 -0.099189 0.171259 -0.242525 -0.410362 -0.300538 -0.206624 0.455882 0.083406 0.262105 0.530235 0.340194 0.643777 0.660105 0.648146 -0.613811 -0.255026 0.159119 0.267783 -0.193575 -0.080635 0.289057 0.205570 -0.324231 -0.094743 0.146068 0.188108 0.030702 0.181838 -0.432218 -0.274440 -0.399431 -0.008587 -0.364782 -0.264414 -0.207473 -0.455011 0.305846 -0.075403 -0.171096 -0.331260 -0.309707 -0.283748 0.119924 -0.125859 -0.306532 0.036755 -0.325181 -0.273635 -0.090354 -0.202170 0.253059 0.513209 0.036216 0.276239 0.027912 -0.036814 0.176282 -0.046754 -0.517143 -0.064926 -0.178085 0.111341 -0.266952 -0.058238 -0.076837 0.153192 -0.073724 -0.166501 -0.110293 0.170347 0.005577 0.099089 0.034263 0.311545 0.215286 0.163932 -0.313789 -0.144131 0.473924 -0.027986 -0.053456 0.145357 -0.251753 0.166274 -0.338062 -0.083638 -0.046119 0.015446 -0.079218 0.132315 0.019920 0.246044 -0.046330 0.076119 0.167152 -0.085225 0.150089 0.063770 -0.070089 0.221016 0.159003 0.337888
-0.028029 -0.527298 0.757070 0.190448 0.692312 0.132168 1.000000 0.387586 0.555327 0.281172 -0.185898 -0.272365 -0.107913 -0.167838 0.314902 0.217863 -0.506473 -0.480512 -0.030961 -0.429348 0.074251 -0.071049 0.321900 0.339556 0.457027 0.303699 0.276724 0.067185 -0.311709 -0.247723 0.185684 0.199796 -0.157257 0.313451 0.115241 0.185015 -0.112815 -0.265270 0.089232 -0.084989 -0.059555 -0.275215 -0.173827 -0.134542 -0.043568 0.013426 -0.377942 -0.253264 0.240242 -0.343256 0.318972 -0.080251 -0.165710 -0.248545 -0.144187 -0.337932 -0.287360 -0.489439 -0.206020 -0.288079 0.047978 -0.332705 -0.045491 -0.406374 0.597840 0.353775 0.117640 0.391499 -0.208458 -0.031065 0.130787 -0.044018 -0.262186 -0.160360 -0.115447 -0.207890 -0.150865 -0.324155 -0.327905 -0.389680 -0.593656 -0.349962 -0.092034 -0.084380 -0.091133 -0.222079 -0.071897 -0.113735 0.547868 -0.108819 -0.100164 0.236491 0.155842 0.283433 -0.056865 0.071550 -0.281845 -0.116480 -0.491271 -0.194214 -0.108449 -0.142151 -0.270352 0.029573 -0.120428 0.170446 -0.064473 0.152191 0.109239 -0.407111 -0.019763 0.047479 -0.129794 0.005693 0.104320 -0.091782
-0.236445 -0.262832 0.145501 0.523722 0.563213 0.306887 0.387586 1.000000 0.178293 0.636701 -0.342135 0.140142 -0.079476 0.321717 -0.135622 0.321223 -0.222720 -0.338485 -0.435941 -0.507551 0.122802 0.005694 -0.135613 0.253445 0.239698 0.213433 0.040621 -0.188253 -0.395183 0.078581 -0.061258 0.156012 -0.115385 0.416643 0.190289 0.320466 0.010693 -0.127903 -0.186711 0.174069 -0.302567 -0.016712 -0.301101 -0.286527 -0.162847 0.167764 -0.376301 -0.201538 -0.235008 -0.367777 0.098741 -0.248881 -0.213253 -0.326251 -0.322533 -0.558370 -0.112118 -0.342993 -0.472977 -0.348534 0.003810 0.061920 0.109142 -0.072886 0.446104 0.746717 -0.348222 0.289778 -0.137397 -0.296986 -0.014211 0.061545 -0.240403 -0.079467 -0.119330 -0.146000 0.064336 -0.049940 -0.110608 -0.028200 -0.041967 0.122688 -0.516880 -0.055618 -0.052120 -0.196505 -0.518340 -0.213024 0.260176 -0.036645 -0.136958 -0.118054 0.394358 0.024210 -0.321706 0.004221 -0.404860 0.025777 -0.316258 0.054297 0.207387 -0.094102 0.021751 -0.052170 0.159993 0.101875 -0.090355 -0.056682 -0.038184 -0.298340 -0.084030 0.283941 -0.003234 -0.067604 -0.055864 -0.103579
0.292202 -0.122528 0.347027 0.091072 0.519847 0.226800 0.555327 0.178293 1.000000 0.426371 -0.147905 -0.180590 -0.216408 -0.213427 0.592662 0.388110 -0.349063 -0.200155 -0.202247 -0.261881 -0.094849 -0.154695 0.396178 0.265179 0.171444 0.171387 0.240347 0.179313 -0.487306 -0.464327 -0.202283 -0.237027 -0.281801 -0.095153 0.033463 0.072590 -0.383696 -0.466163 0.070476 -0.151284 -0.265073 -0.336610 -0.244437 -0.203706 -0.298172 -0.347658 -0.259404 -0.276093 0.172274 -0.247903 0.275409 0.094119 -0.111864 -0.103045 -0.143564 -0.203608 -0.120468 -0.215467 0.002429 0.018708 0.011711 -0.151442 -0.100753 -0.070433 0.567169 0.339810 -0.035049 0.062529 -0.267951 -0.047347 -0.103090 -0.336765 -0.458050 -0.373181 -0.289518 -0.281207 -0.362848 -0.473007 -0.154909 -0.059605 -0.364643 -0.213991 -0.042352 0.000579 0.167155 -0.101529 0.071887 0.177124 0.716784 0.163569 -0.091092 0.271712 0.254667 0.343211 0.037667 -0.049131 -0.390397 -0.127230 -0.330517 -0.201044 -0.150175 -0.154203 -0.230435 0.080094 -0.082793 0.241712 -0.161119 -0.069689 0.046889 -0.199120 -0.230725 -0.026319 -0.078475 -0.108859 -0.110661 0.093909
0.005269 0.062281 -0.139822 0.524253 0.383548 0.615214 0.281172 0.636701 0.426371 1.000000 -0.154971 0.254202 -0.059666 0.209914 0.223511 0.590970 -0.282171 -0.360767 -0.616340 -0.434656 0.078399 -0.117225 0.145105 0.544643 0.056521 0.285844 0.180056 0.229812 -0.482801 -0.144723 -0.161924 0.040701 -0.419782 -0.074606 0.168916 0.253267 -0.269966 -0.214047 -0.200294 -0.012995 -0.324790 -0.024374 -0.348379 -0.407422 -0.463337 -0.141646 -0.302591 -0.322690 -0.239666 -0.492322 0.231512 -0.055164 -0.157343 -0.196680 -0.365557 -0.415802 -0.118585 -0.390900 -0.210821 -0.063324 -0.140639 -0.040379 -0.076216 -0.206553 0.539211 0.786119 -0.297463 0.102504 -0.144167 -0.228340 -0.025422 -0.207639 -0.537964 -0.186133 -0.186613 -0.091214 -0.026608 -0.136979 -0.127303 0.035862 -0.171606 -0.123444 -0.278603 0.160503 0.089469 0.038564 -0.142476 0.124343 0.281171 0.211313 -0.079636 -0.044779 0.685279 0.113349 -0.189628 0.178141 -0.513995 0.037211 -0.355938 -0.092247 0.042552 -0.142413 -0.130027 0.011168 0.040152 0.282487 -0.048392 -0.083727 0.071523 -0.223914 -0.225374 0.038191 -0.069681 0.123664 0.086032 0.241267
0.360694 0.250353 -0.427070 -0.130045 -0.451038 -0.363361 -0.185898 -0.342135 -0.147905 -0.154971 1.000000 0.373111 0.700029 0.236740 0.492368 0.083697 0.336299 0.133938 -0.014378 0.313325 -0.470747 -0.329156 0.085439 0.069041 -0.561569 -0.509613 -0.448153 -0.043338 0.564420 -0.000581 -0.077486 -0.061813 -0.204070 -0.273292 -0.234233 -0.048017 0.095107 -0.042450 -0.192212 -0.338601 0.063274 -0.118250 0.130361 -0.063137 0.110391 -0.008464 0.282450 -0.010329 -0.086070 0.121371 -0.144543 -0.023220 -0.070575 0.299637 -0.138743 0.294154 -0.001924 -0.158332 0.312258 0.005960 -0.131923 -0.045161 -0.188999 -0.246726 -0.059722 -0.189078 -0.211510 -0.303301 -0.018305 -0.104487 -0.236288 -0.082815 0.055308 0.130601 0.386671 0.268554 0.258173 0.162038 0.021493 -0.059599 0.102280 -0.211988 0.529628 0.269636 0.401192 0.494844 0.543622 0.188365 -0.290614 -0.107202 0.219067 -0.009955 0.008083 -0.005681 0.086392 0.025587 -0.015814 -0.159284 0.111271 -0.135230 -0.122230 -0.147460 0.009338 -0.250156 -0.203889 -0.257584 -0.005287 -0.027307 0.132770 0.183942 -0.212918 -0.279381 -0.156682 -0.049393 0.000991 -0.092778
-0.039801 0.463008 -0.556095 0.002128 -0.251238 0.044138 -0.272365 0.140142 -0.180590 0.254202 0.373111 1.000000 0.449816 0.708413 0.056640 0.378522 0.134898 0.081921 -0.403035 -0.164689 -0.165301 -0.300854 -0.139003 0.063763 -0.282006 -0.222080 -0.200186 0.037913 0.208364 0.357302 -0.154936 -0.072896 -0.145838 -0.130238 0.009437 0.026745 0.153751 0.194974 -0.148304 -0.137537 0.001503 0.189208 -0.177466 -0.197377 -0.133939 -0.070006 0.046695 -0.141207 -0.266969 -0.125049 0.029517 -0.047081 -0.040745 -0.000832 -0.174951 0.111095 -0.101256 -0.033662 0.115211 0.021786 -0.182322 0.205984 -0.178665 -0.128826 -0.184262 0.092769 -0.259179 -0.222069 0.116893 -0.212921 -0.038452 -0.017595 -0.052026 0.093452 0.191075 0.428085 0.203617 0.386457 0.106360 0.168208 0.174289 0.089499 0.009394 0.429343 0.103534 0.391530 0.016178 0.188864 -0.448411 0.056376 0.154758 -0.380310 0.203559 -0.185887 0.013696 0.046923 0.114093 0.306672 0.137079 -0.063301 0.122181 -0.291974 0.167694 -0.137122 0.018772 -0.037356 0.103453 -0.117675 -0.023406 0.266144 -0.013585 -0.098320 -0.004695 0.092576 0.005085 0.214913
0.224375 0.199662 -0.340845 -0.318463 -0.213314 -0.257281 -0.107913 -0.079476 -0.216408 -0.059666 0.700029 0.449816 1.000000 0.529957 0.191529 0.074198 0.415124 0.166258 -0.227237 0.018416 -0.336881 -0.339109 -0.272298 -0.156990 -0.583578 -0.599563 -0.414202 -0.073168 0.428371 0.071386 -0.203662 -0.145954 -0.054530 -0.175013 -0.211382 -0.111434 0.111511 0.075245 -0.105566 -0.352016 -0.116638 -0.218665 0.297495 0.165285 0.157792 0.040825 0.360013 0.233617 0.023990 0.135901 -0.204727 0.054653 -0.024827 0.207769 -0.017247 0.446560 0.066815 -0.060526 0.255995 0.112192 -0.060939 0.144657 -0.243318 -0.250104 -0.288305 -0.202749 -0.077905 -0.149877 0.043926 -0.008497 -0.286974 0.059723 0.178255 0.081069 0.312995 0.243003 0.287337 0.225742 -0.038210 0.034916 0.202777 -0.015010 0.019910 0.042448 -0.052070 0.077292 0.067013 -0.202986 -0.454341 -0.094895 0.294904 0.021053 -0.040789 -0.062708 0.031164 0.142134 0.229792 0.005143 0.194290 0.055605 0.141913 -0.164110 -0.023478 0.063148 0.014459 -0.161376 -0.095679 0.097012 0.129382 0.053817 0.038566 -0.097758 -0.068433 -0.010529 0.126110 0.011604
0.059868 0.397696 -0.419606 -0.063172 0.031469 -0.133745 -0.167838 0.321717 -0.213427 0.209914 0.236740 0.708413 0.529957 1.000000 0.056016 0.455214 0.207832 0.222429 -0.370816 -0.121659 -0.211138 -0.162543 -0.305103 -0.062639 -0.386431 -0.412812 -0.350567 -0.226314 0.299321 0.368261 -0.166555 -0.151850 -0.080290 -0.092605 -0.230855 -0.115223 0.177595 0.160146 -0.109398 -0.189637 -0.263041 0.068832 -0.003130 -0.171676 -0.168818 -0.218487 0.270037 -0.018235 -0.135152 -0.097932 -0.116470 0.062218 0.173347 0.091216 -0.003898 0.179383 -0.191397 -0.084418 0.142276 0.095374 0.135788 0.492149 -0.223985 -0.035986 -0.181904 0.034381 -0.267954 -0.376863 0.117596 -0.190327 -0.059155 0.170154 0.137249 0.148963 0.228929 0.214308 0.298656 0.287726 -0.000494 0.025802 0.101768 0.054464 -0.213702 0.261611 -0.224744 -0.007192 -0.286989 0.030442 -0.413430 0.205368 0.375716 -0.190717 0.101844 -0.197436 -0.088554 -0.033397 0.123742 0.209223 0.241549 0.103837 0.311624 -0.183157 0.096713 -0.036729 0.060553 -0.097158 0.007352 -0.040958 -0.137776 0.045767 -0.124384 0.079179 -0.042923 -0.056447 -0.005853 -0.089744
0.437656 0.062282 -0.049341 0.040164 0.074262 -0.099189 0.314902 -0.135622 0.592662 0.223511 0.492368 0.056640 0.191529 0.056016 1.000000 0.536348 -0.180792 -0.135994 -0.080240 0.177571 -0.422237 -0.234647 0.517681 0.339910 -0.260785 -0.165750 -0.099505 0.125372 0.086152 -0.266514 -0.022514 -0.132867 -0.398968 -0.294258 -0.186961 -0.070614 -0.208822 -0.236991 -0.088660 -0.299254 -0.114656 -0.239076 -0.139640 -0.296619 -0.248887 -0.384416 0.008985 -0.271950 -0.056690 -0.151513 0.056344 0.032861 -0.138084 0.124955 -0.286969 0.012004 -0.277341 -0.350835 0.115269 -0.059981 -0.151974 -0.148356 -0.310764 -0.284592 0.504521 0.094095 -0.282784 -0.320334 -0.166702 -0.192761 -0.134523 -0.236613 -0.289690 -0.035965 0.186910 0.020814 0.049713 -0.125478 -0.074129 -0.174862 -0.341626 -0.355909 0.418295 0.362850 0.355285 0.219046 0.389091 0.430817 0.380159 0.103375 0.107450 0.331880 0.272265 0.346460 0.050197 0.021106 -0.365875 -0.221645 -0.156322 -0.203319 -0.190834 -0.173609 -0.212123 -0.081583 -0.264249 0.107688 -0.050203 -0.042865 0.065533 -0.053540 -0.358642 -0.138740 -0.227021 -0.015538 0.036771 0.050535
0.178098 0.239111 -0.148886 0.238217 0.293570 0.171259 0.217863 0.321223 0.388110 0.590970 0.083697 0.378522 0.074198 0.455214 0.536348 1.000000 -0.206312 -0.124190 -0.547992 -0.211800 -0.208405 -0.280395 0.108884 0.349587 -0.205539 -0.057745 -0.010961 0.041872 -0.132805 0.021769 -0.233869 -0.203179 -0.456334 -0.200715 -0.142234 -0.081899 -0.221022 -0.098547 -0.113245 -0.267653 -0.336166 -0.094669 -0.268376 -0.398021 -0.438905 -0.408161 -0.071215 -0.189178 -0.042240 -0.333824 0.103283 0.053057 0.055585 -0.021260 -0.199460 -0.263690 -0.124550 -0.313558 -0.025975 -0.009557 0.037183 0.065423 -0.099856 -0.152246 0.313616 0.332097 -0.311311 -0.218431 -0.060780 -0.046801 -0.010013 -0.233623 -0.348674 -0.092870 -0.085068 -0.013825 -0.047875 -0.107381 -0.125616 -0.069812 -0.190094 -0.177481 0.035411 0.527954 0.017423 0.117311 -0.003715 0.358992 0.171396 0.292940 0.209166 0.115106 0.532660 0.232295 -0.142870 0.024555 -0.379437 -0.038184 -0.166956 -0.129980 0.124702 -0.156375 -0.100784 0.109922 -0.081260 0.091494 0.024431 -0.020720 0.043469 -0.238601 -0.298068 0.173273 -0.073089 0.135077 0.095981 0.194084
0.160626 0.232319 -0.390594 -0.348177 -0.347649 -0.242525 -0.506473 -0.222720 -0.349063 -0.282171 0.336299 0.134898 0.415124 0.207832 -0.180792 -0.206312 1.000000 0.526198 0.131426 0.310581 -0.248020 -0.127162 -0.505963 -0.495711 -0.470017 -0.487556 -0.382584 -0.228203 0.431922 0.092960 -0.358761 -0.391247 0.304220 -0.049686 -0.156174 -0.257314 0.303663 0.123780 0.284043 -0.132042 0.121331 -0.048102 0.416950 0.364777 0.328788 0.106555 0.410983 0.458230 -0.038687 0.363982 -0.399435 -0.121904 -0.124310 0.101154 0.187885 0.375948 0.505811 0.514797 0.042413 0.032629 -0.095922 0.062075 -0.013359 0.274985 -0.485952 -0.351080 -0.011388 -0.086863 0.256208 0.271443 -0.351832 -0.018565 0.337890 -0.162546 0.068434 -0.120932 -0.058783 -0.088658 0.309351 0.286249 0.731378 0.340007 0.127910 -0.087487 0.060193 0.157323 0.001378 -0.277551 -0.434588 0.015745 0.026266 -0.157875 -0.339010 -0.308244 -0.056236 -0.164518 0.420754 -0.212080 0.410504 0.117696 -0.225051 0.046073 -0.052100 -0.014652 -0.160902 -0.301968 -0.085625 -0.281324 0.068170 0.163561 0.208309 0.042571 0.249749 -0.196072 -0.158334 -0.095013
0.180040 0.537720 -0.326403 -0.464678 -0.355041 -0.410362 -0.480512 -0.338485 -0.200155 -0.360767 0.133938 0.081921 0.166258 0.222429 -0.135994 -0.124190 0.526198 1.000000 0.083681 0.257009 -0.402388 -0.074536 -0.392885 -0.567155 -0.508899 -0.507336 -0.394762 -0.310895 0.371532 0.188496 -0.361877 -0.538176 0.239358 -0.250642 -0.278704 -0.293827 0.175165 0.114479 0.011403 -0.265323 -0.062335 -0.005948 0.233256 0.115744 -0.021914 -0.341541 0.480397 0.160426 0.181311 0.286262 -0.174003 0.341389 0.373702 0.410132 0.491143 0.404705 0.241678 0.573446 0.345093 0.307969 0.200695 0.485266 -0.100482 0.575016 -0.519365 -0.492478 0.091349 -0.443609 0.214135 0.117851 -0.201911 -0.051295 0.432370 -0.012323 0.131730 -0.099127 0.070824 0.026014 0.144595 0.253240 0.336623 0.221013 0.038324 -0.176834 -0.171253 -0.155176 -0.046192 -0.071466 -0.311964 0.221650 0.328881 -0.005754 -0.325720 -0.209540 0.125741 -0.208315 0.245357 -0.001264 0.506836 0.192660 0.051126 0.078852 0.135542 0.086448 0.051423 -0.239908 -0.089492 -0.090348 -0.153061 0.294702 -0.212562 0.007470 0.198622 -0.074800 -0.087446 -0.164807
-0.059813 -0.221376 0.327528 -0.226029 -0.185224 -0.300538 -0.030961 -0.435941 -0.202247 -0.616340 -0.014378 -0.403035 -0.227237 -0.370816 -0.080240 -0.547992 0.131426 0.083681 1.000000 0.631209 -0.088252 0.256143 0.159975 -0.245477 0.159625 0.019291 0.017946 -0.026532 0.298268 -0.051940 0.302165 0.132313 0.457266 0.217783 0.010652 -0.186994 0.092214 -0.026167 0.271499 0.149450 0.335472 0.091725 0.113969 0.215886 0.380532 0.163162 0.023039 0.039565 -0.007636 0.216489 -0.312805 -0.308508 -0.198774 -0.242949 0.090077 0.173485 -0.009829 0.313932 0.039579 -0.183936 0.003737 -0.284523 0.016476 0.028919 -0.154954 -0.503287 0.295052 0.122574 0.336486 0.357178 0.088587 0.107329 0.317302 0.035304 0.073179 -0.016836 0.005780 -0.038145 0.152805 -0.015462 0.059372 0.074801 0.270458 -0.099603 0.103612 0.027762 0.167300 -0.015646 0.018054 -0.245002 -0.292374 -0.078969 -0.563302 -0.154132 0.097975 0.007255 0.299741 -0.021110 0.033486 -0.096810 -0.469788 0.122167 -0.037188 -0.080132 -0.228322 -0.061711 -0.074706 -0.188632 0.015946 0.213623 0.264103 -0.257899 -0.200821 -0.327791 -0.247292 -0.213868
0.078934 0.224743 -0.203236 -0.107557 -0.425225 -0.206624 -0.429348 -0.507551 -0.261881 -0.434656 0.313325 -0.164689 0.018416 -0.121659 0.177571 -0.211800 0.310581 0.257009 0.631209 1.000000 -0.267918 0.020434 0.180619 -0.118238 -0.375414 -0.214080 -0.210211 0.036445 0.386776 -0.100928 0.105072 -0.104908 0.229539 -0.183406 -0.266449 -0.257088 -0.101156 0.031580 0.074194 0.036177 0.150274 0.097092 0.027407 -0.041453 0.082792 -0.115500 0.322877 0.011616 -0.193361 0.288319 -0.402442 -0.093874 -0.010211 0.061288 -0.003492 0.322970 0.101338 0.335982 0.165215 0.112338 -0.113299 -0.034017 -0.198719 0.105718 -0.257795 -0.454632 0.044179 -0.290712 0.324679 0.276915 -0.138688 -0.087872 0.271947 0.167676 0.252774 0.041523 0.064585 0.093530 0.260266 0.051374 0.172300 -0.048905 0.403730 0.130665 0.102991 0.161892 0.336204 0.274866 -0.134427 0.031349 -0.047212 -0.033611 -0.318974 -0.131397 0.173611 0.008236 0.131866 -0.121199 0.263061 0.002716 -0.283325 0.162770 0.025228 -0.017931 -0.117161 -0.171001 -0.102092 -0.060145 0.088026 0.277768 -0.047722 -0.227858 -0.287212 -0.171432 -0.171822 -0.026191
-0.273871 -0.354915 0.155719 0.131112 0.213608 0.455882 0.074251 0.122802 -0.094849 0.078399 -0.470747 -0.165301 -0.336881 -0.211138 -0.422237 -0.208405 -0.248020 -0.402388 -0.088252 -0.267918 1.000000 0.232429 0.008902 0.128561 0.586198 0.544616 0.538045 0.386552 -0.264418 0.146555 0.351181 0.390827 0.090932 0.153435 0.317575 0.101164 -0.020051 0.197897 0.234575 0.464151 0.259328 0.204244 -0.096419 0.101589 0.092423 0.264572 -0.260745 -0.097568 -0.049031 -0.121713 0.136411 -0.118614 -0.121408 -0.301235 -0.088069 -0.166232 -0.047674 -0.089089 -0.256221 -0.058354 -0.063632 -0.219696 0.170539 -0.145586 0.008767 0.150051 0.298123 0.327052 -0.074936 0.067525 0.271255 0.317487 -0.086330 0.034041 -0.161065 0.108062 -0.160018 0.070220 -0.051489 0.061926 -0.010191 0.054580 -0.155668 0.021876 -0.023068 -0.016302 -0.200245 -0.024271 0.053562 -0.070937 -0.323858 -0.111558 0.026067 -0.169277 0.004253 0.074186 0.089089 0.062557 -0.201960 -0.067234 -0.045631 0.061855 -0.154218 0.014563 0.056777 0.197292 -0.043864 0.176231 0.009582 -0.140822 0.286684 -0.071492 -0.015980 -0.011423 0.113756 0.112774
-0.072056 -0.214977 0.090574 0.115451 0.014312 0.083406 -0.071049 0.005694 -0.154695 -0.117225 -0.329156 -0.300854 -0.339109 -0.162543 -0.234647 -0.280395 -0.127162 -0.074536 0.256143 0.020434 0.232429 1.000000 -0.017865 -0.050302 0.397807 0.383152 0.165787 0.007707 0.068166 0.078113 0.255438 0.361203 0.225050 0.177751 0.193265 0.065801 0.208962 0.029523 0.087393 0.463387 0.208756 0.232377 0.049815 0.137421 0.114157 0.081382 -0.062841 0.067002 -0.062478 -0.156167 -0.103703 -0.193940 -0.085413 -0.243725 -0.013122 -0.033169 -0.070308 0.268245 -0.148770 -0.267660 0.026338 -0.048130 0.019147 0.040313 0.092031 -0.014100 0.070241 -0.040554 0.151718 -0.095928 0.193462 0.357311 0.167121 0.078040 0.052218 -0.071173 0.080200 0.017031 0.029035 0.150643 -0.008182 0.097191 -0.091327 -0.030447 -0.057436 -0.161011 -0.283422 -0.014418 0.094583 -0.172307 -0.201285 -0.181257 -0.193635 -0.185853 -0.043855 0.140832 0.168922 0.139972 0.031367 0.080779 -0.066298 0.030831 -0.071940 -0.158116 0.077672 0.299210 -0.034012 -0.245698 -0.008846 0.115853 0.211893 0.147448 -0.018281 -0.220438 -0.273209 -0.422473
0.187973 -0.107482 0.149394 0.358377 -0.035612 0.262105 0.321900 -0.135613 0.396178 0.145105 0.085439 -0.139003 -0.272298 -0.305103 0.517681 0.108884 -0.505963 -0.392885 0.159975 0.180619 0.008902 -0.017865 1.000000 0.607497 0.261963 0.455983 0.443366 0.536966 -0.211974 -0.339081 0.477105 0.344388 -0.282228 -0.122199 0.169429 0.181602 -0.374230 -0.288039 -0.210573 -0.210612 0.044286 -0.132757 -0.277990 -0.395789 -0.266786 -0.188206 -0.094887 -0.434375 -0.183651 -0.240127 0.497991 -0.005036 -0.036856 0.005246 -0.300481 -0.081474 -0.178474 -0.325292 -0.189627 -0.103363 -0.323443 -0.357485 -0.127925 -0.252264 0.593008 0.249727 -0.140957 -0.038089 -0.053394 -0.252580 0.079269 -0.288508 -0.459470 0.150287 0.198034 0.157217 -0.075932 -0.090830 0.035934 -0.136506 -0.428131 -0.433185 0.274171 0.120890 0.357982 0.186998 0.455628 0.414445 0.517138 -0.068508 -0.138672 0.175749 0.284808 0.160987 0.032112 -0.064276 -0.358088 -0.161013 -0.241667 -0.134884 -0.188692 -0.139928 -0.104064 -0.177329 -0.181531 0.076035 0.014366 0.063609 -0.086335 -0.124646 -0.210985 -0.187712 -0.398803 0.147563 0.117483 0.014190
-0.016828 -0.099066 0.072859 0.727177 0.195876 0.530235 0.339556 0.253445 0.265179 0.544643 0.069041 0.063763 -0.156990 -0.062639 0.339910 0.349587 -0.495711 -0.567155 -0.245477 -0.118238 0.128561 -0.050302 0.607497 1.000000 0.217768 0.501630 0.360274 0.485054 -0.245110 -0.100616 0.343930 0.524559 -0.389584 -0.104940 0.151263 0.379142 -0.418340 -0.258113 -0.282258 -0.014312 -0.064525 -0.020079 -0.508366 -0.610245 -0.391518 -0.016904 -0.339350 -0.530299 -0.165472 -0.421329 0.285057 -0.042183 -0.033299 -0.119040 -0.466994 -0.420037 -0.297820 -0.622668 -0.172495 -0.033294 -0.235313 -0.280491 -0.158529 -0.455843 0.574550 0.564397 -0.203251 0.102512 -0.218403 -0.330865 0.041167 -0.169185 -0.554995 0.061121 0.030075 0.132448 -0.062838 0.026202 -0.155168 -0.266346 -0.482777 -0.517519 0.109119 0.350298 0.169741 0.300577 0.233928 0.472188 0.269848 0.072870 -0.179411 0.082015 0.604282 0.208124 -0.109020 0.090622 -0.585308 -0.051689 -0.509810 -0.215196 -0.028979 -0.024789 0.044270 -0.095765 -0.006212 0.079399 0.106831 0.081305 0.089432 -0.124493 -0.337604 -0.122723 -0.311309 0.229294 0.167250 0.117042
-0.266015 -0.520827 0.505964 0.240314 0.322289 0.340194 0.457027 0.239698 0.171444 0.056521 -0.561569 -0.282006 -0.583578 -0.386431 -0.260785 -0.205539 -0.470017 -0.508899 0.159625 -0.375414 0.586198 0.397807 0.261963 0.217768 1.000000 0.777532 0.693146 0.331481 -0.384597 0.026709 0.503942 0.559443 0.116136 0.377968 0.503588 0.131250 -0.042721 -0.027478 0.156857 0.440393 0.263974 0.254676 -0.207918 0.025425 0.102284 0.267953 -0.499388 -0.225814 0.040128 -0.267675 0.298315 -0.260975 -0.307885 -0.534940 -0.242539 -0.417342 -0.121952 -0.110442 -0.335019 -0.282159 -0.062949 -0.380574 0.223479 -0.140163 0.324817 0.300325 0.264303 0.459953 -0.059904 -0.032872 0.298624 0.112522 -0.218330 0.017709 -0.196106 -0.006500 -0.237677 -0.104647 -0.077912 -0.072183 -0.243273 -0.006373 -0.116264 -0.082856 0.028133 -0.072115 -0.148641 -0.099067 0.381843 -0.259745 -0.488805 -0.130314 -0.011867 -0.009576 -0.137356 0.085043 -0.049774 0.107140 -0.374621 -0.132029 -0.165843 -0.018463 -0.076975 -0.069919 -0.093573 0.268461 0.015953 0.049233 0.093228 -0.091350 0.333948 0.000829 -0.030912 -0.054264 -0.110456 -0.152125
-0.247744 -0.314436 0.316663 0.515865 0.238765 0.643777 0.303699 0.213433 0.171387 0.285844 -0.509613 -0.222080 -0.599563 -0.412812 -0.165750 -0.057745 -0.487556 -0.507336 0.019291 -0.214080 0.544616 0.383152 0.455983 0.501630 0.777532 1.000000 0.729023 0.571009 -0.490660 -0.087876 0.550175 0.627926 0.007507 0.260643 0.433338 0.246904 -0.207440 0.024729 0.027266 0.428140 0.256285 0.353468 -0.415534 -0.249891 -0.215454 0.068551 -0.483354 -0.393650 -0.176584 -0.448208 0.328162 -0.235003 -0.195780 -0.470074 -0.364963 -0.431427 -0.090257 -0.081628 -0.322164 -0.193463 -0.197354 -0.430966 0.055917 -0.178629 0.376375 0.379195 0.174041 0.323879 0.022692 -0.083498 0.359958 0.023046 -0.367266 0.048678 -0.092176 0.036569 -0.197782 0.019763 0.037971 0.029981 -0.245502 -0.081200 -0.065670 0.037709 0.029625 0.014625 -0.064211 0.126905 0.379713 -0.173191 -0.529133 -0.174220 0.237810 0.037215 -0.056277 0.129266 -0.251821 0.092211 -0.447297 -0.092793 -0.136379 0.101793 -0.043936 0.020304 -0.018441 0.335479 0.086928 0.135912 0.161348 -0.039597 0.181023 0.007660 -0.100324 0.130890 0.035151 0.055860
-0.059018 -0.285036 0.215401 0.315570 0.117238 0.660105 0.276724 0.040621 0.240347 0.180056 -0.448153 -0.200186 -0.414202 -0.350567 -0.099505 -0.010961 -0.382584 -0.394762 0.017946 -0.210211 0.538045 0.165787 0.443366 0.360274 0.693146 0.729023 1.000000 0.751078 -0.470261 -0.120026 0.388394 0.395828 -0.054525 0.024133 0.512577 0.097091 -0.319678 -0.029345 0.225679 0.173847 0.146664 0.156932 -0.236252 -0.069602 -0.146734 0.089907 -0.290752 -0.162731 -0.033793 -0.309437 0.436343 -0.083722 -0.171562 -0.389748 -0.267502 -0.244105 0.123264 -0.085054 -0.371742 -0.073808 -0.315586 -0.448597 0.066579 -0.215508 0.219453 0.243342 0.194524 0.360821 0.003194 0.029367 0.261747 0.033708 -0.402575 0.134100 -0.128734 0.216382 -0.303108 -0.042766 -0.013342 0.026868 -0.160614 -0.148368 -0.014736 0.076600 0.043181 0.043327 0.074398 0.160824 0.320108 -0.073392 -0.375537 0.000378 0.251142 -0.056906 -0.086652 0.156881 -0.102153 0.134005 -0.330569 -0.047726 -0.145173 0.000621 -0.177082 0.151021 -0.132432 0.278721 -0.046759 0.118886 0.117804 -0.102982 0.313355 0.079635 -0.044310 0.253433 0.271352 0.143754
0.088859 -0.009510 -0.094992 0.287210 -0.150413 0.648146 0.067185 -0.188253 0.179313 0.229812 -0.043338 0.037913 -0.073168 -0.226314 0.125372 0.041872 -0.228203 -0.310895 -0.026532 0.036445 0.386552 0.007707 0.536966 0.485054 0.331481 0.571009 0.751078 1.000000 -0.252627 -0.251435 0.387239 0.336463 -0.082925 -0.308870 0.298029 -0.087694 -0.417283 0.030042 0.038087 -0.006037 0.059974 0.123410 -0.248518 -0.199558 -0.257676 -0.126078 -0.053755 -0.306581 -0.086041 -0.269480 0.364059 0.029123 -0.145916 -0.219626 -0.340632 0.004283 0.062623 -0.078756 -0.119942 0.148443 -0.430026 -0.438456 -0.182031 -0.290126 0.101791 0.139795 0.174236 0.101107 0.160092 0.032798 0.189571 -0.047277 -0.427849 0.145757 0.146099 0.390483 -0.144714 0.119795 0.054484 0.101391 -0.113356 -0.277904 0.131157 0.198939 0.110415 0.295831 0.268900 0.355845 0.158159 0.011268 -0.279283 -0.030711 0.404422 -0.014045 -0.012175 0.245471 -0.074713 0.028695 -0.240451 -0.107874 -0.188250 -0.005903 -0.146136 0.238356 -0.196949 0.130091 -0.040818 0.120493 0.192758 -0.008678 0.076043 -0.205847 -0.267799 0.299941 0.301075 0.227321
0.111696 0.117737 -0.281516 -0.370409 -0.416604 -0.613811 -0.311709 -0.395183 -0.487306 -0.482801 0.564420 0.208364 0.428371 0.299321 0.086152 -0.132805 0.431922 0.371532 0.298268 0.386776 -0.264418 0.068166 -0.211974 -0.245110 -0.384597 -0.490660 -0.470261 -0.252627 1.000000 0.452139 0.033859 -0.021717 0.197054 -0.118104 -0.239380 -0.213946 0.372723 0.248569 0.050628 -0.099061 0.196037 0.052302 0.213792 0.111417 0.326515 0.085900 0.354251 0.118048 -0.042774 0.244907 -0.413716 -0.134942 0.023870 0.123204 0.143715 0.305581 -0.056316 0.152510 0.236592 -0.122085 0.073347 0.068222 -0.042361 -0.058440 -0.359222 -0.519321 -0.087304 -0.305543 0.060211 0.017504 -0.086367 0.263037 0.669872 0.252359 0.500584 0.208107 0.382958 0.293640 0.108819 -0.107965 0.218510 0.057993 0.378250 0.232466 0.112856 0.262595 0.100446 -0.039300 -0.516427 -0.164944 0.147702 -0.017673 -0.359020 -0.162228 0.045011 0.048835 0.326731 -0.035735 0.286156 0.005273 -0.157392 0.020917 -0.007080 -0.158899 -0.139182 -0.223332 0.121135 -0.207934 -0.023258 0.254016 -0.063041 -0.172428 -0.053031 -0.158869 -0.081321 -0.251302
-0.405740 0.006352 -0.267652 -0.101755 -0.143789 -0.255026 -0.247723 0.078581 -0.464327 -0.144723 -0.000581 0.357302 0.071386 0.368261 -0.266514 0.021769 0.092960 0.188496 -0.051940 -0.100928 0.146555 0.078113 -0.339081 -0.100616 0.026709 -0.087876 -0.120026 -0.251435 0.452139 1.000000 0.152852 0.296772 0.200197 0.188813 0.171703 0.207628 0.290222 0.465532 -0.090231 0.307847 0.141871 0.391622 0.059764 0.077437 0.176901 0.322398 -0.073037 0.029676 -0.263866 0.004132 -0.270927 -0.155831 -0.028477 -0.073206 -0.116379 -0.148510 -0.149684 0.047977 -0.129135 -0.188235 -0.054175 0.176309 0.008495 -0.025522 -0.236864 -0.095710 -0.151559 -0.048288 -0.014037 -0.204134 0.039200 0.297111 0.436330 0.344405 0.223129 0.262267 0.306735 0.492437 0.026205 -0.011418 0.189476 0.306325 -0.112734 0.226885 -0.053552 0.037422 -0.386959 -0.136315 -0.474974 -0.216316 -0.111501 -0.157211 -0.137168 -0.206069 0.018204 -0.047326 0.158981 0.284441 0.023414 0.090387 0.065196 0.035457 0.163411 -0.169522 0.058824 -0.097343 0.182765 0.004619 -0.124471 0.321768 0.126900 0.106276 0.256675 -0.032340 -0.025621 -0.093977
-0.170722 -0.217362 0.230548 0.324684 -0.061608 0.159119 0.185684 -0.061258 -0.202283 -0.161924 -0.077486 -0.154936 -0.203662 -0.166555 -0.022514 -0.233869 -0.358761 -0.361877 0.302165 0.105072 0.351181 0.255438 0.477105 0.343930 0.503942 0.550175 0.388394 0.387239 0.033859 0.152852 1.000000 0.794449 0.116580 0.156996 0.225912 0.046155 -0.118592 0.132068 -0.097949 0.275225 0.200155 0.306448 -0.129179 -0.167858 -0.016250 0.137084 -0.080810 -0.317756 -0.168891 -0.259304 0.181692 -0.107356 -0.086726 -0.153706 -0.247570 -0.084999 -0.218841 -0.144921 -0.134496 -0.106777 -0.179341 -0.237272 -0.206721 -0.281919 0.199359 0.116763 0.172886 0.048172 0.158358 -0.183335 0.292186 0.238627 -0.022483 0.444198 0.332231 0.318426 0.078904 0.270998 0.093323 -0.151529 -0.314399 -0.247742 0.097694 0.051585 -0.043028 0.097790 0.058061 0.109805 0.057117 -0.210604 -0.272838 -0.127828 -0.020382 -0.162620 -0.078618 -0.042278 -0.040535 0.043007 -0.283144 -0.169543 -0.125844 -0.067387 -0.096975 -0.268256 -0.274826 -0.070826 0.001462 0.215328 -0.101566 0.087017 0.051534 -0.244361 -0.332201 -0.078807 -0.055728 -0.161988
-0.335824 -0.394258 0.161454 0.471672 0.030389 0.267783 0.199796 0.156012 -0.237027 0.040701 -0.061813 -0.072896 -0.145954 -0.151850 -0.132867 -0.203179 -0.391247 -0.538176 0.132313 -0.104908 0.390827 0.361203 0.344388 0.524559 0.559443 0.627926 0.395828 0.336463 -0.021717 0.296772 0.794449 1.000000 0.071619 0.334751 0.420685 0.381645 -0.021518 0.134223 -0.194595 0.406798 0.271188 0.316787 -0.145292 -0.135654 0.062462 0.426236 -0.323680 -0.281850 -0.342876 -0.334361 0.080444 -0.320176 -0.254913 -0.327289 -0.451068 -0.311217 -0.226859 -0.295026 -0.285720 -0.303791 -0.258488 -0.343363 -0.030891 -0.412468 0.309677 0.324816 0.032103 0.275814 -0.037783 -0.302185 0.238062 0.262273 -0.056190 0.330873 0.183174 0.311764 0.090695 0.302007 -0.033240 -0.145426 -0.210189 -0.106400 -0.048297 0.109484 0.089447 0.134842 -0.068326 0.001673 0.024199 -0.401684 -0.455297 -0.206155 0.112725 -0.088217 -0.096667 0.032264 -0.197793 0.119008 -0.457991 -0.136957 -0.083519 -0.065570 -0.007978 -0.261304 -0.087969 0.092294 0.036939 0.170725 0.064573 0.047168 0.154231 -0.090089 -0.157661 -0.023750 -0.028406 -0.151697
-0.427929 -0.088742 0.112562 -0.219134 -0.087403 -0.193575 -0.157257 -0.115385 -0.281801 -0.419782 -0.204070 -0.145838 -0.054530 -0.080290 -0.398968 -0.456334 0.304220 0.239358 0.457266 0.229539 0.090932 0.225050 -0.282228 -0.389584 0.116136 0.007507 -0.054525 -0.082925 0.197054 0.200197 0.116580 0.071619 1.000000 0.530798 0.161325 -0.118161 0.200901 0.141335 0.265765 0.212181 0.290503 0.178700 0.249012 0.407785 0.544593 0.313597 0.106350 0.038036 -0.059544 0.278992 -0.340296 -0.262974 -0.123693 -0.307441 0.233634 0.262058 0.159048 0.562150 -0.050050 -0.165524 0.131029 -0.046774 0.156070 0.207660 -0.347741 -0.341732 0.408897 0.269280 0.522425 0.344506 -0.194996 0.097910 0.453281 -0.164410 -0.039975 -0.110601 -0.149127 -0.115439 0.324100 0.435554 0.210565 0.348046 -0.319718 -0.283651 -0.162687 -0.076068 -0.313346 -0.365081 -0.106159 -0.140121 -0.391142 -0.488679 -0.596010 -0.436767 0.034609 0.007290 0.497562 -0.156046 0.060686 -0.114679 -0.226619 -0.017023 -0.110286 0.063536 -0.132878 -0.123602 -0.407234 -0.204895 0.031430 0.140064 0.276124 -0.262971 -0.167762 -0.442175 -0.319740 -0.197272
-0.499716 -0.507149 0.420823 0.156356 0.362297 -0.080635 0.313451 0.416643 -0.095153 -0.074606 -0.273292 -0.130238 -0.175013 -0.092605 -0.294258 -0.200715 -0.049686 -0.250642 0.217783 -0.183406 0.153435 0.177751 -0.122199 -0.104940 0.377968 0.260643 0.024133 -0.308870 -0.118104 0.188813 0.156996 0.334751 0.530798 1.000000 0.331890 0.335184 0.326093 0.023694 0.134297 0.290984 0.372108 0.065241 0.064403 0.239911 0.471823 0.524397 -0.351844 0.016445 -0.306093 -0.067407 -0.182485 -0.610867 -0.345761 -0.488213 -0.055896 -0.232371 -0.000909 0.100016 -0.417121 -0.662396 0.065908 -0.303083 0.337704 -0.118439 0.203440 0.137699 0.075770 0.566312 0.268175 0.134950 -0.002654 0.063972 0.171965 -0.224735 -0.221483 -0.206508 -0.093187 -0.157833 0.175281 0.205514 0.062749 0.379775 -0.353362 -0.217017 0.040134 -0.149399 -0.380790 -0.468740 0.187340 -0.391653 -0.493148 -0.440743 -0.333870 -0.234334 -0.034100 -0.046486 0.114943 -0.091123 -0.293272 -0.109872 -0.156417 -0.131709 -0.175519 -0.166816 -0.076437 0.178718 -0.231095 -0.185088 0.104736 -0.119907 0.346365 0.103849 0.000325 -0.290741 -0.214582 -0.126054
-0.267611 -0.387583 0.043721 0.201728 -0.069123 0.289057 0.115241 0.190289 0.033463 0.168916 -0.234233 0.009437 -0.211382 -0.230855 -0.186961 -0.142234 -0.156174 -0.278704 0.010652 -0.266449 0.317575 0.193265 0.169429 0.151263 0.503588 0.433338 0.512577 0.298029 -0.239380 0.171703 0.225912 0.420685 0.161325 0.331890 1.000000 0.388572 0.005556 -0.027863 0.090710 0.262570 0.216409 0.186691 -0.058906 0.117988 0.166351 0.457101 -0.367315 -0.076175 -0.333399 -0.214885 0.074387 -0.401016 -0.445800 -0.446589 -0.392035 -0.221675 0.203948 0.099672 -0.462828 -0.437202 -0.334526 -0.458762 0.139457 -0.162952 0.176465 0.282503 0.136974 0.513892 0.091953 -0.097155 0.031683 0.132080 -0.232738 0.047786 -0.209240 0.235721 -0.136312 0.076152 0.180037 0.310485 0.123163 0.209887 -0.241384 -0.064748 0.309069 0.122068 -0.131723 -0.208938 0.100987 -0.429328 -0.496697 -0.204526 0.100103 -0.150801 -0.004364 0.179745 -0.063926 0.119239 -0.289840 -0.011920 -0.299583 -0.166292 -0.150629 -0.095925 -0.100392 0.355997 -0.254014 -0.209465 0.191145 -0.069717 0.374840 -0.093694 0.090913 0.040086 0.002597 0.166006
-0.323957 -0.239153 0.108183 0.419072 0.151587 0.205570 0.185015 0.320466 0.072590 0.253267 -0.048017 0.026745 -0.111434 -0.115223 -0.070614 -0.081899 -0.257314 -0.293827 -0.186994 -0.257088 0.101164 0.065801 0.181602 0.379142 0.131250 0.246904 0.097091 -0.087694 -0.213946 0.207628 0.046155 0.381645 -0.118161 0.335184 0.388572 1.000000 0.047815 -0.149854 -0.138084 0.144104 0.023119 0.078745 -0.144723 -0.083327 0.076098 0.526884 -0.321263 -0.031965 -0.370192 -0.092673 0.095241 -0.161398 -0.114016 -0.070642 -0.289342 -0.291465 -0.076587 -0.329713 -0.388744 -0.262384 -0.258428 -0.117964 0.034209 -0.175684 0.399551 0.417033 -0.263677 0.369890 -0.369521 -0.460702 -0.097401 0.014510 -0.227553 0.012396 -0.207711 -0.017339 -0.146391 0.007776 -0.029442 -0.085326 -0.171609 -0.031293 -0.206734 -0.027009 0.163044 -0.005021 -0.152624 -0.066178 0.086089 -0.173498 -0.251111 -0.160573 0.069208 -0.110947 0.220959 -0.127111 -0.321409 0.079317 -0.263462 -0.122637 -0.037985 -0.154003 0.024549 -0.382920 0.176795 0.108474 -0.041868 -0.018276 0.016051 0.008131 0.030755 0.096264 0.190511 0.098164 -0.049349 -0.020246
