1.000000 0.380040 -0.117231 -0.324825 0.036829 -0.038230 -0.120150 -0.217448 -0.030486 -0.150335 0.178059 -0.106844 0.184322 0.074590 -0.011499 -0.102709 0.277169 0.137669 0.140914 0.084134 -0.143960 0.062469 -0.169665 -0.325655 -0.101713 -0.215595 0.178027 0.060731 -0.049088 -0.043705 -0.316759 -0.339400 0.221099 -0.108188 -0.035423 -0.274851 -0.000130 -0.085294 0.082409 0.205013 0.093683 0.286950 0.003290 0.027052 -0.042407 -0.180838 0.011601 -0.019494 0.012821 -0.042425 0.101274 -0.013373 0.286699 0.181651 0.107689 0.053705 0.598532 0.396883 0.458370 -0.007226 0.453447 0.425999 0.232109 0.274571 -0.047836 -0.123057 -0.056438 -0.528760 0.101011 -0.159914 -0.008859 -0.115398 0.112408 0.073407 0.171177 0.042705 0.180788 -0.148487 0.329076 0.119718 0.234302 0.163072 0.146787 -0.160081 -0.080003 -0.129067 0.060685 -0.177232 0.223786 0.234891 -0.224394 -0.190394 -0.295226 -0.276687 0.019810 -0.282364 -0.166076 0.258374 0.048812 0.452342 -0.084150 -0.005562 0.011095 -0.096247 0.135254 -0.153116 -0.030129 -0.242184 -0.180536 0.047255 -0.191676 -0.069108 0.203296 0.119016 0.141509 0.166781
0.380040 1.000000 -0.294010 -0.101380 0.009388 -0.141842 -0.261483 0.056888 -0.121657 -0.052958 0.051907 0.202788 0.080582 0.387029 -0.130184 0.112655 0.151171 0.057055 0.075419 0.287603 -0.093768 -0.134520 -0.447369 -0.505667 -0.332606 -0.408383 -0.071491 -0.167089 -0.200680 -0.027173 -0.321116 -0.415186 0.117753 0.055963 -0.371690 -0.263886 -0.112263 -0.073142 -0.027667 0.055548 0.077737 0.230800 -0.028209 -0.097285 0.001321 -0.050832 -0.005234 -0.077835 0.048225 0.098241 -0.077817 0.055132 0.228333 -0.041763 0.050230 -0.027014 0.282091 0.507188 0.412761 0.434480 0.301442 0.523666 0.146566 0.284460 -0.171219 0.100240 -0.030522 -0.324780 0.324235 0.256083 -0.016962 -0.071938 -0.053494 0.125320 0.042172 0.189998 -0.037608 -0.096098 0.055463 0.098265 0.152436 0.092448 -0.020772 0.025734 -0.132105 -0.050856 -0.031299 -0.197913 -0.020458 0.127815 -0.034536 -0.305109 -0.150678 -0.361086 -0.099594 -0.035769 -0.112932 0.163615 -0.000536 0.126943 0.049821 -0.027718 0.092129 -0.277990 -0.073460 -0.216726 -0.110792 0.009507 0.026501 0.048650 -0.238475 -0.007890 0.034623 0.053532 -0.111248 0.104196
-0.117231 -0.294010 1.000000 0.327088 0.472339 0.272293 0.727717 0.384740 0.397218 0.057334 -0.107850 -0.241458 -0.020913 -0.282740 0.016988 -0.225809 -0.287966 -0.302566 -0.015000 -0.199289 0.039115 0.165889 0.467147 0.412236 0.276038 0.243591 0.224924 0.307871 -0.325216 -0.430265 0.036167 0.122630 -0.104663 -0.093765 0.189561 0.065459 -0.303742 -0.322211 -0.019116 0.054531 -0.141644 -0.007517 -0.181697 -0.176880 -0.086000 -0.068216 -0.102905 -0.113053 0.159218 -0.097992 0.266657 -0.007180 0.046369 0.019982 -0.005956 -0.005270 -0.264686 -0.196103 0.204889 0.059019 0.107463 -0.150722 -0.153224 -0.135976 0.382699 0.169514 0.337810 0.244365 -0.295287 -0.025604 -0.077480 -0.179310 -0.292138 -0.320953 -0.204788 -0.168986 -0.285399 -0.225586 -0.122244 -0.321143 -0.394747 -0.401436 -0.003530 -0.097941 -0.265748 -0.336260 0.052983 -0.159040 0.302733 0.240580 0.034943 0.107827 -0.005111 0.254520 -0.110797 -0.076978 -0.187775 -0.066813 -0.178183 -0.224348 -0.112650 0.217068 -0.129075 0.089489 0.128171 -0.064700 -0.069178 -0.053862 -0.300736 -0.232553 0.005266 -0.296225 -0.088567 -0.117767 -0.048042 -0.140847
-0.324825 -0.101380 0.327088 1.000000 0.299212 0.508560 0.262025 0.545556 0.176615 0.226028 -0.269046 0.198740 -0.192858 -0.240981 0.095772 0.173577 -0.344957 -0.421620 -0.069880 0.194465 0.143588 0.203234 0.421869 0.501849 0.114178 0.295827 0.237476 0.401486 -0.392803 -0.348233 0.107232 0.192771 -0.246482 0.033042 0.047883 0.219403 -0.328856 -0.230471 -0.097233 -0.042635 -0.164285 -0.009278 -0.139497 -0.155194 -0.077256 0.069444 0.034975 -0.063423 0.083565 0.046758 0.212324 0.188179 -0.188912 -0.050731 -0.150958 -0.052086 -0.329973 -0.222346 -0.246552 -0.155732 -0.372561 -0.315423 -0.484490 -0.381818 0.353029 0.366244 -0.205182 0.217272 -0.071278 -0.004555 -0.044459 -0.023474 -0.369811 -0.131337 -0.174731 0.059718 -0.287215 -0.198621 -0.101997 -0.387078 -0.336382 -0.425129 -0.101381 0.259445 -0.084135 0.028684 0.049034 0.073636 0.232398 0.210833 0.273938 -0.063134 0.317256 0.095557 -0.085914 0.013830 -0.029344 -0.138323 -0.053386 -0.318176 0.157086 -0.138659 0.041916 -0.018612 -0.000339 -0.147723 -0.106252 -0.034055 0.007098 -0.118824 0.015742 -0.126109 -0.110371 -0.001860 0.083354 -0.097171
0.036829 0.009388 0.472339 0.299212 1.000000 0.371431 0.470483 0.379502 0.618056 0.313025 0.014896 0.080868 0.082444 -0.036664 0.199608 0.127683 -0.295148 -0.334656 -0.021523 -0.096524 0.236870 0.038397 0.170979 0.108337 0.075086 -0.029167 0.371693 0.123507 -0.348227 -0.337753 -0.187903 -0.202148 -0.258644 -0.181453 0.041249 0.148220 -0.210131 -0.283931 -0.209883 -0.093843 -0.124567 0.070916 -0.011553 -0.123016 0.112506 0.178825 0.043161 -0.134169 0.253980 0.140711 0.184078 0.167019 0.118097 0.060325 -0.219680 -0.102722 -0.203672 -0.087400 0.133077 0.019147 -0.000870 -0.082897 -0.193465 -0.178617 0.278121 0.128804 0.015859 0.054799 -0.002856 0.010099 0.048272 -0.111551 -0.213971 -0.107427 -0.136861 0.011681 -0.152080 -0.141430 -0.139674 -0.314011 -0.184034 -0.297342 0.110690 0.073500 -0.127547 -0.141068 -0.141177 -0.339009 0.227981 0.161859 0.184747 0.195936 0.165676 0.231401 -0.195828 -0.050463 -0.493808 -0.061743 -0.091389 -0.096208 0.066112 -0.020890 -0.144021 -0.046545 0.120626 -0.040992 -0.167391 0.168270 -0.107788 -0.164791 -0.255117 -0.240949 -0.024337 -0.027468 -0.151216 -0.043992
-0.038230 -0.141842 0.272293 0.508560 0.371431 1.000000 0.027418 0.174464 -0.019421 0.393859 -0.306980 -0.004930 -0.398391 -0.449842 -0.057397 -0.017093 -0.525911 -0.534298 -0.330554 -0.236239 0.285514 0.496335 0.413042 0.374085 0.580508 0.577717 0.620378 0.738076 -0.659693 -0.576931 -0.220849 -0.127590 -0.405900 -0.355094 0.222354 0.378438 -0.366377 -0.044129 -0.060049 0.172581 -0.271111 0.041775 0.042904 0.138701 0.057134 0.320507 0.043599 -0.035112 0.233480 0.062093 0.500888 0.368911 -0.103332 -0.011294 -0.037790 0.077804 -0.181143 -0.224029 -0.065449 -0.053954 -0.423293 -0.214592 -0.499094 -0.423370 0.180361 0.423459 0.026302 0.373286 -0.050569 -0.064378 -0.030625 0.039559 -0.532344 -0.119709 -0.288377 0.037867 -0.404792 -0.175608 -0.113655 -0.371591 -0.367635 -0.426173 -0.152787 -0.062589 0.071995 0.056970 0.052778 0.060478 0.393364 0.312287 0.061383 -0.059077 0.211368 0.157933 0.070353 0.041218 -0.006347 0.079086 -0.101312 -0.248903 0.333956 -0.197834 0.090742 0.188536 0.165183 0.020056 -0.206357 0.247613 0.083359 -0.126107 0.236590 -0.303072 -0.208152 0.025449 -0.048763 -0.179190
-0.120150 -0.261483 0.727717 0.262025 0.470483 0.027418 1.000000 0.407251 0.535950 0.083478 0.060639 0.002954 0.142783 -0.088207 0.161483 0.027680 -0.177654 -0.202501 0.264136 0.064268 0.013108 -0.040522 0.289161 0.308085 -0.072952 -0.046639 0.020653 0.013551 -0.016248 -0.167852 0.186302 0.222126 0.013530 0.115872 0.190019 0.018577 -0.197025 -0.310170 -0.091345 -0.064766 -0.088351 -0.081420 -0.110225 -0.248736 -0.007997 -0.087690 -0.032364 -0.125630 -0.020104 -0.089951 -0.001938 -0.191288 -0.084579 0.030779 -0.174203 -0.086590 -0.251013 -0.184944 0.042584 -0.133385 0.074023 -0.232610 -0.150023 -0.153341 0.494697 0.038885 0.130754 0.003113 -0.235579 -0.086451 0.016651 -0.139889 -0.092160 -0.237122 -0.138195 -0.197280 -0.070729 -0.066894 -0.155503 -0.270788 -0.254758 -0.299805 0.144368 0.191823 -0.226996 -0.292291 -0.008399 -0.163245 0.161494 0.050432 0.134378 0.188995 0.046431 0.265917 -0.155669 -0.087719 -0.339643 -0.213609 -0.142696 -0.209746 -0.294566 0.178768 -0.143944 0.038256 0.072839 -0.045645 0.031612 -0.169838 -0.369905 -0.172712 -0.176044 -0.145128 -0.038105 -0.023820 -0.028629 -0.052699
-0.217448 0.056888 0.384740 0.545556 0.379502 0.174464 0.407251 1.000000 0.228060 0.353836 -0.156749 0.178962 0.030232 0.223132 -0.096184 0.212876 -0.076598 -0.188499 -0.199346 0.032252 0.035924 -0.151071 -0.092271 0.078776 -0.155670 0.081559 -0.094186 -0.034706 -0.296936 -0.198114 -0.108580 0.001593 0.035800 0.237934 -0.041334 0.231765 -0.266136 -0.356334 -0.190527 -0.091132 -0.096710 -0.076002 -0.177708 -0.229252 -0.027497 0.174826 -0.026955 0.002798 0.085081 0.079949 -0.204383 -0.024257 -0.068662 -0.127215 -0.242204 -0.198123 -0.196017 -0.304420 0.139832 0.278128 0.061577 0.171752 -0.107081 0.017673 0.130824 0.457283 0.083686 0.285606 -0.193286 0.072357 -0.272273 -0.258617 -0.183383 -0.187844 -0.117821 -0.150016 -0.300925 -0.277351 -0.065600 -0.282790 -0.168071 -0.344857 -0.103209 0.079597 -0.402578 -0.239550 -0.106345 -0.101438 -0.068964 -0.001271 0.321095 -0.063790 0.366339 0.058960 -0.187622 -0.039518 -0.275368 -0.154105 -0.095682 -0.172178 -0.050218 0.076302 -0.006932 -0.277802 -0.104037 -0.111742 0.066292 -0.000331 -0.108246 -0.200586 -0.183685 -0.044720 0.023945 -0.085746 -0.081749 -0.052426
-0.030486 -0.121657 0.397218 0.176615 0.618056 -0.019421 0.535950 0.228060 1.000000 0.277165 0.316958 0.161183 0.437951 -0.036645 0.520945 0.247162 -0.107305 -0.220201 0.074840 -0.001287 -0.135667 -0.169025 0.218281 0.151625 -0.131135 -0.199924 0.014429 -0.078690 -0.036158 -0.197938 -0.161195 -0.068602 -0.119671 -0.092210 0.108260 -0.033428 0.010458 -0.210296 -0.049653 -0.144071 -0.078468 -0.156825 -0.103205 -0.203569 -0.079918 -0.170757 -0.019135 -0.084185 0.148196 -0.076781 0.103513 -0.048804 0.010801 0.046820 -0.074718 -0.096340 -0.270659 -0.136160 -0.014772 -0.189947 0.052204 -0.231598 -0.211476 -0.228326 0.539798 0.018771 -0.004813 -0.080403 -0.014190 0.097949 -0.051171 -0.132472 -0.076969 -0.188054 -0.032993 -0.104544 -0.015064 -0.069974 -0.123892 -0.142514 -0.179353 -0.202291 0.135835 0.063773 -0.040525 -0.109865 -0.037557 -0.133627 0.191970 0.010405 0.184205 0.366252 0.295886 0.408298 -0.007492 -0.048739 -0.183003 -0.102423 -0.047017 -0.008485 -0.002910 0.120597 -0.128286 -0.020654 0.050107 -0.016011 0.038120 -0.066048 -0.099542 -0.071755 -0.111465 -0.049373 0.096662 0.132970 -0.070736 -0.007739
-0.150335 -0.052958 0.057334 0.226028 0.313025 0.393859 0.083478 0.353836 0.277165 1.000000 0.009087 0.261431 0.119157 0.209186 0.131969 0.500714 -0.008288 -0.047875 -0.265029 -0.056483 0.097804 -0.044668 -0.005821 0.069968 0.075727 0.077601 0.002031 -0.024199 -0.176454 -0.158571 -0.174499 -0.158382 -0.266254 -0.116441 0.148055 0.282366 -0.119175 -0.092743 -0.227840 -0.131571 -0.150641 -0.273080 -0.091138 -0.125300 0.039434 0.233434 -0.023953 -0.055322 0.103427 0.005475 -0.000018 0.147863 -0.184048 -0.099330 -0.218086 -0.171036 -0.165761 -0.331333 -0.131002 0.048287 -0.126970 0.008810 -0.208420 -0.131410 0.150006 0.404097 -0.053746 0.228171 -0.091418 0.126518 -0.189719 -0.013961 -0.122821 -0.088994 -0.049865 -0.087376 -0.265729 -0.107098 -0.002485 -0.089114 -0.062721 -0.177692 -0.221561 -0.154135 -0.047533 -0.057683 -0.098271 -0.071170 -0.055159 -0.074058 0.216420 0.052346 0.361089 0.155990 -0.078243 0.028365 -0.113883 -0.138294 -0.064605 -0.105634 0.106974 -0.047958 -0.026620 -0.167394 -0.110103 0.152286 0.075446 0.212868 -0.017071 -0.238007 -0.068004 0.024573 -0.011953 0.082872 -0.070551 -0.053658
0.178059 0.051907 -0.107850 -0.269046 0.014896 -0.306980 0.060639 -0.156749 0.316958 0.009087 1.000000 0.500295 0.757228 0.376727 0.568720 0.259816 0.276367 0.087078 0.085476 -0.063140 -0.339324 -0.182872 -0.095432 -0.151599 -0.222730 -0.305257 -0.229610 -0.238924 0.450596 0.048808 0.005019 -0.023490 0.050028 0.083087 0.041612 -0.043022 0.247260 -0.059571 0.039137 -0.253241 0.069829 -0.135408 -0.256668 -0.303666 -0.149634 -0.176855 -0.318953 -0.325859 0.042237 -0.185293 -0.172230 -0.230599 -0.054162 -0.140705 0.225883 -0.210892 -0.064303 -0.145504 0.017773 -0.175954 0.296494 0.097695 0.170237 -0.010381 0.305454 0.032037 -0.118425 -0.118632 -0.178350 -0.267584 0.068187 0.098895 0.195708 -0.141417 -0.055761 -0.144072 0.322017 0.103963 -0.095935 0.044412 0.051943 0.066016 0.303930 0.213695 0.089521 0.126563 -0.045786 0.069723 -0.160830 -0.104762 -0.097893 0.149639 0.120076 0.077066 0.133755 0.015054 0.022318 -0.141323 -0.121172 0.024694 -0.030443 0.000526 0.131898 -0.028487 0.044164 -0.123305 -0.018761 -0.165727 0.123564 -0.024125 -0.199561 -0.056754 -0.075327 0.163445 -0.018577 -0.095503
-0.106844 0.202788 -0.241458 0.198740 0.080868 -0.004930 0.002954 0.178962 0.161183 0.261431 0.500295 1.000000 0.347153 0.412468 0.265039 0.547667 0.112213 0.011417 -0.048954 0.160185 -0.112166 -0.082999 -0.215509 -0.103688 -0.283463 -0.174395 -0.208826 -0.179942 0.161581 0.099171 0.056041 0.055777 0.007933 0.239857 0.047084 0.146725 0.155169 -0.026844 -0.135271 -0.218247 0.055956 -0.166437 -0.189447 -0.234402 0.029844 0.108614 -0.137580 -0.255951 -0.022247 -0.005348 -0.195079 -0.050315 -0.307137 -0.281209 -0.157367 -0.234093 -0.092812 -0.246145 -0.194679 -0.249807 -0.110517 -0.078507 -0.194740 -0.262839 0.198462 0.388619 -0.218972 0.022837 0.020469 -0.093773 0.059117 0.157194 0.072509 0.018574 -0.043932 0.049459 0.071681 0.052508 -0.085867 -0.124200 -0.031915 -0.182211 0.047632 0.426047 0.040646 0.307243 -0.193604 0.087265 -0.270753 -0.212204 0.034951 -0.100037 0.259872 0.003222 0.094787 0.109014 -0.062626 -0.167947 -0.227195 -0.210752 0.158842 -0.144734 0.099616 -0.146470 -0.126475 -0.108240 -0.011255 -0.007870 0.164290 -0.037272 -0.218335 -0.074716 -0.096988 0.124578 -0.049031 -0.111488
0.184322 0.080582 -0.020913 -0.192858 0.082444 -0.398391 0.142783 0.030232 0.437951 0.119157 0.757228 0.347153 1.000000 0.537650 0.593586 0.370562 0.342008 0.122102 0.087606 0.039077 -0.299704 -0.262583 -0.136279 -0.240135 -0.399961 -0.377216 -0.307549 -0.356260 0.369078 0.119903 -0.054859 -0.047627 0.076356 0.165627 0.002217 -0.096364 0.235080 -0.048686 0.115770 -0.162273 0.044173 -0.036039 -0.244803 -0.334154 -0.157382 -0.219943 -0.219227 -0.266799 0.022368 -0.206060 -0.248175 -0.308316 0.075668 -0.166593 0.176825 -0.262899 -0.094792 -0.098401 0.100725 -0.149395 0.459682 0.143048 0.174981 0.049002 0.316754 -0.031776 -0.092223 -0.233744 -0.153077 -0.120748 -0.027015 -0.012367 0.243484 -0.042456 0.042198 -0.135051 0.273600 0.033867 -0.039389 0.065252 0.123128 0.075769 0.301110 0.132822 -0.099938 -0.041924 -0.113657 -0.101490 -0.121162 -0.073370 -0.064097 0.175620 0.179331 0.057404 0.066048 -0.016599 -0.047939 -0.092254 -0.122394 0.021440 -0.145140 0.123948 -0.018012 -0.110901 0.065672 -0.064975 0.090312 -0.239908 0.069568 0.048945 -0.256598 -0.067895 0.074018 0.139235 -0.002360 -0.023587
0.074590 0.387029 -0.282740 -0.240981 -0.036664 -0.449842 -0.088207 0.223132 -0.036645 0.209186 0.376727 0.412468 0.537650 1.000000 0.054695 0.535855 0.449926 0.430312 0.023068 0.120701 -0.134370 -0.321313 -0.494534 -0.437732 -0.508159 -0.454845 -0.422778 -0.553639 0.338526 0.412292 0.006843 -0.082756 0.216885 0.389598 -0.223707 -0.080129 0.236506 0.052107 -0.100326 -0.152111 0.110074 0.015828 -0.204261 -0.295233 -0.103869 -0.024611 -0.220833 -0.233451 -0.164480 -0.097199 -0.571814 -0.274193 0.099429 -0.170605 -0.056624 -0.321607 0.036489 -0.040517 0.156534 0.241514 0.469019 0.527001 0.395157 0.402373 -0.200866 0.041905 -0.090900 -0.238560 -0.122931 -0.077120 0.006691 0.075272 0.381347 0.160790 0.169085 0.085307 0.279813 0.137509 0.057362 0.203095 0.304050 0.189969 0.140346 0.165778 -0.198957 -0.142982 -0.133070 -0.136852 -0.335820 -0.122244 0.003045 -0.055926 0.089116 -0.198288 -0.124533 0.011168 -0.283897 -0.124785 -0.109782 0.106894 -0.188020 0.048328 -0.049665 -0.327733 -0.149630 0.010572 0.161861 -0.101428 0.016240 -0.026104 -0.436246 0.047049 0.110915 0.051953 -0.036644 0.063368
-0.011499 -0.130184 0.016988 0.095772 0.199608 -0.057397 0.161483 -0.096184 0.520945 0.131969 0.568720 0.265039 0.593586 0.054695 1.000000 0.353473 -0.086736 -0.293067 0.101833 -0.001545 -0.150150 -0.070135 0.367446 0.269902 -0.069793 -0.138461 0.039901 0.056105 0.192434 -0.201425 -0.076598 0.028658 -0.222707 -0.137233 0.086096 -0.025577 0.205476 -0.188522 0.110838 -0.234071 -0.039763 -0.230206 -0.053881 -0.165582 -0.140908 -0.224644 -0.068778 -0.194311 0.157860 -0.093227 0.183159 0.001814 -0.027283 -0.084894 0.108413 -0.156036 -0.308103 -0.206653 -0.091155 -0.245079 -0.099172 -0.285073 -0.335999 -0.426228 0.535447 -0.018547 -0.162340 -0.080170 -0.049825 0.015020 -0.046973 -0.008018 -0.114333 -0.256930 -0.135879 -0.142203 0.015404 -0.140909 -0.162929 -0.154342 -0.149567 -0.096831 0.384142 0.228017 0.304163 0.183805 0.083399 0.078862 0.158400 -0.003386 0.090394 0.347945 0.243277 0.375981 0.074614 0.058311 0.048369 -0.234334 -0.034569 -0.091778 0.031211 -0.019921 -0.119098 0.058871 0.024732 -0.048484 0.001849 -0.011847 0.144643 -0.112514 -0.169520 -0.116647 -0.159025 0.153212 0.010120 0.000575
-0.102709 0.112655 -0.225809 0.173577 0.127683 -0.017093 0.027680 0.212876 0.247162 0.500714 0.259816 0.547667 0.370562 0.535855 0.353473 1.000000 0.080729 0.026027 0.153994 0.215327 0.074407 -0.162244 -0.123562 0.009038 -0.324534 -0.258617 -0.171399 -0.214289 0.241093 0.234992 -0.015575 -0.008083 0.061444 0.141235 0.039527 0.037232 0.282091 0.019439 -0.056943 -0.104369 -0.083251 -0.198180 -0.242002 -0.318088 -0.189332 -0.130743 -0.140401 -0.285629 -0.253011 -0.228337 -0.369763 -0.200435 -0.103815 -0.205626 -0.256506 -0.432985 -0.124496 -0.164561 -0.140684 -0.083275 0.009123 0.024886 -0.083793 -0.156728 0.101044 0.150051 -0.125755 -0.166832 0.093991 0.073841 -0.032894 0.091193 0.155360 0.134580 0.068772 0.081493 0.079904 0.120903 -0.033225 0.037706 0.090574 -0.089847 0.184240 0.399018 0.104724 0.120570 -0.145886 0.049923 -0.014983 0.022799 0.169930 0.093771 0.328714 0.132467 0.050102 0.031949 -0.294405 -0.159004 -0.185772 0.030291 -0.068137 0.052412 -0.183553 -0.245267 -0.171939 0.182991 0.258084 -0.020568 0.002388 -0.087944 -0.319936 0.083793 0.128637 0.161976 -0.054918 0.116188
0.277169 0.151171 -0.287966 -0.344957 -0.295148 -0.525911 -0.177654 -0.076598 -0.107305 -0.008288 0.276367 0.112213 0.342008 0.449926 -0.086736 0.080729 1.000000 0.704692 0.186386 0.292307 -0.243230 -0.319206 -0.467264 -0.513212 -0.273104 -0.272063 -0.461073 -0.487750 0.544070 0.565629 0.219441 0.123273 0.351473 0.401630 -0.252824 -0.323813 0.291709 0.017318 0.006047 -0.155806 0.272862 0.015958 -0.246910 -0.263233 -0.158027 -0.266794 -0.254684 -0.170885 -0.301166 -0.167574 -0.451442 -0.338635 -0.026021 -0.083068 -0.000498 -0.184438 0.485392 0.218556 0.030537 -0.069028 0.463395 0.321807 0.609990 0.484796 -0.211326 -0.158550 -0.129543 -0.374116 0.067981 -0.078617 0.161531 0.123253 0.663808 0.270952 0.516863 0.104597 0.398022 0.158876 0.552031 0.546634 0.559055 0.480049 -0.081881 -0.119065 -0.227322 -0.156887 -0.078232 -0.130962 -0.449953 -0.342550 -0.264515 -0.216060 -0.199132 -0.352362 -0.186954 -0.094584 -0.041339 -0.092332 -0.158924 0.139701 -0.173126 -0.053810 0.085079 -0.200908 -0.131977 -0.196060 -0.004258 -0.297558 0.004769 0.061441 -0.218385 0.085426 0.058203 -0.034575 0.195287 0.055286
0.137669 0.057055 -0.302566 -0.421620 -0.334656 -0.534298 -0.202501 -0.188499 -0.220201 -0.047875 0.087078 0.011417 0.122102 0.430312 -0.293067 0.026027 0.704692 1.000000 0.118997 0.201070 -0.128718 -0.236484 -0.375629 -0.370685 -0.259993 -0.237148 -0.407146 -0.482133 0.507399 0.686798 0.304146 0.148003 0.252398 0.297711 -0.177622 -0.313798 0.196464 0.235398 -0.054259 -0.109659 0.205214 -0.003169 -0.138373 -0.116013 -0.093231 -0.224432 -0.143533 -0.036678 -0.294561 -0.119792 -0.468817 -0.251616 -0.009479 0.006564 -0.020764 -0.169726 0.382807 0.209297 -0.118410 -0.083864 0.352231 0.330265 0.606093 0.590948 -0.427040 -0.315531 -0.208062 -0.391276 0.002113 -0.102493 0.168762 0.207810 0.623704 0.388503 0.459115 0.241154 0.383052 0.310107 0.301246 0.560221 0.450605 0.513907 -0.083126 -0.153186 -0.217643 -0.191615 0.019185 -0.030503 -0.432677 -0.348973 -0.193224 -0.155326 -0.187887 -0.326796 -0.127526 -0.056174 -0.024996 -0.059324 -0.023447 0.197691 -0.164331 0.019986 0.042200 -0.078711 -0.076951 0.094638 0.129490 -0.077722 -0.072667 0.095056 -0.163094 0.198261 0.109066 -0.035429 0.176266 0.100080
0.140914 0.075419 -0.015000 -0.069880 -0.021523 -0.330554 0.264136 -0.199346 0.074840 -0.265029 0.085476 -0.048954 0.087606 0.023068 0.101833 0.153994 0.186386 0.118997 1.000000 0.556596 -0.013201 -0.337504 -0.052572 -0.091785 -0.341160 -0.396837 -0.251349 -0.271920 0.444631 0.294628 0.329436 0.208786 0.280075 0.176093 -0.249958 -0.424528 0.081350 -0.124950 -0.143731 -0.225744 0.088840 0.102063 -0.027761 -0.154812 -0.020489 -0.303519 -0.009524 -0.134256 -0.284759 -0.047129 -0.299620 -0.284368 0.000516 -0.003282 -0.144427 -0.070987 0.127771 0.313132 0.021141 -0.117986 0.090320 -0.130708 0.248624 0.051317 0.014043 -0.420024 -0.042100 -0.425395 0.301791 0.059301 0.386427 0.098683 0.353780 0.221759 0.273727 0.196063 0.356905 0.203944 0.170684 0.139153 0.156905 0.153388 0.236749 0.327811 0.058298 -0.098698 -0.049252 -0.219270 -0.116208 -0.137283 -0.153980 0.043571 -0.192058 -0.079528 -0.217776 -0.049138 -0.224078 -0.149507 -0.042544 0.033517 -0.104445 -0.032873 -0.036794 0.023162 -0.066713 -0.181969 -0.147822 -0.235169 -0.132345 0.070205 -0.292876 0.008620 0.038082 -0.126494 -0.010017 0.125813
0.084134 0.287603 -0.199289 0.194465 -0.096524 -0.236239 0.064268 0.032252 -0.001287 -0.056483 -0.063140 0.160185 0.039077 0.120701 -0.001545 0.215327 0.292307 0.201070 0.556596 1.000000 -0.103238 -0.337721 -0.233132 -0.200381 -0.359576 -0.328818 -0.312374 -0.301111 0.177600 0.320512 0.240532 0.066866 0.172966 0.259648 -0.356170 -0.309256 -0.123449 -0.187400 -0.213353 -0.136524 0.229698 0.135176 0.032277 -0.204538 0.105128 -0.153096 0.160011 0.020152 -0.180632 0.156315 -0.301006 -0.022514 -0.059051 0.141341 -0.138262 0.042496 0.235082 0.310441 -0.104625 -0.169820 -0.025269 -0.148147 0.073555 0.006686 -0.058381 -0.308690 -0.365357 -0.449374 0.372806 0.308513 0.138218 0.022384 0.254254 0.203866 0.198708 0.123279 0.058078 -0.033528 0.155532 0.134292 0.274842 0.170521 -0.010176 0.304052 -0.189059 0.034929 -0.286178 -0.209289 -0.287206 -0.277294 0.071602 -0.152947 -0.089614 -0.228368 -0.246804 0.057866 -0.086561 -0.003894 0.102517 0.053605 -0.007693 -0.108877 0.025127 -0.229883 -0.192016 -0.141162 -0.173723 -0.092418 0.006296 -0.003736 -0.288165 0.146203 0.021952 -0.144640 0.100362 0.092086
-0.143960 -0.093768 0.039115 0.143588 0.236870 0.285514 0.013108 0.035924 -0.135667 0.097804 -0.339324 -0.112166 -0.299704 -0.134370 -0.150150 0.074407 -0.243230 -0.128718 -0.013201 -0.103238 1.000000 0.240905 0.026265 0.099395 0.203898 0.095198 0.419899 0.182736 -0.162755 0.081087 0.185748 0.046120 -0.087166 -0.121293 -0.018516 0.056497 -0.009097 0.164955 0.120910 0.173062 -0.145799 0.236628 0.116988 0.038541 -0.053733 0.047222 0.082212 -0.093081 -0.178331 -0.091104 0.012548 -0.064354 0.017295 -0.039501 -0.314588 -0.165567 0.002508 0.073196 -0.042383 0.058817 -0.146736 -0.116993 -0.031304 -0.102478 -0.138984 -0.025702 0.094262 0.032052 0.139356 0.057322 0.293746 0.191912 -0.012916 0.352132 0.160361 0.358674 0.001870 0.208223 -0.079387 -0.012950 -0.022589 -0.082882 0.096225 0.155589 0.114354 0.038641 0.062329 0.066727 0.200024 0.204792 -0.055285 -0.138915 0.017509 -0.066703 -0.082749 0.124538 -0.366644 0.003779 -0.197818 -0.128612 -0.028991 0.073736 -0.267711 0.068502 -0.085831 0.140526 0.097294 0.133321 -0.025549 0.185253 -0.079225 -0.133596 -0.015387 -0.025146 -0.092449 0.128179
0.062469 -0.134520 0.165889 0.203234 0.038397 0.496335 -0.040522 -0.151071 -0.169025 -0.044668 -0.182872 -0.082999 -0.262583 -0.321313 -0.070135 -0.162244 -0.319206 -0.236484 -0.337504 -0.337721 0.240905 1.000000 0.317027 0.204846 0.487568 0.450899 0.613090 0.601681 -0.307637 -0.259907 0.044446 0.089680 -0.094621 -0.203601 0.156382 0.051576 -0.164600 0.275617 0.184981 0.423753 -0.070815 0.201319 -0.034894 0.093944 -0.110320 0.009049 -0.076452 -0.254478 -0.017672 -0.198202 0.438096 0.091324 -0.065679 -0.050032 0.037491 0.025933 0.035144 0.094425 -0.032807 -0.190260 -0.240139 -0.212875 -0.233275 -0.287578 0.019496 -0.007666 0.121112 0.016003 0.021248 -0.218983 0.122367 0.246258 -0.212664 0.085115 -0.161304 0.230135 -0.041778 0.066032 0.042523 -0.056193 -0.035217 -0.015909 0.101733 0.018545 0.164248 0.201410 0.178745 0.212303 0.438679 0.367740 -0.255238 -0.271449 -0.172927 -0.083522 0.401291 0.060572 0.061636 0.253332 -0.253980 -0.076818 0.255683 -0.020364 0.003366 0.261521 0.096041 -0.011743 -0.090979 0.081892 -0.105074 0.021205 0.193232 -0.227362 -0.102433 0.153122 -0.048612 -0.203137
-0.169665 -0.447369 0.467147 0.421869 0.170979 0.413042 0.289161 -0.092271 0.218281 -0.005821 -0.095432 -0.215509 -0.136279 -0.494534 0.367446 -0.123562 -0.467264 -0.375629 -0.052572 -0.233132 0.026265 0.317027 1.000000 0.809763 0.495970 0.408507 0.459664 0.646790 -0.247913 -0.466063 0.097265 0.181848 -0.422265 -0.378869 0.350621 0.132128 -0.167357 -0.074127 0.143772 0.060072 -0.170367 -0.120023 -0.037130 0.009857 -0.178162 -0.194663 -0.099028 -0.071775 0.123588 -0.121832 0.562016 0.196466 -0.053260 0.081134 0.089066 0.039452 -0.385337 -0.223691 -0.297836 -0.245323 -0.351644 -0.439247 -0.479602 -0.415010 0.483875 0.041481 -0.116633 0.148146 -0.255343 -0.100530 -0.056691 -0.080414 -0.391063 -0.318008 -0.200835 -0.088096 -0.261356 -0.204369 -0.249458 -0.318649 -0.457071 -0.281908 0.100510 -0.056707 0.321712 -0.033327 0.302453 0.147471 0.578836 0.320192 0.124269 0.352806 0.178021 0.388599 0.097922 -0.037265 0.141976 -0.037454 -0.009129 -0.162553 0.057313 0.052484 -0.061490 0.359207 0.195416 0.094535 0.010285 -0.019881 -0.021518 -0.200288 0.262145 -0.105875 -0.094125 0.011716 0.215695 0.009405
-0.325655 -0.505667 0.412236 0.501849 0.108337 0.374085 0.308085 0.078776 0.151625 0.069968 -0.151599 -0.103688 -0.240135 -0.437732 0.269902 0.009038 -0.513212 -0.370685 -0.091785 -0.200381 0.099395 0.204846 0.809763 1.000000 0.380445 0.435685 0.338978 0.525875 -0.211126 -0.441332 0.119630 0.296720 -0.456101 -0.383799 0.399400 0.198892 -0.187580 -0.220714 0.018336 -0.037752 -0.215855 -0.324151 0.002981 0.050275 -0.098362 -0.100638 0.029032 0.041245 0.111458 -0.028824 0.405540 0.229369 -0.061899 0.153145 -0.033215 0.018951 -0.427804 -0.383654 -0.236761 -0.164047 -0.370256 -0.412159 -0.492971 -0.391593 0.409639 0.152850 -0.081938 0.235596 -0.384740 -0.116947 -0.216536 -0.112705 -0.517623 -0.422527 -0.369215 -0.275553 -0.414765 -0.246050 -0.308620 -0.418772 -0.534905 -0.438770 0.088581 0.119469 0.296032 0.010595 0.280753 0.257192 0.441429 0.250681 0.315670 0.358294 0.288219 0.473744 0.063054 -0.033850 0.087823 -0.216466 0.079900 -0.225629 -0.035769 0.054092 -0.129246 0.279423 0.122616 0.208314 0.119763 0.077554 -0.065950 -0.212292 0.143591 -0.120283 -0.161277 0.002704 0.115828 -0.028297
-0.101713 -0.332606 0.276038 0.114178 0.075086 0.580508 -0.072952 -0.155670 -0.131135 0.075727 -0.222730 -0.283463 -0.399961 -0.508159 -0.069793 -0.324534 -0.273104 -0.259993 -0.341160 -0.359576 0.203898 0.487568 0.495970 0.380445 1.000000 0.722674 0.583822 0.652108 -0.401711 -0.374588 -0.011107 0.032475 -0.357735 -0.413069 0.219047 0.221375 -0.264696 -0.020735 0.008781 0.117625 -0.162298 -0.060273 0.015523 0.191692 -0.051175 0.061327 -0.125734 -0.077806 0.068510 -0.063306 0.564474 0.255546 -0.071203 0.054228 0.019894 0.071766 -0.064703 -0.075007 -0.120146 -0.061838 -0.268327 -0.265136 -0.203507 -0.234670 0.104146 0.083560 0.101445 0.282423 -0.083954 -0.013157 0.024048 0.144638 -0.363177 -0.114595 -0.162236 0.061291 -0.369014 -0.142813 -0.092231 -0.141773 -0.221062 -0.155662 -0.191182 -0.258669 0.230311 0.035098 0.137790 0.111859 0.318326 0.122149 -0.079127 0.069396 0.027989 0.184549 0.022443 0.088048 0.133748 0.075315 -0.170450 -0.225405 0.266631 -0.067589 0.020545 0.301947 0.125982 0.098470 -0.191618 0.203816 0.115410 -0.167154 0.354496 -0.318074 -0.225690 -0.102757 0.058889 -0.133897
-0.215595 -0.408383 0.243591 0.295827 -0.029167 0.577717 -0.046639 0.081559 -0.199924 0.077601 -0.305257 -0.174395 -0.377216 -0.454845 -0.138461 -0.258617 -0.272063 -0.237148 -0.396837 -0.328818 0.095198 0.450899 0.408507 0.435685 0.722674 1.000000 0.390200 0.555571 -0.384468 -0.356052 0.151188 0.394973 -0.270853 -0.159228 0.188667 0.313038 -0.344176 -0.076133 -0.044843 -0.003900 -0.169441 -0.120238 -0.044457 0.151182 0.037987 0.192689 -0.046915 0.012701 0.103251 0.072092 0.373261 0.264278 -0.103762 0.005896 0.020033 0.092381 -0.140473 -0.264149 -0.079985 -0.119411 -0.281204 -0.241555 -0.258920 -0.250438 0.073723 0.273251 0.052930 0.346511 -0.201822 -0.138359 -0.080333 0.156276 -0.438393 -0.164431 -0.299054 -0.037593 -0.398479 -0.097246 -0.064540 -0.209196 -0.331733 -0.305568 -0.211454 -0.126147 -0.010717 -0.097903 0.123803 0.147095 0.110208 -0.007185 0.040309 0.026844 0.055031 0.143847 -0.000232 0.057311 0.196318 -0.086871 -0.140276 -0.358941 0.310174 -0.173041 0.155882 0.329287 0.211862 0.002608 -0.206016 0.118650 0.067079 -0.132662 0.341485 -0.312037 -0.335645 -0.129851 0.058348 -0.259121
0.178027 -0.071491 0.224924 0.237476 0.371693 0.620378 0.020653 -0.094186 0.014429 0.002031 -0.229610 -0.208826 -0.307549 -0.422778 0.039901 -0.171399 -0.461073 -0.407146 -0.251349 -0.312374 0.419899 0.613090 0.459664 0.338978 0.583822 0.390200 1.000000 0.762505 -0.493880 -0.432232 -0.157965 -0.170288 -0.317197 -0.525027 0.179549 -0.008297 -0.252105 0.016260 0.073676 0.293806 -0.241370 0.163610 0.208487 0.277589 -0.042988 0.005526 0.085768 -0.062791 0.137802 -0.023357 0.616249 0.279491 0.073138 0.100496 -0.103007 0.076524 -0.059525 0.119983 0.071703 -0.023022 -0.210819 -0.127598 -0.312359 -0.297134 0.134117 0.028384 0.052151 -0.004586 0.003514 -0.072462 0.088771 0.048046 -0.408415 -0.018339 -0.209566 0.094365 -0.233278 -0.154493 -0.072970 -0.176346 -0.189354 -0.164167 0.139726 0.003808 0.267353 0.151089 0.261615 0.091829 0.606363 0.437103 -0.072455 -0.020140 0.043217 0.128195 0.124408 -0.087971 -0.158438 0.176586 -0.134927 -0.081353 0.170580 -0.054834 -0.061522 0.252315 0.210811 0.029248 -0.085802 0.147918 -0.041875 -0.020461 0.029576 -0.358677 -0.049797 0.070627 -0.036871 -0.073176
0.060731 -0.167089 0.307871 0.401486 0.123507 0.738076 0.013551 -0.034706 -0.078690 -0.024199 -0.238924 -0.179942 -0.356260 -0.553639 0.056105 -0.214289 -0.487750 -0.482133 -0.271920 -0.301111 0.182736 0.601681 0.646790 0.525875 0.652108 0.555571 0.762505 1.000000 -0.512100 -0.549417 -0.164257 -0.052337 -0.296348 -0.448271 0.314513 0.117671 -0.231820 0.039987 0.246763 0.320681 -0.218022 0.062065 0.061483 0.207417 -0.135779 -0.044595 -0.019798 -0.026250 0.134700 -0.114219 0.660174 0.268588 -0.010601 0.007092 0.122515 0.101882 -0.136443 -0.060843 -0.057435 -0.062735 -0.331726 -0.227962 -0.424944 -0.344605 0.204688 0.201576 0.039243 0.200114 -0.100578 -0.126588 -0.115919 -0.099241 -0.510167 -0.217131 -0.230569 -0.001877 -0.335041 -0.241846 -0.068794 -0.250782 -0.379623 -0.333282 0.016998 -0.033544 0.200143 0.075734 0.295217 0.172297 0.607999 0.411221 -0.068227 -0.056842 0.111965 0.174895 0.198893 0.040324 0.144578 0.171380 -0.107165 -0.167958 0.259827 -0.095203 0.055884 0.297706 0.229176 0.016382 -0.109038 0.095034 0.115894 0.023552 0.301787 -0.279339 -0.130112 0.079117 0.076900 -0.104947
-0.049088 -0.200680 -0.325216 -0.392803 -0.348227 -0.659693 -0.016248 -0.296936 -0.036158 -0.176454 0.450596 0.161581 0.369078 0.338526 0.192434 0.241093 0.544070 0.507399 0.444631 0.177600 -0.162755 -0.307637 -0.247913 -0.211126 -0.401711 -0.384468 -0.493880 -0.512100 1.000000 0.712612 0.422750 0.345734 0.381211 0.387107 -0.096860 -0.290294 0.556344 0.143637 0.052755 -0.274950 0.200150 -0.159765 -0.084635 -0.159390 -0.135028 -0.324519 -0.120343 -0.110132 -0.423909 -0.221198 -0.609882 -0.465560 -0.184590 -0.108010 -0.096797 -0.297807 0.157422 0.045330 -0.247368 -0.250554 0.155030 -0.051051 0.453994 0.172608 -0.200658 -0.485522 -0.121873 -0.284883 0.044409 -0.163804 0.198917 0.115208 0.746753 0.220741 0.395698 0.060661 0.605955 0.359325 0.235736 0.476847 0.435695 0.424973 0.287507 0.288485 0.118964 0.109942 -0.030468 0.066761 -0.399999 -0.383278 -0.143082 0.059794 -0.117066 -0.073858 0.059863 -0.042851 -0.049056 -0.237236 -0.051616 0.144251 -0.269104 0.044842 -0.044811 -0.074895 -0.136104 0.000924 0.212660 -0.273194 -0.046841 0.063307 -0.259424 0.257703 0.131715 0.047372 0.069653 0.137469
-0.043705 -0.027173 -0.430265 -0.348233 -0.337753 -0.576931 -0.167852 -0.198114 -0.197938 -0.158571 0.048808 0.099171 0.119903 0.412292 -0.201425 0.234992 0.565629 0.686798 0.294628 0.320512 0.081087 -0.259907 -0.466063 -0.441332 -0.374588 -0.356052 -0.432232 -0.549417 0.712612 1.000000 0.380240 0.176961 0.455030 0.488467 -0.196704 -0.273322 0.511250 0.383849 0.045065 -0.098280 0.114845 0.056399 -0.040521 -0.096173 -0.109841 -0.240213 -0.038586 -0.018041 -0.520451 -0.187710 -0.679066 -0.433373 -0.124438 -0.050081 -0.233499 -0.320561 0.306419 0.217349 -0.241336 -0.156250 0.152872 0.051260 0.493452 0.334020 -0.485777 -0.520054 -0.141161 -0.346341 0.192278 -0.006083 0.261947 0.229864 0.813798 0.600855 0.567373 0.355825 0.579096 0.519910 0.240815 0.598290 0.502728 0.474908 0.032162 0.200263 -0.119014 0.036858 -0.131518 -0.004654 -0.400129 -0.328331 -0.131855 -0.133939 -0.134528 -0.278863 -0.047336 -0.036773 -0.209219 -0.077177 -0.088627 0.216161 -0.278355 0.122605 -0.148218 -0.172976 -0.187484 0.171120 0.319143 -0.183483 -0.113158 0.195300 -0.215142 0.325105 0.280070 0.019907 0.078318 0.218579
-0.316759 -0.321116 0.036167 0.107232 -0.187903 -0.220849 0.186302 -0.108580 -0.161195 -0.174499 0.005019 0.056041 -0.054859 0.006843 -0.076598 -0.015575 0.219441 0.304146 0.329436 0.240532 0.185748 0.044446 0.097265 0.119630 -0.011107 0.151188 -0.157965 -0.164257 0.422750 0.380240 1.000000 0.771581 0.216942 0.415433 -0.192046 -0.171148 -0.043565 0.020474 -0.102738 -0.201749 0.117941 -0.021988 -0.182324 -0.243185 -0.030560 -0.106342 -0.195247 -0.256494 -0.258815 -0.062612 -0.308694 -0.267284 -0.189368 -0.124839 -0.138393 -0.104605 -0.005657 -0.030872 -0.246733 -0.299441 -0.065716 -0.292436 0.195740 -0.023603 -0.026355 -0.243707 -0.147337 -0.118299 -0.032170 -0.158706 0.418141 0.373555 0.336337 0.211991 0.144509 0.187410 0.264864 0.344294 0.072532 0.061621 0.125369 0.129329 0.036374 0.316187 -0.109207 -0.102227 0.026979 0.061612 -0.315898 -0.249225 -0.097693 -0.039759 -0.169851 -0.184646 -0.140375 0.044491 -0.085574 -0.258831 -0.139925 -0.240353 -0.011426 -0.085494 0.019326 0.159127 -0.030996 -0.097682 -0.118628 -0.198104 -0.089714 -0.063520 -0.152982 -0.034509 -0.229316 -0.107132 0.067209 -0.063812
-0.339400 -0.415186 0.122630 0.192771 -0.202148 -0.127590 0.222126 0.001593 -0.068602 -0.158382 -0.023490 0.055777 -0.047627 -0.082756 0.028658 -0.008083 0.123273 0.148003 0.208786 0.066866 0.046120 0.089680 0.181848 0.296720 0.032475 0.394973 -0.170288 -0.052337 0.345734 0.176961 0.771581 1.000000 0.112696 0.412708 -0.012052 -0.023484 -0.037956 -0.100034 -0.031620 -0.238551 0.089401 -0.141761 -0.229642 -0.233566 -0.068638 -0.092162 -0.182114 -0.220117 -0.238382 -0.080883 -0.197470 -0.248320 -0.234411 -0.207599 -0.140150 -0.147584 -0.061752 -0.139164 -0.182289 -0.309486 -0.119380 -0.320485 0.061579 -0.105399 0.106657 -0.036110 -0.031887 -0.007101 -0.135363 -0.220099 0.183456 0.264842 0.093287 0.025384 0.000963 0.068812 0.127166 0.241739 0.092089 0.023278 -0.053506 0.011907 0.086309 0.366068 -0.043980 -0.104803 0.165460 0.168358 -0.253146 -0.258885 -0.076534 -0.020094 -0.118089 -0.040193 -0.067733 0.003719 0.029731 -0.366540 -0.214301 -0.351394 0.006460 -0.157448 0.015111 0.138850 -0.036232 -0.182338 -0.093865 -0.262099 -0.062860 -0.089787 -0.073105 -0.157445 -0.303287 -0.034011 0.067300 -0.163791
0.221099 0.117753 -0.104663 -0.246482 -0.258644 -0.405900 0.013530 0.035800 -0.119671 -0.266254 0.050028 0.007933 0.076356 0.216885 -0.222707 0.061444 0.351473 0.252398 0.280075 0.172966 -0.087166 -0.094621 -0.422265 -0.456101 -0.357735 -0.270853 -0.317197 -0.296348 0.381211 0.455030 0.216942 0.112696 1.000000 0.642104 -0.113660 -0.219297 0.246072 0.107014 0.134307 0.128499 0.129434 0.229343 -0.220333 -0.119041 -0.148443 -0.151172 -0.211678 -0.115744 -0.401279 -0.241490 -0.461428 -0.489161 -0.075366 -0.205611 -0.166079 -0.194051 0.361366 0.234628 0.179284 0.067052 0.298214 0.184909 0.390277 0.256998 -0.200304 -0.208537 0.319826 -0.124104 0.278812 0.044789 0.136189 -0.016399 0.537188 0.304836 0.412460 0.204243 0.425332 0.209512 0.350570 0.375565 0.338025 0.240896 0.035201 0.085348 -0.231814 -0.098597 -0.069423 -0.059940 -0.197364 -0.092353 -0.370231 -0.376301 -0.283860 -0.376652 0.052605 -0.143432 -0.177347 0.149202 -0.259938 0.162588 -0.173470 0.195522 -0.056203 -0.297795 -0.231222 -0.117285 0.160977 -0.370261 -0.270841 0.175210 -0.059569 0.144026 0.192383 0.007067 -0.057506 0.101532
-0.108188 0.055963 -0.093765 0.033042 -0.181453 -0.355094 0.115872 0.237934 -0.092210 -0.116441 0.083087 0.239857 0.165627 0.389598 -0.137233 0.141235 0.401630 0.297711 0.176093 0.259648 -0.121293 -0.203601 -0.378869 -0.383799 -0.413069 -0.159228 -0.525027 -0.448271 0.387107 0.488467 0.415433 0.412708 0.642104 1.000000 -0.129777 0.121825 0.166736 0.018779 -0.043820 -0.185315 0.099764 0.040417 -0.377664 -0.345476 -0.123120 0.032702 -0.266564 -0.222572 -0.342476 -0.136644 -0.593245 -0.443225 -0.241743 -0.328270 -0.196869 -0.332737 0.144313 0.017547 -0.065223 -0.071651 0.199765 0.110476 0.312932 0.209589 -0.051283 -0.011228 0.042426 0.022599 0.031743 -0.115012 0.181906 0.180810 0.505163 0.274647 0.260639 0.231672 0.400435 0.314052 0.195451 0.287689 0.254028 0.208405 -0.011146 0.172579 -0.346922 -0.133355 -0.100501 -0.008896 -0.414583 -0.319968 -0.217304 -0.320088 -0.195377 -0.390918 -0.097463 -0.004137 -0.162736 -0.154261 -0.286586 -0.117476 -0.143732 -0.008026 0.020499 -0.291396 -0.218817 -0.236354 0.043563 -0.314238 -0.087882 -0.008758 -0.132709 0.057525 -0.038707 -0.024973 -0.060386 -0.026153
-0.035423 -0.371690 0.189561 0.047883 0.041249 0.222354 0.190019 -0.041334 0.108260 0.148055 0.041612 0.047084 0.002217 -0.223707 0.086096 0.039527 -0.252824 -0.177622 -0.249958 -0.356170 -0.018516 0.156382 0.350621 0.399400 0.219047 0.188667 0.179549 0.314513 -0.096860 -0.196704 -0.192046 -0.012052 -0.113660 -0.129777 1.000000 0.464840 0.193130 0.082116 0.318334 0.297692 -0.069702 -0.209750 -0.221052 -0.055961 -0.219282 -0.061222 -0.157577 -0.052185 -0.167291 -0.333153 0.220943 -0.077622 -0.230091 -0.061174 -0.056705 -0.140337 -0.079871 -0.224643 -0.243691 -0.143884 -0.038465 -0.103794 -0.257535 -0.092960 0.376956 0.307491 0.196078 0.235067 -0.224593 -0.119145 -0.386568 -0.216695 -0.257944 -0.338308 -0.265430 -0.398979 -0.125031 -0.108218 -0.166907 -0.096184 -0.400489 -0.280954 -0.071526 -0.160958 0.155749 0.019526 0.136413 0.299197 0.405305 0.251416 -0.009236 0.063699 0.193392 0.285250 0.362180 -0.009560 0.042385 0.230405 -0.150918 -0.049587 -0.225628 0.323459 -0.138399 0.013276 0.034738 0.399654 0.389112 -0.072355 0.000443 0.028290 0.331350 -0.013381 0.162817 0.140372 -0.066409 -0.004853
-0.274851 -0.263886 0.065459 0.219403 0.148220 0.378438 0.018577 0.231765 -0.033428 0.282366 -0.043022 0.146725 -0.096364 -0.080129 -0.025577 0.037232 -0.323813 -0.313798 -0.424528 -0.309256 0.056497 0.051576 0.132128 0.198892 0.221375 0.313038 -0.008297 0.117671 -0.290294 -0.273322 -0.171148 -0.023484 -0.219297 0.121825 0.464840 1.000000 -0.016241 -0.047679 -0.120270 -0.108354 -0.140935 -0.200548 -0.205887 -0.105961 0.141928 0.572618 -0.104510 -0.062263 0.170469 0.109903 0.101796 0.198516 -0.203608 -0.126011 -0.102328 -0.135778 -0.253348 -0.442210 -0.252182 -0.017810 -0.246021 -0.131189 -0.303763 -0.208715 0.219536 0.442134 0.035318 0.618814 -0.255393 -0.152529 -0.191889 -0.004751 -0.291674 -0.209363 -0.326634 -0.199655 -0.192792 -0.016628 -0.267248 -0.225164 -0.303498 -0.283864 -0.210317 -0.161497 -0.013222 0.041864 -0.103806 0.124584 0.014803 0.004439 0.199478 0.080395 0.249197 0.176560 0.069611 0.116964 -0.039354 -0.032808 -0.071846 -0.256005 0.106475 -0.084994 0.006449 -0.097743 -0.024185 0.097807 0.008605 0.137443 0.171748 -0.212571 0.205163 -0.056483 -0.151284 -0.032488 -0.204886 -0.168442
