1.000000 0.307585 0.336948 -0.031746 -0.019750 -0.069717 0.255980 0.027886 -0.060777 0.006631 0.253296 -0.079386 0.089818 -0.152210 -0.037669 -0.135902 -0.233840 -0.119600 0.437272 0.158951 0.103428 0.062666 0.029118 0.053844 -0.117143 -0.219584 0.002077 0.142713 -0.263875 -0.348235 -0.124704 -0.240770 0.189030 -0.030276 -0.056637 -0.187561 -0.042042 -0.166717 0.291917 0.089367 0.006885 0.043185 -0.105222 -0.123014 -0.100841 -0.187440 -0.025556 0.006554 0.083968 -0.174679 0.080034 -0.120093 0.046388 0.038265 0.168848 0.037480 0.519796 0.170086 0.416876 0.062386 0.391389 0.100031 0.129994 0.087124 -0.023331 0.028065 0.272267 -0.029124 0.245897 0.234798 -0.255063 -0.212736 -0.247505 -0.238030 -0.099599 0.045284 0.193633 0.137327 -0.317586 -0.091073 -0.223064 -0.210216 -0.075894 0.026665 -0.343463 -0.246808 0.036751 -0.032325 0.062867 0.058828 0.187457 0.213714 0.046433 -0.020707 -0.010549 0.035386 0.023120 0.085109 0.133704 0.260446 -0.029707 -0.204559 -0.049955 -0.135654 -0.268969 -0.222713 0.088526 0.132161 0.028005 -0.224865 -0.056634 0.108443 0.041710 0.253483 0.110943 0.182128
0.307585 1.000000 -0.085673 0.014162 0.045148 -0.144881 -0.008289 0.091600 -0.134250 -0.050433 -0.020946 0.225068 -0.079739 0.228394 -0.280254 -0.002837 -0.014788 0.029131 -0.100481 0.154580 -0.135640 -0.017231 -0.091623 -0.160779 -0.066133 -0.096076 -0.079933 -0.195235 0.037699 0.116639 0.019196 0.092790 0.233806 0.179572 -0.079627 -0.339425 0.007553 -0.199273 -0.105534 -0.260856 -0.074131 -0.185717 0.045287 0.015911 0.242433 -0.146069 0.099358 0.000300 0.175211 0.178776 -0.007212 0.185753 0.150070 -0.040411 -0.011531 -0.064013 0.281771 0.324429 0.012914 0.238751 0.118560 0.267795 0.258248 0.453827 -0.274796 -0.061166 0.165576 -0.322363 0.290406 -0.056782 -0.101373 0.091710 0.111668 -0.052284 0.081470 0.100957 0.025830 0.032271 0.063198 0.060752 0.096395 0.038943 -0.051162 -0.045805 -0.284648 -0.183522 0.077638 -0.116697 -0.397714 -0.232208 0.047083 -0.173752 -0.085054 -0.254034 0.165343 -0.080624 0.102117 0.007819 0.280972 0.008639 -0.019629 -0.089277 0.040912 -0.163474 -0.060133 -0.236976 0.004270 -0.088735 0.163137 -0.041740 -0.211016 -0.088229 0.153847 0.172953 0.207200 0.134543
0.336948 -0.085673 1.000000 0.486008 -0.050897 0.051447 0.649767 0.450223 0.139009 0.165171 0.079287 -0.004710 0.131188 -0.204814 0.016086 -0.171327 -0.123939 -0.124088 0.603845 -0.001763 0.092355 0.214988 0.288187 0.249588 0.072670 0.062531 -0.075259 0.130093 -0.171463 -0.325747 0.140156 -0.009319 0.153811 -0.121050 -0.089024 0.034223 -0.148171 -0.346219 0.031066 -0.062515 -0.040506 -0.263866 -0.131295 0.123053 -0.078346 0.078496 -0.114714 -0.005940 0.116575 -0.060125 0.102424 -0.052944 -0.093640 -0.050209 -0.090433 0.027832 -0.002244 -0.154375 0.310506 -0.039903 0.308493 0.150602 -0.079402 -0.081104 0.296380 0.365314 0.022724 0.114921 0.092754 -0.009750 -0.058438 -0.074021 -0.172005 -0.123676 0.004000 -0.032402 0.122394 -0.185346 -0.155995 -0.009295 -0.410632 -0.190678 -0.055183 -0.164207 -0.201288 0.019610 0.009616 0.086136 0.227908 0.183112 0.137967 0.060070 0.131691 0.189712 0.069277 -0.073881 -0.058485 0.036625 -0.092938 0.058743 0.068038 -0.116950 0.060228 -0.377026 -0.427306 -0.336790 0.004503 -0.144889 -0.021564 -0.133139 -0.039386 -0.020925 -0.168961 0.057239 0.188175 0.145401
-0.031746 0.014162 0.486008 1.000000 -0.073470 0.177473 0.322844 0.605010 0.070519 0.243304 -0.179034 0.377081 -0.075353 0.070902 -0.017173 -0.065397 -0.022327 -0.191227 0.419969 0.141977 0.016135 0.049326 0.536294 0.579999 0.322949 0.181175 0.119688 0.205838 -0.124907 -0.081745 0.222191 0.174568 0.024790 -0.000255 -0.184402 0.163110 -0.214596 -0.360626 -0.252269 -0.180129 -0.230727 -0.274688 -0.152878 0.048483 -0.163948 -0.052828 -0.152531 -0.110635 0.063449 -0.160985 0.250555 0.006445 -0.091768 -0.091703 -0.264645 -0.215086 -0.212983 -0.144456 -0.088290 -0.072541 -0.132006 0.104524 -0.143503 -0.089373 0.365991 0.408945 -0.202987 0.157780 0.006435 0.043690 0.091509 0.073384 -0.041753 0.010941 0.030338 0.008281 -0.110859 -0.320364 0.092026 0.062813 -0.288836 -0.218926 -0.011573 -0.146693 0.069853 0.105613 0.235398 0.278820 0.215543 0.125982 -0.007907 -0.113588 0.288748 0.103665 0.095547 -0.196577 -0.151667 -0.218898 -0.221369 -0.294539 0.182738 -0.011379 0.041734 -0.325737 -0.144722 -0.248472 0.027843 -0.175092 -0.104064 -0.050482 -0.206567 -0.302481 -0.123473 -0.098319 0.101319 0.008141
-0.019750 0.045148 -0.050897 -0.073470 1.000000 0.607558 -0.145980 -0.065431 -0.123970 0.114947 -0.121016 0.291175 -0.067480 0.466017 -0.297942 0.501624 -0.156479 -0.268963 -0.151269 -0.209298 -0.111090 -0.062724 0.005324 0.004505 0.468291 0.354371 0.668724 0.179630 0.068484 0.353413 -0.123344 -0.197065 -0.010398 -0.309795 0.028440 -0.174619 -0.313716 0.229627 -0.099181 -0.086365 -0.529978 -0.035922 0.107383 -0.122414 0.106396 0.025295 0.156368 -0.096167 0.398521 0.097729 0.126988 0.309068 0.463192 0.102770 0.187308 -0.097451 -0.134366 -0.323277 0.062022 0.151767 0.151977 0.034148 0.205438 -0.022720 -0.250457 -0.054995 0.300866 -0.065914 -0.092199 -0.090112 0.081401 0.101449 0.261553 0.104215 0.113008 0.118842 -0.514829 -0.166632 -0.033611 -0.466605 0.026560 -0.347498 -0.233830 0.177473 -0.133792 -0.190981 0.167933 0.247265 0.058911 -0.047044 0.201161 -0.018462 -0.293030 -0.183807 -0.156305 -0.293265 0.089660 -0.215314 0.232011 -0.356161 0.052360 0.027194 0.129237 0.190571 0.277364 -0.077917 0.196510 0.026014 -0.209106 -0.225806 -0.283059 -0.249242 -0.058584 -0.257445 -0.210981 -0.227182
-0.069717 -0.144881 0.051447 0.177473 0.607558 1.000000 -0.119845 0.009680 -0.081220 -0.044553 -0.365042 0.144341 -0.246067 0.331327 -0.290050 0.461875 -0.085121 -0.482412 0.003623 -0.166225 -0.200999 -0.128010 0.259043 0.341558 0.739846 0.666191 0.731306 0.521286 -0.272928 0.313629 -0.150338 -0.143136 -0.011338 -0.173319 -0.006319 0.195037 -0.433292 0.153948 -0.018506 0.045826 -0.463339 0.062909 -0.090308 -0.123772 -0.223660 0.011066 0.029860 -0.086089 0.292051 -0.171756 0.170234 0.252735 0.191880 0.100731 0.127427 -0.108045 -0.275265 -0.358377 0.053924 0.084313 -0.079957 0.048932 -0.154067 -0.273098 -0.007812 0.149581 0.167198 0.207661 -0.186621 0.116772 0.118247 -0.066687 -0.017871 0.219265 0.037682 -0.019337 -0.507995 -0.180142 -0.063510 -0.437043 -0.205442 -0.498771 0.062750 -0.019309 0.121545 -0.184781 0.219274 0.379865 0.235597 0.044257 0.094044 0.052324 -0.145159 -0.118137 -0.085217 -0.088016 0.077722 -0.159946 0.143503 -0.365275 0.057387 -0.011823 -0.007807 0.178623 0.080291 -0.039606 0.177014 0.063591 0.019805 -0.205859 -0.126307 -0.191744 0.049219 -0.346485 -0.203397 -0.177176
0.255980 -0.008289 0.649767 0.322844 -0.145980 -0.119845 1.000000 0.598310 0.172723 0.181991 0.140668 0.144784 0.257039 -0.021276 0.028809 -0.091821 0.036398 -0.094935 0.358928 0.128218 -0.156705 -0.070741 0.079569 0.123684 -0.159937 -0.279619 -0.191215 -0.235990 -0.035020 -0.124909 0.000023 -0.147588 0.217868 -0.011113 -0.170174 -0.206998 -0.114927 -0.269875 -0.032432 -0.027654 0.021035 -0.140342 -0.249525 0.014352 -0.034423 0.093053 -0.286940 -0.117648 -0.054657 0.046069 -0.159100 -0.068061 -0.152847 -0.033056 -0.124265 0.030859 0.001398 -0.121081 0.286400 0.116630 0.331831 0.200676 0.152447 0.079875 0.260448 0.129647 -0.006228 0.028466 0.042419 -0.031409 -0.003071 -0.111195 -0.004686 0.014751 0.121168 -0.013741 0.051383 -0.380842 -0.152253 -0.091698 -0.265344 -0.116656 0.062926 0.025719 -0.175682 -0.014030 0.048960 0.084276 0.005207 0.242159 0.102036 0.155435 0.200285 0.230574 -0.157662 -0.065840 -0.220168 -0.020653 -0.115179 0.118915 0.071984 0.023949 0.139642 -0.311741 -0.243823 -0.270074 -0.009571 -0.191715 -0.022840 -0.069957 -0.155954 -0.006573 -0.040529 0.006604 -0.030414 -0.006509
0.027886 0.091600 0.450223 0.605010 -0.065431 0.009680 0.598310 1.000000 0.275399 0.496434 -0.074082 0.318429 0.116187 0.162325 0.035513 -0.054856 0.185501 -0.077801 0.170783 0.135155 -0.178238 -0.159576 0.032183 0.194051 -0.001397 -0.150915 -0.141325 -0.227365 0.041934 -0.047486 0.059419 -0.017387 0.048333 -0.016641 -0.378255 0.028502 -0.206987 -0.434031 -0.365449 -0.232386 -0.165805 -0.255960 -0.121409 0.031100 -0.047166 0.147317 -0.250717 -0.158437 0.051698 0.065286 0.024433 0.074711 0.026279 0.011482 -0.287928 -0.192837 -0.198343 -0.219169 0.220394 0.286140 0.149721 0.498575 -0.027618 0.128120 0.095236 0.388522 -0.007685 0.181832 -0.006739 0.143028 0.115374 0.064779 -0.080581 0.098784 -0.060811 -0.199146 -0.073973 -0.414793 0.109400 -0.104181 -0.188660 -0.218821 -0.060765 -0.098449 -0.172961 -0.090456 0.114618 -0.008023 -0.106560 0.133575 0.092111 -0.006487 0.292040 0.062587 0.061443 -0.186697 -0.286182 -0.217143 -0.217894 -0.225844 0.277484 0.065292 0.214381 -0.212303 -0.015196 -0.161197 0.046706 -0.161303 -0.055323 -0.146520 -0.315269 -0.267632 -0.075964 0.001811 0.036074 -0.025716
-0.060777 -0.134250 0.139009 0.070519 -0.123970 -0.081220 0.172723 0.275399 1.000000 0.341017 0.184104 0.148331 0.399012 0.028888 0.517207 0.105869 0.106555 0.131360 0.196942 -0.027434 -0.003174 -0.018233 -0.121346 -0.132668 -0.185852 -0.243308 -0.154488 -0.091114 0.217670 -0.134131 -0.180744 -0.167537 0.101430 0.003511 -0.036013 0.173248 0.328878 -0.296254 -0.044679 -0.132611 0.370144 -0.031647 -0.121922 0.042519 -0.160278 0.022362 -0.272766 -0.136310 -0.122532 -0.121528 -0.119403 -0.163805 -0.146762 0.065166 -0.225493 -0.038839 -0.228565 -0.151181 0.163644 -0.087746 0.075942 0.239281 -0.086202 0.028182 0.162511 0.286411 -0.156612 0.031556 -0.013061 0.136267 -0.106706 -0.077693 -0.165308 0.042712 -0.280084 -0.290997 0.283373 -0.201126 0.154027 0.090249 -0.054530 0.101609 0.130287 0.103042 0.136629 0.132191 0.035602 -0.140212 0.037045 0.059256 -0.129288 -0.071079 0.059322 0.020684 0.251759 0.001259 -0.076919 -0.156434 -0.265731 -0.106045 0.046608 0.066996 -0.045278 -0.129934 -0.023633 0.022096 -0.092583 -0.098700 0.142497 0.012649 -0.148748 -0.080698 -0.049166 0.065583 0.148368 0.116620
0.006631 -0.050433 0.165171 0.243304 0.114947 -0.044553 0.181991 0.496434 0.341017 1.000000 0.245077 0.063304 0.140810 -0.104747 0.285436 -0.000497 0.200849 0.352270 0.046416 -0.058755 0.186992 0.160238 -0.195293 -0.121741 -0.118654 -0.238999 -0.140019 -0.226603 0.365163 -0.154924 0.019980 -0.076213 -0.092994 -0.250150 -0.102112 0.011329 -0.029727 -0.246091 -0.220116 -0.198090 -0.145582 -0.191347 0.052231 -0.051188 -0.029682 0.123504 -0.078782 -0.255229 -0.069033 0.040718 0.177225 0.101766 0.180891 0.123443 -0.192048 -0.071593 -0.086763 -0.180406 0.133703 0.095813 0.010118 0.370163 -0.084021 0.231547 0.087211 0.219230 -0.115090 -0.092380 0.063248 -0.110076 0.008126 0.157882 0.077197 0.022352 -0.253336 -0.120959 0.146802 -0.278315 0.383557 -0.021632 0.093011 0.038416 -0.453305 0.167964 -0.141174 0.075471 -0.164981 -0.151339 -0.026622 0.138130 -0.057811 -0.156132 0.165669 0.008216 0.198490 -0.064148 -0.256849 -0.087785 -0.229927 -0.035676 0.231493 0.174767 0.216916 -0.041780 0.073370 0.008463 -0.212240 -0.163175 -0.049674 0.030177 -0.286537 -0.141751 -0.205513 0.094506 0.234099 0.233917
0.253296 -0.020946 0.079287 -0.179034 -0.121016 -0.365042 0.140668 -0.074082 0.184104 0.245077 1.000000 0.066823 0.687483 -0.159180 0.547960 -0.086439 0.209103 0.402970 0.191167 -0.170210 0.230725 0.206914 -0.069099 -0.241514 -0.461407 -0.448999 -0.221440 -0.175751 0.414652 -0.375831 0.174886 0.023314 0.267577 0.062991 0.124041 -0.094306 0.155385 -0.059991 0.252767 0.256592 0.229062 0.037496 -0.047338 -0.217013 -0.083474 -0.075184 -0.169442 -0.164309 -0.138179 -0.237270 -0.008272 -0.298940 -0.097694 -0.085263 -0.001561 0.231995 0.255629 0.047057 0.060983 -0.315871 0.195538 0.021297 0.358837 0.388524 0.299847 0.045526 -0.191443 -0.213052 0.140850 -0.208131 -0.302243 -0.112444 0.141266 -0.408902 -0.199143 -0.135417 0.346847 0.002516 0.164723 0.095720 0.351652 0.229317 -0.309046 0.259235 -0.135386 0.151297 -0.136892 -0.055077 0.127065 0.235483 -0.175581 -0.073019 -0.063796 0.029146 -0.120010 0.036480 0.018917 0.186324 -0.171130 0.244136 -0.384363 -0.140901 -0.171808 -0.379861 -0.301770 -0.219313 -0.284364 -0.124599 -0.258867 0.072129 0.103899 0.083032 -0.146324 0.186568 0.025966 0.164562
-0.079386 0.225068 -0.004710 0.377081 0.291175 0.144341 0.144784 0.318429 0.148331 0.063304 0.066823 1.000000 0.349792 0.750287 0.036814 0.477662 0.069462 -0.227955 -0.045493 -0.041631 -0.331507 -0.209047 0.311287 0.267213 0.182528 0.012534 0.292495 -0.000682 0.222595 0.359405 0.079496 0.109327 -0.051257 -0.037724 -0.117033 -0.123261 -0.123670 -0.110624 -0.224642 -0.247671 -0.303136 -0.197177 -0.252567 -0.202675 -0.063207 -0.188414 -0.276636 -0.288675 0.245975 -0.099547 0.055421 0.065617 0.101221 -0.123161 -0.068144 -0.263560 -0.264313 -0.303246 -0.195153 -0.087142 0.089010 0.073738 0.309473 0.152073 0.155234 0.202367 -0.142843 -0.088920 -0.098624 -0.070522 0.217221 0.205064 0.376002 0.189934 0.145332 0.119282 -0.281960 -0.228444 0.237722 -0.220414 0.073953 -0.143259 -0.013293 0.049499 0.033994 0.033301 0.409649 0.419174 0.045058 0.007579 0.055639 -0.088076 -0.009254 0.036997 -0.078507 -0.290907 -0.049679 -0.349115 -0.043008 -0.500285 0.060326 0.198070 0.045104 -0.208243 0.179379 -0.351576 0.014558 -0.294536 -0.299986 0.041733 -0.393942 -0.539273 -0.093034 -0.322739 -0.165509 -0.213403
0.089818 -0.079739 0.131188 -0.075353 -0.067480 -0.246067 0.257039 0.116187 0.399012 0.140810 0.687483 0.349792 1.000000 0.281514 0.606796 0.204882 0.452922 0.230368 0.068923 -0.270102 -0.007978 0.119929 -0.013344 -0.238756 -0.292039 -0.293414 -0.071034 -0.118011 0.495599 -0.034221 0.024529 0.028083 0.137062 -0.051402 -0.137839 -0.051429 0.190518 -0.104387 0.129880 0.067253 0.175364 -0.046359 -0.141854 -0.131876 -0.104505 -0.189396 -0.192158 -0.186896 -0.069422 -0.197545 -0.143769 -0.211911 -0.029600 -0.157250 -0.049502 0.095648 -0.034017 -0.162495 0.044199 -0.248238 0.237968 -0.030171 0.353045 0.178936 0.180764 0.072046 -0.198072 -0.297692 0.028075 -0.145626 0.037976 -0.002954 0.122577 0.010910 -0.094719 -0.171545 0.122060 -0.241603 0.283676 0.050620 0.231365 0.217995 -0.008866 0.116293 0.032804 0.192854 0.082640 -0.013155 0.009287 0.191526 -0.179814 -0.096909 -0.093626 0.048791 0.015076 -0.095641 0.002998 -0.016528 -0.284575 -0.093991 -0.318757 -0.026025 -0.155206 -0.333164 -0.086120 -0.207818 -0.266042 -0.199633 -0.235959 0.117086 -0.019564 -0.142562 -0.217378 -0.014708 -0.046843 -0.004020
-0.152210 0.228394 -0.204814 0.070902 0.466017 0.331327 -0.021276 0.162325 0.028888 -0.104747 -0.159180 0.750287 0.281514 1.000000 -0.177144 0.690264 0.263044 -0.286813 -0.245008 -0.135544 -0.442851 -0.224414 0.118468 0.052011 0.346182 0.262922 0.451929 0.010437 0.265040 0.721858 -0.010656 0.113667 -0.046448 -0.089914 -0.162771 -0.122473 -0.140816 0.088173 -0.199097 -0.235038 -0.376950 -0.055051 -0.119577 -0.159567 0.026232 -0.206383 -0.079893 -0.223665 0.232656 -0.018072 -0.109031 0.151212 0.263468 -0.141145 0.115416 -0.189737 -0.310397 -0.356123 -0.089652 0.031012 0.147111 0.093939 0.367619 0.045732 -0.201116 0.003585 0.059866 -0.258513 -0.100831 -0.095510 0.429377 0.278463 0.401988 0.512333 0.240825 0.146269 -0.535996 -0.258837 0.308710 -0.322531 0.209932 -0.149131 0.087962 0.016788 0.133695 -0.074296 0.426870 0.329925 -0.086319 -0.106730 0.031259 -0.168581 -0.253785 -0.165048 -0.039136 -0.284882 0.025951 -0.305987 0.048972 -0.610219 0.008964 0.172550 0.037288 -0.000321 0.298783 -0.253703 0.118057 -0.167617 -0.202165 -0.000204 -0.363205 -0.454356 -0.067251 -0.371676 -0.232894 -0.367265
-0.037669 -0.280254 0.016086 -0.017173 -0.297942 -0.290050 0.028809 0.035513 0.517207 0.285436 0.547960 0.036814 0.606796 -0.177144 1.000000 -0.004706 0.257488 0.357098 0.171072 -0.094983 0.356110 0.298058 -0.023797 -0.083297 -0.358961 -0.319893 -0.234280 -0.083746 0.355226 -0.279779 0.051972 0.050060 0.044961 -0.021275 -0.187644 0.005306 0.321473 -0.058910 0.244749 0.209684 0.428283 0.039291 -0.087663 -0.120524 -0.281544 -0.232790 -0.169065 -0.130317 -0.306451 -0.347434 -0.072855 -0.265324 -0.114845 0.038653 -0.259527 0.132643 -0.094533 -0.133642 -0.056050 -0.372077 0.006845 -0.097381 0.051425 0.084786 0.325490 0.052559 -0.451355 -0.194867 -0.088606 -0.054447 -0.075958 -0.036391 -0.111134 -0.119337 -0.212872 -0.119244 0.358663 -0.070842 0.104147 0.194117 0.104958 0.277483 0.110449 0.247611 0.269918 0.405808 -0.182655 -0.116895 0.169684 0.208204 -0.267079 -0.160995 0.020993 0.017335 0.049034 0.103453 -0.167207 0.096844 -0.428325 0.114671 -0.232176 -0.130404 -0.243750 -0.227170 -0.138383 0.098608 -0.375860 -0.058407 -0.134673 0.104479 0.149072 0.106805 -0.200065 0.250387 0.099903 0.266229
-0.135902 -0.002837 -0.171327 -0.065397 0.501624 0.461875 -0.091821 -0.054856 0.105869 -0.000497 -0.086439 0.477662 0.204882 0.690264 -0.004706 1.000000 0.077788 -0.290067 -0.117257 -0.112810 -0.269227 -0.114096 -0.038113 -0.071922 0.310250 0.313475 0.512295 0.111496 0.218445 0.609242 -0.152916 -0.090121 0.051158 -0.148679 -0.074760 -0.134465 -0.062383 0.273637 0.140232 -0.033986 -0.222140 0.115533 -0.179801 -0.355548 -0.191705 -0.281270 -0.098509 -0.331495 0.094885 -0.283617 -0.242812 0.030140 0.222311 -0.045650 0.295830 -0.053678 -0.354292 -0.473948 -0.028540 -0.088117 0.171874 -0.004083 0.274886 -0.058302 -0.202905 0.012954 -0.036519 -0.290044 -0.134251 0.032646 0.203691 0.041304 0.264288 0.448087 0.122298 0.100704 -0.409723 -0.224968 0.171223 -0.281747 0.199821 -0.092571 0.199109 0.260368 0.244344 0.144159 0.216806 0.279392 0.209480 0.088700 -0.026166 -0.199757 -0.387723 -0.275207 -0.064298 -0.139178 -0.000343 -0.142800 -0.019864 -0.472170 -0.057525 0.089985 -0.057974 0.123434 0.245768 -0.108128 0.045508 -0.039555 -0.112656 -0.055658 -0.305551 -0.274750 -0.139698 -0.297338 -0.119610 -0.121801
-0.233840 -0.014788 -0.123939 -0.022327 -0.156479 -0.085121 0.036398 0.185501 0.106555 0.200849 0.209103 0.069462 0.452922 0.263044 0.257488 0.077788 1.000000 0.440022 -0.267406 -0.195885 -0.062778 0.077792 -0.159864 -0.296762 -0.103880 0.003818 -0.102670 -0.187051 0.518280 0.320210 0.079417 0.288959 -0.051663 0.047741 -0.363327 0.084430 0.159532 0.077094 -0.094383 -0.006955 0.077806 -0.004647 -0.045713 -0.003053 -0.070470 -0.173670 -0.116757 -0.081840 -0.198259 -0.047555 -0.205499 -0.101692 -0.052744 -0.304499 -0.148969 -0.002511 -0.063396 0.003312 -0.107696 -0.136662 -0.052457 -0.123517 0.237889 0.086912 -0.081569 -0.166979 -0.186775 -0.341448 0.046453 -0.204869 0.440397 0.280385 0.229135 0.348622 0.054263 -0.060187 -0.055213 -0.329916 0.595708 0.132484 0.517123 0.416390 0.098737 -0.051662 0.283423 0.143207 -0.020568 -0.165365 -0.185535 -0.071057 -0.341591 -0.379641 -0.169532 -0.130568 0.104643 -0.026192 -0.099631 0.083196 -0.247765 -0.092815 -0.178576 0.033078 -0.115763 -0.086207 0.030991 -0.048217 -0.181475 -0.164311 -0.069028 0.162885 0.078455 0.007676 -0.097846 -0.089621 0.021203 -0.057469
-0.119600 0.029131 -0.124088 -0.191227 -0.268963 -0.482412 -0.094935 -0.077801 0.131360 0.352270 0.402970 -0.227955 0.230368 -0.286813 0.357098 -0.290067 0.440022 1.000000 -0.095018 -0.164957 0.317268 0.343759 -0.287820 -0.498126 -0.506015 -0.320969 -0.469524 -0.316796 0.539664 -0.127209 0.187049 0.285278 -0.050150 -0.013784 0.018601 -0.120674 0.414283 -0.113862 -0.073027 -0.129552 0.282120 -0.203446 0.101758 -0.055797 0.090196 -0.050029 -0.101013 -0.177642 -0.313461 0.014872 -0.012090 -0.225856 -0.076937 -0.215255 -0.234020 0.043546 0.218126 0.276111 -0.053216 -0.225044 -0.020519 -0.026057 0.179681 0.451110 0.001632 -0.153711 -0.204761 -0.378818 0.211713 -0.400093 -0.064204 0.268772 0.207903 -0.190420 -0.109130 0.065567 0.485774 0.033994 0.475302 0.490281 0.508754 0.693503 -0.221092 0.067265 0.079987 0.275201 -0.487785 -0.406923 -0.110794 -0.014677 -0.366034 -0.276767 0.006499 0.029792 0.217669 0.092777 -0.166941 0.102065 -0.363569 0.277380 -0.076677 0.079632 0.056832 -0.129790 -0.045667 -0.013728 -0.368663 -0.270618 0.002772 0.318267 -0.053786 0.077476 -0.162607 0.246578 0.337179 0.250226
0.437272 -0.100481 0.603845 0.419969 -0.151269 0.003623 0.358928 0.170783 0.196942 0.046416 0.191167 -0.045493 0.068923 -0.245008 0.171072 -0.117257 -0.267406 -0.095018 1.000000 0.214497 0.151946 0.199696 0.273672 0.223553 0.026285 0.031561 -0.043284 0.192643 -0.095802 -0.315249 0.105295 -0.119494 0.309788 -0.067849 -0.016158 -0.088625 0.055484 -0.373277 0.144627 -0.057077 0.153845 -0.135437 -0.070269 -0.069183 -0.295143 -0.214207 -0.078401 -0.185605 -0.088484 -0.370835 0.072164 -0.230064 -0.143859 -0.080652 -0.026654 -0.064306 -0.008893 -0.123840 0.296861 -0.183974 0.301650 0.105611 0.012485 -0.054183 0.343942 0.283852 0.031656 -0.000436 0.192878 0.175377 -0.309524 -0.189517 -0.169338 -0.181501 -0.061721 -0.008653 0.226918 -0.094768 -0.215468 0.161583 -0.296522 -0.212516 0.089631 -0.066466 0.071304 0.044710 -0.009728 0.049072 0.375508 0.196805 -0.014398 0.056680 0.027374 0.207415 0.191281 0.030108 -0.099259 -0.050392 -0.189806 0.009439 0.049601 -0.105840 0.090130 -0.211672 -0.280234 -0.156098 0.159015 0.101496 0.144048 -0.179333 -0.132296 0.010472 -0.176504 0.221975 0.213785 0.168994
0.158951 0.154580 -0.001763 0.141977 -0.209298 -0.166225 0.128218 0.135155 -0.027434 -0.058755 -0.170210 -0.041631 -0.270102 -0.135544 -0.094983 -0.112810 -0.195885 -0.164957 0.214497 1.000000 -0.143524 -0.257479 -0.184742 0.152806 -0.078063 -0.127413 -0.258754 -0.278838 -0.075639 0.001284 -0.033907 -0.080599 0.060320 0.358352 -0.101899 -0.245498 0.120258 -0.185696 -0.064146 -0.146586 0.165705 0.124457 -0.083520 -0.058774 -0.080913 -0.152023 -0.061552 0.000844 -0.151608 -0.001750 -0.187464 -0.041841 -0.139023 0.086834 -0.140535 -0.395655 0.182263 0.280894 -0.114344 0.205677 -0.074567 -0.134438 0.004185 -0.119753 -0.079410 -0.339579 0.031433 0.110782 0.202910 0.546008 -0.126757 -0.159461 -0.000116 0.110324 0.200429 -0.010247 0.168019 0.063122 -0.248388 0.002915 -0.071970 -0.131594 0.280436 0.224651 -0.046525 -0.155311 -0.007350 -0.167225 -0.233439 -0.267742 0.193898 0.102537 0.090515 -0.044336 0.057702 -0.084311 -0.287399 -0.179393 0.088908 -0.016181 0.180299 -0.132319 0.037215 0.214324 0.023145 0.096780 0.126151 0.231458 0.253616 -0.081216 0.018103 0.190398 0.260781 0.217584 0.066161 0.010054
0.103428 -0.135640 0.092355 0.016135 -0.111090 -0.200999 -0.156705 -0.178238 -0.003174 0.186992 0.230725 -0.331507 -0.007978 -0.442851 0.356110 -0.269227 -0.062778 0.317268 0.151946 -0.143524 1.000000 0.768286 0.110343 -0.017794 -0.144517 -0.106658 -0.121660 0.122170 -0.048568 -0.358498 0.282928 0.209275 -0.107567 -0.151644 -0.054529 0.100267 0.255427 0.062531 0.284300 0.203754 0.266666 -0.012604 0.100698 -0.036551 -0.074254 -0.081780 0.059782 -0.087349 -0.180133 -0.191360 0.102543 -0.229730 -0.090360 -0.072772 -0.045637 0.178683 0.152341 0.178483 0.018400 -0.319704 -0.094714 -0.153486 -0.096846 0.030824 0.123405 0.037072 -0.165311 -0.095251 0.093391 -0.203227 0.129821 0.290684 -0.158741 -0.158080 0.080179 0.325782 0.312158 0.186295 -0.001289 0.225577 -0.074984 0.271591 -0.036971 -0.107419 0.103595 0.314779 -0.235377 -0.178488 0.257093 0.146884 -0.208107 -0.146683 0.042253 -0.005851 -0.058846 0.212585 -0.281621 0.273515 -0.422159 0.250879 -0.193591 -0.285790 -0.251536 -0.256604 -0.348010 0.032161 -0.263317 0.013098 -0.118713 0.057811 0.200680 0.230784 -0.246258 0.084282 0.210529 0.268007
0.062666 -0.017231 0.214988 0.049326 -0.062724 -0.128010 -0.070741 -0.159576 -0.018233 0.160238 0.206914 -0.209047 0.119929 -0.224414 0.298058 -0.114096 0.077792 0.343759 0.199696 -0.257479 0.768286 1.000000 0.160863 -0.081005 -0.018094 0.114761 -0.045381 0.182654 0.133439 -0.112988 0.347675 0.381866 -0.069639 -0.210437 -0.066613 0.021845 0.259166 -0.049819 0.248000 0.051005 0.151644 -0.196551 0.055911 0.001314 -0.018641 -0.112807 0.007757 -0.210842 -0.153932 -0.186030 0.073023 -0.163276 -0.086071 -0.187274 -0.130497 0.154802 0.098342 0.060550 0.046496 -0.356737 0.022630 -0.187564 0.012455 0.022594 0.123507 0.049748 -0.188102 -0.325634 0.138620 -0.323235 0.167244 0.385639 0.021418 0.013816 0.170595 0.364752 0.218121 -0.020097 0.243930 0.304268 0.022004 0.325633 -0.096300 -0.151360 0.119166 0.377009 -0.194452 -0.138388 0.174474 0.090775 -0.304860 -0.284782 -0.130306 0.014205 0.158064 0.193884 -0.262051 0.326238 -0.421239 0.136952 -0.238230 -0.175437 -0.260930 -0.359543 -0.356226 -0.097857 -0.357738 -0.138327 -0.008649 0.168711 0.124150 0.097306 -0.349690 0.080440 0.273047 0.269590
0.029118 -0.091623 0.288187 0.536294 0.005324 0.259043 0.079569 0.032183 -0.121346 -0.195293 -0.069099 0.311287 -0.013344 0.118468 -0.023797 -0.038113 -0.159864 -0.287820 0.273672 -0.184742 0.110343 0.160863 1.000000 0.747454 0.476890 0.336678 0.443937 0.567505 -0.326837 -0.033178 0.380198 0.332982 0.015701 0.004207 -0.027105 0.173717 -0.319911 0.005947 0.000272 0.131298 -0.370821 -0.103719 -0.257998 -0.045222 -0.137166 -0.196741 -0.131541 0.027011 0.229014 -0.235520 0.336451 0.034317 -0.165465 -0.090346 -0.098588 0.064578 -0.144119 -0.123960 -0.269778 -0.344533 -0.168839 -0.156163 -0.069399 -0.154191 0.548647 0.283476 -0.249694 0.061320 -0.211392 -0.194573 0.186910 0.156685 0.066664 -0.063501 0.220683 0.303093 -0.199552 -0.005477 -0.007761 -0.110375 -0.334229 -0.260223 -0.012416 -0.215840 0.107309 -0.053702 0.436784 0.662825 0.496400 0.180744 0.106843 0.091411 0.136890 0.167576 -0.276803 -0.079928 0.096324 -0.082458 0.004709 -0.142687 -0.093841 -0.036771 -0.176959 -0.428360 -0.235435 -0.356083 -0.003279 -0.225779 -0.348309 -0.041022 0.023575 -0.274712 -0.067317 -0.231157 -0.203299 -0.204937
0.053844 -0.160779 0.249588 0.579999 0.004505 0.341558 0.123684 0.194051 -0.132668 -0.121741 -0.241514 0.267213 -0.238756 0.052011 -0.083297 -0.071922 -0.296762 -0.498126 0.223553 0.152806 -0.017794 -0.081005 0.747454 1.000000 0.513024 0.300247 0.336363 0.487407 -0.431910 -0.060634 0.219109 0.137718 -0.102774 0.036060 0.021721 0.145440 -0.334764 -0.078249 -0.057889 0.102881 -0.306556 0.063633 -0.180863 0.071721 -0.086342 -0.022483 -0.115219 0.093583 0.197562 -0.129923 0.350959 0.113570 -0.089339 0.082528 -0.103020 -0.094531 -0.138856 -0.207418 -0.236230 -0.123255 -0.279230 -0.105198 -0.218060 -0.272995 0.489136 0.189860 -0.168117 0.332415 -0.210331 0.099187 0.128057 -0.021504 -0.022664 0.018213 0.174457 0.171172 -0.221499 -0.019071 -0.176552 -0.296917 -0.434482 -0.488983 0.053778 -0.032158 0.076219 -0.102051 0.423855 0.596786 0.329121 0.053076 0.161426 0.115507 0.246213 0.165639 -0.233327 -0.107189 0.028921 -0.173810 0.049752 -0.222495 0.121397 -0.017300 -0.084096 -0.236479 -0.169779 -0.219009 0.176781 -0.057406 -0.224708 -0.062009 0.032712 -0.257609 0.053721 -0.207414 -0.260903 -0.279685
-0.117143 -0.066133 0.072670 0.322949 0.468291 0.739846 -0.159937 -0.001397 -0.185852 -0.118654 -0.461407 0.182528 -0.292039 0.346182 -0.358961 0.310250 -0.103880 -0.506015 0.026285 -0.078063 -0.144517 -0.018094 0.476890 0.513024 1.000000 0.766370 0.680947 0.483278 -0.239964 0.366256 0.150680 0.131850 -0.104772 -0.058868 -0.047278 0.201334 -0.447897 0.120581 -0.042036 0.008926 -0.512598 -0.021919 -0.056564 0.014756 -0.082756 -0.046807 0.076583 -0.001217 0.344344 -0.100847 0.270090 0.265398 0.085899 -0.028676 0.025684 -0.206805 -0.300342 -0.274171 -0.086595 0.005794 -0.190746 -0.094634 -0.157597 -0.359101 0.061293 0.116283 0.110596 0.117890 -0.204873 0.046519 0.270691 0.126920 0.122348 0.325884 0.198144 0.183809 -0.623479 -0.168193 0.052056 -0.366991 -0.171489 -0.498681 0.019908 -0.098680 0.151345 -0.267381 0.429388 0.450181 0.196145 -0.090706 0.129007 -0.016330 -0.159695 -0.076497 -0.068744 -0.083515 0.074563 -0.160114 0.149343 -0.427472 0.012103 -0.056984 -0.117446 0.040687 0.001159 -0.036294 0.147327 0.080668 -0.026267 -0.138256 -0.038168 -0.294675 -0.038625 -0.340967 -0.154121 -0.236743
-0.219584 -0.096076 0.062531 0.181175 0.354371 0.666191 -0.279619 -0.150915 -0.243308 -0.238999 -0.448999 0.012534 -0.293414 0.262922 -0.319893 0.313475 0.003818 -0.320969 0.031561 -0.127413 -0.106658 0.114761 0.336678 0.300247 0.766370 1.000000 0.498939 0.443380 -0.107253 0.398034 0.219392 0.303083 -0.002750 0.040423 -0.052429 0.187012 -0.306670 0.150458 0.007304 -0.012452 -0.363588 -0.034469 0.000484 0.069612 -0.091248 -0.050266 0.124880 0.067018 0.161368 -0.125289 0.103535 0.168481 0.036142 -0.125662 -0.019492 -0.088443 -0.259528 -0.217168 -0.110230 -0.090371 -0.173904 -0.152678 -0.173245 -0.341505 -0.053467 0.023237 -0.018272 -0.028360 -0.127199 -0.002418 0.224390 0.156006 0.132878 0.321085 0.224882 0.143172 -0.489227 -0.074512 0.099081 -0.194609 0.003280 -0.239398 0.120830 -0.082823 0.220037 -0.142847 0.213820 0.247628 0.128953 -0.180959 -0.067798 -0.180800 -0.306100 -0.110603 0.068416 -0.023863 0.209558 -0.040665 0.122497 -0.332722 -0.023072 -0.017815 -0.052040 0.105025 0.035214 -0.023206 0.177235 0.089922 0.057126 -0.110558 0.107523 -0.110405 -0.101567 -0.234592 -0.008708 -0.157422
0.002077 -0.079933 -0.075259 0.119688 0.668724 0.731306 -0.191215 -0.141325 -0.154488 -0.140019 -0.221440 0.292495 -0.071034 0.451929 -0.234280 0.512295 -0.102670 -0.469524 -0.043284 -0.258754 -0.121660 -0.045381 0.443937 0.336363 0.680947 0.498939 1.000000 0.605469 -0.258794 0.327361 -0.161479 -0.143418 -0.008878 -0.260894 -0.084179 0.047270 -0.398515 0.285413 0.069584 0.154252 -0.576737 0.127502 -0.134668 -0.215496 -0.174881 -0.212225 0.103979 -0.067994 0.399317 -0.193112 0.201771 0.241375 0.297929 0.091040 0.275755 -0.010250 -0.239378 -0.363777 0.001916 -0.003309 0.004247 -0.083647 0.027609 -0.261477 0.021679 0.079453 0.145927 0.029813 -0.317543 0.006781 0.164598 0.007110 0.022827 0.166499 0.079868 0.128338 -0.601168 -0.140385 -0.069774 -0.469743 -0.196189 -0.450337 -0.023789 0.071012 0.072616 -0.151257 0.415642 0.580767 0.375277 0.149164 0.196980 0.071668 -0.202447 -0.112442 -0.266720 -0.181078 0.135072 -0.160848 0.160008 -0.397185 -0.101692 -0.008802 -0.124905 0.058236 0.170138 -0.082359 0.176221 0.050323 -0.284132 -0.223566 -0.130774 -0.278085 -0.017591 -0.373143 -0.391036 -0.320856
0.142713 -0.195235 0.130093 0.205838 0.179630 0.521286 -0.235990 -0.227365 -0.091114 -0.226603 -0.175751 -0.000682 -0.118011 0.010437 -0.083746 0.111496 -0.187051 -0.316796 0.192643 -0.278838 0.122170 0.182654 0.567505 0.487407 0.483278 0.443380 0.605469 1.000000 -0.434554 -0.111383 -0.026105 0.001333 -0.138398 -0.219548 -0.009134 0.262022 -0.246938 -0.027216 0.107859 0.151685 -0.311982 0.043548 -0.140152 -0.012129 -0.179823 -0.185115 0.097503 0.071956 0.308799 -0.267311 0.363326 0.129352 0.041693 0.127264 0.139266 0.094387 -0.080624 -0.180395 -0.088107 -0.142181 -0.208401 -0.232983 -0.282250 -0.399447 0.187972 0.238684 0.025491 0.165956 -0.213374 0.076524 0.049535 -0.066387 -0.277490 -0.077498 -0.095003 0.082083 -0.171613 0.087810 -0.103209 -0.075657 -0.381934 -0.297244 0.006083 -0.124161 0.052210 -0.038664 0.230987 0.437546 0.499813 0.087410 0.125412 0.105007 0.046983 0.060098 0.007869 -0.020609 0.261455 0.008055 0.046062 -0.126360 -0.107009 -0.110002 -0.226980 -0.065908 -0.076263 -0.066744 0.154653 0.006774 -0.104677 -0.073606 0.010518 -0.210439 0.035137 -0.212363 -0.130785 -0.091073
-0.263875 0.037699 -0.171463 -0.124907 0.068484 -0.272928 -0.035020 0.041934 0.217670 0.365163 0.414652 0.222595 0.495599 0.265040 0.355226 0.218445 0.518280 0.539664 -0.095802 -0.075639 -0.048568 0.133439 -0.326837 -0.431910 -0.239964 -0.107253 -0.258794 -0.434554 1.000000 0.280757 0.248498 0.236713 0.068053 0.013495 0.006399 -0.225735 0.297062 -0.069160 -0.200439 -0.314721 0.111101 -0.187630 0.144491 -0.074636 0.064362 -0.137196 -0.073128 -0.259398 -0.222466 0.005732 -0.114135 -0.067841 0.094768 -0.225297 -0.219842 -0.131932 0.005447 -0.008667 -0.141453 -0.129630 0.059269 -0.034924 0.333313 0.230659 -0.079910 -0.198924 -0.176460 -0.554283 0.147077 -0.267041 0.043962 0.230906 0.596533 0.164006 0.025577 -0.024519 0.157715 -0.211602 0.625035 0.230901 0.681618 0.401610 -0.210232 0.240291 0.163682 0.190373 -0.174799 -0.244392 -0.244332 -0.144534 -0.352519 -0.431561 -0.262687 -0.071861 0.325762 -0.129016 -0.080898 -0.080619 -0.210153 -0.137963 -0.017934 0.191593 0.161328 -0.013165 0.200586 -0.058912 -0.147974 -0.152279 0.020786 0.282042 -0.175483 -0.090210 -0.234619 0.053700 0.128949 0.042505
-0.348235 0.116639 -0.325747 -0.081745 0.353413 0.313629 -0.124909 -0.047486 -0.134131 -0.154924 -0.375831 0.359405 -0.034221 0.721858 -0.279779 0.609242 0.320210 -0.127209 -0.315249 0.001284 -0.358498 -0.112988 -0.033178 -0.060634 0.366256 0.398034 0.327361 -0.111383 0.280757 1.000000 0.104836 0.265243 -0.030907 0.039971 -0.142367 -0.201604 0.036942 0.347790 -0.064709 -0.132906 -0.192124 0.134271 -0.122572 -0.151443 0.012892 -0.206291 -0.040446 -0.194473 -0.078959 -0.064745 -0.382652 0.002465 0.129652 -0.263885 0.064590 -0.190687 -0.299092 -0.267882 -0.173524 -0.065250 0.062869 -0.129034 0.352718 -0.067516 -0.263329 -0.284489 -0.023923 -0.350183 -0.155638 -0.214328 0.441127 0.300803 0.517896 0.681343 0.396123 0.308863 -0.477740 -0.206780 0.321692 -0.147079 0.351430 0.048410 0.293751 0.067976 0.395132 0.040234 0.262847 0.172456 -0.107877 -0.160056 -0.219285 -0.324151 -0.435101 -0.263529 -0.054689 -0.066843 -0.092429 -0.141358 -0.050567 -0.424654 -0.031566 0.212318 0.027191 0.112234 0.309764 -0.025745 0.082507 -0.037733 -0.056413 0.007333 -0.200131 -0.211416 -0.115270 -0.261876 -0.145784 -0.244799
-0.124704 0.019196 0.140156 0.222191 -0.123344 -0.150338 0.000023 0.059419 -0.180744 0.019980 0.174886 0.079496 0.024529 -0.010656 0.051972 -0.152916 0.079417 0.187049 0.105295 -0.033907 0.282928 0.347675 0.380198 0.219109 0.150680 0.219392 -0.161479 -0.026105 0.248498 0.104836 1.000000 0.791973 0.126806 0.273075 -0.036761 0.003535 -0.082389 -0.033047 0.051949 0.120658 -0.029307 -0.138538 -0.146975 -0.078558 0.026159 -0.022305 -0.180298 -0.101020 -0.155004 -0.182026 0.033942 -0.236261 -0.278293 -0.360669 -0.209849 0.030310 0.001013 -0.001929 -0.186631 -0.402133 -0.088310 -0.093952 0.123557 0.096492 0.324243 0.073011 -0.337259 -0.197336 -0.052790 -0.365231 0.149482 0.452523 0.435805 -0.083480 0.289814 0.335292 -0.007012 0.072037 0.265197 0.107348 0.264571 0.084446 -0.130747 -0.018220 0.021646 -0.057872 0.066613 0.150216 0.160762 -0.012254 -0.250661 -0.286900 -0.120964 -0.069457 -0.125720 0.097320 -0.004509 0.084138 -0.181684 -0.017401 -0.227984 -0.052102 -0.094285 -0.418462 -0.261474 -0.187415 -0.140262 -0.122497 -0.170911 0.056522 0.120342 -0.068868 -0.166317 0.014153 0.036648 -0.032824
-0.240770 0.092790 -0.009319 0.174568 -0.197065 -0.143136 -0.147588 -0.017387 -0.167537 -0.076213 0.023314 0.109327 0.028083 0.113667 0.050060 -0.090121 0.288959 0.285278 -0.119494 -0.080599 0.209275 0.381866 0.332982 0.137718 0.131850 0.303083 -0.143418 0.001333 0.236713 0.265243 0.791973 1.000000 0.054921 0.411375 -0.032378 0.172136 0.159996 0.015114 0.030685 0.019283 0.080227 -0.153512 -0.163496 -0.017125 0.070907 0.017582 -0.176436 -0.042669 -0.262209 -0.106369 -0.108851 -0.321198 -0.293985 -0.481628 -0.288819 -0.027138 -0.066139 0.065855 -0.259651 -0.429213 -0.148463 -0.240440 0.173430 0.147434 0.145429 -0.086691 -0.371094 -0.257707 -0.048497 -0.408447 0.323741 0.531728 0.381538 0.079591 0.265160 0.311499 0.043149 0.168804 0.404848 0.169660 0.372650 0.351095 0.056570 -0.010760 0.175242 0.077240 -0.045879 0.033269 -0.009466 -0.222275 -0.424254 -0.499406 -0.278512 -0.214629 0.011110 0.146360 0.048694 0.092866 -0.193895 -0.085462 -0.280099 -0.067275 -0.212892 -0.354289 -0.256117 -0.227560 -0.178421 -0.203384 -0.101165 0.249940 0.197309 -0.013372 -0.203792 0.008203 0.085212 -0.054642
0.189030 0.233806 0.153811 0.024790 -0.010398 -0.011338 0.217868 0.048333 0.101430 -0.092994 0.267577 -0.051257 0.137062 -0.046448 0.044961 0.051158 -0.051663 -0.050150 0.309788 0.060320 -0.107567 -0.069639 0.015701 -0.102774 -0.104772 -0.002750 -0.008878 -0.138398 0.068053 -0.030907 0.126806 0.054921 1.000000 0.522465 -0.009005 -0.187155 0.085358 0.021204 0.235827 0.207991 0.184539 0.121928 -0.120266 -0.074397 0.042111 -0.027294 -0.149691 0.074286 -0.121061 -0.094732 -0.239027 -0.222808 -0.135417 -0.134097 -0.188451 0.166997 0.122971 0.045675 0.097992 -0.106263 0.205666 0.144097 0.189611 0.134617 -0.057761 0.012559 0.016807 -0.177971 0.207534 0.015850 -0.378116 -0.256416 0.079500 -0.139706 0.015161 -0.132133 0.149122 -0.031143 -0.143290 0.007253 0.124942 -0.052389 0.131571 0.261983 -0.016863 -0.085396 -0.026921 0.035136 -0.059417 0.042971 -0.189199 -0.113722 -0.198465 -0.150005 -0.160091 -0.066907 0.135918 0.064685 0.097788 0.149936 -0.154708 -0.099637 0.034404 -0.205887 -0.238298 -0.220292 0.042915 0.081487 0.039664 -0.253308 0.126811 0.290051 0.056566 0.298535 -0.062897 -0.086502
-0.030276 0.179572 -0.121050 -0.000255 -0.309795 -0.173319 -0.011113 -0.016641 0.003511 -0.250150 0.062991 -0.037724 -0.051402 -0.089914 -0.021275 -0.148679 0.047741 -0.013784 -0.067849 0.358352 -0.151644 -0.210437 0.004207 0.036060 -0.058868 0.040423 -0.260894 -0.219548 0.013495 0.039971 0.273075 0.411375 0.522465 1.000000 0.013285 0.145528 0.127928 0.108397 0.151867 0.240447 0.268201 0.215752 -0.261245 -0.028478 -0.011545 0.085867 -0.252921 0.207578 -0.345361 -0.039485 -0.287850 -0.364018 -0.472358 -0.272877 -0.416172 -0.148079 0.171048 0.360366 -0.193768 -0.104624 -0.020467 -0.102084 0.141006 0.088246 0.024743 -0.151269 -0.216159 0.092031 0.014887 0.153362 -0.165590 -0.141803 0.134998 -0.081620 0.121505 -0.134853 0.176128 0.291033 -0.132833 0.020565 0.298128 0.100870 0.277519 0.320329 0.045588 -0.185332 0.066391 -0.024638 -0.263761 -0.358893 -0.257128 -0.214695 -0.135413 -0.291075 -0.173545 0.052337 0.069298 0.020813 0.059201 0.130231 -0.157162 -0.198212 -0.187637 -0.093782 -0.235081 -0.079327 -0.008718 0.145159 0.100702 -0.073186 0.405151 0.391074 0.194961 0.215715 0.043491 -0.031738
-0.056637 -0.079627 -0.089024 -0.184402 0.028440 -0.006319 -0.170174 -0.378255 -0.036013 -0.102112 0.124041 -0.117033 -0.137839 -0.162771 -0.187644 -0.074760 -0.363327 0.018601 -0.016158 -0.101899 -0.054529 -0.066613 -0.027105 0.021721 -0.047278 -0.052429 -0.084179 -0.009134 0.006399 -0.142367 -0.036761 -0.032378 -0.009005 0.013285 1.000000 0.270529 0.174805 -0.063654 -0.049816 -0.194316 0.087793 -0.083736 0.092396 0.032053 0.219132 0.410395 -0.122457 -0.072420 0.013231 0.178320 0.173221 -0.046261 -0.120124 -0.027902 0.073020 -0.050716 0.078613 0.076925 -0.000570 -0.068847 -0.185000 0.005849 -0.043249 0.134844 0.140292 0.023531 0.106576 0.182436 0.140334 -0.119914 -0.332154 -0.210205 0.109146 -0.270595 -0.133342 -0.116844 0.191023 0.269626 0.038919 0.048126 0.090521 0.034456 -0.263304 -0.038376 -0.014428 0.068484 -0.209504 0.025877 0.017085 -0.079673 -0.100862 0.009352 0.017186 0.135065 0.148562 0.039386 0.172053 -0.129138 0.123537 0.073394 0.132351 0.088913 0.098304 0.093360 -0.016554 -0.082576 0.069626 -0.077583 0.160443 0.256911 -0.047058 -0.051127 0.021024 -0.036113 -0.029536 0.048077
-0.187561 -0.339425 0.034223 0.163110 -0.174619 0.195037 -0.206998 0.028502 0.173248 0.011329 -0.094306 -0.123261 -0.051429 -0.122473 0.005306 -0.134465 0.084430 -0.120674 -0.088625 -0.245498 0.100267 0.021845 0.173717 0.145440 0.201334 0.187012 0.047270 0.262022 -0.225735 -0.201604 0.003535 0.172136 -0.187155 0.145528 0.270529 1.000000 -0.035470 0.003523 -0.078055 0.087053 0.028504 -0.095250 -0.024332 0.159214 -0.105083 0.423782 -0.079175 0.140936 -0.003234 -0.037094 0.157160 -0.130941 -0.339772 -0.092907 -0.164851 -0.034049 -0.178778 -0.017277 0.091952 -0.119814 -0.316788 0.029744 -0.444639 -0.248904 0.141011 0.414765 -0.106051 0.516312 -0.153439 0.110468 0.127639 0.007835 -0.327512 -0.084733 -0.240874 -0.311468 -0.007971 0.191069 0.066029 0.066750 -0.152408 -0.071739 -0.016131 -0.213666 0.103543 -0.047486 0.020516 0.014312 0.071059 -0.130345 -0.149664 -0.022582 0.150408 0.051463 0.135386 0.146544 0.152909 0.040554 -0.064860 -0.042558 -0.018998 -0.100211 -0.213989 0.033389 -0.161545 0.054638 0.009239 0.052537 0.060916 0.077144 0.344973 0.065418 0.037019 -0.171683 -0.051530 -0.073048
