1.000000 0.224109 0.011063 -0.102394 -0.164676 -0.030069 0.099625 -0.111163 -0.107851 -0.167385 0.147146 0.079999 -0.026156 0.181508 -0.123365 0.045987 0.243032 0.244725 0.337355 0.360804 -0.042195 0.000257 -0.130487 -0.013596 -0.106812 -0.035850 -0.066255 0.037413 0.248216 0.106301 -0.046682 -0.088867 0.275553 -0.171979 -0.242162 -0.149154 -0.195621 -0.248374 -0.115922 -0.052599 -0.007370 -0.168219 -0.229059 -0.115034 -0.135013 -0.208454 -0.188862 -0.213751 0.175676 -0.013395 -0.173748 -0.056548 0.213448 -0.101106 -0.218003 -0.192192 0.671523 0.113149 0.512583 0.014099 0.417763 0.323572 0.323158 0.132665 -0.103838 0.150352 0.048256 -0.327615 0.092491 -0.212058 -0.057783 -0.121485 0.180602 0.020066 0.282467 0.186917 -0.049989 -0.231689 0.255232 0.065595 0.185816 0.087064 -0.045274 -0.011378 -0.162964 -0.138414 -0.011658 0.024988 0.067995 0.229606 -0.227592 -0.120901 -0.018459 -0.244096 -0.221665 -0.281511 -0.286487 -0.381838 -0.253823 -0.141218 -0.138019 -0.011346 -0.192158 -0.142118 -0.132616 -0.031664 0.113360 -0.112972 -0.152856 -0.217964 -0.344584 -0.375695 -0.235121 -0.169788 -0.005722 0.021733
0.224109 1.000000 -0.289329 -0.118924 -0.010652 0.003421 -0.327491 -0.104629 0.005310 -0.123713 0.026259 -0.037500 -0.145734 0.040058 -0.203402 -0.137594 0.194979 0.159646 0.113132 0.445030 -0.032491 -0.187541 -0.293373 -0.194653 -0.118890 -0.229947 0.007203 -0.154342 -0.171133 -0.037299 -0.156155 -0.237479 0.322683 -0.046972 -0.306430 -0.056097 -0.398165 -0.124701 -0.185804 0.024685 -0.080834 -0.065717 -0.223975 -0.281754 -0.189650 -0.347571 -0.166640 -0.124127 0.080541 0.108680 -0.013322 0.198356 0.290435 0.111252 -0.270705 -0.099623 0.308642 0.713435 0.202477 0.505987 0.048549 0.513425 0.155369 0.541065 -0.297177 0.087901 0.228942 -0.113233 0.500085 0.335464 -0.195270 -0.212679 -0.162075 -0.065420 -0.107562 -0.105379 -0.263132 -0.286875 0.210824 0.275932 0.267832 0.201045 -0.034114 -0.071186 -0.106789 -0.254715 -0.099448 -0.084370 -0.043967 0.112620 0.144147 -0.144160 -0.162044 -0.296249 -0.001946 -0.199743 -0.013689 -0.108139 0.036787 -0.006183 -0.303375 -0.302511 -0.086553 -0.177537 -0.042158 -0.043960 -0.158981 -0.149141 -0.018941 -0.172480 -0.291374 -0.211241 -0.167555 -0.096667 -0.094842 0.012211
0.011063 -0.289329 1.000000 0.114810 0.084411 -0.045070 0.467872 0.022110 -0.067489 -0.171534 0.254480 0.007130 0.162602 -0.194233 0.081303 -0.143743 -0.068904 -0.131478 0.504478 0.077434 0.109970 0.334756 0.374717 0.139089 0.048866 0.098591 0.064974 0.141322 0.065713 -0.241135 0.263789 0.324803 -0.049427 0.201802 0.049035 -0.030771 0.040088 -0.120895 0.072873 -0.091229 -0.096977 -0.095529 0.169134 0.106004 0.130932 -0.000801 -0.018832 -0.131799 0.003406 -0.177528 0.144416 -0.238882 -0.315518 -0.374820 -0.024054 -0.220700 -0.240443 -0.370605 -0.162900 -0.332595 0.046390 -0.410115 -0.170728 -0.317133 0.278820 -0.397176 0.049778 0.131774 -0.346212 -0.184177 0.231178 0.164847 0.077963 -0.064618 0.096631 0.090638 0.157476 0.175755 -0.295881 -0.208615 -0.353005 -0.356734 0.128204 0.043610 0.078101 0.087600 0.161241 0.089620 0.074428 -0.255440 -0.238772 0.070633 0.021975 0.217951 -0.078336 -0.013060 -0.036449 -0.180438 -0.220598 -0.183937 0.074582 0.171063 0.009763 0.057003 0.029072 0.020013 -0.064618 0.060669 0.077536 0.074989 0.112069 -0.090085 0.087969 0.030073 0.024874 0.070325
-0.102394 -0.118924 0.114810 1.000000 -0.130289 0.324060 0.246823 0.713614 -0.073762 0.461003 -0.017417 0.207151 -0.148596 0.097038 -0.064660 0.368195 -0.186501 -0.089191 -0.113001 -0.182517 -0.013863 0.098345 0.183152 0.464027 0.158743 0.205948 0.025496 0.144688 -0.247298 0.010201 0.197489 0.272734 -0.198365 0.135278 0.000974 0.323484 -0.317403 -0.264636 -0.278177 -0.073757 -0.049818 -0.203706 -0.065761 0.025344 0.098789 0.369063 -0.178443 -0.305803 -0.020323 0.064280 0.020519 -0.003237 -0.288985 -0.281506 -0.304853 -0.354037 -0.198374 -0.289333 -0.104588 -0.260497 -0.095003 -0.194120 -0.155260 -0.259674 0.212803 0.375844 -0.239505 0.137470 -0.365368 -0.207017 -0.080221 0.132371 -0.142744 -0.172069 -0.180440 -0.048129 -0.087382 0.095554 -0.117505 -0.036864 -0.155696 -0.057806 -0.173094 -0.028686 0.084480 0.210338 0.038065 0.014003 0.034925 0.034292 0.064624 0.042121 0.280187 0.068667 -0.065544 -0.069208 -0.117349 -0.026230 0.007108 -0.113605 -0.150260 -0.080975 -0.215956 -0.131136 -0.181441 -0.163222 -0.113813 -0.089649 0.111364 -0.168628 -0.080367 -0.043057 0.227728 -0.040079 -0.117350 0.040577
-0.164676 -0.010652 0.084411 -0.130289 1.000000 0.331901 0.171639 0.020780 0.241523 0.145085 -0.062391 -0.133494 -0.056178 -0.107483 0.181479 0.082900 0.017620 0.173844 -0.076428 -0.130423 0.158431 0.039795 0.042199 -0.152920 0.063628 -0.015963 0.326643 -0.099124 -0.143704 0.071124 -0.045292 -0.115708 -0.169107 -0.036356 0.167769 0.065378 0.071638 -0.039293 0.073436 0.137402 -0.114871 0.073908 -0.061025 -0.068394 0.164838 0.217400 -0.102911 0.008727 0.016055 0.056475 0.011900 0.112140 -0.054553 -0.015760 -0.124331 -0.115882 -0.222694 0.096353 0.046051 0.051108 -0.025206 0.016135 -0.089109 0.101259 0.237255 0.068905 0.074460 -0.030863 -0.117410 -0.036343 0.095681 -0.036748 0.061948 0.050341 -0.130106 -0.158086 0.025664 -0.030353 -0.092661 0.039241 -0.080213 -0.033295 0.060587 -0.241028 0.094302 -0.085798 -0.011691 -0.121009 0.247645 -0.014542 0.018126 -0.174872 -0.170982 -0.009816 -0.108208 -0.050864 -0.141780 -0.097125 -0.208053 -0.064115 0.037474 0.019720 0.098649 -0.071342 -0.015099 -0.007828 0.008958 0.133968 -0.101247 0.045061 0.022232 -0.018552 0.028821 0.062908 0.173428 -0.015561
-0.030069 0.003421 -0.045070 0.324060 0.331901 1.000000 0.067520 0.288877 0.067331 0.471673 -0.234712 0.001363 -0.393175 0.122405 0.118953 0.354948 -0.229296 0.081709 -0.249546 -0.305242 0.008831 -0.083900 0.173681 0.223130 0.025436 0.155756 0.366087 0.230313 -0.422895 0.011167 -0.084942 -0.036565 -0.358547 -0.144403 0.137401 0.133579 -0.196526 -0.058368 -0.184895 0.047943 -0.027224 0.015164 -0.174852 -0.265661 0.076841 0.222172 -0.178540 -0.212682 0.188657 0.176512 -0.000935 0.192310 0.080804 -0.023476 -0.153499 -0.193838 -0.052104 -0.061488 0.140721 0.062362 -0.031991 0.160470 -0.128472 -0.014837 0.216652 0.383256 -0.104884 -0.080793 -0.245673 -0.199120 -0.006887 -0.050246 -0.299489 -0.091188 -0.114373 -0.124027 -0.260542 -0.057002 -0.216377 -0.166945 -0.269177 -0.169410 -0.054303 -0.109315 0.131827 -0.023486 0.063334 0.045995 0.217976 0.367614 0.276194 -0.050077 0.104751 0.114597 -0.150606 -0.141037 -0.135899 -0.063080 -0.038668 -0.026050 -0.075382 -0.030841 -0.011450 0.076813 0.144289 0.084658 0.075584 0.077558 -0.054370 0.020575 0.036220 -0.069870 0.011952 -0.046200 0.016433 0.011746
0.099625 -0.327491 0.467872 0.246823 0.171639 0.067520 1.000000 0.428342 0.052510 0.157414 0.193677 0.170778 0.344281 0.249152 0.020418 0.151881 0.070810 0.116226 0.022127 -0.084983 -0.055565 0.079436 -0.009372 -0.001468 -0.227715 -0.088280 -0.059832 -0.100212 0.101770 0.070848 0.026781 0.011327 -0.084323 0.092674 0.002810 0.111169 -0.043107 -0.182625 0.022125 -0.047719 -0.010874 -0.090547 -0.003451 0.090394 0.139671 0.202858 -0.030876 -0.060718 -0.055547 -0.101681 0.016670 -0.188814 -0.253456 -0.169566 -0.183861 -0.213874 -0.125673 -0.326531 -0.021713 -0.381026 0.278471 -0.312581 -0.141913 -0.270181 0.227097 0.113874 -0.191076 -0.063076 -0.371001 -0.307097 0.124296 0.104716 0.264444 0.036505 0.149248 -0.041539 0.099391 0.060186 0.013299 -0.064849 -0.104255 -0.030226 -0.215269 0.076530 -0.174701 0.009767 -0.120975 -0.182842 0.117951 -0.017746 -0.018892 0.141065 0.158782 0.212178 -0.151626 -0.021447 -0.180320 -0.145745 -0.134886 -0.156223 0.010119 0.113885 -0.024744 -0.108591 -0.076895 -0.055947 0.078993 -0.018380 -0.083728 -0.079732 -0.084164 -0.130186 0.075880 -0.025753 -0.088954 -0.111865
-0.111163 -0.104629 0.022110 0.713614 0.020780 0.288877 0.428342 1.000000 -0.104998 0.607813 -0.137287 0.235724 -0.062001 0.342001 -0.252941 0.322859 -0.031144 0.016067 -0.248757 -0.207181 -0.092539 -0.029793 -0.128205 0.136164 -0.173659 -0.002683 -0.257524 -0.161538 -0.245765 0.175134 0.129225 0.179924 -0.145361 0.170205 -0.121277 0.274393 -0.294157 -0.263857 -0.274568 -0.002430 -0.092333 -0.097950 -0.152117 -0.117255 0.208893 0.389050 -0.160662 -0.245314 -0.073872 0.144240 -0.040921 0.025067 -0.190800 -0.156579 -0.413802 -0.329266 -0.223974 -0.233400 -0.024847 -0.200322 0.096144 -0.104805 -0.107494 -0.102344 0.067157 0.482153 -0.257824 -0.000835 -0.307317 -0.238841 0.108942 0.252522 0.010340 0.015794 -0.099551 -0.050184 -0.087620 0.108678 0.097876 0.013991 0.016968 0.008975 -0.363342 -0.134875 -0.142135 -0.029433 -0.242849 -0.259863 -0.019818 -0.034784 0.258940 0.110929 0.299347 0.127596 -0.040252 -0.064795 -0.170626 -0.040144 0.113957 -0.006989 -0.135884 -0.050009 -0.108167 -0.105511 -0.099549 -0.116792 0.046589 -0.049546 0.018635 -0.158369 -0.146014 -0.041276 0.202250 0.008325 -0.103955 0.031275
-0.107851 0.005310 -0.067489 -0.073762 0.241523 0.067331 0.052510 -0.104998 1.000000 0.164987 -0.115501 0.098266 -0.115035 -0.060314 0.476259 0.126228 -0.113775 -0.066238 -0.103650 -0.200999 -0.034078 -0.089147 0.170055 0.108802 0.065926 -0.154255 0.245696 0.009626 -0.049647 -0.113884 -0.288846 -0.236918 -0.148585 -0.064999 0.275314 0.171918 0.084378 0.128472 -0.033068 -0.149714 0.138554 0.214047 -0.097042 -0.065871 -0.085793 0.134209 0.025430 -0.078862 -0.220292 -0.263012 -0.014963 -0.148110 -0.168147 -0.053962 -0.003443 -0.041228 -0.104151 0.151601 -0.094887 -0.049441 -0.087701 0.001584 -0.107347 0.029612 0.349382 0.256807 -0.004226 0.211577 0.031249 -0.027308 -0.313101 -0.347801 -0.101751 -0.076631 -0.089660 -0.136645 -0.100419 -0.248088 0.010204 0.043132 -0.050865 0.097863 0.062366 -0.108496 0.417990 0.196397 -0.036465 0.079213 0.247411 0.164589 -0.063649 -0.054717 0.038641 0.072755 0.082286 -0.037493 -0.021701 -0.094833 -0.269848 -0.233040 0.049249 -0.012975 0.040815 -0.037327 -0.050814 -0.062206 -0.022202 0.042631 -0.245627 -0.090424 -0.101478 -0.049850 -0.107449 -0.042463 -0.026824 -0.118130
-0.167385 -0.123713 -0.171534 0.461003 0.145085 0.471673 0.157414 0.607813 0.164987 1.000000 -0.409063 0.053910 -0.394961 0.260427 -0.151580 0.519168 -0.129844 -0.022161 -0.384331 -0.277440 -0.014448 -0.158401 -0.032752 0.032498 -0.097670 0.049015 -0.128986 -0.213938 -0.313329 0.208689 0.221483 0.111966 -0.273515 0.026553 0.004987 0.312749 -0.098340 0.025372 -0.120472 -0.016161 -0.049413 0.000097 -0.188283 -0.207230 0.067865 0.334478 -0.055259 -0.189614 -0.006719 0.099194 -0.135470 0.090098 -0.019393 -0.012073 -0.278045 -0.205523 -0.088178 -0.080958 0.030999 -0.027106 0.010694 0.042797 -0.084454 -0.020171 0.184590 0.458127 -0.195649 -0.094694 -0.090006 -0.183981 0.104683 0.158663 -0.093378 0.106893 -0.030034 0.033341 -0.125084 0.056216 0.105127 -0.083873 -0.020191 0.003944 -0.351608 -0.190934 -0.078942 -0.048120 -0.173624 -0.182553 -0.075965 0.188445 0.285076 0.104907 0.214433 0.112052 -0.060889 -0.052913 -0.147680 -0.024906 0.056796 -0.016101 -0.033085 0.109882 0.102475 -0.021443 -0.023304 -0.158418 0.119537 0.105079 -0.122332 -0.159038 -0.114133 0.059927 0.187575 0.098485 -0.138078 -0.120612
0.147146 0.026259 0.254480 -0.017417 -0.062391 -0.234712 0.193677 -0.137287 -0.115501 -0.409063 1.000000 0.171734 0.593935 -0.033142 0.315054 -0.071236 0.173995 0.068132 0.274287 0.138649 0.076247 0.199831 0.242510 0.191859 0.096248 -0.125595 0.108410 0.231006 0.299494 -0.163295 0.172823 0.092839 0.025450 -0.026786 -0.036802 -0.124159 0.030430 -0.174728 0.211634 0.093978 0.119777 0.034067 -0.111421 0.077668 -0.090656 -0.134412 -0.116850 -0.176838 -0.039568 -0.217689 0.110057 -0.274528 -0.223544 -0.230677 0.188906 -0.016402 -0.111927 0.043058 -0.197882 -0.274983 -0.058675 -0.287984 0.075534 -0.195292 0.189748 -0.293321 -0.098079 -0.034346 -0.073696 0.027872 0.075736 0.106530 0.169165 -0.029840 0.115624 0.270966 0.273697 -0.059382 -0.094218 0.036774 0.011479 0.033534 0.451261 0.231759 0.327569 0.125078 0.356791 0.205709 0.256076 -0.044752 -0.482858 -0.007338 -0.121243 -0.113934 -0.138701 0.084761 -0.077085 -0.107691 -0.191268 0.009242 -0.052973 -0.068702 -0.184527 -0.144595 -0.074985 -0.026522 -0.245443 -0.321844 0.120988 0.046477 0.023266 -0.089001 0.009501 -0.054473 -0.096644 -0.091821
0.079999 -0.037500 0.007130 0.207151 -0.133494 0.001363 0.170778 0.235724 0.098266 0.053910 0.171734 1.000000 0.179949 0.510622 0.159523 0.417390 -0.153900 0.023805 -0.143600 -0.160398 -0.303055 0.103747 0.091829 0.307577 -0.180509 0.090634 -0.190545 0.112370 0.043251 0.338615 0.080008 0.223252 -0.063356 0.010875 -0.217264 -0.070183 -0.051274 -0.076788 -0.187168 0.016441 0.052304 0.027529 -0.253729 -0.155622 -0.309507 -0.037907 -0.165597 -0.264658 -0.214312 -0.321519 -0.027010 -0.308644 -0.174625 -0.204416 -0.131423 -0.216981 -0.044319 -0.098410 -0.106893 -0.310121 0.144464 -0.105283 -0.107322 -0.156813 0.171474 0.219082 -0.294259 -0.137849 -0.116671 -0.166376 0.007908 0.271155 0.055510 0.222760 0.072729 0.303760 0.050345 0.018732 0.047585 0.069241 -0.111214 0.106747 -0.033651 0.211886 0.146489 0.413281 -0.194775 0.140829 0.020621 0.016002 -0.136323 -0.141528 0.095567 0.007603 0.133324 -0.113469 0.045740 -0.100317 -0.157552 -0.123310 -0.101062 -0.096394 -0.169027 0.009426 -0.031104 -0.025940 -0.035683 -0.124874 0.002900 -0.231030 -0.111738 -0.174025 0.113371 0.032886 0.067893 0.136529
-0.026156 -0.145734 0.162602 -0.148596 -0.056178 -0.393175 0.344281 -0.062001 -0.115035 -0.394961 0.593935 0.179949 1.000000 0.227566 0.084573 -0.198464 0.187262 0.040918 0.038972 0.027612 -0.190301 0.033321 -0.047923 -0.018123 -0.093067 -0.144844 -0.062736 0.051819 0.304213 -0.083877 -0.053304 -0.062495 0.018138 -0.007578 -0.080241 -0.141148 0.081943 -0.064925 0.088238 0.059708 0.126207 -0.012668 0.077412 0.229645 -0.073974 -0.186657 0.095037 0.159398 -0.049399 -0.077970 0.193584 -0.132872 -0.164421 -0.046866 0.206603 0.132526 -0.188402 -0.132215 -0.088352 -0.130259 0.065989 -0.197138 -0.001945 -0.126299 -0.166493 -0.260241 -0.060762 -0.052224 -0.080551 -0.022157 0.113986 0.074387 0.261207 0.047732 0.071417 -0.000895 0.243703 0.005736 0.047873 0.011598 0.081560 -0.030550 0.186032 0.140389 -0.078062 0.028155 0.052441 0.011488 0.056551 -0.176828 -0.203036 0.183894 -0.023203 0.041665 0.025211 0.098691 0.069536 0.066030 0.082910 0.139501 0.087056 -0.026707 -0.068420 -0.043343 0.055278 0.066360 -0.110517 -0.159691 0.051994 -0.028027 0.079867 -0.061413 0.053172 0.068851 0.015670 -0.001788
0.181508 0.040058 -0.194233 0.097038 -0.107483 0.122405 0.249152 0.342001 -0.060314 0.260427 -0.033142 0.510622 0.227566 1.000000 -0.292234 0.283209 0.021451 0.280192 -0.201185 -0.083378 -0.245883 -0.233483 -0.333860 -0.121160 -0.363838 -0.104923 -0.269180 -0.182547 -0.001510 0.318156 -0.080393 -0.026064 -0.064779 -0.158601 -0.253764 0.045365 -0.098050 -0.086829 -0.237990 -0.018056 0.095280 -0.055431 -0.397106 -0.225868 -0.123804 -0.031973 -0.208195 -0.276341 0.035639 0.096880 -0.126188 0.107896 0.125221 -0.047802 -0.295699 -0.170652 0.066543 -0.106719 0.320961 0.065935 0.365707 0.209936 -0.000727 0.070571 -0.195660 0.477234 -0.069542 -0.216399 -0.032694 -0.177344 0.139582 0.188113 0.141575 0.279752 0.062490 0.127717 0.052014 0.056122 0.236378 0.042788 0.099187 0.156191 -0.298629 -0.060971 -0.303777 -0.095235 -0.271453 -0.125743 -0.067426 0.203880 0.187312 0.070488 0.119071 -0.050990 0.027123 -0.053803 -0.144146 -0.177883 0.086535 0.042121 -0.120628 -0.014784 -0.065121 -0.054297 0.033132 -0.039320 0.138245 -0.075150 -0.055811 -0.387952 -0.291068 -0.144213 0.109516 0.039923 0.005029 0.003598
-0.123365 -0.203402 0.081303 -0.064660 0.181479 0.118953 0.020418 -0.252941 0.476259 -0.151580 0.315054 0.159523 0.084573 -0.292234 1.000000 0.218717 -0.336846 -0.239719 -0.045041 -0.243987 0.038170 0.185610 0.508650 0.379522 0.277511 0.129130 0.374380 0.399792 0.012286 -0.133113 -0.029516 0.048772 -0.299699 -0.083484 0.424028 0.024959 0.210728 -0.009930 0.209540 0.064144 0.127456 0.144096 -0.008193 0.021069 -0.082693 0.117392 0.075056 0.025285 -0.153287 -0.309549 0.126698 -0.192955 -0.245438 0.044175 0.267425 0.068227 -0.236830 -0.049238 -0.255922 -0.356489 -0.294429 -0.318250 -0.254574 -0.344369 0.482800 -0.126128 -0.175907 0.094554 -0.064498 0.052585 -0.097897 -0.106089 -0.150802 -0.095453 -0.022318 0.030572 0.012443 -0.187225 -0.324025 -0.147862 -0.361714 -0.068034 0.508840 0.228590 0.580135 0.301521 0.193592 0.242435 0.408875 0.010482 -0.265515 -0.120153 0.008155 0.131002 0.009403 0.103357 0.075836 0.148834 -0.300089 -0.087351 0.116411 0.035652 0.028522 0.073133 0.040231 0.050977 -0.109988 -0.129739 0.011312 0.285670 0.268314 -0.010484 -0.031764 -0.046497 0.025347 -0.044978
0.045987 -0.137594 -0.143743 0.368195 0.082900 0.354948 0.151881 0.322859 0.126228 0.519168 -0.071236 0.417390 -0.198464 0.283209 0.218717 1.000000 -0.195158 -0.004791 -0.387923 -0.390653 0.056909 0.128290 0.123057 0.321946 0.123318 0.169330 -0.072092 0.008908 -0.175262 0.326706 0.144742 0.104700 -0.277105 -0.121357 0.010671 0.211033 -0.036464 -0.096641 0.032095 0.021173 -0.013712 -0.006568 -0.191470 -0.157006 -0.141509 0.235658 -0.009569 -0.167883 -0.104022 -0.152845 -0.119406 -0.153643 -0.065720 -0.014406 -0.138603 -0.224878 0.105265 -0.140037 0.046056 -0.200032 0.109000 -0.062826 -0.062531 -0.195545 0.328714 0.409775 -0.316625 -0.198311 -0.110608 -0.246664 0.010325 0.135611 -0.101649 0.038196 -0.049925 0.235789 -0.168240 -0.105817 0.063878 -0.019234 -0.147512 0.097697 -0.098861 0.233219 0.123245 0.270996 -0.033462 0.087385 0.052864 0.344145 -0.094265 -0.074768 0.218954 0.017308 -0.107227 -0.081436 -0.152246 -0.019589 -0.267010 -0.200207 -0.002843 0.046393 0.005102 -0.078513 -0.107198 -0.133361 -0.021325 -0.049782 -0.024240 -0.102456 -0.086296 -0.054885 0.053220 -0.030102 -0.161110 -0.166586
0.243032 0.194979 -0.068904 -0.186501 0.017620 -0.229296 0.070810 -0.031144 -0.113775 -0.129844 0.173995 -0.153900 0.187262 0.021451 -0.336846 -0.195158 1.000000 0.528325 0.252255 0.350805 0.074852 -0.118476 -0.380266 -0.360590 -0.281813 -0.408041 -0.119752 -0.239568 0.571768 0.219008 -0.024921 -0.071895 0.381083 0.079219 -0.258504 -0.125093 -0.027530 0.053206 -0.006596 -0.068906 -0.031870 0.043036 0.009674 0.052471 0.062358 -0.124636 -0.075519 -0.062939 -0.093169 -0.085372 -0.214718 -0.180797 0.188239 -0.121071 -0.212970 -0.152631 0.368491 0.393508 0.034717 0.049578 0.196009 0.051159 0.447201 0.348085 -0.249625 -0.147843 0.032540 -0.248206 0.163796 -0.055143 0.087928 -0.074830 0.559729 0.196806 0.119249 -0.047118 0.241405 -0.060673 0.677430 0.492718 0.712117 0.495131 -0.046952 -0.072598 -0.196265 -0.255907 0.022984 -0.103484 -0.053661 -0.022964 -0.149981 -0.093600 -0.163195 -0.308690 -0.236082 -0.224856 -0.321036 -0.328081 -0.087650 -0.070495 -0.161477 -0.298584 -0.109495 -0.338390 -0.163441 -0.061989 0.044648 0.011112 -0.125583 -0.243458 -0.378504 -0.259257 -0.214723 -0.169296 -0.238614 -0.110035
0.244725 0.159646 -0.131478 -0.089191 0.173844 0.081709 0.116226 0.016067 -0.066238 -0.022161 0.068132 0.023805 0.040918 0.280192 -0.239719 -0.004791 0.528325 1.000000 0.169145 0.190620 -0.045167 -0.203981 -0.272491 -0.280909 -0.340546 -0.345716 -0.064311 -0.269773 0.440573 0.527102 -0.110497 -0.037702 0.158828 -0.075501 -0.285602 -0.128646 -0.091608 -0.051077 -0.196319 0.058999 0.009030 0.105485 -0.169555 -0.089270 0.059629 -0.038993 -0.203044 -0.234385 -0.051694 0.062924 -0.404088 -0.013534 0.062578 -0.159824 -0.415196 -0.266596 0.331378 0.296457 0.122514 0.181305 0.199037 0.268871 0.294611 0.444238 -0.122723 0.127166 -0.088580 -0.254771 -0.044615 -0.116582 0.017854 0.043001 0.509956 0.342082 0.086085 -0.022457 0.141251 0.020591 0.384995 0.505856 0.339987 0.521089 -0.117483 0.026437 -0.271644 -0.189143 -0.026706 -0.059726 -0.055170 0.124137 -0.168410 -0.238658 -0.167907 -0.210943 -0.229440 -0.160620 -0.417095 -0.452072 -0.198431 -0.239426 -0.238369 -0.156791 -0.094100 -0.203099 -0.140613 -0.029432 0.071252 0.049776 -0.034537 -0.373710 -0.443181 -0.334478 -0.153480 -0.079660 -0.021759 -0.064198
0.337355 0.113132 0.504478 -0.113001 -0.076428 -0.249546 0.022127 -0.248757 -0.103650 -0.384331 0.274287 -0.143600 0.038972 -0.201185 -0.045041 -0.387923 0.252255 0.169145 1.000000 0.609667 0.200968 0.061342 0.010847 -0.141166 -0.072261 -0.171973 0.083053 -0.016387 0.409256 -0.097937 0.148315 0.137812 0.346721 0.179898 -0.161289 -0.222833 0.054053 -0.088845 0.045782 -0.086586 0.112445 0.063522 0.045680 0.067412 0.022868 -0.213619 -0.093119 -0.218888 -0.059724 -0.170056 -0.076215 -0.224444 -0.099148 -0.289307 0.035392 -0.139349 0.156346 0.078821 0.085205 -0.137612 0.086719 -0.098919 0.094318 0.061383 -0.076440 -0.292513 0.198419 -0.024450 -0.011696 0.028811 0.118317 -0.057556 0.366145 0.037810 0.151470 0.156032 0.274348 0.044212 -0.008984 0.069111 -0.014218 -0.038706 0.240317 -0.077554 -0.067848 -0.196784 0.166956 0.001458 0.076400 -0.186249 -0.239429 -0.147131 -0.150390 -0.182677 -0.086963 -0.027721 -0.151132 -0.348178 -0.184886 -0.154005 -0.029423 -0.004478 -0.021507 -0.175404 -0.133995 -0.053259 -0.069350 -0.100470 0.051780 -0.131226 -0.203960 -0.276185 0.003004 -0.064074 -0.023013 0.000241
0.360804 0.445030 0.077434 -0.182517 -0.130423 -0.305242 -0.084983 -0.207181 -0.200999 -0.277440 0.138649 -0.160398 0.027612 -0.083378 -0.243987 -0.390653 0.350805 0.190620 0.609667 1.000000 0.043508 -0.232075 -0.265504 -0.299054 -0.272778 -0.330169 -0.108563 -0.175092 0.341122 -0.050815 0.078793 -0.040179 0.476377 0.213564 -0.267753 -0.143864 -0.144328 -0.100648 -0.087576 -0.079240 0.092197 -0.156943 0.004305 0.014108 -0.074788 -0.328342 -0.102939 -0.107513 -0.013611 -0.001249 -0.108051 0.022332 0.123747 -0.053347 -0.116449 -0.114349 0.379866 0.394161 0.119504 0.077453 0.070773 0.161465 0.039492 0.233889 -0.326427 -0.198136 0.090603 -0.128043 0.335054 0.393287 0.073300 -0.122541 0.298565 0.016087 0.129152 -0.031533 0.098741 -0.039182 0.202866 0.121610 0.267899 0.142184 0.074729 -0.060276 -0.223309 -0.252145 -0.135516 -0.175069 -0.104470 -0.203020 0.029283 -0.088080 -0.069412 -0.339288 0.050895 -0.101499 -0.120677 -0.282840 0.049129 -0.089835 -0.204659 -0.155685 -0.203066 -0.298182 -0.228930 -0.126985 -0.190349 -0.216469 0.064304 -0.224927 -0.321579 -0.374332 -0.181299 -0.215855 -0.063718 0.029349
-0.042195 -0.032491 0.109970 -0.013863 0.158431 0.008831 -0.055565 -0.092539 -0.034078 -0.014448 0.076247 -0.303055 -0.190301 -0.245883 0.038170 0.056909 0.074852 -0.045167 0.200968 0.043508 1.000000 0.371341 0.055281 -0.081633 0.374166 0.061277 0.417071 -0.038116 0.023219 -0.011857 0.271344 0.020159 -0.035651 -0.042349 -0.080708 -0.077873 0.135739 0.035492 0.164026 0.014772 0.060373 0.286404 0.072018 0.040403 0.126562 0.046025 0.022054 0.004919 0.159217 0.066713 0.032621 0.015650 0.025712 0.138865 0.143293 0.131954 0.012606 0.022133 -0.094261 -0.124800 -0.212229 -0.238127 -0.005920 -0.180924 -0.004805 -0.181924 0.097845 -0.052771 -0.029264 0.011420 0.227362 0.090196 0.012391 0.039092 -0.065220 0.193029 0.106585 -0.020782 -0.151652 -0.156265 -0.062940 -0.059344 0.185820 -0.029000 0.056460 -0.110300 0.272378 0.106411 0.026971 0.083170 -0.119027 -0.054721 -0.280986 -0.134888 -0.244989 0.184414 -0.056166 0.039448 -0.059519 0.121508 0.113960 0.143554 0.121347 -0.172437 -0.144836 -0.131387 0.003339 0.044153 0.035381 0.239565 0.026423 0.219176 0.118925 0.090232 -0.101140 -0.306265
0.000257 -0.187541 0.334756 0.098345 0.039795 -0.083900 0.079436 -0.029793 -0.089147 -0.158401 0.199831 0.103747 0.033321 -0.233483 0.185610 0.128290 -0.118476 -0.203981 0.061342 -0.232075 0.371341 1.000000 0.408948 0.399403 0.391286 0.463633 0.182195 0.358224 0.006017 0.009624 0.208613 0.338634 -0.084601 0.057825 0.043289 -0.139006 0.215997 0.140445 0.342625 0.328661 0.055582 0.254057 0.145665 0.169847 -0.075722 -0.085256 0.094795 0.126093 0.009821 -0.221548 0.122493 -0.292890 -0.236178 -0.106724 0.131167 0.112116 -0.096391 -0.202745 -0.304322 -0.410151 -0.257755 -0.386307 -0.093192 -0.320085 0.070517 -0.384386 -0.191703 -0.085063 -0.254132 -0.314926 0.220869 0.330089 -0.020299 0.125946 0.013793 0.366731 0.285151 0.256316 -0.183549 0.000625 -0.268626 -0.115936 0.244778 0.244682 0.193892 0.265150 0.196094 0.280113 0.039332 -0.125973 -0.304991 -0.146955 -0.305354 -0.117987 -0.178360 0.013282 0.222098 0.017471 -0.176371 0.036232 -0.097535 0.033499 -0.045405 -0.159300 -0.183395 -0.213538 -0.052471 0.010745 -0.133610 0.198375 0.328455 0.284438 0.096962 0.051000 -0.105279 -0.210123
-0.130487 -0.293373 0.374717 0.183152 0.042199 0.173681 -0.009372 -0.128205 0.170055 -0.032752 0.242510 0.091829 -0.047923 -0.333860 0.508650 0.123057 -0.380266 -0.272491 0.010847 -0.265504 0.055281 0.408948 1.000000 0.687455 0.429327 0.426010 0.366234 0.634293 -0.134081 -0.243795 0.225444 0.368621 -0.294148 -0.047090 0.305739 0.060357 0.078630 -0.002382 0.111851 0.117885 -0.026197 0.009312 -0.076427 -0.035741 -0.223577 0.017538 -0.033205 -0.116429 -0.081461 -0.311914 0.159893 -0.194445 -0.281544 -0.205908 0.156962 -0.031018 -0.193093 -0.235866 -0.317079 -0.360430 -0.340182 -0.296998 -0.104047 -0.430571 0.562186 -0.198714 -0.262514 0.043871 -0.277067 -0.126746 -0.044890 0.061111 -0.285926 -0.204479 0.051247 0.150928 -0.006401 -0.012042 -0.374850 -0.174070 -0.362310 -0.242106 0.458158 0.157105 0.582343 0.341009 0.259142 0.295108 0.265822 0.037235 -0.379313 0.019880 0.007694 0.258884 -0.005607 0.009693 0.030528 0.078534 -0.278679 -0.076981 0.112044 0.090867 -0.027357 0.185339 0.035873 0.080750 -0.292429 -0.112206 0.005742 0.187569 0.347591 0.154180 0.062009 0.068599 0.118419 0.072839
-0.013596 -0.194653 0.139089 0.464027 -0.152920 0.223130 -0.001468 0.136164 0.108802 0.032498 0.191859 0.307577 -0.018123 -0.121160 0.379522 0.321946 -0.360590 -0.280909 -0.141166 -0.299054 -0.081633 0.399403 0.687455 1.000000 0.442188 0.506522 0.261912 0.666836 -0.195741 -0.170474 0.084034 0.277178 -0.218104 -0.019597 0.263260 0.156750 -0.140286 -0.167434 -0.007504 -0.033889 -0.051757 -0.099884 -0.062752 0.037074 -0.177276 0.137837 -0.057561 -0.196164 -0.090965 -0.292073 0.184388 -0.242240 -0.353288 -0.283895 0.059584 -0.176243 -0.117112 -0.220160 -0.216314 -0.363239 -0.211898 -0.183959 -0.154263 -0.384217 0.420442 0.112954 -0.318247 0.080372 -0.287005 -0.195656 -0.140906 0.090434 -0.293546 -0.223323 -0.011212 0.140940 -0.103510 -0.003977 -0.280391 -0.113874 -0.279403 -0.169343 0.232433 0.072930 0.478098 0.444749 0.149831 0.285383 0.219486 0.128811 -0.360810 -0.103775 0.095764 0.079634 0.054440 -0.050322 -0.007660 -0.004700 -0.323943 -0.214398 -0.069416 -0.120286 -0.263468 0.100762 -0.082333 0.056571 -0.262516 -0.207741 0.017997 0.056323 0.150023 -0.023010 0.008742 -0.056838 0.099137 0.177496
-0.106812 -0.118890 0.048866 0.158743 0.063628 0.025436 -0.227715 -0.173659 0.065926 -0.097670 0.096248 -0.180509 -0.093067 -0.363838 0.277511 0.123318 -0.281813 -0.340546 -0.072261 -0.272778 0.374166 0.391286 0.429327 0.442188 1.000000 0.529251 0.391633 0.371096 -0.193530 -0.260961 0.189265 0.098978 -0.202876 -0.151859 0.222608 0.042275 0.126381 -0.154344 0.220178 -0.063245 -0.175038 0.023254 0.165058 0.203822 0.034438 0.198639 0.156188 0.047261 0.124344 0.008457 0.287213 -0.000614 -0.202499 -0.002809 0.229692 0.088514 -0.087744 -0.142346 -0.180493 -0.190252 -0.368665 -0.229613 -0.076099 -0.275554 0.206359 -0.123351 -0.081970 0.109641 -0.078373 -0.090845 -0.041135 -0.078744 -0.336226 -0.234862 -0.200403 0.160466 -0.080933 -0.104950 -0.198504 -0.046789 -0.139207 -0.062012 0.244562 0.019543 0.315487 0.189555 0.488108 0.338988 0.076520 0.042107 -0.286436 -0.039559 -0.163671 0.049337 -0.061702 0.075741 0.162012 0.146948 -0.060347 0.001710 0.153733 -0.008812 -0.046009 0.060982 -0.027141 0.019513 -0.206596 -0.056848 0.138444 0.199654 0.325867 0.319301 0.098585 0.080474 0.055441 -0.040958
-0.035850 -0.229947 0.098591 0.205948 -0.015963 0.155756 -0.088280 -0.002683 -0.154255 0.049015 -0.125595 0.090634 -0.144844 -0.104923 0.129130 0.169330 -0.408041 -0.345716 -0.171973 -0.330169 0.061277 0.463633 0.426010 0.506522 0.529251 1.000000 0.168557 0.533066 -0.340968 -0.110380 0.250192 0.318448 -0.294672 -0.098980 0.188189 -0.016525 -0.056311 -0.097853 -0.031835 0.085716 -0.246417 -0.114437 0.092446 0.080311 -0.036465 0.112752 0.080693 0.076843 0.105631 0.024883 0.230734 0.061043 -0.124825 0.060906 0.048495 0.029362 -0.146351 -0.336996 -0.060116 -0.133553 -0.192519 -0.106110 -0.178935 -0.278914 0.099330 -0.030437 -0.210304 -0.088457 -0.169505 -0.204574 0.182974 0.332165 -0.404419 -0.042179 -0.109133 0.198788 -0.049902 0.176059 -0.269684 -0.194753 -0.302295 -0.227485 0.083671 -0.021243 0.045560 0.180880 -0.002991 0.136264 -0.014315 -0.078146 -0.018318 0.108453 0.007686 0.090790 -0.009923 0.014519 0.130157 0.189976 -0.012675 0.141511 -0.032320 -0.064440 -0.094700 0.126096 0.042792 0.011045 -0.117306 -0.009578 0.091325 0.213313 0.233796 0.261731 0.026049 -0.043837 0.184725 0.130725
-0.066255 0.007203 0.064974 0.025496 0.326643 0.366087 -0.059832 -0.257524 0.245696 -0.128986 0.108410 -0.190545 -0.062736 -0.269180 0.374380 -0.072092 -0.119752 -0.064311 0.083053 -0.108563 0.417071 0.182195 0.366234 0.261912 0.391633 0.168557 1.000000 0.449132 -0.069613 -0.276728 -0.099012 -0.121360 -0.223052 -0.199998 0.181590 -0.084980 0.039779 0.004654 0.077180 -0.087575 0.167785 0.136019 0.050234 0.040715 -0.089892 0.042837 -0.047999 -0.028010 0.102512 -0.015617 0.211499 0.049035 -0.022805 -0.026236 0.209074 0.004653 -0.082451 0.046279 -0.090384 -0.112187 -0.238540 -0.071495 -0.063825 -0.120188 0.207673 -0.033694 0.026220 0.063663 -0.101106 0.002699 -0.087452 -0.235990 -0.175983 -0.206151 -0.075611 -0.108905 -0.067492 -0.159222 -0.355834 -0.227819 -0.177222 -0.174379 0.384508 -0.054376 0.353212 0.046020 0.348650 0.323960 0.374519 0.213457 -0.179114 -0.118782 -0.176361 -0.030427 -0.153018 -0.079873 -0.056301 -0.031295 -0.179496 -0.104158 0.048701 -0.017609 -0.016692 0.017024 0.002073 0.047800 -0.022440 0.018227 -0.070707 0.153895 0.149024 -0.005934 -0.024366 -0.032900 0.031042 -0.072055
0.037413 -0.154342 0.141322 0.144688 -0.099124 0.230313 -0.100212 -0.161538 0.009626 -0.213938 0.231006 0.112370 0.051819 -0.182547 0.399792 0.008908 -0.239568 -0.269773 -0.016387 -0.175092 -0.038116 0.358224 0.634293 0.666836 0.371096 0.533066 0.449132 1.000000 -0.199128 -0.415400 -0.089036 0.088376 -0.228024 -0.232597 0.284897 -0.085724 -0.117322 -0.091692 -0.044013 0.093774 0.074209 -0.066522 -0.014029 0.002086 -0.267855 -0.101804 -0.109397 -0.057574 0.074927 -0.208707 0.362681 -0.036644 -0.101102 -0.118946 0.225420 -0.037356 -0.090612 -0.212480 -0.111509 -0.231540 -0.232301 -0.183927 -0.100053 -0.363068 0.215881 -0.106040 -0.094679 0.041937 -0.100387 -0.000919 -0.077267 0.109000 -0.332751 -0.232256 0.033733 0.019073 -0.050948 -0.045443 -0.276640 -0.216080 -0.211345 -0.266282 0.464518 0.094007 0.474373 0.295798 0.215933 0.359780 0.427829 0.149134 -0.165666 0.079394 0.025922 0.049537 0.011210 -0.014479 0.066527 0.127774 -0.120664 0.039401 -0.134528 -0.278049 -0.343197 0.143206 0.060934 0.157398 -0.215488 -0.165237 0.114781 0.272076 0.261355 -0.057726 -0.168318 -0.205560 0.086718 0.094484
0.248216 -0.171133 0.065713 -0.247298 -0.143704 -0.422895 0.101770 -0.245765 -0.049647 -0.313329 0.299494 0.043251 0.304213 -0.001510 0.012286 -0.175262 0.571768 0.440573 0.409256 0.341122 0.023219 0.006017 -0.134081 -0.195741 -0.193530 -0.340968 -0.069613 -0.199128 1.000000 0.327826 0.110553 0.184423 0.260889 0.127613 -0.234977 -0.264141 0.290876 0.048607 0.210752 -0.044804 0.183099 0.020141 0.102505 0.231942 -0.026704 -0.124861 0.099404 -0.020361 -0.262958 -0.242165 -0.348044 -0.362785 0.004895 -0.187203 0.060075 -0.015863 0.283370 0.105528 -0.131985 -0.252735 0.183620 -0.119864 0.324932 0.101341 -0.030271 -0.251125 -0.231299 -0.255184 -0.063426 -0.145376 0.076236 -0.119254 0.779222 0.194391 0.289010 0.111381 0.372189 0.014527 0.378463 0.330049 0.381513 0.450132 0.162700 0.272142 -0.080429 -0.061630 0.105105 0.028880 -0.010044 -0.152900 -0.386499 -0.198181 -0.102813 -0.227630 -0.160171 -0.109082 -0.200218 -0.300454 -0.123948 -0.174987 0.041318 -0.001685 0.012378 -0.239263 -0.254401 -0.098638 0.155802 -0.024317 -0.190425 -0.299367 -0.217459 -0.218195 -0.033935 0.008255 -0.152309 -0.039381
0.106301 -0.037299 -0.241135 0.010201 0.071124 0.011167 0.070848 0.175134 -0.113884 0.208689 -0.163295 0.338615 -0.083877 0.318156 -0.133113 0.326706 0.219008 0.527102 -0.097937 -0.050815 -0.011857 0.009624 -0.243795 -0.170474 -0.260961 -0.110380 -0.276728 -0.415400 0.327826 1.000000 0.209826 0.254947 0.040055 0.010887 -0.355741 -0.145770 0.188365 0.175853 0.039417 0.247912 0.108666 0.255833 -0.208981 -0.164263 -0.076847 -0.017028 -0.019473 -0.144996 -0.116163 -0.040056 -0.425958 -0.071438 -0.004510 0.019409 -0.323770 -0.092826 0.176404 0.068633 -0.032883 -0.051394 0.080393 0.106253 0.108083 0.178368 -0.098491 0.140290 -0.328045 -0.469555 -0.111464 -0.314998 0.191604 0.266400 0.458726 0.559054 0.049938 0.275810 0.089904 0.138507 0.346098 0.305448 0.193047 0.438869 -0.178394 0.158771 -0.301454 -0.038701 -0.239904 -0.038201 -0.343873 0.029706 -0.055965 -0.140352 -0.122465 -0.066369 -0.138985 -0.024751 -0.105298 -0.200689 -0.066927 -0.076938 -0.016410 0.153143 0.183883 -0.097691 -0.148160 -0.146675 0.227132 0.162995 -0.113277 -0.275147 -0.246364 0.002786 0.154160 0.223520 -0.015064 -0.077988
-0.046682 -0.156155 0.263789 0.197489 -0.045292 -0.084942 0.026781 0.129225 -0.288846 0.221483 0.172823 0.080008 -0.053304 -0.080393 -0.029516 0.144742 -0.024921 -0.110497 0.148315 0.078793 0.271344 0.208613 0.225444 0.084034 0.189265 0.250192 -0.099012 -0.089036 0.110553 0.209826 1.000000 0.708562 0.054839 0.336219 -0.129923 -0.025644 0.026433 -0.090906 0.108070 0.034027 -0.130130 -0.022747 -0.015887 -0.031911 0.011027 0.127901 -0.038609 -0.120019 -0.105214 -0.037897 -0.242468 -0.150398 -0.217899 -0.062430 -0.143950 -0.093248 -0.041109 -0.084538 -0.188044 -0.206131 -0.163685 -0.227029 -0.067828 -0.153095 0.175127 -0.204463 -0.279684 -0.248117 -0.057950 -0.035782 0.334334 0.369709 0.072780 0.119897 0.039859 0.336458 0.037160 0.173732 -0.056158 -0.118913 -0.086130 -0.076043 0.081436 0.036226 -0.071127 -0.153904 0.070674 -0.030988 -0.291949 -0.372975 -0.170858 0.033386 -0.058842 -0.020075 -0.084645 0.133133 -0.072641 -0.058975 -0.058216 0.030256 0.028465 0.106261 0.044089 -0.055524 -0.081788 -0.089968 -0.108463 -0.053656 0.146316 0.054107 -0.064848 0.128505 0.201685 0.164716 -0.026885 -0.076682
-0.088867 -0.237479 0.324803 0.272734 -0.115708 -0.036565 0.011327 0.179924 -0.236918 0.111966 0.092839 0.223252 -0.062495 -0.026064 0.048772 0.104700 -0.071895 -0.037702 0.137812 -0.040179 0.020159 0.338634 0.368621 0.277178 0.098978 0.318448 -0.121360 0.088376 0.184423 0.254947 0.708562 1.000000 -0.003413 0.438958 -0.037116 0.046727 -0.045288 -0.118268 0.048096 0.047963 -0.097889 -0.071359 0.027428 0.104471 0.070874 0.202565 0.007768 -0.121635 -0.177203 -0.086580 -0.299833 -0.202723 -0.233179 -0.285312 -0.251254 -0.222491 -0.146233 -0.247540 -0.245562 -0.325835 -0.207600 -0.314437 -0.060918 -0.231537 0.162191 -0.181612 -0.396524 -0.219691 -0.210753 -0.172364 0.275280 0.394051 0.093781 0.124542 0.054905 0.296378 0.149635 0.307521 0.004437 0.104339 -0.101905 0.003761 0.066288 0.177827 0.020110 -0.072073 0.020924 0.079443 -0.191769 -0.418525 -0.155352 0.090282 -0.053110 0.035767 0.074748 0.069185 0.038915 -0.092402 -0.024265 -0.055234 -0.199440 -0.098970 -0.115560 -0.055876 -0.071571 -0.066935 -0.122534 -0.076170 0.193070 0.058394 0.078206 0.063506 0.068934 -0.002438 -0.087700 0.079613
0.275553 0.322683 -0.049427 -0.198365 -0.169107 -0.358547 -0.084323 -0.145361 -0.148585 -0.273515 0.025450 -0.063356 0.018138 -0.064779 -0.299699 -0.277105 0.381083 0.158828 0.346721 0.476377 -0.035651 -0.084601 -0.294148 -0.218104 -0.202876 -0.294672 -0.223052 -0.228024 0.260889 0.040055 0.054839 -0.003413 1.000000 0.493778 -0.236116 -0.212269 -0.134463 -0.124418 -0.080402 -0.082537 -0.056795 -0.153601 -0.055063 -0.068266 -0.040112 -0.245650 -0.123108 -0.014869 -0.156387 -0.087567 -0.269180 -0.252106 0.000032 -0.101295 -0.167827 -0.113787 0.407145 0.400844 0.102201 0.154876 0.183244 0.185571 0.351705 0.316458 -0.249080 -0.063104 0.341210 -0.091439 0.427448 0.234590 -0.226180 -0.248312 0.232454 -0.125956 0.021166 -0.096998 -0.010964 -0.053334 0.335964 0.242754 0.344733 0.187601 -0.165038 -0.089936 -0.271629 -0.333308 -0.179201 -0.121484 -0.212106 -0.265057 -0.096040 -0.217807 -0.160322 -0.252799 0.074377 -0.033072 -0.014341 -0.107532 -0.031702 -0.060589 -0.192468 -0.211193 -0.260908 -0.176956 -0.207535 -0.042664 -0.071581 -0.027296 -0.033294 -0.182665 -0.291744 -0.196190 -0.085649 -0.002300 0.119740 0.098231
-0.171979 -0.046972 0.201802 0.135278 -0.036356 -0.144403 0.092674 0.170205 -0.064999 0.026553 -0.026786 0.010875 -0.007578 -0.158601 -0.083484 -0.121357 0.079219 -0.075501 0.179898 0.213564 -0.042349 0.057825 -0.047090 -0.019597 -0.151859 -0.098980 -0.199998 -0.232597 0.127613 0.010887 0.336219 0.438958 0.493778 1.000000 0.100878 0.240968 -0.098429 -0.067152 0.017822 -0.049411 -0.076526 -0.073124 0.209494 0.176214 0.281041 0.262188 -0.051409 0.101297 -0.315436 -0.058101 -0.289417 -0.344108 -0.307160 -0.244085 -0.171356 -0.152503 -0.159811 0.007034 -0.211997 -0.230576 -0.065303 -0.199085 -0.075109 0.018980 0.023432 -0.143230 -0.130355 0.031866 -0.021207 0.075359 -0.072835 0.000365 0.108477 -0.122493 -0.147165 -0.028406 0.061832 0.277355 0.080681 0.107046 -0.010419 0.007520 -0.207193 -0.030156 -0.213537 -0.280133 -0.209997 -0.322070 -0.168949 -0.615573 0.047843 -0.041159 0.093061 -0.077356 0.061499 -0.037178 0.039910 -0.065021 -0.017693 -0.137720 -0.154945 -0.169298 -0.156560 -0.213140 -0.172668 -0.128203 -0.044779 0.022001 -0.011834 0.034229 0.095996 -0.082032 -0.049119 -0.066401 -0.065574 0.062655
-0.242162 -0.306430 0.049035 0.000974 0.167769 0.137401 0.002810 -0.121277 0.275314 0.004987 -0.036802 -0.217264 -0.080241 -0.253764 0.424028 0.010671 -0.258504 -0.285602 -0.161289 -0.267753 -0.080708 0.043289 0.305739 0.263260 0.222608 0.188189 0.181590 0.284897 -0.234977 -0.355741 -0.129923 -0.037116 -0.236116 0.100878 1.000000 0.489749 0.040038 0.023413 0.120683 -0.060620 0.067790 0.083705 0.214586 0.223508 0.333712 0.432912 0.116019 0.100479 -0.023238 0.014767 0.201400 0.032438 -0.184732 -0.032840 0.162799 0.062075 -0.347591 -0.238558 -0.091836 -0.170538 -0.305151 -0.283141 -0.309285 -0.305383 0.248012 -0.070214 0.044320 0.433895 -0.110656 0.111254 -0.080468 -0.038014 -0.227201 -0.179896 -0.029723 -0.100881 0.021276 0.092831 -0.261848 -0.211485 -0.323527 -0.266639 0.124466 -0.147963 0.271326 0.050713 0.062282 -0.029219 0.205655 -0.149473 0.039315 0.041554 0.130354 0.167816 0.182910 0.151082 0.110299 0.171864 -0.045169 -0.120868 0.037432 0.066055 -0.041153 0.095343 -0.069326 -0.069868 -0.112649 -0.153544 0.085543 0.332269 0.300502 0.073798 -0.138630 -0.144029 -0.027240 -0.013465
-0.149154 -0.056097 -0.030771 0.323484 0.065378 0.133579 0.111169 0.274393 0.171918 0.312749 -0.124159 -0.070183 -0.141148 0.045365 0.024959 0.211033 -0.125093 -0.128646 -0.222833 -0.143864 -0.077873 -0.139006 0.060357 0.156750 0.042275 -0.016525 -0.084980 -0.085724 -0.264141 -0.145770 -0.025644 0.046727 -0.212269 0.240968 0.489749 1.000000 -0.200063 -0.110085 0.009341 -0.228033 -0.011376 -0.044580 0.130736 0.220974 0.335886 0.541505 0.011171 0.042855 -0.085513 0.085974 -0.048057 -0.012814 -0.155135 -0.131304 -0.248716 -0.190600 -0.175458 -0.120230 0.111877 -0.084561 -0.013451 -0.130153 -0.247752 -0.114062 0.150989 0.205456 -0.021164 0.431531 -0.104626 0.085291 -0.216927 -0.067155 -0.225263 -0.203190 -0.171263 -0.053468 -0.126998 0.020198 -0.026002 0.024203 -0.113949 -0.043756 -0.226953 -0.060617 -0.031036 0.049678 0.060058 -0.150840 0.086905 -0.040272 0.056005 0.106508 0.238249 0.030957 0.121465 -0.054359 -0.158054 -0.025216 -0.015512 -0.266113 -0.026611 0.024326 -0.076447 -0.134224 -0.205286 -0.277440 -0.122607 -0.287475 0.046646 -0.028976 0.078988 0.023769 -0.063105 -0.201029 -0.303133 -0.044014
