1.000000 0.290210 -0.172141 -0.137992 0.021571 -0.025132 -0.151024 -0.159199 0.027343 -0.038350 0.218713 0.064018 0.333618 0.318747 -0.074257 0.130451 0.408183 0.041919 0.325082 0.516094 0.125544 0.075498 -0.358650 -0.342881 -0.140273 -0.284301 -0.075396 -0.203259 0.294845 0.061229 -0.132544 -0.168467 0.264819 0.155106 -0.252550 -0.315272 -0.178000 -0.531972 -0.003929 -0.176457 0.071356 0.166305 0.026451 -0.005109 -0.055904 -0.045424 0.021056 -0.117127 0.103928 -0.021779 -0.098839 -0.059496 0.263557 0.122741 -0.035770 0.246918 0.687966 0.236525 0.141508 -0.157452 0.159732 -0.115947 0.313165 0.210887 -0.363395 -0.331236 -0.135893 -0.391978 0.038450 -0.172644 0.198251 -0.052706 0.366741 -0.001732 0.169176 -0.139910 0.431799 0.132461 0.265999 -0.005301 0.277084 -0.003719 0.161722 -0.056140 -0.118433 -0.162666 0.227573 0.165929 -0.175348 0.095029 -0.199948 -0.184721 -0.248407 -0.092820 -0.157041 -0.141473 -0.122646 -0.250686 0.159867 0.423102 0.094617 0.032694 -0.068432 -0.387828 -0.384592 -0.356132 0.044141 -0.166601 0.015089 -0.142101 -0.283049 0.108066 0.319503 0.089128 -0.118949 -0.074754
0.290210 1.000000 -0.025395 0.430697 -0.118616 0.004427 -0.018352 0.278131 0.172887 0.084763 0.291573 0.487394 0.144221 0.404932 0.033560 0.220232 0.011389 0.006384 0.275961 0.300549 -0.155032 -0.182834 -0.223658 -0.111939 -0.262138 -0.195358 -0.112676 -0.105569 -0.032988 0.318656 -0.397707 -0.374503 0.252738 -0.041656 -0.402061 -0.456768 -0.133957 -0.148973 -0.126325 -0.133976 -0.000204 0.143796 -0.015377 -0.028400 -0.164656 -0.240341 0.049029 -0.126642 0.049406 0.001401 -0.040442 0.028645 0.322138 0.161025 0.282853 0.136859 0.066256 0.336842 -0.004579 0.078315 0.271141 0.414823 0.105869 0.286907 -0.230275 -0.028898 -0.188199 -0.492625 0.018848 0.077164 -0.113981 -0.241005 0.002060 0.219540 -0.075722 -0.174273 -0.059676 0.143917 -0.038199 0.028392 -0.086293 0.005158 0.038495 0.082209 0.095412 0.219362 0.037994 0.160701 0.149397 0.329221 -0.195815 -0.095189 0.249598 0.022184 -0.114431 0.129343 0.097936 -0.013579 0.068439 -0.041755 0.105055 0.121961 0.154277 -0.283662 -0.231049 -0.374435 -0.080365 -0.198582 -0.004738 0.239392 -0.365251 0.027284 0.314851 0.099304 -0.051460 -0.143294
-0.172141 -0.025395 1.000000 0.355406 0.378372 0.258504 0.593141 0.471685 0.377079 0.371451 -0.031675 -0.090156 0.123778 -0.045621 0.189253 0.003627 -0.396325 -0.325319 -0.033770 -0.383300 -0.143036 0.030717 0.558223 0.353330 0.437100 0.300573 0.275617 0.247147 -0.421137 -0.432476 0.024348 0.020049 -0.225543 -0.213888 -0.147506 -0.077157 -0.145722 -0.234629 -0.134746 -0.125624 -0.386146 -0.142260 -0.110957 -0.120062 -0.069051 -0.172382 -0.056455 -0.129377 0.073192 -0.136239 0.390247 0.138022 0.021179 -0.152177 -0.064253 -0.173566 -0.402065 -0.303375 0.065491 -0.016203 0.281833 -0.001192 -0.259897 -0.322221 0.479243 0.238292 0.029123 0.197609 -0.127739 -0.004635 0.023702 0.157104 -0.415439 -0.250142 -0.422568 -0.058690 -0.256447 -0.076547 -0.231085 -0.046358 -0.384141 -0.281281 -0.051414 -0.145610 0.023410 -0.015993 0.066008 -0.064816 0.575174 0.174128 0.098595 0.226099 0.078276 0.228759 -0.055514 -0.103323 -0.156682 -0.091751 -0.233352 -0.337101 0.122790 0.095941 0.199738 0.076868 0.195584 -0.193547 -0.190012 -0.212461 -0.078251 -0.035740 -0.172151 -0.294987 -0.179681 -0.210151 -0.068012 -0.153739
-0.137992 0.430697 0.355406 1.000000 0.069730 0.200305 0.405462 0.706397 0.165708 0.154852 0.071925 0.226727 -0.066242 0.129402 -0.073431 -0.017965 -0.320397 -0.239992 0.338559 0.051198 -0.332151 -0.411168 0.022213 0.359463 -0.063457 -0.040293 0.059172 0.163658 -0.288114 0.049584 -0.205232 -0.114880 -0.093716 -0.100393 -0.245069 -0.314245 -0.262143 -0.155529 -0.370709 -0.140932 -0.318883 -0.078325 -0.177106 -0.152855 -0.178362 -0.290119 -0.062060 -0.151939 0.042095 -0.031127 0.101660 0.117903 0.061213 0.045097 0.176442 -0.012353 -0.289202 -0.152784 -0.133589 0.163107 0.018823 0.323821 -0.093656 -0.004759 0.144546 0.294477 -0.048502 -0.058078 -0.005827 0.117650 -0.164327 -0.223424 -0.285613 0.050311 -0.269630 -0.238135 -0.254332 0.154078 -0.201607 -0.136286 -0.375260 -0.213358 -0.071018 0.069385 0.016466 0.368979 -0.033076 -0.006914 0.355331 0.387936 0.176441 0.186306 0.529195 0.234923 -0.212808 0.142932 -0.089863 0.003790 -0.126959 -0.351381 0.291871 0.254810 0.314775 0.021416 0.149001 -0.241189 -0.059531 -0.093005 -0.103863 0.116537 -0.445116 -0.258889 -0.035917 -0.170471 -0.004207 -0.228249
0.021571 -0.118616 0.378372 0.069730 1.000000 0.426922 0.330913 0.146439 0.473829 0.336163 -0.058927 -0.187414 0.273339 0.078357 0.274268 0.415440 -0.254914 -0.184288 0.134904 -0.039509 -0.055553 -0.059670 -0.013688 -0.023913 0.331047 0.074754 0.546826 0.380855 -0.069687 -0.267061 0.134239 0.006102 -0.192436 -0.183891 -0.095632 -0.099298 -0.178501 -0.361590 -0.249263 -0.137336 -0.285789 -0.103091 -0.089931 -0.074566 -0.064992 -0.133135 -0.037425 -0.081747 -0.043683 -0.051219 0.074006 0.098789 0.070412 0.066515 -0.098936 -0.205163 -0.226689 -0.194678 0.326473 0.304657 0.199211 0.031911 -0.045579 -0.086243 0.045610 0.006336 0.221512 -0.031716 -0.123945 -0.003252 0.139272 0.121347 -0.114462 -0.081555 -0.250963 -0.258060 -0.185430 -0.031740 0.010998 -0.105688 -0.038823 -0.085343 0.123869 0.158471 -0.109800 -0.122449 -0.072021 -0.136367 0.150166 0.041541 -0.008193 -0.061301 -0.130634 0.058919 -0.247870 -0.129091 -0.315922 -0.187200 -0.282428 -0.409108 0.142993 0.106256 -0.031200 -0.050650 0.092806 -0.021303 -0.063333 0.091665 -0.226465 0.031005 -0.174681 -0.286254 -0.172265 -0.366314 -0.177343 -0.218880
-0.025132 0.004427 0.258504 0.200305 0.426922 1.000000 0.228332 0.278077 0.167853 0.488600 -0.086421 -0.094231 -0.035727 -0.068769 0.078629 0.193958 -0.303527 -0.160885 0.077129 -0.167717 0.087937 -0.038177 0.132249 0.254248 0.122706 0.001192 0.421975 0.442796 -0.191878 -0.095979 -0.112585 -0.044875 -0.103485 -0.106255 0.037330 0.015464 -0.376705 -0.020843 -0.131238 0.212297 -0.301668 0.007580 -0.175032 -0.138134 -0.138587 -0.095964 -0.119450 -0.140301 -0.008853 -0.011269 -0.006179 0.135932 0.235507 0.094436 0.025431 -0.176432 -0.143631 -0.145455 0.333856 0.251711 0.315090 0.205254 -0.172509 -0.113936 0.176005 0.302737 0.146596 -0.034703 0.033009 0.026876 -0.218252 0.151932 -0.297345 -0.024721 -0.358694 -0.112880 -0.293815 -0.202664 -0.104759 -0.141218 -0.288777 -0.184314 -0.103234 0.024407 -0.153546 -0.072094 -0.049425 -0.081767 0.471222 0.437206 0.031528 -0.027788 0.168737 -0.065641 -0.090028 -0.007538 -0.264698 -0.027912 -0.342383 -0.254752 0.016388 0.030472 -0.086195 0.054977 0.096841 -0.076832 -0.053590 0.034438 -0.036699 0.115981 -0.147452 -0.304697 -0.038978 -0.321131 -0.097341 -0.097546
-0.151024 -0.018352 0.593141 0.405462 0.330913 0.228332 1.000000 0.656957 0.319233 0.481565 0.095621 0.168414 0.263808 0.145616 0.045322 0.048246 -0.252353 -0.114112 0.194199 -0.208729 -0.180237 -0.139620 0.159770 0.437688 0.134238 -0.057113 0.197034 -0.028275 -0.096257 -0.116415 0.148545 0.134230 -0.051488 0.027148 -0.173886 -0.232461 -0.227842 -0.331002 -0.217768 -0.200299 -0.417233 -0.078940 -0.354708 -0.387503 -0.266923 -0.382021 -0.238910 -0.476843 -0.145140 -0.356230 -0.002741 -0.129664 -0.049754 -0.165214 -0.090293 -0.389734 -0.430003 -0.297693 -0.141416 -0.068090 0.248144 0.342247 0.023484 -0.137063 0.429720 0.342834 -0.101321 0.007896 -0.261214 -0.100360 0.023439 0.159697 -0.107888 -0.061862 -0.337068 -0.031131 -0.179794 -0.034126 -0.155473 -0.072781 -0.335222 -0.235832 -0.051958 0.148795 -0.019994 0.140827 0.048559 -0.124083 0.325606 0.198101 0.160427 0.244743 0.305920 0.315162 -0.126261 -0.131806 -0.350390 -0.203551 -0.307990 -0.324957 0.147116 0.289300 0.133125 -0.153517 0.033201 -0.182699 -0.017950 -0.177411 -0.163729 -0.120970 -0.376413 -0.259533 -0.058239 -0.265553 0.040202 -0.033576
-0.159199 0.278131 0.471685 0.706397 0.146439 0.278077 0.656957 1.000000 0.253024 0.391815 0.141699 0.284483 0.147246 0.288432 0.027669 0.099091 -0.426597 -0.308503 0.066772 -0.204571 -0.336800 -0.368863 0.145734 0.438361 -0.047801 -0.087098 0.101025 0.098016 -0.248540 -0.042007 -0.089016 -0.027367 0.025428 0.019018 -0.222209 -0.240844 -0.309553 -0.130376 -0.324608 -0.138375 -0.364732 -0.121027 -0.329668 -0.286566 -0.249680 -0.280961 -0.230671 -0.287480 -0.029510 -0.193369 0.015581 0.010455 -0.001427 -0.114727 0.049498 -0.137214 -0.438743 -0.373030 -0.180830 -0.035522 0.256593 0.484210 -0.102508 -0.160850 0.298399 0.525931 -0.282914 -0.027811 -0.179568 -0.082797 -0.248560 -0.091851 -0.303279 -0.132784 -0.399149 -0.147690 -0.323993 0.003479 -0.204247 -0.253493 -0.442131 -0.334744 -0.104994 -0.000062 -0.072801 0.141403 0.109765 0.040030 0.416603 0.399904 0.206968 0.260366 0.581437 0.306497 -0.096477 0.170851 -0.120374 -0.047721 -0.150572 -0.316959 0.370750 0.325303 0.355685 0.007246 0.176244 -0.177267 -0.029945 -0.143726 -0.040686 0.025902 -0.432104 -0.320629 -0.057974 -0.201553 0.040959 -0.128111
0.027343 0.172887 0.377079 0.165708 0.473829 0.167853 0.319233 0.253024 1.000000 0.451480 0.099543 0.120276 0.242914 0.169560 0.499588 0.562094 -0.356894 -0.317698 0.018171 -0.059510 -0.110527 -0.076290 0.068376 -0.024597 0.137806 0.067907 0.500712 0.270486 -0.148225 -0.074363 -0.115700 -0.172853 -0.245207 -0.337240 -0.219022 -0.219999 -0.098460 -0.261759 -0.222030 -0.264274 -0.107667 -0.109778 -0.172289 -0.180732 -0.218866 -0.297911 -0.037260 -0.169152 -0.048746 -0.272791 0.151606 0.129392 0.175076 -0.061519 -0.012173 -0.200052 -0.283806 -0.285573 0.240315 0.064493 0.285342 0.226318 -0.131756 -0.178273 0.220934 0.080762 -0.027619 -0.167392 -0.131799 -0.029969 -0.028300 0.007973 -0.155835 -0.042060 -0.205855 -0.277109 -0.123301 -0.017080 -0.123241 -0.152095 -0.173048 -0.207136 0.089744 0.135034 0.169416 0.154158 -0.012833 -0.174457 0.387916 0.117147 0.013476 0.190903 0.267817 0.150922 -0.014750 0.058233 -0.191388 -0.146329 -0.136947 -0.203048 0.308547 0.054387 0.132800 -0.044592 0.052013 -0.115786 -0.062533 -0.122213 -0.172178 -0.120185 -0.356450 -0.120987 -0.007827 -0.098360 -0.133447 -0.082648
-0.038350 0.084763 0.371451 0.154852 0.336163 0.488600 0.481565 0.391815 0.451480 1.000000 0.009437 0.036548 0.181860 0.173768 0.076055 0.282713 -0.241831 -0.234672 0.047856 -0.164247 0.016759 0.046385 0.072316 0.282690 0.301647 0.090181 0.187999 0.076533 -0.170335 -0.134758 0.078464 0.094663 -0.110732 -0.129481 -0.185968 -0.094761 -0.281754 -0.131014 -0.205268 -0.084980 -0.338289 -0.040621 -0.442999 -0.423443 -0.440673 -0.383366 -0.325704 -0.369398 -0.232703 -0.460012 -0.055829 -0.079654 0.048702 -0.042492 -0.119906 -0.307450 -0.237713 -0.240366 0.256753 0.180031 0.361857 0.355661 -0.139638 -0.160039 0.153239 0.247949 0.036279 -0.124231 -0.065981 -0.086492 0.029622 0.479971 -0.272373 0.080411 -0.459738 -0.057613 -0.229672 -0.007477 -0.203457 -0.131341 -0.327974 -0.245904 -0.007753 0.158697 -0.024522 0.005621 0.012254 -0.135722 0.312278 0.175968 0.179804 0.198432 0.212709 -0.022787 0.099025 -0.062382 -0.275793 -0.034527 -0.311553 -0.135306 0.053378 0.070744 -0.026821 0.003058 -0.063908 -0.061837 0.017995 -0.026068 0.076260 -0.128673 -0.266068 -0.302620 -0.088245 -0.246047 -0.166878 -0.047060
0.218713 0.291573 -0.031675 0.071925 -0.058927 -0.086421 0.095621 0.141699 0.099543 0.009437 1.000000 0.513988 0.536605 0.444720 0.273520 0.251478 0.212024 0.079939 0.019853 0.056749 -0.201765 0.013804 -0.052386 -0.075521 -0.105264 -0.177607 -0.028022 -0.103859 0.221697 0.285945 -0.063262 -0.053435 0.049513 -0.032885 -0.242350 -0.253772 -0.051917 -0.097606 0.047319 -0.110182 0.052530 0.184713 -0.306451 -0.257089 -0.221459 -0.181217 -0.282010 -0.186245 -0.036558 -0.183021 -0.045304 -0.128914 0.136959 -0.059667 0.111736 0.003670 -0.140293 -0.169647 -0.112547 -0.214946 0.362415 0.089838 0.217044 0.132091 0.092116 0.035072 -0.345674 -0.173943 -0.293301 -0.122656 -0.099356 -0.015903 0.210528 -0.011809 -0.041992 0.023111 0.068403 0.078332 -0.132397 0.045222 -0.077009 -0.091097 -0.018351 0.030284 0.138104 0.052370 -0.003271 0.133734 -0.002934 0.038455 -0.029929 -0.114585 0.120556 0.057280 -0.090063 -0.107555 -0.094736 -0.010674 0.022852 -0.118350 -0.130211 -0.007549 -0.024672 -0.289654 -0.183931 -0.133658 0.136785 0.015776 -0.125923 0.095916 -0.122740 -0.063754 -0.026098 0.123725 0.004241 -0.008984
0.064018 0.487394 -0.090156 0.226727 -0.187414 -0.094231 0.168414 0.284483 0.120276 0.036548 0.513988 1.000000 0.166438 0.436132 0.136533 0.223159 0.124999 0.253383 0.065085 -0.046678 -0.123536 -0.056171 -0.062603 -0.010150 -0.317424 -0.243056 -0.134950 -0.163344 0.201437 0.534681 -0.087285 -0.058144 0.246777 0.013661 -0.216729 -0.339239 -0.095487 -0.087459 -0.002977 -0.022322 0.032637 -0.049019 -0.155322 -0.146357 -0.068096 -0.079415 -0.118750 -0.373859 -0.110307 -0.047471 -0.067943 -0.085002 0.102976 -0.062920 0.098628 -0.037449 -0.151370 -0.043057 -0.305440 -0.331332 0.176119 0.383538 0.135630 0.083978 0.134911 0.237526 -0.358285 -0.377652 -0.017325 -0.002994 -0.140249 -0.098709 0.205575 0.121854 -0.005981 0.026340 0.054877 -0.026982 -0.008692 0.195365 -0.067869 0.030722 0.007832 0.228188 0.193611 0.333339 0.006137 0.111976 0.104118 0.160188 -0.289789 -0.136841 0.346978 0.005822 -0.121147 0.025799 0.017002 -0.008231 -0.255735 -0.107026 0.050351 0.112490 0.005865 -0.290481 -0.098179 -0.224393 -0.029385 -0.148319 -0.110686 0.093347 -0.220368 -0.031380 0.202115 0.157031 0.150566 -0.028034
0.333618 0.144221 0.123778 -0.066242 0.273339 -0.035727 0.263808 0.147246 0.242914 0.181860 0.536605 0.166438 1.000000 0.687922 0.137376 0.290957 0.195698 0.095869 0.149033 0.198881 0.010158 0.045052 -0.231603 -0.189399 0.068674 -0.181779 0.104478 -0.187226 0.216140 0.092072 0.060948 -0.043972 -0.069155 -0.041767 -0.269151 -0.244933 -0.112302 -0.339072 -0.021753 -0.201389 -0.073932 0.152528 -0.247334 -0.244150 -0.220145 -0.184922 -0.247782 -0.255144 -0.026158 -0.194816 -0.106765 -0.088693 0.094545 -0.034983 -0.038647 -0.096458 -0.129181 -0.122020 0.101387 -0.017389 0.440642 0.048368 0.322738 0.210427 -0.167488 -0.128663 -0.300275 -0.199476 -0.344247 -0.198725 0.237315 0.196611 0.226390 0.005387 -0.119078 -0.021139 -0.002573 0.185865 0.022385 -0.077372 -0.011040 -0.075221 -0.040613 -0.023907 -0.252931 -0.314909 -0.003622 -0.108045 -0.118243 -0.128210 0.055967 -0.050363 -0.156230 -0.004693 -0.025260 -0.111565 -0.152132 -0.241835 -0.047976 -0.051498 -0.041487 0.182520 -0.059559 -0.198491 -0.219266 -0.030237 0.195400 -0.018559 -0.068568 -0.169483 -0.253161 -0.184016 -0.056364 0.055376 -0.083855 0.077126
0.318747 0.404932 -0.045621 0.129402 0.078357 -0.068769 0.145616 0.288432 0.169560 0.173768 0.444720 0.436132 0.687922 1.000000 -0.006794 0.312738 0.249947 0.164554 0.121480 0.242477 0.013721 -0.077190 -0.327771 -0.202625 -0.139252 -0.249626 -0.128436 -0.274801 0.245168 0.319075 -0.090591 -0.163549 0.037542 -0.118378 -0.311464 -0.330454 -0.107528 -0.294278 -0.089373 -0.121685 -0.022254 0.151644 -0.264005 -0.269973 -0.268229 -0.241090 -0.252101 -0.331090 -0.023149 -0.157567 -0.170149 -0.097231 0.111439 -0.015362 -0.037583 -0.041865 -0.009631 -0.028862 0.004267 0.018789 0.311596 0.298494 0.332863 0.302843 -0.347183 -0.079316 -0.395127 -0.406305 -0.137793 -0.092606 0.195540 0.055472 0.263185 0.129203 -0.104422 -0.083070 0.023663 0.125049 0.039073 -0.092624 0.046316 0.055126 -0.048180 0.005884 -0.221665 -0.190845 0.043344 -0.012429 -0.166957 0.034605 0.044319 -0.075617 0.164258 -0.008149 0.022726 0.004665 -0.130821 -0.121457 -0.133417 0.013810 0.147346 0.182207 0.018996 -0.115816 -0.129754 -0.041803 0.223847 -0.002077 0.053141 -0.035230 -0.377487 -0.161130 0.074023 0.081194 -0.088129 -0.010089
-0.074257 0.033560 0.189253 -0.073431 0.274268 0.078629 0.045322 0.027669 0.499588 0.076055 0.273520 0.136533 0.137376 -0.006794 1.000000 0.669930 -0.322464 -0.261801 -0.226557 -0.324036 -0.031028 0.159225 0.415802 -0.025306 0.135958 0.237813 0.451076 0.380810 -0.018170 -0.066496 0.066281 -0.001238 -0.151662 -0.235456 -0.256775 -0.143837 0.194201 0.106797 0.197892 0.052989 0.145164 -0.058386 -0.068574 -0.038579 -0.224459 -0.265897 -0.002712 -0.010271 -0.117881 -0.235886 0.058925 0.055410 0.111331 -0.022869 0.204910 -0.013602 -0.263250 -0.199869 0.024093 -0.189829 0.174350 -0.117737 -0.367817 -0.380840 0.256454 0.114534 -0.188310 -0.196600 -0.049348 0.119188 -0.185374 -0.026417 -0.049735 -0.252435 0.011341 -0.010526 -0.041318 -0.145431 -0.118781 -0.017486 -0.074188 -0.219609 0.364305 0.190348 0.314328 -0.022585 0.127946 0.162897 0.304384 0.118992 -0.074336 0.217059 0.208714 0.168052 0.010021 0.040746 0.023040 -0.074960 0.028993 -0.054723 0.079677 -0.101790 -0.003998 -0.168107 -0.069723 -0.137013 -0.091880 -0.193724 -0.151964 -0.057604 0.085810 0.153063 0.141506 -0.036888 0.106086 0.160487
0.130451 0.220232 0.003627 -0.017965 0.415440 0.193958 0.048246 0.099091 0.562094 0.282713 0.251478 0.223159 0.290957 0.312738 0.669930 1.000000 -0.200883 -0.290400 -0.065993 -0.006324 0.017909 0.024764 -0.057747 -0.180960 0.037862 0.106241 0.459948 0.371335 0.026934 0.134017 0.013132 -0.110282 -0.075084 -0.224579 -0.292075 -0.277419 0.038160 -0.035437 0.026772 -0.044768 0.139465 0.018599 -0.148348 -0.136581 -0.309992 -0.347906 -0.028424 -0.129844 -0.091100 -0.251433 -0.053082 0.078824 0.242118 0.065567 0.102893 -0.093632 -0.092438 -0.140235 0.220944 0.058251 0.216362 0.127653 -0.213070 -0.307644 -0.040055 0.099256 -0.103684 -0.337897 -0.071137 0.021659 -0.127669 0.038288 0.059632 -0.012862 -0.032207 -0.159578 -0.051148 -0.047126 -0.155159 -0.170582 -0.164877 -0.279599 0.209958 0.248331 0.035483 -0.028672 -0.015730 -0.008895 0.070163 0.128522 -0.051351 -0.015372 0.236357 0.060605 -0.100965 -0.009519 -0.184704 -0.093169 -0.091545 -0.109207 0.238124 -0.133464 -0.114490 -0.252964 -0.207359 -0.062670 0.145192 0.103077 -0.122608 -0.066419 -0.142895 0.063974 0.099085 -0.074715 -0.028976 0.066424
0.408183 0.011389 -0.396325 -0.320397 -0.254914 -0.303527 -0.252353 -0.426597 -0.356894 -0.241831 0.212024 0.124999 0.195698 0.249947 -0.322464 -0.200883 1.000000 0.634188 0.249908 0.420434 0.207535 0.134803 -0.423387 -0.412824 -0.266546 -0.368943 -0.343424 -0.534061 0.599291 0.372830 -0.045935 -0.120931 0.220902 0.118125 0.012318 -0.111813 0.231222 -0.185236 0.205049 -0.014909 0.220541 0.318929 0.112112 0.045585 0.120051 0.088432 -0.035088 -0.074218 -0.014795 0.053808 -0.181134 -0.180580 0.001640 0.045737 -0.216913 0.008888 0.541784 0.421858 -0.095023 -0.219556 -0.179549 -0.290156 0.588291 0.471119 -0.399822 -0.475828 -0.096063 -0.279380 -0.003564 -0.257944 0.308076 -0.024668 0.668179 0.269623 0.394272 0.164285 0.573986 0.132157 0.365002 0.298633 0.382312 0.372533 0.039487 -0.006871 -0.130016 -0.068900 0.061384 0.062295 -0.455434 -0.208927 -0.135478 -0.240517 -0.296916 -0.205338 -0.056808 -0.295136 -0.106029 -0.193625 0.103623 0.364075 -0.251212 0.058165 -0.146579 -0.188095 -0.264816 -0.019968 0.161796 -0.030058 0.006366 -0.012587 0.090709 0.365109 0.192156 0.229324 -0.083053 0.078821
0.041919 0.006384 -0.325319 -0.239992 -0.184288 -0.160885 -0.114112 -0.308503 -0.317698 -0.234672 0.079939 0.253383 0.095869 0.164554 -0.261801 -0.290400 0.634188 1.000000 0.191827 0.204678 0.147218 0.147018 -0.246023 -0.230381 -0.230892 -0.274343 -0.343359 -0.378511 0.584894 0.496020 -0.004079 -0.010505 0.206115 0.098425 0.169719 -0.046250 0.239933 0.024254 0.182918 0.196667 0.065839 0.296025 -0.077572 -0.084734 -0.010310 0.006104 -0.217621 -0.248419 -0.209085 -0.015677 -0.299341 -0.231325 -0.099495 -0.092088 -0.203208 -0.256672 0.154447 0.343898 -0.098366 -0.103122 -0.131855 -0.143732 0.514394 0.605673 -0.274190 -0.249327 -0.013505 -0.276098 0.017337 -0.098467 0.230660 0.042392 0.540335 0.376246 0.363401 0.246604 0.386370 0.037257 0.353723 0.554319 0.323544 0.644717 0.061224 0.237869 -0.023016 0.071988 -0.041976 0.063123 -0.244534 -0.093124 -0.286387 -0.254936 -0.119020 -0.242661 -0.045159 -0.162656 -0.040100 -0.107515 -0.175425 0.033468 -0.264743 0.140931 -0.104002 -0.119732 -0.074765 -0.072985 0.013944 -0.022604 -0.110400 0.223753 0.183299 0.170169 0.151309 0.160610 0.034957 0.039626
0.325082 0.275961 -0.033770 0.338559 0.134904 0.077129 0.194199 0.066772 0.018171 0.047856 0.019853 0.065085 0.149033 0.121480 -0.226557 -0.065993 0.249908 0.191827 1.000000 0.574799 -0.042328 -0.288280 -0.412475 -0.088082 -0.240396 -0.466469 0.040571 -0.189664 0.300816 0.264635 -0.140860 -0.170568 0.160160 0.154577 -0.159432 -0.332475 -0.147499 -0.356194 -0.226696 -0.145077 -0.084023 0.155102 -0.132659 -0.152191 -0.164065 -0.231688 -0.019060 -0.268972 -0.160768 -0.083007 -0.212893 -0.148869 0.072186 0.088521 0.051842 -0.035145 0.153708 0.261599 -0.033834 0.026303 -0.055291 0.071059 0.394512 0.329666 -0.282918 -0.256148 0.101424 -0.333143 0.099276 0.000937 0.178836 -0.073448 0.305423 0.393730 0.230383 -0.037455 0.216029 0.283452 0.170515 0.125336 0.081795 0.060782 0.067544 0.205233 -0.105758 0.160266 0.004604 -0.033259 -0.068513 0.103368 -0.072792 -0.022302 0.031109 0.022665 -0.211361 -0.081729 -0.233597 -0.171406 -0.001878 0.013864 0.054890 0.224443 0.218066 -0.189144 -0.055885 -0.240942 -0.006574 -0.085738 -0.150858 0.024057 -0.321218 0.003070 0.140812 -0.076012 -0.142467 -0.235540
0.516094 0.300549 -0.383300 0.051198 -0.039509 -0.167717 -0.208729 -0.204571 -0.059510 -0.164247 0.056749 -0.046678 0.198881 0.242477 -0.324036 -0.006324 0.420434 0.204678 0.574799 1.000000 0.037942 -0.300451 -0.723631 -0.391086 -0.411816 -0.506841 -0.168975 -0.307773 0.384585 0.351239 -0.299647 -0.376355 0.151815 0.144838 -0.138860 -0.251841 0.063376 -0.247717 -0.142172 -0.154078 0.193457 0.246066 0.128589 0.083283 -0.055729 -0.042212 0.154658 0.091362 0.035580 0.072988 -0.311138 -0.125037 0.152729 0.147125 0.062076 0.171636 0.438226 0.301618 0.084025 0.140640 -0.213310 -0.066861 0.429582 0.380824 -0.639409 -0.453788 0.102198 -0.297564 0.037532 -0.078929 0.196884 -0.237422 0.451621 0.328990 0.390723 -0.178778 0.344849 0.282158 0.251030 -0.025442 0.217455 0.112987 0.078457 0.081410 -0.266705 -0.012081 -0.022914 -0.027360 -0.384612 -0.063300 -0.003877 -0.130888 -0.136276 -0.073961 -0.031094 0.038118 -0.016781 -0.014451 0.244169 0.219182 0.031846 0.160679 0.134139 -0.248304 -0.223619 -0.084496 0.190811 0.108127 0.078268 0.000788 -0.168185 0.151906 0.095520 0.125680 -0.194561 -0.115817
0.125544 -0.155032 -0.143036 -0.332151 -0.055553 0.087937 -0.180237 -0.336800 -0.110527 0.016759 -0.201765 -0.123536 0.010158 0.013721 -0.031028 0.017909 0.207535 0.147218 -0.042328 0.037942 1.000000 0.563939 -0.072249 -0.297679 0.151586 0.015408 0.091177 -0.242045 0.032172 -0.089091 0.074907 -0.062890 -0.053099 -0.095407 0.043262 -0.027045 0.137197 0.082895 0.498333 0.238879 0.229035 0.347990 0.175642 0.134188 0.063687 0.159961 0.089506 -0.103467 0.052322 0.041251 0.087106 -0.021045 0.230179 -0.035286 -0.055374 0.151170 0.223989 0.238931 0.178712 0.037582 0.050024 -0.213172 0.086571 0.050214 -0.135688 -0.300376 0.061843 -0.125689 -0.021031 -0.019807 0.308502 0.227602 0.133028 0.061990 0.126077 0.202897 0.198371 -0.074223 0.097604 0.026651 0.109671 0.084118 0.294954 0.057656 -0.001779 -0.122718 0.218868 0.252267 -0.064418 0.005176 -0.132891 -0.201917 -0.319392 -0.224011 0.017610 -0.346880 -0.171113 -0.131546 -0.114058 0.178845 -0.203725 -0.099306 -0.172297 -0.177740 -0.313401 -0.056851 0.172149 0.068899 -0.093930 -0.150669 0.098551 0.224439 0.245229 0.174297 -0.158112 0.008127
0.075498 -0.182834 0.030717 -0.411168 -0.059670 -0.038177 -0.139620 -0.368863 -0.076290 0.046385 0.013804 -0.056171 0.045052 -0.077190 0.159225 0.024764 0.134803 0.147018 -0.288280 -0.300451 0.563939 1.000000 0.300724 -0.099449 0.496482 0.473026 0.014975 -0.142524 -0.005645 -0.288673 0.343271 0.308495 -0.068207 -0.147806 0.087382 0.063486 0.128520 0.011889 0.556916 0.198555 0.075193 0.292014 0.072682 0.084894 0.017023 0.095400 -0.060915 -0.079442 -0.037972 -0.111244 0.173142 -0.011693 0.113492 -0.030107 -0.232729 0.071176 0.160494 0.154429 0.106059 -0.205471 0.109444 -0.322693 -0.146285 -0.126943 0.148888 -0.137013 0.036214 0.003648 -0.108416 -0.086400 0.370023 0.506203 0.050880 -0.122442 -0.021428 0.228981 0.326457 -0.020580 0.018152 0.235575 0.083151 0.029102 0.314289 0.042660 0.215941 -0.094459 0.216669 0.305736 -0.047228 -0.072060 -0.293231 -0.261059 -0.404592 -0.217959 -0.079465 -0.593490 -0.140158 -0.211921 -0.196763 0.115312 -0.313861 -0.370559 -0.358195 -0.300029 -0.378090 -0.186805 -0.020978 -0.084423 -0.140765 -0.001419 0.341943 0.248167 0.183559 0.206889 -0.043734 0.022389
-0.358650 -0.223658 0.558223 0.022213 -0.013688 0.132249 0.159770 0.145734 0.068376 0.072316 -0.052386 -0.062603 -0.231603 -0.327771 0.415802 -0.057747 -0.423387 -0.246023 -0.412475 -0.723631 -0.072249 0.300724 1.000000 0.579181 0.493629 0.523680 0.213483 0.306337 -0.292012 -0.334213 0.284454 0.347602 -0.078118 -0.025760 0.045733 0.247881 -0.054342 0.154031 0.087003 0.039422 -0.166823 -0.266458 -0.066642 -0.028847 0.049807 0.050042 -0.167770 -0.059052 -0.051577 -0.043608 0.285715 0.086667 -0.186026 -0.181317 -0.084590 -0.122063 -0.360621 -0.312471 -0.137625 -0.282630 0.193421 -0.128044 -0.413185 -0.421873 0.639046 0.255551 -0.104135 0.221428 0.012887 0.044715 -0.173413 0.166498 -0.402875 -0.280414 -0.261192 0.198632 -0.190475 -0.224917 -0.225008 0.133893 -0.223210 -0.128932 0.058955 -0.088043 0.340333 -0.031802 0.071617 0.063699 0.493336 0.054626 -0.074638 0.225039 0.068183 0.095118 0.092811 -0.018952 0.060248 0.025954 -0.185182 -0.136406 -0.063479 -0.141852 0.033494 0.172325 0.191906 -0.097378 -0.331652 -0.253379 0.019479 0.021977 0.146783 -0.169852 -0.125530 -0.081613 0.180294 0.033604
-0.342881 -0.111939 0.353330 0.359463 -0.023913 0.254248 0.437688 0.438361 -0.024597 0.282690 -0.075521 -0.010150 -0.189399 -0.202625 -0.025306 -0.180960 -0.412824 -0.230381 -0.088082 -0.391086 -0.297679 -0.099449 0.579181 1.000000 0.324599 0.258662 0.045202 0.135658 -0.204064 -0.164100 0.386061 0.515639 0.005283 0.217449 -0.002344 0.156625 -0.357288 0.066799 -0.321044 -0.107551 -0.457449 -0.326038 -0.332988 -0.284836 -0.123901 -0.094759 -0.359213 -0.207420 -0.165323 -0.103458 -0.109742 -0.076468 -0.358785 -0.150077 -0.215004 -0.309545 -0.410427 -0.397021 -0.198732 -0.042096 0.153607 0.269429 -0.218663 -0.210315 0.493392 0.377498 -0.074259 0.174193 -0.132007 -0.058541 -0.159865 0.232316 -0.378995 -0.041954 -0.396953 0.092632 -0.317819 -0.085567 -0.255999 -0.004599 -0.325887 -0.161259 -0.222173 0.074547 0.042915 -0.008032 -0.145931 -0.190126 0.287282 0.033932 0.154900 0.243464 0.274442 0.100925 0.082443 0.129143 -0.087425 0.126868 -0.226981 -0.251084 0.065551 0.118055 0.131597 0.195115 0.284981 -0.008183 -0.264717 -0.115448 0.040814 0.032563 -0.061240 -0.432881 -0.240191 -0.208705 0.270076 -0.011033
-0.140273 -0.262138 0.437100 -0.063457 0.331047 0.122706 0.134238 -0.047801 0.137806 0.301647 -0.105264 -0.317424 0.068674 -0.139252 0.135958 0.037862 -0.266546 -0.230892 -0.240396 -0.411816 0.151586 0.496482 0.493629 0.324599 1.000000 0.718526 0.212253 0.182846 -0.338784 -0.579245 0.473920 0.447757 -0.299022 -0.189024 0.046581 0.164317 -0.152267 -0.127444 -0.018666 -0.158806 -0.282286 -0.210110 -0.095466 -0.080131 -0.084285 -0.000367 -0.163053 -0.036991 -0.047201 -0.167814 0.349353 0.120872 -0.141742 -0.030255 -0.255730 -0.113430 -0.217196 -0.206961 0.223604 0.116029 0.181106 -0.180634 -0.295908 -0.272072 0.348199 0.090571 0.223171 0.289942 -0.127410 -0.001656 0.259722 0.519825 -0.408239 -0.158269 -0.382777 0.018609 -0.144174 0.027079 -0.238393 0.079694 -0.149659 -0.094540 0.079869 -0.080851 0.162398 -0.138534 -0.067500 -0.067843 0.095154 -0.199724 -0.009944 -0.099969 -0.276538 -0.089610 -0.147276 -0.311963 -0.264360 -0.131867 -0.291445 -0.294437 -0.025725 -0.221267 -0.167990 0.096562 0.070944 -0.024149 -0.184539 -0.015255 -0.125876 -0.025074 0.062966 -0.238126 -0.241213 -0.174059 -0.061976 -0.217412
-0.284301 -0.195358 0.300573 -0.040293 0.074754 0.001192 -0.057113 -0.087098 0.067907 0.090181 -0.177607 -0.243056 -0.181779 -0.249626 0.237813 0.106241 -0.368943 -0.274343 -0.466469 -0.506841 0.015408 0.473026 0.523680 0.258662 0.718526 1.000000 0.109473 0.407320 -0.441133 -0.493637 0.357852 0.419936 -0.264999 -0.254406 0.190795 0.288461 0.019521 0.131672 0.034530 0.049900 -0.199652 -0.102604 0.027577 0.063086 0.027109 0.095085 0.009050 0.124833 0.051557 -0.073224 0.369163 0.138741 -0.071392 -0.074772 -0.133184 -0.109999 -0.226737 -0.166165 0.209536 0.108299 0.046159 -0.211428 -0.482680 -0.407183 0.297373 0.155507 0.210764 0.333085 -0.009048 0.068198 0.087995 0.380348 -0.452309 -0.222943 -0.309216 -0.022357 -0.145584 -0.050964 -0.267457 0.072910 -0.192548 -0.121744 0.022559 -0.068064 0.233371 -0.034704 -0.185248 -0.052522 0.128966 -0.116641 -0.086100 -0.051596 -0.119110 -0.010999 -0.101507 -0.117724 -0.061485 0.035571 -0.238798 -0.219836 0.041190 -0.345411 -0.253804 0.140662 0.099674 0.003066 -0.153833 0.053375 -0.064390 0.064247 0.247282 -0.120480 -0.109976 -0.041918 0.056154 -0.067431
-0.075396 -0.112676 0.275617 0.059172 0.546826 0.421975 0.197034 0.101025 0.500712 0.187999 -0.028022 -0.134950 0.104478 -0.128436 0.451076 0.459948 -0.343424 -0.343359 0.040571 -0.168975 0.091177 0.014975 0.213483 0.045202 0.212253 0.109473 1.000000 0.578302 -0.196716 -0.188662 0.086403 -0.065587 -0.174348 -0.123568 0.013430 0.008890 -0.210016 -0.082888 -0.052860 -0.064271 -0.074626 -0.093822 -0.063474 -0.005617 -0.071854 -0.100861 -0.020447 -0.066037 -0.091265 -0.088635 0.107670 0.081244 0.037952 -0.048814 0.041917 -0.117236 -0.217576 -0.190252 0.182373 0.026754 0.160998 -0.020036 -0.238954 -0.289336 0.335716 0.100345 0.122784 0.051201 -0.076069 0.011038 -0.176698 -0.050202 -0.222036 -0.137340 -0.185052 -0.262972 -0.200649 -0.090480 -0.164051 -0.275847 -0.281231 -0.314319 0.082145 0.028966 0.083347 0.073209 -0.034564 -0.127145 0.385552 0.160430 -0.030380 0.037101 0.012719 0.086643 -0.072469 -0.036567 -0.190289 -0.195514 -0.160823 -0.247453 0.038350 -0.056157 -0.087547 -0.020559 0.016911 -0.003797 0.004251 0.052285 -0.115277 -0.144844 -0.210229 -0.171345 -0.113530 -0.153886 -0.098612 -0.060152
-0.203259 -0.105569 0.247147 0.163658 0.380855 0.442796 -0.028275 0.098016 0.270486 0.076533 -0.103859 -0.163344 -0.187226 -0.274801 0.380810 0.371335 -0.534061 -0.378511 -0.189664 -0.307773 -0.242045 -0.142524 0.306337 0.135658 0.182846 0.407320 0.578302 1.000000 -0.345375 -0.205574 -0.024229 0.011197 -0.151894 -0.165711 0.092060 0.107501 -0.190191 0.173657 -0.171756 0.195029 -0.096898 -0.161899 -0.058945 0.055505 -0.050815 -0.086777 -0.000070 0.157101 -0.018396 0.035900 0.136039 0.180106 -0.028936 -0.048734 0.280598 -0.057700 -0.280695 -0.268843 0.225684 0.235452 0.067695 -0.072335 -0.399314 -0.367888 0.268380 0.328224 0.283877 0.257102 0.107928 0.158696 -0.484869 -0.140300 -0.447857 -0.303370 -0.313678 -0.302008 -0.414511 -0.272609 -0.158941 -0.190574 -0.310530 -0.290090 0.006414 0.075212 0.085514 0.113869 -0.219386 -0.130058 0.435849 0.317724 -0.088084 -0.014828 0.137980 -0.001936 0.010604 0.337463 0.103886 0.171778 -0.191087 -0.297666 0.091809 -0.175685 -0.130076 0.208515 0.272783 0.074318 -0.103369 0.164770 0.039155 0.151971 0.038551 -0.278576 -0.136115 -0.238707 -0.032968 -0.025687
0.294845 -0.032988 -0.421137 -0.288114 -0.069687 -0.191878 -0.096257 -0.248540 -0.148225 -0.170335 0.221697 0.201437 0.216140 0.245168 -0.018170 0.026934 0.599291 0.584894 0.300816 0.384585 0.032172 -0.005645 -0.292012 -0.204064 -0.338784 -0.441133 -0.196716 -0.345375 1.000000 0.603042 0.022940 -0.004970 0.402994 0.343589 0.007580 -0.134165 0.281759 -0.124443 0.138303 -0.049128 0.376740 0.120840 -0.102940 -0.151466 -0.131364 -0.108635 -0.224877 -0.331709 -0.376958 -0.158701 -0.506385 -0.423740 -0.083111 -0.117756 -0.128560 -0.196988 0.267384 0.220898 -0.237619 -0.328954 -0.062031 -0.107531 0.552966 0.381629 -0.351162 -0.326573 -0.203651 -0.468641 0.016154 -0.225352 0.082968 -0.078279 0.864744 0.304177 0.573367 0.138389 0.572051 0.115657 0.506495 0.365065 0.474987 0.401392 0.214959 0.335867 0.015322 -0.074073 0.097775 0.056134 -0.313702 -0.037163 -0.273002 -0.134807 -0.050828 -0.117631 -0.016810 -0.010844 -0.021846 -0.224919 -0.048257 0.219689 -0.118850 0.218190 0.033017 -0.274486 -0.145276 -0.060862 0.153578 -0.010084 -0.061978 0.097054 0.023255 0.208637 0.241280 0.131276 0.038757 0.023867
0.061229 0.318656 -0.432476 0.049584 -0.267061 -0.095979 -0.116415 -0.042007 -0.074363 -0.134758 0.285945 0.534681 0.092072 0.319075 -0.066496 0.134017 0.372830 0.496020 0.264635 0.351239 -0.089091 -0.288673 -0.334213 -0.164100 -0.579245 -0.493637 -0.188662 -0.205574 0.603042 1.000000 -0.199534 -0.179304 0.373998 0.280599 -0.034672 -0.159264 0.104968 0.080374 -0.033344 0.038830 0.341744 0.126232 -0.078477 -0.077953 -0.052339 -0.049801 -0.058002 -0.276302 -0.224207 0.051194 -0.373205 -0.212899 0.016024 -0.051607 0.080973 -0.035933 0.030454 0.142923 -0.286965 -0.231133 -0.037942 0.213881 0.459057 0.383488 -0.330858 -0.144652 -0.259768 -0.449058 0.043919 -0.136351 -0.136771 -0.229084 0.573859 0.567817 0.446086 0.213500 0.242008 0.122631 0.192180 0.325195 0.114390 0.336304 -0.027002 0.307872 -0.033524 0.202980 -0.060275 -0.031583 -0.119853 0.074273 -0.293056 -0.077611 0.264301 -0.090798 0.067309 0.225764 0.184021 0.000396 -0.062310 0.102920 -0.077130 0.207548 0.142419 -0.192725 -0.117624 -0.088400 0.118138 -0.008266 0.018129 0.110698 -0.122622 0.146428 0.201513 0.188925 0.049718 0.079366
-0.132544 -0.397707 0.024348 -0.205232 0.134239 -0.112585 0.148545 -0.089016 -0.115700 0.078464 -0.063262 -0.087285 0.060948 -0.090591 0.066281 0.013132 -0.045935 -0.004079 -0.140860 -0.299647 0.074907 0.343271 0.284454 0.386061 0.473920 0.357852 0.086403 -0.024229 0.022940 -0.199534 1.000000 0.873029 -0.010535 0.256011 0.138111 0.261131 -0.145439 -0.017873 -0.079730 -0.065702 -0.210953 -0.120163 -0.310693 -0.225527 0.026335 0.029639 -0.346653 -0.236803 -0.180001 -0.148861 -0.056839 -0.051256 -0.324432 -0.167216 -0.429198 -0.218180 -0.133425 -0.218355 -0.072847 -0.102766 0.071295 -0.096250 -0.044206 -0.128415 0.287175 0.111179 -0.106491 0.159179 -0.340915 -0.195586 0.325481 0.452014 -0.039426 -0.054225 -0.116643 0.294500 0.039561 0.046022 0.034495 0.089900 0.016405 0.022028 0.013070 0.081498 -0.054840 -0.222590 -0.177658 -0.140287 -0.242007 -0.477905 -0.078180 -0.060581 -0.273764 -0.193589 -0.068802 -0.210099 -0.215425 -0.101780 -0.176699 -0.058418 -0.023865 -0.046141 -0.194868 -0.019303 -0.017246 0.022350 -0.270471 -0.090521 0.031120 -0.092768 0.106411 -0.077797 -0.140034 -0.030147 0.185582 0.062688
-0.168467 -0.374503 0.020049 -0.114880 0.006102 -0.044875 0.134230 -0.027367 -0.172853 0.094663 -0.053435 -0.058144 -0.043972 -0.163549 -0.001238 -0.110282 -0.120931 -0.010505 -0.170568 -0.376355 -0.062890 0.308495 0.347602 0.515639 0.447757 0.419936 -0.065587 0.011197 -0.004970 -0.179304 0.873029 1.000000 -0.028600 0.238396 0.194510 0.334272 -0.185868 -0.004142 -0.127589 -0.028476 -0.219145 -0.234484 -0.328100 -0.243110 0.040531 0.085166 -0.357696 -0.215848 -0.133240 -0.106811 -0.028902 -0.014053 -0.301370 -0.108805 -0.422959 -0.219010 -0.152902 -0.270002 -0.098771 -0.157989 0.041934 -0.075637 -0.092589 -0.164104 0.331575 0.222661 -0.115737 0.165049 -0.199305 -0.123059 0.208449 0.478241 -0.133463 -0.074646 -0.171626 0.258367 0.023698 0.000628 -0.007635 0.186751 -0.008147 0.016874 -0.083260 0.047069 0.002856 -0.228966 -0.180489 -0.168454 -0.159256 -0.376886 -0.071870 -0.033286 -0.119136 -0.127376 -0.078229 -0.131488 -0.172249 -0.056008 -0.199616 -0.028345 -0.108842 -0.071759 -0.227667 0.075673 0.054327 0.041838 -0.249325 -0.049916 0.023495 -0.054209 0.088760 -0.146020 -0.093423 -0.066018 0.193551 -0.024509
0.264819 0.252738 -0.225543 -0.093716 -0.192436 -0.103485 -0.051488 0.025428 -0.245207 -0.110732 0.049513 0.246777 -0.069155 0.037542 -0.151662 -0.075084 0.220902 0.206115 0.160160 0.151815 -0.053099 -0.068207 -0.078118 0.005283 -0.299022 -0.264999 -0.174348 -0.151894 0.402994 0.373998 -0.010535 -0.028600 1.000000 0.749629 -0.059254 -0.134873 -0.008905 -0.039853 0.071496 -0.042732 0.264157 0.070587 0.009232 0.041990 0.059242 0.043645 -0.049020 -0.281497 -0.229556 0.039463 -0.306415 -0.281911 -0.055285 -0.142147 -0.007955 0.070150 0.241277 0.281113 -0.320939 -0.358186 0.129799 0.185531 0.318798 0.224421 -0.161371 0.035768 -0.124774 -0.361995 0.050299 -0.209095 -0.229641 -0.287439 0.435809 0.193380 0.274472 0.086518 0.200062 -0.114385 0.144914 0.076294 0.090620 0.156190 0.106691 0.171832 0.037951 0.076204 0.199070 0.118539 -0.040600 0.105272 -0.453121 -0.274873 -0.057518 -0.155828 0.017905 0.173481 0.240361 -0.125526 -0.030186 0.186051 0.013396 0.019505 0.004056 -0.232210 -0.217192 -0.160753 -0.074784 -0.104421 0.190539 0.133762 -0.072385 0.171885 0.341126 0.079334 -0.145235 -0.162804
0.155106 -0.041656 -0.213888 -0.100393 -0.183891 -0.106255 0.027148 0.019018 -0.337240 -0.129481 -0.032885 0.013661 -0.041767 -0.118378 -0.235456 -0.224579 0.118125 0.098425 0.154577 0.144838 -0.095407 -0.147806 -0.025760 0.217449 -0.189024 -0.254406 -0.123568 -0.165711 0.343589 0.280599 0.256011 0.238396 0.749629 1.000000 0.074381 0.135076 -0.122726 -0.039202 -0.075422 -0.142665 0.218191 -0.047542 -0.108943 -0.036530 0.085341 0.132041 -0.157928 -0.234694 -0.338622 0.016235 -0.406140 -0.399744 -0.302446 -0.226557 -0.113709 0.001552 0.125392 0.041968 -0.379756 -0.327458 0.028153 0.153277 0.267111 0.185144 -0.028491 0.063597 -0.150980 -0.100259 -0.075232 -0.282159 -0.199920 -0.201425 0.296839 0.223675 0.243979 0.200447 0.128083 0.004723 0.195689 -0.007358 0.104604 0.083523 0.051041 0.067365 -0.050551 -0.047434 0.080919 -0.046901 -0.083408 -0.108701 -0.206293 -0.035517 -0.080098 -0.148975 0.042161 0.210254 0.235326 -0.072994 0.089948 0.257685 -0.019329 0.139219 0.112125 -0.113899 -0.116712 -0.088184 -0.147318 -0.191622 0.204636 -0.090750 -0.041272 0.045262 0.170263 0.123268 0.021338 0.049989
-0.252550 -0.402061 -0.147506 -0.245069 -0.095632 0.037330 -0.173886 -0.222209 -0.219022 -0.185968 -0.242350 -0.216729 -0.269151 -0.311464 -0.256775 -0.292075 0.012318 0.169719 -0.159432 -0.138860 0.043262 0.087382 0.045733 -0.002344 0.046581 0.190795 0.013430 0.092060 0.007580 -0.034672 0.138111 0.194510 -0.059254 0.074381 1.000000 0.730682 0.135546 0.212916 0.069361 0.144909 -0.027234 -0.030808 0.034091 0.034912 0.347127 0.479565 -0.016155 0.045198 0.021363 0.252064 0.057777 -0.005028 -0.105849 -0.083116 -0.186619 -0.151367 -0.001810 -0.042991 0.178747 0.069150 -0.119452 -0.098703 0.031752 0.017926 0.128530 0.074063 0.356751 0.401970 -0.004407 -0.052056 0.038058 0.053584 -0.073252 -0.029313 0.009786 -0.062016 0.079828 -0.151045 0.008449 0.159812 -0.104547 0.019163 -0.209393 -0.166005 -0.119852 -0.147802 -0.099390 -0.161558 -0.083677 -0.240095 -0.129972 -0.208870 -0.098035 -0.072631 -0.078087 -0.120923 -0.074511 0.112242 -0.114948 -0.058694 -0.108006 -0.097736 -0.236590 0.128458 0.123826 0.108043 0.028244 0.320158 -0.140955 0.131735 0.283086 -0.014383 -0.219972 -0.068390 -0.103869 -0.188888
-0.315272 -0.456768 -0.077157 -0.314245 -0.099298 0.015464 -0.232461 -0.240844 -0.219999 -0.094761 -0.253772 -0.339239 -0.244933 -0.330454 -0.143837 -0.277419 -0.111813 -0.046250 -0.332475 -0.251841 -0.027045 0.063486 0.247881 0.156625 0.164317 0.288461 0.008890 0.107501 -0.134165 -0.159264 0.261131 0.334272 -0.134873 0.135076 0.730682 1.000000 0.022309 0.222882 -0.015718 0.044174 -0.016561 -0.140105 -0.008166 0.057182 0.381948 0.554909 -0.097684 0.162338 -0.016618 0.242571 -0.004259 0.004575 -0.269790 -0.191756 -0.225322 -0.123528 -0.098278 -0.217435 0.115968 0.022423 -0.081860 -0.164294 -0.110848 -0.146657 0.141692 0.077109 0.187495 0.507948 0.046850 -0.049185 -0.053450 0.144519 -0.273827 -0.096315 -0.123244 0.034679 -0.108700 -0.099743 -0.014027 0.001931 -0.057575 -0.003081 -0.197784 -0.188106 -0.120171 -0.293826 -0.145934 -0.223050 -0.040976 -0.365056 0.051874 -0.034035 -0.117047 -0.105030 0.118600 0.036854 0.049311 0.100201 0.036939 0.047678 -0.136979 -0.129275 -0.205824 0.334984 0.179654 0.270846 -0.040690 0.180384 0.149279 -0.001032 0.306423 -0.066229 -0.277251 -0.015398 0.020718 0.002495
