1.000000 0.651068 0.180727 -0.301111 0.187199 -0.025819 -0.060233 -0.493275 0.230022 -0.096304 0.447031 0.208066 0.311940 0.088308 0.353954 0.167929 0.144468 0.156161 0.464761 0.103863 -0.189198 -0.140814 -0.030817 -0.398386 -0.055388 -0.453807 0.132070 0.171051 0.298287 -0.068411 -0.454245 -0.468243 0.050254 -0.281344 -0.321273 -0.499815 -0.019352 -0.105890 0.033471 -0.024901 0.091302 -0.046034 -0.103603 -0.144253 -0.228861 -0.507962 -0.030900 -0.180144 0.184286 -0.200006 0.128906 0.158200 0.288562 0.110244 0.099790 0.004032 0.600220 0.515929 0.491163 0.253933 0.158880 -0.406928 -0.008382 0.042339 -0.442309 -0.420552 0.079746 -0.479521 0.397014 0.278906 0.085583 -0.099251 0.158442 0.039994 0.130925 0.039062 0.079669 -0.252265 0.123217 -0.002929 0.053296 0.193855 -0.063663 -0.062209 0.058897 0.012257 -0.072360 -0.057389 0.126932 0.137731 -0.137873 -0.045221 -0.365888 -0.100932 0.081063 -0.124072 0.002697 -0.011509 -0.171396 0.036667 -0.185210 0.116042 -0.007464 -0.076826 -0.045439 -0.163999 0.170256 -0.007045 -0.128751 0.043736 -0.292781 -0.256428 0.002457 -0.218901 -0.298938 -0.146229
0.651068 1.000000 0.006873 -0.138841 0.012909 -0.213877 -0.172714 -0.369936 0.074986 -0.103821 0.244555 0.363159 0.138278 0.235989 0.187241 0.233993 0.027780 0.231295 0.251877 0.156260 -0.044619 -0.083202 -0.101075 -0.334860 -0.168905 -0.362629 0.076735 -0.058276 0.217378 0.069652 -0.338255 -0.381309 -0.013788 -0.274412 -0.374869 -0.523306 0.034492 -0.105103 -0.042700 -0.058826 0.112804 -0.062148 0.111996 0.018349 -0.089433 -0.406644 0.033673 -0.073120 0.188632 -0.055122 0.028376 0.310037 0.275618 0.083266 0.040831 0.053222 0.332953 0.584040 0.352909 0.396606 0.060451 -0.113065 0.042380 0.150504 -0.501932 -0.350729 0.067946 -0.471355 0.373193 0.369456 0.143106 0.006429 0.071876 0.108258 0.018296 -0.016012 -0.118031 -0.203846 0.050002 -0.051227 0.039166 0.183537 -0.105713 -0.007937 0.043187 0.043086 -0.090100 -0.006910 0.095369 0.137067 -0.067787 -0.198778 -0.381671 -0.201905 0.004422 -0.132758 0.047273 -0.035565 -0.052136 -0.077820 -0.068297 -0.016091 -0.016290 -0.195872 -0.151579 -0.155959 0.157587 0.060262 -0.114691 0.048195 -0.302587 -0.234795 -0.124618 -0.328056 -0.306965 -0.237148
0.180727 0.006873 1.000000 0.091264 0.205070 -0.126309 0.505126 -0.156728 0.348996 -0.240639 0.333996 0.075092 0.554150 -0.080364 0.540305 -0.162991 -0.092525 -0.005028 0.635463 0.000530 -0.022098 -0.040413 0.586909 0.335753 0.050662 -0.226892 0.042302 0.314389 0.032784 -0.318818 0.153891 0.139484 -0.140630 -0.038290 -0.068630 -0.006747 -0.252259 -0.101183 0.040432 -0.146225 -0.180938 -0.073916 0.058540 -0.085770 -0.289910 -0.297586 -0.194196 -0.234849 -0.014254 -0.301705 0.288895 -0.044011 -0.065676 0.059354 -0.048526 -0.288975 -0.296994 -0.198602 0.226397 -0.193421 0.131380 -0.321990 -0.220402 -0.182539 0.449385 -0.026447 0.005742 -0.090906 -0.077136 -0.306929 0.194009 -0.083688 0.029955 -0.100912 0.104763 0.224099 0.096133 -0.024183 -0.213001 -0.131545 -0.492642 -0.297169 -0.040197 -0.181715 -0.095562 -0.210164 -0.256797 -0.099888 0.513933 0.170358 0.115682 0.020217 -0.178475 0.031098 -0.136694 -0.130285 -0.256556 -0.232577 -0.271593 -0.041239 -0.026484 0.069642 0.000184 0.107940 -0.007734 -0.026311 0.261061 -0.000449 -0.184499 -0.091561 -0.073665 -0.211736 -0.124451 -0.191748 -0.156199 -0.067603
-0.301111 -0.138841 0.091264 1.000000 -0.071884 0.001809 -0.107486 0.429119 -0.070324 0.057483 -0.168831 0.246129 -0.136680 0.091927 -0.076732 -0.028312 -0.250728 -0.257833 -0.167544 -0.253694 0.101395 0.119931 0.262858 0.466559 0.071978 0.243840 0.078573 0.146888 -0.427509 -0.242713 0.172966 0.247162 -0.231916 -0.017106 0.130282 0.168098 0.018921 -0.062672 -0.150370 -0.113701 0.111789 -0.021032 0.260194 0.316996 0.078376 0.284104 0.121309 0.187876 -0.032570 0.106691 0.143256 0.150164 0.012431 0.101957 0.091494 -0.042462 -0.169035 -0.269980 -0.216812 -0.166260 -0.392652 0.044038 -0.466341 -0.438584 0.344105 0.596630 -0.168147 0.368816 -0.146848 0.180175 0.008601 0.096893 -0.523580 -0.125456 -0.276377 -0.095152 -0.150883 0.126663 -0.164206 -0.159375 -0.220197 -0.232065 -0.075596 -0.154177 -0.021722 0.221377 0.014212 -0.103557 0.176148 0.029528 0.121270 -0.276277 0.030180 -0.120151 -0.083590 -0.218283 0.026182 -0.083925 0.010571 -0.258506 0.033507 -0.047343 0.031661 0.097317 0.190897 0.072580 0.173087 0.040562 -0.154797 0.013485 -0.043556 -0.220194 -0.227881 -0.098660 -0.132237 -0.225552
0.187199 0.012909 0.205070 -0.071884 1.000000 0.693344 0.337430 0.109569 0.605508 0.422715 -0.088519 -0.007660 0.286257 -0.087659 0.093925 0.182293 -0.074762 0.216916 0.060470 -0.058708 0.107461 0.069008 -0.206840 -0.226250 0.437680 0.020200 0.568796 0.404654 0.084052 -0.244524 -0.194955 -0.201403 0.005887 0.012745 -0.155908 0.082701 -0.317721 -0.302408 -0.052835 -0.131510 -0.324662 -0.196099 -0.147227 -0.111757 0.046373 0.036064 -0.002321 -0.083530 0.133329 0.043176 0.133771 -0.102046 0.001030 -0.089919 0.004899 -0.013711 0.134065 0.119825 0.219551 0.110787 0.186506 -0.003515 0.120635 0.121888 0.065061 0.048730 0.078986 0.060069 -0.047652 -0.167006 0.098714 -0.100253 0.023297 -0.152771 -0.060877 -0.022024 0.050043 -0.154854 0.097828 0.041768 -0.110826 0.035701 -0.301053 -0.044869 -0.199528 -0.133033 0.012866 -0.315775 0.142939 0.146082 0.064917 -0.049772 -0.117629 -0.003150 -0.149776 -0.227541 -0.199672 -0.204581 0.156023 0.005627 0.127451 0.020268 0.211677 0.024741 0.021125 -0.196158 -0.003041 -0.086427 -0.186249 -0.026194 -0.209223 0.070070 -0.038659 -0.079089 -0.074850 -0.012939
-0.025819 -0.213877 -0.126309 0.001809 0.693344 1.000000 0.105584 0.249261 0.329134 0.469544 -0.145548 -0.169231 -0.127986 -0.095408 -0.153147 0.205021 0.106048 0.036996 -0.168451 -0.047066 0.147071 0.160275 -0.302909 -0.157597 0.456716 0.237398 0.623134 0.433487 -0.151644 -0.086487 -0.121841 -0.089724 0.063181 0.104888 -0.011405 0.084042 -0.175802 -0.166254 -0.062513 0.063924 -0.301474 -0.111923 -0.367632 -0.235082 0.090331 0.143993 -0.007721 -0.068452 0.113612 0.136748 -0.012041 -0.143785 -0.026237 -0.246864 -0.102285 0.111503 0.200402 -0.002807 0.112648 0.137890 0.195095 0.103628 0.195449 0.172955 0.056713 0.214851 0.124026 0.185877 -0.085653 -0.064935 -0.111179 0.008568 -0.003344 -0.100240 0.008062 -0.075374 -0.139149 -0.219252 0.092957 0.049406 0.038071 0.029948 -0.113776 -0.012059 -0.236974 -0.032563 0.164978 -0.212900 0.118060 0.171261 0.010313 0.019129 0.147031 0.094139 -0.096458 -0.131718 -0.089430 -0.154394 0.213725 0.045580 0.107440 -0.012578 0.199505 -0.017731 0.029120 -0.086950 -0.040416 -0.076558 -0.143573 -0.070710 -0.073567 0.087234 0.014875 0.055506 0.048399 0.069997
-0.060233 -0.172714 0.505126 -0.107486 0.337430 0.105584 1.000000 0.439123 0.504290 0.292309 -0.016406 -0.108820 0.366620 -0.100244 0.088102 -0.107218 0.065562 0.139765 0.145904 0.236207 0.098258 -0.097822 -0.145236 -0.082620 0.000200 -0.105892 -0.020710 -0.152617 0.272529 -0.049443 0.133569 0.010129 0.163689 0.249222 -0.251584 0.180346 -0.308370 -0.171265 -0.073115 -0.140724 -0.339485 -0.128704 -0.108588 -0.229768 -0.057153 -0.022484 -0.273385 -0.225893 -0.073281 -0.085369 -0.026080 -0.178333 -0.169207 -0.022305 -0.220065 -0.245149 -0.277598 -0.288459 -0.000170 -0.103295 0.296598 0.170258 0.319806 0.317683 0.185014 -0.012196 -0.006885 0.022970 -0.117706 -0.400514 0.090468 -0.193225 0.329910 -0.026844 0.165077 0.176780 0.299816 0.090959 0.001419 -0.037933 -0.245606 -0.198749 -0.152112 -0.028802 -0.390818 -0.319315 -0.128636 -0.100906 -0.015672 0.061828 0.193846 0.161493 0.037133 0.029038 -0.212060 -0.051857 -0.297019 -0.205913 0.097853 0.208147 0.329256 0.304225 0.278682 0.147086 0.018753 -0.098758 -0.048864 -0.120856 -0.224821 -0.019493 -0.094538 0.183783 0.165757 0.116840 0.029400 -0.009595
-0.493275 -0.369936 -0.156728 0.429119 0.109569 0.249261 0.439123 1.000000 0.059940 0.464926 -0.401811 -0.058869 -0.285743 0.069075 -0.475997 -0.053106 -0.031528 -0.119190 -0.514498 0.092961 0.084013 -0.072139 -0.379980 0.062798 0.046444 0.385099 -0.002550 -0.254984 -0.181871 0.113569 0.214316 0.196252 0.148151 0.343188 0.028267 0.344762 -0.120981 -0.014287 -0.201111 -0.116706 -0.123413 0.040441 -0.079482 -0.053370 0.082869 0.325098 -0.098596 0.046466 -0.163689 0.085346 -0.194157 -0.146185 -0.191061 -0.118774 -0.206380 -0.056844 -0.264145 -0.403655 -0.258923 -0.021553 0.040674 0.594055 0.189502 0.165469 0.161064 0.542704 -0.043988 0.387246 -0.269097 -0.086921 -0.171718 -0.040706 -0.099054 0.025072 -0.081842 -0.099018 0.091659 0.235769 -0.077313 -0.071645 -0.065169 -0.225429 -0.073058 0.049497 -0.401340 -0.115289 -0.032919 -0.216322 -0.227797 -0.104420 0.109781 0.004605 0.304701 0.050721 -0.130013 0.023170 -0.089460 0.006337 0.190727 0.070673 0.413798 0.253481 0.258876 0.201758 0.199177 0.110205 -0.042976 -0.050333 -0.001020 0.006029 0.118760 0.233268 0.121018 0.262015 0.108687 -0.060712
0.230022 0.074986 0.348996 -0.070324 0.605508 0.329134 0.504290 0.059940 1.000000 0.503970 0.112031 0.268598 0.488910 0.067806 0.379593 0.267214 0.004983 0.305504 0.249126 -0.070025 0.005688 -0.029945 -0.109644 -0.220824 0.190110 -0.211756 0.272442 0.162771 0.248677 -0.175400 -0.176376 -0.192527 -0.203430 -0.113603 -0.335782 -0.118134 -0.274893 -0.243583 -0.081469 -0.130346 -0.349799 -0.230169 -0.171959 -0.202964 -0.062092 -0.165059 -0.096142 -0.205268 0.102339 -0.032339 0.147381 0.062162 -0.015112 0.100821 0.007372 -0.086725 -0.001215 -0.001221 0.221271 -0.011752 0.231145 0.037892 0.058597 0.206451 0.149282 0.022399 -0.100080 -0.253711 -0.006902 -0.194014 0.250421 -0.011512 0.130362 -0.041396 0.050701 0.172514 0.163490 -0.028720 0.091383 -0.033769 -0.145481 0.019479 -0.273489 -0.125816 -0.063037 -0.065967 -0.098324 -0.157083 0.202499 0.169663 0.129456 0.092049 -0.101745 0.084875 -0.129566 -0.192303 -0.102990 -0.161864 0.148202 0.152714 0.256531 0.182436 0.258333 0.142193 -0.011118 -0.173130 -0.018723 -0.119344 -0.242670 0.089307 -0.193546 0.035266 0.115737 0.022589 -0.076669 -0.008624
-0.096304 -0.103821 -0.240639 0.057483 0.422715 0.469544 0.292309 0.464926 0.503970 1.000000 -0.279608 0.051758 -0.063743 0.049353 -0.165716 0.322615 -0.025324 0.079801 -0.276945 0.056478 0.005662 -0.171828 -0.525881 -0.342371 0.108970 0.030628 0.191517 -0.132576 0.115383 0.019541 -0.179523 -0.200828 0.047037 0.130656 -0.118213 0.090019 -0.103177 -0.239431 -0.190294 -0.175736 -0.137131 -0.104096 -0.157486 -0.085769 0.129012 0.195178 -0.004423 0.055970 0.069673 0.165081 -0.020562 0.010832 0.091431 0.048701 0.043923 -0.027435 0.028646 0.035950 0.066303 0.142633 0.176600 0.483907 0.160344 0.206390 -0.021466 0.215307 0.030525 0.065447 -0.007568 0.111583 -0.007343 -0.157057 0.008814 -0.072652 -0.080172 -0.124394 0.163649 0.081255 0.149750 -0.049160 0.047392 -0.022624 -0.212042 -0.005531 -0.182487 -0.090710 0.198652 -0.133348 -0.154044 -0.052691 0.119911 0.047047 0.079152 0.078032 -0.081378 -0.149066 -0.024269 -0.022297 0.378779 0.112475 0.335050 0.219540 0.315237 0.200953 0.136900 -0.049450 -0.157979 -0.116267 -0.125175 0.044502 -0.116434 0.177212 0.070922 0.213388 0.095908 0.025555
0.447031 0.244555 0.333996 -0.168831 -0.088519 -0.145548 -0.016406 -0.401811 0.112031 -0.279608 1.000000 0.251559 0.355189 0.371572 0.658389 0.174810 0.709615 0.031308 0.496112 -0.039162 -0.227112 -0.098776 0.388932 0.150224 -0.078096 -0.309453 -0.181367 0.066061 0.410749 0.158321 0.138598 0.163337 -0.022734 -0.004684 -0.292243 -0.268709 0.021063 -0.336378 -0.123187 -0.124764 0.019117 -0.331586 -0.100285 -0.163867 -0.158938 -0.364820 -0.166425 -0.389933 0.065603 -0.156449 0.131344 0.098863 -0.022520 -0.050346 -0.275402 -0.294022 0.323522 0.147660 0.065257 -0.112441 0.001600 -0.515421 0.066493 0.136511 -0.051150 -0.318380 -0.093907 -0.387925 0.250792 -0.113895 0.074958 0.265718 0.428070 0.174433 0.399466 0.163177 -0.143835 -0.304250 0.255238 0.172033 0.205618 0.224109 0.277164 -0.364608 0.327312 0.031674 -0.231743 0.155396 0.361935 0.058195 -0.215293 0.057060 -0.122027 0.081902 0.084964 -0.306597 -0.086712 -0.355270 -0.320764 -0.110899 -0.329705 0.076166 -0.147959 0.088594 0.030251 -0.320779 0.113070 -0.279798 -0.231836 0.194828 -0.377238 -0.374294 0.005127 -0.014815 -0.274928 -0.176778
0.208066 0.363159 0.075092 0.246129 -0.007660 -0.169231 -0.108820 -0.058869 0.268598 0.051758 0.251559 1.000000 0.436786 0.589855 0.316257 0.405124 -0.070647 0.368003 0.082742 -0.278726 -0.021786 0.102615 0.149885 0.058170 -0.079010 -0.159139 -0.094046 -0.035683 0.257742 0.194401 0.005857 0.104906 -0.162672 -0.089158 -0.191869 -0.183965 0.070334 -0.216125 -0.234588 -0.205489 -0.076208 -0.332232 0.052308 -0.030607 -0.127825 -0.278701 -0.186589 -0.255587 0.097273 -0.049288 0.074944 0.267792 -0.019090 0.084435 -0.070062 -0.285743 0.021871 0.032930 0.008919 -0.164242 -0.098578 -0.060851 -0.027674 0.010918 0.031008 0.100020 -0.251029 -0.390078 0.089777 -0.034968 0.331264 0.270498 0.051105 0.147445 -0.092872 0.165117 -0.048498 -0.076068 0.119092 0.111480 0.094168 0.223771 -0.287176 -0.143542 0.395093 0.226465 -0.203588 -0.118030 0.159818 -0.002163 -0.117365 0.024057 -0.008472 0.110887 -0.029434 -0.321693 -0.092102 -0.231654 -0.128384 -0.209259 -0.014399 -0.006193 0.004936 0.116901 0.137238 -0.237513 0.000728 -0.180121 -0.279518 0.232139 -0.257989 -0.303694 -0.054480 0.058568 -0.154364 -0.278130
0.311940 0.138278 0.554150 -0.136680 0.286257 -0.127986 0.366620 -0.285743 0.488910 -0.063743 0.355189 0.436786 1.000000 0.202827 0.519042 0.079888 -0.049808 0.428417 0.411836 -0.234464 -0.024159 0.051546 0.284219 -0.019018 0.141889 -0.322499 -0.086053 0.139924 0.390470 -0.149449 0.010347 -0.003746 0.050813 0.078047 -0.232279 0.019873 -0.246034 -0.350932 -0.126850 -0.257633 -0.374344 -0.441518 0.021552 -0.010795 -0.099457 -0.248630 -0.166690 -0.304710 0.200148 -0.058846 0.384138 0.149424 -0.027978 0.025072 -0.008197 -0.285781 -0.081259 0.001332 0.225701 -0.150792 0.158317 -0.340602 0.068959 0.130337 0.186323 -0.109708 -0.039615 -0.254375 0.053369 -0.302253 0.327025 -0.010615 0.301794 -0.101822 0.039130 0.232400 0.153646 -0.099749 0.178444 0.178774 -0.189593 0.097242 -0.447615 -0.333048 0.161539 -0.141447 -0.156017 -0.042908 0.273653 0.068332 -0.014228 0.134209 -0.219722 0.063587 -0.083464 -0.321931 -0.118219 -0.366504 -0.168908 0.010902 0.056716 0.071434 0.092612 0.145781 0.034308 -0.359522 -0.003924 -0.281803 -0.332633 0.215015 -0.352645 -0.235634 -0.059635 0.006408 -0.137623 -0.143441
0.088308 0.235989 -0.080364 0.091927 -0.087659 -0.095408 -0.100244 0.069075 0.067806 0.049353 0.371572 0.589855 0.202827 1.000000 0.073786 0.485716 0.257865 0.027543 -0.160894 -0.326180 -0.220243 -0.132020 0.048172 0.086555 -0.069668 0.054851 -0.158088 -0.167673 0.249108 0.509062 0.137911 0.225264 0.010771 0.072797 -0.233670 -0.148748 0.145342 -0.328401 -0.339291 -0.169408 -0.068011 -0.416966 -0.072883 -0.094228 -0.088869 -0.221500 -0.142638 -0.245214 0.145771 0.028149 0.169919 0.297479 0.031480 -0.006222 -0.112523 -0.154683 -0.011522 -0.023478 0.019459 0.041693 0.116313 0.154474 0.182972 0.254056 -0.118291 0.119904 -0.236981 -0.345701 -0.065767 -0.109509 0.020358 0.321626 0.269090 0.240352 0.037260 -0.083496 -0.193710 -0.164153 0.245709 0.232729 0.296028 0.168322 -0.122674 -0.308926 0.255938 0.006018 -0.066525 0.014335 0.080058 -0.007214 -0.006990 0.139693 0.085032 0.197553 0.103406 -0.369491 0.081541 -0.274493 -0.096360 -0.204548 -0.029262 -0.085004 -0.019720 0.205667 0.179752 -0.261424 -0.085767 -0.373118 -0.228740 0.316497 -0.256532 -0.298461 -0.056531 0.173373 -0.227512 -0.384809
0.353954 0.187241 0.540305 -0.076732 0.093925 -0.153147 0.088102 -0.475997 0.379593 -0.165716 0.658389 0.316257 0.519042 0.073786 1.000000 0.298572 0.256412 0.129325 0.642866 -0.053776 -0.023769 0.031702 0.562711 0.192902 -0.102527 -0.522069 -0.016559 0.269129 0.311034 -0.165704 0.098054 0.085458 -0.314696 -0.202841 -0.266244 -0.312233 -0.037318 -0.175327 0.082105 -0.085113 0.038704 -0.140799 0.009938 -0.138127 -0.211153 -0.391284 -0.222222 -0.343149 -0.043156 -0.236932 0.101976 0.072719 0.041735 0.223230 -0.009160 -0.219834 0.082627 0.072556 0.065433 -0.260269 -0.125349 -0.515962 -0.258935 -0.156877 0.206208 -0.313849 -0.272283 -0.496457 0.146595 -0.209997 0.313390 0.129070 0.166407 0.000136 0.226943 0.271325 -0.043028 -0.180683 0.026011 -0.036385 -0.088210 0.060444 0.241267 -0.137624 0.312917 0.095073 -0.303143 0.097226 0.550987 0.230070 -0.076459 -0.002225 -0.259404 0.008635 0.024011 -0.189165 -0.124608 -0.161463 -0.180959 0.032487 -0.266078 0.012491 -0.228869 -0.047728 -0.114468 -0.216941 0.198001 -0.009257 -0.131442 0.038773 -0.232036 -0.167931 0.049004 -0.170850 -0.104510 -0.004005
0.167929 0.233993 -0.162991 -0.028312 0.182293 0.205021 -0.107218 -0.053106 0.267214 0.322615 0.174810 0.405124 0.079888 0.485716 0.298572 1.000000 0.083409 -0.018645 -0.037132 -0.048395 0.031620 -0.076137 -0.066478 -0.126354 -0.085045 -0.132555 0.227171 0.106215 0.193804 0.288473 -0.029611 -0.091681 -0.079779 -0.145905 -0.337669 -0.420791 0.135060 -0.042923 0.036095 0.042920 0.053701 0.018707 -0.240501 -0.323206 -0.218030 -0.333368 -0.151393 -0.207331 -0.031680 -0.159822 -0.083804 0.074326 0.217764 0.191741 0.169012 0.140465 0.097391 0.077312 0.094587 0.090793 0.052240 0.117966 0.012233 0.017664 -0.130642 -0.083548 -0.280283 -0.485093 -0.047392 -0.052811 0.155171 0.075257 0.090644 0.011338 -0.032751 -0.053673 -0.065727 -0.125422 -0.003289 -0.160849 0.104507 -0.012081 0.115715 0.146454 0.141435 0.037497 -0.148796 -0.019802 0.140781 0.123380 0.018459 0.005969 0.083234 0.132177 0.019073 -0.067079 0.014886 0.029864 0.029838 0.003350 -0.045133 -0.089344 -0.177902 -0.056651 -0.027245 -0.052956 0.000298 -0.034634 -0.030326 -0.078082 -0.121752 -0.017298 0.093214 0.074705 0.073457 0.030614
0.144468 0.027780 -0.092525 -0.250728 -0.074762 0.106048 0.065562 -0.031528 0.004983 -0.025324 0.709615 -0.070647 -0.049808 0.257865 0.256412 0.083409 1.000000 0.074893 0.078099 0.096670 -0.089697 -0.075905 -0.029096 0.025282 -0.085842 -0.139176 -0.110072 -0.139500 0.383776 0.298656 0.213367 0.202050 0.141275 0.170435 -0.341047 -0.148883 0.040433 -0.368042 -0.187060 -0.065573 -0.012496 -0.309360 -0.251778 -0.211195 0.074285 -0.066052 -0.118852 -0.330586 0.058602 0.075118 -0.061821 -0.019550 -0.131235 -0.247336 -0.459222 -0.197666 0.420368 0.155399 -0.241957 -0.069666 -0.038264 -0.234855 0.374172 0.445308 -0.192742 -0.255532 -0.110670 -0.178392 0.203095 -0.154829 -0.078332 0.281384 0.593701 0.287468 0.553434 0.120702 -0.146563 -0.302266 0.462715 0.315168 0.456109 0.359708 0.333725 -0.310104 0.174431 0.022373 -0.041302 0.231176 0.061943 -0.023077 -0.253048 0.061771 0.037588 0.098950 0.074867 -0.252766 -0.050153 -0.361731 -0.105249 -0.035199 -0.212035 0.172000 -0.003637 0.076683 0.017536 -0.360051 -0.057702 -0.333058 -0.228871 0.228536 -0.344836 -0.126158 0.112077 0.121204 -0.191421 -0.158266
0.156161 0.231295 -0.005028 -0.257833 0.216916 0.036996 0.139765 -0.119190 0.305504 0.079801 0.031308 0.368003 0.428417 0.027543 0.129325 -0.018645 0.074893 1.000000 0.078969 0.080714 0.214700 0.333161 -0.195481 -0.304367 0.123211 -0.227567 0.017695 -0.057358 0.501941 0.259492 -0.040425 -0.099631 -0.039556 -0.058713 -0.174830 0.054787 -0.115222 -0.239932 -0.079499 -0.163784 -0.210660 -0.378846 -0.091544 -0.083599 0.066778 -0.083340 -0.040968 -0.274933 0.075984 0.056833 0.010769 0.000128 -0.136653 -0.265235 -0.161082 -0.265133 0.184461 0.219562 0.010675 -0.048567 0.024658 -0.167142 0.427431 0.515139 -0.153388 -0.247503 0.005199 -0.262214 0.220604 -0.227167 0.356015 0.283697 0.428037 0.264178 0.138871 0.424323 0.175579 -0.006716 0.355973 0.525262 0.156278 0.631597 -0.509505 -0.021045 0.243771 0.165879 -0.122560 -0.010671 0.036962 0.052424 -0.297931 -0.095550 -0.251761 -0.065523 -0.173526 -0.266331 -0.241877 -0.326003 -0.008948 -0.077250 0.093836 0.060843 0.186022 -0.075055 -0.109109 -0.371621 -0.040762 -0.110123 -0.326707 0.265998 -0.313824 -0.126984 -0.034011 -0.059056 -0.212949 -0.219899
0.464761 0.251877 0.635463 -0.167544 0.060470 -0.168451 0.145904 -0.514498 0.249126 -0.276945 0.496112 0.082742 0.411836 -0.160894 0.642866 -0.037132 0.078099 0.078969 1.000000 0.320569 -0.004937 -0.000840 0.497759 0.076310 -0.000311 -0.270855 0.032210 0.186881 0.225415 -0.181988 0.042482 0.026923 -0.020629 -0.098110 -0.063551 -0.198976 -0.009605 -0.104146 0.140191 -0.097355 0.018349 -0.074593 0.014326 -0.117099 -0.313783 -0.432129 -0.126632 -0.241440 -0.150000 -0.317411 0.072089 -0.023600 0.146914 0.183623 -0.091326 -0.274097 0.020731 0.047388 0.138657 -0.162632 -0.072820 -0.533573 -0.166644 -0.218777 0.131311 -0.433132 -0.001986 -0.389354 0.432749 0.033585 0.270321 0.035266 0.093491 0.072191 0.300096 0.275059 0.176244 0.036401 -0.046169 -0.062442 -0.210820 -0.060847 0.098251 -0.122662 0.117264 -0.097018 -0.242588 -0.042320 0.315464 0.010463 -0.020939 -0.013987 -0.269944 -0.057797 0.010062 -0.090483 -0.203301 -0.094881 -0.269022 -0.060478 -0.258886 -0.043098 -0.116868 -0.086301 -0.158056 -0.067239 0.177689 0.099384 -0.074518 0.012918 -0.151330 -0.269828 -0.129205 -0.219050 -0.185960 0.001170
0.103863 0.156260 0.000530 -0.253694 -0.058708 -0.047066 0.236207 0.092961 -0.070025 0.056478 -0.039162 -0.278726 -0.234464 -0.326180 -0.053776 -0.048395 0.096670 0.080714 0.320569 1.000000 0.077296 -0.115957 -0.185684 -0.169406 -0.241971 -0.085811 -0.045644 -0.340524 0.302246 0.221758 0.069249 -0.078120 0.273934 0.134963 -0.092955 -0.105682 0.111688 0.138179 0.126693 -0.048600 0.274887 0.304534 -0.109849 -0.263389 -0.230066 -0.167957 -0.138310 -0.032134 -0.474838 -0.364758 -0.507675 -0.413626 0.072105 0.025939 -0.277219 -0.198288 0.014880 0.082418 -0.121300 0.069033 -0.063225 0.004398 0.274935 0.134593 -0.226291 -0.486158 0.101237 -0.148238 0.350827 0.190901 -0.012397 -0.189519 0.095926 0.190386 0.262405 0.137079 0.325607 0.260831 -0.094555 -0.128353 0.051675 0.037959 0.284217 0.469617 -0.154812 -0.078220 -0.173756 -0.126938 -0.196046 -0.216367 -0.005811 -0.228639 -0.077203 -0.254539 0.001729 0.230068 -0.306695 0.243490 -0.052386 0.023358 0.001602 0.031718 -0.060400 -0.258710 -0.156371 0.178870 0.081283 0.275249 0.214836 -0.125268 0.102533 0.098510 0.004596 -0.166139 -0.099389 0.109002
-0.189198 -0.044619 -0.022098 0.101395 0.107461 0.147071 0.098258 0.084013 0.005688 0.005662 -0.227112 -0.021786 -0.024159 -0.220243 -0.023769 0.031620 -0.089697 0.214700 -0.004937 0.077296 1.000000 0.713295 -0.098311 -0.055826 0.300028 0.155922 0.099331 0.026193 -0.043622 -0.012203 0.140777 0.086820 -0.015339 0.104603 -0.059638 0.123524 0.074197 0.187097 0.226869 0.391336 -0.210250 -0.001988 -0.175722 -0.112575 0.031569 0.057174 -0.110994 -0.164970 -0.045018 0.022603 -0.245873 -0.116811 -0.148482 -0.236999 -0.094374 0.046885 -0.148092 -0.105814 -0.177859 -0.121487 -0.182522 -0.069372 -0.025521 0.048367 0.020865 0.023671 -0.082115 0.036064 0.090560 -0.147318 0.414802 0.257778 0.084084 0.156369 0.158505 0.464813 0.068297 0.119594 -0.107231 0.085271 -0.138484 0.020368 -0.117925 -0.023177 -0.144248 0.043211 0.039843 0.238465 0.133350 0.238793 -0.084336 0.206016 0.059265 0.041772 0.101606 0.213814 0.021500 0.007159 0.120308 0.245583 0.132089 0.060907 0.034385 -0.129888 -0.325641 -0.268876 -0.071547 0.047539 0.019942 0.130828 0.048599 0.252351 0.324320 0.224219 0.038402 -0.007864
-0.140814 -0.083202 -0.040413 0.119931 0.069008 0.160275 -0.097822 -0.072139 -0.029945 -0.171828 -0.098776 0.102615 0.051546 -0.132020 0.031702 -0.076137 -0.075905 0.333161 -0.000840 -0.115957 0.713295 1.000000 0.065949 0.116383 0.414499 0.299503 0.118170 0.220093 -0.016709 0.061739 0.155938 0.261697 -0.079986 0.087273 0.107056 0.158470 0.009723 0.134444 0.199002 0.415013 -0.244353 -0.192300 -0.184014 -0.124155 0.029000 0.040047 -0.070275 -0.172989 -0.038622 -0.006862 -0.147217 -0.129250 -0.231479 -0.274815 -0.076191 -0.003919 -0.060320 -0.158600 -0.195743 -0.258052 -0.172234 -0.262826 0.047979 0.024412 0.138744 0.101612 -0.040050 0.028307 0.122441 -0.196549 0.248525 0.375037 0.032724 0.184171 0.081754 0.493421 -0.132345 -0.035130 0.023239 0.311835 -0.008187 0.236230 -0.180363 -0.020122 0.086459 0.275717 0.019790 0.347289 0.256961 0.294425 -0.302832 0.062416 0.045307 -0.083334 0.217406 0.086062 -0.133720 -0.116649 -0.110024 -0.022945 0.001320 -0.106052 -0.112354 -0.285799 -0.403208 -0.382007 -0.227133 -0.087310 -0.105484 0.168432 0.000803 -0.020741 0.146714 0.085450 -0.094271 -0.140805
-0.030817 -0.101075 0.586909 0.262858 -0.206840 -0.302909 -0.145236 -0.379980 -0.109644 -0.525881 0.388932 0.149885 0.284219 0.048172 0.562711 -0.066478 -0.029096 -0.195481 0.497759 -0.185684 -0.098311 0.065949 1.000000 0.751836 -0.053561 -0.030002 -0.116923 0.318594 -0.124074 -0.194174 0.467148 0.531182 -0.183416 0.032423 0.204283 0.053405 0.030957 -0.104785 -0.060319 -0.190688 0.055114 -0.086632 0.123495 0.036453 -0.208664 -0.123044 -0.133637 -0.213216 -0.203541 -0.252948 0.188861 -0.045217 -0.058209 0.205362 -0.049506 -0.320333 -0.200582 -0.161476 -0.129605 -0.475694 -0.199251 -0.399022 -0.416148 -0.457313 0.581270 0.002606 -0.238949 -0.080086 0.000346 -0.165762 0.099352 0.134241 -0.171747 -0.065467 0.037175 0.177696 -0.222785 -0.141182 -0.037382 0.033109 -0.145527 -0.101643 0.208336 -0.182186 0.375770 0.040713 -0.118981 0.065500 0.470643 -0.019941 -0.022234 -0.100325 -0.093303 0.049802 0.007817 -0.203400 -0.212034 -0.201369 -0.396528 -0.280205 -0.287422 -0.244642 -0.239405 0.067772 0.065249 -0.039274 0.162028 -0.023903 -0.082774 -0.024565 -0.030808 -0.314588 -0.246823 -0.190545 -0.082623 -0.094662
-0.398386 -0.334860 0.335753 0.466559 -0.226250 -0.157597 -0.082620 0.062798 -0.220824 -0.342371 0.150224 0.058170 -0.019018 0.086555 0.192902 -0.126354 0.025282 -0.304367 0.076310 -0.169406 -0.055826 0.116383 0.751836 1.000000 -0.020197 0.270574 -0.119371 0.170593 -0.183712 -0.070574 0.599593 0.740872 -0.162614 0.214966 0.229865 0.249613 0.027654 -0.115300 -0.093624 -0.117402 0.062561 -0.095237 0.043072 0.016289 -0.088373 0.176659 -0.154538 -0.097823 -0.280318 -0.127777 0.048410 -0.125779 -0.240778 0.091676 -0.136747 -0.315210 -0.318921 -0.324897 -0.460798 -0.541916 -0.343726 -0.148311 -0.281741 -0.373387 0.619054 0.257239 -0.347609 0.222076 -0.198569 -0.207670 -0.075150 0.187110 -0.196544 -0.085096 -0.046800 0.063726 -0.311220 -0.090800 0.020684 0.074661 -0.021332 -0.110411 0.250859 -0.086866 0.219463 0.064423 -0.000761 0.115395 0.273000 -0.120651 0.072942 -0.093983 0.186941 0.060630 0.074484 -0.181734 -0.220565 -0.256867 -0.234396 -0.319849 -0.145530 -0.152707 -0.072887 0.144381 0.241851 -0.013936 0.059657 -0.165060 -0.053654 0.038039 0.088087 -0.193334 -0.204255 0.016673 -0.002764 -0.159143
-0.055388 -0.168905 0.050662 0.071978 0.437680 0.456716 0.000200 0.046444 0.190110 0.108970 -0.078096 -0.079010 0.141889 -0.069668 -0.102527 -0.085045 -0.085842 0.123211 -0.000311 -0.241971 0.300028 0.414499 -0.053561 -0.020197 1.000000 0.510601 0.250843 0.287209 -0.145785 -0.141787 -0.044667 0.050603 0.008441 0.104400 0.159283 0.227767 -0.209724 -0.098079 0.058600 0.064694 -0.383259 -0.341310 -0.154790 0.022488 0.048499 0.093573 0.152972 -0.012880 0.175033 0.125487 0.243947 0.081352 -0.019639 -0.239199 0.062275 0.063032 -0.045249 -0.117185 0.066897 0.022291 -0.027119 -0.134803 0.012624 0.042623 0.164936 0.321641 0.113145 0.241871 -0.025716 -0.086349 0.191743 0.308197 -0.085889 0.007420 -0.118922 0.100527 -0.029923 0.030560 -0.032954 0.154136 -0.153845 0.070623 -0.317257 -0.299764 -0.077245 0.021871 0.103363 0.011409 0.201683 0.108932 0.038007 0.119357 0.072920 0.108352 0.146665 -0.046055 0.094388 -0.249259 0.081962 0.024910 0.159213 -0.068554 0.154578 0.017802 0.025382 -0.175138 -0.105673 -0.178022 -0.094295 0.186633 -0.073579 0.051538 -0.001158 0.118558 -0.022132 -0.035886
-0.453807 -0.362629 -0.226892 0.243840 0.020200 0.237398 -0.105892 0.385099 -0.211756 0.030628 -0.309453 -0.159139 -0.322499 0.054851 -0.522069 -0.132555 -0.139176 -0.227567 -0.270855 -0.085811 0.155922 0.299503 -0.030002 0.270574 0.510601 1.000000 0.111941 -0.008391 -0.326591 0.243018 0.296523 0.423462 0.130659 0.287155 0.341040 0.385151 0.016394 0.119055 -0.017463 0.080425 -0.226347 -0.052883 -0.117724 -0.053242 -0.046575 0.194480 0.064580 0.092707 -0.179515 0.000681 -0.065377 -0.153483 -0.121220 -0.137390 -0.072849 0.012808 -0.287473 -0.360052 -0.233728 -0.138084 -0.051528 0.249714 0.100625 -0.055770 0.220713 0.446333 0.021363 0.353832 -0.124271 -0.013235 -0.048169 0.272343 -0.228845 0.216989 -0.030162 0.033639 -0.071936 0.249265 -0.122813 0.085293 -0.002852 -0.147310 -0.078981 -0.016623 -0.135730 -0.110354 0.154787 -0.114051 -0.152002 -0.270624 0.095961 0.083926 0.342458 0.088916 0.047109 0.083249 -0.008391 -0.073773 0.005897 -0.174918 0.178430 -0.232400 0.096328 0.000805 0.033374 0.025364 -0.267442 -0.080247 0.083597 0.087090 0.238074 0.063653 -0.094323 0.242375 0.067955 -0.047486
0.132070 0.076735 0.042302 0.078573 0.568796 0.623134 -0.020710 -0.002550 0.272442 0.191517 -0.181367 -0.094046 -0.086053 -0.158088 -0.016559 0.227171 -0.110072 0.017695 0.032210 -0.045644 0.099331 0.118170 -0.116923 -0.119371 0.250843 0.111941 1.000000 0.634319 -0.226782 -0.179438 -0.197102 -0.230961 -0.182529 -0.312884 -0.093685 -0.259662 -0.186556 -0.013897 0.121351 0.090384 -0.130413 0.172188 -0.134557 -0.116834 -0.088030 -0.124187 0.152243 0.053066 0.167634 0.027434 0.089436 -0.001994 0.064881 -0.075516 0.193716 0.299888 0.096723 0.023141 0.249691 0.222534 0.045563 -0.089735 -0.107032 -0.146484 -0.043904 0.059868 0.092369 -0.042088 -0.079361 0.043448 0.021804 -0.077656 -0.183970 -0.026966 -0.025101 -0.066827 -0.047165 -0.090836 -0.100136 -0.149399 -0.222793 -0.168790 -0.110108 0.200644 -0.187891 -0.009499 -0.043537 -0.325074 0.225855 0.263909 0.060085 -0.087730 -0.095138 0.007394 -0.132424 -0.103893 -0.040966 0.052962 0.145722 -0.029894 -0.027051 -0.026005 0.097007 -0.102140 -0.131239 0.092254 0.085010 0.224340 -0.119472 -0.179983 -0.000128 0.044067 -0.132861 -0.082143 -0.011454 0.159785
0.171051 -0.058276 0.314389 0.146888 0.404654 0.433487 -0.152617 -0.254984 0.162771 -0.132576 0.066061 -0.035683 0.139924 -0.167673 0.269129 0.106215 -0.139500 -0.057358 0.186881 -0.340524 0.026193 0.220093 0.318594 0.170593 0.287209 -0.008391 0.634319 1.000000 -0.348019 -0.385459 -0.163683 -0.063157 -0.314544 -0.268230 0.081706 -0.127374 -0.223366 0.093929 0.234639 0.224014 -0.166676 0.150102 -0.218090 -0.161818 -0.186133 -0.195238 0.018911 -0.060557 0.136058 -0.130638 0.260749 -0.030842 -0.000554 -0.046934 0.308306 0.217435 0.092257 0.008282 0.312010 0.037915 0.068591 -0.328646 -0.328907 -0.300584 0.263904 0.209217 0.006103 0.035129 -0.151748 -0.061766 0.066008 -0.008392 -0.213643 -0.246163 -0.099967 -0.012502 -0.188211 -0.202555 -0.201463 -0.053166 -0.288460 -0.184100 -0.010990 0.007247 -0.087077 -0.011585 0.008171 -0.176032 0.536892 0.352386 0.017626 -0.052994 -0.049700 0.048339 -0.139045 -0.019209 -0.044458 -0.039156 -0.089913 -0.039391 -0.136338 -0.122232 -0.076749 -0.098320 -0.091345 0.059440 0.197900 0.085537 -0.051394 -0.303313 0.077287 -0.115201 -0.127606 -0.227967 0.019931 0.121563
0.298287 0.217378 0.032784 -0.427509 0.084052 -0.151644 0.272529 -0.181871 0.248677 0.115383 0.410749 0.257742 0.390470 0.249108 0.311034 0.193804 0.383776 0.501941 0.225415 0.302246 -0.043622 -0.016709 -0.124074 -0.183712 -0.145785 -0.326591 -0.226782 -0.348019 1.000000 0.459857 0.078205 -0.027307 0.131934 0.087915 -0.324340 -0.101898 0.219903 -0.397013 -0.023723 -0.219920 0.177611 -0.402522 -0.119751 -0.236719 -0.098475 -0.194615 -0.210989 -0.374136 -0.149517 -0.179169 -0.103071 -0.141403 -0.073356 -0.048549 -0.179727 -0.456234 0.185817 0.159308 -0.129829 -0.239378 -0.041861 -0.265093 0.459611 0.379252 -0.300209 -0.598557 -0.176444 -0.477212 0.352354 -0.262416 0.211686 0.133641 0.710714 0.334503 0.346036 0.236581 0.332728 0.013641 0.570743 0.392679 0.460410 0.559005 -0.106309 -0.040001 0.390780 0.107633 -0.156129 0.114202 -0.161892 -0.165004 -0.253662 -0.055461 -0.166017 -0.113479 0.114185 -0.294298 -0.304664 -0.274865 -0.088224 -0.115364 -0.090542 0.076281 0.031996 -0.024683 -0.011305 -0.320542 -0.149757 -0.166689 -0.281733 0.409529 -0.408856 -0.130201 0.064779 0.043550 -0.259868 -0.184439
-0.068411 0.069652 -0.318818 -0.242713 -0.244524 -0.086487 -0.049443 0.113569 -0.175400 0.019541 0.158321 0.194401 -0.149449 0.509062 -0.165704 0.288473 0.298656 0.259492 -0.181988 0.221758 -0.012203 0.061739 -0.194174 -0.070574 -0.141787 0.243018 -0.179438 -0.385459 0.459857 1.000000 0.262728 0.179820 0.100471 0.061349 -0.103618 -0.024089 0.378076 0.039521 -0.085513 -0.045625 0.086870 -0.133207 -0.167913 -0.294007 -0.204910 -0.227796 -0.151667 -0.248772 -0.224015 -0.192086 -0.280166 -0.118203 -0.091790 -0.111976 -0.204364 -0.266968 -0.006519 -0.053757 -0.132192 -0.040540 0.062923 0.151681 0.440864 0.385775 -0.348057 -0.244249 -0.115664 -0.368232 0.095204 -0.142339 0.134826 0.404049 0.451449 0.660820 0.359985 0.272135 0.075930 0.193215 0.209015 0.336558 0.386187 0.353426 0.031421 0.115569 0.234698 0.012882 -0.169878 -0.017757 -0.210358 -0.188869 -0.178116 0.050292 0.079214 0.099096 0.023651 -0.067842 -0.090957 -0.105737 -0.080207 -0.226608 -0.009655 -0.054711 -0.013071 0.006916 0.051326 -0.063159 -0.143028 -0.057286 -0.042556 0.281301 0.017166 -0.064131 0.052668 0.251844 -0.098371 -0.148098
-0.454245 -0.338255 0.153891 0.172966 -0.194955 -0.121841 0.133569 0.214316 -0.176376 -0.179523 0.138598 0.005857 0.010347 0.137911 0.098054 -0.029611 0.213367 -0.040425 0.042482 0.069249 0.140777 0.155938 0.467148 0.599593 -0.044667 0.296523 -0.197102 -0.163683 0.078205 0.262728 1.000000 0.843256 0.158571 0.441953 0.072708 0.360513 -0.055234 -0.252916 -0.201209 -0.290737 -0.048406 -0.203484 0.024114 -0.037341 0.116215 0.254828 -0.191272 -0.249147 -0.229734 -0.008942 -0.148330 -0.223793 -0.389854 -0.130969 -0.449592 -0.355150 -0.294476 -0.321902 -0.532237 -0.518993 -0.230900 -0.038418 0.091881 -0.000011 0.390488 0.028538 -0.216723 0.102580 -0.046481 -0.398318 0.075333 0.299887 0.151580 0.181653 0.216522 0.295274 -0.132273 -0.004031 0.173955 0.236306 0.035489 -0.051364 0.091106 -0.099710 0.128749 -0.169516 -0.083839 0.058612 -0.012144 -0.315974 -0.177291 -0.071285 0.072372 0.047214 -0.075303 -0.217946 -0.243730 -0.309353 -0.120676 -0.268671 -0.080029 -0.180294 -0.049313 0.121992 0.041006 -0.114893 -0.125247 -0.146867 -0.100014 0.119634 -0.062107 -0.117276 -0.065974 0.141669 0.030334 -0.103786
-0.468243 -0.381309 0.139484 0.247162 -0.201403 -0.089724 0.010129 0.196252 -0.192527 -0.200828 0.163337 0.104906 -0.003746 0.225264 0.085458 -0.091681 0.202050 -0.099631 0.026923 -0.078120 0.086820 0.261697 0.531182 0.740872 0.050603 0.423462 -0.230961 -0.063157 -0.027307 0.179820 0.843256 1.000000 0.140420 0.565538 0.243143 0.458677 -0.065747 -0.257268 -0.194294 -0.172688 -0.106956 -0.295887 -0.089049 -0.095985 0.030655 0.225958 -0.278999 -0.278387 -0.263122 -0.017580 -0.093012 -0.200720 -0.398375 -0.135251 -0.417963 -0.372952 -0.326919 -0.382379 -0.579301 -0.593868 -0.250222 -0.017835 0.058106 -0.048854 0.538627 0.231566 -0.269610 0.179731 -0.066370 -0.341032 -0.026497 0.360686 0.077061 0.091868 0.144758 0.207649 -0.225656 -0.032397 0.196044 0.332842 0.127479 -0.022305 0.111891 -0.195717 0.144761 -0.155991 0.026146 0.154035 0.062811 -0.320730 -0.115925 0.019589 0.244707 0.108361 0.054016 -0.198120 -0.237305 -0.347143 -0.218884 -0.263276 -0.060361 -0.171771 -0.050407 0.143969 0.073793 -0.181146 -0.168842 -0.284889 -0.057936 0.159205 -0.004525 -0.178224 -0.108876 0.176728 0.036136 -0.183684
0.050254 -0.013788 -0.140630 -0.231916 0.005887 0.063181 0.163689 0.148151 -0.203430 0.047037 -0.022734 -0.162672 0.050813 0.010771 -0.314696 -0.079779 0.141275 -0.039556 -0.020629 0.273934 -0.015339 -0.079986 -0.183416 -0.162614 0.008441 0.130659 -0.182529 -0.314544 0.131934 0.100471 0.158571 0.140420 1.000000 0.678681 0.030629 0.237217 -0.044584 -0.211573 -0.179459 -0.137092 -0.071466 -0.161306 -0.114264 -0.047316 0.021379 0.057209 -0.204820 -0.217717 -0.059842 0.033770 -0.055712 -0.145868 0.023133 -0.141071 -0.373435 -0.185171 0.046878 0.047261 -0.134491 0.018062 0.210708 0.139832 0.419480 0.256142 -0.030131 -0.066483 0.239746 0.192511 0.273044 0.023947 -0.231184 -0.197197 0.218716 -0.027347 0.130763 -0.014844 0.167608 -0.051748 0.210729 0.188647 0.134123 -0.008372 -0.143114 -0.139629 -0.164938 -0.339250 0.124401 -0.078484 -0.368901 -0.400079 -0.214296 -0.018922 0.098341 -0.004089 0.041456 -0.053936 -0.195555 -0.125663 -0.292490 -0.109907 -0.083289 -0.045124 -0.091680 0.020617 0.003912 -0.134182 -0.283555 -0.247825 -0.067519 0.025487 -0.233803 -0.115627 -0.111348 0.094572 0.056624 -0.008854
-0.281344 -0.274412 -0.038290 -0.017106 0.012745 0.104888 0.249222 0.343188 -0.113603 0.130656 -0.004684 -0.089158 0.078047 0.072797 -0.202841 -0.145905 0.170435 -0.058713 -0.098110 0.134963 0.104603 0.087273 0.032423 0.214966 0.104400 0.287155 -0.312884 -0.268230 0.087915 0.061349 0.441953 0.565538 0.678681 1.000000 0.188279 0.522178 -0.048995 -0.259895 -0.226736 -0.091424 -0.181459 -0.261129 -0.231418 -0.164509 0.052647 0.267213 -0.403951 -0.311745 -0.260517 -0.005989 -0.218731 -0.358858 -0.294507 -0.240332 -0.483536 -0.364498 -0.150451 -0.093736 -0.420913 -0.375492 0.106787 0.256398 0.351928 0.239995 0.353268 0.226202 -0.108114 0.334223 0.091142 -0.178149 -0.182311 0.016900 0.197938 -0.113881 0.086542 0.021585 0.056990 0.007702 0.297082 0.338808 0.231224 0.014653 -0.051667 -0.183364 -0.163582 -0.435761 0.222092 0.080568 -0.208825 -0.420891 -0.160039 0.091157 0.287975 0.065146 0.049775 -0.037850 -0.218285 -0.223226 -0.190925 0.024763 0.129299 -0.078988 0.024716 0.129598 0.052026 -0.220402 -0.283241 -0.386317 -0.017860 0.075004 -0.061992 0.052413 0.019805 0.211785 0.162562 -0.027927
-0.321273 -0.374869 -0.068630 0.130282 -0.155908 -0.011405 -0.251584 0.028267 -0.335782 -0.118213 -0.292243 -0.191869 -0.232279 -0.233670 -0.266244 -0.337669 -0.341047 -0.174830 -0.063551 -0.092955 -0.059638 0.107056 0.204283 0.229865 0.159283 0.341040 -0.093685 0.081706 -0.324340 -0.103618 0.072708 0.243143 0.030629 0.188279 1.000000 0.531041 0.243373 0.143828 0.016836 -0.030516 0.168363 0.062081 0.094533 0.122706 -0.119624 0.179421 -0.022765 0.123099 -0.334298 -0.210161 -0.072382 -0.334003 -0.212121 -0.161598 -0.008726 -0.146992 -0.214171 -0.150443 -0.098312 -0.170298 -0.034340 0.092523 -0.251416 -0.343012 0.393989 0.262211 0.157195 0.394658 -0.036208 0.090922 -0.110567 0.030454 -0.367870 -0.066206 -0.192296 -0.029869 -0.013327 0.256448 -0.049381 0.118103 0.078826 -0.040371 0.028356 0.018680 0.119675 -0.125798 0.112194 -0.058253 -0.061853 -0.217669 -0.036056 -0.081384 0.202882 0.105168 0.053300 0.134256 -0.107885 0.115398 -0.211562 -0.073281 0.038811 -0.140460 0.059569 0.040482 0.033455 0.308840 0.052414 0.167427 0.185961 -0.058784 0.353780 0.022918 -0.093050 0.013873 0.140798 0.064391
-0.499815 -0.523306 -0.006747 0.168098 0.082701 0.084042 0.180346 0.344762 -0.118134 0.090019 -0.268709 -0.183965 0.019873 -0.148748 -0.312233 -0.420791 -0.148883 0.054787 -0.198976 -0.105682 0.123524 0.158470 0.053405 0.249613 0.227767 0.385151 -0.259662 -0.127374 -0.101898 -0.024089 0.360513 0.458677 0.237217 0.522178 0.531041 1.000000 -0.042138 -0.213415 -0.178459 -0.249924 -0.166155 -0.282991 0.071792 0.180195 0.209416 0.534598 -0.108908 -0.038562 -0.199565 0.122886 0.008825 -0.275660 -0.372647 -0.199534 -0.242535 -0.391074 -0.256584 -0.241713 -0.313950 -0.302445 -0.113100 0.132818 0.022096 0.007997 0.409376 0.303404 0.138469 0.593265 -0.004161 -0.170556 -0.035098 0.082251 -0.022192 -0.050918 -0.025561 0.062005 0.064911 0.198558 0.176065 0.355178 0.053384 0.020898 -0.250368 -0.253050 -0.049661 -0.234424 0.214979 -0.070292 -0.242552 -0.315279 0.022634 0.064123 0.183457 0.144090 -0.107583 -0.151742 -0.202382 -0.292203 -0.011867 -0.059050 0.174473 0.021100 0.327028 0.262802 0.172308 -0.088807 -0.178767 -0.172329 -0.123708 0.172124 0.004897 0.016048 -0.072948 0.189045 0.105444 -0.086155
