1.000000 0.760295 0.575799 0.468804 0.411765 0.246537 0.594906 0.443945 0.076583 -0.069469 0.449208 -0.047299 0.189903 0.030371 -0.221368 -0.122393 0.221301 -0.293482 0.696594 0.751578 0.356896 0.312306 0.286122 0.215682 0.043799 0.171447 0.160910 0.264472 -0.182018 -0.384888 0.221302 0.205950 0.713232 0.532546 -0.195365 -0.134690 -0.073603 -0.583772 0.266008 -0.186226 -0.445726 0.447051 -0.639581 -0.119991 0.200151 0.151250 -0.625442 -0.291940 0.186648 0.348743 -0.385571 -0.118245 -0.447255 -0.732681 -0.405227 -0.707534 0.774967 0.444672 0.799619 0.662829 0.769223 0.532102 0.512190 0.188144 0.441425 -0.080439 0.650587 0.297175 0.709733 0.585978 0.351077 0.195094 0.324531 -0.085529 0.123568 0.551104 0.651434 -0.060252 0.350341 -0.338213 0.171813 -0.365702 -0.176463 -0.089461 -0.195603 -0.697991 0.047299 -0.535878 0.119069 -0.423180 -0.479302 -0.540804 -0.458445 -0.668007 -0.694159 -0.730925 -0.729775 -0.716439 -0.583611 -0.631459 -0.614652 -0.434295 -0.539588 -0.421961 -0.523836 -0.514629 0.258369 -0.378941 -0.620149 -0.672124 -0.695829 -0.755625 -0.649067 -0.704589 -0.679978 -0.508538
0.760295 1.000000 0.585780 0.643767 0.306444 0.045311 0.571681 0.626838 0.112223 -0.057751 0.434376 0.110563 0.183207 0.183090 -0.220642 -0.125811 0.140276 -0.277951 0.732541 0.724268 0.212729 0.208434 0.356289 0.244021 0.152968 0.252820 0.042064 0.108175 -0.116949 -0.360932 0.403503 0.394803 0.689176 0.632831 -0.095166 -0.065894 -0.244177 -0.537592 0.159248 -0.404326 -0.526027 0.405041 -0.567951 -0.105382 0.213190 0.172378 -0.620584 -0.273231 0.207353 0.311678 -0.331232 -0.055615 -0.543127 -0.737707 -0.560717 -0.741628 0.533596 0.597817 0.642254 0.676957 0.611921 0.608539 0.476459 0.368212 0.420321 0.035631 0.529445 0.292465 0.646621 0.575363 0.236863 0.200391 0.198427 -0.061927 -0.024499 0.429831 0.489876 0.011723 0.248920 -0.274240 0.180297 -0.298458 -0.137502 -0.097316 -0.098762 -0.654694 -0.067642 -0.516796 -0.094202 -0.537464 -0.499325 -0.679278 -0.511827 -0.752074 -0.742240 -0.763086 -0.703095 -0.760391 -0.502372 -0.726511 -0.562501 -0.568505 -0.580173 -0.471188 -0.587355 -0.544985 0.158086 -0.513636 -0.737810 -0.736683 -0.694977 -0.734475 -0.697011 -0.666334 -0.700821 -0.489493
0.575799 0.585780 1.000000 0.751089 0.446212 0.321125 0.912911 0.779915 0.329994 0.109889 0.324827 0.176352 0.264372 0.110446 -0.196986 -0.202391 -0.298910 -0.474242 0.739848 0.648013 0.405169 0.432211 0.657475 0.622303 0.338964 0.534371 0.151977 0.245529 -0.478347 -0.577873 0.498442 0.538389 0.454749 0.536787 -0.089277 0.095437 -0.167313 -0.567750 0.275447 -0.161091 -0.481280 0.281274 -0.665037 -0.296751 0.216694 0.066944 -0.739295 -0.418900 0.297941 0.178008 -0.034977 -0.146853 -0.493934 -0.745265 -0.437742 -0.736591 0.263213 0.227315 0.485617 0.524171 0.487602 0.301338 0.184612 -0.051855 0.558333 0.168332 0.584704 0.483840 0.545102 0.571185 0.394082 0.438850 -0.062428 -0.293923 -0.015977 0.439039 0.500082 -0.010152 -0.241437 -0.504451 -0.309903 -0.572064 -0.237636 -0.244537 -0.274489 -0.572268 -0.042145 -0.486905 0.181228 -0.516693 -0.414621 -0.504333 -0.332068 -0.572362 -0.584963 -0.675268 -0.682059 -0.678719 -0.672530 -0.686101 -0.554445 -0.500954 -0.564109 -0.469810 -0.532468 -0.592716 0.347553 -0.359484 -0.613933 -0.553699 -0.561683 -0.706995 -0.670410 -0.682900 -0.704075 -0.623955
0.468804 0.643767 0.751089 1.000000 0.393226 0.474620 0.669147 0.801871 0.259923 0.262827 0.251118 0.292035 0.119540 0.250957 0.008301 -0.037869 -0.307366 -0.431151 0.678476 0.483787 0.246786 0.425257 0.661871 0.642371 0.397045 0.630855 0.326722 0.433284 -0.395942 -0.450430 0.398351 0.553770 0.397769 0.416572 -0.021696 0.254807 -0.164104 -0.389432 0.286211 -0.247932 -0.357713 0.282130 -0.508604 -0.089089 0.238934 0.202456 -0.609895 -0.322363 0.342977 0.215804 0.095451 -0.014426 -0.575601 -0.721958 -0.378645 -0.696445 0.181916 0.291133 0.439123 0.495041 0.340562 0.309067 0.141160 -0.010643 0.480616 0.326684 0.432291 0.455817 0.566861 0.480200 0.215924 0.402343 -0.139517 -0.070091 -0.095600 0.381252 0.374200 0.043208 -0.187593 -0.311328 -0.306275 -0.487551 -0.094023 -0.242143 -0.045213 -0.441614 -0.001393 -0.284627 0.207097 -0.405435 -0.552379 -0.649700 -0.349479 -0.630447 -0.618972 -0.694349 -0.571901 -0.678700 -0.544301 -0.741437 -0.488064 -0.545243 -0.613147 -0.481769 -0.578469 -0.610428 0.144369 -0.526300 -0.649950 -0.667170 -0.596909 -0.711151 -0.658658 -0.642128 -0.615868 -0.603850
0.411765 0.306444 0.446212 0.393226 1.000000 0.369804 0.328565 0.364224 0.277656 0.331127 0.168651 0.065874 0.156790 0.080363 -0.033280 0.089058 -0.125794 -0.116585 0.415369 0.338402 0.452541 0.432525 0.362545 0.346178 0.499595 0.513166 0.376974 0.224537 -0.221632 -0.188126 0.296598 0.269924 0.251641 0.126675 -0.239674 -0.187281 0.144527 -0.314997 0.077630 -0.072346 -0.244393 0.131233 -0.264148 -0.065058 0.064633 0.113280 -0.253703 -0.263865 0.063783 0.081814 -0.109528 -0.067921 -0.095496 -0.273514 -0.171529 -0.309682 0.193888 0.086861 0.348315 0.242263 0.299985 0.061239 0.194745 0.001749 0.265060 -0.043459 0.268808 0.022276 0.322173 0.109025 0.418580 0.454945 0.085112 -0.048519 0.136455 0.354756 0.429554 -0.105027 0.056371 -0.171250 -0.120448 -0.205889 -0.234035 -0.236669 -0.159386 -0.295438 -0.079823 -0.464139 0.310669 -0.170206 -0.269574 -0.218763 -0.173079 -0.233016 -0.268081 -0.406995 -0.473907 -0.325083 -0.347812 -0.294959 -0.201000 -0.155210 -0.254640 -0.209355 -0.271985 -0.341546 0.206294 -0.306926 -0.278163 -0.325832 -0.478439 -0.375202 -0.240831 -0.357162 -0.345292 -0.355096
0.246537 0.045311 0.321125 0.474620 0.369804 1.000000 0.263297 0.222026 0.262684 0.480614 0.032401 0.204265 0.091438 0.105913 0.328726 0.115109 -0.284117 -0.152330 0.202672 -0.016353 0.111541 0.275275 0.386788 0.434118 0.200430 0.448170 0.721210 0.707083 -0.267708 -0.119863 -0.069956 0.114451 0.085521 -0.024769 0.243557 0.356648 0.005544 -0.035905 0.195833 0.044418 -0.008688 0.048438 -0.151567 0.121855 0.280042 0.306679 -0.145435 -0.090604 0.262843 0.224743 0.286662 0.204785 -0.146699 -0.275540 0.063143 -0.238816 0.049826 -0.067217 0.305385 0.217872 0.122667 0.138424 0.061766 -0.159663 0.236726 0.404778 0.286524 0.341724 0.191603 0.118598 -0.008360 0.079322 -0.254454 0.016113 -0.029496 0.149595 0.079362 -0.109979 -0.257965 -0.146701 -0.412505 -0.310660 -0.046372 -0.111906 -0.112533 -0.115007 0.128723 0.054936 0.417163 -0.041532 -0.395240 -0.327449 -0.219375 -0.234935 -0.199637 -0.314435 -0.185485 -0.262445 -0.266740 -0.354248 -0.224540 -0.228111 -0.342008 -0.222531 -0.220385 -0.325288 -0.028896 -0.304292 -0.199318 -0.345905 -0.310415 -0.383421 -0.252452 -0.371403 -0.257261 -0.339233
0.594906 0.571681 0.912911 0.669147 0.328565 0.263297 1.000000 0.756271 0.304095 0.096339 0.382975 0.258967 0.295513 0.167906 -0.135356 -0.187197 -0.171190 -0.429562 0.697363 0.626434 0.290880 0.320832 0.587455 0.541227 0.195538 0.397253 0.048095 0.136169 -0.352183 -0.547313 0.422740 0.504514 0.422394 0.592860 0.004888 0.131650 -0.193351 -0.604129 0.247936 -0.200014 -0.472376 0.254019 -0.692894 -0.358982 0.228745 0.053442 -0.759032 -0.456055 0.282173 0.150904 -0.002400 -0.222859 -0.554390 -0.778133 -0.441512 -0.759463 0.269965 0.182014 0.406879 0.433400 0.527693 0.291272 0.207911 -0.037622 0.655563 0.221532 0.483278 0.466025 0.491867 0.535131 0.343719 0.348481 0.018219 -0.264962 -0.031074 0.405111 0.461460 0.021815 -0.159130 -0.468024 -0.231614 -0.532959 -0.180012 -0.187028 -0.229358 -0.573494 -0.076088 -0.440487 0.173517 -0.516185 -0.395678 -0.489155 -0.301089 -0.553695 -0.586573 -0.656322 -0.691175 -0.707773 -0.671687 -0.684568 -0.576377 -0.501395 -0.539762 -0.437839 -0.498280 -0.553901 0.344715 -0.322267 -0.614035 -0.525278 -0.525074 -0.706028 -0.678303 -0.674192 -0.660779 -0.589194
0.443945 0.626838 0.779915 0.801871 0.364224 0.222026 0.756271 1.000000 0.175633 0.163624 0.180214 0.302940 0.049458 0.230440 -0.228742 -0.007469 -0.240712 -0.494410 0.660197 0.545522 0.253519 0.329169 0.512708 0.534876 0.331082 0.533473 0.077265 0.084051 -0.370327 -0.484325 0.522462 0.644428 0.387583 0.640674 -0.078813 0.093506 -0.308577 -0.578553 0.126477 -0.288142 -0.505868 0.195273 -0.532553 -0.156089 0.313929 0.279826 -0.627971 -0.284814 0.280542 0.244268 -0.052676 -0.086255 -0.630156 -0.708801 -0.534518 -0.748003 0.188700 0.116304 0.394556 0.450216 0.357844 0.255255 0.174877 -0.044962 0.564147 0.247357 0.361572 0.469453 0.489629 0.392909 0.294794 0.398383 -0.040560 -0.188859 -0.148206 0.373191 0.375993 0.030456 -0.145816 -0.444944 -0.215016 -0.563043 -0.192321 -0.190814 -0.222136 -0.567257 -0.176037 -0.507541 -0.011178 -0.531973 -0.334056 -0.523553 -0.216759 -0.560331 -0.632506 -0.629764 -0.659710 -0.692759 -0.512953 -0.675239 -0.458603 -0.450747 -0.480609 -0.403695 -0.466748 -0.506653 0.311435 -0.414542 -0.652634 -0.602932 -0.593836 -0.645840 -0.597381 -0.582335 -0.580671 -0.539384
0.076583 0.112223 0.329994 0.259923 0.277656 0.262684 0.304095 0.175633 1.000000 0.593619 0.206433 0.327341 0.563574 0.441801 0.156323 -0.095938 -0.272581 -0.103865 0.140067 -0.019545 -0.107828 -0.012516 0.135541 0.199575 0.112153 0.078758 0.094910 -0.028433 -0.175014 -0.094582 -0.167468 -0.092143 -0.004337 -0.053102 0.141715 0.076093 -0.108121 -0.089793 -0.007555 -0.306985 -0.165894 -0.099971 0.022389 0.111233 0.204407 0.123425 -0.015043 -0.079723 0.391675 0.192149 0.312390 0.188262 0.001724 -0.085996 0.040535 -0.062241 -0.195214 -0.013338 0.136909 0.103070 0.150600 0.167005 0.027163 -0.085142 0.234949 0.248704 0.134256 0.083322 -0.009879 0.034441 -0.102603 -0.047299 -0.230839 -0.008269 -0.142888 -0.019797 -0.049476 -0.121490 -0.289982 -0.186213 -0.208417 -0.167624 -0.177905 -0.169356 -0.011816 -0.123726 -0.301063 -0.270404 0.026265 -0.125243 -0.119398 -0.202149 -0.158181 -0.119550 -0.125178 -0.234505 -0.076874 -0.185334 -0.046068 -0.206864 -0.003876 -0.198848 -0.180406 -0.139401 -0.170693 -0.158256 -0.086037 -0.206099 -0.186725 -0.242919 -0.172318 -0.164771 -0.129511 -0.139452 -0.104776 -0.143150
-0.069469 -0.057751 0.109889 0.262827 0.331127 0.480614 0.096339 0.163624 0.593619 1.000000 0.002147 0.337482 0.168713 0.304319 0.341845 0.043412 -0.344786 -0.130623 0.008307 -0.185551 -0.052241 0.119872 0.154548 0.275216 0.210627 0.255416 0.254166 0.173636 -0.194994 -0.092163 -0.201707 -0.091298 -0.259557 -0.248053 0.110768 0.126290 0.012414 0.109097 -0.014572 -0.176666 -0.047767 -0.144930 0.105462 0.106826 0.203687 0.161883 0.080419 -0.051083 0.333302 0.152881 0.375358 0.265222 0.058003 0.037389 0.087140 0.017101 -0.271611 -0.102137 0.064110 -0.009313 -0.097788 0.047975 -0.145359 -0.219479 0.159256 0.326321 0.027205 0.089233 -0.057537 -0.063565 -0.076948 0.069374 -0.349088 -0.001865 -0.115529 -0.097350 -0.089634 -0.016793 -0.290315 -0.119234 -0.329809 -0.165667 -0.023710 -0.195603 0.025011 0.003431 -0.156287 -0.040193 0.184558 -0.041084 -0.045898 -0.087230 0.049920 0.056410 -0.012992 -0.103674 -0.055087 -0.064579 0.049834 -0.099943 0.123239 -0.053290 -0.041012 0.013836 -0.008629 -0.057385 -0.064882 -0.163264 -0.073920 -0.190167 -0.164147 -0.090339 -0.024476 -0.044626 0.038895 -0.092846
0.449208 0.434376 0.324827 0.251118 0.168651 0.032401 0.382975 0.180214 0.206433 0.002147 1.000000 0.421143 0.540976 0.385954 0.163606 -0.177555 0.358741 0.034837 0.249321 0.315773 0.245461 0.380686 0.378212 0.263306 0.253286 0.157205 0.039629 0.106187 0.215023 -0.041190 0.347090 0.226177 0.363585 0.236288 0.034703 0.127908 0.067457 -0.195308 0.237179 -0.213359 -0.235235 0.291845 -0.245633 -0.053247 0.094658 0.054207 -0.441369 -0.325810 0.189897 0.078303 0.149093 -0.021264 -0.376388 -0.435344 -0.237590 -0.357626 0.240972 0.316676 0.189023 0.154621 0.270347 0.209751 0.048324 0.303764 0.175455 0.090648 0.244927 0.079797 0.314181 0.330719 0.354092 0.278412 0.321724 0.206698 0.308051 0.390750 0.360554 0.221823 0.295099 0.091796 0.240026 0.083041 -0.046879 -0.151341 0.248409 -0.118174 -0.016594 -0.312796 -0.008496 -0.425641 -0.629361 -0.489980 -0.593243 -0.539754 -0.356312 -0.551671 -0.461921 -0.503115 -0.619919 -0.496850 -0.548443 -0.622585 -0.599192 -0.580289 -0.595719 -0.510537 -0.103341 -0.371160 -0.472367 -0.350840 -0.359634 -0.531526 -0.527536 -0.515313 -0.523822 -0.481129
-0.047299 0.110563 0.176352 0.292035 0.065874 0.204265 0.258967 0.302940 0.327341 0.337482 0.421143 1.000000 0.563710 0.715022 0.394905 0.248207 0.068301 0.234295 -0.053667 -0.201616 -0.158643 0.081192 0.224569 0.198262 0.226574 0.249569 0.009220 0.027522 0.241628 0.229456 0.148006 0.203296 -0.063868 -0.004413 0.265399 0.403087 -0.066554 0.071495 -0.073886 -0.333916 -0.083353 -0.092963 0.086441 0.226457 0.216839 0.286979 -0.040214 -0.112692 0.337690 0.071451 0.508500 0.193944 -0.278155 -0.202149 -0.137652 -0.174909 -0.355155 -0.278431 -0.155702 -0.134069 -0.073616 0.101521 -0.071192 0.223489 0.156787 0.608089 -0.124710 0.148989 -0.138895 -0.170096 -0.011900 0.094535 -0.053007 0.233913 0.098380 -0.023139 -0.095214 0.206030 -0.088531 0.238576 -0.050339 0.129501 0.023709 -0.000884 0.191573 0.135818 -0.222266 -0.097386 -0.057818 -0.337690 -0.377547 -0.361693 -0.264622 -0.246431 -0.116765 -0.249987 -0.152549 -0.277739 -0.296483 -0.372681 -0.182971 -0.454171 -0.378184 -0.386637 -0.377789 -0.370550 -0.214685 -0.312067 -0.243818 -0.249957 -0.218147 -0.271205 -0.257542 -0.233243 -0.234405 -0.315908
0.189903 0.183207 0.264372 0.119540 0.156790 0.091438 0.295513 0.049458 0.563574 0.168713 0.540976 0.563710 1.000000 0.617394 0.176824 0.064586 0.110306 0.293378 0.040051 -0.020661 -0.138846 -0.013053 0.039500 -0.028197 0.050106 -0.025653 0.001013 0.008940 0.169787 0.177953 -0.034442 -0.123045 0.111610 -0.025611 0.172521 0.201601 -0.069986 -0.052520 -0.132669 -0.281142 -0.148805 -0.025468 -0.048367 0.134947 0.103696 0.075109 -0.096997 -0.151883 0.399203 0.056987 0.189102 0.174375 -0.022662 -0.177788 -0.060235 -0.147664 -0.115606 -0.086587 0.051651 0.096636 0.271914 0.312063 0.198956 0.387423 0.045011 0.394661 0.149636 0.079645 -0.050939 0.042196 0.019655 -0.022022 0.064633 0.213761 0.096194 0.092267 -0.056014 0.051175 0.060054 0.167778 0.125566 0.225482 -0.297685 -0.016393 -0.046781 -0.051736 -0.300271 -0.231116 -0.091604 -0.259674 -0.307926 -0.303230 -0.406497 -0.283673 -0.146176 -0.237453 -0.156152 -0.262642 -0.290599 -0.315850 -0.148053 -0.367871 -0.302598 -0.308349 -0.324228 -0.380540 -0.119227 -0.239728 -0.216816 -0.165358 -0.136551 -0.214380 -0.267190 -0.266000 -0.328051 -0.274167
0.030371 0.183090 0.110446 0.250957 0.080363 0.105913 0.167906 0.230440 0.441801 0.304319 0.385954 0.715022 0.617394 1.000000 0.208241 0.364213 0.162828 0.252888 -0.008178 -0.179531 -0.220744 -0.038277 0.012635 -0.057370 0.011633 0.098769 0.038053 -0.051515 0.185335 0.248430 0.013207 0.038665 -0.018747 0.016421 0.187219 0.280726 -0.130625 0.048881 -0.107082 -0.340302 -0.109057 -0.058287 0.105685 0.251990 0.260914 0.335585 0.031957 -0.085737 0.435799 0.071601 0.277428 0.161391 -0.168037 -0.190583 -0.136856 -0.129443 -0.194150 -0.098967 -0.070490 -0.052040 0.156683 0.242203 0.140825 0.400523 0.166149 0.529090 -0.115604 -0.025002 -0.040250 -0.136990 -0.105260 0.011532 0.049139 0.330113 0.100295 0.010506 -0.164111 0.135337 0.059900 0.253091 0.134932 0.209711 -0.180008 -0.134302 0.061592 -0.081542 -0.314249 -0.202222 -0.069816 -0.239722 -0.314363 -0.305730 -0.300284 -0.236288 -0.139905 -0.250250 -0.154277 -0.267123 -0.191775 -0.295145 -0.065277 -0.333955 -0.281205 -0.292928 -0.338969 -0.315161 -0.210073 -0.356787 -0.276537 -0.269487 -0.223866 -0.230197 -0.197788 -0.176735 -0.190964 -0.172089
-0.221368 -0.220642 -0.196986 0.008301 -0.033280 0.328726 -0.135356 -0.228742 0.156323 0.341845 0.163606 0.394905 0.176824 0.208241 1.000000 0.307085 0.058434 0.232872 -0.155926 -0.404660 -0.231312 -0.059253 0.267612 0.138427 0.077694 0.063947 0.384866 0.351261 0.319173 0.373012 -0.133332 -0.010107 -0.197656 -0.297365 0.415137 0.391865 0.115638 0.377101 0.151064 -0.067769 0.337906 -0.006588 0.144171 0.072028 -0.078683 -0.035470 0.213543 -0.109972 -0.008809 -0.149720 0.499013 0.054838 -0.028671 0.080827 0.303573 0.145877 -0.293221 -0.087476 -0.235185 -0.290015 -0.209572 -0.047777 -0.241097 -0.014002 0.118539 0.319330 -0.138572 -0.119167 -0.115221 -0.110252 -0.252262 -0.113347 -0.130217 0.358431 0.105876 -0.154146 -0.142369 0.158428 -0.099549 0.302287 -0.111410 0.220362 0.502310 0.110250 0.478038 0.380219 0.123612 0.375336 0.276852 0.036343 -0.378320 -0.152503 -0.160596 0.035389 0.159353 0.067115 0.229429 0.062218 0.001571 -0.069469 -0.037340 -0.197861 -0.206759 -0.206265 -0.190523 -0.151963 -0.430615 -0.244692 0.061638 -0.031575 0.008631 -0.043245 -0.011426 0.011804 0.052191 -0.035784
-0.122393 -0.125811 -0.202391 -0.037869 0.089058 0.115109 -0.187197 -0.007469 -0.095938 0.043412 -0.177555 0.248207 0.064586 0.364213 0.307085 1.000000 0.206804 0.240255 -0.096553 -0.233819 -0.148372 -0.121564 -0.186960 -0.301573 -0.172683 -0.093049 0.267789 0.016651 0.278083 0.538060 -0.093876 -0.013619 -0.107822 -0.075635 0.062888 0.173709 0.090584 0.292002 0.037851 0.083546 0.264448 0.112601 0.130608 0.190134 -0.180124 0.015745 0.266526 -0.003049 -0.146547 -0.243760 -0.145593 -0.118310 0.078501 0.106706 0.183149 0.143488 -0.164901 -0.306732 -0.207732 -0.249728 0.000992 -0.060624 0.150391 0.118980 0.028855 0.158333 -0.283619 -0.251149 -0.158777 -0.287828 -0.188387 -0.086018 0.160722 0.337741 0.199632 0.073794 -0.161550 0.130507 0.094855 0.232807 0.149749 0.264646 0.224475 0.385171 0.025213 0.127875 0.082364 0.022518 0.173017 0.141294 -0.101755 0.035431 0.060387 0.091095 0.147149 0.143899 0.111619 0.130845 0.049147 0.091518 0.073315 0.034226 0.029356 -0.129407 -0.123118 -0.033804 -0.221074 -0.132555 0.085112 -0.023396 -0.011554 0.092304 0.118853 0.059667 0.056554 0.158250
0.221301 0.140276 -0.298910 -0.307366 -0.125794 -0.284117 -0.171190 -0.240712 -0.272581 -0.344786 0.358741 0.068301 0.110306 0.162828 0.058434 0.206804 1.000000 0.547051 -0.005954 0.143425 -0.016672 -0.101251 -0.166660 -0.311340 -0.152040 -0.319806 -0.109607 -0.202913 0.757799 0.523671 0.108532 0.004648 0.321723 0.168702 0.009579 -0.122873 0.158613 -0.058135 -0.032770 -0.260512 0.114749 0.164753 -0.041177 -0.013521 -0.099184 -0.041682 -0.032934 -0.139697 -0.192510 -0.081059 -0.163592 -0.152101 -0.144558 -0.125470 -0.067705 -0.118416 0.371651 0.254709 -0.000594 -0.096086 0.189597 0.097567 0.366396 0.486818 0.002981 -0.183543 -0.057642 -0.287842 0.106155 0.010508 0.107065 -0.092139 0.751899 0.451194 0.375247 0.202633 0.148992 0.158193 0.790668 0.517470 0.805265 0.512640 0.142921 0.266856 0.405857 0.036022 0.027991 -0.079766 -0.166172 -0.121224 -0.278575 -0.202314 -0.309364 -0.252965 -0.206397 -0.196668 -0.213190 -0.216427 -0.189515 -0.110930 -0.241918 -0.185579 -0.207485 -0.205241 -0.269088 -0.169159 -0.282829 -0.178054 -0.216432 -0.118611 -0.206369 -0.123254 -0.172850 -0.126542 -0.172509 -0.055260
-0.293482 -0.277951 -0.474242 -0.431151 -0.116585 -0.152330 -0.429562 -0.494410 -0.103865 -0.130623 0.034837 0.234295 0.293378 0.252888 0.232872 0.240255 0.547051 1.000000 -0.376220 -0.409725 -0.201763 -0.204067 -0.201338 -0.323623 -0.084353 -0.234617 -0.010316 -0.176816 0.708792 0.785686 -0.049565 -0.160677 -0.076797 -0.288497 0.170349 0.029750 0.211402 0.332910 -0.307661 -0.141380 0.365280 -0.203618 0.368613 0.154868 -0.192548 -0.043091 0.382005 -0.048038 -0.190734 -0.252116 0.164003 -0.002399 0.256123 0.291502 0.236461 0.300046 -0.206206 -0.101178 -0.426932 -0.430945 -0.184906 -0.151328 0.153015 0.569207 -0.314013 0.017513 -0.351157 -0.461081 -0.381418 -0.455210 -0.068639 -0.105537 0.367466 0.586756 0.316554 -0.118598 -0.325426 0.113181 0.439060 0.847235 0.536596 0.852242 0.061282 0.190590 0.372626 0.471373 0.048123 0.261332 -0.066901 0.207232 -0.065418 0.066798 -0.105784 0.129665 0.219186 0.173936 0.185749 0.182408 0.084726 0.186942 0.176529 0.075723 0.072284 0.012230 -0.011334 -0.028465 -0.406415 -0.058970 0.167286 0.229847 0.135917 0.263791 0.210870 0.226640 0.160558 0.150323
0.696594 0.732541 0.739848 0.678476 0.415369 0.202672 0.697363 0.660197 0.140067 0.008307 0.249321 -0.053667 0.040051 -0.008178 -0.155926 -0.096553 -0.005954 -0.376220 1.000000 0.827065 0.347847 0.306752 0.501370 0.429743 0.184259 0.364187 0.187467 0.169354 -0.232111 -0.401996 0.455248 0.501699 0.639547 0.568082 -0.123656 -0.090674 -0.175102 -0.585889 0.311009 -0.262299 -0.369867 0.457980 -0.657837 -0.246775 0.083206 0.021918 -0.653788 -0.403986 0.084327 0.176699 -0.302508 -0.237445 -0.548360 -0.733681 -0.435799 -0.726867 0.504401 0.437977 0.592631 0.541357 0.547975 0.328257 0.345955 0.022244 0.539936 -0.091534 0.592695 0.248268 0.797618 0.638410 0.341885 0.321946 0.166623 -0.104547 -0.002341 0.503119 0.553736 -0.037531 0.070960 -0.371014 -0.019916 -0.443716 0.011013 -0.057878 -0.056262 -0.614385 0.061354 -0.430502 0.130879 -0.410849 -0.474857 -0.557881 -0.347374 -0.634819 -0.717579 -0.726797 -0.708182 -0.706484 -0.559381 -0.661949 -0.573679 -0.493372 -0.563265 -0.413643 -0.566604 -0.498618 0.197921 -0.460333 -0.697205 -0.685641 -0.690093 -0.715952 -0.648618 -0.645821 -0.679707 -0.460608
0.751578 0.724268 0.648013 0.483787 0.338402 -0.016353 0.626434 0.545522 -0.019545 -0.185551 0.315773 -0.201616 -0.020661 -0.179531 -0.404660 -0.233819 0.143425 -0.409725 0.827065 1.000000 0.479924 0.325644 0.364858 0.328154 0.152363 0.224690 0.027424 0.034241 -0.212066 -0.489674 0.467337 0.440160 0.661299 0.691028 -0.267893 -0.239920 -0.106348 -0.700909 0.247054 -0.145500 -0.437235 0.487534 -0.708714 -0.318274 0.083905 -0.057397 -0.717806 -0.308088 0.006095 0.209899 -0.514429 -0.243090 -0.554014 -0.677906 -0.470366 -0.719504 0.655367 0.496943 0.595044 0.547643 0.518429 0.325665 0.316642 0.028051 0.414581 -0.253670 0.536606 0.279126 0.727050 0.713470 0.487046 0.349334 0.320263 -0.270524 0.019340 0.549588 0.691902 -0.024791 0.219149 -0.462705 0.154872 -0.461742 -0.110945 0.052121 -0.154631 -0.661104 0.044343 -0.514607 0.009960 -0.479067 -0.319289 -0.484507 -0.346460 -0.632531 -0.702266 -0.644656 -0.726557 -0.656230 -0.552293 -0.585177 -0.599636 -0.417492 -0.485730 -0.372825 -0.452770 -0.391319 0.373853 -0.253897 -0.632160 -0.538835 -0.552840 -0.641291 -0.632855 -0.656845 -0.679571 -0.437495
0.356896 0.212729 0.405169 0.246786 0.452541 0.111541 0.290880 0.253519 -0.107828 -0.052241 0.245461 -0.158643 -0.138846 -0.220744 -0.231312 -0.148372 -0.016672 -0.201763 0.347847 0.479924 1.000000 0.833031 0.500417 0.374442 0.423719 0.464300 0.286020 0.200953 -0.180587 -0.346221 0.538929 0.379414 0.394177 0.202333 -0.487984 -0.316969 0.447185 -0.302865 0.445773 0.299595 -0.106681 0.320562 -0.406876 -0.315580 -0.250812 -0.157734 -0.464607 -0.509240 -0.306815 -0.245383 -0.263141 -0.410103 -0.241744 -0.274159 0.032366 -0.213178 0.370949 0.292426 0.162624 0.010967 0.081503 -0.243108 -0.150018 -0.151668 0.065782 -0.435043 0.131857 -0.142040 0.452516 0.255901 0.813760 0.683651 0.335556 -0.179562 0.408662 0.536241 0.695163 0.064635 0.103813 -0.220554 -0.085922 -0.198867 -0.110888 -0.268700 -0.041366 -0.147589 0.416596 -0.370503 0.406249 -0.072896 -0.227123 -0.027197 -0.095220 -0.158753 -0.119059 -0.358022 -0.532820 -0.200168 -0.581493 -0.151419 -0.412349 -0.087191 -0.206167 -0.169853 -0.231936 -0.214645 0.331389 -0.062052 -0.193537 -0.108097 -0.400683 -0.353725 -0.242765 -0.289202 -0.319431 -0.250791
0.312306 0.208434 0.432211 0.425257 0.432525 0.275275 0.320832 0.329169 -0.012516 0.119872 0.380686 0.081192 -0.013053 -0.038277 -0.059253 -0.121564 -0.101251 -0.204067 0.306752 0.325644 0.833031 1.000000 0.601651 0.538092 0.528935 0.585210 0.364939 0.374801 -0.147484 -0.267167 0.486346 0.435102 0.320897 0.122157 -0.361302 -0.113116 0.506537 -0.131340 0.553150 0.237960 -0.005845 0.339896 -0.314671 -0.147461 -0.173465 -0.054600 -0.459927 -0.498200 -0.158257 -0.190010 0.020480 -0.276031 -0.305063 -0.349741 0.041126 -0.236484 0.234644 0.288253 0.121815 0.000161 -0.023061 -0.198936 -0.249766 -0.129582 0.027091 -0.214952 0.152086 -0.060447 0.444594 0.228909 0.730442 0.698156 0.238282 0.015485 0.423162 0.531316 0.628712 0.240673 0.042469 -0.105118 -0.173591 -0.163003 -0.025171 -0.410961 0.135374 -0.012781 0.399073 -0.313401 0.424648 -0.074196 -0.430100 -0.212262 -0.226125 -0.270512 -0.141143 -0.461689 -0.533198 -0.265175 -0.662226 -0.283358 -0.506108 -0.260117 -0.378878 -0.321702 -0.415760 -0.370621 0.197746 -0.200566 -0.268060 -0.238884 -0.421997 -0.478341 -0.374009 -0.386768 -0.374067 -0.393544
0.286122 0.356289 0.657475 0.661871 0.362545 0.386788 0.587455 0.512708 0.135541 0.154548 0.378212 0.224569 0.039500 0.012635 0.267612 -0.186960 -0.166660 -0.201338 0.501370 0.364858 0.500417 0.601651 1.000000 0.847251 0.553743 0.701915 0.359616 0.424829 -0.162661 -0.320669 0.658682 0.715088 0.366975 0.342647 -0.001653 0.189853 0.135251 -0.255122 0.468218 -0.083755 -0.132836 0.278786 -0.450849 -0.306600 -0.006892 -0.026983 -0.565174 -0.531086 -0.007896 -0.098999 0.286549 -0.244935 -0.492795 -0.569679 -0.175811 -0.521743 0.119813 0.328388 0.148680 0.137929 0.103626 0.003305 -0.097104 0.013773 0.412912 0.081337 0.307876 0.177143 0.439027 0.349566 0.438057 0.561080 0.007929 -0.055969 0.204409 0.344142 0.475220 0.169065 -0.148147 -0.129832 -0.278121 -0.275781 0.161118 -0.296255 0.197257 -0.172318 0.228617 -0.165931 0.411540 -0.368953 -0.623682 -0.492736 -0.379327 -0.462216 -0.384603 -0.587657 -0.514992 -0.535401 -0.667898 -0.586803 -0.566837 -0.535038 -0.600516 -0.545650 -0.596412 -0.571018 0.043984 -0.462278 -0.481644 -0.391664 -0.462241 -0.625271 -0.587093 -0.561135 -0.542371 -0.581329
0.215682 0.244021 0.622303 0.642371 0.346178 0.434118 0.541227 0.534876 0.199575 0.275216 0.263306 0.198262 -0.028197 -0.057370 0.138427 -0.301573 -0.311340 -0.323623 0.429743 0.328154 0.374442 0.538092 0.847251 1.000000 0.521926 0.669966 0.304011 0.397433 -0.295598 -0.401389 0.489543 0.637968 0.224327 0.308296 0.019554 0.187132 0.080416 -0.291338 0.364016 -0.020701 -0.131929 0.145951 -0.382011 -0.212332 0.162321 0.061202 -0.498579 -0.320875 0.119769 0.081914 0.309894 -0.053370 -0.416902 -0.484911 -0.192851 -0.470765 0.049411 0.179936 0.224343 0.184043 0.027776 0.006146 -0.172486 -0.129011 0.344781 0.141286 0.316271 0.342656 0.331587 0.283780 0.308415 0.507881 -0.138587 -0.156396 -0.000582 0.259403 0.380847 0.109169 -0.244892 -0.240091 -0.359715 -0.406628 0.041165 -0.295608 0.108670 -0.177911 0.101055 -0.110970 0.320812 -0.320796 -0.449404 -0.457976 -0.292432 -0.430639 -0.392185 -0.491720 -0.390615 -0.467749 -0.517156 -0.549568 -0.516256 -0.481143 -0.581437 -0.465404 -0.491691 -0.500892 0.066928 -0.402024 -0.413003 -0.316415 -0.353717 -0.532749 -0.530639 -0.559405 -0.486134 -0.623229
0.043799 0.152968 0.338964 0.397045 0.499595 0.200430 0.195538 0.331082 0.112153 0.210627 0.253286 0.226574 0.050106 0.011633 0.077694 -0.172683 -0.152040 -0.084353 0.184259 0.152363 0.423719 0.528935 0.553743 0.521926 1.000000 0.757115 0.251710 0.207614 0.001565 -0.138823 0.593452 0.538735 0.126838 0.077813 -0.120449 -0.086165 0.176752 -0.155892 0.051347 -0.209660 -0.106451 -0.045845 -0.058988 0.095452 0.163150 0.203862 -0.234954 -0.168223 0.108230 0.115430 0.334669 0.167827 -0.210124 -0.211833 -0.226538 -0.266585 -0.086638 0.082176 0.069258 0.062865 -0.231283 -0.105317 -0.246099 -0.019643 0.022121 0.041774 0.081466 0.059992 0.200805 0.027028 0.446491 0.558106 -0.017336 0.025245 0.135182 0.303927 0.304906 0.095915 -0.040106 0.041254 -0.113436 -0.070864 -0.007757 -0.247435 0.254841 0.041847 -0.085092 -0.229803 0.050611 -0.387769 -0.314697 -0.348268 -0.289086 -0.291423 -0.234583 -0.341568 -0.335419 -0.296189 -0.278209 -0.357982 -0.123125 -0.372842 -0.335089 -0.218917 -0.244947 -0.382254 -0.023422 -0.384281 -0.284643 -0.171523 -0.364573 -0.347429 -0.287664 -0.302944 -0.294057 -0.419690
0.171447 0.252820 0.534371 0.630855 0.513166 0.448170 0.397253 0.533473 0.078758 0.255416 0.157205 0.249569 -0.025653 0.098769 0.063947 -0.093049 -0.319806 -0.234617 0.364187 0.224690 0.464300 0.585210 0.701915 0.669966 0.757115 1.000000 0.324887 0.484705 -0.270670 -0.296934 0.620136 0.668252 0.268315 0.228270 -0.044316 0.150375 0.145544 -0.210571 0.198101 -0.110449 -0.160595 0.092484 -0.270073 0.008467 0.241804 0.218127 -0.371469 -0.245097 0.193384 0.117112 0.248480 0.114604 -0.339283 -0.420227 -0.302339 -0.454686 0.009991 0.074020 0.209300 0.212646 -0.030802 0.051326 -0.083568 -0.032536 0.231153 0.270523 0.272737 0.300596 0.308574 0.177495 0.410180 0.628333 -0.123367 -0.064921 0.145278 0.306710 0.435278 0.089724 -0.231327 -0.111004 -0.307670 -0.284606 -0.050625 -0.343577 -0.004864 -0.188185 -0.011660 -0.242174 0.210363 -0.444933 -0.432140 -0.450945 -0.318875 -0.388147 -0.357967 -0.468419 -0.437418 -0.412252 -0.433263 -0.514835 -0.239240 -0.410071 -0.443184 -0.337999 -0.393022 -0.487239 0.146150 -0.417677 -0.402784 -0.355253 -0.421222 -0.515305 -0.412872 -0.485288 -0.454765 -0.549063
0.160910 0.042064 0.151977 0.326722 0.376974 0.721210 0.048095 0.077265 0.094910 0.254166 0.039629 0.009220 0.001013 0.038053 0.384866 0.267789 -0.109607 -0.010316 0.187467 0.027424 0.286020 0.364939 0.359616 0.304011 0.251710 0.324887 1.000000 0.648271 -0.079189 0.083185 0.019284 0.166962 0.143703 0.008992 0.144974 0.203587 0.130622 0.069257 0.328907 0.191829 0.200819 0.232460 -0.084746 0.145803 0.072780 0.194278 -0.053551 -0.128260 -0.025406 0.060617 0.058068 0.042296 -0.160111 -0.179743 0.202581 -0.117669 0.133146 0.098113 0.162405 0.029716 0.065246 0.034033 -0.028232 -0.082413 0.126532 0.112698 0.054188 -0.003593 0.259197 0.054666 0.130173 0.179301 -0.031974 0.210243 0.139486 0.278343 0.170258 -0.020876 -0.059010 -0.009438 -0.202850 -0.122053 0.069190 -0.010535 0.081729 0.003120 0.319425 0.101304 0.414734 0.063486 -0.407578 -0.278813 -0.243418 -0.214853 -0.141579 -0.251997 -0.147564 -0.166908 -0.244302 -0.261209 -0.246468 -0.206726 -0.348518 -0.250905 -0.261653 -0.279199 -0.147010 -0.379317 -0.186845 -0.258048 -0.305420 -0.333191 -0.198590 -0.293462 -0.260224 -0.227980
0.264472 0.108175 0.245529 0.433284 0.224537 0.707083 0.136169 0.084051 -0.028433 0.173636 0.106187 0.027522 0.008940 -0.051515 0.351261 0.016651 -0.202913 -0.176816 0.169354 0.034241 0.200953 0.374801 0.424829 0.397433 0.207614 0.484705 0.648271 1.000000 -0.262973 -0.121063 0.042540 0.179430 0.217624 -0.008087 0.152809 0.328663 0.196392 0.057255 0.332263 0.154307 0.086468 0.209929 -0.195585 0.132331 0.209503 0.146095 -0.149404 -0.063237 0.253276 0.199703 0.176887 0.198099 -0.146119 -0.289987 0.074790 -0.225214 0.172535 0.162748 0.325222 0.295068 0.115126 0.233552 0.025631 -0.068720 0.123803 0.307785 0.362767 0.335666 0.267996 0.260517 0.002110 0.136502 -0.161803 0.033642 0.143745 0.145643 0.271190 0.046190 -0.168475 -0.077299 -0.312672 -0.244153 0.041809 -0.158800 -0.012841 -0.117768 0.240360 0.141564 0.394746 -0.105509 -0.475816 -0.401470 -0.387491 -0.340156 -0.195419 -0.305642 -0.102190 -0.230206 -0.257125 -0.387286 -0.264984 -0.297107 -0.447283 -0.309721 -0.334865 -0.408090 -0.070469 -0.343667 -0.204296 -0.319538 -0.248253 -0.426096 -0.326093 -0.404693 -0.352575 -0.433822
-0.182018 -0.116949 -0.478347 -0.395942 -0.221632 -0.267708 -0.352183 -0.370327 -0.175014 -0.194994 0.215023 0.241628 0.169787 0.185335 0.319173 0.278083 0.757799 0.708792 -0.232111 -0.212066 -0.180587 -0.147484 -0.162661 -0.295598 0.001565 -0.270670 -0.079189 -0.262973 1.000000 0.750323 0.066304 -0.013341 0.089324 -0.096610 0.145032 -0.078715 0.253969 0.283962 -0.119726 -0.291908 0.376081 -0.042775 0.300886 0.179473 -0.247836 -0.064382 0.298545 -0.067497 -0.335593 -0.263383 0.125786 -0.082905 0.083814 0.182619 0.139427 0.196491 -0.071394 -0.014635 -0.364336 -0.430502 -0.211858 -0.161206 0.071989 0.429128 -0.231986 -0.127126 -0.341383 -0.483779 -0.212741 -0.330209 -0.008279 -0.200716 0.616345 0.571545 0.370916 -0.020241 -0.122968 0.195750 0.584475 0.690578 0.665362 0.728425 0.348080 0.288090 0.603811 0.461117 0.023455 0.088461 -0.190089 0.042517 -0.222934 -0.093766 -0.246947 -0.037704 0.119747 0.054328 0.085413 0.060852 0.037034 0.068942 -0.027683 -0.141178 -0.081560 -0.149941 -0.162994 -0.086634 -0.532756 -0.196645 0.066193 0.106144 0.023693 0.123783 0.070334 0.102675 0.059189 0.096251
-0.384888 -0.360932 -0.577873 -0.450430 -0.188126 -0.119863 -0.547313 -0.484325 -0.094582 -0.092163 -0.041190 0.229456 0.177953 0.248430 0.373012 0.538060 0.523671 0.785686 -0.401996 -0.489674 -0.346221 -0.267167 -0.320669 -0.401389 -0.138823 -0.296934 0.083185 -0.121063 0.750323 1.000000 -0.149615 -0.169967 -0.141233 -0.302237 0.274063 0.125093 0.249854 0.543112 -0.117396 -0.087034 0.523496 -0.039095 0.497483 0.357389 -0.223696 -0.032704 0.557096 0.099358 -0.226940 -0.239673 0.134172 0.059129 0.294378 0.400877 0.341613 0.436484 -0.301981 -0.230857 -0.457633 -0.513217 -0.276940 -0.193371 0.090689 0.367626 -0.297191 0.024157 -0.430327 -0.511284 -0.404713 -0.538552 -0.259742 -0.240925 0.351395 0.692522 0.357877 -0.110592 -0.327043 0.186820 0.346691 0.753781 0.491608 0.777070 0.324290 0.422391 0.466874 0.554784 0.079120 0.308601 -0.087552 0.261770 -0.101065 0.044939 -0.092257 0.144122 0.286373 0.290065 0.352174 0.309379 0.264088 0.254040 0.214741 0.023158 0.043965 -0.088639 -0.070487 0.009110 -0.601272 -0.141548 0.234385 0.194110 0.201972 0.318777 0.311806 0.257181 0.208580 0.254688
0.221302 0.403503 0.498442 0.398351 0.296598 -0.069956 0.422740 0.522462 -0.167468 -0.201707 0.347090 0.148006 -0.034442 0.013207 -0.133332 -0.093876 0.108532 -0.049565 0.455248 0.467337 0.538929 0.486346 0.658682 0.489543 0.593452 0.620136 0.019284 0.042540 0.066304 -0.149615 1.000000 0.868680 0.492557 0.543534 -0.178630 -0.121516 0.081865 -0.352649 0.197688 -0.211319 -0.248068 0.205851 -0.333034 -0.184997 0.024263 0.071979 -0.451845 -0.360897 -0.074442 -0.054911 -0.031254 -0.227674 -0.435718 -0.452448 -0.372474 -0.479949 0.201906 0.233012 0.063528 0.085874 0.045824 -0.059213 0.044391 0.191064 0.221151 -0.104601 0.191699 0.037400 0.391595 0.258473 0.565442 0.642572 0.268985 -0.017201 0.269399 0.416229 0.505738 0.216391 0.111524 0.000782 0.085668 -0.098645 0.055085 -0.128683 0.104193 -0.242966 0.054414 -0.370061 -0.039037 -0.529783 -0.440373 -0.434877 -0.398034 -0.489184 -0.396628 -0.506853 -0.531941 -0.496088 -0.546751 -0.489242 -0.405603 -0.487412 -0.473664 -0.451944 -0.489223 -0.484704 0.055297 -0.422865 -0.491946 -0.301629 -0.462379 -0.505947 -0.479947 -0.479270 -0.558454 -0.455879
0.205950 0.394803 0.538389 0.553770 0.269924 0.114451 0.504514 0.644428 -0.092143 -0.091298 0.226177 0.203296 -0.123045 0.038665 -0.010107 -0.013619 0.004648 -0.160677 0.501699 0.440160 0.379414 0.435102 0.715088 0.637968 0.538735 0.668252 0.166962 0.179430 -0.013341 -0.169967 0.868680 1.000000 0.423300 0.653235 -0.016293 0.069924 0.013798 -0.378981 0.245778 -0.222808 -0.187441 0.189540 -0.385618 -0.161257 0.179481 0.163957 -0.470274 -0.300296 -0.006361 0.063534 0.061106 -0.164671 -0.567872 -0.566510 -0.392972 -0.590906 0.141747 0.208951 0.097108 0.133857 0.028984 -0.008722 0.016678 0.065762 0.383342 0.071191 0.179390 0.208877 0.395575 0.287533 0.371039 0.552139 0.132261 -0.030347 0.077550 0.367749 0.436305 0.199119 -0.006017 -0.067540 -0.019959 -0.240976 0.113177 -0.100335 0.117320 -0.298350 0.005218 -0.269017 0.013382 -0.540277 -0.470276 -0.557789 -0.394787 -0.563600 -0.489046 -0.528926 -0.501126 -0.573812 -0.507934 -0.612908 -0.474206 -0.540400 -0.587146 -0.496324 -0.535530 -0.532620 0.015858 -0.518398 -0.562337 -0.388457 -0.476397 -0.587765 -0.562940 -0.565255 -0.581140 -0.550241
0.713232 0.689176 0.454749 0.397769 0.251641 0.085521 0.422394 0.387583 -0.004337 -0.259557 0.363585 -0.063868 0.111610 -0.018747 -0.197656 -0.107822 0.321723 -0.076797 0.639547 0.661299 0.394177 0.320897 0.366975 0.224327 0.126838 0.268315 0.143703 0.217624 0.089324 -0.141233 0.492557 0.423300 1.000000 0.635185 -0.157560 -0.143935 0.046003 -0.422343 0.308571 -0.254283 -0.249391 0.416245 -0.505838 -0.044742 0.058962 0.072224 -0.489919 -0.336580 -0.022074 0.147956 -0.342767 -0.199106 -0.448745 -0.616938 -0.314730 -0.580408 0.714200 0.458389 0.561385 0.410766 0.557079 0.384449 0.452154 0.286652 0.283537 -0.155548 0.513792 0.087423 0.653135 0.451896 0.340137 0.210968 0.463492 0.041259 0.248337 0.506055 0.639854 -0.017244 0.374947 -0.134944 0.259471 -0.153995 -0.037701 -0.013683 0.016856 -0.490713 0.149136 -0.418015 -0.025952 -0.417340 -0.552550 -0.578220 -0.545789 -0.672283 -0.619588 -0.663247 -0.639870 -0.620109 -0.540525 -0.576565 -0.580034 -0.482535 -0.560624 -0.466128 -0.589603 -0.525356 0.043987 -0.467548 -0.580124 -0.586306 -0.644860 -0.678208 -0.583231 -0.630645 -0.668253 -0.460666
0.532546 0.632831 0.536787 0.416572 0.126675 -0.024769 0.592860 0.640674 -0.053102 -0.248053 0.236288 -0.004413 -0.025611 0.016421 -0.297365 -0.075635 0.168702 -0.288497 0.568082 0.691028 0.202333 0.122157 0.342647 0.308296 0.077813 0.228270 0.008992 -0.008087 -0.096610 -0.302237 0.543534 0.653235 0.635185 1.000000 0.023113 0.054704 -0.226466 -0.637963 0.111772 -0.272348 -0.373805 0.241934 -0.552790 -0.200460 0.327222 0.198701 -0.574273 -0.148287 0.092937 0.273597 -0.337939 -0.143012 -0.637118 -0.675615 -0.597779 -0.750152 0.484319 0.342154 0.393223 0.412970 0.449821 0.343990 0.318760 0.142468 0.486160 0.032266 0.319075 0.395030 0.451331 0.499746 0.184989 0.187993 0.248672 -0.185661 -0.102786 0.364734 0.435178 0.080928 0.202648 -0.308126 0.183242 -0.359029 -0.146827 0.044879 -0.201184 -0.680867 -0.181316 -0.453025 -0.203664 -0.644295 -0.284525 -0.565445 -0.411915 -0.658799 -0.690022 -0.574628 -0.605317 -0.695621 -0.445762 -0.645072 -0.535746 -0.470255 -0.524445 -0.424333 -0.436516 -0.430676 0.214327 -0.388787 -0.644231 -0.471025 -0.469657 -0.619960 -0.626552 -0.652854 -0.647529 -0.481650
-0.195365 -0.095166 -0.089277 -0.021696 -0.239674 0.243557 0.004888 -0.078813 0.141715 0.110768 0.034703 0.265399 0.172521 0.187219 0.415137 0.062888 0.009579 0.170349 -0.123656 -0.267893 -0.487984 -0.361302 -0.001653 0.019554 -0.120449 -0.044316 0.144974 0.152809 0.145032 0.274063 -0.178630 -0.016293 -0.157560 0.023113 1.000000 0.634791 -0.190710 0.147320 -0.105530 -0.195929 0.096934 -0.115615 0.224670 0.239048 0.352843 0.264957 0.178274 0.156194 0.184812 0.164580 0.383242 0.295176 -0.082540 -0.004850 -0.070008 -0.032413 -0.297720 -0.123088 -0.112698 -0.047113 -0.044167 0.237258 0.070824 0.109112 0.189120 0.550537 -0.026108 0.232773 -0.223612 -0.124436 -0.430584 -0.331526 -0.249241 0.183407 -0.112376 -0.231503 -0.280953 -0.056972 -0.199766 0.169680 -0.125958 0.050407 0.250848 0.144039 0.150594 0.125778 -0.148543 0.355049 -0.049424 -0.147782 -0.191196 -0.238775 -0.219900 -0.103612 -0.034045 0.074608 0.193756 -0.038729 0.136999 -0.153789 0.055801 -0.253079 -0.184620 -0.194654 -0.083269 -0.134283 -0.246861 -0.127358 -0.022233 -0.045072 0.182757 -0.017286 -0.051018 -0.083371 -0.016667 -0.076980
-0.134690 -0.065894 0.095437 0.254807 -0.187281 0.356648 0.131650 0.093506 0.076093 0.126290 0.127908 0.403087 0.201601 0.280726 0.391865 0.173709 -0.122873 0.029750 -0.090674 -0.239920 -0.316969 -0.113116 0.189853 0.187132 -0.086165 0.150375 0.203587 0.328663 -0.078715 0.125093 -0.121516 0.069924 -0.143935 0.054704 0.634791 1.000000 -0.110410 0.219049 0.118890 -0.055543 0.062285 0.085247 0.007729 0.125001 0.270143 0.180837 -0.084922 0.054826 0.238749 0.049204 0.402040 0.201295 -0.258360 -0.207276 -0.090743 -0.176860 -0.307237 -0.147160 -0.144647 -0.011819 -0.022426 0.162936 -0.037557 0.098698 0.191365 0.672822 -0.068825 0.458965 -0.196407 0.044352 -0.326729 -0.075869 -0.291783 0.187131 -0.031724 -0.086212 -0.208906 0.190042 -0.232684 0.152680 -0.199320 0.026593 0.075670 0.058248 0.053781 0.102848 -0.103418 0.259674 0.055365 -0.218173 -0.285997 -0.290724 -0.174336 -0.157194 -0.091424 -0.067549 0.092312 -0.160988 -0.145165 -0.283664 -0.053080 -0.297946 -0.277384 -0.284088 -0.219113 -0.242218 -0.142920 -0.109838 -0.122220 -0.119008 0.129656 -0.126562 -0.241255 -0.171411 -0.143152 -0.312041
