1.000000 0.093456 0.137153 -0.263238 -0.088951 0.043093 -0.019927 -0.222405 -0.088685 -0.228516 0.115042 -0.228489 -0.043683 -0.193535 -0.113358 -0.020303 0.124923 0.024689 0.223772 -0.041726 0.023479 -0.107637 -0.024510 -0.244416 -0.210961 -0.161022 0.079801 -0.012465 0.123191 -0.135910 -0.209137 -0.197613 0.223323 -0.083334 -0.137377 -0.325085 0.151540 -0.021831 -0.034375 -0.223660 0.092365 -0.004353 0.157470 0.031348 -0.080892 -0.188604 0.205718 0.008078 -0.092076 -0.185915 0.033432 -0.010433 0.241777 0.155914 0.253466 0.119837 0.700633 0.012339 0.511184 -0.091005 0.445596 0.153087 0.279267 0.155486 -0.166438 -0.206169 0.324316 -0.400360 0.278668 -0.116404 -0.180949 -0.322344 0.089551 -0.290855 0.082409 -0.047706 0.048742 -0.343244 0.208078 -0.119677 0.218854 0.120386 -0.013956 -0.089462 -0.063247 -0.048863 -0.079214 -0.224504 0.186881 0.114276 -0.045790 -0.103739 -0.060708 -0.060402 -0.081472 -0.249913 -0.033047 -0.042915 0.071074 0.398979 0.007654 0.024186 0.080070 -0.043641 -0.066097 -0.034874 0.166526 0.063713 -0.075454 -0.132895 -0.216493 -0.008889 0.114251 -0.069405 -0.081469 -0.140566
0.093456 1.000000 -0.138029 0.150803 0.051734 -0.110494 -0.154659 0.154268 -0.065801 -0.009911 -0.120793 0.135271 -0.086067 0.090360 -0.006141 -0.079303 -0.147309 0.154411 0.299928 0.538638 0.024976 -0.082282 -0.297470 -0.216966 -0.104733 -0.300723 0.016320 -0.033790 -0.143345 0.149344 -0.250617 -0.273248 0.246595 0.117650 -0.337815 -0.267024 0.194887 0.094337 0.157583 0.105148 0.029232 0.246317 -0.040738 0.069954 -0.090254 -0.161877 0.056361 0.081971 -0.033967 0.055064 -0.231030 -0.094248 0.044506 -0.258107 0.109453 -0.074269 0.137256 0.632167 0.082765 0.361814 -0.200806 0.210262 -0.070702 0.254037 -0.465190 -0.132329 0.188748 -0.044336 0.300282 0.270412 -0.149674 -0.018716 -0.179558 0.292042 -0.037442 0.261625 0.025316 0.189706 -0.097742 0.211710 -0.009066 0.244042 -0.012212 0.139933 -0.263395 -0.053890 -0.080845 -0.080714 0.190425 -0.162033 -0.009387 -0.319077 -0.095280 -0.159615 -0.049242 0.002851 0.056041 0.041404 0.034515 -0.253269 0.150186 -0.203688 0.319547 -0.314561 0.193819 -0.100933 -0.136908 0.016410 -0.006891 -0.134678 -0.090372 -0.089556 0.045446 -0.061209 -0.079113 -0.149860
0.137153 -0.138029 1.000000 0.555724 0.063619 0.422108 0.641969 0.302793 0.164373 -0.115727 -0.179784 -0.175340 -0.214722 -0.338656 0.131441 0.190706 -0.454255 -0.401562 0.515787 -0.083325 0.061985 -0.010917 0.634612 0.444769 -0.063759 0.231500 0.323828 0.464983 -0.395376 -0.590366 0.112015 0.048769 -0.181375 -0.285062 0.227130 -0.202360 -0.205848 -0.228270 -0.192636 -0.161480 -0.200427 -0.041385 -0.029354 -0.070642 -0.171296 -0.029551 0.122435 0.030966 0.030839 -0.123177 0.260817 -0.004848 0.121950 0.232336 0.065958 -0.122321 -0.100890 -0.044987 0.017774 -0.167557 -0.010365 -0.332151 -0.296512 -0.350023 0.284018 -0.137059 -0.120126 -0.046248 -0.002415 -0.040197 -0.192022 -0.310603 -0.392654 -0.461113 -0.251311 -0.239412 -0.052173 -0.245224 -0.345727 -0.349648 -0.423628 -0.305245 0.139765 0.043892 0.207780 0.000694 0.036270 0.164259 0.382934 0.134231 0.090559 0.180907 0.008741 0.067124 -0.082889 -0.374433 0.058052 -0.162699 0.040766 -0.046988 -0.054718 -0.033095 0.009308 -0.272530 -0.229216 -0.029911 -0.169302 -0.051585 0.110457 -0.246655 -0.156391 0.133839 -0.018009 -0.062554 -0.007308 -0.199918
-0.263238 0.150803 0.555724 1.000000 0.024869 0.405869 0.461838 0.569455 0.039575 0.145625 -0.299347 0.182579 -0.264904 -0.127298 0.197963 0.354298 -0.441173 -0.246152 0.379080 0.115582 0.130912 0.071810 0.475606 0.616553 -0.046152 0.195697 0.238217 0.512772 -0.363497 -0.322510 0.192097 0.143588 -0.309456 -0.207014 0.193836 0.015772 -0.133244 -0.161932 -0.126918 0.033861 -0.150388 0.008870 -0.284566 -0.232043 -0.232049 0.074804 -0.115814 -0.243480 -0.101476 -0.105085 0.131510 -0.097465 -0.040216 -0.011536 -0.048429 -0.349723 -0.255191 0.006044 -0.416098 -0.148482 -0.387200 -0.289619 -0.439287 -0.283566 0.243089 0.077030 -0.400064 0.091376 -0.233692 -0.026718 -0.065102 0.012906 -0.354464 -0.053751 -0.117167 -0.005704 0.110218 0.086264 -0.411605 -0.205847 -0.479979 -0.222677 0.250006 0.239023 0.225805 0.242110 0.162972 0.304412 0.313738 0.168000 0.099326 0.059919 0.177952 -0.031693 -0.082312 -0.274523 -0.036547 -0.213757 0.001520 -0.258614 0.103655 -0.106337 0.132694 -0.348766 -0.131682 -0.077262 -0.113685 -0.114025 0.042156 -0.310104 -0.187131 0.049917 0.088157 0.118289 -0.055429 -0.225190
-0.088951 0.051734 0.063619 0.024869 1.000000 0.024592 -0.144390 0.081434 0.625565 0.532362 -0.088943 0.067782 0.020935 0.053911 0.065939 -0.378002 -0.139628 -0.070424 0.007106 -0.062683 0.071636 0.077729 0.007616 -0.101334 0.530915 -0.196758 0.188762 -0.158568 -0.312628 0.107961 -0.196072 -0.193929 -0.088293 -0.068277 -0.127064 0.157831 0.224615 0.232998 -0.072767 -0.066248 -0.061632 -0.084119 0.238547 0.435774 0.394605 0.433005 0.195616 0.373110 0.314698 0.527842 0.167697 0.402740 0.043459 -0.099086 0.014002 0.204365 -0.142478 -0.040880 0.210902 0.248633 -0.047199 0.029669 -0.137061 -0.024811 -0.152472 0.119629 0.200725 0.280585 -0.141015 -0.123941 -0.054677 0.090177 -0.344878 0.030564 -0.256085 0.210083 -0.104995 0.035636 -0.260060 -0.022259 -0.177074 -0.015119 -0.272973 -0.064371 -0.259567 -0.125306 -0.373132 -0.309713 -0.086497 -0.251552 -0.062950 -0.164290 -0.202307 -0.096957 -0.164146 -0.039658 0.063247 -0.036328 -0.005424 -0.164069 -0.114746 -0.032745 0.117347 -0.123350 0.112650 -0.214875 -0.224760 -0.181121 -0.171182 -0.003499 0.010003 -0.148718 -0.095818 -0.233474 -0.133728 -0.041734
0.043093 -0.110494 0.422108 0.405869 0.024592 1.000000 0.263391 0.157222 0.203633 0.027367 -0.233119 -0.151706 -0.276253 -0.429407 0.243233 0.329563 -0.383118 -0.279590 0.279628 -0.141792 0.032243 0.127328 0.289384 0.379921 -0.171955 0.408705 0.556289 0.589847 -0.335508 -0.412981 -0.048535 -0.037276 -0.400856 -0.330019 0.175953 0.040674 0.073169 -0.130015 -0.181505 -0.188910 -0.177606 -0.214479 0.029628 -0.082458 -0.028310 0.119447 0.176291 -0.038444 0.056592 -0.091447 0.206144 0.024698 0.106334 0.141068 0.164741 -0.159112 -0.197293 -0.092153 -0.017990 -0.142279 -0.179672 -0.286975 -0.296399 -0.401202 0.162235 0.029357 0.006327 0.043774 -0.003735 0.079712 -0.016507 -0.028497 -0.434355 -0.247018 -0.356689 -0.073841 -0.087952 -0.016384 -0.233070 -0.032905 -0.298532 -0.222944 0.128397 0.052471 0.296597 -0.071829 -0.044591 0.056161 0.344770 -0.055202 0.188355 -0.066025 0.016489 -0.127911 -0.092123 -0.144946 0.032555 -0.025864 0.022796 -0.193891 -0.027183 -0.182060 0.120033 -0.191642 0.171275 0.104508 -0.107999 -0.163805 0.037668 0.003740 -0.226548 -0.023366 -0.052316 -0.096038 0.131018 -0.111487
-0.019927 -0.154659 0.641969 0.461838 -0.144390 0.263391 1.000000 0.623403 0.124758 -0.078546 -0.169695 0.137353 0.075224 0.046564 0.051158 0.339957 -0.252789 -0.281551 0.288650 0.077825 -0.146407 -0.105914 0.333612 0.483944 -0.352526 0.020148 0.070511 0.098402 -0.025801 -0.517284 0.281436 0.373137 0.027345 0.143227 0.134512 -0.015797 -0.261127 -0.515544 -0.394920 -0.308190 -0.102984 -0.176455 -0.305803 -0.274315 -0.237683 -0.024095 -0.195783 -0.133406 -0.238401 -0.216964 -0.058853 -0.231620 -0.190096 0.117651 -0.165490 -0.419102 -0.094897 -0.168341 -0.031692 -0.231777 0.151601 -0.166895 -0.127106 -0.205078 0.503073 0.070336 -0.303597 0.039399 -0.052451 0.001701 -0.089110 -0.320776 -0.086007 -0.362763 -0.071677 -0.333361 0.019487 -0.291654 -0.107876 -0.263257 -0.211124 -0.193989 0.093387 0.105909 0.061297 0.056786 0.177096 0.263645 0.289964 0.196231 0.013902 0.147799 0.019172 -0.048248 -0.049814 -0.435024 -0.097428 -0.301294 -0.137880 -0.090299 -0.148132 -0.086989 -0.125891 -0.190001 -0.407823 -0.178281 -0.128532 0.048279 0.027160 -0.319775 -0.082617 0.078284 -0.079398 -0.013788 -0.074090 -0.203827
-0.222405 0.154268 0.302793 0.569455 0.081434 0.157222 0.623403 1.000000 0.171282 0.377575 -0.208211 0.568810 0.110556 0.369754 0.030454 0.307571 -0.386165 -0.341476 0.164409 0.136586 -0.168382 -0.183133 -0.021053 0.303433 -0.315544 -0.145129 -0.002433 -0.104100 -0.172961 -0.205717 0.101130 0.230266 -0.048953 0.171812 -0.053211 0.167458 -0.217553 -0.239007 -0.314652 -0.133882 -0.207934 0.015582 -0.242393 -0.135943 -0.080322 0.242419 -0.207178 -0.128343 -0.125105 0.042742 -0.020737 -0.110157 -0.191215 -0.115658 -0.181559 -0.322396 -0.346827 -0.257728 -0.220603 -0.112215 -0.050030 0.035229 -0.278386 -0.234251 0.320775 0.406116 -0.361899 0.267990 -0.278163 0.020931 -0.149829 -0.061856 -0.240836 -0.118084 -0.197543 -0.213745 -0.108726 -0.160016 -0.327625 -0.328297 -0.339143 -0.292495 -0.024443 0.175734 -0.032063 0.103168 0.028589 0.205900 0.197761 0.030291 0.005107 -0.092687 0.074022 -0.166716 -0.012658 -0.232089 -0.096053 -0.159025 -0.166415 -0.334015 -0.098569 -0.209186 0.027157 -0.257985 -0.222027 -0.122664 -0.124308 0.021695 0.004629 -0.277279 -0.037368 -0.149716 -0.036287 -0.053552 -0.049979 -0.147436
-0.088685 -0.065801 0.164373 0.039575 0.625565 0.203633 0.124758 0.171282 1.000000 0.477313 0.073149 0.204392 0.286276 0.159657 0.365660 -0.102382 -0.127641 -0.065116 0.051675 -0.085462 -0.041445 0.072860 0.033070 -0.082609 0.272483 0.002837 0.135104 -0.091013 -0.126749 0.023845 -0.150979 -0.099732 -0.139244 -0.063804 -0.153586 0.122751 0.248118 0.022705 -0.044445 -0.142329 0.113938 -0.196982 0.068754 0.304888 0.232744 0.240736 0.038423 0.283965 0.313547 0.285912 0.177387 0.220834 -0.125776 -0.101777 -0.282712 0.026797 -0.225145 -0.175316 0.200139 -0.044870 0.139750 0.088746 -0.241560 -0.164941 0.092108 0.342338 0.013244 0.136458 -0.090341 -0.022721 0.044806 -0.013380 -0.294274 0.069533 -0.164678 0.150133 0.030668 0.057635 -0.181196 0.028263 -0.152966 -0.030837 -0.049419 -0.021399 -0.232854 -0.184466 -0.300122 -0.257474 -0.071402 -0.265111 0.031174 -0.148822 -0.252016 -0.076634 -0.166442 -0.039298 -0.062849 0.045228 -0.245549 -0.266046 -0.187512 0.032398 -0.029466 -0.019681 0.171567 -0.295103 -0.165085 -0.284813 -0.186116 0.043778 -0.001414 -0.119388 -0.256503 -0.227809 -0.114523 -0.076184
-0.228516 -0.009911 -0.115727 0.145625 0.532362 0.027367 -0.078546 0.377575 0.477313 1.000000 0.032762 0.480381 0.225589 0.299847 -0.091184 -0.138753 0.037258 -0.076473 -0.174847 -0.045816 -0.057124 0.019150 -0.172227 -0.155094 0.184704 -0.051462 -0.191300 -0.285298 -0.078529 0.262780 -0.135878 0.044046 -0.186746 0.101001 -0.041005 0.469087 -0.075732 0.174683 -0.005836 0.141788 -0.169851 0.020149 -0.134494 0.054443 0.163075 0.410113 -0.255277 0.010043 0.100186 0.275955 -0.005945 0.099036 -0.375568 -0.302098 -0.406396 -0.031256 -0.206381 -0.241461 -0.151782 -0.060842 -0.073164 0.019752 -0.278162 -0.225773 0.093771 0.488311 -0.165751 0.365970 -0.323607 -0.026350 0.145572 0.377279 -0.101706 0.217962 -0.054806 0.177088 0.076947 0.179160 -0.162440 -0.187292 -0.057284 -0.135964 -0.177210 0.154483 -0.163539 0.069552 -0.331754 -0.068902 -0.298327 -0.151835 -0.158111 -0.085967 -0.044457 -0.126108 0.082125 0.263210 -0.039699 0.183331 -0.277399 -0.246851 -0.182127 -0.107584 -0.191795 0.116884 -0.037438 -0.047743 -0.006736 -0.098661 -0.003275 0.171272 0.241771 -0.222876 -0.185551 -0.122875 -0.090234 0.117700
0.115042 -0.120793 -0.179784 -0.299347 -0.088943 -0.233119 -0.169695 -0.208211 0.073149 0.032762 1.000000 0.343742 0.642868 0.335634 0.138648 -0.174349 0.602753 0.309669 -0.183870 -0.129343 -0.097796 0.013896 -0.028390 -0.146567 0.121517 -0.081562 -0.315675 -0.249914 0.489813 0.247242 0.128421 0.039236 0.091934 0.149650 -0.195082 0.021292 0.006253 -0.084633 -0.083784 -0.112253 0.082547 -0.101796 -0.071067 0.029986 -0.005979 -0.097081 -0.219156 -0.060953 0.207966 -0.048930 0.026845 -0.048752 -0.132321 -0.134551 -0.272558 -0.007220 0.106861 -0.104325 0.097285 -0.138790 0.415085 0.353532 0.258580 0.214121 0.076713 0.304745 -0.129610 -0.098875 -0.233014 -0.189475 0.155269 0.116751 0.392607 0.245990 0.286964 0.163949 0.177854 0.173874 0.253404 0.121017 0.247194 0.093377 -0.004117 -0.187661 -0.160580 -0.031047 -0.065603 -0.059308 -0.228210 -0.071656 -0.164892 -0.038007 -0.090186 0.055667 -0.125731 0.047690 -0.286615 -0.084646 -0.188616 0.011443 -0.174043 -0.016652 -0.275449 0.098165 -0.088850 -0.331677 0.015260 -0.064494 -0.145848 -0.060287 0.035060 -0.143306 -0.143956 0.089805 -0.183557 -0.042535
-0.228489 0.135271 -0.175340 0.182579 0.067782 -0.151706 0.137353 0.568810 0.204392 0.480381 0.343742 1.000000 0.531859 0.683246 0.094446 0.065353 0.164617 0.070990 -0.133203 0.063294 -0.138131 -0.057230 -0.235424 -0.008113 -0.068932 -0.113987 -0.298816 -0.332736 0.186415 0.278151 0.204694 0.315032 0.132017 0.337541 -0.109231 0.240129 -0.126375 0.002981 -0.185710 0.010289 -0.071573 0.023044 -0.283736 -0.069512 0.075472 0.208461 -0.420489 -0.163320 0.140012 0.102637 -0.064290 0.002630 -0.383136 -0.295543 -0.385380 -0.126405 -0.256093 -0.362820 -0.245202 -0.203191 0.090381 0.228218 -0.124196 -0.023818 0.163685 0.594544 -0.360785 0.214306 -0.348338 -0.172266 0.122671 0.283156 0.108491 0.323324 0.090311 0.052682 0.143711 0.063387 -0.091417 -0.129436 -0.057581 -0.131021 0.037269 0.128390 -0.113999 0.293724 -0.048032 0.118466 -0.240571 -0.101538 -0.287914 -0.322719 -0.123020 -0.286789 0.022198 0.068845 -0.175935 -0.057096 -0.365969 -0.290765 -0.291008 -0.247311 -0.206933 -0.132687 -0.152991 -0.360134 -0.087642 -0.004030 -0.107973 -0.135577 0.238117 -0.291988 -0.164333 0.029499 -0.272129 -0.137446
-0.043683 -0.086067 -0.214722 -0.264904 0.020935 -0.276253 0.075224 0.110556 0.286276 0.225589 0.642868 0.531859 1.000000 0.691269 0.111370 -0.123630 0.480953 0.295057 -0.341663 0.078304 -0.054069 0.019971 -0.278215 -0.232116 -0.021067 -0.124372 -0.326300 -0.444702 0.509906 0.328218 0.168384 0.291935 0.107625 0.412958 -0.258489 0.251274 0.049850 -0.141112 -0.152197 -0.108120 0.083411 -0.134387 -0.345693 -0.069054 -0.007454 0.008331 -0.408016 -0.016233 0.101783 -0.002086 -0.236259 -0.062396 -0.426508 -0.307246 -0.492720 -0.221670 0.036622 -0.188298 0.150601 -0.012889 0.429364 0.388518 0.100305 0.231093 -0.041192 0.462177 -0.125438 0.204746 -0.128667 -0.051651 0.319325 0.262730 0.344194 0.381902 0.185718 0.204931 0.198629 0.148978 0.186178 0.095895 0.258897 0.164725 0.025556 0.007907 -0.434705 -0.079887 -0.171145 -0.086926 -0.393069 -0.120096 -0.236329 -0.180960 -0.366388 -0.184410 -0.141587 0.117353 -0.242375 -0.095428 -0.513182 -0.306597 -0.339025 -0.104896 -0.288273 0.033270 -0.104923 -0.435736 -0.096421 -0.186917 -0.110562 -0.000481 0.177621 -0.266250 -0.276294 -0.052392 -0.182298 -0.069082
-0.193535 0.090360 -0.338656 -0.127298 0.053911 -0.429407 0.046564 0.369754 0.159657 0.299847 0.335634 0.683246 0.691269 1.000000 -0.048682 -0.034654 0.319225 0.315244 -0.297250 0.160906 -0.216464 -0.154152 -0.402673 -0.219115 -0.072154 -0.283025 -0.377981 -0.533309 0.340204 0.419144 0.090748 0.276640 0.220690 0.447791 -0.218073 0.249280 -0.050534 -0.089356 -0.167077 -0.020255 -0.014820 0.018480 -0.241113 -0.024637 0.075469 0.123878 -0.382647 -0.102450 0.079633 0.129863 -0.149330 0.015432 -0.352074 -0.295706 -0.395332 -0.147775 -0.058163 -0.236637 -0.012211 -0.032435 0.272766 0.406903 0.141055 0.264044 -0.040602 0.463235 -0.181894 0.167485 -0.129924 -0.174040 0.150877 0.215737 0.299627 0.338678 0.142801 0.075346 0.138730 0.056578 0.145588 0.021086 0.235970 0.145494 -0.135796 0.117415 -0.289400 0.136486 -0.144055 -0.075222 -0.349063 -0.054690 -0.242632 -0.184011 -0.204032 -0.242057 -0.083626 0.102439 -0.184717 -0.070861 -0.356330 -0.195171 -0.228517 -0.142648 -0.176498 -0.016466 -0.162944 -0.425191 -0.140585 -0.098814 -0.073470 -0.078765 0.137141 -0.278763 -0.145057 -0.017337 -0.319183 -0.111457
-0.113358 -0.006141 0.131441 0.197963 0.065939 0.243233 0.051158 0.030454 0.365660 -0.091184 0.138648 0.094446 0.111370 -0.048682 1.000000 0.462459 -0.253029 0.011378 0.233621 -0.112927 0.171272 0.273610 0.303355 0.251803 -0.065090 0.128650 0.334162 0.302996 0.020278 0.040448 -0.041839 -0.048167 -0.214866 -0.279348 -0.141260 -0.130889 0.458653 -0.020682 0.069225 -0.078648 0.333846 -0.202964 -0.047642 -0.089675 -0.194840 -0.228177 0.135341 -0.098418 0.135877 -0.162193 0.262156 0.016043 0.244396 0.165350 0.106342 -0.107817 -0.352280 -0.038863 0.027845 -0.156814 0.146793 0.071940 -0.200235 -0.113949 0.231105 0.148016 -0.129121 -0.149785 -0.119136 0.037502 -0.073011 -0.074611 -0.158353 0.127459 -0.118264 0.157531 -0.087706 0.023364 -0.201576 0.249475 -0.268912 0.054715 0.511291 0.021465 0.180541 -0.048240 0.182989 0.159966 0.421759 -0.274443 0.223422 -0.166334 -0.070935 0.038268 -0.210493 -0.131071 -0.192124 -0.162446 -0.045342 -0.233414 0.065723 0.094843 0.156983 -0.265725 0.350952 -0.236146 -0.166561 -0.320844 -0.161482 -0.060366 -0.261970 -0.048292 -0.142183 0.051357 -0.037150 -0.175212
-0.020303 -0.079303 0.190706 0.354298 -0.378002 0.329563 0.339957 0.307571 -0.102382 -0.138753 -0.174349 0.065353 -0.123630 -0.034654 0.462459 1.000000 -0.359684 -0.203201 0.198795 -0.113803 0.126805 0.204527 0.142432 0.306134 -0.491674 0.249619 0.430742 0.351958 0.184284 -0.053428 0.171890 0.195407 -0.291986 -0.247007 0.092352 -0.008919 0.043531 -0.234960 -0.185098 -0.220298 0.050008 -0.191432 -0.110969 -0.355139 -0.250690 -0.092868 0.034649 -0.378507 -0.279154 -0.349600 0.239355 -0.231767 0.165427 0.158004 -0.011946 -0.303464 -0.183459 -0.197082 -0.190462 -0.438575 0.000333 -0.172716 -0.229445 -0.259203 0.396797 0.081933 -0.333683 -0.286150 -0.050154 0.005942 -0.027477 -0.166048 0.055815 -0.034172 -0.044604 -0.065785 0.040437 -0.099542 0.076732 0.035369 -0.070951 0.080186 0.399117 0.335668 0.472797 0.236976 0.188160 0.201167 0.308248 0.095148 0.080295 -0.097285 0.146409 -0.025049 -0.139812 -0.227924 -0.254301 -0.143968 -0.078944 -0.122721 0.039937 -0.072373 0.044081 -0.319356 -0.065554 -0.039445 0.028771 -0.148512 -0.007993 -0.046307 -0.380968 -0.116489 0.012677 -0.041507 -0.076038 -0.270723
0.124923 -0.147309 -0.454255 -0.441173 -0.139628 -0.383118 -0.252789 -0.386165 -0.127641 0.037258 0.602753 0.164617 0.480953 0.319225 -0.253029 -0.359684 1.000000 0.564879 -0.316634 0.071170 -0.124866 -0.057030 -0.176016 -0.234061 0.117382 -0.195081 -0.492214 -0.420374 0.644226 0.424301 0.172217 0.146395 0.313875 0.374171 -0.037529 0.142889 -0.010370 -0.041281 -0.026804 0.045186 0.080016 -0.034430 -0.251036 -0.158610 -0.005619 -0.190469 -0.419019 -0.236266 -0.004064 -0.120614 -0.321375 -0.199126 -0.316767 -0.288135 -0.253417 -0.067895 0.416019 -0.048209 0.027876 -0.039052 0.360437 0.302987 0.545423 0.445947 -0.076227 0.060065 0.032170 -0.103274 -0.068845 -0.144521 0.258835 0.194876 0.715889 0.303933 0.495767 0.149776 0.237573 0.125252 0.611269 0.206279 0.632196 0.311596 -0.210617 -0.200012 -0.207847 -0.016342 -0.094348 -0.080147 -0.377570 0.106187 -0.259927 -0.016277 -0.045751 -0.069208 0.036564 0.190347 -0.160702 -0.062086 -0.172509 0.239273 -0.050481 0.014896 -0.280470 0.291514 -0.202754 -0.152204 0.183672 0.092996 -0.025945 -0.020308 0.199929 -0.051641 0.030973 0.169246 -0.109276 0.137524
0.024689 0.154411 -0.401562 -0.246152 -0.070424 -0.279590 -0.281551 -0.341476 -0.065116 -0.076473 0.309669 0.070990 0.295057 0.315244 0.011378 -0.203201 0.564879 1.000000 -0.201008 0.211481 0.043709 0.169186 -0.124042 -0.070412 0.189018 -0.110983 -0.276776 -0.163369 0.423538 0.585185 0.036836 0.084633 0.237744 0.180923 -0.093985 -0.080958 0.298444 -0.047450 0.119938 0.040908 0.256957 0.000085 -0.169050 -0.126413 -0.091753 -0.325995 -0.183158 -0.275924 0.079591 -0.123917 -0.335649 -0.098200 -0.182776 -0.154159 -0.158449 -0.190282 0.396371 0.208664 -0.046790 -0.074530 0.208925 0.249344 0.463371 0.608419 -0.302033 -0.135891 -0.011330 -0.328634 0.150897 -0.193185 0.271180 0.246192 0.511313 0.503200 0.402734 0.327236 0.343288 0.296026 0.415812 0.548387 0.580391 0.674634 -0.077148 -0.056694 -0.293991 0.050699 -0.137961 -0.137562 -0.240246 -0.137390 -0.095691 -0.099367 -0.136701 -0.106783 -0.050122 0.104083 -0.047537 -0.124595 -0.168367 -0.005913 0.027226 0.062405 -0.134757 0.024877 0.037963 -0.261582 0.016718 -0.114174 -0.177570 0.103732 -0.103432 0.058816 -0.114794 0.159680 -0.135328 -0.027561
0.223772 0.299928 0.515787 0.379080 0.007106 0.279628 0.288650 0.164409 0.051675 -0.174847 -0.183870 -0.133203 -0.341663 -0.297250 0.233621 0.198795 -0.316634 -0.201008 1.000000 0.269390 -0.045320 -0.172967 0.361840 0.242310 -0.172545 -0.085401 0.220058 0.277517 -0.182153 -0.271660 -0.064011 -0.191809 0.060219 -0.270346 -0.012716 -0.353981 0.115244 -0.048685 -0.072238 -0.184324 -0.112098 0.035583 0.141779 -0.028461 -0.160766 -0.160878 0.256688 -0.094862 -0.090527 -0.173764 0.263826 -0.122765 0.409180 0.068196 0.304315 -0.131050 -0.048306 0.112266 -0.050905 -0.160315 -0.086296 -0.161833 -0.050842 -0.110785 0.152732 -0.258373 0.033661 -0.302558 0.113894 -0.026286 -0.361303 -0.419437 -0.214284 -0.249259 0.031312 -0.026709 0.054905 -0.213230 -0.226918 -0.004709 -0.302413 -0.099308 0.237699 -0.071496 0.352505 0.040998 0.047379 -0.098702 0.559604 -0.010651 0.232902 -0.056273 0.249707 0.106362 -0.095084 -0.338649 -0.112780 -0.179583 0.267978 0.030264 0.330553 0.040557 0.437544 -0.333763 0.026509 -0.005073 -0.031311 -0.186631 -0.065937 -0.310444 -0.291564 0.092590 0.311179 -0.044519 -0.122777 -0.317802
-0.041726 0.538638 -0.083325 0.115582 -0.062683 -0.141792 0.077825 0.136586 -0.085462 -0.045816 -0.129343 0.063294 0.078304 0.160906 -0.112927 -0.113803 0.071170 0.211481 0.269390 1.000000 -0.140151 -0.297967 -0.217240 -0.051226 -0.195402 -0.316999 -0.259648 -0.204005 0.123109 0.218330 -0.128538 -0.044499 0.318290 0.393897 -0.200183 -0.088516 0.053326 -0.106027 0.027826 -0.006717 -0.004190 0.154405 -0.381187 -0.243155 -0.287745 -0.213916 -0.321194 -0.094368 -0.286633 -0.101567 -0.579057 -0.394208 -0.237322 -0.228672 -0.081738 -0.404794 0.009621 0.295658 0.001721 0.346959 -0.166924 -0.028014 0.141721 0.191363 -0.342261 -0.354869 0.052197 0.197559 0.233012 0.473835 0.042962 -0.003937 0.103556 0.277115 0.209917 0.012761 0.158455 0.190549 -0.020793 0.176030 0.211808 0.331071 0.046015 0.214565 -0.345762 -0.113032 -0.044986 0.024085 0.118919 -0.132264 0.109962 -0.132252 -0.075343 -0.216292 0.009427 -0.006373 -0.075637 -0.075836 -0.080516 -0.137639 0.107096 -0.057239 0.179617 -0.135731 0.006687 0.067378 -0.005392 0.148990 0.083618 -0.118622 0.047779 -0.014562 -0.011389 0.033223 0.021337 -0.033942
0.023479 0.024976 0.061985 0.130912 0.071636 0.032243 -0.146407 -0.168382 -0.041445 -0.057124 -0.097796 -0.138131 -0.054069 -0.216464 0.171272 0.126805 -0.124866 0.043709 -0.045320 -0.140151 1.000000 0.653358 0.134544 0.148165 0.287513 0.407060 0.465045 0.424696 0.022815 0.000555 0.213164 0.111943 -0.402661 -0.274860 -0.129677 0.006503 0.254537 0.295813 0.173159 0.169906 0.282766 0.065428 -0.016802 0.005444 0.059226 0.056872 0.197459 0.108534 0.075044 0.034399 0.109819 0.151778 0.103969 0.056715 -0.045053 -0.006034 0.110360 0.159761 -0.030312 -0.058302 -0.152468 -0.194690 -0.330512 -0.061158 -0.148699 -0.029628 -0.246768 -0.067690 -0.062560 -0.108529 0.275756 0.256044 -0.035958 0.267615 0.050752 0.537694 0.174128 0.154884 -0.017373 0.058082 -0.047869 0.147938 0.411990 0.195701 0.079573 0.092187 0.159470 0.087368 -0.123300 -0.225887 0.012525 -0.080408 -0.019218 0.084038 -0.357031 -0.129180 -0.081316 -0.197065 0.001351 -0.284137 0.206352 -0.109104 0.011247 -0.376339 -0.014914 -0.239917 -0.118757 -0.249861 -0.185031 -0.109418 -0.113415 -0.082560 -0.068916 -0.183228 -0.210613 -0.384900
-0.107637 -0.082282 -0.010917 0.071810 0.077729 0.127328 -0.105914 -0.183133 0.072860 0.019150 0.013896 -0.057230 0.019971 -0.154152 0.273610 0.204527 -0.057030 0.169186 -0.172967 -0.297967 0.653358 1.000000 0.202816 0.217706 0.407237 0.631199 0.426123 0.489545 0.150331 0.136423 0.335144 0.352234 -0.323155 -0.160360 0.009143 0.095419 0.311180 0.091051 0.039315 -0.000833 0.419190 -0.268833 -0.002922 0.087771 0.059014 0.004893 0.048289 -0.029183 0.127366 -0.017750 0.117677 0.202742 -0.046514 -0.002638 -0.070669 -0.092919 0.095678 0.070222 -0.210877 -0.204754 -0.111563 -0.084670 -0.278540 -0.062844 -0.037328 0.105507 -0.204598 -0.186717 -0.050700 -0.244521 0.242521 0.279978 -0.026365 0.281434 -0.097187 0.415337 0.089843 0.188975 0.202056 0.229232 0.130234 0.259058 0.196358 0.170986 0.128934 0.202993 0.051747 -0.055723 -0.165653 -0.155027 -0.270406 -0.279275 -0.234343 -0.150129 -0.275616 0.086065 -0.084522 -0.021135 -0.268206 -0.343902 -0.078507 -0.189625 -0.213917 -0.259738 0.148154 -0.351862 -0.199690 -0.297494 -0.142005 0.264653 -0.129025 -0.251348 -0.261746 -0.196477 -0.209229 -0.181321
-0.024510 -0.297470 0.634612 0.475606 0.007616 0.289384 0.333612 -0.021053 0.033070 -0.172227 -0.028390 -0.235424 -0.278215 -0.402673 0.303355 0.142432 -0.176016 -0.124042 0.361840 -0.217240 0.134544 0.202816 1.000000 0.696707 0.210948 0.326262 0.148098 0.521032 -0.227585 -0.413482 0.393011 0.195814 -0.195286 -0.274934 0.348348 -0.164394 -0.097759 -0.170970 -0.092041 -0.058473 -0.033410 -0.156600 -0.082866 -0.170236 -0.220316 -0.168246 0.046058 -0.194890 0.041219 -0.178471 0.274162 0.019385 0.195215 0.351966 0.171026 -0.096435 -0.076087 -0.088517 -0.275946 -0.289504 -0.080500 -0.287410 -0.095418 -0.240765 0.443353 -0.163807 -0.277167 -0.247778 -0.145750 -0.151014 -0.053672 -0.095928 -0.173799 -0.275801 -0.038728 -0.139472 -0.030898 -0.134567 -0.191946 -0.117415 -0.322465 -0.181221 0.284336 -0.175049 0.389569 0.037876 0.247858 0.226298 0.353958 0.129839 0.142323 0.225799 0.189195 0.136244 -0.182497 -0.280665 -0.038991 -0.248400 0.177113 0.048601 0.076418 0.050656 -0.108416 -0.150635 -0.167769 -0.042463 -0.081991 -0.154378 -0.083451 -0.179768 -0.232669 0.106887 -0.000979 0.031601 -0.025305 -0.196332
-0.244416 -0.216966 0.444769 0.616553 -0.101334 0.379921 0.483944 0.303433 -0.082609 -0.155094 -0.146567 -0.008113 -0.232116 -0.219115 0.251803 0.306134 -0.234061 -0.070412 0.242310 -0.051226 0.148165 0.217706 0.696707 1.000000 0.087076 0.346023 0.188976 0.444729 -0.132259 -0.369400 0.507881 0.426869 -0.242457 -0.153997 0.172364 -0.088053 -0.025179 -0.341405 -0.244244 -0.167002 0.039496 -0.203113 -0.218216 -0.271475 -0.207837 -0.027697 -0.023674 -0.223502 -0.112754 -0.174314 0.069291 -0.100932 0.056202 0.218843 0.088703 -0.408511 -0.193872 -0.124385 -0.357785 -0.279139 -0.142763 -0.298346 -0.086718 -0.141497 0.450452 -0.066517 -0.415540 -0.103531 -0.242000 -0.144516 0.011859 -0.014444 -0.195012 -0.164354 -0.089002 -0.127593 -0.060194 -0.066365 -0.156508 -0.072021 -0.277427 -0.117523 0.240872 -0.086085 0.283123 0.083244 0.337479 0.283987 0.330737 -0.044348 0.244329 0.138004 0.295118 0.060351 -0.217986 -0.424661 -0.102189 -0.439617 0.152627 -0.170187 0.149068 0.057928 -0.000808 -0.277816 -0.142314 -0.143312 -0.180016 -0.152751 -0.146853 -0.306717 -0.295097 0.112936 0.043114 0.134168 -0.008150 -0.253816
-0.210961 -0.104733 -0.063759 -0.046152 0.530915 -0.171955 -0.352526 -0.315544 0.272483 0.184704 0.121517 -0.068932 -0.021067 -0.072154 -0.065090 -0.491674 0.117382 0.189018 -0.172545 -0.195402 0.287513 0.407237 0.210948 0.087076 1.000000 0.294030 -0.019706 0.087798 -0.170610 0.123321 0.238247 -0.013637 -0.092316 -0.131515 0.057305 0.054789 0.098596 0.198821 0.071892 0.021148 0.135058 -0.100734 0.281926 0.455648 0.342133 0.194602 0.191383 0.288958 0.308573 0.340636 0.168932 0.349277 0.023564 -0.022330 -0.004783 0.247401 0.067706 0.030524 -0.090246 0.061090 -0.135635 -0.027796 -0.032521 0.113155 -0.164986 -0.036050 0.039128 0.017914 -0.111326 -0.321247 0.110288 0.230562 -0.165495 0.145503 -0.097166 0.308999 -0.067689 0.135755 -0.070722 0.107594 -0.003272 0.046040 -0.200366 -0.253389 -0.122529 0.008667 -0.077734 -0.344136 -0.360542 -0.183235 -0.103258 0.008777 -0.032123 0.075381 -0.166573 0.007535 0.136968 -0.023719 0.081002 -0.063258 0.014797 0.109306 -0.103053 -0.013968 0.091117 -0.204242 -0.163467 -0.194188 -0.287325 0.077486 0.091353 -0.021738 -0.063299 -0.099111 -0.154161 -0.063728
-0.161022 -0.300723 0.231500 0.195697 -0.196758 0.408705 0.020148 -0.145129 0.002837 -0.051462 -0.081562 -0.113987 -0.124372 -0.283025 0.128650 0.249619 -0.195081 -0.110983 -0.085401 -0.316999 0.407060 0.631199 0.326262 0.346023 0.294030 1.000000 0.376085 0.637355 -0.104273 -0.160074 0.445642 0.442234 -0.369215 -0.201478 0.237759 0.068034 -0.025375 -0.037411 0.002913 -0.005314 0.220930 -0.182106 -0.024868 0.004733 0.016114 0.063703 -0.004446 -0.041683 0.133144 -0.066149 0.158889 0.152807 -0.101179 0.197948 -0.117513 -0.058569 -0.087976 -0.168698 -0.258035 -0.290937 -0.238748 -0.312056 -0.398366 -0.347658 0.093984 0.053998 -0.235460 -0.071019 0.001925 -0.143470 0.227212 0.307140 -0.220706 0.054526 -0.221529 0.040179 -0.067002 0.029926 0.030203 0.016045 -0.018535 -0.098011 0.279014 0.062598 0.321585 0.177038 0.140212 0.102293 -0.163128 -0.136290 -0.127707 -0.106630 -0.125278 -0.116495 -0.160455 0.067400 0.040983 0.125912 -0.121381 -0.170072 -0.121386 -0.121286 -0.257278 -0.129107 0.074576 -0.094125 -0.216067 -0.250959 0.044264 0.245273 0.023080 -0.101797 -0.230438 -0.094352 -0.068816 -0.099088
0.079801 0.016320 0.323828 0.238217 0.188762 0.556289 0.070511 -0.002433 0.135104 -0.191300 -0.315675 -0.298816 -0.326300 -0.377981 0.334162 0.430742 -0.492214 -0.276776 0.220058 -0.259648 0.465045 0.426123 0.148098 0.188976 -0.019706 0.376085 1.000000 0.619144 -0.270188 -0.226868 -0.046873 -0.086671 -0.396617 -0.439717 0.020887 -0.086953 0.264184 0.112731 -0.177944 -0.156911 0.020562 -0.201670 0.238760 0.129949 0.189097 0.193261 0.417797 0.118281 0.153966 0.078371 0.377492 0.228272 0.338269 0.204282 0.220945 0.015220 -0.115484 0.100787 0.126509 -0.036444 -0.174219 -0.251617 -0.346473 -0.256997 -0.065538 -0.105638 0.098247 -0.084465 0.087262 -0.037640 -0.031319 -0.066472 -0.391478 -0.117100 -0.434807 0.162255 -0.107908 -0.057778 -0.107107 0.141434 -0.228140 0.009424 0.164275 0.150183 0.297229 0.007586 -0.005120 -0.039929 0.257683 -0.150869 0.049415 -0.188905 -0.103907 0.004828 -0.279508 -0.219135 -0.001334 -0.101559 0.110640 -0.208186 0.076216 -0.071294 0.305725 -0.327241 0.206423 -0.131575 -0.204879 -0.276424 -0.035591 -0.053179 -0.334143 -0.034305 0.000990 -0.156455 -0.131169 -0.360722
-0.012465 -0.033790 0.464983 0.512772 -0.158568 0.589847 0.098402 -0.104100 -0.091013 -0.285298 -0.249914 -0.332736 -0.444702 -0.533309 0.302996 0.351958 -0.420374 -0.163369 0.277517 -0.204005 0.424696 0.489545 0.521032 0.444729 0.087798 0.637355 0.619144 1.000000 -0.343807 -0.377203 0.149365 0.027592 -0.409362 -0.472494 0.227996 -0.169645 0.156109 0.041083 0.040165 0.040152 0.080884 -0.087067 0.028431 -0.073384 -0.150998 -0.118312 0.188184 -0.118533 0.064952 -0.204324 0.309051 0.067440 0.226841 0.227764 0.260192 -0.097743 -0.031368 0.123591 -0.186672 -0.167133 -0.294793 -0.288510 -0.332652 -0.262873 0.020633 -0.179325 -0.106098 -0.193352 0.008878 -0.065106 -0.052217 0.011979 -0.379343 -0.107375 -0.207875 0.069306 0.032062 0.055400 -0.154820 0.021910 -0.253962 -0.059206 0.387392 0.149507 0.484930 0.172059 0.266209 0.180433 0.287963 0.028481 0.053329 -0.056548 0.024530 -0.006507 -0.186346 -0.153879 0.069853 -0.057442 0.133821 -0.085672 0.142586 -0.125224 0.090555 -0.298342 0.118752 -0.011816 -0.184761 -0.186996 0.078744 -0.052529 -0.238605 0.098665 0.052164 0.013274 -0.054250 -0.250695
0.123191 -0.143345 -0.395376 -0.363497 -0.312628 -0.335508 -0.025801 -0.172961 -0.126749 -0.078529 0.489813 0.186415 0.509906 0.340204 0.020278 0.184284 0.644226 0.423538 -0.182153 0.123109 0.022815 0.150331 -0.227585 -0.132259 -0.170610 -0.104273 -0.270188 -0.343807 1.000000 0.470660 0.275194 0.305892 0.151321 0.341569 -0.121060 0.216951 0.064480 -0.277067 -0.176856 -0.312198 0.225946 -0.284022 -0.281059 -0.241044 -0.088802 -0.118217 -0.391589 -0.319555 -0.160640 -0.201077 -0.227362 -0.266136 -0.242531 -0.201232 -0.321748 -0.360809 0.265995 -0.201832 -0.066048 -0.289283 0.331863 0.192242 0.409265 0.304300 0.115178 0.133312 -0.253796 -0.190412 -0.107981 -0.122554 0.269643 0.032614 0.808290 0.353462 0.502155 0.147468 0.305475 0.109579 0.672754 0.282257 0.633051 0.453449 0.040091 0.014416 -0.087938 0.036506 -0.006952 -0.158342 -0.257186 -0.005398 -0.213008 -0.187148 -0.021877 -0.116564 -0.133438 0.022721 -0.537780 -0.173831 -0.349188 -0.020736 -0.064998 -0.061853 -0.236319 0.080075 -0.150937 -0.293866 0.218967 -0.078248 -0.217707 0.082575 -0.070960 -0.285088 -0.044481 0.000094 -0.175821 -0.032480
-0.135910 0.149344 -0.590366 -0.322510 0.107961 -0.412981 -0.517284 -0.205717 0.023845 0.262780 0.247242 0.278151 0.328218 0.419144 0.040448 -0.053428 0.424301 0.585185 -0.271660 0.218330 0.000555 0.136423 -0.413482 -0.369400 0.123321 -0.160074 -0.226868 -0.377203 0.470660 1.000000 -0.057580 0.048923 0.166942 0.225319 -0.145880 0.173115 0.270261 0.243549 0.124647 0.104429 0.175741 0.047003 -0.073679 -0.024662 -0.002303 -0.088712 -0.246119 -0.245406 0.003229 0.007272 -0.228283 -0.091640 -0.195691 -0.308597 -0.202428 -0.028001 0.072552 0.003671 -0.190700 -0.041725 0.014102 0.180683 0.236456 0.317185 -0.310397 0.050551 0.019065 -0.063847 -0.040127 -0.062712 0.211067 0.375414 0.477616 0.682787 0.269413 0.337169 0.224465 0.300138 0.327649 0.401202 0.464993 0.489643 -0.119205 0.210600 -0.234032 0.116170 -0.289650 -0.231495 -0.321070 -0.167731 -0.214550 -0.328313 -0.155633 -0.153552 0.063748 0.427974 -0.159440 0.121842 -0.276096 -0.009612 -0.033602 0.003240 -0.027935 0.045053 0.175761 -0.135747 0.177214 -0.039230 -0.014498 0.328537 0.076093 -0.224064 -0.039081 0.071363 -0.102114 0.113052
-0.209137 -0.250617 0.112015 0.192097 -0.196072 -0.048535 0.281436 0.101130 -0.150979 -0.135878 0.128421 0.204694 0.168384 0.090748 -0.041839 0.171890 0.172217 0.036836 -0.064011 -0.128538 0.213164 0.335144 0.393011 0.507881 0.238247 0.445642 -0.046873 0.149365 0.275194 -0.057580 1.000000 0.757878 0.022711 0.252742 0.265372 0.170634 -0.269052 -0.319066 -0.298139 -0.166840 0.119041 -0.210217 -0.280045 -0.181572 -0.001170 0.070860 -0.318367 -0.261255 -0.089342 -0.084459 -0.037997 -0.028052 -0.248217 0.046684 -0.258276 -0.312058 0.046887 -0.269697 -0.364112 -0.275859 -0.017035 -0.067255 0.033916 0.069746 0.340245 0.189753 -0.391998 -0.073777 -0.160235 -0.260985 0.219618 0.156427 0.204933 0.080551 0.123804 -0.041939 0.091313 -0.068053 0.206663 -0.048007 0.075520 -0.001992 0.188633 -0.109086 0.181954 0.207292 0.273573 0.133618 -0.253664 -0.017369 -0.308439 -0.173455 -0.068629 -0.268766 -0.182192 -0.182239 -0.149934 -0.284718 -0.183159 -0.117598 -0.185863 -0.300959 -0.329241 -0.242691 -0.352567 -0.341653 -0.222099 -0.122544 -0.101775 -0.149312 0.017992 -0.187657 -0.078221 -0.026189 -0.213977 -0.262100
-0.197613 -0.273248 0.048769 0.143588 -0.193929 -0.037276 0.373137 0.230266 -0.099732 0.044046 0.039236 0.315032 0.291935 0.276640 -0.048167 0.195407 0.146395 0.084633 -0.191809 -0.044499 0.111943 0.352234 0.195814 0.426869 -0.013637 0.442234 -0.086671 0.027592 0.305892 0.048923 0.757878 1.000000 0.067532 0.456863 0.174959 0.270803 -0.184146 -0.384896 -0.277866 -0.125273 0.211965 -0.243031 -0.448562 -0.263285 -0.049927 0.115940 -0.506958 -0.272550 -0.067222 -0.052491 -0.261293 -0.003254 -0.517537 -0.007814 -0.415299 -0.396156 -0.004378 -0.323806 -0.315268 -0.250667 0.047242 -0.115974 -0.077759 -0.040952 0.305691 0.223943 -0.348538 0.075160 -0.088635 -0.208111 0.285390 0.302161 0.214827 0.145836 0.023796 -0.090198 0.122536 -0.060501 0.290378 -0.059609 0.208880 0.083806 0.140581 0.131651 0.029264 0.289549 0.097041 0.232075 -0.266403 -0.058879 -0.413361 -0.202896 -0.300506 -0.405051 -0.073879 -0.026234 -0.094995 -0.153513 -0.400650 -0.174647 -0.359361 -0.330442 -0.460066 -0.134834 -0.309723 -0.401681 -0.309045 -0.152722 0.058421 0.010069 0.105950 -0.210401 -0.293086 -0.008388 -0.227616 -0.124268
0.223323 0.246595 -0.181375 -0.309456 -0.088293 -0.400856 0.027345 -0.048953 -0.139244 -0.186746 0.091934 0.132017 0.107625 0.220690 -0.214866 -0.291986 0.313875 0.237744 0.060219 0.318290 -0.402661 -0.323155 -0.195286 -0.242457 -0.092316 -0.369215 -0.396617 -0.409362 0.151321 0.166942 0.022711 0.067532 1.000000 0.663165 -0.006414 -0.244736 -0.033801 -0.089667 -0.041383 -0.016200 0.100647 0.143399 -0.041863 -0.041731 -0.098223 -0.274424 -0.115048 -0.118893 -0.184021 -0.135230 -0.336388 -0.227815 -0.109466 0.022009 0.111421 0.082888 0.263478 0.105037 0.275738 0.126180 0.415152 0.420840 0.602561 0.499285 -0.132285 -0.102691 0.362213 -0.201419 0.266684 -0.093253 -0.311076 -0.269424 0.300911 -0.127133 0.246195 -0.273866 0.030142 -0.233941 0.210311 0.028616 0.239118 0.046128 -0.206279 -0.178023 -0.296045 -0.096764 -0.062189 -0.002727 -0.062139 -0.008486 -0.270404 -0.165592 -0.163538 -0.158437 0.259782 -0.032702 0.252401 -0.003975 -0.003203 0.321841 -0.134996 0.106383 -0.051675 0.078514 -0.088947 -0.034460 -0.033578 0.270928 0.093398 -0.077149 0.079600 0.160939 0.068084 0.245361 -0.045624 0.198853
-0.083334 0.117650 -0.285062 -0.207014 -0.068277 -0.330019 0.143227 0.171812 -0.063804 0.101001 0.149650 0.337541 0.412958 0.447791 -0.279348 -0.247007 0.374171 0.180923 -0.270346 0.393897 -0.274860 -0.160360 -0.274934 -0.153997 -0.131515 -0.201478 -0.439717 -0.472494 0.341569 0.225319 0.252742 0.456863 0.663165 1.000000 -0.021475 0.265698 -0.219102 -0.302841 -0.146138 -0.050712 0.084297 -0.015137 -0.463078 -0.181997 -0.068636 0.047231 -0.592704 -0.146045 -0.205808 0.037904 -0.606604 -0.215859 -0.595440 -0.261908 -0.280421 -0.223073 0.049197 -0.088025 0.104417 0.246389 0.218294 0.319472 0.360591 0.334129 -0.048877 0.195323 0.039844 0.304642 0.049640 0.072735 0.071755 0.108674 0.377476 0.118721 0.181526 -0.232372 0.057364 -0.012204 0.275071 -0.053516 0.313309 0.079917 -0.195700 -0.010436 -0.466551 -0.086251 -0.038090 0.140018 -0.273746 -0.047756 -0.461387 -0.241824 -0.366872 -0.396129 0.179115 0.116283 0.064449 -0.008465 -0.362383 0.000430 -0.398038 -0.221636 -0.331360 0.130648 -0.203793 -0.190874 -0.095665 0.226733 0.127644 -0.004252 0.283399 -0.216508 -0.219431 0.090068 -0.115826 0.187532
-0.137377 -0.337815 0.227130 0.193836 -0.127064 0.175953 0.134512 -0.053211 -0.153586 -0.041005 -0.195082 -0.109231 -0.258489 -0.218073 -0.141260 0.092352 -0.037529 -0.093985 -0.012716 -0.200183 -0.129677 0.009143 0.348348 0.172364 0.057305 0.237759 0.020887 0.227996 -0.121060 -0.145880 0.265372 0.174959 -0.006414 -0.021475 1.000000 0.271964 -0.415551 -0.026990 -0.140261 0.085301 -0.372427 -0.086939 -0.012717 -0.091993 0.157752 0.146101 -0.079501 -0.225797 0.058959 -0.000201 0.082982 0.044681 -0.198962 0.222023 0.008367 0.046633 -0.104797 -0.291814 -0.349617 -0.261650 -0.173019 -0.288461 -0.006225 -0.263951 0.266948 -0.043476 0.027076 -0.011720 -0.082818 -0.202722 0.105917 0.043386 0.040564 -0.185976 -0.107318 -0.308561 0.068656 -0.027722 -0.073640 -0.079935 -0.095862 -0.194714 -0.049768 0.004447 0.383660 0.341376 0.037130 0.088689 -0.138773 0.284509 -0.284316 0.104342 -0.081975 -0.213843 0.305808 0.051918 0.305655 0.091975 -0.091540 0.066219 -0.344470 -0.117702 -0.343757 0.042490 -0.220799 0.175213 0.087516 0.147939 0.106954 0.164293 0.108987 0.154352 -0.117161 0.042539 0.004859 0.075843
-0.325085 -0.267024 -0.202360 0.015772 0.157831 0.040674 -0.015797 0.167458 0.122751 0.469087 0.021292 0.240129 0.251274 0.249280 -0.130889 -0.008919 0.142889 -0.080958 -0.353981 -0.088516 0.006503 0.095419 -0.164394 -0.088053 0.054789 0.068034 -0.086953 -0.169645 0.216951 0.173115 0.170634 0.270803 -0.244736 0.265698 0.271964 1.000000 -0.207300 -0.003459 -0.225604 -0.031156 -0.199965 -0.215858 -0.255614 -0.011377 0.193599 0.515486 -0.394500 -0.027076 0.055808 0.255906 -0.063175 0.112520 -0.456961 -0.321504 -0.377517 -0.188771 -0.256256 -0.395890 -0.225016 0.014382 -0.147206 -0.114399 -0.112490 -0.220278 0.096646 0.453977 -0.155412 0.558803 -0.336218 0.036753 0.281622 0.320618 0.107003 0.233686 -0.096804 0.093052 0.047640 0.219996 0.045278 -0.103831 0.041191 -0.102579 -0.173085 0.074145 -0.080605 0.101572 -0.082994 -0.010753 -0.365420 -0.068359 -0.266203 -0.095516 -0.129704 -0.229409 0.048585 0.246310 -0.150167 0.116761 -0.341628 -0.215418 -0.183642 -0.236018 -0.233595 0.207692 -0.067777 -0.086353 -0.011502 -0.073744 -0.088837 0.135995 0.432452 -0.334784 -0.204516 -0.056348 -0.008060 0.122104
