1.000000 0.609942 0.189443 0.159867 -0.250841 -0.053528 0.278926 0.069051 -0.331505 -0.397756 0.002927 0.013417 -0.195038 -0.248629 -0.317801 -0.239318 -0.195109 -0.129235 0.396578 0.313264 -0.424895 -0.390944 -0.040398 -0.097294 -0.294634 -0.209760 -0.056522 -0.045232 -0.183128 -0.296746 -0.365533 -0.339534 0.294947 0.129979 0.169539 0.055501 -0.159866 -0.052812 -0.324449 -0.163383 -0.244623 -0.147277 0.057254 0.133915 -0.027114 -0.016402 0.111575 0.089818 0.051393 0.132204 0.163762 0.301495 0.377191 0.230480 -0.001063 0.012496 0.448660 0.280249 0.156899 0.119459 0.224445 0.213389 -0.255299 0.032099 -0.133488 0.187131 0.322261 0.065598 0.307696 -0.004123 -0.169149 -0.222124 -0.197878 -0.310689 -0.152746 -0.137618 0.298078 0.058387 -0.249025 -0.120798 -0.371086 -0.199645 -0.175614 -0.031811 -0.145377 0.088987 -0.203289 -0.219926 0.071066 0.108021 0.093238 -0.004528 0.090461 0.066220 -0.068838 -0.197067 -0.143481 -0.008360 0.278965 0.183750 -0.073663 -0.039366 0.004668 0.006528 0.109256 -0.124853 -0.070801 0.127439 -0.199205 -0.176479 0.004319 0.066505 0.305171 -0.196331 -0.131794 0.036892
0.609942 1.000000 -0.013780 0.074800 0.001923 -0.086273 0.034698 0.052119 -0.153762 -0.153904 0.165050 0.210370 0.022897 0.067992 -0.157793 -0.115568 0.036733 0.044133 0.239533 0.220532 -0.231806 -0.146571 0.001671 -0.065687 -0.075868 -0.147392 -0.086517 -0.057107 0.015633 -0.073615 -0.009181 0.022312 0.283243 0.150229 -0.138454 -0.184492 -0.192352 -0.063328 -0.193414 -0.178710 -0.058351 0.010038 0.062307 0.155434 0.041727 0.056551 0.104313 -0.088136 -0.116001 0.143593 0.011503 0.176279 0.285980 0.116388 0.010316 0.051214 0.414843 0.510515 -0.090998 -0.090399 -0.091265 0.223910 -0.018402 0.204506 -0.188088 -0.007457 -0.141986 -0.297393 0.118731 -0.127228 -0.038566 0.030107 -0.039883 -0.007418 0.008557 0.042048 0.128604 0.022802 0.047218 0.039081 0.045102 0.049458 -0.110823 -0.049546 -0.031978 0.004783 -0.182703 -0.129456 -0.114392 0.004010 -0.115782 -0.244568 -0.174290 -0.130874 -0.111173 -0.145315 -0.001430 -0.013644 0.191555 0.219590 -0.005530 -0.035048 -0.146495 -0.098757 -0.090499 -0.296107 -0.152350 -0.117745 -0.134778 -0.140125 -0.070339 0.063546 0.303958 -0.035178 -0.026430 0.057435
0.189443 -0.013780 1.000000 0.698677 0.354997 0.049141 0.773687 0.748008 -0.542903 -0.150967 -0.464558 -0.162163 -0.310942 -0.716739 -0.701370 -0.478832 -0.642732 -0.074944 0.040808 -0.123619 -0.182800 -0.377250 0.434946 -0.130264 -0.431998 -0.517077 0.136868 -0.117446 -0.597664 -0.605061 -0.553983 -0.366240 -0.141647 -0.179027 -0.133660 -0.034714 -0.082754 -0.012690 -0.044775 0.013653 -0.296031 -0.171378 -0.208925 -0.259476 -0.251341 -0.166694 -0.161027 -0.100589 0.310363 -0.045605 0.381037 0.136689 0.165098 0.021664 0.206460 0.092090 -0.164129 0.041537 0.423070 0.299536 0.120611 -0.119239 -0.555653 -0.056140 -0.001801 0.023736 0.497628 0.301110 0.241974 0.059488 -0.069641 -0.573324 -0.438527 -0.454443 -0.335567 -0.340090 -0.316551 -0.158930 -0.543182 -0.245139 -0.499883 -0.381499 -0.383524 -0.296784 -0.147945 0.009928 -0.162768 -0.135190 0.381312 0.380204 0.360145 0.450896 0.520959 0.410452 -0.072448 -0.273883 -0.168895 -0.142950 0.033663 -0.138955 -0.008398 0.120258 0.267534 0.267346 0.298211 0.284330 0.246660 0.224699 -0.031472 0.005156 -0.128580 -0.106270 0.025233 -0.093628 -0.037122 -0.030885
0.159867 0.074800 0.698677 1.000000 0.268172 0.282376 0.513399 0.707731 -0.463388 -0.152039 -0.359366 -0.108216 -0.298813 -0.570016 -0.586253 -0.446371 -0.443896 0.059824 0.141483 -0.179246 -0.116485 -0.178792 0.393202 0.073138 -0.297570 -0.272698 0.341028 0.202674 -0.578254 -0.595281 -0.468701 -0.289439 -0.193959 -0.163179 -0.091220 -0.061342 -0.107221 0.036606 -0.061209 0.016094 -0.408979 -0.149409 -0.126512 -0.109600 -0.206302 -0.065900 -0.140447 -0.075465 0.132725 0.095221 0.408443 0.273216 0.223288 0.112793 0.141491 0.071917 0.065047 0.148777 0.221767 0.067570 -0.143458 -0.178022 -0.529383 -0.059870 0.058289 0.287510 0.274977 0.167370 0.244693 -0.118543 -0.195001 -0.467898 -0.512794 -0.394101 -0.332595 -0.230154 -0.206870 -0.122580 -0.402474 -0.074873 -0.391535 -0.219137 -0.371608 -0.302137 0.080913 0.275719 -0.098907 -0.041840 0.414523 0.289808 0.256519 0.250037 0.440033 0.271853 -0.077041 -0.243840 -0.094761 -0.112610 0.072642 0.015178 -0.129437 0.060329 0.238461 0.161276 0.150263 0.048135 0.042868 0.039214 -0.054601 -0.051457 -0.094801 -0.104867 0.092389 -0.051900 -0.098553 -0.172221
-0.250841 0.001923 0.354997 0.268172 1.000000 0.247744 0.160888 0.361485 0.076783 0.444941 -0.218584 -0.252683 0.204657 -0.010624 0.016994 0.170357 -0.171894 -0.015898 -0.227783 -0.294014 0.186215 0.074069 0.307568 -0.186972 0.220562 -0.249082 0.266382 0.131205 -0.215659 -0.196149 0.089538 -0.032662 -0.331928 -0.321068 -0.154812 -0.192434 -0.009233 -0.233787 0.025494 -0.090750 -0.210194 -0.067103 -0.129676 -0.238507 -0.094935 -0.046540 -0.091635 -0.238747 0.175002 0.029927 0.030647 0.117855 0.080485 0.079037 0.151076 0.119412 -0.034016 -0.078960 0.183690 0.072237 -0.091664 -0.137638 -0.160826 -0.216440 0.025698 -0.161933 -0.034782 -0.145752 -0.046275 -0.217814 0.086868 -0.051905 -0.189316 -0.073549 -0.219151 -0.187559 -0.489274 -0.307034 -0.045324 -0.168183 0.158479 0.106820 -0.224617 -0.232679 0.090725 -0.007665 -0.207620 -0.020572 0.166544 0.167854 0.179962 0.173555 0.134013 0.107658 -0.226699 -0.311428 -0.203504 -0.267122 -0.024839 0.066398 0.026069 0.132156 0.121890 0.221096 0.064599 0.093390 0.059597 0.001931 -0.048714 -0.194642 -0.377108 -0.012313 0.012011 0.099642 0.026102 -0.072688
-0.053528 -0.086273 0.049141 0.282376 0.247744 1.000000 0.002547 0.194910 0.106640 -0.057132 -0.215689 -0.260643 -0.089126 0.007691 0.017411 0.132884 -0.125100 -0.189263 -0.010803 0.007063 0.200350 0.091891 -0.289690 -0.177402 -0.018769 -0.093628 0.312377 0.327757 -0.162551 -0.099788 -0.213293 -0.345396 -0.177811 -0.214130 0.143970 0.111154 -0.010217 -0.158809 -0.074213 -0.225315 -0.315636 0.023909 -0.127200 -0.096475 -0.029871 -0.018498 -0.150354 -0.010642 0.121869 0.026808 -0.077203 0.052531 0.153392 0.039002 0.051732 0.013806 -0.014129 -0.130206 0.328052 0.222507 -0.053635 -0.125269 -0.132180 -0.252280 -0.211445 -0.047969 0.198983 0.165370 0.187720 0.053897 -0.096811 -0.045519 -0.250687 0.063791 -0.099508 0.063917 -0.006783 0.064715 -0.083510 -0.054423 -0.135358 -0.003435 -0.100268 -0.099365 -0.020760 0.132518 -0.048229 0.133820 0.239387 0.218100 0.290118 0.211843 0.161016 0.143988 -0.244844 -0.085808 -0.290108 -0.211929 -0.046236 -0.004667 -0.054157 -0.025197 0.444859 0.221008 0.149709 0.082719 -0.048896 0.092206 -0.027331 -0.110270 -0.230826 -0.097974 -0.107165 -0.016228 0.003529 -0.132119
0.278926 0.034698 0.773687 0.513399 0.160888 0.002547 1.000000 0.645940 -0.504170 -0.198657 -0.237579 -0.040258 -0.198447 -0.558547 -0.536019 -0.420375 -0.496238 -0.033995 0.064668 -0.021258 -0.259489 -0.449289 0.323716 0.029713 -0.406896 -0.475404 0.116450 -0.207430 -0.428788 -0.437915 -0.478386 -0.352056 -0.003981 0.036965 -0.046841 0.037108 -0.158542 0.047015 -0.158201 -0.099618 -0.299674 -0.239622 -0.210199 -0.184395 -0.194250 -0.103705 -0.109806 -0.089149 0.234521 0.096627 0.324352 0.152756 0.104275 -0.048171 0.043447 -0.041886 -0.228025 -0.000241 0.297864 0.258428 0.263730 0.124381 -0.413380 0.099763 0.137382 0.140695 0.400391 0.284164 0.077698 0.049946 -0.165532 -0.504947 -0.362566 -0.417610 -0.287177 -0.240966 -0.145987 -0.090604 -0.504076 -0.149431 -0.480282 -0.359998 -0.208197 -0.260542 -0.025238 0.020336 -0.097115 -0.188155 0.307966 0.244140 0.209459 0.301835 0.411296 0.371901 -0.102378 -0.173168 -0.203177 -0.084584 0.040140 -0.217829 0.007721 0.070608 0.250555 0.155896 0.228016 0.104211 0.182743 0.184873 -0.135353 0.006743 -0.149887 -0.145237 0.111313 -0.103709 -0.053470 -0.013605
0.069051 0.052119 0.748008 0.707731 0.361485 0.194910 0.645940 1.000000 -0.289005 0.105012 -0.364875 -0.198360 -0.115491 -0.444495 -0.418091 -0.278985 -0.540692 -0.172138 -0.160877 -0.224327 -0.242140 -0.396556 0.321577 0.028920 -0.343491 -0.446379 0.137970 -0.134859 -0.582164 -0.595115 -0.420896 -0.296990 -0.115061 -0.132304 -0.100662 0.067385 -0.100384 -0.203039 -0.235178 -0.131591 -0.429119 -0.256526 -0.234341 -0.247409 -0.153128 -0.064796 -0.218327 -0.065482 0.399534 0.135620 0.381869 0.251877 0.273055 -0.033891 0.042691 -0.012354 -0.155649 -0.081349 0.476738 0.391216 0.122595 0.111016 -0.341964 0.049860 -0.021821 0.108724 0.360749 0.344537 -0.016603 -0.063135 -0.147576 -0.457703 -0.516759 -0.398697 -0.433072 -0.330251 -0.370732 -0.219516 -0.492479 -0.308311 -0.484233 -0.384416 -0.364682 -0.393223 -0.109516 0.025501 -0.250646 -0.090638 0.344871 0.343778 0.294111 0.368025 0.422476 0.324129 -0.134746 -0.333409 -0.296181 -0.224348 0.018956 -0.173687 -0.020324 0.181905 0.346392 0.259817 0.307465 0.167674 0.135210 0.182971 -0.113230 -0.045833 -0.224959 -0.247759 0.033202 -0.088526 -0.058657 -0.120619
-0.331505 -0.153762 -0.542903 -0.463388 0.076783 0.106640 -0.504170 -0.289005 1.000000 0.606079 0.145941 -0.220029 0.516538 0.661234 0.772709 0.666687 0.367286 -0.141734 -0.265168 -0.088795 0.144325 0.211399 -0.340183 0.020255 0.503773 0.503993 -0.228809 -0.058204 0.275590 0.377632 0.589462 0.280490 -0.031188 0.003220 -0.043169 0.089189 -0.015110 -0.281719 -0.069213 -0.140024 0.046820 0.013305 0.075624 0.113497 0.200453 0.093278 0.066578 0.127765 0.010766 -0.019757 -0.279015 -0.207465 -0.038778 -0.070636 -0.205268 -0.099948 -0.003871 -0.300424 0.002077 0.005395 -0.012634 0.076204 0.357092 -0.139634 -0.202326 -0.208546 -0.304632 -0.030516 -0.241922 -0.068806 0.062189 0.401279 0.173776 0.282218 0.027512 0.060615 -0.105167 -0.124959 0.360875 -0.064488 0.294558 0.257212 0.188587 0.066977 -0.063345 -0.135630 0.110678 0.166579 -0.338453 -0.181094 -0.125088 -0.138331 -0.318824 -0.142162 -0.048673 -0.050600 -0.051415 -0.233990 -0.103910 -0.058812 0.186509 -0.112882 -0.120372 -0.045781 -0.149584 -0.052619 -0.178173 -0.167200 -0.019886 -0.016405 -0.043568 0.014430 -0.209393 0.186935 -0.054273 -0.142322
-0.397756 -0.153904 -0.150967 -0.152039 0.444941 -0.057132 -0.198657 0.105012 0.606079 1.000000 0.014253 -0.181496 0.493236 0.475147 0.503634 0.604052 0.176209 -0.012643 -0.348141 -0.272571 0.287538 0.301845 0.074182 0.119569 0.438504 0.300791 0.118082 -0.031429 0.035420 0.103757 0.564162 0.353427 -0.341853 -0.218777 -0.192004 -0.066656 -0.125305 -0.296948 -0.031138 0.054120 -0.019282 -0.143759 -0.049154 -0.173798 0.068985 -0.009481 -0.074160 -0.153464 0.141604 0.000473 0.082399 -0.023225 0.030951 -0.062595 -0.088102 -0.096344 -0.060207 -0.264021 0.043672 0.002152 -0.168913 0.049302 0.164826 -0.104933 0.034358 -0.119726 -0.290917 -0.098025 -0.403687 -0.193723 0.200578 0.274555 0.056185 0.029868 -0.142410 -0.184798 -0.515738 -0.416895 0.189040 -0.152025 0.367388 0.113814 -0.058336 -0.143105 0.151136 -0.098914 0.011527 0.095277 -0.142090 -0.091945 -0.107790 -0.053465 -0.142695 -0.117435 0.048650 -0.105253 -0.079874 -0.075471 -0.175578 -0.050355 0.065576 0.042482 -0.130006 -0.072522 -0.197377 -0.049611 -0.035278 -0.191965 0.117071 0.036826 -0.116523 -0.158260 -0.086614 0.091363 -0.062821 -0.121399
0.002927 0.165050 -0.464558 -0.359366 -0.218584 -0.215689 -0.237579 -0.364875 0.145941 0.014253 1.000000 0.259190 0.590232 0.457242 0.343073 0.246095 0.677211 0.197492 0.094708 -0.045922 -0.076182 0.237654 0.181876 0.266761 0.355756 0.286515 -0.232333 0.089870 0.632214 0.407494 0.509316 0.616882 0.283475 0.461885 0.165593 0.034743 0.034212 -0.028724 -0.089853 -0.138666 0.245856 0.051513 0.007979 0.165880 0.135183 0.199241 -0.030830 -0.212013 -0.228745 0.055591 -0.162226 -0.186751 -0.229041 -0.202979 -0.268572 -0.213777 0.148873 0.083103 -0.505549 -0.457989 0.054242 0.223700 0.480713 0.406003 0.384767 0.314150 -0.447879 -0.318022 -0.247363 -0.250651 0.032691 0.282652 0.406092 0.310714 0.400166 0.223244 0.164843 -0.217671 0.301851 0.229549 0.444606 0.359113 0.116041 0.025944 0.306587 0.047629 -0.053206 -0.113495 -0.367350 -0.510473 -0.458830 -0.549434 -0.558271 -0.462334 -0.009619 -0.014210 0.115092 -0.082970 -0.076968 -0.146642 -0.098585 -0.281730 -0.412312 -0.434141 -0.405039 -0.504156 -0.461088 -0.505534 -0.085381 -0.219924 -0.068593 -0.073790 0.054010 0.118584 -0.200267 -0.228155
0.013417 0.210370 -0.162163 -0.108216 -0.252683 -0.260643 -0.040258 -0.198360 -0.220029 -0.181496 0.259190 1.000000 0.007945 0.185170 -0.059994 -0.128153 0.311030 0.620264 0.157616 0.020807 0.160830 0.171456 -0.076193 0.124260 -0.099202 0.118846 0.059214 -0.143017 0.536312 0.511242 0.142427 0.360393 0.272826 0.277298 -0.271428 -0.397103 -0.116655 0.165760 0.110893 0.028761 0.418570 0.063111 -0.028914 0.041288 0.038024 0.041310 -0.026434 -0.342973 -0.325047 -0.017389 0.016524 -0.103515 -0.209938 -0.073299 -0.108664 -0.138072 0.091026 0.174016 -0.512279 -0.413157 -0.053607 0.210940 0.238775 0.558885 0.235466 0.205379 -0.299452 -0.410991 -0.256041 -0.157643 -0.007510 0.048338 0.449310 0.374276 0.476190 0.473784 0.285781 0.091542 0.436707 0.642126 0.378238 0.422430 0.155094 0.242279 0.229498 0.091628 -0.035733 -0.199202 -0.188817 -0.235812 -0.406743 -0.384807 -0.270755 -0.244897 0.025713 0.240628 0.145140 0.200266 -0.223199 0.080015 0.021268 0.097093 -0.321118 -0.355298 -0.387448 -0.398389 -0.124961 -0.351624 0.037351 0.061775 0.011318 -0.118881 0.113049 0.103493 0.071102 0.070713
-0.195038 0.022897 -0.310942 -0.298813 0.204657 -0.089126 -0.198447 -0.115491 0.516538 0.493236 0.590232 0.007945 1.000000 0.584591 0.501503 0.464197 0.546439 0.161038 -0.228142 -0.389622 -0.118066 0.163083 0.204761 0.148810 0.407620 0.235317 -0.291363 -0.078991 0.452026 0.301044 0.629356 0.576788 0.132165 0.220025 0.100102 -0.063110 0.133687 -0.204670 0.040976 -0.083134 0.095465 0.067397 -0.046250 0.001006 0.156761 -0.000848 0.012197 -0.148122 -0.004881 -0.031715 -0.140021 -0.170961 -0.057958 -0.100705 -0.037925 -0.016535 0.105938 -0.227713 -0.286635 -0.347563 0.101598 0.168428 0.515327 0.192817 0.152712 0.086015 -0.334003 -0.379427 -0.412205 -0.472356 -0.031638 0.262328 0.275018 0.198852 0.061704 0.021440 -0.093798 -0.432099 0.311799 0.018993 0.496032 0.389956 -0.032869 -0.149535 0.038304 -0.067923 -0.163425 0.085802 -0.356238 -0.271685 -0.393802 -0.382812 -0.535119 -0.371547 -0.080766 -0.214890 0.126102 -0.229776 0.001346 -0.105330 -0.058384 -0.088959 -0.267613 -0.195766 -0.193509 -0.306800 -0.384469 -0.382637 -0.139877 -0.265159 -0.180150 -0.041451 0.048384 0.235265 -0.054088 -0.247959
-0.248629 0.067992 -0.716739 -0.570016 -0.010624 0.007691 -0.558547 -0.444495 0.661234 0.475147 0.457242 0.185170 0.584591 1.000000 0.714760 0.719248 0.597264 0.075922 -0.077343 -0.055545 0.276845 0.411682 -0.313603 0.016335 0.565932 0.448789 -0.085305 0.107472 0.526781 0.604991 0.708271 0.509832 0.020993 0.100587 -0.071688 -0.138403 -0.023062 -0.156156 -0.023557 -0.033181 0.182876 0.125981 0.121502 0.097665 0.171984 0.095967 0.030506 -0.148969 -0.065918 0.015630 -0.251714 -0.152502 -0.024051 -0.083518 -0.198934 -0.109021 0.117730 -0.143300 -0.270146 -0.229822 -0.095252 0.158728 0.507386 0.063726 -0.092311 -0.048612 -0.520212 -0.394014 -0.369577 -0.269272 0.121638 0.606678 0.359293 0.506302 0.259252 0.299829 0.039611 -0.097010 0.553737 0.178502 0.577923 0.434855 0.197317 0.163857 0.122485 -0.028875 0.005580 0.132613 -0.345151 -0.278970 -0.356221 -0.442482 -0.501906 -0.346151 -0.009864 0.099469 0.037445 -0.030351 -0.119949 0.063022 0.111172 -0.073841 -0.302760 -0.291921 -0.400415 -0.384152 -0.310467 -0.426013 0.067053 -0.129502 -0.114932 -0.053879 -0.061330 0.151930 -0.078532 -0.083145
-0.317801 -0.157793 -0.701370 -0.586253 0.016994 0.017411 -0.536019 -0.418091 0.772709 0.503634 0.343073 -0.059994 0.501503 0.714760 1.000000 0.751573 0.468781 -0.016143 -0.131517 0.007320 0.186389 0.252984 -0.225670 0.140808 0.553711 0.446287 -0.116045 -0.026366 0.538295 0.567941 0.600033 0.334781 0.001699 0.079436 0.040934 0.087805 0.092906 -0.236342 -0.119418 -0.243529 0.212957 0.052043 0.027094 0.054916 0.179418 0.193791 -0.039436 -0.068194 -0.049837 0.062936 -0.290398 -0.107912 -0.039076 -0.044540 -0.281715 -0.202322 0.009859 -0.265929 -0.147773 -0.098656 -0.030226 0.111419 0.451207 -0.084033 -0.004584 -0.161038 -0.411162 -0.167287 -0.373692 -0.121063 0.110062 0.451303 0.350972 0.367027 0.175206 0.173338 0.024137 -0.052514 0.474168 0.093561 0.469771 0.401104 0.484559 0.276762 0.242699 -0.015143 0.115361 0.115275 -0.219886 -0.263687 -0.268942 -0.271947 -0.404240 -0.218746 -0.138622 -0.053113 -0.215112 -0.272040 -0.179588 -0.096734 0.040550 -0.112854 -0.173699 -0.227980 -0.275904 -0.245731 -0.255460 -0.275517 -0.169148 -0.112828 -0.201538 -0.076220 -0.159312 0.065328 -0.077938 -0.184521
-0.239318 -0.115568 -0.478832 -0.446371 0.170357 0.132884 -0.420375 -0.278985 0.666687 0.604052 0.246095 -0.128153 0.464197 0.719248 0.751573 1.000000 0.337379 -0.083458 -0.055132 -0.051294 0.287681 0.354404 -0.171899 -0.011666 0.522592 0.287672 -0.007944 0.122973 0.358254 0.492305 0.537574 0.285204 -0.137272 -0.115186 0.006497 -0.057263 -0.006232 -0.294693 -0.120140 -0.141610 0.101468 0.053057 0.088742 -0.000778 0.078409 0.050565 -0.011757 -0.168037 0.122220 -0.001347 -0.069017 -0.102739 0.118472 -0.033584 -0.219329 -0.121246 0.084537 -0.239197 -0.027139 -0.055120 0.022055 0.101671 0.270735 -0.153064 -0.100782 -0.127019 -0.326881 -0.219460 -0.338222 -0.201279 0.234939 0.511113 0.307608 0.374501 0.162596 0.097963 -0.139487 -0.154511 0.338751 -0.049138 0.393288 0.303806 0.267001 0.237333 0.158468 0.041460 0.116283 0.130987 -0.092486 -0.144540 -0.205750 -0.219104 -0.291144 -0.214424 -0.161081 -0.101095 -0.235235 -0.188505 -0.210570 -0.077361 -0.003410 -0.095645 -0.148168 -0.212751 -0.334486 -0.271285 -0.197842 -0.310403 -0.044460 -0.168968 -0.284095 -0.174816 -0.101623 0.048775 -0.147871 -0.167946
-0.195109 0.036733 -0.642732 -0.443896 -0.171894 -0.125100 -0.496238 -0.540692 0.367286 0.176209 0.677211 0.311030 0.546439 0.597264 0.468781 0.337379 1.000000 0.475493 0.076570 -0.011072 0.159141 0.419516 -0.039779 0.219880 0.511838 0.446228 -0.066796 0.134813 0.769337 0.628357 0.610758 0.627588 0.281443 0.403656 -0.000591 -0.165494 0.004807 -0.037353 -0.021139 -0.081731 0.304476 0.223454 0.103345 0.193307 0.231316 0.180759 0.005458 -0.169801 -0.324133 0.015051 -0.173392 -0.247884 -0.336020 -0.132175 -0.340743 -0.205069 0.263384 0.112072 -0.583513 -0.564636 -0.068764 0.123911 0.598980 0.379934 0.315279 0.157087 -0.569592 -0.440526 -0.388331 -0.352140 -0.021110 0.353918 0.559908 0.449319 0.429238 0.396625 0.292969 -0.100309 0.700532 0.477842 0.716780 0.617777 0.181954 0.199769 0.291662 -0.005027 -0.041738 -0.041285 -0.529358 -0.588717 -0.546003 -0.609261 -0.632170 -0.524021 0.004832 0.113356 0.144570 0.027459 -0.139011 0.061938 -0.134431 -0.205952 -0.430069 -0.489500 -0.505928 -0.417158 -0.492036 -0.543468 -0.020697 -0.112920 -0.010724 0.059076 -0.020434 0.230531 -0.136613 -0.289169
-0.129235 0.044133 -0.074944 0.059824 -0.015898 -0.189263 -0.033995 -0.172138 -0.141734 -0.012643 0.197492 0.620264 0.161038 0.075922 -0.016143 -0.083458 0.475493 1.000000 0.144370 -0.092761 0.181566 0.242871 0.114088 0.131563 0.103538 0.146038 0.210686 -0.004118 0.510490 0.519194 0.149262 0.317652 0.138569 0.134846 -0.295033 -0.506712 -0.108125 0.157206 0.090334 0.044560 0.329053 0.136954 0.030793 0.010265 0.082977 0.114127 -0.141335 -0.414131 -0.180824 -0.012666 0.142372 -0.080100 -0.274384 -0.212435 -0.136751 -0.225615 0.102084 0.197772 -0.501839 -0.500161 -0.106469 0.068068 0.247804 0.571555 0.377479 0.305596 -0.297107 -0.469130 -0.318219 -0.389005 -0.066781 -0.062796 0.467899 0.291403 0.329223 0.340327 0.192474 -0.045393 0.559892 0.777576 0.544293 0.615224 0.063520 0.188414 0.401075 0.191884 -0.055032 -0.177413 -0.202073 -0.323442 -0.425654 -0.442902 -0.289736 -0.265569 0.057442 0.139753 0.136047 0.077498 -0.205328 -0.006564 -0.110560 0.029751 -0.334766 -0.474097 -0.385760 -0.359726 -0.184961 -0.389902 0.008195 0.078482 -0.118889 -0.108227 0.071399 0.142589 -0.051371 -0.183537
0.396578 0.239533 0.040808 0.141483 -0.227783 -0.010803 0.064668 -0.160877 -0.265168 -0.348141 0.094708 0.157616 -0.228142 -0.077343 -0.131517 -0.055132 0.076570 0.144370 1.000000 0.473784 -0.068142 -0.078628 0.080935 0.081988 -0.122738 -0.089453 0.128933 0.166950 0.108012 0.063423 -0.149094 -0.053253 0.198905 0.064259 -0.011027 -0.159508 -0.116228 0.015353 -0.220801 -0.183847 -0.028688 0.089459 0.069741 0.154918 -0.025568 0.042601 0.047308 -0.107111 -0.105634 0.201736 0.245955 0.236087 0.251038 0.239098 -0.190375 -0.055153 0.208622 0.159774 -0.209860 -0.205691 -0.096910 -0.112561 -0.177010 0.011784 -0.016521 0.078499 0.085910 -0.213560 0.336600 -0.026793 -0.095185 -0.119222 0.035975 0.007019 0.119977 0.079787 0.298105 0.144631 0.028344 0.127423 0.003676 0.124022 0.154304 0.205317 0.200990 0.320659 -0.090079 -0.069927 0.036745 -0.047671 -0.086083 -0.164296 0.082835 -0.083856 -0.164112 -0.074102 -0.136981 -0.027045 0.073304 0.038720 -0.247958 -0.102828 -0.188372 -0.223989 -0.128875 -0.264081 -0.316816 -0.164178 -0.174466 -0.123972 -0.094024 0.059308 0.190252 -0.238271 -0.302940 -0.268743
0.313264 0.220532 -0.123619 -0.179246 -0.294014 0.007063 -0.021258 -0.224327 -0.088795 -0.272571 -0.045922 0.020807 -0.389622 -0.055545 0.007320 -0.051294 -0.011072 -0.092761 0.473784 1.000000 -0.015343 -0.133833 -0.378366 0.124393 -0.136645 0.004441 0.062186 0.004831 0.072394 0.029770 -0.194088 -0.271375 0.061914 0.153159 -0.194331 0.148704 -0.200668 0.061504 -0.333074 -0.168594 0.012093 0.022537 -0.016994 0.015965 -0.065491 -0.034351 -0.056318 0.205723 -0.001276 0.019860 0.020616 0.096727 0.066330 0.067592 -0.354261 -0.332789 -0.126228 0.155833 -0.033838 0.146757 -0.097290 0.033711 -0.105950 -0.067893 -0.139654 -0.131957 -0.009137 0.272886 0.369346 0.618394 -0.200515 -0.119947 -0.087721 -0.163377 -0.077709 -0.026587 0.208392 0.346160 -0.009135 0.066770 -0.179821 -0.113561 0.159698 0.315236 0.087715 0.031572 -0.040977 -0.295807 0.025319 -0.070535 0.231977 -0.020145 0.040929 0.046846 0.032098 0.068886 -0.271883 0.100754 -0.059798 -0.107306 -0.011967 -0.110691 0.021277 -0.069124 0.006944 0.009417 -0.006091 0.216924 -0.094849 0.192402 0.213978 0.086909 -0.234201 -0.344838 -0.172268 -0.114325
-0.424895 -0.231806 -0.182800 -0.116485 0.186215 0.200350 -0.259489 -0.242140 0.144325 0.287538 -0.076182 0.160830 -0.118066 0.276845 0.186389 0.287681 0.159141 0.181566 -0.068142 -0.015343 1.000000 0.727212 -0.184533 -0.061978 0.339271 0.371048 0.503955 0.358682 0.177250 0.381856 0.361266 0.217364 -0.427393 -0.269182 -0.336397 -0.289147 -0.208525 0.029737 0.211515 0.271860 0.206734 0.039061 -0.046491 -0.241258 -0.114869 -0.002391 -0.145097 -0.362674 -0.193224 -0.166279 -0.067109 -0.241563 -0.274804 -0.114659 -0.034401 -0.107819 -0.065259 0.005689 -0.077972 -0.110148 -0.362425 -0.196590 -0.145898 -0.139187 -0.000196 -0.152457 -0.309541 -0.185936 -0.118538 0.016644 0.387561 0.320057 0.267154 0.323306 0.302234 0.249229 -0.341496 -0.094865 0.289083 0.348519 0.371587 0.279011 0.067647 0.196985 0.263618 0.000820 0.307630 0.026569 0.031312 -0.132856 -0.069506 -0.046492 -0.008312 -0.089083 0.285465 0.447084 0.000295 0.227418 -0.328702 0.071517 -0.011989 -0.073558 -0.175366 -0.152118 -0.366286 0.032397 0.197007 -0.109534 0.495715 0.247478 -0.053251 -0.049263 -0.244851 0.032465 0.028475 0.092177
-0.390944 -0.146571 -0.377250 -0.178792 0.074069 0.091891 -0.449289 -0.396556 0.211399 0.301845 0.237654 0.171456 0.163083 0.411682 0.252984 0.354404 0.419516 0.242871 -0.078628 -0.133833 0.727212 1.000000 -0.005487 0.109763 0.471854 0.514173 0.388474 0.545809 0.325749 0.426549 0.529813 0.452585 -0.294062 -0.120282 -0.175930 -0.231081 -0.081981 0.060260 0.258506 0.310551 0.310091 0.119133 -0.036219 -0.147733 -0.094560 -0.047215 -0.171481 -0.333642 -0.292777 -0.247776 -0.119123 -0.322333 -0.271139 -0.148943 -0.030387 -0.110929 0.114276 0.081761 -0.284848 -0.344985 -0.359878 -0.230109 0.085007 -0.051855 0.120599 -0.025757 -0.471522 -0.325918 -0.196391 -0.108560 0.278482 0.414986 0.311540 0.373378 0.281627 0.257845 -0.209334 -0.179823 0.425207 0.385708 0.573067 0.451826 0.076480 0.162759 0.348749 0.067108 0.272400 0.104605 -0.080944 -0.216054 -0.257999 -0.332300 -0.345858 -0.359706 0.262014 0.377782 0.158865 0.246444 -0.311072 0.147186 -0.115597 -0.235213 -0.344073 -0.303845 -0.425381 -0.155219 -0.023675 -0.274525 0.413204 0.131099 0.073713 -0.053002 -0.129965 0.080843 -0.051856 0.005222
-0.040398 0.001671 0.434946 0.393202 0.307568 -0.289690 0.323716 0.321577 -0.340183 0.074182 0.181876 -0.076193 0.204761 -0.313603 -0.225670 -0.171899 -0.039779 0.114088 0.080935 -0.378366 -0.184533 -0.005487 1.000000 0.323175 0.174272 -0.166741 0.048472 0.053008 -0.103299 -0.253365 0.053912 0.337141 0.011334 0.132624 0.060250 -0.039349 0.041024 -0.089873 -0.019735 -0.035336 -0.030443 -0.174555 -0.074945 -0.018717 -0.054390 0.126742 -0.073450 -0.242431 -0.047167 0.035370 0.301213 0.084712 -0.059336 0.027020 0.008244 0.075145 0.105316 0.075303 -0.171449 -0.317631 -0.020957 -0.136922 -0.191528 -0.000598 0.504559 0.204688 -0.099117 -0.135106 -0.139349 -0.359901 0.043062 -0.219135 -0.088485 -0.229719 -0.089160 -0.183454 -0.280866 -0.352688 -0.141336 -0.078253 0.071994 0.012801 -0.031757 -0.211376 0.266316 0.071120 -0.045548 -0.012787 0.147836 -0.103383 -0.150941 -0.039097 0.044165 -0.035749 -0.136492 -0.249456 -0.014290 -0.188595 -0.006399 -0.093642 -0.245156 -0.089414 -0.240251 -0.164602 -0.088636 -0.144567 -0.110478 -0.254084 -0.097019 -0.206307 -0.154717 -0.052589 0.176795 0.128945 -0.084669 -0.153318
-0.097294 -0.065687 -0.130264 0.073138 -0.186972 -0.177402 0.029713 0.028920 0.020255 0.119569 0.266761 0.124260 0.148810 0.016335 0.140808 -0.011666 0.219880 0.131563 0.081988 0.124393 -0.061978 0.109763 0.323175 1.000000 0.215985 0.361749 0.172672 0.142682 0.154806 -0.004242 0.200918 0.334785 0.044879 0.312780 -0.099586 0.161620 -0.131266 0.091820 -0.288761 -0.130135 0.044756 -0.206552 -0.045529 0.110468 0.095812 0.124644 -0.017277 0.106260 -0.069389 0.083471 0.254297 0.039773 -0.099042 -0.050300 -0.393327 -0.282049 -0.127529 -0.024951 -0.341075 -0.277236 -0.169109 0.010692 -0.022898 0.054527 0.399092 0.197227 -0.329754 0.149795 -0.280505 0.090036 -0.221052 -0.127633 -0.086694 -0.191460 -0.066237 -0.033318 -0.013269 -0.073132 0.148949 0.125848 0.133297 0.008633 0.197387 -0.043702 0.424417 0.066182 0.127728 -0.203604 -0.046000 -0.370050 -0.233020 -0.276774 -0.195923 -0.180404 -0.002043 0.058846 -0.030350 -0.017758 -0.111541 -0.107726 -0.094983 -0.298686 -0.207666 -0.291567 -0.187626 -0.297979 -0.197545 -0.159285 -0.079076 0.119799 0.240734 -0.044743 -0.080785 0.042257 -0.197910 -0.337450
-0.294634 -0.075868 -0.431998 -0.297570 0.220562 -0.018769 -0.406896 -0.343491 0.503773 0.438504 0.355756 -0.099202 0.407620 0.565932 0.553711 0.522592 0.511838 0.103538 -0.122738 -0.136645 0.339271 0.471854 0.174272 0.215985 1.000000 0.602487 0.177762 0.352501 0.306066 0.356761 0.622406 0.462235 -0.093037 0.160756 -0.075303 0.013561 -0.108424 -0.153933 -0.169447 -0.073432 0.043860 -0.042968 0.028856 0.073410 0.121884 0.243374 -0.053720 -0.121352 -0.098369 -0.011702 -0.033960 -0.172345 -0.184058 -0.122360 -0.336000 -0.183740 0.110320 -0.048410 -0.176706 -0.249863 -0.146875 0.002093 0.184857 -0.141096 0.256470 0.034368 -0.537736 -0.114177 -0.312568 -0.203446 0.005195 0.362274 0.131386 0.191869 0.052615 0.125488 -0.145960 -0.175016 0.482019 0.190443 0.500806 0.361238 0.095970 0.017601 0.372196 -0.044299 0.134262 -0.017048 -0.234899 -0.391632 -0.281426 -0.299363 -0.323444 -0.209806 -0.018442 0.056468 -0.087477 -0.137853 -0.157608 0.003717 0.085364 -0.264760 -0.356116 -0.275995 -0.426864 -0.308136 -0.268020 -0.461463 0.054854 -0.038765 -0.034652 -0.017174 -0.112373 0.249190 -0.238053 -0.291998
-0.209760 -0.147392 -0.517077 -0.272698 -0.249082 -0.093628 -0.475404 -0.446379 0.503993 0.300791 0.286515 0.118846 0.235317 0.448789 0.446287 0.287672 0.446228 0.146038 -0.089453 0.004441 0.371048 0.514173 -0.166741 0.361749 0.602487 1.000000 0.129614 0.318164 0.318632 0.339070 0.571655 0.453798 -0.001841 0.281820 -0.134836 0.050036 -0.108248 0.125082 -0.050356 0.046293 0.216991 -0.095217 0.031769 0.101837 0.059084 0.116262 -0.015714 0.035086 -0.225589 -0.119173 -0.022431 -0.205038 -0.250256 -0.143085 -0.277023 -0.281280 0.066136 -0.083565 -0.257617 -0.276823 -0.247549 0.038001 0.157346 -0.068579 0.098207 0.171921 -0.408009 0.019257 -0.200757 0.015916 -0.049358 0.303636 0.157696 0.075817 0.096035 0.097717 -0.048645 -0.079419 0.410310 0.318354 0.376184 0.331954 0.045959 0.034665 0.294575 -0.001421 0.200459 -0.177042 -0.311601 -0.456016 -0.261218 -0.338486 -0.360079 -0.278813 0.192433 0.227093 0.098263 0.020561 -0.220598 -0.044977 0.083713 -0.289317 -0.315172 -0.230512 -0.327648 -0.222088 -0.150810 -0.311873 0.139459 0.126141 0.273661 -0.031544 -0.238537 0.192883 -0.125965 -0.221186
-0.056522 -0.086517 0.136868 0.341028 0.266382 0.312377 0.116450 0.137970 -0.228809 0.118082 -0.232333 0.059214 -0.291363 -0.085305 -0.116045 -0.007944 -0.066796 0.210686 0.128933 0.062186 0.503955 0.388474 0.048472 0.172672 0.177762 0.129614 1.000000 0.542056 -0.166920 -0.107518 -0.147348 -0.157365 -0.319767 -0.186654 -0.320726 -0.184453 -0.317347 0.018321 -0.091932 0.058037 -0.106031 -0.166345 -0.047728 -0.174406 -0.115602 -0.006683 -0.103540 -0.187936 0.137506 0.078728 0.331269 0.170699 0.058516 0.058691 -0.107679 -0.173267 -0.086941 0.049528 0.103725 0.070886 -0.183583 -0.017256 -0.349422 -0.118402 0.146291 0.206640 -0.046605 0.064644 -0.123154 0.014611 -0.157900 -0.210955 -0.273209 -0.191421 -0.173202 0.004124 -0.201906 -0.058860 0.026719 0.257785 0.058894 0.000365 -0.082283 -0.018592 0.380894 0.095765 -0.008359 -0.175674 0.318420 0.075452 0.133054 0.025399 0.133734 0.087517 0.085685 0.297209 -0.153242 0.177222 -0.114013 0.105372 -0.083570 0.034192 0.131184 -0.026028 -0.057745 -0.066807 0.066072 -0.006646 0.282180 0.266930 0.036218 -0.167820 -0.053120 -0.098007 -0.113316 -0.036153
-0.045232 -0.057107 -0.117446 0.202674 0.131205 0.327757 -0.207430 -0.134859 -0.058204 -0.031429 0.089870 -0.143017 -0.078991 0.107472 -0.026366 0.122973 0.134813 -0.004118 0.166950 0.004831 0.358682 0.545809 0.053008 0.142682 0.352501 0.318164 0.542056 1.000000 -0.105770 -0.064339 0.097657 0.023745 -0.257649 -0.144727 0.097496 -0.045497 -0.041776 0.105701 -0.012824 0.076115 -0.126122 0.063192 0.172787 0.181768 -0.090189 0.053231 0.059600 -0.038120 -0.090869 0.054430 0.062961 0.028487 -0.064562 -0.004761 -0.054019 -0.064569 0.251423 0.194404 -0.076164 -0.156865 -0.299624 -0.311008 -0.233217 -0.294103 0.070437 0.227151 -0.192945 -0.047471 0.142511 0.000697 -0.153837 0.053648 -0.205485 -0.023597 -0.039960 0.030011 -0.048044 -0.094012 0.097394 0.124756 0.174655 0.151584 -0.142423 0.044116 0.301422 0.299854 0.059023 -0.045266 0.103161 -0.129696 -0.063165 -0.258890 -0.113527 -0.192173 -0.034280 0.146687 0.051799 0.104847 -0.052620 0.140568 -0.160712 -0.201404 -0.081156 -0.125842 -0.183540 -0.154712 -0.159730 -0.081096 0.091996 -0.105234 0.065428 -0.009205 0.006854 -0.100588 -0.302584 -0.199095
-0.183128 0.015633 -0.597664 -0.578254 -0.215659 -0.162551 -0.428788 -0.582164 0.275590 0.035420 0.632214 0.536312 0.452026 0.526781 0.538295 0.358254 0.769337 0.510490 0.108012 0.072394 0.177250 0.325749 -0.103299 0.154806 0.306066 0.318632 -0.166920 -0.105770 1.000000 0.838846 0.528691 0.585747 0.358653 0.397140 0.004089 -0.204369 0.147596 0.007880 0.025401 -0.157595 0.587263 0.215021 0.017248 0.079947 0.155222 0.147189 -0.062116 -0.269919 -0.390037 -0.104623 -0.249945 -0.300401 -0.309635 -0.122955 -0.286230 -0.246713 0.115750 0.001243 -0.624836 -0.553084 0.026558 0.152878 0.619697 0.430336 0.287896 0.016124 -0.499283 -0.506495 -0.371473 -0.262768 0.094289 0.302903 0.762103 0.561462 0.606379 0.500806 0.366871 0.024183 0.748197 0.596978 0.732539 0.690659 0.460867 0.420957 0.315481 -0.000209 -0.002582 -0.099685 -0.408635 -0.493502 -0.539512 -0.574753 -0.626539 -0.510999 -0.022978 0.139188 0.016304 -0.044811 -0.250895 -0.050231 -0.121521 -0.168854 -0.420091 -0.512320 -0.488479 -0.466630 -0.398196 -0.477821 -0.064513 -0.088624 -0.115182 -0.005986 -0.025778 0.153087 -0.036842 -0.199259
-0.296746 -0.073615 -0.605061 -0.595281 -0.196149 -0.099788 -0.437915 -0.595115 0.377632 0.103757 0.407494 0.511242 0.301044 0.604991 0.567941 0.492305 0.628357 0.519194 0.063423 0.029770 0.381856 0.426549 -0.253365 -0.004242 0.356761 0.339070 -0.107518 -0.064339 0.838846 1.000000 0.531622 0.498994 0.183689 0.183119 -0.083999 -0.288742 0.047403 0.031706 0.103427 -0.065081 0.561589 0.247844 0.112931 0.097055 0.160230 0.176786 -0.019966 -0.333986 -0.324365 -0.092331 -0.266998 -0.315664 -0.345116 -0.202048 -0.241520 -0.212395 0.050948 -0.026350 -0.502267 -0.449036 -0.065464 0.084176 0.476528 0.318851 0.117489 -0.041291 -0.484325 -0.482541 -0.405207 -0.230532 0.198761 0.425850 0.778638 0.761112 0.660424 0.626373 0.294488 0.107294 0.729122 0.636415 0.669267 0.713507 0.485531 0.497520 0.238730 0.078358 0.136983 0.052171 -0.391972 -0.425204 -0.522938 -0.499813 -0.501849 -0.419786 -0.005320 0.238017 0.046552 -0.011222 -0.322795 -0.071950 0.002235 -0.122799 -0.436012 -0.550958 -0.550392 -0.396975 -0.238993 -0.432127 0.037681 -0.013665 -0.171139 -0.100260 -0.063578 0.178196 0.012502 -0.034410
-0.365533 -0.009181 -0.553983 -0.468701 0.089538 -0.213293 -0.478386 -0.420896 0.589462 0.564162 0.509316 0.142427 0.629356 0.708271 0.600033 0.537574 0.610758 0.149262 -0.149094 -0.194088 0.361266 0.529813 0.053912 0.200918 0.622406 0.571655 -0.147348 0.097657 0.528691 0.531622 1.000000 0.828997 0.045210 0.190288 -0.048289 -0.147343 -0.058205 -0.008565 0.119852 0.119450 0.298703 0.112816 -0.031884 -0.003460 -0.020492 -0.036797 0.023079 -0.209400 -0.429348 -0.157287 -0.300266 -0.373330 -0.352273 -0.160647 -0.115335 -0.066946 0.225485 -0.014926 -0.472491 -0.494180 -0.286940 -0.014274 0.419817 0.086279 0.130535 -0.089675 -0.590533 -0.441895 -0.362499 -0.277576 0.309255 0.593464 0.496202 0.395941 0.364836 0.141055 -0.222020 -0.317706 0.511882 0.179251 0.651273 0.463864 0.181217 0.147450 0.171931 -0.029672 0.214993 0.117632 -0.474122 -0.490487 -0.532546 -0.502322 -0.550359 -0.466082 0.121247 0.081338 0.215079 0.015908 -0.203839 -0.020851 0.010906 -0.176055 -0.533558 -0.347547 -0.450954 -0.291237 -0.247104 -0.391534 0.117143 -0.046451 0.033770 -0.020290 -0.051059 0.176473 -0.114416 -0.145369
-0.339534 0.022312 -0.366240 -0.289439 -0.032662 -0.345396 -0.352056 -0.296990 0.280490 0.353427 0.616882 0.360393 0.576788 0.509832 0.334781 0.285204 0.627588 0.317652 -0.053253 -0.271375 0.217364 0.452585 0.337141 0.334785 0.462235 0.453798 -0.157365 0.023745 0.585747 0.498994 0.828997 1.000000 0.207988 0.393913 -0.079081 -0.195815 0.000060 0.030762 0.129770 0.052781 0.411074 0.109778 -0.033044 0.043495 0.013467 0.052522 0.007442 -0.292579 -0.431062 -0.111948 -0.140840 -0.343316 -0.368528 -0.168617 -0.179646 -0.136270 0.183135 0.070535 -0.606323 -0.640178 -0.212677 0.026447 0.408639 0.310801 0.312566 0.086552 -0.598573 -0.473879 -0.438528 -0.358974 0.254556 0.396442 0.520604 0.402378 0.468164 0.259111 -0.115920 -0.296295 0.496000 0.312360 0.649214 0.478943 0.160610 0.081636 0.215509 -0.038939 0.084902 0.038984 -0.472094 -0.558231 -0.597428 -0.548268 -0.542403 -0.514513 0.045391 0.064753 0.257977 -0.017273 -0.246040 -0.088530 -0.085252 -0.182050 -0.565774 -0.468689 -0.493911 -0.395970 -0.322583 -0.523416 0.094886 -0.055345 0.065761 -0.069626 -0.035673 0.274171 -0.051855 -0.169055
0.294947 0.283243 -0.141647 -0.193959 -0.331928 -0.177811 -0.003981 -0.115061 -0.031188 -0.341853 0.283475 0.272826 0.132165 0.020993 0.001699 -0.137272 0.281443 0.138569 0.198905 0.061914 -0.427393 -0.294062 0.011334 0.044879 -0.093037 -0.001841 -0.319767 -0.257649 0.358653 0.183689 0.045210 0.207988 1.000000 0.730679 0.185022 -0.046688 0.136009 -0.061378 -0.040150 -0.261188 0.210072 0.114113 -0.059127 0.119643 0.114932 0.058773 0.087761 -0.006534 -0.196085 -0.018571 -0.055296 -0.149971 -0.065386 -0.095569 -0.101804 -0.077391 0.250553 0.112504 -0.173243 -0.183280 0.403331 0.375338 0.412716 0.437275 -0.004399 0.016902 0.152786 -0.148521 -0.133573 -0.167711 -0.185198 -0.114557 0.324103 0.128868 0.258693 0.089260 0.426217 0.019493 0.220725 0.084258 0.045324 0.150393 0.207231 0.105036 -0.198960 -0.074103 -0.154638 -0.146574 -0.373061 -0.291316 -0.285496 -0.335673 -0.331520 -0.248816 -0.230739 -0.124025 0.044892 -0.192496 0.002412 -0.121334 -0.076122 -0.107264 -0.062829 -0.166196 0.016875 -0.206435 -0.358180 -0.177477 -0.299903 -0.200448 -0.002175 -0.082377 0.094122 0.103528 -0.108169 -0.139053
0.129979 0.150229 -0.179027 -0.163179 -0.321068 -0.214130 0.036965 -0.132304 0.003220 -0.218777 0.461885 0.277298 0.220025 0.100587 0.079436 -0.115186 0.403656 0.134846 0.064259 0.153159 -0.269182 -0.120282 0.132624 0.312780 0.160756 0.281820 -0.186654 -0.144727 0.397140 0.183119 0.190288 0.393913 0.730679 1.000000 0.129100 0.189395 0.059663 -0.066314 -0.169575 -0.292877 0.199652 -0.089666 -0.242588 -0.028453 0.010460 0.070336 -0.135536 -0.048263 -0.205378 -0.112698 -0.120709 -0.304726 -0.275345 -0.240703 -0.347965 -0.334772 0.076057 0.042061 -0.277568 -0.246870 0.315407 0.424028 0.350053 0.336926 0.316686 0.257969 -0.112579 0.090261 -0.210302 -0.031176 -0.251285 -0.067533 0.190839 0.001725 0.136927 0.080994 0.268243 0.018332 0.247607 0.165720 0.097171 0.120297 0.163831 -0.019847 0.072149 -0.167591 -0.099062 -0.267569 -0.288103 -0.410204 -0.248357 -0.330061 -0.353765 -0.180695 -0.135589 -0.092287 -0.052167 -0.222575 -0.213100 -0.267072 -0.017003 -0.258175 -0.110550 -0.235821 -0.110754 -0.252993 -0.306184 -0.305662 -0.210288 -0.140021 0.123909 -0.123236 -0.157291 0.187321 -0.119610 -0.264578
0.169539 -0.138454 -0.133660 -0.091220 -0.154812 0.143970 -0.046841 -0.100662 -0.043169 -0.192004 0.165593 -0.271428 0.100102 -0.071688 0.040934 0.006497 -0.000591 -0.295033 -0.011027 -0.194331 -0.336397 -0.175930 0.060250 -0.099586 -0.075303 -0.134836 -0.320726 0.097496 0.004089 -0.083999 -0.048289 -0.079081 0.185022 0.129100 1.000000 0.564359 0.485165 -0.011501 -0.022265 -0.181321 -0.108339 0.013104 -0.074899 0.086670 0.021259 -0.006379 0.038868 0.110086 -0.152736 -0.124949 -0.268069 -0.051908 0.008790 0.038561 0.145036 0.106133 0.273253 -0.080979 -0.021951 -0.102988 0.227560 -0.126807 0.211871 -0.155315 0.206229 0.099680 0.234986 0.058651 0.171367 -0.083444 0.113625 0.135612 0.093142 0.050948 0.057728 -0.071850 0.323978 0.064411 -0.124639 -0.333618 -0.119287 -0.090824 0.015911 -0.054129 -0.139685 0.127025 -0.049328 0.212600 -0.115875 0.035033 -0.086280 0.058235 -0.050777 -0.033379 -0.251074 -0.203238 0.013213 -0.240925 0.119797 0.005698 -0.112053 -0.099518 0.133807 0.016403 0.128368 -0.040967 -0.220150 -0.009413 -0.296296 -0.385355 -0.078803 -0.054068 0.273878 -0.082641 -0.077654 -0.069867
0.055501 -0.184492 -0.034714 -0.061342 -0.192434 0.111154 0.037108 0.067385 0.089189 -0.066656 0.034743 -0.397103 -0.063110 -0.138403 0.087805 -0.057263 -0.165494 -0.506712 -0.159508 0.148704 -0.289147 -0.231081 -0.039349 0.161620 0.013561 0.050036 -0.184453 -0.045497 -0.204369 -0.288742 -0.147343 -0.195815 -0.046688 0.189395 0.564359 1.000000 0.233668 0.053268 -0.317934 -0.290631 -0.182190 -0.154740 -0.222572 -0.002841 0.004869 0.081128 -0.122714 0.360515 0.081597 -0.128771 -0.172896 -0.088310 0.078134 -0.109901 -0.281155 -0.287057 -0.169931 -0.086035 0.230617 0.221869 0.206136 -0.037009 0.055313 -0.199816 0.173894 -0.011844 0.125989 0.608660 0.222064 0.484043 -0.070727 -0.062745 -0.273741 -0.213079 -0.221947 -0.185743 0.163480 0.265832 -0.258653 -0.411733 -0.382337 -0.400325 0.083738 -0.121827 -0.012380 -0.055639 0.056936 -0.002440 0.047437 0.035961 0.194689 0.297016 0.126087 0.219241 -0.166675 -0.128760 -0.250453 -0.238011 0.041270 -0.207947 0.155030 -0.148534 0.272228 0.150300 0.146836 0.044279 -0.133227 0.020360 -0.193243 0.102918 0.215321 -0.108906 -0.058386 -0.128292 -0.077776 -0.139053
