1.000000 0.316775 -0.182532 -0.150352 -0.016128 -0.017803 0.066551 -0.226973 -0.179275 -0.273441 0.219223 -0.080312 0.216838 0.037148 0.037910 -0.204128 0.302660 0.126405 0.248872 0.217061 -0.318115 -0.116446 0.004321 -0.118426 -0.311909 -0.306213 -0.015892 0.204434 0.155851 -0.100453 -0.115754 -0.122685 0.168257 0.039502 -0.130964 -0.175579 -0.180127 -0.403750 -0.000788 -0.182685 -0.046535 0.030548 0.043728 -0.036490 0.125591 0.002746 0.210244 0.071218 -0.048139 0.116014 -0.034299 0.037863 0.087386 0.121701 0.124080 0.208618 0.530245 0.150724 0.241205 -0.052632 0.285194 0.231657 0.152160 0.218999 -0.132390 0.015673 -0.425842 -0.315668 0.000352 -0.215520 -0.183920 -0.237857 0.120378 -0.216077 0.133594 -0.130889 -0.032097 -0.197395 0.071518 -0.053775 0.006995 -0.052768 0.034946 0.004357 -0.178242 -0.215469 -0.197493 -0.180251 0.121419 0.202703 -0.132615 -0.044449 -0.035001 -0.096844 -0.093645 -0.307796 -0.153999 -0.273714 -0.003911 0.061780 -0.085087 -0.139897 -0.342590 -0.058345 -0.262748 -0.014264 -0.095705 -0.073228 -0.177360 -0.147158 -0.090934 -0.133240 -0.059911 -0.147501 -0.081437 -0.201227
0.316775 1.000000 -0.048131 0.099627 -0.094844 -0.083715 -0.002343 0.072752 -0.137118 -0.132474 -0.139578 0.205949 -0.017731 0.221950 -0.248609 -0.033235 0.218505 0.333164 0.188560 0.510238 -0.422839 -0.193055 -0.323782 -0.203618 -0.158452 -0.176721 -0.211981 -0.074387 0.101174 0.096286 -0.022596 0.005336 0.287802 0.234770 -0.191679 -0.216270 -0.311615 -0.268214 -0.247409 -0.279445 -0.056745 0.052905 -0.078151 -0.018622 0.166302 0.119340 0.006444 0.018579 -0.195235 0.128824 -0.273161 -0.154082 -0.038522 -0.217657 -0.059099 -0.115241 0.069714 0.439552 -0.117124 0.043903 0.011626 0.250973 0.006732 0.365399 -0.443358 0.000766 -0.113325 -0.207832 0.329873 0.246450 -0.253817 -0.199699 0.087420 -0.062553 -0.083306 -0.140304 -0.023911 -0.151954 0.141907 0.274387 0.140936 0.143027 -0.020630 0.112488 -0.176976 -0.166720 -0.074898 0.069193 -0.012992 -0.065670 -0.376031 -0.358584 -0.097400 -0.283991 -0.162360 -0.349372 -0.179742 -0.016492 -0.233895 -0.314264 -0.064995 -0.103951 -0.244553 -0.143041 -0.247252 -0.240977 -0.084824 -0.138345 -0.323798 -0.316579 0.142358 -0.039480 -0.166257 -0.130524 -0.109157 -0.231462
-0.182532 -0.048131 1.000000 0.462610 0.334659 0.259420 0.627204 0.613107 0.257300 0.248341 -0.125404 -0.044984 -0.095982 -0.015505 -0.047298 -0.120459 -0.516836 -0.529914 0.220168 -0.069154 0.241865 -0.014006 0.295804 0.140077 0.104426 0.162422 0.093141 0.196709 -0.422155 -0.392464 0.001433 0.082408 -0.005942 0.103503 0.165054 0.271215 -0.231494 -0.181126 0.088049 0.196500 -0.188643 -0.224805 0.009937 -0.058785 -0.041476 0.025355 -0.143425 -0.116209 0.249789 0.060793 -0.068807 0.096546 0.012158 -0.198432 -0.139102 -0.298463 -0.407265 -0.333511 0.300346 0.272658 0.116306 0.195280 -0.341148 -0.401886 0.008370 0.146991 0.472148 0.413451 -0.224405 -0.095024 0.001004 0.003632 -0.403522 -0.229592 -0.324197 0.074491 -0.268117 0.102338 -0.433223 -0.414339 -0.433218 -0.463615 -0.133932 -0.125412 -0.159955 -0.248274 0.072130 -0.105701 0.321809 0.159000 0.073580 0.108343 0.160327 0.288692 0.228937 0.227203 -0.227396 0.064890 -0.189541 -0.084837 0.086608 0.002413 0.062605 0.076812 0.146569 0.102150 0.022335 0.036200 0.146999 0.317792 -0.094285 -0.114348 0.066674 0.025730 0.187834 0.024348
-0.150352 0.099627 0.462610 1.000000 0.039928 0.269063 0.066017 0.458705 0.040837 -0.009098 -0.086503 -0.013740 -0.036840 -0.013753 0.152286 0.178122 -0.197410 -0.306834 0.499419 0.195399 0.045462 0.035526 0.387167 0.366176 0.191337 0.237597 0.123490 0.331902 -0.303412 -0.352075 -0.085502 -0.058588 -0.236215 -0.113149 0.178289 0.089931 -0.116117 -0.219883 -0.000189 0.032258 -0.395776 -0.294917 -0.099654 -0.208226 -0.287812 -0.216229 -0.135054 -0.282007 0.040668 -0.193659 0.169982 0.224454 0.148006 -0.140424 0.026237 -0.287510 -0.321279 -0.224461 0.061584 0.272643 0.050707 0.150964 -0.173479 -0.223836 0.068761 0.093839 0.258873 0.097316 -0.086941 0.027398 -0.057284 0.091804 -0.379379 -0.219564 -0.364108 -0.091747 -0.275246 -0.052213 -0.267714 -0.269676 -0.183842 -0.280940 0.011466 -0.015569 0.109707 0.121204 0.014420 0.170947 0.273110 0.286656 0.120252 0.068495 0.232457 0.053642 0.094558 0.016283 -0.329021 -0.028590 -0.204924 -0.113250 0.000431 -0.004923 -0.038845 -0.048503 -0.024036 -0.102956 -0.074627 -0.046657 -0.048420 0.193474 -0.169193 -0.193462 -0.034166 -0.106629 0.066846 -0.153750
-0.016128 -0.094844 0.334659 0.039928 1.000000 0.517971 0.320116 0.078574 0.476999 0.197629 -0.148891 -0.101726 -0.153683 0.021931 0.042541 0.108886 -0.243027 -0.196434 0.069331 -0.063254 0.447069 0.083067 -0.084419 -0.128505 0.067733 0.058993 0.298439 0.179485 -0.080080 0.057936 -0.229621 -0.115923 0.024545 -0.031633 0.135216 -0.003023 0.045649 0.021299 0.398722 0.255598 0.090915 -0.035470 -0.090196 -0.173051 -0.144694 -0.206549 -0.050169 -0.142803 0.229735 -0.060896 -0.024938 0.137386 0.106588 0.019359 0.118378 -0.012753 -0.064036 -0.109982 0.341741 0.241795 0.103979 0.085600 -0.328341 -0.238175 -0.121159 -0.027579 0.248281 -0.045660 -0.060696 -0.159534 0.093761 0.097330 -0.055325 -0.058384 -0.022914 0.243690 -0.105358 0.113776 -0.128981 -0.205839 -0.280900 -0.367228 -0.134173 0.131582 -0.162709 -0.210595 -0.038917 -0.232342 0.411669 0.240872 0.052198 0.158658 0.063122 0.238898 0.088192 0.314292 0.092406 0.045110 -0.109116 0.131766 0.177191 0.062376 0.360726 0.093320 0.324188 0.044587 0.188769 0.115049 0.190679 0.301722 -0.168475 -0.171809 0.152211 0.003907 0.164892 0.031015
-0.017803 -0.083715 0.259420 0.269063 0.517971 1.000000 0.185012 0.254511 0.205017 0.244002 -0.090366 -0.129232 -0.088635 -0.026177 0.251883 0.168467 -0.245462 -0.356934 0.093639 -0.069299 0.193380 -0.038058 0.088748 -0.025617 0.101659 0.097430 0.648860 0.513754 -0.204845 -0.208631 -0.191517 -0.194403 0.005463 -0.129580 0.058131 -0.017616 -0.031011 -0.201867 0.354904 0.274925 -0.216895 -0.082966 -0.091624 -0.133649 -0.162927 -0.126900 -0.093929 -0.129356 0.177056 -0.074768 0.023215 0.057504 0.246097 0.106751 0.253336 -0.048566 -0.012452 -0.060317 0.283035 0.310552 0.125874 0.075700 -0.252728 -0.195865 -0.124077 -0.006681 0.223769 0.133663 -0.110965 -0.055849 -0.114798 -0.093099 -0.214059 -0.206125 -0.122649 0.004179 -0.269445 -0.176342 -0.147246 -0.265196 -0.160943 -0.354339 0.082396 0.096068 0.025562 -0.031655 0.071257 0.014423 0.568782 0.588802 -0.023495 0.023942 -0.042921 0.039928 0.110710 0.202913 -0.058633 -0.027766 -0.191328 0.054271 0.015705 -0.148708 0.018443 -0.079529 0.051370 -0.027349 0.047553 0.119722 0.107537 0.269221 -0.054518 -0.224864 0.016231 -0.079267 -0.026562 -0.129892
0.066551 -0.002343 0.627204 0.066017 0.320116 0.185012 1.000000 0.554071 0.260983 0.214630 0.172484 0.242824 0.151087 0.056058 0.079210 -0.054046 -0.368591 -0.340071 -0.041010 -0.142022 0.146012 -0.028322 0.252250 0.193870 -0.071624 -0.069575 0.042148 -0.001885 -0.190497 -0.268652 -0.003750 0.120084 0.216101 0.243654 0.125517 0.257037 -0.227056 -0.143921 0.108882 0.148859 -0.033210 -0.130675 -0.090801 -0.133055 -0.018375 0.033632 -0.224211 -0.159657 -0.039962 -0.009619 -0.232984 -0.286703 -0.115271 -0.243016 -0.048568 -0.303972 -0.250865 -0.316937 0.164481 -0.125826 0.317449 0.183305 -0.275595 -0.299972 0.174769 0.232756 0.088797 0.194729 -0.254811 -0.141235 0.003755 0.036602 -0.193474 -0.172700 -0.225577 0.137068 -0.131462 0.141416 -0.391174 -0.349735 -0.454400 -0.297497 -0.117944 -0.063568 -0.194769 -0.225763 0.256021 0.048322 0.433754 0.240971 0.130377 0.184897 0.278477 0.371781 0.196893 0.057638 -0.182777 0.045762 -0.218050 0.059638 0.093676 -0.011891 -0.024071 0.027006 0.057040 0.142684 0.016089 0.001858 0.022809 0.068954 -0.080491 -0.003190 0.104896 0.038166 0.138205 -0.003682
-0.226973 0.072752 0.613107 0.458705 0.078574 0.254511 0.554071 1.000000 0.110114 0.316131 -0.159593 0.228241 -0.082638 0.184332 -0.087109 -0.049843 -0.505382 -0.426476 -0.067062 -0.175686 0.016179 -0.008842 0.150828 0.176600 0.036194 0.121572 0.031085 0.006146 -0.317754 -0.287815 0.125562 0.175495 0.033018 0.127992 0.061045 0.198076 -0.252077 -0.079617 -0.071355 0.128546 -0.098592 -0.039159 0.017054 -0.070636 -0.009307 0.057238 -0.084520 -0.089072 -0.020182 0.026407 -0.152508 -0.135004 -0.015819 -0.144772 -0.169928 -0.375137 -0.274680 -0.245310 0.086893 0.142006 0.130953 0.241089 -0.330315 -0.244846 0.048398 0.330575 0.225620 0.442321 -0.268715 0.001045 -0.106515 -0.006596 -0.352356 -0.168502 -0.326641 -0.052534 -0.160666 0.083887 -0.366021 -0.309777 -0.396254 -0.351570 -0.018410 -0.053984 -0.184856 -0.138937 0.192245 0.213715 0.316950 0.266911 0.025331 -0.083577 0.167020 0.096645 0.188321 0.087268 -0.311600 0.126258 -0.206336 -0.096649 0.102038 -0.085406 -0.072840 -0.031359 -0.023318 -0.025824 -0.075120 -0.064604 0.024068 0.076163 0.053822 -0.003887 0.088753 0.046910 0.044796 -0.035509
-0.179275 -0.137118 0.257300 0.040837 0.476999 0.205017 0.260983 0.110114 1.000000 0.607156 -0.005993 -0.115734 -0.015391 0.120919 0.328755 0.309898 -0.235320 -0.258217 -0.047131 -0.054068 0.346054 -0.055245 -0.042258 -0.071378 0.003874 0.028875 0.212753 0.059480 -0.155040 0.003550 -0.203172 -0.148164 -0.094636 -0.048928 0.077318 0.256106 0.088879 0.241593 0.235164 0.295919 0.047472 -0.070348 -0.129593 -0.071088 -0.168698 -0.150702 -0.044540 -0.045034 0.098188 -0.040303 -0.020074 0.084570 0.018683 0.003663 0.003813 -0.021619 -0.285028 -0.141044 0.267044 0.209785 -0.102046 0.047901 -0.323269 -0.324943 -0.099429 0.020800 0.351773 0.064397 0.120371 0.089776 0.130058 -0.003111 -0.151445 -0.015772 -0.146721 -0.079690 -0.075481 0.189758 -0.057611 -0.153522 -0.210258 -0.251178 -0.033849 0.271803 0.042395 -0.126120 0.067576 -0.066087 0.163544 -0.014007 0.097399 0.093298 0.023873 0.155526 0.138454 0.372075 0.070802 0.263266 0.022186 0.138421 0.212196 0.113979 0.456548 -0.091696 0.193384 0.039395 0.062148 0.018604 0.359847 0.186885 0.006022 0.006900 0.064331 0.131484 0.137277 0.012722
-0.273441 -0.132474 0.248341 -0.009098 0.197629 0.244002 0.214630 0.316131 0.607156 1.000000 -0.009429 -0.062469 0.075384 0.279759 0.210999 0.358827 -0.286742 -0.303836 -0.166995 -0.127778 0.249472 -0.131240 -0.169329 -0.227070 0.027239 0.015628 0.221749 -0.054880 -0.190593 0.024477 0.063606 0.020564 0.020462 0.105172 -0.035429 0.376734 0.061174 0.272108 0.081609 0.055024 0.045614 -0.002453 0.012866 0.130058 0.025042 0.058040 0.022851 0.152518 0.056316 0.048732 -0.212988 -0.045037 -0.109979 0.016035 -0.053500 -0.023242 -0.322571 -0.115264 0.107616 0.112507 -0.217577 -0.047068 -0.410889 -0.323358 -0.126140 0.028172 0.320722 0.319408 0.094653 0.124351 -0.011053 -0.114862 -0.133195 0.019972 -0.093785 -0.133888 -0.039013 0.146318 -0.120351 -0.091074 -0.223830 -0.310351 -0.076909 0.159280 -0.009066 -0.177094 0.199031 0.059066 0.144123 -0.054661 -0.062817 -0.095157 -0.106895 -0.016831 0.005664 0.258345 0.034797 0.225276 -0.105608 -0.096710 -0.002774 0.076446 0.248325 -0.012565 0.116506 -0.014949 0.069302 0.129714 0.187813 0.113157 0.325610 0.104242 0.148382 0.138740 0.042526 0.016790
0.219223 -0.139578 -0.125404 -0.086503 -0.148891 -0.090366 0.172484 -0.159593 -0.005993 -0.009429 1.000000 0.397294 0.681962 0.187294 0.557249 0.346111 0.158013 0.012168 0.062867 0.122277 -0.039308 0.058783 0.294714 0.229430 -0.304653 -0.115167 -0.036357 0.040540 0.098992 -0.082084 -0.011872 -0.070391 0.003473 -0.003850 0.089611 0.153271 0.040396 -0.004294 0.023195 -0.065821 -0.103634 -0.004964 -0.078728 -0.101259 -0.158156 -0.140465 -0.042222 -0.074703 -0.182443 -0.156716 -0.042726 -0.196815 -0.132049 0.028532 0.132197 0.096147 -0.167236 -0.205233 -0.159594 -0.386444 0.085509 -0.153273 0.069998 -0.169625 0.381944 0.221784 -0.198365 -0.169153 -0.036672 0.020992 -0.011747 -0.006656 -0.103339 -0.093877 -0.123725 -0.074503 -0.010114 -0.064722 -0.052944 -0.056858 -0.019708 0.064800 0.194838 0.213351 0.233688 0.145448 0.231046 0.110142 0.072946 0.024289 -0.016683 0.048967 -0.029024 -0.012733 0.015803 -0.242346 0.065356 0.035914 -0.138830 -0.103657 -0.099245 -0.158525 -0.129837 -0.221696 -0.100332 0.129616 -0.078596 -0.052346 -0.099374 0.062188 -0.032320 0.009140 -0.126160 -0.122420 0.128837 -0.082320
-0.080312 0.205949 -0.044984 -0.013740 -0.101726 -0.129232 0.242824 0.228241 -0.115734 -0.062469 0.397294 1.000000 0.234975 0.308841 0.041514 0.173975 0.070948 0.233572 -0.199879 0.017476 -0.093113 0.089199 0.023083 0.227231 -0.279561 -0.142698 -0.201152 -0.365606 0.289528 0.268635 0.148401 0.193180 0.103709 0.075885 0.018613 -0.034082 -0.078025 -0.004431 -0.213115 -0.066808 0.040548 0.038026 -0.113179 -0.140162 -0.153104 -0.103979 -0.226173 -0.267878 -0.198856 -0.133717 -0.088101 -0.191462 -0.090470 -0.184268 -0.111983 -0.310916 -0.169054 -0.147098 -0.215572 -0.332863 0.284488 0.107731 0.129079 0.156990 0.241571 0.495520 -0.137037 -0.120131 -0.176549 -0.024765 -0.116086 0.014264 0.089262 -0.009559 -0.188652 0.083253 -0.033718 -0.092095 0.039330 0.053312 0.068300 0.236886 0.148201 0.268159 0.105258 0.333712 0.246911 0.237791 -0.066616 -0.061792 -0.053632 -0.170535 0.057693 -0.095733 -0.176729 -0.198232 -0.276227 -0.007961 -0.306496 -0.273481 0.120116 -0.099997 -0.089187 -0.172901 -0.189144 -0.058337 -0.133675 -0.205306 -0.310607 -0.143646 -0.048956 -0.036751 -0.145944 -0.083713 0.060967 -0.156539
0.216838 -0.017731 -0.095982 -0.036840 -0.153683 -0.088635 0.151087 -0.082638 -0.015391 0.075384 0.681962 0.234975 1.000000 0.522615 0.517777 0.465368 0.158580 0.014247 -0.001689 0.062351 -0.088864 -0.083360 0.180981 0.071438 -0.321421 -0.233324 0.040299 -0.036099 0.165957 -0.058578 0.137813 -0.022384 -0.030834 -0.002914 -0.008470 0.186008 -0.030434 0.032681 0.052095 -0.122631 -0.114279 0.072542 -0.161535 -0.220388 -0.087471 -0.125534 0.010702 -0.163195 -0.072930 -0.104882 -0.044100 -0.039590 0.014895 0.084431 0.225220 0.167096 -0.191389 -0.174119 0.036608 -0.188932 0.122410 0.108676 0.014708 -0.076121 0.132383 0.195987 -0.242635 -0.143189 -0.201840 -0.172935 0.024496 0.012751 0.025052 0.072794 0.007989 0.012157 0.138186 -0.006369 -0.050245 0.005759 -0.072426 0.069016 0.231460 0.061510 0.043789 -0.045478 0.145879 0.135970 0.068932 0.064549 0.002708 0.019404 -0.006825 0.040297 -0.064689 -0.240535 -0.078898 -0.114591 -0.166605 -0.121291 -0.072598 -0.052914 -0.083051 -0.125703 -0.190085 0.066418 -0.140030 -0.100015 -0.108611 -0.104786 -0.034895 0.002688 -0.073264 -0.116392 0.008032 -0.059208
0.037148 0.221950 -0.015505 -0.013753 0.021931 -0.026177 0.056058 0.184332 0.120919 0.279759 0.187294 0.308841 0.522615 1.000000 0.084602 0.492550 0.027948 0.051019 -0.126833 0.058319 -0.096899 -0.065669 -0.206848 -0.262880 -0.363015 -0.135545 -0.125521 -0.207798 0.256693 0.210004 0.258880 0.157551 0.096632 0.099510 -0.129813 0.127242 -0.037288 0.180650 0.063211 -0.061558 0.078746 0.257480 -0.104844 -0.120787 -0.086818 -0.153881 0.223858 -0.008284 -0.105952 -0.037022 -0.236215 -0.003839 0.167172 0.083007 0.083579 0.090788 -0.131300 -0.048857 0.112691 0.028098 0.029349 0.349803 -0.163883 0.140895 -0.287418 0.200281 -0.153860 -0.076712 -0.200238 -0.099736 -0.038315 -0.086278 0.152100 0.158017 0.103179 0.035757 0.185046 0.047878 -0.096867 0.053813 -0.170585 -0.114575 0.043016 0.250511 -0.267002 -0.297161 -0.042451 0.003171 0.096557 0.041766 -0.134350 -0.176391 -0.186321 -0.110055 -0.116958 -0.240314 -0.135679 -0.051910 -0.200942 -0.093028 0.095077 -0.118863 0.096934 -0.239570 -0.035502 0.099514 -0.114029 -0.111864 -0.196766 -0.212434 0.103165 0.115164 -0.046773 -0.070103 0.069110 -0.078206
0.037910 -0.248609 -0.047298 0.152286 0.042541 0.251883 0.079210 -0.087109 0.328755 0.210999 0.557249 0.041514 0.517777 0.084602 1.000000 0.533010 -0.065950 -0.261869 0.055059 0.019451 0.130772 -0.059903 0.423336 0.276259 -0.115585 -0.041512 0.467528 0.351963 -0.200007 -0.263103 -0.182788 -0.310767 -0.106372 -0.137464 0.142597 0.242354 0.095723 0.002629 0.259267 0.195984 -0.231653 -0.021307 -0.219871 -0.214378 -0.269722 -0.230998 -0.084995 -0.187077 0.013329 -0.178661 0.178138 0.037893 0.151673 0.162257 0.332322 0.168729 -0.280484 -0.228662 0.145795 0.012986 0.021720 -0.056965 -0.144862 -0.364370 0.204836 0.151649 0.085446 0.025314 0.017314 0.063538 0.012857 -0.038713 -0.296001 -0.174267 -0.145420 -0.090177 -0.075641 -0.051478 -0.062933 -0.199410 -0.148749 -0.141981 0.320538 0.192303 0.296534 0.116859 0.262222 0.213998 0.268993 0.242606 0.066720 0.087831 0.087796 0.108432 0.115774 0.077575 0.085562 0.103200 -0.132415 0.032592 -0.015455 -0.064099 0.029906 -0.185586 -0.102167 0.069911 -0.121301 -0.039615 0.147854 0.210735 -0.039187 -0.063762 -0.023825 -0.012515 -0.007528 -0.144455
-0.204128 -0.033235 -0.120459 0.178122 0.108886 0.168467 -0.054046 -0.049843 0.309898 0.358827 0.346111 0.173975 0.465368 0.492550 0.533010 1.000000 0.032865 -0.059116 0.065298 0.083221 0.163229 0.155833 0.032249 -0.006336 -0.090062 0.062403 0.213671 0.050264 0.148127 0.140078 0.120178 -0.016062 -0.060032 -0.053215 0.090748 0.196820 0.214413 0.282535 0.238169 0.018766 0.061998 0.140413 -0.159675 -0.135099 -0.253601 -0.238206 -0.024280 -0.186411 -0.210704 -0.249505 -0.056202 -0.060052 0.046411 -0.042959 0.207066 0.057404 -0.347352 -0.173883 -0.045462 -0.143937 -0.077000 0.045020 -0.260101 -0.158131 0.058196 0.168383 -0.047419 -0.171560 -0.055635 0.017628 0.070486 0.062397 0.015579 0.123292 -0.061634 -0.023244 0.068986 0.068732 -0.087898 0.053633 -0.077117 -0.104688 0.175957 0.405203 0.080188 0.004048 0.107816 0.205464 0.178246 0.111989 -0.068271 -0.075325 -0.085410 -0.111490 -0.044254 -0.070438 0.118967 0.095262 -0.336464 -0.191029 -0.019678 -0.113184 0.218357 -0.338438 0.001423 0.016876 -0.076272 -0.028759 -0.069285 0.013074 0.053876 -0.016611 -0.094111 -0.063266 0.241174 0.002431
0.302660 0.218505 -0.516836 -0.197410 -0.243027 -0.245462 -0.368591 -0.505382 -0.235320 -0.286742 0.158013 0.070948 0.158580 0.027948 -0.065950 0.032865 1.000000 0.729175 0.172248 0.291704 -0.255323 0.080280 -0.200979 -0.121596 -0.134096 -0.142166 -0.167107 -0.142341 0.650257 0.477126 0.001098 0.000617 -0.046473 -0.022026 0.115930 -0.169574 0.177851 0.008622 -0.041864 -0.278351 0.020519 0.044422 -0.073959 -0.075362 -0.043532 -0.082641 0.008657 -0.062802 -0.251559 -0.203354 -0.058436 -0.116226 -0.082726 -0.181451 -0.009463 0.018350 0.195067 0.154392 -0.309740 -0.366968 -0.023637 -0.086983 0.504894 0.402262 -0.038304 -0.180375 -0.428364 -0.578121 0.107513 -0.098500 0.116690 0.188051 0.572837 0.263825 0.275253 0.077191 0.270870 -0.035582 0.573823 0.525621 0.662741 0.541197 0.025921 0.092317 0.214624 0.176261 -0.097625 -0.003109 -0.297712 -0.221443 -0.192002 -0.150848 -0.086861 -0.239884 -0.298878 -0.384399 -0.029999 -0.226692 -0.129640 -0.127647 -0.026431 -0.021902 -0.139171 -0.113215 -0.174811 -0.104577 -0.165882 -0.165983 -0.331185 -0.314024 -0.144503 -0.114430 -0.098145 -0.113236 -0.125564 -0.174194
0.126405 0.333164 -0.529914 -0.306834 -0.196434 -0.356934 -0.340071 -0.426476 -0.258217 -0.303836 0.012168 0.233572 0.014247 0.051019 -0.261869 -0.059116 0.729175 1.000000 0.033482 0.328644 -0.208410 0.052499 -0.397097 -0.140888 -0.062776 -0.052217 -0.341866 -0.393322 0.610402 0.675667 0.134630 0.235285 -0.018879 0.093292 -0.014940 -0.178388 -0.042466 -0.010338 -0.157764 -0.301486 0.156499 0.088557 -0.006817 -0.060061 -0.015588 -0.073812 -0.012618 -0.089303 -0.258985 -0.195125 -0.214112 -0.184962 -0.228068 -0.228424 -0.106459 -0.017384 0.220715 0.350941 -0.406855 -0.381632 -0.168967 -0.130633 0.436492 0.501137 -0.070847 -0.165768 -0.380101 -0.519205 0.278663 0.027907 0.130745 0.250706 0.540963 0.350347 0.284697 0.201166 0.248044 -0.002315 0.436910 0.708050 0.497809 0.564559 -0.061660 0.067171 -0.044101 0.061479 -0.023340 -0.000896 -0.315090 -0.371870 -0.119818 -0.137179 0.005470 -0.198629 -0.361777 -0.345768 -0.024915 -0.106646 -0.088234 -0.075686 0.110217 0.080357 -0.165406 0.033756 -0.028025 -0.116923 -0.086002 -0.194988 -0.406569 -0.368774 -0.069903 -0.021022 -0.125826 -0.024819 -0.076636 -0.055025
0.248872 0.188560 0.220168 0.499419 0.069331 0.093639 -0.041010 -0.067062 -0.047131 -0.166995 0.062867 -0.199879 -0.001689 -0.126833 0.055059 0.065298 0.172248 0.033482 1.000000 0.558739 -0.024024 0.085590 0.090499 0.054389 -0.026158 0.092981 -0.052716 0.222314 0.013000 -0.083096 -0.072457 0.024899 -0.020072 0.028634 0.175692 0.026158 0.025583 -0.297602 0.122219 -0.113776 -0.207417 -0.172131 0.015917 -0.083643 -0.159215 -0.131938 -0.045636 -0.112840 -0.119444 -0.137081 -0.109986 0.039529 -0.062436 -0.198618 -0.027048 -0.100465 -0.111032 -0.039759 -0.036740 -0.021979 -0.065662 -0.016959 -0.073494 -0.152208 -0.087231 -0.206687 0.000113 -0.312764 0.192690 0.095776 0.072364 0.041562 -0.070529 -0.034612 -0.005533 0.066522 -0.034761 0.037298 -0.159140 -0.088419 0.011444 -0.249993 -0.119639 0.087420 -0.003703 -0.113314 -0.165345 -0.308350 0.183285 0.038002 0.002599 0.098912 0.048633 -0.119137 0.140692 -0.046745 -0.082512 -0.006218 -0.268361 -0.013124 -0.201943 -0.014440 -0.179166 -0.087499 0.030959 0.003287 -0.065959 -0.049814 0.042963 0.314692 -0.166126 -0.188959 -0.032199 -0.085393 0.175270 -0.046977
0.217061 0.510238 -0.069154 0.195399 -0.063254 -0.069299 -0.142022 -0.175686 -0.054068 -0.127778 0.122277 0.017476 0.062351 0.058319 0.019451 0.083221 0.291704 0.328644 0.558739 1.000000 -0.218989 -0.138125 -0.148751 0.122315 -0.129038 0.031026 -0.216481 0.104395 0.071977 0.137152 0.086091 0.188961 0.321034 0.418342 -0.074195 -0.098075 -0.154409 -0.311822 -0.096817 -0.109333 -0.204583 -0.046515 -0.179779 -0.142476 -0.143630 -0.172256 -0.136435 0.015588 -0.312081 -0.188994 -0.406142 -0.280926 -0.245771 -0.257976 -0.227175 -0.139785 -0.084104 0.317942 -0.134256 0.040850 -0.194366 -0.042294 -0.100349 0.083035 -0.282830 -0.219800 0.075133 -0.171137 0.545516 0.580898 -0.046133 -0.079980 0.020233 0.063772 0.095916 -0.075155 -0.016664 -0.071461 0.087016 0.257146 0.058554 -0.051568 0.112090 0.344707 -0.099328 -0.195591 -0.112856 -0.154471 -0.096818 -0.278233 -0.368759 -0.324936 -0.237700 -0.371820 0.127760 -0.212858 0.094213 0.231132 -0.247512 -0.314562 -0.118069 -0.156421 -0.256151 -0.235236 -0.112291 0.080167 -0.145599 -0.082453 -0.025498 0.141340 0.018325 -0.096798 -0.205114 -0.023229 -0.045789 -0.151672
-0.318115 -0.422839 0.241865 0.045462 0.447069 0.193380 0.146012 0.016179 0.346054 0.249472 -0.039308 -0.093113 -0.088864 -0.096899 0.130772 0.163229 -0.255323 -0.208410 -0.024024 -0.218989 1.000000 0.313391 0.052903 -0.059298 0.259141 0.220334 0.313011 0.008181 -0.012574 0.115245 -0.023807 -0.101141 -0.204448 -0.212073 0.203904 0.067021 0.254177 0.112578 0.347542 0.190100 0.111079 -0.161555 -0.017468 -0.077906 -0.232848 -0.210942 -0.098572 -0.264181 0.211880 -0.126244 0.110398 0.149303 0.076822 0.014289 0.116653 -0.043244 -0.105638 -0.227629 0.224437 0.110707 -0.029776 -0.058108 -0.292968 -0.311353 -0.006705 0.006735 0.191677 -0.041422 -0.171781 -0.173444 0.268450 0.276300 -0.073884 0.080160 -0.009342 0.259300 -0.039832 0.247172 -0.175968 -0.150743 -0.291148 -0.306549 -0.053178 -0.044271 -0.056224 -0.064551 0.161617 -0.054477 0.327894 0.161681 0.334511 0.380714 0.231384 0.291526 0.097265 0.398371 0.093532 -0.010465 -0.045810 0.253526 0.186562 -0.040952 0.274277 0.043030 0.342257 0.217920 0.258110 0.176328 0.288450 0.296435 -0.314727 -0.142109 0.077304 0.055517 0.282507 0.185905
-0.116446 -0.193055 -0.014006 0.035526 0.083067 -0.038058 -0.028322 -0.008842 -0.055245 -0.131240 0.058783 0.089199 -0.083360 -0.065669 -0.059903 0.155833 0.080280 0.052499 0.085590 -0.138125 0.313391 1.000000 0.095283 -0.069809 0.239853 0.370744 -0.024811 -0.099891 0.229045 0.220330 0.178395 0.187136 -0.214518 -0.180145 0.246126 0.054494 0.317295 0.241279 0.283331 0.241816 0.299587 0.164957 0.116182 0.152307 -0.111271 0.024574 -0.039817 -0.096894 -0.196147 -0.095779 0.034328 -0.118095 -0.152570 -0.203283 0.025825 -0.092759 -0.140229 -0.281495 -0.235210 -0.410787 -0.128891 -0.233350 -0.045055 -0.100435 0.248784 0.106521 -0.194447 -0.273583 -0.173047 -0.135351 0.165099 0.327634 0.076619 0.252660 0.043393 0.176705 0.052988 0.172420 0.116752 0.004609 0.062975 -0.018085 0.012854 0.143662 -0.009464 0.061192 0.095576 0.268855 0.061318 0.037704 0.038628 0.022021 0.098498 -0.117804 -0.048775 0.086812 -0.030598 0.019510 -0.270998 -0.005676 -0.112532 0.023590 -0.085466 -0.073214 0.120518 -0.026478 0.230380 0.041940 -0.044356 0.179234 -0.130110 -0.008585 0.032584 0.077657 0.264748 0.013822
0.004321 -0.323782 0.295804 0.387167 -0.084419 0.088748 0.252250 0.150828 -0.042258 -0.169329 0.294714 0.023083 0.180981 -0.206848 0.423336 0.032249 -0.200979 -0.397097 0.090499 -0.148751 0.052903 0.095283 1.000000 0.617227 0.217629 0.203028 0.236629 0.369413 -0.372654 -0.482920 0.054218 -0.013876 -0.122777 -0.056002 0.264256 0.302535 -0.085371 -0.192790 -0.023250 0.091754 -0.318953 -0.262208 -0.119115 -0.110958 -0.184258 -0.068612 -0.244536 -0.209846 0.035032 -0.072875 0.320337 0.082301 0.050742 -0.067514 -0.020000 -0.153532 -0.172740 -0.321059 0.128937 -0.001701 0.214183 0.029094 -0.039384 -0.335397 0.487858 0.200735 0.042236 0.241199 -0.300956 -0.160157 0.018783 0.076311 -0.443290 -0.229763 -0.235442 -0.034879 -0.156531 -0.023059 -0.162663 -0.344462 -0.208150 -0.156143 -0.012234 -0.189006 0.142190 0.127907 0.049740 0.160640 0.095768 0.147672 0.162265 0.195872 0.326449 0.331472 0.145302 0.011475 -0.170535 -0.129555 -0.133223 0.018138 -0.008936 -0.071299 -0.121318 -0.014042 -0.071213 0.094683 -0.034492 -0.002400 0.043863 0.141012 -0.160101 -0.121298 -0.005005 -0.056555 0.050352 -0.131837
-0.118426 -0.203618 0.140077 0.366176 -0.128505 -0.025617 0.193870 0.176600 -0.071378 -0.227070 0.229430 0.227231 0.071438 -0.262880 0.276259 -0.006336 -0.121596 -0.140888 0.054389 0.122315 -0.059298 -0.069809 0.617227 1.000000 0.128102 0.130888 0.065292 0.210680 -0.280340 -0.264126 0.159935 0.268702 0.004706 0.153968 0.132935 0.148593 -0.177644 -0.219970 -0.149682 0.100813 -0.354378 -0.228736 -0.213019 -0.309911 -0.258788 -0.223365 -0.405917 -0.330330 -0.069638 -0.254015 0.149375 -0.094005 -0.114550 -0.237335 -0.184914 -0.361580 -0.227117 -0.258365 -0.096051 -0.016831 0.270498 0.004697 0.080301 -0.130010 0.496941 0.164670 0.155873 0.211047 -0.163045 0.043127 -0.045064 0.142470 -0.303313 -0.173290 -0.300911 0.035380 -0.181971 -0.022321 -0.188044 -0.165850 -0.164213 0.047685 0.232031 0.016690 0.281564 0.306603 0.280459 0.234746 -0.068868 -0.035016 0.094249 0.050396 0.266583 0.184823 0.239991 0.016875 -0.065835 0.020783 -0.093102 -0.134158 0.116284 -0.075269 -0.108753 -0.027392 -0.101119 0.166735 -0.145590 -0.151939 0.081095 0.099466 -0.296499 -0.114134 -0.051151 0.013579 -0.000893 -0.014357
-0.311909 -0.158452 0.104426 0.191337 0.067733 0.101659 -0.071624 0.036194 0.003874 0.027239 -0.304653 -0.279561 -0.321421 -0.363015 -0.115585 -0.090062 -0.134096 -0.062776 -0.026158 -0.129038 0.259141 0.239853 0.217629 0.128102 1.000000 0.727261 0.146277 0.061309 -0.182433 -0.069540 0.216453 0.232648 -0.234679 -0.000954 0.145304 0.246815 -0.043008 0.006233 -0.042841 0.090615 0.042016 -0.188653 0.119119 0.218584 0.066011 0.193363 -0.179320 0.059375 0.118748 0.093583 0.069252 0.049092 -0.088814 -0.162088 -0.193014 -0.170451 -0.136495 -0.177014 -0.134200 -0.047802 -0.245542 -0.206587 -0.112122 -0.279638 0.170188 -0.127676 -0.038838 0.161889 -0.039775 -0.065922 0.294032 0.451873 -0.086975 0.149657 -0.015298 0.198588 -0.032117 0.198198 -0.076412 -0.128747 -0.012431 -0.110268 -0.145327 -0.348602 -0.041362 0.000337 0.159703 0.178729 -0.067826 -0.099022 0.136929 0.197303 0.219279 0.229694 -0.082917 0.217303 -0.101393 -0.053592 0.058621 0.038617 0.035909 0.161795 0.134244 0.367348 0.174137 -0.117367 0.156097 0.061737 -0.022798 0.078192 0.065847 0.040999 0.175374 0.180092 -0.025229 0.102405
-0.306213 -0.176721 0.162422 0.237597 0.058993 0.097430 -0.069575 0.121572 0.028875 0.015628 -0.115167 -0.142698 -0.233324 -0.135545 -0.041512 0.062403 -0.142166 -0.052217 0.092981 0.031026 0.220334 0.370744 0.203028 0.130888 0.727261 1.000000 -0.002271 0.164487 -0.207523 -0.087902 0.285846 0.448406 -0.035186 0.269614 0.220388 0.395283 -0.099412 0.086874 0.013890 0.252743 0.005298 0.031827 0.136178 0.168512 -0.032439 0.146392 -0.075487 0.084691 -0.046218 0.021754 -0.060606 -0.028332 -0.083892 -0.140094 -0.199153 -0.133369 -0.211437 -0.191608 -0.161916 -0.101512 -0.270116 -0.168730 -0.190600 -0.255296 0.184034 0.032437 -0.004771 0.218256 -0.013271 0.043069 0.249350 0.432455 -0.223168 0.145194 -0.088061 0.206195 -0.092804 0.203291 -0.106681 -0.123286 -0.156491 -0.235592 -0.101584 -0.124619 -0.219947 -0.197815 0.128810 0.050198 -0.063305 -0.157444 -0.030238 0.008215 0.031754 0.026548 0.052354 0.147133 -0.001135 0.063372 -0.077129 -0.054450 0.026398 -0.033634 0.034933 0.087891 0.103814 0.004996 0.022760 -0.091970 -0.079043 0.161179 -0.014555 0.036941 0.031407 0.090652 0.057270 0.040043
-0.015892 -0.211981 0.093141 0.123490 0.298439 0.648860 0.042148 0.031085 0.212753 0.221749 -0.036357 -0.201152 0.040299 -0.125521 0.467528 0.213671 -0.167107 -0.341866 -0.052716 -0.216481 0.313011 -0.024811 0.236629 0.065292 0.146277 -0.002271 1.000000 0.487095 -0.217524 -0.272512 -0.241162 -0.328890 -0.118799 -0.228665 0.078662 -0.026498 0.148026 -0.096804 0.321258 0.219786 -0.155124 -0.174697 -0.200488 -0.189135 -0.173336 -0.143570 -0.142247 -0.217090 0.214065 -0.069271 0.253464 0.174550 0.306495 0.154306 0.273141 0.020015 0.035092 -0.091929 0.403079 0.324303 0.182159 0.144359 -0.105140 -0.151806 0.017400 0.069412 0.138879 0.146399 -0.123942 -0.141173 -0.052180 -0.055888 -0.239479 -0.234266 -0.145168 -0.042911 -0.224536 -0.145696 -0.075923 -0.239132 -0.087353 -0.214058 0.050584 -0.065637 0.186891 0.045994 0.063639 0.133406 0.410036 0.462698 0.117984 0.179211 0.084582 0.139541 0.014436 0.229262 -0.009535 -0.125835 -0.108539 0.122278 0.123714 -0.171792 0.066701 -0.083503 0.004357 0.044227 0.101222 0.095977 0.234078 0.155136 -0.079802 -0.290298 -0.063107 -0.102092 -0.117773 -0.155955
0.204434 -0.074387 0.196709 0.331902 0.179485 0.513754 -0.001885 0.006146 0.059480 -0.054880 0.040540 -0.365606 -0.036099 -0.207798 0.351963 0.050264 -0.142341 -0.393322 0.222314 0.104395 0.008181 -0.099891 0.369413 0.210680 0.061309 0.164487 0.487095 1.000000 -0.484594 -0.539402 -0.254475 -0.250123 0.082404 -0.022259 0.043045 0.009746 -0.124138 -0.239827 0.120934 0.266254 -0.335865 -0.036620 -0.054531 -0.120707 -0.165100 -0.110582 0.000678 0.004375 0.153792 0.001357 0.191271 0.225481 0.299342 0.175594 0.168401 0.149970 0.044805 -0.090563 0.349487 0.442716 0.142113 0.150631 -0.097614 -0.166478 -0.080247 -0.073149 0.266253 0.245226 -0.009144 0.027311 -0.127844 -0.162865 -0.453583 -0.366048 -0.218430 -0.171148 -0.361478 -0.256922 -0.020610 -0.291574 -0.142151 -0.259181 0.154055 0.021679 0.007566 -0.123174 0.013601 0.068374 0.241697 0.383261 -0.028568 0.000841 -0.132126 0.022725 0.302119 -0.027359 0.068628 -0.020120 0.047922 -0.005900 -0.032392 -0.238676 -0.030535 -0.144667 -0.064502 0.070127 -0.026710 0.046603 0.105923 0.250313 -0.137543 -0.203435 -0.068049 -0.157872 -0.135752 -0.155909
0.155851 0.101174 -0.422155 -0.303412 -0.080080 -0.204845 -0.190497 -0.317754 -0.155040 -0.190593 0.098992 0.289528 0.165957 0.256693 -0.200007 0.148127 0.650257 0.610402 0.013000 0.071977 -0.012574 0.229045 -0.372654 -0.280340 -0.182433 -0.207523 -0.217524 -0.484594 1.000000 0.708836 0.151810 0.124766 -0.093998 -0.120619 0.064596 -0.193434 0.191832 0.118940 0.099904 -0.232606 0.386905 0.069207 -0.010910 -0.010996 -0.009548 -0.072268 0.004200 -0.119558 -0.248843 -0.137769 -0.162758 -0.197170 -0.175164 -0.163859 -0.057265 -0.052067 0.150334 0.009718 -0.273251 -0.459661 0.026118 -0.044166 0.341052 0.388946 -0.004766 -0.085721 -0.448653 -0.574313 -0.084836 -0.227218 0.208715 0.145671 0.830566 0.350417 0.315670 0.168973 0.308826 0.028957 0.293722 0.454580 0.440557 0.402841 0.078226 0.217907 0.064718 0.129120 -0.053087 -0.054909 -0.136656 -0.119438 -0.116352 -0.065631 -0.115917 -0.243341 -0.351492 -0.254478 -0.108554 -0.184968 -0.181452 0.023606 0.104996 0.048898 0.019160 -0.092930 -0.081023 -0.122699 -0.054870 -0.095440 -0.290206 -0.320390 -0.120495 -0.122675 -0.054824 -0.037376 0.058735 -0.013943
-0.100453 0.096286 -0.392464 -0.352075 0.057936 -0.208631 -0.268652 -0.287815 0.003550 0.024477 -0.082084 0.268635 -0.058578 0.210004 -0.263103 0.140078 0.477126 0.675667 -0.083096 0.137152 0.115245 0.220330 -0.482920 -0.264126 -0.069540 -0.087902 -0.272512 -0.539402 0.708836 1.000000 0.210895 0.273300 -0.086204 -0.022621 0.062479 -0.132993 0.169356 0.305436 0.108834 -0.101997 0.353026 0.210715 0.071193 0.074967 -0.039167 -0.105197 -0.022427 -0.080001 -0.180464 -0.167425 -0.286518 -0.189968 -0.254434 -0.255934 -0.211586 -0.101228 0.036962 0.144171 -0.352338 -0.314150 -0.206910 -0.167454 0.128615 0.331867 -0.140081 -0.183456 -0.239219 -0.463396 0.100944 -0.010917 0.193933 0.239807 0.682032 0.574099 0.369398 0.286597 0.433675 0.266664 0.303209 0.610456 0.295362 0.318671 -0.033987 0.334963 -0.075502 0.050320 -0.049574 -0.073428 -0.224702 -0.349349 -0.168478 -0.159486 -0.093242 -0.226145 -0.305345 -0.066178 0.012983 0.054915 -0.161078 -0.027777 0.166704 0.139847 0.122601 0.042251 0.125026 -0.103046 0.062117 -0.079230 -0.193004 -0.157449 -0.012593 0.034601 0.076075 0.190329 0.110815 0.055272
-0.115754 -0.022596 0.001433 -0.085502 -0.229621 -0.191517 -0.003750 0.125562 -0.203172 0.063606 -0.011872 0.148401 0.137813 0.258880 -0.182788 0.120178 0.001098 0.134630 -0.072457 0.086091 -0.023807 0.178395 0.054218 0.159935 0.216453 0.285846 -0.241162 -0.254475 0.151810 0.210895 1.000000 0.727382 0.116755 0.280280 -0.131614 0.151079 -0.116300 0.028343 -0.078373 0.002918 0.145090 0.198837 0.054877 0.109623 0.150390 0.120467 -0.041645 0.066534 -0.096729 0.090073 -0.235710 -0.185713 -0.168121 -0.175078 -0.275166 -0.118668 -0.101008 -0.133844 -0.164287 -0.249304 -0.113482 0.010594 -0.148213 0.027496 0.026295 0.055504 -0.252029 0.089918 -0.210616 -0.020923 0.121304 0.200558 0.171937 0.267435 0.116931 0.242376 0.183375 0.123423 0.005775 0.059429 -0.054472 -0.019475 0.161776 0.087195 -0.225495 -0.157609 0.126130 0.119205 -0.195822 -0.242123 -0.284717 -0.292917 -0.121178 -0.126964 -0.004542 -0.088375 -0.043243 -0.105258 -0.227543 -0.303927 0.006277 -0.138746 -0.172496 -0.050666 -0.113728 0.109763 -0.135618 -0.121247 -0.151489 -0.106616 0.068738 0.103746 -0.124530 0.087008 0.027135 0.039989
-0.122685 0.005336 0.082408 -0.058588 -0.115923 -0.194403 0.120084 0.175495 -0.148164 0.020564 -0.070391 0.193180 -0.022384 0.157551 -0.310767 -0.016062 0.000617 0.235285 0.024899 0.188961 -0.101141 0.187136 -0.013876 0.268702 0.232648 0.448406 -0.328890 -0.250123 0.124766 0.273300 0.727382 1.000000 0.210107 0.575679 -0.001373 0.284420 -0.216434 0.079234 -0.094030 0.051710 0.178751 0.263843 -0.008322 -0.029020 0.061473 0.111304 -0.234776 -0.031503 -0.211352 0.010640 -0.349309 -0.305705 -0.341706 -0.392684 -0.412139 -0.304857 -0.183782 -0.158065 -0.281360 -0.318882 -0.106974 -0.046486 -0.087240 0.038693 0.166822 0.019725 -0.168134 0.116536 -0.103439 -0.008323 0.139171 0.305937 0.123630 0.361471 0.096550 0.363654 0.095852 0.312213 -0.122769 0.047901 -0.138364 -0.060327 0.044262 0.120764 -0.254321 -0.226662 0.220265 0.041251 -0.201049 -0.388699 -0.162018 -0.158938 0.033924 -0.038964 0.017739 -0.016775 -0.130493 0.042931 -0.252229 -0.229046 0.038462 -0.075291 -0.119150 0.053990 -0.012069 0.096198 -0.036582 -0.188253 -0.121557 -0.049273 0.017329 0.045048 0.012914 0.168653 0.096752 0.116479
0.168257 0.287802 -0.005942 -0.236215 0.024545 0.005463 0.216101 0.033018 -0.094636 0.020462 0.003473 0.103709 -0.030834 0.096632 -0.106372 -0.060032 -0.046473 -0.018879 -0.020072 0.321034 -0.204448 -0.214518 -0.122777 0.004706 -0.234679 -0.035186 -0.118799 0.082404 -0.093998 -0.086204 0.116755 0.210107 1.000000 0.781333 -0.141852 -0.017455 -0.291322 -0.131926 -0.133504 0.002285 0.001282 0.186528 -0.184187 -0.097397 0.067323 0.051339 0.019649 0.150261 -0.208216 0.030889 -0.386677 -0.278943 -0.090294 -0.088350 -0.105871 0.015920 0.132670 0.283932 0.129035 0.014917 0.281711 0.253790 -0.082407 0.243958 -0.088631 0.175227 0.086890 0.200151 0.237908 0.334734 -0.395217 -0.468833 0.018010 -0.197459 0.113330 -0.079363 -0.127046 -0.247730 -0.038424 -0.002227 -0.118772 -0.182926 -0.018241 0.052627 -0.333117 -0.382601 -0.033073 -0.143943 -0.102409 -0.229294 -0.471977 -0.438758 -0.312701 -0.287102 0.118335 -0.137155 0.236301 0.054957 -0.148823 -0.296979 -0.150247 -0.163411 -0.127892 -0.192842 -0.216968 0.034910 -0.078300 0.064204 -0.098935 -0.052118 0.102870 -0.030676 -0.235685 -0.135619 -0.121210 -0.164142
0.039502 0.234770 0.103503 -0.113149 -0.031633 -0.129580 0.243654 0.127992 -0.048928 0.105172 -0.003850 0.075885 -0.002914 0.099510 -0.137464 -0.053215 -0.022026 0.093292 0.028634 0.418342 -0.212073 -0.180145 -0.056002 0.153968 -0.000954 0.269614 -0.228665 -0.022259 -0.120619 -0.022621 0.280280 0.575679 0.781333 1.000000 -0.022683 0.298933 -0.355515 -0.076755 -0.173365 0.053071 -0.023908 0.183703 -0.170355 -0.130501 0.088554 0.130589 -0.165072 0.116839 -0.272123 0.007513 -0.511405 -0.392495 -0.268192 -0.291837 -0.334286 -0.203481 -0.059884 0.169593 -0.052356 -0.095368 0.053500 0.121950 -0.138542 0.089076 0.051966 0.112964 0.055655 0.326073 0.226746 0.313652 -0.146354 -0.122065 -0.015981 -0.011562 0.111357 0.069752 -0.093094 0.042465 -0.117673 0.004682 -0.212083 -0.222174 -0.086959 0.032233 -0.375814 -0.479756 0.046509 -0.118733 -0.181932 -0.435989 -0.375695 -0.333515 -0.156567 -0.147485 0.140496 -0.069572 0.106113 0.155954 -0.176917 -0.288680 -0.081552 -0.103406 -0.121534 -0.037672 -0.149531 0.073528 -0.109587 -0.069027 -0.064257 -0.034094 0.146867 0.039390 -0.074861 0.021153 -0.079175 -0.017524
-0.130964 -0.191679 0.165054 0.178289 0.135216 0.058131 0.125517 0.061045 0.077318 -0.035429 0.089611 0.018613 -0.008470 -0.129813 0.142597 0.090748 0.115930 -0.014940 0.175692 -0.074195 0.203904 0.246126 0.264256 0.132935 0.145304 0.220388 0.078662 0.043045 0.064596 0.062479 -0.131614 -0.001373 -0.141852 -0.022683 1.000000 0.418148 0.126867 0.013316 0.112259 0.093573 -0.122058 -0.115509 0.061196 -0.112247 -0.040668 0.007710 -0.087516 -0.253684 0.022323 -0.191067 0.090839 -0.005020 -0.110887 -0.197188 -0.079118 -0.207528 -0.222695 -0.250600 -0.052135 -0.183431 -0.060405 -0.212685 -0.111899 -0.302582 0.274406 0.017668 0.142495 0.017512 -0.162287 -0.180242 0.354480 0.339498 -0.007707 0.119639 0.038860 0.222924 0.283392 0.314351 -0.020957 0.049137 -0.040995 -0.071758 -0.136761 -0.039544 0.095774 -0.007265 -0.033977 -0.084240 0.151719 -0.031412 0.070147 0.090842 0.208920 0.249564 0.022446 0.033427 -0.078580 -0.120412 -0.226248 0.005985 -0.017483 -0.074028 0.081148 -0.081736 0.077148 0.045597 -0.079862 -0.121973 -0.022499 0.132971 -0.290974 -0.082818 0.102958 0.013941 0.136168 -0.014927
-0.175579 -0.216270 0.271215 0.089931 -0.003023 -0.017616 0.257037 0.198076 0.256106 0.376734 0.153271 -0.034082 0.186008 0.127242 0.242354 0.196820 -0.169574 -0.178388 0.026158 -0.098075 0.067021 0.054494 0.302535 0.148593 0.246815 0.395283 -0.026498 0.009746 -0.193434 -0.132993 0.151079 0.284420 -0.017455 0.298933 0.418148 1.000000 -0.082156 0.037508 -0.003694 0.094101 -0.070274 0.082500 0.043997 0.048359 0.109039 0.203536 -0.064274 0.104317 -0.064418 0.037228 -0.122714 -0.103219 -0.182652 -0.130227 -0.162321 -0.132400 -0.429744 -0.322505 -0.099145 -0.204887 -0.197956 -0.133550 -0.307027 -0.440522 0.207416 0.029540 0.085970 0.347635 -0.161318 -0.110505 0.204129 0.235573 -0.181032 0.110136 -0.031454 0.090892 -0.021336 0.256814 -0.298654 -0.172307 -0.347179 -0.252837 -0.110690 -0.059362 -0.057224 -0.241620 0.129039 -0.034150 0.098550 -0.130929 0.135295 0.133249 0.162525 0.247166 0.146405 0.130312 -0.042888 0.168795 -0.143813 -0.019847 -0.141520 -0.052320 0.010669 -0.019114 -0.095074 -0.006703 -0.123751 -0.039725 0.054004 0.092595 0.226352 0.194244 0.185582 0.129907 0.144527 0.079608
