1.000000 0.575821 0.060225 -0.185883 -0.343563 -0.129751 -0.042690 -0.089636 -0.290898 -0.234324 0.205554 -0.107460 0.121877 0.019698 -0.221785 -0.095504 0.173418 0.070169 0.280256 0.085486 -0.252388 0.094926 -0.206587 -0.079782 -0.398933 -0.262960 -0.302251 -0.120113 0.226004 0.077345 -0.039480 -0.052597 0.320612 0.076904 -0.314260 -0.406565 -0.065511 -0.235074 -0.163251 -0.161774 0.012086 -0.014531 -0.134228 -0.132363 -0.033641 -0.085432 -0.188397 -0.211317 0.030820 -0.023363 0.055571 0.047700 0.117978 -0.205948 -0.163074 -0.169196 0.564105 0.380195 0.054880 0.089192 0.393936 0.169674 0.353236 0.363898 0.005992 -0.205788 0.089695 -0.210879 0.338551 -0.013774 0.048929 -0.024208 0.273214 -0.037315 0.169849 0.066175 0.176100 -0.122861 0.135175 0.026015 0.108972 0.162402 0.042214 -0.163125 -0.068324 -0.146145 0.083030 0.014185 -0.126724 0.048004 -0.129218 -0.064656 -0.117521 -0.119957 0.015995 -0.187474 -0.224376 -0.022320 -0.129401 0.188795 -0.018234 0.237855 0.005919 0.245877 -0.152363 -0.230731 -0.083408 -0.159201 0.068133 -0.116412 -0.154424 -0.156803 -0.043995 0.219505 -0.059727 0.121893
0.575821 1.000000 -0.011022 0.149200 -0.345048 -0.270240 -0.130144 0.136437 -0.233135 -0.249395 0.204094 0.207927 0.108548 0.229360 -0.176316 -0.126737 0.054305 0.118811 0.243976 0.237407 -0.190372 -0.034609 0.002614 0.034181 -0.195423 -0.374616 -0.254638 -0.176808 -0.024673 -0.004980 -0.111263 -0.096706 0.160985 -0.126333 -0.386318 -0.547801 -0.141526 -0.213427 -0.185821 -0.210922 -0.229482 -0.172614 -0.125715 -0.051582 -0.092844 -0.229002 -0.036741 -0.112064 0.127408 -0.034617 0.119100 0.190463 0.246792 -0.018633 -0.101588 -0.148509 0.266203 0.532885 -0.072396 0.173029 0.123555 0.219233 0.141702 0.243937 -0.077452 -0.156898 0.006259 -0.323990 0.369813 0.117317 0.040779 0.000465 0.071549 0.138270 0.172236 0.158348 0.133183 -0.064074 0.145666 -0.015232 -0.014336 0.073323 -0.092871 -0.227889 -0.011537 0.036071 0.092882 0.036537 -0.071666 0.158050 -0.041363 -0.091846 -0.055021 -0.198727 0.019633 -0.222649 -0.188214 -0.040646 -0.171622 -0.039472 -0.013345 0.083732 0.095299 0.189438 -0.074788 -0.200056 0.044343 -0.104130 0.050319 -0.007893 -0.205250 -0.169462 0.060706 0.275764 -0.141079 0.127566
0.060225 -0.011022 1.000000 0.116077 0.317867 0.042527 0.738214 0.438260 0.057422 0.005453 0.039607 -0.294117 0.342935 0.150018 -0.199027 -0.327960 -0.317227 -0.247609 0.330144 -0.076874 0.155560 0.069733 0.131438 -0.016459 0.202708 -0.005055 0.131303 -0.089908 -0.224214 -0.444583 0.112077 -0.077986 -0.035174 0.042271 -0.236139 -0.061333 -0.267249 -0.239797 -0.041234 -0.053250 -0.187405 0.095508 -0.174809 -0.216849 -0.062756 -0.208675 -0.022698 -0.107070 0.363551 -0.012043 0.023237 0.291376 0.082627 -0.094220 -0.092670 -0.129404 -0.215126 0.006766 0.358473 0.323364 0.223673 0.214461 -0.303991 0.019560 0.165117 -0.198735 0.265878 0.143109 0.099721 0.361882 0.032107 -0.013558 -0.270778 -0.297404 -0.359470 -0.197304 -0.340581 -0.318419 -0.293093 -0.334748 -0.442118 -0.220498 -0.105263 -0.085340 -0.263523 -0.275669 -0.114291 -0.221100 0.073109 0.254229 0.328954 0.291616 -0.030221 0.157355 -0.119540 -0.073195 -0.229280 -0.161906 -0.176435 -0.317610 0.117675 0.278309 0.307595 0.001218 0.134999 -0.094308 0.220240 0.245060 -0.205001 -0.170277 -0.083773 -0.264123 -0.214379 -0.129364 -0.296896 -0.264397
-0.185883 0.149200 0.116077 1.000000 -0.125675 0.041292 -0.146726 0.545992 -0.226365 0.032620 0.308394 0.294708 -0.144767 0.021736 0.115824 0.037678 -0.208642 -0.346460 0.023451 0.132786 0.212101 -0.057112 0.567911 0.379800 0.173672 0.075058 0.123850 0.229814 -0.524307 -0.466752 0.152666 0.092492 -0.203948 -0.056243 -0.055696 0.016149 -0.226840 -0.021249 0.058818 0.033743 -0.412224 -0.073194 -0.136056 -0.065165 -0.150014 -0.155470 -0.075128 0.060096 -0.024046 -0.084805 0.260138 0.133861 -0.170015 0.067987 -0.176239 -0.079792 -0.365920 -0.205663 -0.233603 -0.081345 -0.366658 -0.079628 -0.367606 -0.284610 0.221450 0.352646 -0.175131 0.076173 -0.090936 -0.006544 -0.010109 0.197631 -0.482273 -0.239072 -0.236030 -0.122367 -0.160928 -0.030197 -0.264058 -0.297588 -0.423064 -0.436592 0.002210 0.301507 0.202969 0.511429 0.273490 0.181088 0.223710 0.346469 0.314856 0.086658 0.255408 0.003295 -0.171851 0.059306 -0.119648 -0.164320 -0.096048 -0.385263 0.028344 -0.360292 0.039554 -0.136221 0.033385 0.056185 0.048518 -0.081478 -0.191852 -0.077733 0.044427 -0.291484 -0.148232 -0.110030 -0.038588 -0.077448
-0.343563 -0.345048 0.317867 -0.125675 1.000000 0.346763 0.382995 0.141134 0.622018 0.390428 -0.251245 -0.157150 0.098114 0.047978 0.178246 0.097286 -0.303542 -0.111796 0.041332 -0.013153 0.337348 -0.036896 -0.194755 -0.269893 0.417532 0.129379 0.462088 -0.158377 -0.108303 0.049984 -0.054698 -0.151712 -0.315945 -0.149226 0.175328 0.368297 -0.070284 0.115122 0.061499 0.150716 -0.147583 0.128151 -0.000260 -0.040254 0.063844 0.029615 0.118751 0.069652 0.177095 0.038037 -0.137151 0.082310 0.098277 0.054452 0.084629 0.062971 -0.257630 -0.244859 0.383689 0.269679 0.031617 0.150856 -0.325012 -0.197332 -0.014169 -0.040906 0.276755 0.279658 -0.090502 0.101476 -0.000579 -0.106592 -0.200777 0.042406 -0.282808 -0.015824 -0.288645 -0.061767 -0.291182 -0.178877 -0.322609 -0.134122 -0.169070 0.007255 -0.262217 -0.198952 -0.342318 -0.298945 0.056010 0.022629 0.078547 0.021897 -0.160355 0.060054 0.028985 0.201864 0.061894 0.031594 0.050335 -0.107130 -0.034376 0.015011 0.019800 -0.192183 -0.034130 0.023918 0.032947 0.226866 0.032072 -0.168352 0.088890 0.116426 -0.110353 -0.214768 -0.201725 -0.155226
-0.129751 -0.270240 0.042527 0.041292 0.346763 1.000000 0.173209 0.182884 0.280000 0.596349 -0.262562 -0.101002 -0.063696 -0.231491 0.312523 0.481428 -0.360120 -0.247706 -0.037016 -0.057544 0.166912 0.204132 -0.056508 -0.108494 -0.018385 0.408327 0.472855 0.337647 -0.278727 -0.094912 -0.075697 -0.145964 -0.315695 -0.112345 0.290032 0.412116 0.030145 0.135674 0.029588 0.193094 -0.035551 0.157033 -0.248076 -0.234530 -0.242386 -0.159510 -0.274848 -0.144356 -0.139933 -0.248260 0.059888 -0.107332 -0.078114 -0.114251 0.001647 -0.224684 0.074801 -0.237135 0.225051 0.069458 0.072980 0.076579 -0.182475 -0.267423 0.042472 0.354940 0.105694 0.355162 0.014747 0.136107 -0.239759 -0.092612 -0.369684 -0.152641 -0.407933 -0.222558 -0.401416 -0.266775 -0.414512 -0.239121 -0.246549 -0.306589 0.001586 0.092251 -0.041272 0.116829 -0.043592 -0.069799 0.261877 0.106912 0.144280 -0.036366 0.165467 0.096654 -0.078285 0.118529 -0.170510 -0.042374 -0.161423 0.010584 -0.114160 -0.129415 -0.120410 -0.122497 -0.115906 0.107870 0.050034 0.185434 -0.009258 -0.272490 -0.108972 -0.156517 -0.199748 -0.270777 -0.086616 -0.218381
-0.042690 -0.130144 0.738214 -0.146726 0.382995 0.173209 1.000000 0.437627 0.226125 0.187115 -0.024541 -0.095172 0.472280 0.320284 0.016681 -0.059564 -0.107445 0.006289 0.215156 -0.313536 0.001130 0.021590 -0.058357 -0.021318 0.075686 -0.122766 0.173284 -0.175745 0.069274 -0.108974 0.075416 0.023367 0.028019 0.166437 -0.023878 0.079454 -0.164727 -0.393798 -0.222018 -0.292246 -0.097309 -0.189734 -0.185203 -0.234522 -0.153136 -0.201931 -0.110466 -0.299379 0.095322 -0.185363 -0.001045 0.049228 -0.082638 -0.249027 -0.149572 -0.331879 -0.227001 -0.102837 0.318069 0.122270 0.321572 0.326466 -0.090192 0.045069 0.379422 0.011759 0.146094 0.036670 -0.037554 0.216981 -0.036464 -0.079803 -0.040526 -0.082439 -0.206483 -0.078490 -0.296351 -0.339280 -0.093246 -0.155499 -0.173891 -0.046888 -0.146502 -0.169035 -0.071907 -0.274200 -0.229032 -0.289247 0.044384 0.114197 0.134710 0.149469 -0.034736 0.193566 -0.147801 -0.236322 -0.331388 -0.224593 -0.329107 -0.236481 0.141199 0.386088 0.268619 0.116910 0.116122 -0.226114 0.116259 0.081834 -0.199428 -0.018260 -0.274794 -0.145984 -0.182371 -0.065446 -0.249544 -0.215483
-0.089636 0.136437 0.438260 0.545992 0.141134 0.182884 0.437627 1.000000 -0.017026 0.298873 0.264745 0.218822 0.264090 0.346018 0.030014 0.022497 -0.232693 -0.234831 -0.012055 -0.230635 0.165468 -0.086443 0.348057 0.266355 0.151154 -0.046660 0.125503 0.074264 -0.355322 -0.344086 0.078663 0.064775 -0.172158 -0.092235 -0.094889 -0.021689 -0.233542 -0.257307 -0.100506 -0.221539 -0.344367 -0.199894 -0.271743 -0.179561 -0.291163 -0.302927 -0.139880 -0.192144 0.022176 -0.283631 0.247833 0.205963 -0.197881 -0.160329 -0.219412 -0.280059 -0.326950 -0.237110 -0.100158 0.084250 -0.081087 0.245015 -0.268072 -0.129851 0.429413 0.384348 -0.087467 0.057914 -0.046488 0.159304 -0.050964 0.097949 -0.345546 -0.111699 -0.284042 -0.036228 -0.322124 -0.233834 -0.315506 -0.284004 -0.428351 -0.360240 -0.115866 -0.042441 0.031566 0.155720 0.028740 -0.024730 0.107407 0.239381 0.318236 0.155290 0.279539 0.178373 -0.163510 -0.137662 -0.270692 -0.329509 -0.294654 -0.408365 0.151226 0.054459 0.265365 0.019333 0.097876 -0.070332 0.086446 -0.009352 -0.265501 -0.075517 -0.225100 -0.270890 -0.227773 -0.008602 -0.131519 -0.116995
-0.290898 -0.233135 0.057422 -0.226365 0.622018 0.280000 0.226125 -0.017026 1.000000 0.517258 -0.329929 -0.044477 0.212729 0.049729 0.314449 0.313846 -0.224005 -0.025757 -0.095584 -0.084542 -0.037302 0.068153 -0.184568 -0.135138 0.278623 0.221957 0.411187 0.044653 -0.117719 0.086896 -0.143196 -0.112171 -0.283419 -0.171804 0.124951 0.247588 -0.040958 0.024028 -0.081649 -0.010380 0.032253 -0.001226 0.134366 0.123511 0.079548 0.068570 0.196496 0.161150 0.238201 0.130239 -0.034383 0.085962 0.134981 0.098095 0.275279 0.186510 -0.099997 -0.208726 0.302076 0.176772 0.071284 0.201214 -0.226932 -0.191012 -0.130013 0.073289 0.132265 0.120131 -0.128761 0.025329 -0.292510 -0.043525 -0.162549 0.118542 -0.194788 0.007689 -0.254280 -0.212306 -0.168245 -0.141861 -0.100444 -0.096908 -0.177952 -0.087460 -0.181661 -0.246410 -0.519811 -0.408161 -0.039787 -0.068387 0.012969 -0.158720 -0.208827 -0.089434 0.076083 0.033526 0.220906 0.028692 0.117437 0.101202 -0.024415 0.010604 -0.148493 -0.030420 0.018463 -0.034576 -0.218604 0.026892 0.052229 0.156642 -0.007858 0.181168 -0.042318 -0.085014 -0.119620 -0.071185
-0.234324 -0.249395 0.005453 0.032620 0.390428 0.596349 0.187115 0.298873 0.517258 1.000000 -0.175381 0.140462 0.091341 0.069991 0.532254 0.604283 -0.342406 -0.178919 -0.056486 -0.083456 -0.104826 0.065883 -0.061891 0.010959 0.032030 0.273793 0.354948 0.135048 -0.239369 0.063897 -0.145568 -0.146337 -0.393627 -0.307287 0.125532 0.245778 0.054051 0.079831 -0.253156 -0.013394 0.017243 -0.005412 -0.202331 -0.202520 -0.268526 -0.276189 -0.108779 -0.150035 0.021509 -0.245245 0.065316 0.052076 0.107832 -0.015041 0.220586 -0.116456 -0.025496 -0.337817 0.212242 0.117928 0.034814 0.232233 -0.198452 -0.220255 0.090030 0.347284 0.005226 0.082131 -0.082288 0.088052 -0.215440 -0.002250 -0.297090 0.105919 -0.363048 -0.027634 -0.277160 -0.272729 -0.314848 -0.175292 -0.207660 -0.239252 -0.187709 0.050107 0.032994 0.027243 -0.391559 -0.343067 0.231178 0.124241 0.135406 0.074868 0.124541 0.171088 0.051012 0.090914 -0.054680 -0.027218 -0.084197 0.069887 -0.020448 -0.038319 0.008628 -0.013955 -0.110360 -0.006124 -0.129025 0.001929 0.052608 -0.120025 -0.253198 0.040292 -0.166702 -0.144945 -0.095341 -0.213099
0.205554 0.204094 0.039607 0.308394 -0.251245 -0.262562 -0.024541 0.264745 -0.329929 -0.175381 1.000000 0.337740 0.415505 0.339657 0.102270 -0.026362 0.331490 0.005216 0.054141 -0.228528 0.010295 -0.194560 0.453661 0.381176 -0.036855 -0.292469 -0.154842 -0.097661 0.067181 -0.096189 0.263565 0.313953 0.014697 -0.014470 -0.175099 -0.220498 -0.043898 -0.280928 -0.168469 -0.339357 -0.242845 -0.393308 0.068571 0.126767 0.052899 0.013129 0.034590 -0.024289 0.032020 0.056279 0.310837 0.176990 -0.121288 0.089363 -0.091590 -0.010666 -0.328816 -0.064162 -0.369849 -0.270260 -0.214943 -0.074405 -0.126701 0.042924 0.361599 0.077075 -0.397330 -0.375406 -0.195396 -0.132506 0.152135 0.109703 0.048280 -0.019523 0.191500 0.173318 0.127323 -0.022074 0.230083 0.060784 0.004409 0.074890 0.061666 -0.063184 0.449474 0.239753 0.280408 0.151157 -0.069279 0.169080 -0.112205 -0.012757 0.074117 -0.024919 -0.032800 -0.314900 -0.139823 -0.165417 -0.175827 -0.279153 0.052741 -0.128994 0.007478 0.021214 -0.092684 -0.172579 -0.124891 -0.398441 -0.173203 0.027741 -0.180990 -0.272622 -0.156935 0.177687 0.012196 0.055443
-0.107460 0.207927 -0.294117 0.294708 -0.157150 -0.101002 -0.095172 0.218822 -0.044477 0.140462 0.337740 1.000000 0.160233 0.608403 0.366635 0.326397 0.104377 0.212017 -0.143139 -0.085114 -0.175930 -0.204345 0.251610 0.335112 0.035928 -0.222962 -0.199448 -0.061554 0.028050 0.273584 -0.065608 0.103977 -0.137902 -0.093576 -0.048341 -0.033293 -0.079726 -0.050346 -0.276724 -0.246640 -0.263399 -0.377139 0.077270 0.072399 -0.113308 -0.129571 0.087489 -0.004350 -0.076443 -0.086902 0.103197 0.028586 0.014136 0.166576 -0.089119 -0.041847 -0.287898 -0.207254 -0.235281 -0.247722 -0.223504 0.117417 -0.198352 -0.161606 0.179006 0.412627 -0.408323 -0.330151 -0.302454 -0.170788 -0.023478 0.116802 -0.052175 0.228673 0.133328 0.186055 0.098101 0.120505 0.168108 0.194993 -0.011095 0.062476 -0.097493 0.222506 0.322577 0.416928 -0.014676 -0.050941 0.088391 0.104715 -0.142064 -0.077610 0.106023 -0.111393 -0.122008 -0.131363 -0.124800 -0.031746 -0.139648 -0.122009 0.005424 -0.297358 -0.145110 -0.126690 -0.192482 -0.187419 -0.101699 -0.269977 -0.046421 0.048470 -0.157101 -0.085154 -0.032538 0.136757 0.014548 -0.048847
0.121877 0.108548 0.342935 -0.144767 0.098114 -0.063696 0.472280 0.264090 0.212729 0.091341 0.415505 0.160233 1.000000 0.609058 -0.037346 -0.013746 0.112521 0.205168 0.123571 -0.256456 -0.138321 -0.125128 -0.022163 0.075950 -0.022426 -0.254820 -0.000514 -0.262953 0.217822 0.102299 0.058740 0.091385 0.109177 0.054191 -0.289902 -0.239469 -0.040727 -0.272493 -0.209078 -0.364764 -0.080283 -0.272289 0.094910 0.074967 0.072873 -0.054895 0.129286 -0.092689 0.249784 0.117289 0.085325 0.226631 0.108505 -0.052120 0.196303 0.049702 -0.189650 0.013618 0.026247 0.098959 0.160752 0.312141 -0.045290 0.105750 0.027898 -0.161061 -0.125500 -0.339734 -0.131370 0.120082 -0.027244 -0.093215 0.128881 0.114865 0.047456 0.132348 -0.136103 -0.345031 0.137516 0.029142 0.050998 0.166808 -0.259382 -0.272873 -0.016003 -0.288449 -0.325554 -0.288472 -0.244869 0.107892 -0.151467 -0.081649 -0.210120 -0.072433 0.092621 -0.303147 -0.024993 -0.019608 -0.167545 -0.072133 -0.038839 0.217402 0.026786 0.041171 -0.068912 -0.302384 -0.143509 -0.125483 -0.006163 0.182041 -0.328194 -0.121654 -0.076184 0.054860 -0.278177 -0.135603
0.019698 0.229360 0.150018 0.021736 0.047978 -0.231491 0.320284 0.346018 0.049729 0.069991 0.339657 0.608403 0.609058 1.000000 0.018381 0.111984 0.187108 0.380057 0.097103 -0.181043 -0.117357 -0.313434 -0.003802 0.092758 0.050562 -0.463556 -0.289599 -0.426663 0.207223 0.296009 -0.103972 0.005421 0.071557 -0.009000 -0.259405 -0.255211 -0.142359 -0.253300 -0.276099 -0.396563 -0.166498 -0.377344 -0.025889 -0.084242 -0.080363 -0.220041 0.077415 -0.185671 0.083216 -0.116644 -0.035073 0.112903 0.106844 -0.052234 -0.022369 -0.118032 -0.208431 0.097214 -0.060496 0.099359 0.102731 0.395263 -0.038387 0.144359 0.132720 -0.012266 -0.198109 -0.430469 -0.157419 0.071783 0.070204 -0.000018 0.143928 0.269760 0.126322 0.180732 0.018941 -0.116871 0.259430 0.137419 0.034167 0.211966 -0.157206 -0.001485 0.042318 -0.070273 -0.223709 -0.247758 -0.092332 0.238700 -0.008136 0.081197 -0.044755 -0.012981 -0.111024 -0.278355 -0.176568 -0.133489 -0.143568 -0.175623 0.069982 0.134717 0.156803 0.018726 -0.106027 -0.341939 -0.060911 -0.152803 -0.128019 0.037804 -0.293080 -0.120389 -0.013273 0.167103 -0.176466 -0.051600
-0.221785 -0.176316 -0.199027 0.115824 0.178246 0.312523 0.016681 0.030014 0.314449 0.532254 0.102270 0.366635 -0.037346 0.018381 1.000000 0.704124 -0.180295 -0.213486 -0.072078 -0.020479 0.004342 -0.006171 0.215987 0.164181 0.020319 0.160061 0.403395 0.169835 -0.137558 0.059609 -0.016266 -0.079221 -0.446803 -0.323221 0.021765 0.155153 0.060640 0.095056 -0.012191 0.084588 0.038596 -0.041103 -0.115618 -0.130325 -0.257740 -0.227705 -0.112528 -0.061056 -0.108402 -0.214132 0.160285 -0.101821 -0.076911 0.132327 0.137896 -0.017140 -0.254562 -0.367706 -0.045482 -0.190686 -0.226414 -0.009699 -0.365918 -0.428482 0.284380 0.409047 -0.242844 -0.062249 -0.195368 -0.102358 -0.188184 -0.032863 -0.332052 -0.000196 -0.232877 -0.045106 -0.169741 -0.102737 -0.204415 -0.163336 -0.168191 -0.242212 0.166968 0.318154 0.370722 0.318265 0.068513 0.098690 0.418924 0.245897 0.075963 0.026721 0.155005 0.140107 -0.064422 0.101174 0.025513 -0.089969 -0.028052 -0.083018 0.013515 -0.342259 -0.081710 -0.118339 0.026963 0.150417 0.021962 0.061240 -0.077194 -0.032811 -0.115275 -0.030423 -0.149074 -0.020107 0.036739 -0.181585
-0.095504 -0.126737 -0.327960 0.037678 0.097286 0.481428 -0.059564 0.022497 0.313846 0.604283 -0.026362 0.326397 -0.013746 0.111984 0.704124 1.000000 -0.058594 -0.141670 0.023025 0.067225 -0.052680 -0.029400 -0.101111 -0.019791 -0.230583 0.062256 0.199660 0.056528 0.027778 0.260165 -0.103812 -0.203296 -0.163927 -0.096058 0.004653 0.159051 0.033944 0.195744 -0.033721 0.098333 0.088193 0.043662 -0.220764 -0.282171 -0.295308 -0.252416 -0.245525 -0.245495 -0.271092 -0.319559 0.003136 -0.221207 0.007627 -0.072180 0.091476 -0.183970 -0.020413 -0.168961 -0.046987 -0.106688 -0.065016 0.094353 -0.111237 -0.258793 0.126692 0.336029 -0.193819 -0.009570 -0.071598 -0.004634 -0.156259 -0.069342 -0.152323 0.099537 -0.178043 -0.025074 -0.139891 -0.222903 -0.136268 -0.148760 -0.018012 -0.136049 0.222651 0.295108 0.176964 0.219297 -0.032048 -0.085224 0.347171 0.230508 0.082507 0.005963 0.195907 0.078957 -0.029656 0.097297 -0.141324 -0.086994 -0.047442 -0.000589 -0.039423 -0.200004 -0.076776 -0.110029 -0.159329 0.153635 -0.056862 0.064548 -0.011824 -0.113563 -0.194637 0.008284 -0.099503 0.028914 -0.001473 -0.116006
0.173418 0.054305 -0.317227 -0.208642 -0.303542 -0.360120 -0.107445 -0.232693 -0.224005 -0.342406 0.331490 0.104377 0.112521 0.187108 -0.180295 -0.058594 1.000000 0.520667 -0.008509 -0.178716 -0.070061 -0.259779 -0.214563 0.044018 -0.224246 -0.470798 -0.314150 -0.325313 0.621595 0.334617 0.029716 0.207443 0.434466 0.361631 -0.067318 -0.217487 0.110757 -0.424794 -0.140744 -0.367642 0.190975 -0.302414 0.069696 0.005251 0.116257 0.125240 -0.082936 -0.240653 -0.183128 0.006220 -0.026905 -0.219828 -0.158679 -0.138748 -0.172417 -0.184585 0.107539 0.240687 -0.350628 -0.255824 0.097461 -0.058577 0.541488 0.452361 0.089311 -0.186670 -0.259318 -0.409254 -0.076428 -0.288998 0.216475 -0.004856 0.714947 0.202615 0.614471 0.162098 0.300169 0.042658 0.611597 0.400158 0.639139 0.515756 0.181274 -0.057022 0.228907 -0.082142 0.127594 0.086266 -0.310545 -0.112920 -0.253369 -0.170610 -0.058057 -0.040053 -0.037204 -0.335929 -0.213885 -0.217087 -0.137284 0.022386 0.093313 0.243660 0.000826 0.284352 -0.003402 -0.147912 -0.105465 -0.334260 -0.142415 0.131751 -0.273699 -0.044507 0.033465 0.144630 0.299475 0.386705
0.070169 0.118811 -0.247609 -0.346460 -0.111796 -0.247706 0.006289 -0.234831 -0.025757 -0.178919 0.005216 0.212017 0.205168 0.380057 -0.213486 -0.141670 0.520667 1.000000 -0.180697 -0.183913 -0.127752 -0.007900 -0.284782 0.018653 -0.077406 -0.256669 -0.209941 -0.371970 0.528104 0.641295 0.044348 0.296700 0.239886 0.104570 -0.045592 -0.290095 0.196218 -0.188208 -0.129820 -0.318439 0.263987 -0.232831 0.050342 0.026237 0.102858 0.048897 0.038797 -0.279285 -0.050127 -0.013069 -0.186188 -0.099080 0.125970 -0.106415 0.030756 -0.138329 0.130140 0.282351 -0.186060 -0.151340 0.168164 0.021145 0.380027 0.538817 -0.076902 -0.329828 -0.173065 -0.427095 -0.142216 -0.265506 0.192654 -0.001199 0.604467 0.503978 0.458772 0.312634 0.261185 0.171797 0.603354 0.685176 0.565090 0.760147 -0.218461 -0.305468 0.128020 -0.149326 -0.200526 -0.183891 -0.305018 -0.141593 -0.359516 -0.332737 -0.214932 -0.198505 0.100955 -0.271144 -0.126569 -0.082179 -0.183533 0.117462 -0.005521 0.237313 -0.020292 0.227325 -0.095953 -0.234948 -0.062286 -0.291551 0.199372 0.165408 -0.338549 -0.030548 0.076650 0.147871 0.151113 0.237020
0.280256 0.243976 0.330144 0.023451 0.041332 -0.037016 0.215156 -0.012055 -0.095584 -0.056486 0.054141 -0.143139 0.123571 0.097103 -0.072078 0.023025 -0.008509 -0.180697 1.000000 0.575718 0.016673 -0.165941 -0.270803 -0.403295 -0.231438 -0.363623 -0.107611 -0.311041 0.149909 0.000971 -0.043369 -0.262763 0.316984 0.273256 -0.181553 -0.120516 -0.219365 -0.020589 -0.161840 0.096138 -0.185287 0.106159 -0.240011 -0.348895 -0.007536 -0.253175 -0.224169 -0.148862 0.099178 -0.011201 -0.190170 -0.100113 0.100382 -0.078787 -0.182105 -0.228563 0.020557 0.302819 0.283368 0.221635 0.184897 0.254397 0.007470 -0.015625 0.029608 -0.310651 0.298937 0.045790 0.399588 0.360540 0.180365 -0.209879 0.029141 -0.046017 -0.080247 -0.107923 0.037389 -0.215282 -0.107687 -0.122453 -0.187961 -0.114392 0.023703 0.099567 -0.220295 -0.315842 -0.020021 -0.174394 0.025818 0.054386 0.102275 0.223224 -0.097232 0.020183 -0.039511 0.034592 -0.303282 0.115811 -0.059315 -0.061049 -0.109184 0.161773 0.141831 -0.108815 -0.089733 0.031418 0.092165 0.231271 0.016786 -0.274983 -0.004682 -0.048952 -0.004151 -0.101355 -0.127642 -0.007301
0.085486 0.237407 -0.076874 0.132786 -0.013153 -0.057544 -0.313536 -0.230635 -0.084542 -0.083456 -0.228528 -0.085114 -0.256456 -0.181043 -0.020479 0.067225 -0.178716 -0.183913 0.575718 1.000000 0.048700 0.066864 -0.312851 -0.481009 -0.161296 -0.005498 -0.061403 -0.010945 -0.019221 0.098712 -0.069597 -0.336047 0.103361 0.128671 -0.092694 -0.025775 -0.146702 0.476714 0.162629 0.580531 -0.049559 0.484754 -0.054522 -0.123217 0.128776 -0.031386 -0.012931 0.163909 -0.018851 0.152072 -0.299405 -0.144265 0.162390 0.068610 -0.093860 0.060686 0.157982 0.170673 0.108474 0.141343 -0.160972 -0.034663 -0.096437 -0.205499 -0.449808 -0.258177 0.188236 0.227742 0.260302 0.169459 0.156448 -0.124928 -0.060060 0.102497 -0.020469 -0.071286 0.126166 0.105237 -0.192582 -0.043315 -0.162087 -0.113131 0.066001 0.263675 -0.342187 -0.106706 -0.018448 -0.002021 0.118002 -0.059179 0.018767 0.047973 -0.169937 -0.239765 0.114908 0.460550 0.032352 0.352304 0.172731 0.025742 -0.303107 -0.214513 -0.164168 -0.410635 -0.148417 0.339807 0.113928 0.402900 0.227041 -0.320783 0.314016 0.161199 0.121984 -0.177383 -0.025666 0.077375
-0.252388 -0.190372 0.155560 0.212101 0.337348 0.166912 0.001130 0.165468 -0.037302 -0.104826 0.010295 -0.175930 -0.138321 -0.117357 0.004342 -0.052680 -0.070061 -0.127752 0.016673 0.048700 1.000000 -0.143946 0.206676 0.136590 0.436720 0.071551 0.364999 -0.106733 -0.124179 -0.208098 0.228754 0.006027 -0.065171 0.108193 -0.070293 0.140412 0.057435 0.098937 0.318086 0.186167 -0.103661 0.187908 -0.079917 -0.130408 0.038567 0.049622 -0.111050 -0.019602 -0.111829 -0.060088 0.014007 -0.097223 -0.185493 -0.058296 -0.142495 -0.114625 -0.264224 0.063231 -0.248012 -0.205268 -0.324342 -0.260030 -0.328634 -0.167107 0.152228 -0.060747 -0.196629 0.125326 0.038531 -0.000004 0.295608 0.110280 -0.137045 -0.097174 -0.126243 -0.033074 -0.169982 0.133042 -0.140980 -0.088286 -0.275909 -0.210085 0.131414 0.133738 0.009932 0.028279 0.193261 0.126199 0.048017 0.118764 0.370222 0.180588 0.249832 0.261738 -0.346020 0.187047 -0.097594 -0.367947 -0.002258 -0.399106 0.087685 -0.003005 0.090384 -0.084212 0.185519 0.252944 0.277160 0.254349 -0.203507 -0.022888 0.061921 -0.052120 -0.116343 -0.002408 0.040571 -0.204873
0.094926 -0.034609 0.069733 -0.057112 -0.036896 0.204132 0.021590 -0.086443 0.068153 0.065883 -0.194560 -0.204345 -0.125128 -0.313434 -0.006171 -0.029400 -0.259779 -0.007900 -0.165941 0.066864 -0.143946 1.000000 0.021475 -0.001317 -0.035976 0.615366 0.152569 0.443216 -0.074883 0.020898 0.390000 0.324232 -0.099829 -0.026503 -0.046742 0.001990 0.278215 0.264825 0.236504 0.305028 0.237739 0.360132 -0.106101 -0.004653 -0.092422 0.013288 -0.213377 -0.024136 -0.233936 -0.072887 -0.196120 -0.212398 0.031396 -0.182666 -0.120341 0.001642 0.244878 -0.008581 0.016041 -0.134297 -0.025263 -0.264230 -0.017738 -0.045929 -0.228969 0.024469 -0.107399 0.034157 -0.054299 -0.354358 0.030019 0.393361 -0.021105 0.108307 0.031839 0.268601 0.211103 0.242456 0.011238 0.092708 0.106405 0.126418 -0.079893 -0.040757 -0.032773 -0.039486 -0.019698 0.089584 0.300891 -0.073198 -0.159535 -0.197956 -0.043921 -0.203644 0.143860 0.172615 -0.014237 0.132173 -0.176063 0.330084 -0.150387 -0.031064 -0.161557 -0.053767 -0.112798 0.030638 -0.010998 -0.090170 0.183626 -0.064330 0.116496 -0.012191 0.010245 0.188323 -0.125480 -0.192654
-0.206587 0.002614 0.131438 0.567911 -0.194755 -0.056508 -0.058357 0.348057 -0.184568 -0.061891 0.453661 0.251610 -0.022163 -0.003802 0.215987 -0.101111 -0.214563 -0.284782 -0.270803 -0.312851 0.206676 0.021475 1.000000 0.748392 0.418938 0.204013 0.243278 0.322405 -0.489150 -0.509385 0.297176 0.324625 -0.263903 -0.166071 -0.035010 0.018981 0.040333 -0.134984 0.096065 -0.169762 -0.205677 -0.255555 0.038531 0.189926 -0.089811 -0.001286 0.037012 0.139279 0.020935 -0.005882 0.439853 0.222801 -0.281154 0.186941 -0.027153 0.049529 -0.422151 -0.257672 -0.409734 -0.384880 -0.455398 -0.279382 -0.467415 -0.258872 0.385826 0.398782 -0.406646 -0.070209 -0.226595 -0.119486 -0.101451 0.266679 -0.463059 -0.297110 -0.133662 -0.080651 -0.149000 0.048163 -0.107153 -0.192275 -0.304493 -0.320346 -0.038759 0.059711 0.447957 0.486988 0.374252 0.284752 0.192466 0.171098 0.191876 -0.012231 0.336459 0.115246 -0.236771 -0.155434 0.002803 -0.325272 -0.165420 -0.394349 0.157108 -0.338201 -0.015364 -0.040029 0.109169 0.004106 -0.033608 -0.235533 -0.251052 0.097247 -0.034394 -0.312696 -0.221901 0.063696 -0.077469 -0.250231
-0.079782 0.034181 -0.016459 0.379800 -0.269893 -0.108494 -0.021318 0.266355 -0.135138 0.010959 0.381176 0.335112 0.075950 0.092758 0.164181 -0.019791 0.044018 0.018653 -0.403295 -0.481009 0.136590 -0.001317 0.748392 1.000000 0.292383 0.100280 0.142470 0.138464 -0.199275 -0.262468 0.316436 0.427173 -0.088610 -0.041239 -0.150280 -0.149160 0.138699 -0.325977 -0.052250 -0.373697 -0.086042 -0.358099 0.112120 0.185283 -0.096335 0.037080 0.043597 -0.012543 0.014625 -0.024688 0.440342 0.243553 -0.193232 0.085758 0.055733 -0.078771 -0.252021 -0.140230 -0.535303 -0.505156 -0.290347 -0.307380 -0.181783 0.004644 0.381589 0.309916 -0.573199 -0.359719 -0.237707 -0.310450 -0.023654 0.381285 -0.154663 -0.128169 -0.024499 0.050877 -0.105229 0.051974 0.086934 -0.014853 -0.062380 -0.119420 -0.098034 0.005312 0.399704 0.333945 0.128232 0.071117 0.018370 0.150041 0.132585 -0.097232 0.326423 0.129021 -0.279594 -0.257362 -0.003596 -0.518953 -0.248602 -0.361139 0.245758 -0.132661 -0.002646 0.209232 0.152223 -0.154420 -0.171013 -0.445160 -0.234605 0.320336 -0.284045 -0.183552 -0.153429 0.121436 0.033694 -0.256925
-0.398933 -0.195423 0.202708 0.173672 0.417532 -0.018385 0.075686 0.151154 0.278623 0.032030 -0.036855 0.035928 -0.022426 0.050562 0.020319 -0.230583 -0.224246 -0.077406 -0.231438 -0.161296 0.436720 -0.035976 0.418938 0.292383 1.000000 0.226977 0.439736 -0.036161 -0.313444 -0.243860 0.080384 0.065444 -0.274038 -0.156588 0.123959 0.200439 0.014497 -0.032443 0.218975 -0.032945 -0.153456 0.010943 0.190122 0.240897 0.176991 0.198686 0.246174 0.259151 0.200199 0.123887 0.256421 0.229122 -0.007405 0.189579 0.163317 0.191100 -0.426990 -0.169033 -0.126861 -0.086761 -0.342067 -0.219994 -0.409391 -0.188038 0.123505 0.085517 -0.032330 0.130102 -0.192881 -0.077074 0.002435 0.167894 -0.317143 0.003614 -0.128421 0.027885 -0.162147 0.137920 -0.087072 -0.152030 -0.253865 -0.193941 -0.210221 0.036700 0.056063 0.081631 -0.164999 -0.065564 -0.047768 0.047563 0.132138 -0.085268 -0.044748 -0.004451 -0.204437 -0.013170 0.189166 -0.221403 0.099409 -0.260810 0.036845 -0.201781 -0.106220 -0.180213 0.008794 -0.084681 -0.072342 -0.060195 -0.203709 -0.016741 0.185551 0.020736 -0.061549 -0.154752 -0.027149 -0.193330
-0.262960 -0.374616 -0.005055 0.075058 0.129379 0.408327 -0.122766 -0.046660 0.221957 0.273793 -0.292469 -0.222962 -0.254820 -0.463556 0.160061 0.062256 -0.470798 -0.256669 -0.363623 -0.005498 0.071551 0.615366 0.204013 0.100280 0.226977 1.000000 0.413834 0.722428 -0.358244 -0.206541 0.230249 0.179707 -0.395378 -0.188452 0.225573 0.337293 0.176474 0.468827 0.324046 0.435322 0.199796 0.441648 0.036042 0.145564 -0.010633 0.107331 -0.006511 0.302504 0.013028 0.023295 0.084098 0.010523 0.029463 0.087728 0.198169 0.225587 -0.041691 -0.359941 0.042963 -0.064892 -0.159849 -0.310016 -0.287713 -0.304016 -0.212342 0.222754 0.048768 0.349596 -0.232236 -0.248060 -0.221219 0.173975 -0.372494 -0.156767 -0.240851 -0.139619 -0.107597 0.092818 -0.305269 -0.142298 -0.155764 -0.192054 -0.088141 0.112689 -0.065728 0.104201 -0.095805 0.023904 0.258069 -0.106333 -0.092299 -0.188857 -0.115194 -0.157427 0.112903 0.290396 0.348477 0.181805 0.073071 0.162620 -0.243229 -0.355481 -0.366620 -0.274762 -0.053142 0.171617 -0.204010 0.090695 0.064122 -0.100014 0.352727 0.024967 -0.014460 -0.132244 -0.028273 -0.225166
-0.302251 -0.254638 0.131303 0.123850 0.462088 0.472855 0.173284 0.125503 0.411187 0.354948 -0.154842 -0.199448 -0.000514 -0.289599 0.403395 0.199660 -0.314150 -0.209941 -0.107611 -0.061403 0.364999 0.152569 0.243278 0.142470 0.439736 0.413834 1.000000 0.311567 -0.311286 -0.186347 0.144932 0.042488 -0.368635 -0.143665 0.131806 0.334418 -0.006122 0.066018 0.204682 0.162910 -0.052847 0.166576 -0.099992 -0.026059 -0.060223 -0.034209 -0.043830 0.023757 0.062770 -0.076984 0.183191 0.011019 -0.076935 0.049096 0.237385 0.028532 -0.274584 -0.315231 0.029542 -0.044160 -0.201035 -0.111444 -0.348741 -0.292131 0.056570 0.203510 0.021807 0.242758 -0.134587 -0.055078 -0.224784 -0.015040 -0.404209 -0.114499 -0.407054 -0.114970 -0.444648 -0.164496 -0.331548 -0.229270 -0.286562 -0.309081 -0.053251 0.001732 0.063096 0.084315 -0.097366 0.024594 0.195352 0.166132 0.128725 -0.177061 0.048041 0.089188 0.009918 0.130538 0.077649 -0.123423 -0.050337 -0.147284 0.038821 -0.144445 -0.091932 -0.060481 0.055583 0.130498 0.023482 0.098779 -0.087804 0.029104 -0.061345 -0.050380 -0.204347 -0.272827 -0.036776 -0.186910
-0.120113 -0.176808 -0.089908 0.229814 -0.158377 0.337647 -0.175745 0.074264 0.044653 0.135048 -0.097661 -0.061554 -0.262953 -0.426663 0.169835 0.056528 -0.325313 -0.371970 -0.311041 -0.010945 -0.106733 0.443216 0.322405 0.138464 -0.036161 0.722428 0.311567 1.000000 -0.465969 -0.388411 0.033777 0.041444 -0.384267 -0.183442 0.277851 0.330188 0.037493 0.319526 0.251615 0.321038 0.011230 0.190040 -0.049815 0.104851 -0.195634 -0.040864 -0.116628 0.231447 -0.096002 -0.095036 0.259156 -0.035092 -0.173658 0.086333 -0.027656 0.151800 0.064634 -0.341528 0.020902 -0.075646 -0.132178 -0.189930 -0.179259 -0.331321 -0.126641 0.510369 -0.002309 0.305292 -0.143570 -0.183006 -0.293863 0.100955 -0.413239 -0.342992 -0.236833 -0.242092 -0.113264 0.041455 -0.256075 -0.196341 -0.105122 -0.293419 0.065866 0.101689 0.048325 0.292769 0.170954 0.236144 0.362559 0.028698 -0.037850 -0.119359 0.055700 -0.103491 0.158359 0.204531 0.237268 0.200297 0.002286 0.142843 -0.171477 -0.364643 -0.310078 -0.144322 -0.010782 0.233048 -0.167374 0.038433 0.000574 -0.121120 0.257346 -0.076939 -0.088994 -0.102731 0.082387 -0.039936
0.226004 -0.024673 -0.224214 -0.524307 -0.108303 -0.278727 0.069274 -0.355322 -0.117719 -0.239369 0.067181 0.028050 0.217822 0.207223 -0.137558 0.027778 0.621595 0.528104 0.149909 -0.019221 -0.124179 -0.074883 -0.489150 -0.199275 -0.313444 -0.358244 -0.311286 -0.465969 1.000000 0.689484 0.150723 0.202387 0.465820 0.390168 -0.102718 -0.192907 0.209850 -0.198325 -0.140626 -0.187843 0.383634 -0.039429 0.067087 -0.020037 0.174666 0.129533 -0.058125 -0.207160 -0.241016 0.040710 -0.351747 -0.349778 0.020943 -0.192046 -0.116847 -0.200216 0.158270 0.213256 -0.129805 -0.136812 0.260593 -0.002835 0.514824 0.463693 -0.044779 -0.434681 -0.092382 -0.321486 -0.121628 -0.215922 0.260640 -0.123895 0.861066 0.289949 0.504101 0.126747 0.343004 0.044481 0.492968 0.431211 0.544639 0.550373 0.094629 -0.049346 -0.019062 -0.370216 -0.142013 -0.127760 -0.363069 -0.303139 -0.359826 -0.169858 -0.147564 -0.162847 0.003774 -0.226260 -0.199160 -0.091831 -0.104779 0.155287 -0.004901 0.321073 -0.022345 0.097087 -0.024247 -0.104381 -0.024236 -0.132664 0.098954 0.074491 -0.147734 0.210299 0.064778 0.196026 0.045860 0.193290
0.077345 -0.004980 -0.444583 -0.466752 0.049984 -0.094912 -0.108974 -0.344086 0.086896 0.063897 -0.096189 0.273584 0.102299 0.296009 0.059609 0.260165 0.334617 0.641295 0.000971 0.098712 -0.208098 0.020898 -0.509385 -0.262468 -0.243860 -0.206541 -0.186347 -0.388411 0.689484 1.000000 0.047548 0.146643 0.205256 0.106709 -0.002347 -0.095319 0.152849 0.137474 -0.155113 -0.032749 0.178571 0.005265 0.070578 -0.016170 0.124295 0.092529 0.018282 -0.174780 -0.218395 0.000145 -0.420189 -0.316596 0.210030 -0.054459 0.052843 -0.074282 0.140816 0.057885 -0.126297 -0.087539 0.111154 0.061264 0.359251 0.310714 -0.224317 -0.283563 -0.109680 -0.243552 -0.213357 -0.292242 0.192375 -0.026412 0.615681 0.673397 0.441054 0.412454 0.359884 0.233898 0.388546 0.600306 0.427634 0.588174 -0.101009 -0.047244 -0.007488 -0.174797 -0.273909 -0.193478 -0.198499 -0.262659 -0.473246 -0.260636 -0.232564 -0.271925 0.182308 0.000515 -0.122379 0.174787 -0.006428 0.324173 -0.163595 0.053648 -0.145936 -0.092045 -0.299064 -0.069388 -0.051497 -0.146366 0.259940 -0.026573 -0.144770 0.207338 0.134722 0.158390 0.008990 0.206670
-0.039480 -0.111263 0.112077 0.152666 -0.054698 -0.075697 0.075416 0.078663 -0.143196 -0.145568 0.263565 -0.065608 0.058740 -0.103972 -0.016266 -0.103812 0.029716 0.044348 -0.043369 -0.069597 0.228754 0.390000 0.297176 0.316436 0.080384 0.230249 0.144932 0.033777 0.150723 0.047548 1.000000 0.753812 0.118930 0.264677 -0.146444 -0.048431 0.129498 -0.106994 -0.037349 -0.046549 0.058627 0.054629 0.040338 0.083288 0.139385 0.194299 -0.076599 -0.038965 -0.146160 0.110561 -0.007170 -0.028210 -0.099493 -0.060540 -0.233647 -0.124115 -0.211685 -0.042714 -0.330801 -0.365247 -0.238120 -0.425938 -0.085915 0.060110 0.065036 -0.146908 -0.322987 -0.149746 -0.157063 -0.384475 0.269097 0.408977 0.136038 0.110686 0.085786 0.251776 0.176001 0.198803 0.037254 0.125829 -0.012642 0.100197 -0.008394 -0.024575 0.166862 -0.000909 0.018384 0.075936 -0.108320 -0.168317 -0.144434 -0.242322 0.037508 -0.068392 -0.116380 -0.148752 -0.132398 -0.230905 -0.225175 -0.202996 0.128711 -0.009189 -0.023939 -0.038409 0.007822 -0.096507 -0.033968 -0.215675 -0.055612 0.086639 -0.049745 -0.131749 -0.127642 0.129462 -0.055924 -0.175538
-0.052597 -0.096706 -0.077986 0.092492 -0.151712 -0.145964 0.023367 0.064775 -0.112171 -0.146337 0.313953 0.103977 0.091385 0.005421 -0.079221 -0.203296 0.207443 0.296700 -0.262763 -0.336047 0.006027 0.324232 0.324625 0.427173 0.065444 0.179707 0.042488 0.041444 0.202387 0.146643 0.753812 1.000000 -0.004655 0.139079 0.096375 -0.018459 0.147059 -0.283050 -0.179784 -0.281524 0.028110 -0.264235 0.191026 0.285757 0.243250 0.315107 0.055835 0.017779 -0.070899 0.200347 0.049581 0.015645 -0.152101 0.030171 -0.216086 -0.085150 -0.202153 -0.147515 -0.293594 -0.385566 -0.171657 -0.302677 -0.002051 0.098447 0.153047 -0.028329 -0.323858 -0.208918 -0.407015 -0.510239 0.140773 0.370799 0.211744 0.170118 0.225206 0.286916 0.217527 0.209079 0.249421 0.307717 0.161521 0.221700 -0.156376 -0.188538 0.296292 0.029669 -0.049093 -0.034976 -0.256320 -0.371731 -0.362426 -0.387241 -0.066923 -0.197408 -0.011341 -0.343157 -0.108932 -0.153726 -0.296428 -0.092858 0.040017 -0.000823 -0.133319 0.081176 -0.055145 -0.262788 -0.154159 -0.418716 -0.092338 0.172362 -0.165177 -0.179750 -0.128565 0.113684 -0.024129 -0.039619
0.320612 0.160985 -0.035174 -0.203948 -0.315945 -0.315695 0.028019 -0.172158 -0.283419 -0.393627 0.014697 -0.137902 0.109177 0.071557 -0.446803 -0.163927 0.434466 0.239886 0.316984 0.103361 -0.065171 -0.099829 -0.263903 -0.088610 -0.274038 -0.395378 -0.368635 -0.384267 0.465820 0.205256 0.118930 -0.004655 1.000000 0.759438 -0.208229 -0.293024 0.041057 -0.183804 -0.078867 -0.155616 0.194298 -0.024269 -0.082832 -0.151602 0.117256 0.059649 -0.199869 -0.233467 -0.136658 0.029348 -0.263066 -0.196047 -0.018433 -0.343903 -0.133743 -0.168505 0.213726 0.404581 -0.245209 -0.044085 0.227819 0.137069 0.587273 0.476835 0.007121 -0.321074 0.074296 -0.137047 0.280796 -0.019894 0.127735 -0.035919 0.518677 0.051903 0.299459 0.054380 0.243679 -0.038516 0.305592 0.199003 0.332006 0.268039 0.069289 -0.125520 -0.169878 -0.321520 0.050076 -0.002932 -0.368508 -0.155068 -0.132727 -0.072982 -0.087603 -0.004129 -0.064200 -0.129147 -0.178887 -0.089900 -0.095762 0.094703 0.068481 0.310935 0.090162 0.241661 -0.001612 -0.163722 -0.126664 -0.202970 0.114899 0.210510 -0.068621 0.077773 0.224396 0.171224 0.149195 0.190044
0.076904 -0.126333 0.042271 -0.056243 -0.149226 -0.112345 0.166437 -0.092235 -0.171804 -0.307287 -0.014470 -0.093576 0.054191 -0.009000 -0.323221 -0.096058 0.361631 0.104570 0.273256 0.128671 0.108193 -0.026503 -0.166071 -0.041239 -0.156588 -0.188452 -0.143665 -0.183442 0.390168 0.106709 0.264677 0.139079 0.759438 1.000000 0.034377 0.121310 0.017311 -0.169781 -0.056788 -0.084890 0.111447 0.018894 -0.086662 -0.142161 0.093921 0.157057 -0.249723 -0.170793 -0.299303 0.015505 -0.228785 -0.340694 -0.262340 -0.400852 -0.303138 -0.308756 0.052557 0.112945 -0.207510 -0.193113 0.108170 0.048201 0.369528 0.278694 0.067940 -0.076828 -0.044566 0.083391 0.030929 -0.125359 0.093149 0.112066 0.384062 -0.061510 0.174614 -0.037869 0.085408 0.012507 0.122348 0.179248 0.172518 0.089919 0.078910 0.063106 -0.156862 -0.230023 -0.001204 -0.049572 -0.291627 -0.219522 -0.034246 -0.070700 0.000855 0.037457 -0.197701 -0.044123 -0.217878 -0.156203 -0.105394 -0.025274 0.093936 0.229224 0.028771 0.160040 0.048605 -0.141999 -0.088268 -0.181933 0.001546 0.200009 0.003233 0.025369 0.167674 0.034146 0.147754 -0.022149
-0.314260 -0.386318 -0.236139 -0.055696 0.175328 0.290032 -0.023878 -0.094889 0.124951 0.125532 -0.175099 -0.048341 -0.289902 -0.259405 0.021765 0.004653 -0.067318 -0.045592 -0.181553 -0.092694 -0.070293 -0.046742 -0.035010 -0.150280 0.123959 0.225573 0.131806 0.277851 -0.102718 -0.002347 -0.146444 0.096375 -0.208229 0.034377 1.000000 0.731812 -0.017776 0.050842 -0.050707 -0.031950 -0.054342 -0.158937 0.116495 0.196037 0.134915 0.321056 0.043968 0.161953 -0.163682 0.058541 0.082584 -0.104053 -0.259369 0.097477 -0.102969 -0.016575 -0.087763 -0.354207 0.204136 -0.041787 -0.046699 -0.011247 -0.020942 -0.221581 0.123033 0.329739 0.278555 0.485470 -0.198394 -0.030711 -0.197566 -0.239430 -0.125129 -0.126940 -0.116143 -0.230811 -0.092082 -0.003745 -0.093716 0.039619 -0.033935 -0.132426 -0.085530 -0.058299 0.048792 0.135293 -0.016751 -0.022999 -0.056407 -0.346556 -0.195543 -0.188276 -0.087554 -0.072619 0.094524 -0.076322 0.064750 0.202797 0.037165 0.078229 -0.163774 -0.210941 -0.225663 -0.140954 -0.167429 -0.045962 -0.179964 -0.079547 0.081060 -0.068784 0.232251 0.066648 -0.028662 -0.255355 0.138418 0.110157
-0.406565 -0.547801 -0.061333 0.016149 0.368297 0.412116 0.079454 -0.021689 0.247588 0.245778 -0.220498 -0.033293 -0.239469 -0.255211 0.155153 0.159051 -0.217487 -0.290095 -0.120516 -0.025775 0.140412 0.001990 0.018981 -0.149160 0.200439 0.337293 0.334418 0.330188 -0.192907 -0.095319 -0.048431 -0.018459 -0.293024 0.121310 0.731812 1.000000 -0.052479 0.173407 0.007692 0.107333 -0.080861 0.008172 0.034461 0.084733 0.001262 0.244303 -0.019740 0.168926 -0.219522 -0.014594 0.041002 -0.140634 -0.325838 0.037029 -0.102005 -0.069522 -0.200867 -0.523330 0.242643 -0.003493 -0.148339 -0.114899 -0.207369 -0.362425 0.011554 0.388514 0.215095 0.626705 -0.184598 0.087450 -0.246077 -0.166853 -0.290798 -0.204213 -0.241026 -0.204260 -0.295484 -0.005452 -0.276039 -0.118888 -0.184053 -0.276533 -0.083371 0.085024 -0.053242 0.170876 -0.034719 -0.036424 0.062378 -0.250765 -0.001463 -0.119223 0.049925 0.047130 -0.060586 0.078419 -0.006712 0.131921 0.015848 -0.027343 -0.028235 -0.217368 -0.109445 -0.184358 -0.042608 0.088962 -0.013134 0.131167 0.026659 -0.107624 0.250051 0.045849 -0.225825 -0.301387 0.027381 -0.127300
