1.000000 0.676161 0.295370 0.251432 -0.061974 -0.172037 0.451242 0.350973 -0.256540 -0.218993 0.444429 0.469740 0.394271 0.177222 -0.033206 -0.039095 0.357180 0.146749 0.503366 0.493842 -0.351319 -0.241783 0.174276 -0.061021 -0.268032 -0.313259 -0.327167 -0.327803 0.208860 -0.046389 0.112837 0.094392 0.425919 0.408565 -0.167767 0.061227 -0.243935 -0.209369 -0.430020 -0.171418 -0.216071 -0.072638 0.236165 0.214468 0.027907 0.012178 -0.244547 -0.041387 -0.049676 -0.014836 0.106089 -0.159480 0.003783 -0.082561 -0.402289 -0.366524 0.647536 0.452138 0.197825 0.138993 0.526572 0.464385 0.373702 0.539279 0.210032 0.171660 0.008125 -0.063037 0.056251 0.104255 0.069300 0.006151 -0.003707 0.148074 0.288618 0.091091 0.236162 0.184705 0.174698 0.187615 0.179492 0.099121 -0.206813 0.155425 -0.075799 -0.209684 -0.264646 -0.261673 -0.143891 -0.215432 -0.299242 -0.444488 -0.225826 -0.381875 -0.005615 -0.022006 -0.176286 -0.028268 -0.343897 -0.413616 -0.428976 -0.265813 -0.467722 -0.400388 -0.447778 -0.396889 -0.275889 -0.308288 0.105357 -0.046665 -0.116340 -0.410039 -0.479421 -0.170143 -0.239872 -0.134142
0.676161 1.000000 0.216178 0.207855 -0.068973 -0.134285 0.390504 0.457958 -0.171042 -0.209587 0.382624 0.554903 0.363271 0.301119 0.036222 0.138120 0.383858 0.172595 0.329821 0.506798 -0.353837 -0.165947 0.124502 -0.046645 -0.136257 -0.162620 -0.266288 -0.227830 0.105083 0.014427 0.116323 0.068603 0.341380 0.316449 -0.103628 0.034406 -0.379409 -0.255131 -0.564860 -0.256278 -0.333090 0.006983 0.158140 0.085062 0.061995 0.013573 -0.142337 -0.024491 0.057300 0.103510 0.167606 0.011391 0.024841 -0.082914 -0.490058 -0.531106 0.351140 0.582787 0.131783 0.174200 0.256986 0.342449 0.182197 0.501030 -0.011260 0.072597 0.010725 0.013989 0.098644 0.207516 -0.008392 0.070410 -0.234919 0.107394 0.050845 0.049106 0.027348 0.082566 0.120309 0.105169 0.265591 0.142763 -0.100645 0.193843 -0.152904 -0.170186 -0.252775 -0.332103 -0.273826 -0.310634 -0.199954 -0.314111 -0.100415 -0.217588 0.038212 -0.061763 -0.131716 -0.073843 -0.137316 -0.415384 -0.336923 -0.217198 -0.404126 -0.343400 -0.405345 -0.452486 -0.252267 -0.319723 0.105863 0.051409 -0.043243 -0.215458 -0.301614 -0.188608 -0.255387 -0.203273
0.295370 0.216178 1.000000 0.414564 -0.060828 -0.145024 0.739732 0.573721 -0.239232 -0.051806 0.122746 0.338433 0.217313 0.090799 -0.006525 0.028450 0.078871 -0.026503 0.459762 0.158162 -0.356021 0.169094 0.709654 0.391348 0.118964 0.218491 -0.210275 -0.039698 -0.102669 -0.368803 0.584480 0.573850 0.144083 0.353795 -0.361487 -0.064903 -0.441947 -0.177859 -0.411910 -0.422139 -0.477903 -0.054841 -0.183775 0.179847 0.170637 0.184470 -0.255698 -0.137830 -0.120866 0.077371 0.051236 0.072258 -0.335422 -0.009524 -0.405281 -0.355068 0.077298 0.140180 -0.132096 -0.055578 0.225849 0.134647 0.047688 0.127137 0.317805 0.228642 -0.039950 0.163957 -0.186156 -0.025266 0.298554 0.280920 -0.426923 -0.176205 -0.211721 0.061943 0.114928 -0.126787 0.136440 0.066461 -0.064470 0.073737 0.065345 0.255709 0.043766 0.216140 -0.037363 -0.243559 0.003027 -0.315764 -0.180241 -0.184084 -0.081736 -0.008156 -0.125379 -0.493804 -0.356100 -0.451117 -0.140559 -0.384170 -0.107989 -0.138503 -0.380871 -0.325817 -0.504104 -0.490347 -0.150245 -0.471646 -0.217454 -0.206475 -0.197995 -0.141431 -0.026799 -0.205706 -0.364149 -0.316259
0.251432 0.207855 0.414564 1.000000 0.094768 0.119862 0.352793 0.559968 0.157946 0.170407 0.293391 0.251705 0.203446 0.134386 0.265009 0.372627 0.102633 -0.040388 0.474956 0.060784 0.034539 0.121865 0.266422 0.269363 0.105617 0.145810 0.178946 0.234007 -0.126974 0.029894 0.342093 0.227340 0.066352 0.065214 -0.053160 -0.258837 -0.355881 -0.123495 -0.202096 -0.220850 -0.219518 0.116599 -0.142366 -0.147262 -0.098148 -0.198539 -0.204934 -0.194725 -0.137295 -0.214150 0.110375 -0.295209 -0.137527 -0.214893 -0.167413 -0.278425 0.102188 0.235958 -0.080723 -0.077784 0.255273 0.104059 0.033273 0.053992 0.210093 0.128413 -0.001407 -0.098970 -0.134889 -0.201212 0.091696 0.091351 -0.213384 0.173243 -0.065168 0.076584 -0.077135 -0.120330 -0.006974 0.017398 -0.158293 -0.198574 -0.086045 -0.058157 -0.023134 0.153689 0.032442 -0.061222 0.066405 -0.052807 -0.082087 -0.239890 0.112168 -0.178090 -0.198275 -0.179311 -0.077039 -0.339957 -0.474218 -0.312408 -0.144192 -0.132598 -0.299680 -0.158894 -0.321567 -0.234686 -0.354206 -0.227487 -0.084267 -0.311345 -0.243598 -0.241668 -0.116489 -0.060100 -0.061226 -0.004468
-0.061974 -0.068973 -0.060828 0.094768 1.000000 0.640253 -0.066643 0.022114 0.561609 0.524594 -0.035849 -0.181788 0.008668 -0.036027 0.250378 0.297487 -0.216611 -0.434705 0.001486 -0.109548 0.315967 -0.083998 -0.249017 -0.143175 0.419878 0.070310 0.642527 0.370202 -0.170125 0.093248 -0.256786 -0.320226 -0.193881 -0.259797 0.225806 0.009324 0.041798 0.089976 0.289636 -0.141865 0.188365 0.374338 0.011034 -0.134572 -0.131972 -0.191784 0.062651 -0.024808 0.004373 -0.148048 -0.080070 -0.102913 0.078587 -0.056134 0.219348 0.125523 -0.136257 -0.225565 0.308222 0.184392 0.156576 0.040358 -0.078225 -0.333928 -0.017992 -0.089491 0.264975 0.067642 0.152901 0.051013 -0.290245 -0.334681 -0.016895 0.045034 0.007750 -0.269704 -0.327738 -0.222171 -0.371384 -0.243777 -0.438519 -0.553584 0.015156 -0.216080 -0.105917 -0.036323 -0.054719 0.042421 0.176978 0.109463 0.267363 0.110961 0.178410 0.042719 -0.179481 0.172323 0.211579 0.095008 0.043312 0.313905 0.240518 0.007344 0.121660 0.204631 0.049920 0.189316 -0.080927 0.224395 0.091281 -0.151269 0.022175 -0.030112 0.239092 0.326498 0.160652 -0.097694
-0.172037 -0.134285 -0.145024 0.119862 0.640253 1.000000 -0.103335 -0.004213 0.597390 0.608852 -0.006908 -0.220512 -0.122965 -0.151425 0.121894 0.501404 -0.245115 -0.390801 -0.100944 -0.286152 0.350429 0.221564 -0.267510 -0.106147 0.322413 0.300991 0.772131 0.711672 -0.364538 0.168566 -0.259126 -0.319415 -0.201392 -0.375374 0.147977 -0.179683 0.085674 0.365571 0.321436 0.029925 0.264632 0.628884 -0.075035 -0.232939 -0.199272 -0.266525 -0.042112 -0.017795 0.058279 -0.123920 -0.052382 -0.217196 0.174490 -0.188298 0.145616 0.128176 -0.169970 -0.096352 0.209608 0.065059 0.000062 -0.097164 -0.194824 -0.265007 -0.228013 -0.278735 0.113222 -0.103709 0.089192 -0.094042 -0.278310 -0.236621 -0.197218 0.086436 -0.270629 -0.159039 -0.404221 -0.168538 -0.317154 -0.264829 -0.344804 -0.499990 0.068011 -0.163712 -0.223525 -0.084123 -0.068997 -0.085673 0.047190 0.018620 0.484883 0.365525 0.539240 0.206606 -0.154959 0.121574 0.264455 0.050720 -0.051370 0.454509 0.034576 -0.017402 -0.031552 0.141523 0.067320 0.145701 -0.102903 0.118139 0.160340 -0.094358 0.003922 0.091490 0.428439 0.171302 0.230928 -0.040393
0.451242 0.390504 0.739732 0.352793 -0.066643 -0.103335 1.000000 0.705917 -0.186365 -0.006663 0.259808 0.485820 0.155215 0.140458 -0.095409 0.082717 0.226927 0.152471 0.331162 0.043744 -0.212653 0.324533 0.473716 0.155131 -0.104556 0.081036 -0.208481 -0.112968 -0.049075 -0.185782 0.473156 0.453816 0.136201 0.223175 -0.452969 -0.199952 -0.458021 0.018591 -0.378779 -0.143401 -0.415079 0.131416 -0.094452 0.025697 0.185647 0.131663 -0.367190 -0.386430 -0.056612 0.081186 0.090589 -0.039707 -0.321035 -0.213821 -0.334811 -0.273048 0.085529 0.222747 -0.136974 -0.212306 0.125213 0.122548 -0.002556 0.315008 0.082185 0.026892 -0.337313 -0.231347 -0.467119 -0.259003 0.429391 0.406817 -0.267476 0.058179 -0.074537 0.280156 0.134414 -0.035050 0.031060 0.029254 0.109557 0.090543 0.022287 0.172975 -0.163260 -0.027319 0.099675 -0.243654 -0.077040 -0.269840 -0.078310 0.015658 0.117640 0.109124 -0.114880 -0.429773 -0.465699 -0.517447 -0.218489 -0.337354 -0.268227 -0.150800 -0.391824 -0.393267 -0.371300 -0.391439 0.035363 -0.588359 -0.248109 -0.143578 -0.522316 -0.355364 -0.032335 -0.190021 -0.259708 -0.222378
0.350973 0.457958 0.573721 0.559968 0.022114 -0.004213 0.705917 1.000000 -0.102095 0.173382 0.209191 0.611645 0.281269 0.458501 0.006826 0.335616 0.175099 0.046153 0.232908 0.110045 -0.263861 0.197455 0.340514 0.188878 0.071352 0.184102 -0.141529 -0.037233 -0.111362 -0.016774 0.431325 0.397317 0.094467 0.210677 -0.373357 -0.194934 -0.465366 -0.154478 -0.495851 -0.333520 -0.560139 0.062155 -0.065287 -0.036846 0.189934 0.093609 -0.206858 -0.197368 0.000309 0.029370 0.143116 -0.106455 -0.176485 -0.184470 -0.430487 -0.448527 0.087902 0.228608 -0.164044 -0.110927 0.087391 0.203099 -0.042014 0.283713 0.050851 0.214874 -0.149310 -0.052012 -0.261542 -0.094000 0.211826 0.370371 -0.380175 0.094527 -0.202294 0.117657 -0.061695 -0.139859 -0.013812 -0.063849 0.037247 0.013125 -0.092591 0.192852 -0.130447 0.111233 -0.019553 -0.258105 -0.151443 -0.333037 0.017241 -0.175001 0.114870 -0.064904 -0.143764 -0.443508 -0.282225 -0.434039 -0.263356 -0.347875 -0.193707 -0.234875 -0.429606 -0.322720 -0.453144 -0.451973 -0.157823 -0.458024 -0.152840 -0.186878 -0.293484 -0.223447 -0.076940 -0.152362 -0.263729 -0.261737
-0.256540 -0.171042 -0.239232 0.157946 0.561609 0.597390 -0.186365 -0.102095 1.000000 0.607065 0.073902 -0.273648 0.041042 -0.092170 0.480135 0.507359 -0.150856 -0.356675 -0.186230 -0.256564 0.546720 0.023695 -0.440456 -0.249487 0.253592 0.048830 0.590161 0.419825 -0.166838 0.287958 -0.268186 -0.498264 -0.251262 -0.310232 0.293773 -0.064388 0.032380 0.208126 0.478810 0.125828 0.407220 0.415009 -0.101025 -0.170582 -0.012787 -0.084072 0.066428 0.088911 0.156577 0.004898 -0.045656 -0.136365 0.054728 -0.063261 0.251303 0.266614 -0.277651 -0.255813 0.196379 0.105412 -0.003578 -0.110493 -0.138430 -0.328770 -0.056335 -0.100527 0.115542 -0.012784 0.041856 -0.135119 -0.250717 -0.378997 0.081749 0.166907 -0.042325 -0.071752 -0.293591 -0.120629 -0.388060 -0.272268 -0.394612 -0.511004 0.174169 -0.328964 -0.247652 -0.096945 0.066283 -0.026431 -0.019814 0.207856 0.291224 0.275250 0.239387 0.067733 -0.230682 0.111811 0.211266 0.144806 -0.018808 0.483909 0.188634 -0.041855 0.190064 0.195626 0.162454 0.219447 -0.104037 0.270613 -0.030380 -0.201751 0.054754 0.078449 0.249121 0.204977 0.282172 0.127876
-0.218993 -0.209587 -0.051806 0.170407 0.524594 0.608852 -0.006663 0.173382 0.607065 1.000000 -0.145586 -0.164545 -0.081268 0.112468 0.137363 0.538389 -0.267638 -0.414533 -0.152830 -0.367925 0.383488 0.262207 -0.183357 -0.053056 0.342101 0.300802 0.437165 0.516738 -0.359954 0.187788 -0.102257 -0.219001 -0.368009 -0.376793 -0.081841 -0.260390 -0.086682 0.170913 0.284625 -0.058063 -0.060334 0.498233 -0.122001 -0.308460 -0.100859 -0.209693 0.003800 -0.150859 0.079785 -0.124531 -0.000368 -0.242787 0.047536 -0.252279 0.263106 0.111614 -0.175744 -0.159085 0.177332 0.094932 0.021520 0.007408 -0.220951 -0.221826 -0.147130 -0.126649 0.050183 -0.181817 -0.074560 -0.188622 -0.214738 -0.112887 -0.165332 0.013552 -0.239241 -0.078634 -0.500554 -0.389390 -0.479902 -0.396414 -0.494515 -0.511431 0.055832 -0.117153 -0.267634 -0.020215 0.224886 0.150083 0.173916 0.209760 0.469138 0.327677 0.387029 0.119001 -0.178821 -0.064132 0.193765 -0.067620 -0.085047 0.399252 0.296551 -0.032667 0.207650 0.287349 0.123499 0.275199 -0.079283 0.225470 -0.019668 -0.207552 -0.123652 -0.087382 0.336729 0.261400 0.267158 0.124092
0.444429 0.382624 0.122746 0.293391 -0.035849 -0.006908 0.259808 0.209191 0.073902 -0.145586 1.000000 0.547797 0.564885 0.316690 0.281614 0.176016 0.590427 0.285705 0.121528 0.081312 -0.062905 -0.067698 -0.032319 -0.067003 -0.269457 -0.340347 -0.179531 -0.251987 0.292589 0.346495 0.056616 -0.024163 0.181384 0.162946 0.010613 0.074843 -0.229526 -0.081105 -0.203941 0.105851 0.019921 0.097445 0.107493 0.179210 0.111396 0.141335 -0.069114 0.047618 0.023550 0.100691 0.035100 -0.128430 -0.165173 0.078217 -0.280262 -0.103771 0.160948 0.205336 -0.100555 -0.119274 0.103803 0.008066 0.156899 0.215031 0.045014 -0.118877 -0.254475 -0.194716 -0.157932 -0.215518 0.153794 0.037802 0.115839 0.409800 0.256446 0.291279 0.161142 0.244632 0.208250 0.145865 0.267582 0.046659 -0.215566 -0.164458 -0.290141 -0.253636 -0.231479 -0.152010 -0.400359 -0.154183 -0.218675 -0.180954 -0.053995 -0.115426 0.045736 0.153910 -0.180512 -0.116176 -0.311240 -0.302163 -0.345893 -0.079511 -0.401269 -0.383104 -0.349968 -0.295169 -0.235371 -0.232812 0.108885 0.101691 -0.156074 -0.122159 -0.243575 -0.174917 -0.097794 0.098116
0.469740 0.554903 0.338433 0.251705 -0.181788 -0.220512 0.485820 0.611645 -0.273648 -0.164545 0.547797 1.000000 0.573374 0.652943 0.132865 0.248142 0.547472 0.432423 0.229285 0.244405 -0.375220 0.013828 0.307384 0.193939 -0.066555 -0.000987 -0.416816 -0.350615 0.351832 0.258159 0.422991 0.452518 0.251354 0.311946 -0.350723 -0.155930 -0.333526 -0.270911 -0.527052 -0.307528 -0.428257 -0.061707 0.029384 0.153047 0.192678 0.048207 0.020385 -0.025785 -0.100224 -0.009264 -0.053411 -0.090150 -0.273026 0.032243 -0.458214 -0.433888 0.218716 0.256562 -0.253662 -0.115586 0.147857 0.314790 0.228080 0.448278 0.058449 0.141915 -0.208076 -0.117184 -0.182827 -0.093742 0.221906 0.411258 -0.065780 0.250576 0.142744 0.257613 0.214160 0.084979 0.288459 0.219464 0.385171 0.334173 -0.102875 0.187865 -0.042419 0.120367 -0.211264 -0.310377 -0.321241 -0.380091 -0.282534 -0.403689 -0.180678 -0.290232 -0.152160 -0.264437 -0.286263 -0.403386 -0.173544 -0.458219 -0.296312 -0.309004 -0.478024 -0.476364 -0.622572 -0.575453 -0.303177 -0.451280 -0.052499 -0.106940 -0.236143 -0.164502 -0.212037 -0.254652 -0.368141 -0.246396
0.394271 0.363271 0.217313 0.203446 0.008668 -0.122965 0.155215 0.281269 0.041042 -0.081268 0.564885 0.573374 1.000000 0.661296 0.412383 0.290384 0.464411 0.051496 0.169107 0.279116 -0.339200 -0.327398 0.145509 0.021847 -0.089717 -0.227014 -0.326032 -0.262523 0.347219 0.205561 0.182312 0.058114 0.216113 0.252693 -0.161591 0.081398 -0.212484 -0.412118 -0.333671 -0.315676 -0.229185 -0.136887 0.043225 0.330787 0.187097 0.110061 0.030942 0.276974 -0.033353 0.078170 -0.067278 -0.042907 -0.122381 0.323234 -0.284176 -0.149375 0.204333 0.041745 0.056686 0.178245 0.332633 0.384159 0.271375 0.145808 0.185873 0.294273 0.088318 0.165253 0.173959 0.154858 -0.082578 -0.059772 0.003461 0.069710 0.151157 -0.086064 0.073985 0.009598 0.136895 0.037508 0.089401 -0.022608 -0.194222 0.079249 -0.173150 0.001221 -0.363238 -0.258772 -0.231016 -0.215204 -0.356889 -0.482107 -0.346852 -0.355192 -0.063914 -0.054756 -0.082188 -0.009597 -0.200166 -0.245998 -0.099459 -0.194665 -0.309107 -0.237864 -0.440409 -0.313535 -0.243734 -0.121377 0.087514 -0.055381 0.074632 -0.123418 -0.319301 -0.102524 -0.227791 -0.197048
0.177222 0.301119 0.090799 0.134386 -0.036027 -0.151425 0.140458 0.458501 -0.092170 0.112468 0.316690 0.652943 0.661296 1.000000 0.292554 0.418419 0.368141 0.167447 -0.056044 0.123573 -0.271781 -0.023917 0.126848 0.171365 0.029318 0.057117 -0.320482 -0.204451 0.286724 0.432014 0.297060 0.208509 -0.004017 0.056306 -0.401610 -0.174372 -0.127767 -0.329406 -0.351492 -0.255141 -0.467357 -0.127629 -0.137104 0.028359 0.100992 -0.009144 0.105550 0.098595 -0.090122 -0.049433 -0.112481 -0.112553 -0.141802 0.213375 -0.161956 -0.210125 0.092306 0.083271 -0.182498 -0.022376 0.058136 0.286415 0.057846 0.122644 -0.033318 0.170991 -0.137621 -0.077191 -0.041151 0.039840 0.010139 0.284815 -0.031721 0.121055 -0.002170 0.097107 -0.040796 -0.133392 0.046363 -0.084530 0.125233 0.099551 -0.181502 0.143825 -0.180854 0.140129 -0.186436 -0.143408 -0.155450 -0.203582 -0.099172 -0.292316 -0.208232 -0.269364 -0.079034 -0.248254 -0.070918 -0.197895 -0.016733 -0.141879 -0.041225 -0.254232 -0.243664 -0.231728 -0.344561 -0.249736 -0.112293 -0.165469 -0.080672 -0.087178 -0.096303 0.047709 -0.071396 -0.065048 -0.187827 -0.166565
-0.033206 0.036222 -0.006525 0.265009 0.250378 0.121894 -0.095409 0.006826 0.480135 0.137363 0.281614 0.132865 0.412383 0.292554 1.000000 0.578713 0.222987 -0.098828 0.037413 -0.077869 0.352677 -0.043614 0.014592 0.086786 0.382977 0.105345 0.208953 0.032151 0.134273 0.153154 0.091544 -0.089724 -0.105310 -0.157495 -0.005058 -0.099091 -0.346862 -0.304604 0.066035 -0.123282 0.137858 0.116025 -0.250849 -0.107454 -0.145427 -0.164494 -0.025877 0.001073 -0.134708 -0.236028 -0.208977 -0.231885 -0.186828 0.094433 0.043247 0.125987 -0.026192 -0.032913 0.016602 -0.060746 0.128228 -0.063053 0.044017 -0.186130 0.136226 -0.014847 -0.023334 -0.050246 0.102281 -0.070899 -0.097936 -0.175073 0.075463 0.136342 0.121491 -0.087227 -0.202630 -0.242589 -0.140833 -0.162214 -0.151600 -0.189960 0.380533 -0.037407 -0.206704 0.184861 0.036705 0.128408 -0.045839 0.278804 -0.093533 -0.105800 -0.126944 -0.186102 -0.218831 0.011471 -0.053713 0.095224 -0.166388 0.130765 0.061332 -0.088133 0.040962 -0.003562 -0.107478 0.030296 -0.209774 0.138664 -0.031212 -0.163854 0.010489 -0.043701 0.034478 0.213386 0.086605 0.106013
-0.039095 0.138120 0.028450 0.372627 0.297487 0.501404 0.082717 0.335616 0.507359 0.538389 0.176016 0.248142 0.290384 0.418419 0.578713 1.000000 0.145378 -0.148463 -0.083038 -0.268126 0.207767 0.375275 0.110972 0.191122 0.374890 0.476969 0.378530 0.435375 -0.195100 0.307128 0.275886 0.067688 -0.192435 -0.313205 -0.304466 -0.443541 -0.310174 0.030250 -0.095446 -0.130362 -0.128402 0.525892 -0.190394 -0.196534 -0.046859 -0.205689 -0.116923 -0.063147 -0.034708 -0.177762 -0.028258 -0.269911 -0.068411 -0.131265 -0.106746 -0.123489 -0.010940 0.132575 -0.013817 -0.103643 -0.078297 -0.023119 -0.198084 -0.040289 -0.200912 -0.116312 -0.189776 -0.270761 -0.084220 -0.258473 -0.013646 0.146509 -0.293056 0.216927 -0.239879 0.067995 -0.366901 -0.322918 -0.213296 -0.292553 -0.090101 -0.209882 0.159677 0.094777 -0.227880 0.241513 0.031959 -0.072517 -0.073382 -0.008225 0.328189 0.099618 0.341844 -0.078519 -0.278466 -0.214175 0.008802 -0.190917 -0.247370 0.213006 -0.082329 -0.273446 -0.203111 -0.122961 -0.233793 -0.098810 -0.299535 -0.125634 -0.067750 -0.198734 -0.152062 -0.027693 0.240681 0.029974 0.038870 -0.029883
0.357180 0.383858 0.078871 0.102633 -0.216611 -0.245115 0.226927 0.175099 -0.150856 -0.267638 0.590427 0.547472 0.464411 0.368141 0.222987 0.145378 1.000000 0.513920 0.145249 0.182246 -0.134311 -0.054422 0.083449 -0.103090 -0.172910 -0.220589 -0.300216 -0.358703 0.583778 0.274229 0.244003 0.193244 0.345958 0.295016 -0.213084 -0.033277 -0.217237 -0.317952 -0.454987 -0.150325 -0.102808 -0.058093 0.194923 0.303725 0.291742 0.198680 -0.009990 0.140380 -0.076336 0.052724 -0.032556 -0.098389 -0.166772 0.096089 -0.399867 -0.261351 0.438241 0.437873 -0.243753 -0.220103 0.048869 0.018344 0.361963 0.404099 -0.061649 -0.130983 -0.262133 -0.162154 -0.024963 -0.168958 0.201223 0.157038 0.228391 0.283033 0.361698 0.164484 0.308416 0.172089 0.527190 0.327495 0.674473 0.449811 -0.037935 0.065458 -0.181091 -0.112252 -0.130788 -0.189151 -0.485734 -0.262458 -0.238375 -0.371853 -0.152974 -0.317122 0.030863 -0.067499 -0.203468 -0.192775 -0.201710 -0.292887 -0.289829 -0.127311 -0.353552 -0.379915 -0.364062 -0.376190 -0.232099 -0.318313 0.111794 0.042171 -0.114170 -0.136097 -0.260921 -0.255190 -0.206181 -0.031003
0.146749 0.172595 -0.026503 -0.040388 -0.434705 -0.390801 0.152471 0.046153 -0.356675 -0.414533 0.285705 0.432423 0.051496 0.167447 -0.098828 -0.148463 0.513920 1.000000 0.044682 0.007706 -0.221856 0.160803 0.046288 -0.085578 -0.231270 -0.034388 -0.305185 -0.277956 0.553334 0.369641 0.303995 0.363081 0.198679 0.183770 -0.137902 -0.037996 0.054099 0.022930 -0.204408 0.029551 -0.069315 -0.187084 0.070381 0.096962 0.121546 0.017013 0.026943 -0.179850 -0.108190 -0.085361 -0.044240 0.018128 -0.234198 0.019235 -0.195401 -0.194214 0.183877 0.283286 -0.369981 -0.321510 -0.150793 0.021185 0.215139 0.503679 -0.123622 -0.087548 -0.348804 -0.331976 -0.306301 -0.298149 0.502023 0.471544 0.440098 0.435960 0.353304 0.454848 0.621664 0.415436 0.535652 0.701588 0.597441 0.689541 -0.107265 -0.014764 0.027992 -0.060718 -0.073715 -0.151264 -0.334060 -0.265642 -0.251260 -0.160056 -0.136376 -0.173867 -0.028442 -0.178799 -0.302519 -0.402382 -0.021410 -0.309018 -0.290838 -0.213662 -0.255675 -0.419263 -0.273352 -0.398528 -0.070757 -0.389076 -0.158061 -0.107045 -0.322025 0.041211 -0.047946 -0.226858 -0.273561 -0.027987
0.503366 0.329821 0.459762 0.474956 0.001486 -0.100944 0.331162 0.232908 -0.186230 -0.152830 0.121528 0.229285 0.169107 -0.056044 0.037413 -0.083038 0.145249 0.044682 1.000000 0.506020 -0.273991 -0.227158 0.278041 0.044998 0.002969 -0.078165 -0.137203 -0.067902 0.186496 -0.097980 0.214690 0.282894 0.483469 0.447577 0.097004 0.020637 -0.179984 -0.274160 -0.298417 -0.393865 -0.156231 -0.085041 -0.026521 0.134876 -0.030330 -0.121521 -0.043193 -0.039270 -0.272640 -0.143813 -0.131294 -0.238977 -0.204060 -0.190558 -0.196942 -0.301994 0.293576 0.318084 0.016438 0.108349 0.581268 0.367255 0.439005 0.264445 0.401245 0.170806 0.282885 0.134421 0.166504 0.076832 -0.053069 -0.072948 -0.021352 0.071171 0.284861 -0.073620 0.237281 -0.018450 0.131474 0.257257 -0.081262 0.029325 -0.016025 0.122046 0.148806 0.033851 -0.190498 -0.162470 0.063399 -0.175004 -0.455161 -0.544635 -0.313107 -0.374131 -0.275527 -0.209172 -0.051647 -0.256249 -0.214705 -0.386634 -0.056108 -0.175318 -0.173170 -0.103710 -0.424681 -0.317281 -0.330934 -0.240259 -0.068424 -0.411107 -0.087627 -0.272065 -0.258973 -0.014566 -0.214751 -0.288273
0.493842 0.506798 0.158162 0.060784 -0.109548 -0.286152 0.043744 0.110045 -0.256564 -0.367925 0.081312 0.244405 0.279116 0.123573 -0.077869 -0.268126 0.182246 0.007706 0.506020 1.000000 -0.520833 -0.664960 -0.018838 -0.048675 -0.231748 -0.415447 -0.385786 -0.398333 0.409878 -0.058870 -0.134203 -0.027288 0.572522 0.682847 0.167080 0.359270 0.067532 -0.399209 -0.342725 -0.315433 -0.047779 -0.349944 0.103822 0.345098 0.057703 0.090614 0.090346 0.420299 -0.223711 0.003608 -0.204968 -0.043108 -0.083576 0.081466 -0.366223 -0.401422 0.282995 0.211606 0.023209 0.287579 0.532204 0.565685 0.553704 0.306122 0.435815 0.438695 0.392581 0.480631 0.526461 0.614925 -0.284369 -0.283194 -0.001612 -0.135674 0.232328 -0.215393 0.255932 0.212051 0.354285 0.249239 0.155428 0.253902 -0.088567 0.374607 0.197482 0.035715 -0.516015 -0.298023 -0.096905 -0.332966 -0.478957 -0.644872 -0.515880 -0.344752 0.069614 0.018981 0.044337 0.195456 0.084618 -0.302780 0.022951 -0.075387 -0.147741 -0.089611 -0.385470 -0.427189 -0.328934 -0.102917 0.272912 0.006207 0.369567 0.065869 -0.396320 0.014401 -0.144684 -0.261013
-0.351319 -0.353837 -0.356021 0.034539 0.315967 0.350429 -0.212653 -0.263861 0.546720 0.383488 -0.062905 -0.375220 -0.339200 -0.271781 0.352677 0.207767 -0.134311 -0.221856 -0.273991 -0.520833 1.000000 0.296339 -0.323785 -0.150524 0.389595 0.140312 0.507398 0.218870 -0.191650 0.130796 -0.224885 -0.355523 -0.321586 -0.472246 0.077847 -0.297271 -0.004409 0.262107 0.577688 0.416186 0.408010 0.361635 -0.194553 -0.379480 -0.268685 -0.191681 -0.050455 -0.278426 -0.063064 -0.221187 -0.089056 -0.215916 0.029199 -0.139888 0.524396 0.510057 -0.165349 -0.202534 0.045678 -0.228835 -0.229758 -0.403870 -0.199631 -0.333083 -0.174415 -0.342424 -0.243466 -0.369121 -0.199477 -0.394861 -0.006678 -0.201270 0.223612 0.150200 0.089527 0.126359 -0.281953 -0.246916 -0.358797 -0.321796 -0.270580 -0.390275 0.307835 -0.430177 -0.237541 -0.041970 0.472328 0.402543 0.194853 0.616099 0.334091 0.434567 0.326919 0.175980 -0.091022 0.237883 0.120039 0.083819 -0.099054 0.411608 0.076375 0.202779 0.333662 0.254689 0.424558 0.457306 0.169704 0.340769 -0.071603 -0.093916 -0.247154 -0.099309 0.283037 0.293340 0.426144 0.411524
-0.241783 -0.165947 0.169094 0.121865 -0.083998 0.221564 0.324533 0.197455 0.023695 0.262207 -0.067698 0.013828 -0.327398 -0.023917 -0.043614 0.375275 -0.054422 0.160803 -0.227158 -0.664960 0.296339 1.000000 0.342906 0.317578 0.197007 0.664041 0.256892 0.371495 -0.374673 0.034634 0.526661 0.443456 -0.387231 -0.427669 -0.478559 -0.545819 -0.204144 0.484615 0.046374 0.237778 -0.189805 0.453247 -0.317547 -0.343172 -0.074827 -0.121828 -0.368084 -0.600380 -0.101708 -0.144549 0.040081 -0.119724 -0.236042 -0.194610 0.104898 0.133505 -0.182319 0.102661 -0.307784 -0.532896 -0.510130 -0.420979 -0.459719 -0.028206 -0.352325 -0.440972 -0.652872 -0.612882 -0.643585 -0.659478 0.558037 0.632849 -0.217764 0.218763 -0.292270 0.497119 -0.082033 -0.197507 -0.130701 -0.085660 0.052209 0.061818 0.257619 -0.071181 -0.112326 0.182100 0.450071 0.096958 0.113063 0.056265 0.424999 0.576573 0.622893 0.372196 -0.150640 -0.442936 -0.312359 -0.603727 -0.140327 0.109422 -0.219519 -0.067120 -0.170708 -0.221265 0.074038 0.009829 0.230964 -0.408905 -0.432032 -0.182455 -0.680798 -0.041806 0.541648 -0.099423 -0.031240 0.022349
0.174276 0.124502 0.709654 0.266422 -0.249017 -0.267510 0.473716 0.340514 -0.440456 -0.183357 -0.032319 0.307384 0.145509 0.126848 0.014592 0.110972 0.083449 0.046288 0.278041 -0.018838 -0.323785 0.342906 1.000000 0.721084 0.250484 0.493259 -0.206908 0.026293 -0.115661 -0.423220 0.782870 0.803757 0.019761 0.188260 -0.525830 -0.279530 -0.321615 -0.135229 -0.462180 -0.405465 -0.451377 -0.044914 -0.169238 0.112806 0.034288 -0.019190 -0.222454 -0.146258 -0.155389 -0.071120 0.027882 0.073642 -0.247922 0.085398 -0.340036 -0.272734 0.183383 0.231520 -0.175202 -0.119708 0.006155 0.123432 -0.014012 0.149566 0.149476 0.106077 -0.195406 -0.058763 -0.238015 -0.152353 0.296004 0.474857 -0.444003 -0.220983 -0.217757 0.136358 0.097656 -0.228642 0.131024 0.035582 0.085467 0.220923 0.144605 0.360519 0.311908 0.404955 0.121442 -0.071106 0.146595 -0.201850 -0.110448 -0.175986 -0.043647 -0.155859 -0.131219 -0.540434 -0.233224 -0.432094 -0.091704 -0.300736 -0.258730 -0.245420 -0.394744 -0.380209 -0.458454 -0.411131 -0.180715 -0.453186 -0.277194 -0.186729 -0.205327 -0.168467 -0.043079 -0.329576 -0.432085 -0.300520
-0.061021 -0.046645 0.391348 0.269363 -0.143175 -0.106147 0.155131 0.188878 -0.249487 -0.053056 -0.067003 0.193939 0.021847 0.171365 0.086786 0.191122 -0.103090 -0.085578 0.044998 -0.048675 -0.150524 0.317578 0.721084 1.000000 0.235608 0.463991 -0.019773 0.096447 -0.111610 -0.181697 0.551652 0.630576 -0.039608 0.054530 -0.363766 -0.396483 -0.168720 -0.103335 -0.193926 -0.280189 -0.324814 -0.058867 -0.255781 -0.033237 -0.160933 -0.212395 -0.061575 -0.024966 -0.293627 -0.310988 -0.087161 -0.169636 -0.229440 -0.029350 -0.069978 -0.149872 0.047388 0.126202 -0.339720 -0.207624 -0.115916 0.006225 0.001855 -0.071796 0.138548 0.040790 -0.140108 -0.058258 -0.186654 -0.126757 0.067650 0.323996 -0.305390 -0.213649 -0.269169 0.082657 -0.047967 -0.184837 -0.010435 -0.104917 -0.072756 0.020720 0.062002 0.223564 0.388922 0.480765 0.148197 0.068524 0.236261 -0.060802 -0.103323 -0.120826 -0.017406 -0.092912 -0.177276 -0.334399 -0.013134 -0.311882 -0.126023 -0.165286 -0.187353 -0.134724 -0.238361 -0.175431 -0.234161 -0.184991 -0.170902 -0.179712 -0.256320 -0.129366 -0.064800 0.002282 -0.001557 -0.210850 -0.202271 -0.167785
-0.268032 -0.136257 0.118964 0.105617 0.419878 0.322413 -0.104556 0.071352 0.253592 0.342101 -0.269457 -0.066555 -0.089717 0.029318 0.382977 0.374890 -0.172910 -0.231270 0.002969 -0.231748 0.389595 0.197007 0.250484 0.235608 1.000000 0.661670 0.417941 0.359258 -0.175527 -0.048171 0.260657 0.141673 -0.268325 -0.243006 -0.032473 -0.255064 -0.100715 -0.081532 0.051126 -0.341239 -0.030201 0.204783 -0.296018 -0.348709 -0.258486 -0.339122 0.009947 -0.161611 -0.080676 -0.324777 -0.077290 -0.112543 0.047910 -0.000497 0.078476 -0.046428 -0.067483 -0.072864 0.121676 0.076759 0.026845 -0.027862 -0.048905 -0.196566 -0.006069 -0.128670 0.174540 0.044623 0.116902 -0.009372 -0.106504 -0.015502 -0.151442 -0.051329 -0.141785 -0.140708 -0.333754 -0.535194 -0.290547 -0.222749 -0.346854 -0.258217 0.357978 0.049655 0.164965 0.333569 0.109642 0.086370 0.312395 0.191654 0.291401 0.035571 0.127944 -0.164035 -0.288713 -0.219821 0.165038 -0.088831 0.092080 0.214013 0.114173 -0.173454 0.036703 0.097425 -0.044263 0.029308 -0.149759 0.108791 -0.148272 -0.295784 0.028669 0.040345 0.284898 0.123050 0.059990 -0.139883
-0.313259 -0.162620 0.218491 0.145810 0.070310 0.300991 0.081036 0.184102 0.048830 0.300802 -0.340347 -0.000987 -0.227014 0.057117 0.105345 0.476969 -0.220589 -0.034388 -0.078165 -0.415447 0.140312 0.664041 0.493259 0.463991 0.661670 1.000000 0.344899 0.591100 -0.340587 -0.073163 0.553650 0.504406 -0.348370 -0.311258 -0.333358 -0.462626 -0.098426 0.225266 -0.068997 -0.223589 -0.199243 0.330488 -0.353380 -0.365185 -0.179694 -0.321321 -0.198007 -0.325719 -0.132146 -0.302220 -0.004511 -0.125346 -0.064184 -0.097004 -0.043595 -0.117179 -0.102483 0.057071 -0.123780 -0.169395 -0.241537 -0.112905 -0.287934 -0.098376 -0.219620 -0.206402 -0.147873 -0.218186 -0.224083 -0.256439 0.194284 0.440825 -0.346086 -0.017136 -0.402755 0.119169 -0.242115 -0.439931 -0.156237 -0.153973 -0.110414 0.015657 0.392034 0.216431 0.236688 0.436260 0.195643 -0.008577 0.298706 -0.022884 0.457302 0.274729 0.395639 0.001153 -0.300742 -0.518434 -0.013054 -0.402976 0.048527 0.239500 -0.034929 -0.259026 -0.174743 -0.124182 -0.123000 -0.121898 -0.081883 -0.229299 -0.344977 -0.328133 -0.240285 0.128383 0.493950 -0.085355 -0.117136 -0.229602
-0.327167 -0.266288 -0.210275 0.178946 0.642527 0.772131 -0.208481 -0.141529 0.590161 0.437165 -0.179531 -0.416816 -0.326032 -0.320482 0.208953 0.378530 -0.300216 -0.305185 -0.137203 -0.385786 0.507398 0.256892 -0.206908 -0.019773 0.417941 0.344899 1.000000 0.730647 -0.381573 0.024196 -0.158938 -0.264493 -0.314161 -0.455283 0.192620 -0.253226 0.125201 0.309131 0.430118 0.054853 0.339426 0.426642 -0.167988 -0.348201 -0.237494 -0.321646 -0.053221 -0.100275 0.051349 -0.237200 -0.008695 -0.156745 0.127736 -0.127094 0.326575 0.232909 -0.221834 -0.175839 0.177093 0.037560 -0.101329 -0.231214 -0.249798 -0.399426 -0.211196 -0.296126 0.126403 -0.093473 0.018955 -0.173564 -0.172406 -0.166886 -0.099832 -0.001391 -0.237603 -0.167056 -0.335844 -0.152968 -0.321482 -0.175618 -0.387237 -0.487383 0.148664 -0.252656 -0.090148 -0.039976 0.139122 0.037276 0.138101 0.165793 0.487183 0.415646 0.481982 0.173769 -0.147357 0.083098 0.254889 0.097006 0.021594 0.487020 0.066917 -0.040103 0.113481 0.166909 0.244457 0.278112 0.014592 0.212686 -0.034278 -0.162600 -0.047794 0.143575 0.445607 0.109757 0.216079 0.033624
-0.327803 -0.227830 -0.039698 0.234007 0.370202 0.711672 -0.112968 -0.037233 0.419825 0.516738 -0.251987 -0.350615 -0.262523 -0.204451 0.032151 0.435375 -0.358703 -0.277956 -0.067902 -0.398333 0.218870 0.371495 0.026293 0.096447 0.359258 0.591100 0.730647 1.000000 -0.467422 -0.020445 0.001472 -0.095761 -0.380325 -0.470372 0.085615 -0.243639 0.144314 0.358189 0.233884 -0.041487 0.085096 0.422342 -0.112833 -0.342605 -0.179700 -0.357868 -0.108608 -0.159148 0.135507 -0.158016 0.147633 -0.093590 0.162246 -0.182622 0.168737 0.019797 -0.241130 -0.066716 0.207613 0.105081 -0.082685 -0.082868 -0.341533 -0.315471 -0.249422 -0.181263 0.160192 -0.111589 -0.024786 -0.155356 -0.175531 -0.021910 -0.283036 -0.076743 -0.441732 -0.165436 -0.345772 -0.247656 -0.274876 -0.191078 -0.372853 -0.409854 0.098165 -0.040550 0.011700 -0.002070 0.052519 -0.006249 0.214524 -0.015572 0.572270 0.438706 0.535961 0.190829 -0.110745 -0.124803 0.266054 -0.055685 0.054093 0.410057 0.115160 -0.082765 0.038512 0.129226 0.127533 0.158518 -0.050915 0.047752 -0.071609 -0.195659 -0.023326 0.166197 0.478946 0.030447 0.126075 -0.035273
0.208860 0.105083 -0.102669 -0.126974 -0.170125 -0.364538 -0.049075 -0.111362 -0.166838 -0.359954 0.292589 0.351832 0.347219 0.286724 0.134273 -0.195100 0.583778 0.553334 0.186496 0.409878 -0.191650 -0.374673 -0.115661 -0.111610 -0.175527 -0.340587 -0.381573 -0.467422 1.000000 0.466708 0.029604 0.154770 0.450983 0.501015 0.036474 0.168625 0.235561 -0.253485 -0.085923 -0.172791 0.177823 -0.289251 0.172009 0.343477 0.163678 0.088444 0.203715 0.251520 -0.308096 -0.129449 -0.330976 -0.114675 -0.211036 0.122773 -0.116843 -0.061777 0.263854 0.047065 -0.280022 -0.111014 0.182056 0.271437 0.621054 0.337879 0.135643 0.091751 -0.018343 0.014779 0.090334 0.074257 0.012396 -0.074142 0.709579 0.201993 0.598413 0.066104 0.581580 0.341169 0.558676 0.586321 0.480433 0.509853 0.012298 0.127904 0.132799 -0.046640 -0.286942 -0.139325 -0.315547 -0.247205 -0.481305 -0.541574 -0.529810 -0.480386 -0.058016 -0.003621 -0.059154 0.017410 0.069667 -0.146460 -0.080362 -0.183625 -0.106161 -0.223768 -0.304782 -0.283702 -0.194080 -0.085339 0.045370 -0.113514 0.050788 0.001471 -0.301989 -0.063409 -0.171854 -0.147109
-0.046389 0.014427 -0.368803 0.029894 0.093248 0.168566 -0.185782 -0.016774 0.287958 0.187788 0.346495 0.258159 0.205561 0.432014 0.153154 0.307128 0.274229 0.369641 -0.097980 -0.058870 0.130796 0.034634 -0.423220 -0.181697 -0.048171 -0.073163 0.024196 -0.020445 0.466708 1.000000 -0.063129 -0.140410 0.088451 0.005391 0.117861 -0.082930 0.291751 0.201415 0.130133 0.198320 0.128461 0.215773 0.009527 -0.077849 -0.007020 -0.168435 0.250645 0.069071 -0.176073 -0.158620 -0.175146 -0.276345 -0.073025 -0.104091 0.112302 -0.005925 -0.027848 0.028816 -0.253065 -0.211418 -0.080716 -0.004167 0.215267 0.192797 -0.156867 -0.179132 -0.142782 -0.280539 -0.131088 -0.239580 0.001706 0.011764 0.532553 0.656107 0.376229 0.323072 0.198637 0.240806 0.057002 0.198486 0.161197 0.082466 -0.202370 -0.222769 -0.083191 -0.036149 -0.200400 -0.131424 -0.213041 -0.098313 -0.064051 -0.118210 -0.066055 -0.237622 -0.155194 0.114987 0.121264 -0.133982 -0.057250 0.017238 -0.158616 -0.226304 -0.133728 -0.180571 -0.174988 -0.108482 -0.176483 -0.019325 0.005600 -0.188018 -0.091676 0.133014 0.043398 0.004923 0.022667 0.018268
0.112837 0.116323 0.584480 0.342093 -0.256786 -0.259126 0.473156 0.431325 -0.268186 -0.102257 0.056616 0.422991 0.182312 0.297060 0.091544 0.275886 0.244003 0.303995 0.214690 -0.134203 -0.224885 0.526661 0.782870 0.551652 0.260657 0.553650 -0.158938 0.001472 0.029604 -0.063129 1.000000 0.851377 0.005896 0.161992 -0.577515 -0.405170 -0.283503 -0.053823 -0.468502 -0.368495 -0.438657 -0.017727 -0.254499 0.022103 0.108772 -0.018506 -0.212674 -0.259054 -0.203339 -0.138745 -0.001609 -0.042854 -0.322185 0.074584 -0.323335 -0.273110 0.131212 0.233642 -0.296552 -0.266365 -0.093173 0.026636 -0.014800 0.242278 0.069596 -0.056252 -0.324164 -0.183896 -0.365415 -0.329058 0.556591 0.673529 -0.222860 0.087351 -0.100608 0.373062 0.243921 -0.147474 0.129305 0.167276 0.176873 0.317303 0.148817 0.235932 0.251694 0.426947 0.141398 -0.190147 0.026592 -0.261014 -0.069850 -0.157497 0.010159 -0.241360 -0.299186 -0.710690 -0.330026 -0.665498 -0.147011 -0.332725 -0.340769 -0.430111 -0.486522 -0.503634 -0.469130 -0.446338 -0.118325 -0.578072 -0.500198 -0.384874 -0.445282 -0.147020 0.027634 -0.446712 -0.513543 -0.360236
0.094392 0.068603 0.573850 0.227340 -0.320226 -0.319415 0.453816 0.397317 -0.498264 -0.219001 -0.024163 0.452518 0.058114 0.208509 -0.089724 0.067688 0.193244 0.363081 0.282894 -0.027288 -0.355523 0.443456 0.803757 0.630576 0.141673 0.504406 -0.264493 -0.095761 0.154770 -0.140410 0.851377 1.000000 0.117166 0.285843 -0.512835 -0.298664 -0.236425 -0.065754 -0.476596 -0.403281 -0.440522 -0.099028 -0.137423 0.096570 0.135140 0.028342 -0.159729 -0.220950 -0.265282 -0.144056 -0.067991 -0.006780 -0.317477 0.041602 -0.344339 -0.291192 0.157578 0.229517 -0.394590 -0.317740 -0.069766 0.110849 0.096981 0.312228 0.116874 0.037409 -0.299957 -0.163396 -0.379921 -0.273251 0.483916 0.674681 -0.165757 -0.005870 -0.056826 0.263934 0.329119 -0.036117 0.301740 0.320498 0.279381 0.481562 0.158349 0.333851 0.365841 0.397148 0.118813 -0.152910 0.011452 -0.333887 -0.150184 -0.229146 -0.053984 -0.237489 -0.296723 -0.635664 -0.334534 -0.619971 -0.095960 -0.351380 -0.307198 -0.384938 -0.454486 -0.491215 -0.525341 -0.507627 -0.143440 -0.556849 -0.421927 -0.293575 -0.373443 -0.142153 -0.021243 -0.401607 -0.563234 -0.420468
0.425919 0.341380 0.144083 0.066352 -0.193881 -0.201392 0.136201 0.094467 -0.251262 -0.368009 0.181384 0.251354 0.216113 -0.004017 -0.105310 -0.192435 0.345958 0.198679 0.483469 0.572522 -0.321586 -0.387231 0.019761 -0.039608 -0.268325 -0.348370 -0.314161 -0.380325 0.450983 0.088451 0.005896 0.117166 1.000000 0.799192 0.026571 0.073596 -0.053966 -0.354629 -0.332379 -0.180834 -0.020559 -0.197155 0.230756 0.376874 0.213088 0.136741 0.157821 0.312001 -0.295113 -0.023833 -0.099937 -0.181699 -0.152236 -0.204721 -0.293019 -0.221307 0.396705 0.363678 -0.183533 -0.033042 0.438812 0.287122 0.752417 0.521688 0.317217 0.141264 0.158613 0.218583 0.252823 0.221470 -0.169771 -0.261841 0.208572 0.029818 0.308664 -0.093047 0.314512 0.160665 0.334030 0.318152 0.285900 0.249928 -0.218022 0.063385 0.140189 -0.084132 -0.374429 -0.251562 -0.262305 -0.277824 -0.475014 -0.614767 -0.409280 -0.380865 -0.036213 0.108063 0.104534 -0.000526 -0.202350 -0.358628 -0.259724 -0.067778 -0.278072 -0.226239 -0.403762 -0.385042 -0.378317 -0.189187 0.184528 -0.106098 0.132911 -0.152869 -0.472903 -0.166149 -0.239266 -0.226879
0.408565 0.316449 0.353795 0.065214 -0.259797 -0.375374 0.223175 0.210677 -0.310232 -0.376793 0.162946 0.311946 0.252693 0.056306 -0.157495 -0.313205 0.295016 0.183770 0.447577 0.682847 -0.472246 -0.427669 0.188260 0.054530 -0.243006 -0.311258 -0.455283 -0.470372 0.501015 0.005391 0.161992 0.285843 0.799192 1.000000 -0.021566 0.308712 -0.033460 -0.320586 -0.415695 -0.336315 -0.073068 -0.324068 0.149405 0.464673 0.269387 0.301539 0.102603 0.383134 -0.267977 0.059234 -0.125143 -0.040273 -0.228785 0.012862 -0.433059 -0.308432 0.284638 0.164154 -0.256839 0.018189 0.405244 0.399811 0.715320 0.491937 0.481576 0.324613 0.173524 0.402767 0.218338 0.320009 -0.087116 -0.144005 0.132462 -0.071796 0.277519 -0.075433 0.442956 0.228262 0.426248 0.411316 0.283289 0.409786 -0.112538 0.238981 0.277592 0.049264 -0.376856 -0.389083 -0.279619 -0.461197 -0.515203 -0.649890 -0.538262 -0.429576 -0.002136 -0.138276 -0.033695 -0.014421 0.011164 -0.387133 -0.174815 -0.212455 -0.312231 -0.317040 -0.556842 -0.541953 -0.328793 -0.281868 0.079384 -0.147939 0.210646 -0.022414 -0.431855 -0.276404 -0.456050 -0.423812
-0.167767 -0.103628 -0.361487 -0.053160 0.225806 0.147977 -0.452969 -0.373357 0.293773 -0.081841 0.010613 -0.350723 -0.161591 -0.401610 -0.005058 -0.304466 -0.213084 -0.137902 0.097004 0.167080 0.077847 -0.478559 -0.525830 -0.363766 -0.032473 -0.333358 0.192620 0.085615 0.036474 0.117861 -0.577515 -0.512835 0.026571 -0.021566 1.000000 0.583735 0.317430 0.003074 0.224192 0.082765 0.407122 -0.103530 0.261748 -0.038788 -0.022958 -0.059087 0.360139 0.242294 0.209192 0.094631 0.108321 0.034672 0.259999 -0.137177 0.097686 -0.016524 -0.199969 -0.130412 0.226904 0.229782 0.159417 -0.105593 0.108183 -0.246589 0.202905 -0.003887 0.542681 0.360878 0.351311 0.220272 -0.455480 -0.548908 0.236112 0.105639 0.189883 -0.323239 -0.074621 0.171214 -0.098934 0.039051 -0.143472 -0.179798 -0.157724 -0.267512 0.213419 -0.268299 -0.292762 -0.005748 -0.034078 0.068991 -0.068383 -0.083115 -0.106068 0.019609 0.079781 0.466879 0.373358 0.374778 0.156517 0.017998 0.180084 0.150869 0.257148 0.289325 0.178108 0.154994 -0.097170 0.380054 0.329180 0.120859 0.520122 0.202393 -0.061892 0.231564 0.222187 0.125089
0.061227 0.034406 -0.064903 -0.258837 0.009324 -0.179683 -0.199952 -0.194934 -0.064388 -0.260390 0.074843 -0.155930 0.081398 -0.174372 -0.099091 -0.443541 -0.033277 -0.037996 0.020637 0.359270 -0.297271 -0.545819 -0.279530 -0.396483 -0.255064 -0.462626 -0.253226 -0.243639 0.168625 -0.082930 -0.405170 -0.298664 0.073596 0.308712 0.583735 1.000000 0.112473 -0.087649 -0.137656 -0.035952 0.159949 -0.300988 0.356491 0.273393 0.204928 0.387867 0.089573 0.260739 0.250842 0.366680 0.188788 0.327856 0.221271 0.158874 -0.274854 -0.158505 -0.087859 -0.175044 0.190028 0.171358 0.163545 0.074263 0.092333 -0.016741 0.329265 0.276087 0.327720 0.443227 0.319180 0.342252 -0.188911 -0.318009 0.106382 -0.047270 0.176691 -0.248316 0.088306 0.251507 0.122298 0.160528 0.101318 0.157294 -0.147242 -0.024137 0.134144 -0.244104 -0.415312 -0.193242 -0.241918 -0.207674 -0.130842 -0.152874 -0.268395 0.057664 0.249896 0.259529 -0.030199 0.383409 0.215662 -0.175402 0.150818 0.115881 0.080503 0.049052 -0.050629 -0.100738 0.066784 0.075617 0.347831 0.263293 0.489389 0.153482 -0.187720 0.096730 -0.119944 -0.093216
