1.000000 0.384453 0.076511 -0.171809 0.004431 0.230111 -0.022413 -0.337272 -0.353133 -0.247747 0.382428 -0.040182 -0.217488 0.071153 0.294140 0.022610 0.229406 0.043817 0.226349 0.101713 0.219281 0.108945 0.052295 -0.281269 -0.057002 0.130776 0.376918 0.305218 0.083829 -0.046684 -0.341109 -0.359589 -0.140716 -0.170492 -0.165290 -0.306886 0.122775 0.003055 -0.172188 0.074628 0.321470 0.137148 0.012059 0.037370 -0.226914 -0.279616 0.084226 -0.049587 0.184301 -0.222021 0.220825 0.086116 0.335308 -0.017496 0.120630 -0.083651 0.098720 0.284776 0.264657 0.165000 0.285501 -0.052247 0.290120 -0.206437 -0.174993 -0.286881 0.053766 -0.314947 0.071923 -0.154020 -0.050872 -0.197031 -0.034381 0.040671 -0.002097 0.158960 0.103521 0.035581 0.144629 0.061465 0.347233 0.236239 0.343573 0.177873 0.423346 0.304879 0.063520 0.138105 0.185590 -0.011951 -0.306136 -0.233682 -0.175693 -0.134405 -0.041345 -0.035100 -0.063410 -0.010322 -0.042358 -0.102528 -0.180882 0.030868 -0.137783 -0.077269 -0.112954 -0.116682 -0.320151 0.053062 -0.078432 -0.026077 -0.078934 -0.036568 -0.024973 -0.094394 -0.279290 -0.106127
0.384453 1.000000 0.148292 -0.263079 -0.021316 0.103368 0.114008 0.061246 0.086721 -0.106404 0.106106 0.018986 0.193205 0.104916 -0.209238 -0.133367 -0.136318 0.007148 0.165389 0.390621 0.087505 -0.154416 -0.134913 -0.205099 -0.079337 -0.084248 0.098065 -0.017371 -0.039217 -0.073668 -0.181026 -0.146429 0.247858 -0.003300 -0.280158 -0.164665 0.215273 0.092592 -0.132868 -0.069503 -0.094327 0.146234 0.051920 0.129555 0.070199 0.001470 0.027553 0.158650 0.126430 0.086393 0.087911 0.159830 0.063855 -0.165874 0.044665 -0.191674 0.381603 0.647651 0.244322 0.260438 0.079100 0.163459 0.001628 0.103116 -0.240979 -0.235440 0.168736 -0.125063 0.417381 0.274541 0.065087 -0.002890 -0.042073 0.006474 0.001114 0.110940 0.066873 0.080507 -0.254605 -0.123608 -0.106609 -0.064681 -0.103211 0.038139 -0.236119 -0.305299 -0.048988 -0.233216 -0.153247 -0.181978 -0.107822 -0.147525 -0.164129 -0.068836 0.117955 -0.099123 0.039516 0.061642 0.112387 -0.124102 0.030070 0.143498 0.140466 -0.038695 -0.069309 -0.140077 -0.167663 0.033246 -0.045664 0.165388 0.136931 0.190627 -0.026318 -0.038694 -0.220250 -0.197882
0.076511 0.148292 1.000000 0.366169 0.352735 0.166935 0.666900 0.507131 0.550720 0.085471 -0.224036 -0.274538 0.226771 -0.149742 0.060487 0.264342 -0.408711 -0.426163 0.457310 0.207904 0.091412 -0.062043 0.298887 0.177400 0.157709 0.026119 0.119790 0.231038 -0.342387 -0.271058 -0.013188 -0.048090 0.250382 -0.037108 0.112058 0.011544 0.373555 0.098901 -0.075193 -0.108449 -0.032513 0.052520 -0.098095 -0.036352 -0.049085 -0.084427 -0.104994 -0.123182 0.034154 -0.128619 0.225991 0.020323 -0.077615 -0.212766 -0.180782 -0.326128 0.196204 0.112402 0.280641 0.104601 0.092129 0.212024 -0.325804 -0.197069 0.146920 0.233535 0.186936 0.087098 0.066575 0.110486 0.210409 -0.046402 -0.260176 0.282223 0.037940 0.144699 0.216322 0.059366 -0.325573 -0.289625 -0.331421 -0.174520 -0.188457 -0.194970 -0.212932 -0.050572 -0.015181 -0.262825 0.169359 -0.021396 -0.131769 -0.136114 0.035602 -0.036952 -0.052447 -0.144905 -0.165547 -0.010111 -0.081388 -0.157923 0.014260 0.256985 0.059633 -0.074454 -0.182253 -0.245699 0.058756 -0.256784 -0.110244 0.034545 -0.020039 0.149495 0.271768 0.026904 -0.059574 -0.202615
-0.171809 -0.263079 0.366169 1.000000 -0.000178 0.149828 0.168391 0.367443 0.203570 0.087180 -0.246771 -0.039853 0.051101 -0.055141 0.094013 0.288339 -0.244485 -0.185840 0.390550 0.206315 -0.120176 -0.002734 0.568180 0.669786 0.235662 0.274878 -0.063313 0.253769 -0.128848 -0.009687 0.389378 0.347672 -0.006838 0.022456 0.385345 0.298021 0.270210 0.034710 -0.014616 -0.182890 -0.020542 0.213893 -0.118547 0.061530 -0.104698 0.053821 -0.150937 -0.114009 -0.107468 -0.099350 0.258165 -0.010672 -0.179638 -0.152070 -0.239522 -0.277604 0.060557 -0.134652 -0.251974 -0.220989 -0.247628 -0.126186 -0.346492 -0.265588 0.347727 0.503858 -0.177606 0.213308 -0.127989 -0.209130 0.150587 0.062172 -0.108079 0.264390 0.107917 0.093673 0.227915 0.122920 -0.048929 0.058775 -0.190661 -0.110835 0.070011 0.132958 -0.015758 0.352512 0.163218 0.062150 0.068473 -0.098489 -0.161968 -0.186484 0.084940 -0.156321 -0.228362 -0.177647 -0.355133 -0.226336 -0.164567 -0.259152 -0.198804 -0.128491 -0.181179 -0.290929 -0.267640 -0.300011 0.046280 -0.327986 -0.252894 -0.153169 -0.113953 -0.061300 0.121119 -0.089598 -0.099632 -0.176282
0.004431 -0.021316 0.352735 -0.000178 1.000000 0.490975 0.148834 0.226192 0.374744 0.566069 -0.112357 -0.114709 0.110662 -0.045806 -0.004004 0.234501 -0.147647 -0.150591 0.124969 -0.116990 0.364276 0.079659 0.038503 -0.122503 0.381642 0.009054 0.603450 0.356195 -0.185581 -0.020535 -0.044786 -0.173001 -0.112750 -0.348486 -0.006725 -0.001819 0.176990 -0.204242 -0.278402 -0.134084 0.130239 -0.047503 0.119887 0.135979 0.115059 0.015474 0.039902 -0.029137 0.228500 0.071874 0.224009 0.350788 0.109030 0.084981 -0.104046 -0.095663 -0.001293 -0.149293 0.147863 0.214117 -0.047803 0.104141 -0.191779 -0.067097 -0.144614 -0.043068 0.111589 -0.019957 0.066273 0.007392 0.076667 -0.081047 -0.102577 0.165635 -0.056215 0.019960 0.047326 -0.057431 -0.158444 -0.085242 -0.122085 0.025924 -0.201383 -0.157106 -0.084088 -0.019019 -0.016665 -0.242980 0.216255 0.109617 0.060740 -0.001047 -0.032649 0.009703 -0.171206 -0.050757 -0.162345 0.080137 -0.075691 -0.060767 0.155338 0.152639 0.182041 0.095929 -0.018567 -0.133204 0.174202 -0.108195 0.099374 -0.108658 -0.228609 -0.107363 0.170388 0.187779 0.021153 -0.071267
0.230111 0.103368 0.166935 0.149828 0.490975 1.000000 -0.234693 -0.102555 0.152535 0.464043 -0.129041 -0.281220 -0.076625 -0.086863 0.002827 0.085684 -0.174364 -0.207474 -0.032494 -0.180932 0.385971 0.168373 0.361179 0.140889 0.592400 0.406060 0.754617 0.772209 -0.318515 -0.254143 -0.329484 -0.347749 -0.374821 -0.512247 0.036575 0.122459 0.331355 -0.070563 -0.248601 -0.044145 0.099015 0.054704 0.084168 0.228087 0.031634 0.048769 -0.109990 0.120257 0.437442 0.092178 0.576379 0.498062 0.152456 -0.031999 -0.094787 -0.276379 0.293737 0.099842 -0.048807 0.222348 -0.256502 -0.194576 -0.260418 -0.274850 -0.154959 0.096761 0.049182 0.189839 0.031323 0.111880 0.054736 0.040026 -0.234007 0.259829 0.027325 0.274973 -0.035028 0.077035 -0.115652 0.003165 -0.080626 0.002994 -0.110885 -0.151234 -0.020816 0.094442 0.112367 -0.184586 0.184636 -0.002650 0.114988 -0.035362 0.141164 -0.013839 -0.259028 -0.266606 -0.139641 -0.075976 -0.094964 -0.157736 0.131794 0.208852 0.197224 0.184063 0.068783 -0.093849 0.068320 -0.130852 -0.154873 -0.111752 0.000448 -0.067071 0.162450 0.219024 0.023530 -0.256628
-0.022413 0.114008 0.666900 0.168391 0.148834 -0.234693 1.000000 0.567812 0.381276 -0.103567 -0.107594 0.054054 0.253306 0.035643 0.027362 0.223896 -0.218875 -0.183494 0.453537 0.358789 -0.067203 -0.164248 -0.054525 0.068242 -0.246811 -0.250519 -0.223294 -0.199904 -0.018385 0.027856 0.093406 0.101397 0.496393 0.221120 -0.107111 -0.069121 0.154300 0.032262 -0.013860 -0.119792 -0.004515 0.029379 -0.064973 -0.171014 0.057020 -0.041953 -0.002375 -0.214927 -0.214136 -0.059244 -0.209821 -0.247030 -0.129417 -0.183374 -0.121192 -0.201020 -0.034352 0.051138 0.286659 0.016696 0.193346 0.233558 -0.010514 0.071658 0.166158 -0.085071 0.087843 -0.163098 0.053163 0.055775 0.093617 -0.087254 -0.008872 0.133134 -0.018566 0.047538 0.217544 0.053974 -0.185749 -0.246229 -0.185413 -0.065244 0.026141 0.124591 -0.149194 -0.029105 -0.124390 -0.182520 0.073749 0.053277 -0.134366 -0.127794 -0.086695 -0.072260 0.079114 0.034295 -0.084439 0.029360 -0.005797 -0.072377 0.009417 0.225667 0.064014 -0.129507 -0.277387 -0.269537 0.051875 -0.224683 0.031599 0.117834 -0.146652 0.142969 0.269341 -0.104881 -0.083333 -0.076139
-0.337272 0.061246 0.507131 0.367443 0.226192 -0.102555 0.567812 1.000000 0.354424 0.129505 -0.293293 0.048470 0.315490 0.078242 -0.321938 0.164923 -0.301897 -0.250808 0.180420 0.094522 -0.137115 -0.302067 -0.202836 -0.016294 -0.090784 -0.260391 -0.246523 -0.113665 -0.223911 0.028606 0.235023 0.158123 0.536178 0.369995 0.039375 0.272260 0.114173 0.118975 -0.065865 -0.141047 -0.147716 0.151510 0.038093 0.065288 0.128546 0.121046 -0.009935 -0.001953 -0.027271 0.058977 -0.145876 -0.013823 -0.199258 -0.286577 -0.255481 -0.207744 0.044166 0.068679 0.241691 0.219893 0.056010 0.508485 -0.167604 0.219337 -0.134757 0.260730 0.340399 0.257815 0.071662 0.202278 0.053184 -0.108904 -0.102498 0.056351 -0.122542 -0.076363 0.140387 0.048749 -0.334020 -0.313494 -0.366326 -0.309331 -0.343712 0.034904 -0.427595 -0.173577 -0.069976 -0.254498 -0.080184 -0.008530 -0.061595 -0.176252 0.039987 -0.056711 0.062084 -0.057768 -0.133059 0.019314 -0.096480 -0.137387 0.135236 0.048424 0.249508 -0.178507 -0.154677 -0.168118 0.171680 -0.199448 -0.017679 0.010887 0.001481 0.077954 0.299839 -0.078476 -0.138285 -0.094850
-0.353133 0.086721 0.550720 0.203570 0.374744 0.152535 0.381276 0.354424 1.000000 0.450299 -0.294046 -0.194414 0.449933 -0.055152 -0.098691 0.289619 -0.472845 -0.223767 0.258741 0.204773 0.087411 0.078359 0.214078 0.206164 0.230254 0.008653 0.051261 0.063762 -0.191151 -0.092076 0.070325 0.144583 0.116134 -0.163844 0.065319 0.096803 0.359234 -0.001484 -0.043488 -0.329729 -0.201436 -0.161091 -0.143200 -0.058959 0.106064 0.090781 -0.204455 -0.105643 0.057782 0.054918 0.160061 0.162415 -0.261962 -0.124204 -0.159551 -0.254004 0.353794 0.077671 0.049262 -0.054339 -0.151484 0.066491 -0.483431 -0.068989 0.180116 0.281575 0.015107 0.119266 0.257554 0.255567 0.300103 0.168119 -0.061072 0.338201 0.151226 0.115119 0.075970 0.094370 -0.276186 -0.113056 -0.433316 -0.190798 -0.331266 -0.417549 -0.538725 -0.426712 0.036695 -0.362428 -0.077942 -0.109777 0.125425 0.079883 0.103261 0.105854 -0.215299 -0.185811 -0.031453 -0.069992 -0.021442 -0.087958 0.284731 0.279775 0.222221 0.119985 0.021157 -0.145334 0.304284 -0.139136 -0.029397 -0.071384 -0.074701 -0.002746 0.101173 0.195757 0.159879 -0.104641
-0.247747 -0.106404 0.085471 0.087180 0.566069 0.464043 -0.103567 0.129505 0.450299 1.000000 -0.099587 0.053014 0.177132 0.047891 0.011582 0.262271 -0.025577 0.134391 0.026808 -0.167105 0.250154 0.255987 0.094794 0.013792 0.576767 0.317021 0.390644 0.177105 0.016260 0.204631 -0.035922 0.078467 -0.259013 -0.177035 0.139938 0.316409 0.056784 -0.234601 -0.308907 -0.239836 0.018351 -0.163518 0.015805 0.056275 0.114837 0.068135 -0.181410 -0.126899 0.272671 -0.009595 0.317145 0.307079 -0.110130 -0.045914 -0.296636 -0.281016 0.086793 -0.152928 -0.043723 -0.016181 -0.242754 -0.002791 -0.267615 -0.034956 -0.005214 0.209218 0.022433 0.087878 0.172722 0.032619 0.041712 0.108331 0.117739 0.162458 0.031555 0.077967 0.043564 0.130260 0.027724 0.245658 -0.009428 0.203594 -0.237526 -0.186733 -0.139582 -0.086469 -0.122961 -0.412179 -0.075373 -0.034975 0.090200 0.010604 0.060825 0.054823 -0.372746 -0.145085 -0.241200 -0.062164 -0.326208 -0.276617 0.254454 0.052680 0.306145 0.118431 0.075098 -0.161046 0.210574 -0.085595 -0.077021 -0.172506 -0.250129 -0.313541 -0.093710 0.202167 0.055885 -0.170011
0.382428 0.106106 -0.224036 -0.246771 -0.112357 -0.129041 -0.107594 -0.293293 -0.294046 -0.099587 1.000000 0.568397 0.252054 0.691549 0.457636 0.224118 0.529219 0.394409 0.123785 -0.074140 0.034412 0.178597 0.016852 -0.146121 -0.029842 0.148962 -0.005286 -0.156250 0.563600 0.351201 0.081568 0.202086 -0.106200 0.096862 -0.056817 -0.064660 -0.050831 -0.197312 -0.125306 -0.105078 0.260357 -0.022981 -0.010346 -0.021529 -0.174720 -0.193379 0.039091 -0.228336 0.057171 -0.281225 -0.021624 -0.261112 0.068095 -0.186889 0.015258 -0.129758 -0.206576 -0.146166 0.206770 -0.011061 0.448057 0.129610 0.576819 0.276991 0.000112 -0.005248 -0.006993 -0.365856 -0.130032 -0.355031 0.041599 0.195296 0.464738 -0.088334 0.232790 0.230419 0.073218 0.076500 0.496659 0.337965 0.491549 0.387483 0.295403 0.164622 0.335986 0.094091 -0.032040 0.099450 -0.252286 -0.191233 -0.439186 -0.256198 -0.267738 -0.200911 -0.209742 -0.031512 -0.032254 -0.171742 -0.457033 -0.358964 -0.186393 -0.207659 -0.257253 -0.163002 -0.223052 -0.247542 -0.261629 -0.079373 -0.052097 -0.158073 -0.225884 -0.392605 -0.372945 -0.264322 -0.231540 -0.102185
-0.040182 0.018986 -0.274538 -0.039853 -0.114709 -0.281220 0.054054 0.048470 -0.194414 0.053014 0.568397 1.000000 0.118450 0.681421 0.200592 0.199743 0.507441 0.732774 0.064345 0.056616 -0.200655 0.118122 -0.063341 0.013791 -0.068328 0.164215 -0.267457 -0.432060 0.698827 0.739458 0.424748 0.533838 -0.037344 0.280957 -0.066884 0.074285 -0.147672 -0.290568 -0.228851 -0.323579 0.196077 -0.055367 0.004324 0.023741 -0.005639 0.044693 -0.001114 -0.314945 -0.039585 -0.108957 -0.101114 -0.147145 -0.173987 -0.151441 -0.226201 -0.179902 -0.443469 -0.322382 -0.067930 -0.254036 0.200865 0.109708 0.460835 0.390671 0.154977 -0.025925 -0.252059 -0.370268 -0.191899 -0.458846 -0.029681 0.240576 0.617889 -0.049701 0.187395 0.145563 0.087984 0.140245 0.590804 0.537464 0.423644 0.437422 0.203473 0.296158 0.234088 0.164198 -0.148638 0.009781 -0.382590 -0.214459 -0.433094 -0.246290 -0.179943 -0.172845 -0.341092 -0.144394 -0.160289 -0.263270 -0.531357 -0.411599 -0.137680 -0.269646 -0.141904 -0.217023 -0.197546 -0.261410 -0.211681 -0.266495 -0.102182 -0.299152 -0.434556 -0.470977 -0.159033 -0.352850 -0.153129 -0.144539
-0.217488 0.193205 0.226771 0.051101 0.110662 -0.076625 0.253306 0.315490 0.449933 0.177132 0.252054 0.118450 1.000000 0.510163 -0.190779 0.188383 -0.312285 -0.108153 0.254814 -0.041593 -0.105341 -0.107267 0.006545 0.002926 0.015251 -0.064592 -0.196704 -0.118287 -0.024833 -0.011243 0.074209 0.244678 0.334907 0.059293 0.111378 0.151039 0.348698 0.013517 0.051729 -0.244094 -0.238144 -0.115846 -0.037699 0.010655 0.128646 0.108457 -0.054542 -0.002551 0.162134 0.072609 0.015227 -0.060626 -0.151260 -0.296271 0.026029 -0.189131 0.456936 0.049924 0.326939 0.154588 0.208909 0.357457 -0.108183 0.278568 -0.049026 0.401807 0.301520 0.077653 0.113601 0.108626 0.219544 0.254786 0.081138 0.040531 0.101093 0.123938 0.169450 0.108104 -0.236347 -0.132092 -0.386756 -0.165412 -0.384212 -0.221643 -0.574536 -0.401109 0.150240 -0.196826 -0.234044 -0.052995 -0.029538 -0.095590 -0.070578 -0.059777 -0.207467 -0.212048 0.058023 -0.227407 -0.079134 -0.227255 0.142898 0.002591 0.106476 -0.054975 -0.182013 -0.281479 0.122512 -0.165095 -0.047041 -0.075082 -0.010540 -0.133205 -0.184068 -0.098165 -0.155660 -0.182511
0.071153 0.104916 -0.149742 -0.055141 -0.045806 -0.086863 0.035643 0.078242 -0.055152 0.047891 0.691549 0.681421 0.510163 1.000000 0.086421 0.232850 0.274023 0.412190 0.169182 -0.074505 -0.124877 0.122398 -0.059394 -0.076742 -0.023869 0.160722 -0.149150 -0.174124 0.485897 0.439275 0.218462 0.359948 0.016225 0.130549 -0.067503 0.129894 0.133848 -0.194783 -0.197537 -0.313377 0.127814 -0.091251 -0.073454 0.031140 -0.003370 0.039771 -0.104828 -0.182294 0.156546 -0.108980 -0.025397 -0.154279 -0.137998 -0.362722 -0.125690 -0.314544 -0.011409 -0.150409 0.214595 0.061030 0.296112 0.245394 0.417782 0.442942 -0.157417 0.135083 0.075522 -0.195027 -0.016284 -0.204098 0.161903 0.332628 0.480673 0.044766 0.233783 0.227377 0.154276 0.217835 0.340335 0.276301 0.201991 0.232978 -0.038881 0.061984 -0.098433 -0.128699 -0.000266 -0.111483 -0.397110 -0.280805 -0.290396 -0.242605 -0.118172 -0.127009 -0.376746 -0.275785 -0.047116 -0.322711 -0.455745 -0.475020 0.096902 -0.060513 0.035165 -0.041617 -0.135162 -0.299583 -0.044244 -0.273047 -0.193993 -0.212149 -0.267328 -0.440514 -0.218475 -0.252007 -0.164780 -0.257172
0.294140 -0.209238 0.060487 0.094013 -0.004004 0.002827 0.027362 -0.321938 -0.098691 0.011582 0.457636 0.200592 -0.190779 0.086421 1.000000 0.612567 0.433910 0.206793 0.186949 0.038302 0.217017 0.277282 0.393937 0.197475 0.135843 0.323030 0.176281 0.091282 0.342261 0.252690 0.057475 0.042740 -0.334980 -0.087336 0.252120 -0.020051 -0.057430 -0.015513 -0.059683 0.033748 0.387119 0.167034 0.013530 0.015845 -0.188813 -0.226506 0.032029 -0.234852 -0.004842 -0.336839 0.219697 -0.163843 0.122710 -0.012367 -0.092618 -0.102684 -0.323228 -0.267226 -0.056315 -0.243407 0.128307 -0.150345 0.192810 -0.205586 0.294601 -0.041078 -0.243332 -0.346069 -0.111538 -0.384478 -0.058956 -0.021473 0.213896 0.076105 0.223442 0.109918 0.178820 0.006732 0.410100 0.370341 0.524325 0.467979 0.636843 0.314919 0.653940 0.513693 -0.006101 0.257333 0.022226 -0.156503 -0.462861 -0.330632 -0.234791 -0.277526 -0.169457 0.069870 -0.189042 0.018349 -0.414527 -0.301732 -0.378201 -0.209229 -0.417441 -0.313798 -0.250916 -0.239372 -0.334654 -0.090023 -0.042393 -0.086450 -0.256974 -0.284694 -0.177328 -0.197377 -0.168712 -0.099114
0.022610 -0.133367 0.264342 0.288339 0.234501 0.085684 0.223896 0.164923 0.289619 0.262271 0.224118 0.199743 0.188383 0.232850 0.612567 1.000000 0.100319 0.095956 0.332364 0.028590 0.235499 0.248924 0.253264 0.178376 0.119806 0.187860 0.120479 0.140168 0.156380 0.304061 0.106059 0.123915 -0.141834 -0.054799 0.185691 0.132117 0.177538 0.096009 -0.077324 -0.172142 0.227244 0.153040 -0.083052 0.032414 -0.174046 -0.191293 -0.057297 -0.210381 0.044560 -0.317468 0.127357 -0.081389 0.003575 -0.103931 -0.157252 -0.271890 -0.032071 -0.199341 0.032630 -0.169792 0.090242 0.076007 -0.009435 -0.088395 0.119495 0.120082 -0.098430 -0.214051 0.034592 -0.205553 0.064736 0.038621 0.154680 0.264566 0.158771 0.076527 0.276560 0.170118 0.118898 0.185390 0.164927 0.248821 0.262174 0.172143 0.127532 0.180508 0.029346 -0.026528 -0.100058 -0.163198 -0.295419 -0.264891 -0.088017 -0.161275 -0.292808 -0.078282 -0.255929 -0.021699 -0.403470 -0.343134 -0.113983 -0.023127 -0.163959 -0.193235 -0.203992 -0.269499 -0.019528 -0.187439 -0.048204 -0.105369 -0.257513 -0.269720 -0.030723 -0.160756 -0.176748 -0.180068
0.229406 -0.136318 -0.408711 -0.244485 -0.147647 -0.174364 -0.218875 -0.301897 -0.472845 -0.025577 0.529219 0.507441 -0.312285 0.274023 0.433910 0.100319 1.000000 0.702322 -0.049801 -0.108836 0.060729 0.244010 -0.173382 -0.138014 -0.057365 0.115430 -0.107438 -0.240875 0.704863 0.625684 0.188846 0.230322 -0.154387 0.184360 -0.008912 0.129137 -0.287934 -0.269511 -0.279881 -0.077241 0.513224 0.041939 -0.025493 -0.096836 -0.033455 -0.116402 -0.056090 -0.233758 -0.046223 -0.217223 -0.081263 -0.210725 0.086702 -0.036023 -0.301819 -0.141566 -0.372949 -0.068892 -0.064595 -0.126592 0.301144 0.006089 0.681561 0.406246 0.024805 -0.219721 -0.151583 -0.347115 -0.085688 -0.334011 0.000578 0.192472 0.687216 0.063549 0.354835 0.254248 0.128743 0.143849 0.809209 0.599006 0.856785 0.695583 0.462299 0.343264 0.600735 0.247029 -0.166543 0.140829 -0.249627 -0.287438 -0.350052 -0.309068 -0.349025 -0.285443 -0.163793 -0.006326 -0.092358 -0.097341 -0.360046 -0.207660 -0.278335 -0.261829 -0.192732 -0.250728 -0.205836 -0.183966 -0.151665 -0.187073 -0.089396 -0.248146 -0.250760 -0.222267 -0.349740 -0.224904 -0.192556 -0.131674
0.043817 0.007148 -0.426163 -0.185840 -0.150591 -0.207474 -0.183494 -0.250808 -0.223767 0.134391 0.394409 0.732774 -0.108153 0.412190 0.206793 0.095956 0.702322 1.000000 0.022951 0.089654 -0.000055 0.371087 -0.100397 -0.008501 0.039293 0.265019 -0.188158 -0.348331 0.815292 0.814933 0.188167 0.391103 -0.199146 0.103713 -0.013421 0.111509 -0.146542 -0.339462 -0.294924 -0.286788 0.361903 -0.172080 -0.105981 -0.098243 -0.011469 0.038472 -0.160332 -0.342619 -0.066010 -0.101787 -0.056115 -0.075442 -0.213117 -0.100573 -0.314345 -0.223897 -0.271307 -0.082769 -0.278695 -0.335563 0.049905 -0.159915 0.509435 0.388003 0.126816 -0.184080 -0.326710 -0.374238 0.014704 -0.356904 0.023407 0.325729 0.778749 0.133369 0.340174 0.213578 0.082591 0.282526 0.756709 0.766584 0.655303 0.729148 0.288782 0.221422 0.310261 0.114965 -0.133330 0.009318 -0.352728 -0.258121 -0.302861 -0.223636 -0.250678 -0.142599 -0.414778 -0.217507 -0.160524 -0.242076 -0.410748 -0.334700 -0.052617 -0.176622 -0.044428 -0.115677 -0.104207 -0.256065 -0.051634 -0.191604 -0.177149 -0.325281 -0.437555 -0.383717 -0.322372 -0.225542 -0.115153 -0.209190
0.226349 0.165389 0.457310 0.390550 0.124969 -0.032494 0.453537 0.180420 0.258741 0.026808 0.123785 0.064345 0.254814 0.169182 0.186949 0.332364 -0.049801 0.022951 1.000000 0.547476 0.043214 0.093032 0.171761 0.228968 0.072926 0.183837 -0.050875 -0.045738 0.222815 0.189502 0.149144 0.244380 0.164252 -0.097910 0.065395 -0.028978 0.322970 -0.136066 -0.181983 -0.265468 0.204387 0.157381 -0.127270 -0.058654 -0.098033 -0.159452 -0.089377 -0.243292 -0.119407 -0.225172 0.051537 -0.188460 -0.168963 -0.243347 -0.209629 -0.375751 0.186117 0.112586 0.125577 -0.033959 0.086544 -0.079964 0.051786 -0.043124 0.137251 -0.003306 0.004234 -0.241882 0.319146 -0.105757 0.232117 0.058671 0.204732 0.309911 0.262136 0.196711 0.370285 0.241690 0.049314 0.142846 0.072684 0.201089 0.150441 0.215164 -0.025438 0.104722 -0.109186 -0.255307 -0.093681 -0.235551 -0.300686 -0.292573 -0.214643 -0.222667 -0.239733 -0.115404 -0.252851 -0.088669 -0.132224 -0.315627 -0.059985 0.131036 -0.058554 -0.171214 -0.327415 -0.489703 0.037896 -0.289059 -0.167476 -0.014007 -0.249807 -0.073520 -0.099319 -0.137686 -0.186407 -0.206885
0.101713 0.390621 0.207904 0.206315 -0.116990 -0.180932 0.358789 0.094522 0.204773 -0.167105 -0.074140 0.056616 -0.041593 -0.074505 0.038302 0.028590 -0.108836 0.089654 0.547476 1.000000 -0.096652 0.037176 0.161628 0.338244 -0.049660 0.099360 -0.192953 -0.201394 0.255793 0.174516 0.249113 0.293802 0.199533 0.111807 0.027887 -0.058458 0.137769 -0.054948 -0.170880 -0.283929 0.009858 0.131186 -0.156304 -0.085511 -0.024122 0.014007 -0.175934 -0.072999 -0.314223 -0.022267 -0.090826 -0.120458 -0.336608 -0.172022 -0.272138 -0.253575 0.140871 0.318499 -0.217781 -0.299082 -0.247072 -0.342125 -0.095527 -0.144090 0.222610 -0.211566 -0.307072 -0.211849 0.459019 0.081688 0.191425 0.041472 0.112170 0.191908 0.207668 0.028820 0.204733 0.226381 0.011009 0.098252 0.006341 0.099258 0.258270 0.278465 -0.062258 -0.020490 -0.124209 -0.167411 -0.247970 -0.333858 -0.113720 -0.081861 -0.154904 -0.061960 -0.061695 -0.127088 -0.141329 -0.012372 0.078829 -0.130439 -0.091966 0.115173 -0.015126 -0.097480 -0.165669 -0.261454 0.022250 -0.122331 -0.103720 0.187144 -0.043122 0.222853 0.130874 0.062232 -0.035717 -0.193979
0.219281 0.087505 0.091412 -0.120176 0.364276 0.385971 -0.067203 -0.137115 0.087411 0.250154 0.034412 -0.200655 -0.105341 -0.124877 0.217017 0.235499 0.060729 -0.000055 0.043214 -0.096652 1.000000 0.466800 0.011572 -0.116496 0.367248 0.208755 0.462042 0.247025 0.019653 0.000392 -0.288058 -0.272024 -0.307610 -0.395893 -0.046024 -0.090170 0.059512 0.074222 -0.076787 0.140891 0.168489 -0.036443 0.012437 -0.048640 -0.021410 -0.141074 0.038138 -0.120079 0.237891 -0.070530 0.099124 0.161560 0.066604 0.012161 0.039065 -0.039930 0.109427 0.058730 0.039492 0.079643 -0.064975 -0.084054 -0.052874 -0.091093 -0.274367 -0.110622 0.024447 -0.188422 0.075303 0.003798 0.209075 0.143355 0.091692 0.245965 0.101049 0.233948 0.031483 0.054745 0.052824 0.104147 0.116589 0.184502 0.020132 -0.177631 0.017104 -0.006852 -0.124959 -0.182237 0.104624 0.047225 0.076443 -0.038609 -0.030564 -0.000515 -0.016765 0.133117 0.052834 0.125612 -0.024457 -0.022435 0.143860 0.255625 0.115294 0.138812 0.073297 -0.086905 0.069994 0.078949 0.134456 0.008884 -0.158289 -0.155225 0.047198 0.247851 0.080218 0.010609
0.108945 -0.154416 -0.062043 -0.002734 0.079659 0.168373 -0.164248 -0.302067 0.078359 0.255987 0.178597 0.118122 -0.107267 0.122398 0.277282 0.248924 0.244010 0.371087 0.093032 0.037176 0.466800 1.000000 0.224270 0.078334 0.457979 0.550809 0.241104 0.129002 0.419182 0.303765 -0.064479 0.166313 -0.345722 -0.258626 0.075679 -0.030942 0.111028 -0.066024 -0.103122 -0.100646 0.314671 -0.167180 -0.071083 -0.001478 0.013714 0.081904 -0.143776 -0.181462 0.127987 -0.034950 0.200354 0.140441 -0.147153 -0.089174 -0.228813 -0.198242 0.009676 -0.135202 -0.205229 -0.228050 -0.137066 -0.317671 0.081399 -0.092603 0.026379 -0.049967 -0.297730 -0.264137 -0.037779 -0.229464 0.304074 0.428941 0.436674 0.417740 0.391547 0.406818 0.123194 0.357639 0.434343 0.454727 0.353880 0.450454 0.235947 -0.172301 0.151050 0.048518 0.009012 -0.068067 -0.158120 -0.239406 -0.132707 -0.146002 -0.137481 -0.074158 -0.388488 -0.184660 0.033736 -0.177631 -0.233629 -0.259602 0.053526 0.146896 0.027315 0.081257 -0.028666 -0.239841 0.115127 -0.222575 -0.188069 -0.073394 -0.213139 -0.345412 -0.045797 0.145286 0.112490 -0.198856
0.052295 -0.134913 0.298887 0.568180 0.038503 0.361179 -0.054525 -0.202836 0.214078 0.094794 0.016852 -0.063341 0.006545 -0.059394 0.393937 0.253264 -0.173382 -0.100397 0.171761 0.161628 0.011572 0.224270 1.000000 0.719084 0.502383 0.581122 0.308203 0.466182 -0.100236 -0.138168 0.152129 0.157483 -0.279223 -0.189380 0.355761 0.071201 0.313589 0.058186 -0.010355 -0.138766 -0.058507 0.081168 -0.198872 0.016025 -0.181511 -0.026569 -0.225438 -0.097542 0.037063 -0.128089 0.532331 0.119542 -0.118647 -0.044967 -0.160415 -0.249617 0.112828 -0.112773 -0.360374 -0.318501 -0.292358 -0.414726 -0.340542 -0.498035 0.541174 0.373195 -0.358076 0.067026 -0.057010 -0.277456 0.177905 0.156501 -0.139838 0.261333 0.275559 0.164481 0.136200 0.104610 0.043103 0.155900 -0.077419 0.055310 0.215500 -0.016210 0.205375 0.331994 0.305834 0.192468 0.114954 -0.149859 -0.232089 -0.096849 0.108830 -0.060287 -0.366528 -0.318398 -0.215229 -0.277825 -0.240170 -0.273364 -0.253784 -0.143786 -0.337275 -0.125891 -0.163223 -0.205158 -0.153737 -0.189198 -0.347047 -0.170513 -0.061672 -0.114302 0.056710 -0.014515 -0.008026 -0.313365
-0.281269 -0.205099 0.177400 0.669786 -0.122503 0.140889 0.068242 -0.016294 0.206164 0.013792 -0.146121 0.013791 0.002926 -0.076742 0.197475 0.178376 -0.138014 -0.008501 0.228968 0.338244 -0.116496 0.078334 0.719084 1.000000 0.274798 0.385138 -0.019894 0.187872 0.044572 0.017805 0.339722 0.385842 -0.139047 -0.064381 0.351819 0.205928 0.205222 -0.019614 0.022501 -0.162373 -0.107532 0.064596 -0.237162 -0.078565 -0.163395 0.008056 -0.255917 -0.096915 -0.217383 -0.068614 0.148989 -0.128103 -0.308296 -0.069421 -0.213130 -0.219491 0.079954 -0.064372 -0.448695 -0.393960 -0.317009 -0.413251 -0.283552 -0.242101 0.560057 0.307157 -0.426669 0.110317 -0.084756 -0.178289 0.177234 0.223224 0.005315 0.222170 0.269005 0.097764 0.093984 0.149132 0.105235 0.167002 -0.106980 0.042187 0.205567 0.115561 0.008789 0.196340 0.166961 0.123846 0.030784 -0.140551 -0.051490 -0.001668 0.071245 -0.061126 -0.285520 -0.287123 -0.267068 -0.294369 -0.115420 -0.158868 -0.224365 -0.103349 -0.311617 -0.129279 -0.153043 -0.190631 0.060504 -0.226350 -0.282378 -0.154691 -0.071487 0.040559 0.023822 0.058167 0.150094 -0.235917
-0.057002 -0.079337 0.157709 0.235662 0.381642 0.592400 -0.246811 -0.090784 0.230254 0.576767 -0.029842 -0.068328 0.015251 -0.023869 0.135843 0.119806 -0.057365 0.039293 0.072926 -0.049660 0.367248 0.457979 0.502383 0.274798 1.000000 0.725360 0.468210 0.361446 -0.005554 0.025852 0.018006 0.094547 -0.314146 -0.323747 0.230744 0.203850 0.213028 -0.089088 -0.193153 -0.166533 0.049617 -0.079748 0.028246 0.156713 0.109124 0.097929 -0.158455 -0.110457 0.413014 0.088274 0.512475 0.432198 -0.109374 -0.064251 -0.292186 -0.259194 0.099314 -0.193570 -0.173217 0.015990 -0.310271 -0.237288 -0.258836 -0.231577 0.066311 0.236105 -0.089602 0.062861 0.015834 -0.161793 0.185325 0.265930 0.062586 0.319508 0.277396 0.235575 0.128055 0.138453 0.030717 0.258722 -0.044243 0.162224 -0.204399 -0.265104 -0.034991 0.112654 -0.133528 -0.302163 -0.146294 -0.167898 -0.029219 -0.075729 0.056782 -0.042402 -0.435607 -0.243323 -0.119542 -0.158522 -0.253130 -0.310320 0.043015 0.058495 0.154634 0.061973 0.002811 -0.270225 0.024929 -0.224062 -0.153804 -0.194924 -0.231331 -0.338166 0.069818 0.133007 0.066371 -0.263141
0.130776 -0.084248 0.026119 0.274878 0.009054 0.406060 -0.250519 -0.260391 0.008653 0.317021 0.148962 0.164215 -0.064592 0.160722 0.323030 0.187860 0.115430 0.265019 0.183837 0.099360 0.208755 0.550809 0.581122 0.385138 0.725360 1.000000 0.336584 0.261850 0.286915 0.193292 0.062906 0.222080 -0.380056 -0.196324 0.272671 0.033316 0.161152 0.021839 -0.140744 -0.116330 0.172552 -0.033889 -0.074780 0.087404 -0.106984 0.009141 -0.232834 -0.163293 0.233473 -0.074298 0.467497 0.198466 -0.203272 -0.150198 -0.291682 -0.314608 0.053838 -0.188970 -0.310039 -0.215603 -0.287584 -0.420041 -0.078087 -0.326301 0.158394 0.153476 -0.306092 -0.086520 0.027606 -0.285470 0.174621 0.244099 0.245478 0.257087 0.362951 0.213792 0.126235 0.201616 0.301300 0.403199 0.203827 0.319973 0.112798 -0.032461 0.203142 0.295978 -0.083236 -0.135928 -0.278371 -0.299704 -0.205437 -0.160020 0.006880 -0.087056 -0.493871 -0.303845 -0.156834 -0.206217 -0.376886 -0.419380 -0.086094 -0.005655 -0.004290 -0.006957 -0.026184 -0.327566 -0.208284 -0.214688 -0.264362 -0.142207 -0.228438 -0.349397 0.035976 0.061870 0.077649 -0.357964
0.376918 0.098065 0.119790 -0.063313 0.603450 0.754617 -0.223294 -0.246523 0.051261 0.390644 -0.005286 -0.267457 -0.196704 -0.149150 0.176281 0.120479 -0.107438 -0.188158 -0.050875 -0.192953 0.462042 0.241104 0.308203 -0.019894 0.468210 0.336584 1.000000 0.691527 -0.273371 -0.278259 -0.409167 -0.449693 -0.376602 -0.467949 -0.010453 -0.114502 0.175756 -0.060225 -0.245653 0.038086 0.165068 0.039774 0.075571 0.151754 -0.092570 -0.088336 -0.021080 0.076025 0.297695 -0.058185 0.457543 0.379307 0.223553 0.076870 0.045734 -0.123080 0.097489 0.022931 0.002258 0.169884 -0.135717 -0.169897 -0.166956 -0.334763 -0.089425 -0.121795 -0.004474 0.033107 0.098648 0.021777 -0.060785 -0.185414 -0.280112 0.101156 -0.090730 0.073491 -0.132099 -0.043311 -0.082847 -0.055803 0.059269 0.069734 0.022941 -0.120370 0.226775 0.182145 0.054421 -0.033419 0.338685 0.071054 0.037056 0.019893 0.087943 0.077495 -0.177196 -0.109660 -0.122404 0.030091 -0.117616 -0.101060 0.128787 0.161767 0.056941 0.224034 0.144096 0.017799 -0.059741 0.067223 -0.018192 -0.050762 -0.033610 -0.087514 0.051552 0.197139 0.031887 -0.143257
0.305218 -0.017371 0.231038 0.253769 0.356195 0.772209 -0.199904 -0.113665 0.063762 0.177105 -0.156250 -0.432060 -0.118287 -0.174124 0.091282 0.140168 -0.240875 -0.348331 -0.045738 -0.201394 0.247025 0.129002 0.466182 0.187872 0.361446 0.261850 0.691527 1.000000 -0.440120 -0.408681 -0.400734 -0.464742 -0.283507 -0.419322 0.162133 0.109592 0.466351 0.072870 -0.108956 0.055806 0.209279 0.110663 -0.034294 0.181724 -0.126716 0.025896 -0.166368 0.172824 0.256134 0.008657 0.585713 0.373847 0.213805 -0.065198 -0.004017 -0.230062 0.278444 0.100751 -0.149536 0.122282 -0.241923 -0.194525 -0.300406 -0.393507 -0.070397 0.122957 0.000603 0.283887 0.022032 0.111225 0.009545 -0.104405 -0.412058 0.280881 -0.053922 0.183656 0.003046 0.109412 -0.174973 -0.095890 -0.037730 -0.026202 0.049109 -0.097064 0.113321 0.242146 0.342839 0.136114 0.350665 0.023451 0.100074 -0.061908 0.189070 0.011635 -0.214728 -0.280753 -0.147457 -0.065723 -0.049628 -0.113433 -0.004939 0.172237 0.015103 0.115473 0.005534 -0.051514 0.052546 -0.088611 -0.228902 -0.058122 0.117822 0.053839 0.172504 0.166075 -0.025177 -0.281139
0.083829 -0.039217 -0.342387 -0.128848 -0.185581 -0.318515 -0.018385 -0.223911 -0.191151 0.016260 0.563600 0.698827 -0.024833 0.485897 0.342261 0.156380 0.704863 0.815292 0.222815 0.255793 0.019653 0.419182 -0.100236 0.044572 -0.005554 0.286915 -0.273371 -0.440120 1.000000 0.828117 0.368021 0.557025 -0.058817 0.194375 0.049613 0.047204 -0.063238 -0.283715 -0.232789 -0.271253 0.424324 -0.101852 -0.045546 -0.082112 0.022417 0.028324 -0.092345 -0.319663 -0.151881 -0.129005 -0.179439 -0.271098 -0.236106 -0.180383 -0.320317 -0.231070 -0.259950 -0.124520 -0.165093 -0.310015 0.149478 -0.172904 0.575190 0.351484 0.107389 -0.194973 -0.289254 -0.450162 0.011082 -0.378168 0.197978 0.368105 0.892737 0.191780 0.450128 0.299673 0.206802 0.317956 0.790364 0.698126 0.691947 0.699836 0.458917 0.264982 0.301562 0.087009 -0.186243 0.011592 -0.496711 -0.391359 -0.395414 -0.306200 -0.421850 -0.274309 -0.337984 -0.134013 -0.029019 -0.234424 -0.368194 -0.368029 -0.169311 -0.179987 -0.150372 -0.224970 -0.269477 -0.423769 -0.120785 -0.287495 -0.111237 -0.197722 -0.384336 -0.365800 -0.253717 -0.198904 -0.092434 -0.200346
-0.046684 -0.073668 -0.271058 -0.009687 -0.020535 -0.254143 0.027856 0.028606 -0.092076 0.204631 0.351201 0.739458 -0.011243 0.439275 0.252690 0.304061 0.625684 0.814933 0.189502 0.174516 0.000392 0.303765 -0.138168 0.017805 0.025852 0.193292 -0.278259 -0.408681 0.828117 1.000000 0.448788 0.556983 -0.030754 0.210452 0.114153 0.193107 -0.022903 -0.203114 -0.296583 -0.329493 0.390609 0.054218 -0.022122 -0.001495 0.074405 0.054473 -0.058297 -0.298145 -0.086368 -0.126140 -0.100428 -0.099970 -0.224874 -0.171226 -0.441232 -0.287823 -0.255032 -0.143472 -0.175657 -0.277124 0.035962 -0.042904 0.401572 0.372914 0.077228 -0.101211 -0.233136 -0.370525 0.051925 -0.383542 0.144269 0.302743 0.826266 0.299486 0.421433 0.289517 0.363089 0.403170 0.654770 0.732874 0.574010 0.694174 0.317436 0.338276 0.224277 0.162814 -0.138025 -0.051256 -0.502333 -0.368338 -0.423224 -0.385956 -0.381969 -0.301382 -0.361325 -0.152465 -0.155313 -0.187311 -0.398299 -0.404387 -0.154700 -0.238030 -0.061526 -0.316370 -0.308366 -0.409930 -0.057004 -0.320974 -0.130661 -0.241666 -0.403605 -0.378633 -0.151158 -0.269857 -0.178270 -0.223514
-0.341109 -0.181026 -0.013188 0.389378 -0.044786 -0.329484 0.093406 0.235023 0.070325 -0.035922 0.081568 0.424748 0.074209 0.218462 0.057475 0.106059 0.188846 0.188167 0.149144 0.249113 -0.288058 -0.064479 0.152129 0.339722 0.018006 0.062906 -0.409167 -0.400734 0.368021 0.448788 1.000000 0.850058 0.199207 0.386835 0.185837 0.120644 -0.082323 -0.054503 -0.024024 -0.213448 -0.063182 0.206381 0.050920 0.031183 0.094309 0.114924 0.079451 -0.069748 -0.261659 -0.041300 -0.148895 -0.158361 -0.117700 0.037669 -0.187455 0.019715 -0.235956 -0.249095 -0.159264 -0.262434 0.003102 0.002296 0.047970 0.188839 0.213329 0.161564 -0.263480 -0.150260 -0.195926 -0.394258 0.209469 0.194617 0.383886 0.128368 0.322510 0.066621 0.279239 0.038934 0.250731 0.219594 0.038918 0.009533 0.099782 0.205691 -0.029669 0.068443 -0.024812 -0.031185 -0.336900 -0.281472 -0.298646 -0.170544 -0.263753 -0.281218 -0.045369 0.020970 -0.041076 -0.046030 -0.066050 -0.052851 -0.315706 -0.375634 -0.256792 -0.393754 -0.331709 -0.241670 -0.163522 -0.325067 0.053202 -0.095569 -0.134061 -0.046225 0.054663 -0.162231 -0.076009 -0.029307
-0.359589 -0.146429 -0.048090 0.347672 -0.173001 -0.347749 0.101397 0.158123 0.144583 0.078467 0.202086 0.533838 0.244678 0.359948 0.042740 0.123915 0.230322 0.391103 0.244380 0.293802 -0.272024 0.166313 0.157483 0.385842 0.094547 0.222080 -0.449693 -0.464742 0.557025 0.556983 0.850058 1.000000 0.187255 0.412603 0.194884 0.179598 -0.008404 -0.112095 -0.050701 -0.305653 -0.019166 0.047262 -0.030055 -0.030835 0.076986 0.136062 -0.046358 -0.167228 -0.258846 -0.080335 -0.114812 -0.219626 -0.290229 -0.104994 -0.310638 -0.150672 -0.112687 -0.178446 -0.188230 -0.368573 0.037201 -0.055061 0.129211 0.282327 0.308112 0.220696 -0.267230 -0.170561 -0.116613 -0.389249 0.217085 0.324023 0.569613 0.165579 0.426960 0.181716 0.293104 0.239825 0.393753 0.397240 0.134207 0.181150 0.100893 0.138301 -0.098576 -0.025915 -0.102210 -0.125895 -0.447883 -0.360697 -0.338434 -0.225337 -0.323090 -0.298861 -0.240092 -0.123516 -0.025669 -0.201976 -0.205735 -0.212249 -0.247489 -0.327094 -0.204695 -0.343819 -0.352936 -0.380509 -0.084175 -0.375137 -0.073543 -0.143881 -0.180288 -0.162407 -0.126334 -0.145316 -0.062710 -0.157064
-0.140716 0.247858 0.250382 -0.006838 -0.112750 -0.374821 0.496393 0.536178 0.116134 -0.259013 -0.106200 -0.037344 0.334907 0.016225 -0.334980 -0.141834 -0.154387 -0.199146 0.164252 0.199533 -0.307610 -0.345722 -0.279223 -0.139047 -0.314146 -0.380056 -0.376602 -0.283507 -0.058817 -0.030754 0.199207 0.187255 1.000000 0.649531 0.094040 0.112436 0.107754 0.208973 0.100315 0.031257 -0.081721 0.202083 0.081297 0.017239 0.245391 0.216733 0.086516 0.226563 -0.165393 0.133075 -0.241764 -0.177524 -0.054313 -0.259433 -0.132087 -0.087092 0.093248 0.307045 0.312275 0.296545 0.256710 0.453352 0.077332 0.354756 -0.027500 0.016410 0.444671 0.223847 0.206562 0.237429 0.073796 -0.091967 0.026931 0.005481 0.029758 0.058012 0.291973 0.131551 -0.255187 -0.304102 -0.195546 -0.212149 -0.128933 0.131293 -0.260511 -0.240748 0.028880 -0.011534 -0.126000 -0.141090 -0.202610 -0.320976 -0.344140 -0.300895 0.259558 0.004827 0.289444 0.041555 0.181073 -0.007054 -0.113613 -0.081617 0.045201 -0.311436 -0.376766 -0.249414 -0.046604 -0.257221 -0.027455 0.198075 0.374361 0.308719 0.019401 -0.279840 -0.333997 -0.157615
-0.170492 -0.003300 -0.037108 0.022456 -0.348486 -0.512247 0.221120 0.369995 -0.163844 -0.177035 0.096862 0.280957 0.059293 0.130549 -0.087336 -0.054799 0.184360 0.103713 -0.097910 0.111807 -0.395893 -0.258626 -0.189380 -0.064381 -0.323747 -0.196324 -0.467949 -0.419322 0.194375 0.210452 0.386835 0.412603 0.649531 1.000000 0.235790 0.247998 -0.200772 0.169765 0.089282 0.055804 -0.059118 0.107096 -0.086952 -0.150427 -0.019075 0.039543 -0.070314 0.040465 -0.316179 -0.129644 -0.313647 -0.397998 -0.164426 -0.211832 -0.212331 -0.083075 -0.259772 0.083533 0.065832 -0.057797 0.234380 0.373916 0.205333 0.300269 0.142746 0.134289 0.170853 0.218405 0.050816 0.042587 -0.062623 -0.079878 0.150585 -0.192036 -0.007482 -0.094696 0.192068 0.171635 0.102925 -0.035612 0.092719 -0.009713 0.073573 0.268251 0.037020 0.004798 -0.075311 0.141090 -0.184156 -0.168264 -0.294445 -0.260480 -0.269771 -0.237190 0.159348 -0.016345 0.065534 -0.057354 -0.179080 -0.105916 -0.263131 -0.392504 -0.117084 -0.323584 -0.269690 -0.090146 -0.188196 -0.134465 -0.143943 0.132972 0.256828 0.127294 -0.076952 -0.266940 -0.225810 -0.198479
-0.165290 -0.280158 0.112058 0.385345 -0.006725 0.036575 -0.107111 0.039375 0.065319 0.139938 -0.056817 -0.066884 0.111378 -0.067503 0.252120 0.185691 -0.008912 -0.013421 0.065395 0.027887 -0.046024 0.075679 0.355761 0.351819 0.230744 0.272671 -0.010453 0.162133 0.049613 0.114153 0.185837 0.194884 0.094040 0.235790 1.000000 0.534136 0.205244 0.078118 -0.039384 -0.052340 0.056708 0.061901 -0.122836 -0.041351 0.066408 0.138275 -0.270616 -0.035447 -0.028655 -0.062336 0.237678 -0.071736 -0.189850 -0.213102 -0.347454 -0.238987 0.040145 -0.093103 -0.229926 -0.183452 -0.230113 -0.066320 -0.318896 -0.146154 0.275326 0.507179 0.094125 0.400555 -0.001289 -0.035680 0.205656 0.226877 0.007376 0.165829 0.105159 0.124095 0.349317 0.297294 0.069418 0.245928 0.031687 0.211305 0.116127 0.065708 0.121744 0.299280 0.254182 0.204591 -0.103369 -0.254048 -0.136562 -0.303064 -0.217705 -0.290506 -0.247451 -0.200222 -0.217243 -0.229359 -0.195843 -0.251379 -0.261481 -0.297698 -0.211919 -0.301128 -0.269216 -0.331605 -0.163248 -0.383758 -0.222965 -0.014794 0.105541 -0.014948 -0.026649 -0.115215 -0.089734 -0.399519
-0.306886 -0.164665 0.011544 0.298021 -0.001819 0.122459 -0.069121 0.272260 0.096803 0.316409 -0.064660 0.074285 0.151039 0.129894 -0.020051 0.132117 0.129137 0.111509 -0.028978 -0.058458 -0.090170 -0.030942 0.071201 0.205928 0.203850 0.033316 -0.114502 0.109592 0.047204 0.193107 0.120644 0.179598 0.112436 0.247998 0.534136 1.000000 0.089551 -0.193747 -0.371092 -0.340226 0.040035 -0.030809 -0.167144 -0.034358 0.261483 0.279064 -0.435638 -0.027911 0.126534 0.084832 0.174043 0.012360 -0.294015 -0.426381 -0.515628 -0.504366 0.076510 0.037458 -0.151351 -0.007503 -0.228440 0.057541 -0.129129 0.190539 0.003997 0.392279 0.242710 0.491455 0.135736 0.195314 0.190610 0.345009 0.118509 0.249404 0.095557 0.255649 0.194642 0.347318 0.116822 0.238140 0.063780 0.180719 -0.051426 0.015447 -0.068080 0.042964 0.024189 -0.078721 -0.193869 -0.336043 0.054464 -0.192919 -0.008496 -0.116538 -0.296694 -0.324517 -0.316285 -0.351125 -0.267853 -0.346665 0.091043 -0.020432 0.162150 -0.108680 -0.134668 -0.234182 0.248451 -0.433868 -0.309191 -0.143947 0.033232 -0.008357 -0.070019 -0.023565 -0.069899 -0.340181
