1.000000 0.382605 0.363400 0.064201 -0.040265 0.168063 0.323253 0.060069 -0.162253 0.041723 0.189192 0.125456 0.113933 0.133051 -0.161442 -0.014937 0.018816 -0.070900 0.226093 0.050668 -0.093158 0.096486 -0.108253 0.099855 -0.038703 -0.002959 0.231153 0.141125 -0.066263 -0.158445 -0.019503 0.019760 0.266756 0.169476 -0.361809 -0.407799 -0.332914 -0.219676 -0.151720 -0.104448 -0.196794 -0.120145 -0.109787 -0.099472 -0.135710 -0.207276 -0.049013 -0.090454 0.175465 0.048031 -0.034337 0.045532 0.098486 0.037426 -0.180806 -0.036923 0.541316 0.205832 0.325380 0.004491 0.278985 0.385050 0.019818 0.241226 -0.038817 0.202467 0.158562 -0.169243 0.098819 -0.029474 -0.087075 0.023078 -0.019603 -0.065108 -0.004407 -0.067048 -0.003837 -0.183173 -0.000482 -0.000381 -0.164401 -0.061303 -0.211597 -0.049851 -0.187468 -0.100341 0.036859 0.092869 -0.077559 0.046019 -0.032248 -0.198013 -0.132402 -0.169588 -0.330070 -0.197671 -0.179512 -0.200563 -0.069847 -0.073926 -0.087998 -0.036716 -0.231125 -0.122143 -0.231613 -0.198176 0.196327 0.135589 -0.144608 -0.193748 -0.146128 -0.272713 -0.135682 -0.268573 -0.100575 -0.197843
0.382605 1.000000 -0.081473 0.057242 -0.153765 -0.201826 -0.189183 0.021925 -0.007880 -0.251216 -0.117216 0.358782 -0.014038 0.290226 -0.089435 0.010412 -0.084546 0.076258 0.080308 0.085610 0.068393 -0.084447 -0.228229 -0.048344 0.062824 -0.174565 -0.028168 0.079464 0.005722 0.066768 -0.086858 -0.081304 0.323221 0.216928 -0.152384 -0.307655 -0.111765 0.042404 -0.104167 -0.114267 0.142641 0.052873 -0.059345 -0.027243 -0.233454 -0.278125 0.086750 -0.075688 0.042510 -0.004055 -0.043176 0.074641 0.216144 0.074645 0.033230 0.143039 0.255444 0.462199 0.147440 0.027401 0.243651 0.208701 0.189241 0.141142 -0.236097 -0.043901 0.119085 -0.254197 0.297681 0.084616 -0.009129 -0.155697 0.004903 -0.029417 0.005864 -0.108205 0.006680 -0.028054 0.061699 0.069724 0.058850 -0.016203 0.199429 0.085767 -0.095745 0.002487 0.018630 0.089096 -0.137091 0.133313 -0.105781 -0.302890 -0.156052 -0.219334 -0.282358 0.031629 0.085584 -0.058423 0.123874 -0.013367 -0.038761 -0.014060 -0.044667 -0.176659 -0.231323 -0.233324 0.104534 -0.016756 -0.082165 -0.146708 -0.068864 -0.120735 -0.035258 -0.006820 -0.089324 -0.065166
0.363400 -0.081473 1.000000 0.332338 -0.034409 0.598976 0.747641 0.291018 -0.333866 0.332844 -0.257245 0.205175 0.354876 -0.037192 -0.293113 -0.504588 -0.516123 0.009407 0.564841 0.063736 -0.499408 0.200270 0.364723 0.378088 0.166710 0.397862 0.501855 0.108584 -0.134106 -0.558349 0.127050 0.140673 0.132449 0.249286 -0.335453 -0.218251 -0.192458 -0.566363 -0.270833 -0.324574 -0.284755 -0.347399 -0.175166 -0.075041 -0.062242 -0.040043 -0.103435 -0.055141 -0.016713 -0.056681 0.012245 -0.030598 0.069387 -0.069136 -0.301963 -0.176122 -0.125260 -0.051509 0.208346 0.095460 -0.013258 0.181727 -0.263050 -0.040217 0.203861 0.183973 0.092483 0.223558 0.052815 0.060172 -0.004051 0.207239 -0.147098 -0.361391 -0.256871 -0.262856 -0.014610 -0.337808 -0.155516 -0.145040 -0.436607 0.063253 -0.180648 0.066314 -0.016827 0.029358 0.062851 0.113990 -0.073661 -0.166606 0.048684 0.017821 -0.167729 -0.097482 -0.143612 -0.405170 0.169790 -0.036398 0.120628 0.046613 -0.152608 -0.243325 -0.276984 -0.127027 -0.058178 -0.099775 -0.275937 0.128927 -0.135364 -0.032223 0.177587 0.037112 -0.229094 -0.163688 0.034943 -0.084571
0.064201 0.057242 0.332338 1.000000 0.113163 0.465593 0.186904 0.638248 -0.219217 0.369305 0.027975 0.460185 0.279193 0.199418 -0.136547 -0.195056 -0.218291 -0.201335 0.389514 0.373685 -0.260009 0.012130 0.214134 0.332227 0.026343 0.217999 0.371971 0.071869 -0.311763 -0.423538 -0.109629 0.047539 -0.201321 -0.025251 -0.202905 0.029071 -0.501120 -0.503041 -0.456204 -0.169870 -0.545566 -0.215380 -0.295909 -0.167715 -0.082925 -0.045908 -0.459318 -0.196044 -0.055816 -0.059253 0.073939 0.026342 -0.060565 -0.160666 -0.221636 -0.373757 -0.162571 -0.148328 -0.010514 0.225516 -0.106253 0.146918 -0.309684 -0.297908 0.128792 0.321822 0.004274 0.389697 0.073256 0.384699 -0.006657 0.143559 -0.413416 -0.270056 -0.378127 -0.238510 -0.367020 -0.319193 -0.252564 -0.323224 -0.440414 -0.160439 -0.077062 0.143194 0.061195 0.265072 -0.050859 0.001524 -0.057058 0.112792 0.423402 0.162862 0.220018 -0.061161 0.021199 -0.022899 -0.193924 0.026246 -0.035395 -0.208702 -0.005832 -0.246821 -0.250706 -0.177649 -0.043912 -0.034582 -0.320733 0.108151 0.135792 -0.120403 -0.045828 -0.209111 -0.306423 -0.248261 -0.151284 -0.091726
-0.040265 -0.153765 -0.034409 0.113163 1.000000 0.058319 0.081583 0.317663 0.529767 0.312198 0.108578 -0.214132 -0.151162 0.019000 0.529275 0.389174 0.116696 -0.285361 0.019412 -0.001602 0.262052 -0.257452 0.017841 -0.002791 0.008510 -0.197977 0.270437 -0.156450 -0.166409 -0.024708 -0.364041 -0.317893 -0.291600 -0.203340 0.157421 0.098542 -0.135448 0.028164 0.056929 0.120831 0.048001 0.069968 -0.171177 -0.197157 0.012743 -0.053692 -0.097043 -0.291620 0.298050 0.068605 0.198665 0.210149 -0.057847 -0.028180 -0.041247 -0.081926 -0.004708 -0.022062 0.212014 0.251727 0.196402 0.281448 -0.263233 -0.103484 0.263380 0.185035 0.127561 0.113649 -0.004613 0.064142 -0.166643 -0.337371 -0.242200 -0.095029 -0.074701 -0.087569 -0.146402 0.000094 -0.119811 -0.325244 -0.068371 -0.351635 0.101067 -0.027697 -0.190111 -0.313663 -0.143558 -0.222686 0.104130 0.102468 0.231200 0.206712 0.236900 0.014182 -0.064700 0.111875 -0.385678 -0.014604 -0.115305 -0.007514 0.056371 -0.035514 -0.095703 0.097216 -0.053160 0.031848 0.200511 0.038801 -0.019007 0.071175 -0.328431 -0.156977 -0.087393 -0.192260 -0.083960 -0.172138
0.168063 -0.201826 0.598976 0.465593 0.058319 1.000000 0.476148 0.343842 -0.579222 0.628378 -0.337726 0.318838 0.524464 0.174151 -0.294580 -0.475184 -0.562639 0.112601 0.160688 0.051553 -0.483465 0.352858 0.353959 0.580152 0.176854 0.683559 0.715331 0.264924 -0.039508 -0.560942 0.144096 0.274542 -0.204926 -0.069685 -0.439920 -0.091947 -0.141079 -0.571749 -0.310708 -0.297981 -0.363404 -0.414967 -0.252677 -0.209073 -0.228067 -0.173780 -0.066126 0.010531 -0.090067 -0.174373 -0.115831 -0.062018 0.336720 0.127814 -0.257476 -0.140282 -0.248329 -0.357085 0.103639 0.099989 -0.135241 0.264083 -0.333460 -0.241475 -0.004824 0.153323 0.032349 0.147289 0.031537 0.111352 0.120854 0.366183 -0.205043 -0.416209 -0.322293 -0.271964 -0.088714 -0.290067 -0.189039 -0.291934 -0.397947 0.100194 -0.221136 0.317917 0.076473 0.094862 0.203343 0.204448 -0.050103 0.102398 0.251150 0.190689 0.041835 -0.053639 -0.051829 -0.569332 0.053070 0.014922 0.060186 0.102702 0.011080 -0.229757 -0.200163 0.066203 0.109229 -0.010353 -0.383890 0.225146 -0.212169 -0.121363 0.116725 -0.020898 -0.323292 -0.099069 0.222415 0.033541
0.323253 -0.189183 0.747641 0.186904 0.081583 0.476148 1.000000 0.308605 -0.274243 0.268382 -0.195465 0.168608 0.414297 -0.020639 -0.391156 -0.392693 -0.345000 0.112328 0.388556 0.224962 -0.596964 0.059775 0.134398 0.219671 -0.103996 0.186186 0.280482 -0.121129 -0.075267 -0.447546 0.105993 0.071849 0.144640 0.267929 -0.338646 -0.170984 -0.151766 -0.592282 -0.282634 -0.245129 -0.186882 -0.327370 -0.116512 -0.111746 0.167298 0.139071 -0.122973 0.118272 0.034481 0.092864 -0.141440 -0.135244 -0.095236 -0.174558 -0.492160 -0.263409 -0.115586 -0.132653 0.130408 0.132982 0.035091 0.249042 -0.089950 0.167243 0.233899 0.185717 0.062908 0.320991 0.077248 0.199659 -0.080670 0.155794 -0.071174 -0.355004 -0.273513 -0.216423 -0.046296 -0.259239 -0.059987 -0.068535 -0.298134 0.069874 -0.218107 0.145897 -0.111879 0.005057 -0.042555 0.002133 -0.250136 -0.427530 0.094038 -0.013393 -0.237673 -0.192772 -0.120031 -0.365939 0.007299 0.012757 0.166293 -0.036717 -0.083472 -0.189735 -0.225169 0.075914 0.042860 0.033517 -0.275546 0.171638 -0.174156 0.073730 0.170436 0.151869 -0.059223 -0.330096 -0.099713 -0.104689
0.060069 0.021925 0.291018 0.638248 0.317663 0.343842 0.308605 1.000000 -0.113758 0.341466 -0.088587 0.343934 0.290778 0.214695 -0.164319 -0.123847 -0.208041 -0.227508 0.133090 0.124299 -0.188418 -0.064576 -0.112639 0.280441 -0.090971 0.063901 0.311638 -0.131607 -0.278654 -0.355258 -0.237214 -0.108837 0.088616 0.090598 -0.155832 0.074546 -0.462788 -0.392137 -0.392274 -0.216663 -0.350333 -0.286394 -0.211825 -0.133524 0.001550 0.031747 -0.381044 -0.307375 0.087422 0.014971 -0.046899 -0.106706 -0.130770 -0.254341 -0.183620 -0.254671 -0.196559 -0.266976 0.225664 0.362325 0.235417 0.320701 -0.194620 -0.287489 -0.007791 0.421922 0.217271 0.420855 -0.106255 0.219942 -0.133698 -0.065184 -0.373088 -0.290447 -0.431985 -0.405862 -0.430597 -0.216930 -0.338080 -0.296661 -0.376399 -0.263916 -0.057234 -0.000079 -0.124216 0.066875 0.045118 0.039388 -0.103283 0.101943 0.311975 0.009884 0.297632 0.030675 -0.241159 -0.066430 -0.146377 -0.210566 -0.068453 -0.270608 0.191412 -0.086431 -0.068007 -0.170718 -0.128108 -0.104557 -0.103777 0.002742 0.026761 -0.217819 -0.352053 -0.358779 -0.275552 -0.155712 -0.014748 0.033790
-0.162253 -0.007880 -0.333866 -0.219217 0.529767 -0.579222 -0.274243 -0.113758 1.000000 -0.219214 0.329784 -0.396004 -0.464421 -0.200600 0.656093 0.655885 0.428380 -0.316872 -0.102305 -0.006515 0.494095 -0.412368 -0.185659 -0.347811 -0.183056 -0.514370 -0.302351 -0.121499 -0.144405 0.265101 -0.350325 -0.437045 -0.203915 -0.130702 0.447139 0.167056 0.014948 0.415775 0.191899 0.235518 0.291823 0.291608 0.065557 0.030573 0.114522 0.053317 -0.046571 -0.165776 0.224041 0.129394 0.330430 0.227992 -0.111153 -0.030259 0.194270 0.039432 0.253807 0.207366 0.034078 -0.010339 0.187196 -0.079837 -0.014988 0.046252 0.253630 0.032579 -0.043504 0.021326 -0.070636 -0.022464 -0.272236 -0.486003 -0.121909 0.102172 0.098874 0.072212 -0.139055 0.161659 -0.015344 -0.151781 0.149033 -0.350973 0.098199 -0.210064 -0.172039 -0.237082 -0.243680 -0.287016 0.087754 -0.051359 0.029305 0.167918 0.155471 0.107519 0.118570 0.429189 -0.258492 -0.018272 -0.054492 -0.019443 -0.029983 0.099580 0.029041 0.065018 -0.018643 0.112752 0.261664 -0.133569 0.200345 0.140348 -0.250490 -0.029927 0.157505 -0.058704 -0.188240 -0.151883
0.041723 -0.251216 0.332844 0.369305 0.312198 0.628378 0.268382 0.341466 -0.219214 1.000000 -0.151717 0.170138 0.133057 0.087094 -0.001356 -0.180593 -0.268794 -0.015394 0.124034 -0.033747 -0.218079 0.079204 0.208734 0.328775 0.354215 0.379032 0.521526 -0.102455 -0.067214 -0.269647 0.019116 0.119865 -0.222817 -0.138916 -0.237945 -0.079375 -0.176912 -0.241985 -0.028035 -0.106981 -0.168353 -0.238299 -0.205222 -0.223873 -0.110850 -0.107266 0.011019 -0.050169 -0.070080 -0.098920 -0.225770 -0.034812 0.029957 0.099441 -0.146592 -0.084365 -0.181813 -0.236500 0.045653 0.032921 -0.058178 0.152639 -0.327894 -0.234395 0.205592 0.128377 -0.120924 -0.012126 0.005773 0.017546 0.025037 0.145647 -0.219039 -0.174248 -0.191914 -0.065528 -0.110037 -0.121002 -0.147960 -0.306953 -0.238947 -0.136511 -0.273013 0.176598 0.029805 -0.052728 0.087533 0.118927 0.158690 0.176400 0.291739 0.195854 0.160958 -0.001621 -0.060883 -0.325923 -0.176054 -0.118654 -0.060360 0.037767 0.025737 -0.155561 -0.129952 0.058642 0.071468 0.039298 -0.060149 0.286216 -0.195600 -0.136279 -0.104793 -0.065855 -0.214624 -0.053194 0.177104 0.003134
0.189192 -0.117216 -0.257245 0.027975 0.108578 -0.337726 -0.195465 -0.088587 0.329784 -0.151717 1.000000 -0.111677 -0.206226 0.009269 0.321708 0.475564 0.675742 -0.426531 -0.000578 0.079247 0.377471 -0.072761 0.038390 -0.094035 -0.185224 -0.272942 -0.218418 -0.143775 0.007503 0.179026 -0.139044 -0.070881 -0.170712 -0.064091 0.110628 -0.031160 -0.152303 0.150796 0.045519 0.195965 -0.080050 0.210065 0.023181 0.009198 0.093849 -0.030887 -0.215398 -0.138733 0.214940 0.101106 0.314768 0.207560 -0.237160 -0.016542 -0.056000 -0.098305 0.293938 0.096459 -0.012629 -0.108608 0.000338 0.032463 -0.055661 0.026132 0.288955 0.222178 -0.078982 0.043929 0.034755 0.077375 0.003050 -0.037862 -0.008177 0.231446 0.121475 0.233634 0.064016 0.155105 -0.092475 -0.172186 -0.091092 -0.338516 -0.289062 -0.253324 0.147138 -0.018165 -0.173768 -0.091221 -0.040658 0.047321 -0.060290 -0.007851 0.008275 -0.094628 0.008267 0.266161 -0.377116 -0.042609 -0.319927 -0.170761 -0.153020 -0.023892 -0.178993 -0.018636 -0.180748 -0.037896 0.368034 0.069801 0.038216 0.006705 -0.140922 -0.213506 0.008822 -0.281403 -0.311813 -0.386178
0.125456 0.358782 0.205175 0.460185 -0.214132 0.318838 0.168608 0.343934 -0.396004 0.170138 -0.111677 1.000000 0.506697 0.614855 -0.295874 -0.233833 -0.130647 0.406827 0.068624 0.095344 -0.250681 0.246272 0.010415 0.283041 0.141865 0.276192 0.184799 -0.047823 0.220287 -0.022755 0.183605 0.320710 0.155824 0.254686 -0.297486 -0.166455 -0.052235 -0.297441 -0.367229 -0.271809 -0.084493 -0.170137 -0.107868 0.003759 -0.159933 -0.200079 -0.168911 -0.079717 -0.296345 -0.183785 -0.114111 -0.301507 0.059583 -0.210800 -0.296212 -0.134547 -0.173121 -0.139519 -0.024134 -0.149826 0.185516 0.072961 0.181398 -0.096403 -0.015739 0.171279 -0.028868 -0.015189 -0.019786 0.057859 0.375669 0.339913 0.080682 -0.073915 -0.155000 -0.095351 0.101446 -0.155194 0.065258 0.009548 -0.056539 0.218462 -0.039153 0.286541 0.294618 0.462369 -0.023588 0.165421 -0.242594 -0.010623 -0.022983 -0.291077 -0.194854 -0.379329 -0.319021 -0.309120 0.032448 -0.106433 0.012202 -0.042421 -0.071479 -0.192848 -0.132385 -0.312716 -0.300427 -0.380894 -0.255495 -0.003286 -0.302491 -0.299249 0.078668 -0.101404 -0.263804 -0.141583 -0.090220 -0.137116
0.113933 -0.014038 0.354876 0.279193 -0.151162 0.524464 0.414297 0.290778 -0.464421 0.133057 -0.206226 0.506697 1.000000 0.513628 -0.279615 -0.299113 -0.295760 0.340834 0.098670 0.225520 -0.494850 0.129621 -0.049354 0.112910 -0.168507 0.215033 0.259029 -0.084648 0.173350 -0.257135 0.025145 0.148089 -0.090506 -0.066584 -0.363531 -0.138219 0.089995 -0.482033 -0.298787 -0.289404 -0.288302 -0.244540 -0.197089 -0.162874 -0.132870 -0.160618 -0.232617 -0.153926 -0.164156 -0.204024 -0.063844 -0.259415 0.127388 -0.267889 -0.231349 -0.314704 -0.128175 -0.308724 0.228253 0.108529 0.190397 0.278196 0.145152 0.057243 -0.123008 0.155365 0.167271 0.074875 0.032705 0.270538 0.244553 0.241958 0.069482 -0.300602 -0.135390 -0.173061 -0.036893 -0.241721 0.078722 0.032549 0.045552 0.455486 -0.068430 0.160387 0.180129 0.296778 0.056542 0.103862 -0.332678 -0.204578 0.151148 0.016228 -0.137365 -0.166756 -0.005508 -0.274429 0.139445 0.017569 0.196372 -0.001206 0.009844 -0.100006 -0.077929 -0.079613 -0.072401 -0.250893 -0.584019 -0.174881 -0.068104 -0.086132 0.024933 0.040182 -0.198528 -0.030001 0.022770 0.061970
0.133051 0.290226 -0.037192 0.199418 0.019000 0.174151 -0.020639 0.214695 -0.200600 0.087094 0.009269 0.614855 0.513628 1.000000 -0.010294 0.122105 0.112069 0.317364 -0.043763 0.072253 -0.085039 0.006214 -0.134083 -0.095858 -0.028818 -0.037933 0.191199 -0.082271 0.358510 0.165481 -0.091258 0.042094 -0.037777 -0.029856 -0.317281 -0.247337 0.101130 -0.151158 -0.146466 -0.153060 -0.077566 0.006638 -0.175282 -0.127329 -0.212149 -0.353797 -0.156881 -0.209906 -0.180375 -0.233350 -0.090491 -0.252623 0.108848 -0.255914 -0.080740 -0.112668 0.096268 0.004518 0.225799 0.069606 0.316287 0.402105 0.275230 0.102697 -0.128867 0.182545 0.201477 -0.244340 0.017303 0.143820 0.304795 0.141338 0.262213 0.003158 0.062646 -0.000200 0.131266 -0.187061 0.168189 0.038959 0.174325 0.270363 0.010348 0.026190 0.057780 0.086709 -0.083548 0.014853 -0.147546 0.028013 0.049785 -0.251187 -0.121469 -0.273911 -0.171566 -0.159399 0.002203 -0.091406 0.133834 -0.066648 -0.023742 -0.114607 -0.110342 -0.303367 -0.266028 -0.386783 -0.230633 -0.054598 -0.139658 -0.281874 -0.076514 -0.178472 -0.284977 -0.073595 -0.105442 -0.081604
-0.161442 -0.089435 -0.293113 -0.136547 0.529275 -0.294580 -0.391156 -0.164319 0.656093 -0.001356 0.321708 -0.295874 -0.279615 -0.010294 1.000000 0.564199 0.327160 -0.200450 -0.089919 -0.160915 0.479617 -0.264653 0.066694 -0.241819 -0.008059 -0.348495 0.001197 -0.070960 0.092718 0.255942 -0.321009 -0.238457 -0.350205 -0.268981 0.328706 0.076634 0.083809 0.337246 0.288740 0.213992 0.098206 0.285980 -0.135691 -0.151635 -0.174003 -0.183013 -0.042539 -0.349488 0.027081 -0.115469 0.262256 0.144646 -0.079292 0.051057 0.277582 0.003544 0.216784 0.109100 0.054528 -0.135910 0.172372 -0.018898 -0.157707 -0.097380 0.331019 0.064995 -0.062136 -0.215535 -0.008715 -0.040893 -0.098868 -0.372782 -0.020582 0.155777 0.248020 0.121447 0.046826 0.070121 0.057776 -0.116754 0.223141 -0.151501 0.310705 -0.119257 0.168274 -0.119689 -0.164979 -0.207469 0.334925 0.117832 -0.006341 0.208516 0.243160 0.135411 0.154263 0.231501 -0.225349 0.003825 -0.239730 0.056101 0.007816 0.033751 0.040900 -0.026701 -0.034739 0.007998 0.182374 -0.191664 0.088469 -0.034703 -0.265954 -0.117594 0.033975 0.095852 -0.007571 -0.062746
-0.014937 0.010412 -0.504588 -0.195056 0.389174 -0.475184 -0.392693 -0.123847 0.655885 -0.180593 0.475564 -0.233833 -0.299113 0.122105 0.564199 1.000000 0.488632 -0.350888 -0.248574 -0.026277 0.575337 -0.196268 -0.259653 -0.314819 -0.320542 -0.412340 -0.263670 -0.012134 -0.108023 0.440250 -0.287225 -0.211505 -0.240842 -0.209165 0.269109 -0.014147 0.114410 0.515434 0.245416 0.358791 0.231736 0.448967 0.134054 0.009590 0.057193 -0.033354 -0.011625 -0.156802 0.249288 0.086089 0.315060 0.231774 -0.117923 -0.050075 0.169703 0.044660 0.303730 0.162151 0.059280 -0.004731 0.224769 0.149334 -0.009292 0.164500 -0.027643 0.124262 -0.030447 -0.214499 0.066944 -0.018408 -0.133723 -0.200949 -0.083179 0.313295 0.148277 0.387466 0.022850 0.155605 -0.046561 -0.182377 0.204893 -0.279503 0.072232 -0.056397 -0.136087 -0.147712 -0.174914 -0.187152 0.130285 0.123432 0.052859 -0.048848 0.115182 -0.069330 0.045357 0.348782 -0.322132 0.019854 -0.155830 -0.184809 0.035891 0.100774 0.034101 -0.030302 -0.118203 0.005228 0.336491 -0.111239 0.005137 0.060809 -0.188802 -0.161523 0.110173 -0.129713 -0.255842 -0.263102
0.018816 -0.084546 -0.516123 -0.218291 0.116696 -0.562639 -0.345000 -0.208041 0.428380 -0.268794 0.675742 -0.130647 -0.295760 0.112069 0.327160 0.488632 1.000000 -0.066075 -0.139208 0.120354 0.469790 -0.175965 -0.178114 -0.423935 -0.184527 -0.463218 -0.386430 -0.303574 0.405767 0.540802 -0.137972 -0.143524 -0.068100 -0.026840 0.316970 0.161133 0.012116 0.283405 0.132455 0.294953 0.122791 0.284852 0.156911 0.166148 0.169536 0.073721 -0.168705 -0.079873 0.019166 0.086778 0.192273 -0.050925 -0.339713 -0.136524 -0.105566 -0.075682 0.308832 0.092042 -0.170198 -0.107554 0.111448 -0.137603 0.374821 0.085534 0.176319 -0.120936 -0.060975 -0.069730 -0.073020 -0.039669 0.194074 -0.110411 0.391178 0.407011 0.340974 0.298602 0.207746 0.284935 0.345865 0.121890 0.392634 -0.090645 -0.085567 -0.297194 -0.028836 -0.182929 -0.291671 -0.199713 -0.169266 -0.176881 -0.155632 -0.027919 -0.087419 -0.161870 0.085704 0.413293 -0.363356 -0.083127 -0.115100 -0.063454 -0.178214 0.059335 -0.083305 -0.114101 -0.263703 -0.139508 0.278313 -0.062441 0.158151 -0.023682 -0.193299 -0.109610 0.053800 -0.283188 -0.339266 -0.270455
-0.070900 0.076258 0.009407 -0.201335 -0.285361 0.112601 0.112328 -0.227508 -0.316872 -0.015394 -0.426531 0.406827 0.340834 0.317364 -0.200450 -0.350888 -0.066075 1.000000 -0.139525 -0.029140 -0.199778 0.331119 -0.091535 -0.107226 0.139972 0.143309 -0.007084 -0.104649 0.537635 0.370448 0.403299 0.372835 0.143091 0.154932 -0.121079 -0.033505 0.366710 -0.071243 0.022109 -0.091277 0.162714 -0.040828 0.067338 0.100236 -0.075380 -0.016116 0.124129 0.093257 -0.491514 -0.179026 -0.312161 -0.410214 -0.045620 -0.029564 -0.240557 0.005265 -0.041758 0.004680 -0.198952 -0.363543 0.047802 -0.157205 0.458639 0.110687 0.000641 -0.218383 -0.199902 -0.328730 -0.122246 -0.242870 0.478487 0.340425 0.599199 0.201564 0.345452 0.185712 0.483565 0.024803 0.515224 0.609867 0.470023 0.778364 0.169966 0.127983 0.272656 0.237889 -0.023795 0.121561 -0.097390 -0.220118 -0.241141 -0.184009 -0.372721 -0.282281 -0.095833 -0.263848 0.135069 -0.015723 0.089982 0.193179 -0.229424 -0.117443 -0.042703 -0.188791 -0.217238 -0.309148 -0.238738 -0.186263 -0.194187 -0.249782 0.151450 0.193072 0.033363 -0.003222 -0.015925 0.082549
0.226093 0.080308 0.564841 0.389514 0.019412 0.160688 0.388556 0.133090 -0.102305 0.124034 -0.000578 0.068624 0.098670 -0.043763 -0.089919 -0.248574 -0.139208 -0.139525 1.000000 0.544088 -0.345607 -0.019669 0.277897 -0.015287 -0.049715 -0.013958 0.277249 0.018772 0.021987 -0.250300 0.068947 0.101517 0.021613 0.111063 -0.195839 -0.211257 -0.217760 -0.414191 -0.188405 -0.180940 -0.213219 -0.178201 -0.175895 -0.109712 -0.078220 -0.082937 -0.183205 -0.175392 -0.090321 -0.133373 0.025934 -0.050154 -0.070950 -0.083402 -0.221138 -0.214270 -0.071010 0.205605 0.097717 0.257303 -0.051558 0.144329 -0.113472 -0.017967 0.181815 -0.064942 0.187384 0.197897 0.314900 0.334371 0.038309 0.050057 0.027649 -0.138422 -0.110598 -0.017172 0.023948 -0.247429 -0.029455 -0.050492 -0.272344 0.050977 0.107422 0.031433 -0.072432 -0.065465 0.105070 0.086157 0.002831 -0.208428 0.147856 0.006624 -0.128646 -0.088495 0.016552 0.016422 0.043118 0.081687 0.138355 -0.127400 -0.146568 -0.226715 -0.266550 -0.251676 -0.121772 -0.133405 -0.306820 0.074144 0.159398 -0.002063 0.069660 -0.068139 -0.288506 -0.187464 -0.182813 -0.062066
0.050668 0.085610 0.063736 0.373685 -0.001602 0.051553 0.224962 0.124299 -0.006515 -0.033747 0.079247 0.095344 0.225520 0.072253 -0.160915 -0.026277 0.120354 -0.029140 0.544088 1.000000 -0.208038 -0.096704 -0.049221 -0.253794 -0.332375 -0.200230 0.021225 -0.069539 0.136107 -0.104931 -0.085582 -0.045796 -0.248277 -0.114997 -0.199279 0.009458 -0.086478 -0.375089 -0.236404 0.004874 -0.231264 -0.199441 -0.199909 -0.167281 -0.007523 0.020200 -0.395899 -0.099850 -0.033386 -0.066807 -0.027027 -0.072845 -0.082142 -0.137171 -0.291159 -0.288554 -0.002094 0.119829 -0.001108 0.386021 -0.103791 0.195812 0.049819 0.048488 0.014242 -0.154520 0.107103 0.312835 0.441674 0.676865 -0.008046 0.009018 0.027699 -0.207924 -0.229913 -0.021157 -0.160622 -0.098029 0.260936 -0.044840 0.031303 0.143917 0.058672 0.057409 -0.162748 -0.092410 -0.082234 0.023307 -0.386556 -0.329116 0.332101 0.207398 -0.172133 -0.206212 0.282839 0.249786 -0.117148 0.363156 0.292288 -0.069938 -0.120502 -0.147385 -0.258683 -0.024804 -0.052785 -0.009022 -0.422952 0.113320 0.357680 0.104142 0.025142 0.124911 -0.108091 -0.364539 -0.309744 -0.098404
-0.093158 0.068393 -0.499408 -0.260009 0.262052 -0.483465 -0.596964 -0.188418 0.494095 -0.218079 0.377471 -0.250681 -0.494850 -0.085039 0.479617 0.575337 0.469790 -0.199778 -0.345607 -0.208038 1.000000 0.117326 -0.125536 -0.231372 0.205686 -0.251146 -0.152401 0.011190 -0.028918 0.426986 -0.175077 -0.159921 -0.130837 -0.169920 0.356947 0.105341 0.227194 0.607112 0.421784 0.418789 0.358567 0.402851 0.058437 0.072803 -0.118189 -0.136477 0.045650 -0.149109 0.123594 -0.041098 0.295453 0.177452 -0.098983 0.185691 0.176341 0.312072 0.184619 0.122720 -0.096206 -0.162069 0.062535 -0.124187 -0.024810 -0.151071 0.026917 -0.052968 -0.102697 -0.225663 -0.008693 -0.210926 0.090928 -0.159461 -0.004515 0.380803 0.304416 0.303250 0.081011 0.282499 0.097661 0.013944 0.273748 -0.185472 0.091430 -0.191170 0.004495 -0.176398 -0.226618 -0.147517 0.118972 0.302267 -0.243321 0.089848 0.027021 -0.013174 -0.008264 0.315888 -0.275362 -0.017878 -0.317148 0.182590 -0.101718 0.200636 0.080887 0.017110 -0.190334 -0.075381 0.523923 -0.083628 0.005576 0.043967 -0.198808 -0.045622 0.212781 0.039534 -0.073090 -0.231763
0.096486 -0.084447 0.200270 0.012130 -0.257452 0.352858 0.059775 -0.064576 -0.412368 0.079204 -0.072761 0.246272 0.129621 0.006214 -0.264653 -0.196268 -0.175965 0.331119 -0.019669 -0.096704 0.117326 1.000000 0.320759 0.440889 0.215025 0.580935 0.260328 0.356101 0.121489 0.045910 0.538640 0.633574 0.091725 0.136441 -0.106643 -0.030949 0.213975 -0.055601 -0.029471 -0.128886 0.094785 -0.155356 0.167880 0.229334 -0.134309 -0.047603 0.134410 -0.023872 -0.233918 -0.128648 -0.019817 -0.072740 0.043399 0.280132 -0.321011 0.142241 -0.224871 -0.157477 -0.340786 -0.271208 -0.205128 -0.101016 -0.076243 -0.113332 -0.076002 -0.081555 -0.184256 -0.093723 -0.007876 -0.260652 0.431513 0.653041 0.142122 0.216018 0.102168 0.259226 0.315063 0.062072 0.060079 0.239490 0.029532 0.390586 0.052705 0.129663 0.333815 0.247834 0.270212 0.300189 0.018943 0.072067 -0.316056 -0.147519 -0.183436 -0.211193 -0.324020 -0.469557 0.019859 -0.122810 -0.315775 0.095848 -0.246714 -0.234997 -0.151987 -0.225997 -0.332791 -0.342224 0.074283 -0.039607 -0.422512 -0.293127 0.101441 -0.032597 -0.112002 -0.066247 0.119831 -0.079566
-0.108253 -0.228229 0.364723 0.214134 0.017841 0.353959 0.134398 -0.112639 -0.185659 0.208734 0.038390 0.010415 -0.049354 -0.134083 0.066694 -0.259653 -0.178114 -0.091535 0.277897 -0.049221 -0.125536 0.320759 1.000000 0.535908 0.262126 0.510043 0.221117 0.175924 -0.068248 -0.291735 0.330636 0.419683 -0.187022 0.104653 0.135566 0.132880 -0.038766 -0.272515 -0.123554 -0.144248 -0.168793 -0.038307 -0.076654 0.014591 0.079703 0.070248 0.001923 0.029410 -0.036652 0.044632 0.220598 0.169478 -0.028563 0.206210 -0.281934 -0.195396 -0.235252 -0.046242 -0.288046 -0.139741 -0.401748 -0.107149 -0.322186 -0.146004 0.383404 -0.095031 -0.202291 0.219731 0.097123 0.000104 0.170204 0.308324 -0.170054 -0.046553 -0.071034 0.055413 0.107541 0.018569 -0.118295 -0.254874 -0.272296 -0.057928 0.025662 0.127401 0.423026 0.055270 0.006081 -0.029862 0.117351 -0.091642 -0.192627 0.088501 -0.102040 -0.165567 -0.000532 -0.281928 -0.072062 -0.073529 -0.265719 0.097373 -0.312625 -0.377737 -0.283130 -0.051266 -0.036571 -0.041066 -0.048207 0.081243 -0.243287 0.060084 0.241354 0.060356 -0.167164 -0.122555 -0.034351 -0.288217
0.099855 -0.048344 0.378088 0.332227 -0.002791 0.580152 0.219671 0.280441 -0.347811 0.328775 -0.094035 0.283041 0.112910 -0.095858 -0.241819 -0.314819 -0.423935 -0.107226 -0.015287 -0.253794 -0.231372 0.440889 0.535908 1.000000 0.179723 0.722951 0.337803 0.257917 -0.224087 -0.405570 0.299797 0.387343 0.112128 0.175796 -0.011775 0.059211 -0.185709 -0.302618 -0.426262 -0.383460 -0.132558 -0.284341 0.051633 0.109332 0.015737 0.009385 0.143088 -0.022572 0.125648 0.073578 0.163172 0.201685 0.237860 0.252967 -0.236149 -0.130472 -0.260713 -0.244609 -0.164389 -0.095862 -0.155190 0.011905 -0.347861 -0.154257 -0.012381 0.159805 -0.044771 0.245278 -0.122121 -0.210444 0.029482 0.292261 -0.298076 -0.163651 -0.311832 -0.232393 -0.086185 0.013957 -0.334297 -0.252532 -0.421705 -0.187558 -0.148013 0.195434 0.261714 0.281161 0.223324 0.121441 0.007602 0.122662 -0.122371 -0.072352 0.106098 -0.056923 -0.446718 -0.525472 -0.060931 -0.362328 -0.311210 -0.104050 0.035059 -0.215093 -0.044937 -0.064126 -0.096132 -0.138608 0.058336 0.052304 -0.426690 -0.220307 -0.089468 -0.161617 -0.173075 0.010927 0.254084 -0.077444
-0.038703 0.062824 0.166710 0.026343 0.008510 0.176854 -0.103996 -0.090971 -0.183056 0.354215 -0.185224 0.141865 -0.168507 -0.028818 -0.008059 -0.320542 -0.184527 0.139972 -0.049715 -0.332375 0.205686 0.215025 0.262126 0.179723 1.000000 0.405405 0.269085 -0.007766 -0.005391 -0.095764 0.146663 0.040680 -0.016617 -0.017901 0.023299 0.016572 0.130311 0.145665 0.108920 -0.145529 0.146633 -0.079323 -0.203347 -0.046907 -0.305345 -0.253176 0.130748 0.040312 -0.232125 -0.261373 -0.045665 -0.060984 0.075526 0.224794 0.034580 0.172637 -0.093045 0.041405 -0.096303 -0.246822 -0.058623 -0.176013 -0.123816 -0.238397 0.248522 -0.014262 -0.195594 -0.131232 0.012438 -0.181866 0.187508 0.097213 -0.081925 0.021941 0.028166 -0.042811 0.072833 0.161953 0.102272 0.039249 0.074052 0.014687 -0.046134 -0.062712 0.252042 0.043788 -0.076025 -0.062989 0.151597 0.233894 -0.147047 0.113678 -0.106882 -0.034877 -0.102711 -0.193215 -0.047059 -0.018775 -0.138229 0.357620 -0.227444 -0.098679 -0.134150 -0.079096 -0.104203 -0.099649 0.101540 0.062212 -0.168055 -0.026359 0.120440 0.162837 0.000326 0.105238 0.213232 -0.043982
-0.002959 -0.174565 0.397862 0.217999 -0.197977 0.683559 0.186186 0.063901 -0.514370 0.379032 -0.272942 0.276192 0.215033 -0.037933 -0.348495 -0.412340 -0.463218 0.143309 -0.013958 -0.200230 -0.251146 0.580935 0.510043 0.722951 0.405405 1.000000 0.342238 0.318978 -0.048505 -0.277572 0.548619 0.593844 -0.028383 0.125603 -0.093226 0.132940 0.035790 -0.288693 -0.301922 -0.380400 -0.084906 -0.220946 -0.047075 0.070139 -0.170480 -0.039976 0.084822 0.108689 -0.182916 -0.138417 0.059379 -0.019236 0.267062 0.284182 -0.214709 -0.081866 -0.337676 -0.247723 -0.201482 -0.143649 -0.282690 -0.083819 -0.266989 -0.239308 0.024753 0.030073 -0.129807 0.125229 -0.068598 -0.196076 0.314515 0.587139 -0.139332 -0.015425 -0.164523 -0.012055 0.073251 0.107946 -0.168113 -0.114261 -0.217126 0.130917 -0.145184 0.178961 0.322037 0.187878 0.230236 0.137919 0.014145 0.098541 -0.063837 0.017891 -0.073192 -0.142736 -0.218234 -0.486630 0.042747 -0.166987 -0.178138 -0.004674 -0.133182 -0.334271 -0.170111 -0.087921 -0.094337 -0.166716 -0.175098 0.005813 -0.337777 -0.119075 0.184225 -0.013485 -0.214827 -0.018473 0.166278 -0.092871
0.231153 -0.028168 0.501855 0.371971 0.270437 0.715331 0.280482 0.311638 -0.302351 0.521526 -0.218418 0.184799 0.259029 0.191199 0.001197 -0.263670 -0.386430 -0.007084 0.277249 0.021225 -0.152401 0.260328 0.221117 0.337803 0.269085 0.342238 1.000000 0.316579 -0.043474 -0.410057 -0.117670 0.050227 -0.198759 -0.145173 -0.383191 -0.182072 -0.109397 -0.330852 -0.123636 -0.173786 -0.258871 -0.327453 -0.234186 -0.222848 -0.318326 -0.288344 0.065569 -0.117494 -0.048793 -0.259569 -0.110978 -0.023024 0.304264 0.215070 -0.091093 -0.011771 -0.049492 -0.232493 0.216903 0.086455 -0.017001 0.311792 -0.420461 -0.335395 0.081413 0.169496 0.140560 -0.032227 0.140381 0.079533 -0.019911 0.057862 -0.175153 -0.353660 -0.219396 -0.235838 -0.082780 -0.429842 -0.151005 -0.247157 -0.389697 -0.028820 0.022067 0.187494 0.029229 -0.026488 0.145061 0.179918 0.183977 0.276433 0.158356 0.123074 0.092690 0.050262 -0.075850 -0.378603 -0.019959 0.041410 -0.090702 0.058054 0.068653 -0.080252 -0.164654 0.004966 0.068246 -0.023505 -0.243715 0.226913 -0.130168 -0.205974 -0.027828 -0.128677 -0.324555 -0.037981 0.224265 0.078274
0.141125 0.079464 0.108584 0.071869 -0.156450 0.264924 -0.121129 -0.131607 -0.121499 -0.102455 -0.143775 -0.047823 -0.084648 -0.082271 -0.070960 -0.012134 -0.303574 -0.104649 0.018772 -0.069539 0.011190 0.356101 0.175924 0.257917 -0.007766 0.318978 0.316579 1.000000 -0.232309 -0.273653 0.078733 0.132435 -0.124382 -0.067601 -0.090054 -0.097781 -0.009806 -0.058255 -0.000257 0.006487 -0.055057 -0.155549 0.103183 0.053775 -0.163340 -0.122880 0.129208 0.214945 0.021928 -0.129186 0.028065 0.030715 0.372170 0.292089 0.194633 0.249845 0.079746 -0.035001 0.066389 -0.111249 -0.170910 0.003953 -0.283056 -0.266435 -0.181259 0.030213 0.069252 -0.101332 0.061078 -0.076723 -0.116395 0.096593 -0.227938 -0.226761 -0.107514 -0.047227 -0.097417 -0.316249 -0.225732 -0.188450 -0.320407 -0.069718 0.062994 0.168722 -0.010276 0.035246 0.279954 0.226870 0.292432 0.335190 0.023906 -0.027636 0.110137 0.178699 0.026891 -0.273198 0.202603 0.107425 -0.081349 -0.009762 0.094023 -0.018461 -0.030181 0.008125 0.163142 0.144227 -0.069075 0.140887 -0.052051 -0.089721 0.238449 -0.096652 -0.046121 0.119331 0.181394 0.149211
-0.066263 0.005722 -0.134106 -0.311763 -0.166409 -0.039508 -0.075267 -0.278654 -0.144405 -0.067214 0.007503 0.220287 0.173350 0.358510 0.092718 -0.108023 0.405767 0.537635 0.021987 0.136107 -0.028918 0.121489 -0.068248 -0.224087 -0.005391 -0.048505 -0.043474 -0.232309 1.000000 0.436704 0.218457 0.180280 0.057359 0.098812 -0.052213 0.035860 0.360664 -0.040564 0.051313 -0.112737 0.240805 -0.057329 0.135349 0.166752 -0.094728 -0.070609 0.128403 -0.029588 -0.272341 -0.115869 -0.099947 -0.255719 0.086642 0.035777 -0.198695 0.002998 -0.013679 -0.013714 -0.083703 -0.184062 0.101982 0.034745 0.390792 0.059612 -0.033063 -0.329027 -0.009675 -0.279837 -0.099596 -0.081424 0.481391 0.163790 0.836535 0.235391 0.326671 0.102625 0.557157 0.201352 0.618702 0.360461 0.488880 0.498178 0.176905 0.026408 0.113763 -0.079290 0.039878 0.095213 -0.277665 -0.355066 -0.244894 -0.151370 -0.377596 -0.320484 -0.064993 -0.094950 0.086393 0.014073 0.209151 0.164759 -0.206289 -0.081937 -0.080922 -0.256537 -0.314724 -0.426776 -0.180289 -0.058011 -0.048940 -0.211729 0.016137 0.081155 -0.077052 -0.072377 -0.009403 -0.004827
-0.158445 0.066768 -0.558349 -0.423538 -0.024708 -0.560942 -0.447546 -0.355258 0.265101 -0.269647 0.179026 -0.022755 -0.257135 0.165481 0.255942 0.440250 0.540802 0.370448 -0.250300 -0.104931 0.426986 0.045910 -0.291735 -0.405570 -0.095764 -0.277572 -0.410057 -0.273653 0.436704 1.000000 0.267853 0.250612 0.155553 0.097477 0.314749 0.110802 0.309491 0.485224 0.210894 0.168540 0.369908 0.520597 0.276691 0.198034 0.065376 0.078669 0.156635 -0.124365 -0.211034 0.003178 0.025367 -0.126853 -0.265732 -0.069973 0.087941 0.035954 0.121565 0.155224 -0.225148 -0.266538 0.136950 -0.232988 0.402848 0.265057 -0.062997 -0.279356 -0.141190 -0.427422 -0.138889 -0.386490 0.347231 0.087583 0.626638 0.771107 0.601088 0.594796 0.518151 0.349020 0.317439 0.544198 0.578648 0.393369 0.275763 -0.038383 0.091305 -0.003770 -0.117446 -0.141269 0.129736 -0.054308 -0.261132 -0.377201 -0.134398 -0.168265 -0.141441 0.320954 -0.108654 -0.191771 -0.115629 -0.168670 -0.149025 0.020949 0.074316 -0.304244 -0.399381 -0.324172 0.268957 -0.319014 -0.021039 -0.212387 -0.177924 -0.169133 0.076682 0.025260 -0.227811 -0.039171
-0.019503 -0.086858 0.127050 -0.109629 -0.364041 0.144096 0.105993 -0.237214 -0.350325 0.019116 -0.139044 0.183605 0.025145 -0.091258 -0.321009 -0.287225 -0.137972 0.403299 0.068947 -0.085582 -0.175077 0.538640 0.330636 0.299797 0.146663 0.548619 -0.117670 0.078733 0.218457 0.267853 1.000000 0.852411 0.246903 0.403257 0.107261 0.202307 0.146517 -0.132337 -0.149072 -0.346224 0.147644 0.020208 0.168679 0.195621 0.061833 0.193407 0.177440 0.066121 -0.364503 -0.024877 -0.018682 -0.179571 -0.007961 0.157114 -0.256854 -0.109130 -0.256716 -0.070298 -0.357474 -0.327793 -0.189125 -0.187558 0.054379 0.146791 0.098159 -0.257261 -0.224547 -0.024869 -0.114646 -0.340333 0.460468 0.702333 0.294937 0.386911 0.164252 0.389707 0.375505 0.198527 0.050778 0.369343 0.096957 0.417546 0.036683 0.161002 0.314144 0.178768 0.229062 0.052230 0.004350 -0.219908 -0.219300 -0.298084 -0.168773 -0.226402 -0.296991 -0.293660 0.001868 -0.262317 -0.211771 -0.190498 -0.252746 -0.324706 -0.129448 -0.202487 -0.285809 -0.252897 -0.042002 -0.183300 -0.307107 -0.226357 0.150249 -0.118950 -0.191413 -0.066934 -0.083158 -0.079516
0.019760 -0.081304 0.140673 0.047539 -0.317893 0.274542 0.071849 -0.108837 -0.437045 0.119865 -0.070881 0.320710 0.148089 0.042094 -0.238457 -0.211505 -0.143524 0.372835 0.101517 -0.045796 -0.159921 0.633574 0.419683 0.387343 0.040680 0.593844 0.050227 0.132435 0.180280 0.250612 0.852411 1.000000 0.149885 0.356460 -0.032310 0.124905 0.095693 -0.142202 -0.113696 -0.193383 0.027423 0.098773 0.134102 0.120833 0.033390 0.138724 0.093207 0.023340 -0.308079 -0.035519 -0.023553 -0.142235 -0.040449 0.175130 -0.273098 -0.080052 -0.251379 -0.122091 -0.361792 -0.303041 -0.205257 -0.174772 -0.012014 0.019051 0.029363 -0.220423 -0.225128 -0.101204 -0.047271 -0.290939 0.520642 0.764377 0.230038 0.383586 0.193674 0.450191 0.404113 0.084852 -0.056861 0.235506 -0.027635 0.385784 0.081337 0.266895 0.391132 0.240539 0.269621 0.249676 0.107145 -0.016211 -0.222979 -0.325782 -0.179563 -0.308571 -0.268981 -0.351084 -0.022157 -0.277074 -0.327425 -0.227460 -0.231648 -0.346323 -0.179164 -0.290549 -0.323016 -0.333823 -0.037177 -0.166803 -0.392067 -0.335261 0.136554 -0.175490 -0.262008 -0.112724 -0.143484 -0.108488
0.266756 0.323221 0.132449 -0.201321 -0.291600 -0.204926 0.144640 0.088616 -0.203915 -0.222817 -0.170712 0.155824 -0.090506 -0.037777 -0.350205 -0.240842 -0.068100 0.143091 0.021613 -0.248277 -0.130837 0.091725 -0.187022 0.112128 -0.016617 -0.028383 -0.198759 -0.124382 0.057359 0.155553 0.246903 0.149885 1.000000 0.760362 0.025971 -0.126429 -0.134384 -0.017911 -0.130358 -0.243930 0.231748 0.071184 0.166042 0.153806 0.175946 0.134108 0.128451 -0.019655 -0.082116 0.155415 -0.318400 -0.235105 -0.152222 -0.217506 0.027957 0.120886 -0.026119 0.044675 0.011382 -0.046415 0.248815 -0.064418 0.321747 0.328790 -0.156846 0.079698 0.194395 -0.090300 -0.128304 -0.340176 -0.051721 -0.012506 0.220785 0.240379 0.132316 -0.053840 0.137559 -0.028502 0.010444 0.390095 0.038346 0.095500 0.081068 -0.056591 -0.132769 0.002062 0.126170 -0.015363 -0.046481 -0.153114 -0.373912 -0.626856 -0.079739 -0.026993 -0.424425 -0.152830 0.302529 -0.340671 -0.037930 -0.207239 0.004064 -0.052918 0.083737 -0.275856 -0.181791 -0.208242 0.183109 -0.147238 -0.231854 -0.285050 -0.092279 -0.145368 0.096169 0.177604 0.129776 0.221535
0.169476 0.216928 0.249286 -0.025251 -0.203340 -0.069685 0.267929 0.090598 -0.130702 -0.138916 -0.064091 0.254686 -0.066584 -0.029856 -0.268981 -0.209165 -0.026840 0.154932 0.111063 -0.114997 -0.169920 0.136441 0.104653 0.175796 -0.017901 0.125603 -0.145173 -0.067601 0.098812 0.097477 0.403257 0.356460 0.760362 1.000000 0.052021 0.078784 -0.122616 -0.126289 -0.161132 -0.214997 0.194852 0.109562 0.107137 0.117194 0.274345 0.283154 -0.060586 0.066108 -0.178781 0.202492 -0.187466 -0.246176 -0.140727 -0.192338 -0.164074 -0.044036 -0.099543 0.022623 -0.120032 -0.197711 0.207552 -0.022662 0.214244 0.265835 0.169739 0.118013 -0.056196 0.033835 -0.123004 -0.298414 0.052768 0.183715 0.164196 0.163413 0.060579 0.005553 0.170388 -0.006139 -0.030687 0.147336 -0.064888 0.059742 0.044012 0.098134 0.007780 0.007276 0.065147 -0.053452 -0.111018 -0.259677 -0.303575 -0.526709 -0.224008 -0.241162 -0.317689 -0.204984 0.119175 -0.228704 -0.122414 -0.194987 -0.312872 -0.282851 -0.221067 -0.335962 -0.267515 -0.235670 0.066283 -0.126320 -0.274859 -0.207003 0.134106 -0.038207 0.024742 -0.103881 -0.118427 -0.058808
-0.361809 -0.152384 -0.335453 -0.202905 0.157421 -0.439920 -0.338646 -0.155832 0.447139 -0.237945 0.110628 -0.297486 -0.363531 -0.317281 0.328706 0.269109 0.316970 -0.121079 -0.195839 -0.199279 0.356947 -0.106643 0.135566 -0.011775 0.023299 -0.093226 -0.383191 -0.090054 -0.052213 0.314749 0.107261 -0.032310 0.025971 0.052021 1.000000 0.542161 0.105963 0.295906 0.027919 -0.014538 0.186836 0.307868 0.219590 0.300907 0.235925 0.265690 -0.062408 -0.171746 -0.089504 0.064384 0.362142 0.056210 -0.301770 -0.117279 0.027016 -0.217311 -0.033213 -0.078454 -0.210070 -0.184407 0.089745 -0.316078 0.107938 0.089146 0.220316 -0.055912 0.006970 0.220774 -0.122586 -0.198638 0.021624 -0.115459 -0.001590 0.316915 0.138970 0.160542 0.037614 0.365580 0.155775 0.141263 0.350807 -0.035609 0.259537 -0.129813 0.186542 0.035406 -0.151443 -0.436483 -0.000605 -0.211111 -0.307337 -0.080307 0.075180 -0.007516 0.002949 0.279240 -0.071372 -0.213137 -0.243896 -0.175410 -0.130454 -0.046253 0.076040 -0.158647 -0.177539 -0.058140 0.115874 -0.402201 0.039254 0.058046 -0.087839 -0.056478 0.085598 0.076329 -0.003273 -0.097706
-0.407799 -0.307655 -0.218251 0.029071 0.098542 -0.091947 -0.170984 0.074546 0.167056 -0.079375 -0.031160 -0.166455 -0.138219 -0.247337 0.076634 -0.014147 0.161133 -0.033505 -0.211257 0.009458 0.105341 -0.030949 0.132880 0.059211 0.016572 0.132940 -0.182072 -0.097781 0.035860 0.110802 0.202307 0.124905 -0.126429 0.078784 0.542161 1.000000 0.008552 0.015412 -0.064658 -0.060600 -0.013875 0.056554 0.148070 0.281591 0.379126 0.601784 -0.180191 -0.014674 -0.048347 0.208419 0.106635 -0.075157 -0.105220 -0.050225 -0.093448 -0.253199 -0.260892 -0.268509 -0.225856 0.044663 -0.111263 -0.226820 -0.063567 -0.131845 0.116423 -0.153680 -0.051611 0.458565 -0.289604 -0.044100 0.064583 0.084960 -0.010409 0.148187 -0.027715 -0.064016 -0.112283 0.311333 0.121928 0.057914 0.202335 0.006434 0.194088 -0.009019 0.098967 -0.091481 -0.078398 -0.211847 -0.134669 -0.172880 -0.058530 0.064544 0.055582 -0.082459 0.108968 0.198645 -0.147828 -0.146968 -0.148732 -0.195218 -0.166399 -0.166641 -0.109039 -0.149640 -0.182210 -0.076509 -0.053598 -0.344656 0.128420 0.049681 -0.054850 -0.070850 -0.062562 -0.155108 -0.128157 -0.072181
