1.000000 0.499329 -0.102265 -0.364843 -0.191835 -0.291108 0.029790 -0.080376 0.012042 0.207700 0.074358 -0.272017 -0.051974 -0.080531 -0.053132 -0.082993 0.115911 0.025505 0.368168 0.488615 0.157516 -0.078775 -0.133753 -0.254882 -0.255864 -0.383097 -0.083854 -0.063859 0.049378 0.093102 -0.069949 -0.117678 0.208441 0.080611 -0.408888 -0.355751 0.107312 0.027200 0.003820 0.045705 0.051590 0.140472 0.093960 0.092070 -0.166439 -0.274613 0.182194 0.302543 0.003273 0.031007 -0.284507 -0.013642 0.281620 0.268545 0.064624 0.064640 0.574173 0.317594 0.030053 -0.104287 0.037471 0.135878 0.110131 0.142314 -0.323538 -0.361542 -0.315746 -0.549949 0.229060 0.178404 0.177308 -0.073974 0.139157 0.228479 0.245979 0.201609 0.260140 0.206310 0.036074 0.004733 0.197090 0.220129 0.117717 0.077514 0.021062 -0.105694 0.090472 -0.010543 -0.072345 -0.141896 -0.126079 -0.123153 -0.299557 -0.135415 -0.201959 -0.060942 0.048196 -0.029413 0.347880 0.226220 -0.161842 0.075752 0.014451 0.011706 0.053658 0.015033 -0.176579 -0.145147 -0.029076 -0.065834 0.217151 0.343911 -0.005780 -0.000721 -0.169119 -0.005663
0.499329 1.000000 -0.289960 -0.061965 -0.126726 -0.172110 -0.077924 0.033050 0.126218 0.264571 -0.130658 -0.098073 -0.044256 0.094320 -0.080794 0.031733 0.092571 0.320340 0.198288 0.563054 -0.123474 -0.171729 -0.234352 -0.248716 -0.340578 -0.357636 -0.268869 -0.200333 0.127907 0.392588 -0.062099 -0.053535 0.329507 0.266498 -0.207601 -0.187720 0.152147 0.043524 -0.116463 -0.030340 -0.046448 0.170498 -0.010520 0.052890 -0.147102 -0.162890 0.046213 0.130651 -0.207920 -0.046671 -0.408854 -0.087951 0.163671 0.225734 -0.156923 -0.103460 0.548522 0.714128 -0.172871 0.013619 -0.017405 0.254455 0.173159 0.354432 -0.319165 -0.226215 -0.349537 -0.476077 0.368661 0.281360 0.094513 -0.069798 0.355456 0.412472 0.323905 0.181332 0.364117 0.202863 0.183104 0.245088 0.354904 0.419664 0.012855 0.148023 -0.062367 0.070603 0.015586 -0.134355 -0.147383 -0.238371 -0.192739 -0.434266 -0.339277 -0.371781 -0.084821 -0.056856 -0.148721 -0.046614 0.386352 -0.030269 -0.078410 0.053847 0.090304 -0.088936 -0.115497 -0.125330 -0.237094 -0.196806 -0.077310 -0.072585 -0.031148 0.304587 -0.101553 -0.092773 -0.360047 -0.235172
-0.102265 -0.289960 1.000000 0.059704 0.055761 -0.073510 0.745397 0.370422 0.156514 -0.086837 0.258469 0.165894 0.295271 -0.065902 -0.107687 -0.393412 -0.197913 -0.360038 0.170906 -0.366790 0.043081 -0.024879 0.332604 -0.019102 0.255706 0.155724 0.251955 -0.059015 -0.364644 -0.488445 0.374523 0.174038 -0.099029 0.009940 -0.050641 -0.150572 -0.451179 -0.010754 0.070068 0.234869 -0.156842 -0.348504 0.029497 -0.136863 -0.068638 -0.071300 -0.125579 -0.057213 0.114881 -0.004656 0.263596 -0.024426 -0.154472 -0.087566 -0.086263 0.297761 -0.321902 -0.311034 0.233493 -0.077350 0.157236 0.103767 -0.291119 -0.223811 0.356312 0.395367 0.148756 0.296123 -0.241577 -0.246085 -0.038369 -0.033632 -0.337066 -0.443737 -0.121240 0.017732 -0.228686 0.084210 -0.374395 -0.371613 -0.392412 -0.444264 -0.291494 -0.117784 -0.233941 -0.395083 0.106105 0.245571 0.205778 0.209490 0.197059 0.332114 0.207560 0.576001 -0.106433 0.178340 0.313205 0.165981 0.162800 0.247535 0.289083 0.087283 0.082442 -0.198187 -0.113431 -0.221797 -0.227389 -0.244866 0.203126 -0.148004 0.084730 0.073623 0.194029 0.030752 0.055978 -0.061141
-0.364843 -0.061965 0.059704 1.000000 -0.140124 0.439335 -0.015383 0.258773 -0.087249 0.057344 -0.209430 0.286880 -0.004418 -0.029348 0.077567 0.255613 -0.177183 -0.192664 -0.113656 -0.115924 -0.319338 -0.016709 0.327700 0.462218 0.118977 0.425357 0.090251 0.290098 -0.071987 0.028243 0.187183 0.256578 0.027109 0.149153 0.416970 0.464746 -0.195262 -0.194384 -0.198571 -0.214649 -0.247433 -0.082358 0.007466 0.036967 0.208434 0.284355 -0.122144 -0.177290 -0.132479 -0.124973 0.095330 -0.088069 -0.393723 -0.224724 -0.178758 -0.143156 -0.207614 -0.139914 -0.374322 -0.265157 -0.245694 -0.278527 -0.039302 -0.145396 0.248769 0.374947 0.006623 0.378130 -0.002862 -0.109178 -0.277781 0.019064 -0.141289 -0.006757 -0.177140 0.021421 0.045220 -0.001250 -0.112342 0.051026 -0.156985 -0.172343 0.052209 0.110453 0.113690 0.264876 0.129243 0.059043 -0.065064 0.056872 0.127083 -0.031677 0.343238 0.122193 0.143569 -0.112081 -0.108864 -0.135099 -0.057097 -0.142045 0.131151 -0.032083 -0.063183 -0.035536 -0.192791 -0.278393 -0.061906 -0.152189 -0.139004 -0.119495 -0.193679 -0.106819 -0.094454 0.005630 0.075587 -0.314301
-0.191835 -0.126726 0.055761 -0.140124 1.000000 0.399667 -0.095329 0.021575 0.521717 0.329375 0.035859 0.034577 -0.053143 0.189056 0.187312 0.169902 -0.113823 0.080484 -0.000871 -0.118141 0.169867 0.075817 -0.085625 -0.235128 0.149368 0.038277 0.055726 0.084564 0.177941 0.127494 -0.188388 -0.158473 -0.253318 -0.182999 0.085030 0.173788 -0.062736 -0.026421 -0.315196 -0.286291 -0.034228 -0.028604 0.016613 0.189469 0.228808 0.162457 0.024109 -0.173532 0.171231 0.189694 0.116760 0.018060 -0.008351 -0.109712 -0.228434 -0.291752 -0.226862 -0.177697 0.092904 0.010925 -0.067101 -0.047898 -0.177212 -0.150368 0.037787 -0.007592 0.050302 0.043167 0.084385 -0.000376 -0.029696 0.042242 -0.009995 0.095032 -0.226390 -0.089411 0.020224 -0.180469 0.246331 0.191582 0.070626 0.200128 0.161180 -0.026866 0.082551 0.007866 -0.230441 -0.233205 -0.119430 -0.237675 -0.001445 -0.007202 -0.003258 0.018723 0.380954 -0.088985 -0.271767 -0.030463 -0.227230 -0.351860 0.115843 -0.097744 -0.025548 0.111536 0.211057 0.169085 0.227816 0.329474 -0.019837 0.190619 -0.257761 -0.315963 0.011565 -0.037117 0.045606 0.059822
-0.291108 -0.172110 -0.073510 0.439335 0.399667 1.000000 -0.191073 0.193585 0.257107 0.427198 -0.089269 0.266250 -0.006932 0.185867 0.308180 0.493762 -0.231352 -0.011523 -0.031815 -0.181355 -0.023012 0.136385 0.201430 0.194861 0.242101 0.380172 0.184393 0.262600 0.114128 0.174884 0.063219 0.118387 -0.180051 -0.071882 0.360289 0.471636 -0.082511 -0.078704 -0.364123 -0.434003 -0.159925 0.081626 0.024737 0.203915 0.306683 0.338729 0.001376 -0.256427 0.079729 0.120703 0.118203 0.008789 -0.197696 -0.214028 -0.249469 -0.353601 -0.346114 -0.316063 -0.181208 -0.171522 -0.248156 -0.167103 -0.206215 -0.245528 0.137634 0.250692 -0.055083 0.191732 -0.050250 -0.149893 -0.145715 0.062808 -0.078992 0.080554 -0.203822 -0.082600 -0.039220 -0.182002 0.083367 0.118195 -0.091886 -0.014941 0.266772 0.047195 0.254971 0.225445 -0.035236 -0.203650 -0.054920 -0.126527 -0.001838 -0.056062 0.221037 0.038548 0.407166 -0.252039 -0.366177 -0.164141 -0.340359 -0.382300 0.211448 -0.032345 -0.115644 0.057626 -0.019014 -0.065485 0.220700 0.144049 -0.213784 0.071582 -0.335274 -0.360707 -0.130499 -0.078645 0.126506 -0.186610
0.029790 -0.077924 0.745397 -0.015383 -0.095329 -0.191073 1.000000 0.468725 0.212698 -0.009918 0.475057 0.258347 0.623138 0.156960 0.001925 -0.279740 0.008947 -0.231427 0.059942 -0.293346 -0.072842 -0.187932 0.295506 0.078970 -0.058687 -0.195878 0.079930 -0.215568 -0.307846 -0.439931 0.290916 0.213923 0.073821 0.306330 -0.215174 -0.332763 -0.336307 -0.254069 0.211513 0.433349 -0.148113 -0.381933 -0.258350 -0.433943 -0.274134 -0.339501 -0.205170 -0.107038 -0.092540 -0.068886 -0.041795 -0.199121 0.000682 0.097700 0.045909 0.367787 -0.028302 -0.107610 0.327273 -0.104591 0.526128 0.438639 0.006272 0.143484 0.447181 0.377969 -0.061978 -0.030745 -0.289613 -0.111075 -0.002541 -0.010825 -0.128776 -0.469026 0.018712 0.086413 -0.301771 0.152845 -0.450297 -0.454331 -0.216418 -0.374663 -0.433806 0.129614 -0.357831 -0.428509 0.248995 0.396279 0.404542 0.422200 0.216713 0.197211 0.147785 0.505857 -0.386249 0.387241 0.227337 0.106838 0.292739 0.350114 0.242161 0.091822 0.182017 -0.487086 -0.304395 -0.464643 -0.474039 -0.517085 0.340943 -0.280490 -0.077886 0.236213 0.266367 -0.088822 -0.069990 -0.063151
-0.080376 0.033050 0.370422 0.258773 0.021575 0.193585 0.468725 1.000000 0.239097 0.512695 0.297081 0.537133 0.428310 0.441143 -0.220216 -0.046896 -0.131571 -0.087247 0.014911 -0.299839 -0.171248 -0.141339 -0.087336 0.240213 -0.182151 -0.171236 -0.222114 -0.440080 -0.042121 -0.005620 0.273229 0.425745 -0.075196 0.284903 0.090642 -0.050436 -0.217104 -0.461333 -0.102806 0.082375 -0.291695 -0.329658 -0.141482 -0.209571 0.092573 -0.041163 -0.074928 -0.124449 -0.041453 0.136610 -0.178724 -0.111517 -0.263429 -0.075004 -0.361511 -0.050688 -0.204067 -0.291328 -0.017801 -0.082936 0.177344 0.391181 -0.055405 0.093031 0.128121 0.589079 -0.148919 0.102180 -0.306924 -0.192211 0.032819 0.198191 -0.021087 -0.159851 -0.106122 0.132762 -0.117128 0.136218 -0.155412 -0.266041 -0.018751 -0.238878 -0.264336 0.187723 -0.316590 -0.129271 -0.037682 0.016959 -0.125563 0.009936 0.247084 -0.052146 0.185595 0.186584 -0.162588 0.170213 -0.114391 -0.067391 0.088511 -0.030668 0.374855 0.233031 0.184734 -0.171018 -0.342108 -0.385229 -0.294146 -0.344507 0.070225 -0.057802 -0.216951 0.108972 0.011940 -0.083018 -0.139303 -0.216565
0.012042 0.126218 0.156514 -0.087249 0.521717 0.257107 0.212698 0.239097 1.000000 0.541504 0.291034 0.204755 0.304765 0.354750 0.335665 0.259100 -0.168577 0.186401 0.233497 -0.050324 -0.080683 -0.078627 -0.009493 -0.233143 -0.016554 -0.165830 -0.084261 -0.128201 0.142528 0.138401 -0.149226 -0.194465 -0.306057 -0.131501 -0.048550 -0.054173 -0.049222 -0.184799 -0.426021 -0.323929 -0.270014 0.017858 -0.147744 0.002222 0.047229 -0.120984 0.025580 -0.242645 -0.003463 0.099612 0.065996 0.001645 0.093208 -0.030624 -0.313752 -0.362958 -0.201319 -0.068556 0.177125 -0.072624 0.118444 0.204203 -0.208159 -0.031406 0.039688 0.102500 -0.158284 -0.254097 0.100486 0.022109 0.024570 0.079128 0.093754 0.081729 -0.028741 0.032089 -0.089335 -0.232081 0.143348 0.162534 0.094507 0.166219 0.008813 -0.094693 0.075873 0.016344 -0.062384 -0.237804 0.022856 -0.131293 0.129633 0.066693 0.113547 0.227579 0.299434 -0.168238 -0.389312 -0.091550 -0.117668 -0.294517 0.118018 -0.018536 0.039111 0.106350 0.016493 0.051863 0.186184 0.194863 -0.139839 0.177681 -0.382430 -0.210650 -0.034445 -0.128459 0.026334 -0.085749
0.207700 0.264571 -0.086837 0.057344 0.329375 0.427198 -0.009918 0.512695 0.541504 1.000000 0.101093 0.259564 0.097561 0.438154 0.040022 0.352832 -0.107542 0.206657 0.295272 0.042038 -0.009754 0.011526 -0.121225 -0.019749 -0.103779 -0.146180 -0.211232 -0.244590 0.318485 0.400505 0.032513 0.126020 -0.175738 0.096949 0.068068 0.019320 0.075380 -0.296412 -0.469153 -0.347454 -0.333943 0.110424 -0.063247 0.103484 0.144505 -0.015090 0.094980 -0.132398 -0.045262 0.142334 -0.143138 -0.116861 -0.063988 -0.059610 -0.412638 -0.449461 -0.030027 -0.064067 -0.155080 -0.202044 -0.087143 0.217189 -0.065554 0.050577 -0.114462 0.162167 -0.406365 -0.306341 0.073264 -0.032679 0.187004 0.243869 0.262663 0.375293 0.015444 0.206801 0.207453 0.013454 0.352391 0.187342 0.331779 0.263749 0.057057 0.029747 0.063364 0.096981 -0.079712 -0.335828 -0.222850 -0.304927 0.053206 -0.186769 0.037076 -0.069123 0.293063 -0.076579 -0.418485 -0.079021 -0.005065 -0.259579 0.110669 0.241952 0.128739 0.067604 -0.138438 -0.151552 0.045408 -0.001510 -0.177763 0.266333 -0.351804 -0.037372 -0.072844 -0.050215 -0.141988 -0.256147
0.074358 -0.130658 0.258469 -0.209430 0.035859 -0.089269 0.475057 0.297081 0.291034 0.101093 1.000000 0.347542 0.767610 0.531204 0.179691 -0.129534 0.223572 0.129336 -0.029543 -0.368528 -0.151016 -0.241185 0.057733 0.119796 -0.085238 -0.288112 -0.088668 -0.318630 0.085176 -0.196052 0.101343 0.107129 -0.190372 0.124928 -0.139721 -0.197771 -0.219834 -0.433898 -0.030358 0.096474 -0.251798 -0.328986 -0.404307 -0.440732 -0.172748 -0.315604 -0.300164 -0.353841 -0.146046 0.032375 -0.127034 -0.142141 0.169098 -0.008635 0.040911 -0.057109 0.033300 -0.117147 0.468734 0.052225 0.593008 0.493091 0.244024 0.427050 0.239290 0.239717 -0.133311 -0.183511 -0.304202 -0.114102 0.067193 0.190596 0.134039 -0.336827 0.092114 0.108060 -0.299679 0.044697 -0.059827 -0.131508 0.063898 -0.156820 -0.284447 -0.096135 -0.185098 -0.382489 0.065475 0.145880 0.281521 0.266085 0.239331 0.203344 0.121574 0.262708 -0.130823 0.185270 -0.086742 -0.224433 -0.117330 0.019551 0.254582 -0.050536 0.059835 -0.172872 -0.250820 -0.268757 -0.176960 -0.192492 0.159184 -0.122302 -0.356333 -0.093096 0.127079 -0.093388 0.130105 0.067256
-0.272017 -0.098073 0.165894 0.286880 0.034577 0.266250 0.258347 0.537133 0.204755 0.259564 0.347542 1.000000 0.359507 0.653905 0.052701 0.139600 0.131557 0.279022 -0.111356 -0.531907 -0.177608 0.182412 0.104467 0.384876 0.046970 0.115030 -0.181435 -0.235041 0.165531 0.027851 0.331951 0.417066 -0.228303 0.180755 0.146280 -0.047461 -0.332581 -0.419643 -0.158596 0.016048 -0.447260 -0.427976 -0.323213 -0.341427 0.031360 -0.097007 -0.346008 -0.352678 0.055700 0.014230 -0.109472 -0.048794 -0.188915 0.031874 -0.229866 -0.069031 -0.219564 -0.357653 -0.093137 -0.291131 0.137121 0.213384 -0.009081 0.079266 0.410020 0.650442 -0.215652 0.103154 -0.309377 -0.241756 0.072570 0.336844 0.127241 -0.161468 0.118082 0.162168 -0.274832 0.061065 -0.063463 -0.044709 0.019731 -0.179668 -0.337421 0.001723 -0.182470 -0.120351 -0.064286 0.152008 0.033388 0.245094 0.188001 0.032298 0.203954 0.163094 0.022494 0.236749 -0.017744 -0.224661 -0.041633 -0.088235 0.191121 0.208709 0.015621 -0.191748 -0.242665 -0.356561 -0.203864 -0.214391 0.109527 0.042232 -0.427789 -0.186241 -0.002096 -0.223951 -0.011824 -0.116956
-0.051974 -0.044256 0.295271 -0.004418 -0.053143 -0.006932 0.623138 0.428310 0.304765 0.097561 0.767610 0.359507 1.000000 0.496031 0.150019 -0.008035 0.186615 0.009208 -0.048715 -0.325826 -0.278953 -0.196980 0.173286 0.199914 -0.114495 -0.212884 -0.060306 -0.250934 0.049126 -0.209050 0.165294 0.233272 -0.036032 0.298535 -0.107399 -0.117563 -0.225301 -0.441907 -0.007668 0.156984 -0.292659 -0.350386 -0.536535 -0.571254 -0.196423 -0.331601 -0.402948 -0.416841 -0.193236 -0.031087 -0.194155 -0.210863 0.111895 0.010455 -0.002673 -0.001105 0.004116 -0.079695 0.399843 -0.006113 0.627833 0.542977 0.226396 0.369027 0.317208 0.371868 -0.156671 -0.159061 -0.236234 -0.031137 0.035147 0.192072 0.117962 -0.324690 0.093057 0.204982 -0.280130 0.075381 -0.196109 -0.236794 0.066025 -0.222966 -0.344636 0.057226 -0.265962 -0.374407 0.174032 0.196302 0.386836 0.349395 0.251533 0.128691 0.151948 0.299464 -0.207238 0.272167 -0.104527 -0.162088 -0.024219 0.057290 0.283111 0.009027 0.145704 -0.361760 -0.386186 -0.432327 -0.259611 -0.310796 0.197234 -0.220595 -0.448315 0.001640 0.100193 -0.141928 0.043577 -0.114037
-0.080531 0.094320 -0.065902 -0.029348 0.189056 0.185867 0.156960 0.441143 0.354750 0.438154 0.531204 0.653905 0.496031 1.000000 0.122051 0.248314 0.371437 0.592419 -0.025007 -0.284679 -0.169282 0.025601 -0.158912 0.076043 -0.152191 -0.279508 -0.349648 -0.421328 0.397867 0.348220 -0.002116 0.117384 -0.172461 0.087287 0.046402 -0.055723 -0.135593 -0.479130 -0.328458 -0.189064 -0.374118 -0.277817 -0.448011 -0.395871 0.041703 -0.172245 -0.414309 -0.557877 -0.134142 0.084396 -0.228375 -0.182832 -0.058251 -0.101767 -0.279482 -0.371130 0.047478 -0.059138 0.134170 0.024512 0.317376 0.394024 0.286357 0.514138 0.102462 0.289318 -0.239449 -0.248165 -0.040202 -0.080445 0.342911 0.437152 0.460070 0.102264 0.231954 0.231812 -0.160008 0.009595 0.306370 0.230151 0.412561 0.185375 -0.276787 -0.038081 -0.180417 -0.174977 -0.181854 -0.131324 -0.019742 -0.001255 0.107720 -0.078089 0.058160 -0.018794 0.182572 0.065200 -0.362895 -0.268855 -0.198492 -0.229473 0.256855 0.219254 0.235077 -0.039806 -0.348571 -0.283563 -0.010619 -0.069925 -0.071817 0.007454 -0.626092 -0.238996 -0.060434 -0.151609 0.034831 -0.099973
-0.053132 -0.080794 -0.107687 0.077567 0.187312 0.308180 0.001925 -0.220216 0.335665 0.040022 0.179691 0.052701 0.150019 0.122051 1.000000 0.524466 -0.055477 0.062784 -0.037682 -0.028238 -0.175689 -0.121088 0.396949 0.117334 0.083436 -0.017573 0.051664 0.303150 0.124839 0.042995 -0.130702 -0.242953 -0.203904 -0.219381 0.028297 0.074598 0.019044 -0.109036 -0.166285 -0.264650 -0.045671 0.005521 -0.217973 -0.097213 -0.032804 -0.090210 -0.075054 -0.372934 0.041226 -0.036566 0.163760 0.131161 0.205208 0.047304 0.071350 -0.252903 -0.226255 -0.170268 -0.002201 -0.154322 -0.063464 -0.163072 -0.193017 -0.110686 0.235769 -0.102244 -0.153552 -0.200394 -0.093963 -0.057308 -0.183767 -0.003986 -0.123056 -0.087622 -0.142256 -0.253053 -0.175811 -0.271002 0.085601 0.131307 0.121093 0.155556 0.377572 0.073665 0.498010 0.163634 0.244773 0.144656 0.314801 0.073552 0.040710 0.254052 0.264265 0.142635 0.180985 -0.284557 -0.276309 -0.273867 -0.301786 -0.143082 -0.101912 -0.143238 -0.068756 0.131063 -0.145072 0.065281 0.240387 0.155486 -0.206495 -0.098248 -0.352465 -0.319346 0.063130 0.065735 0.321695 0.120653
-0.082993 0.031733 -0.393412 0.255613 0.169902 0.493762 -0.279740 -0.046896 0.259100 0.352832 -0.129534 0.139600 -0.008035 0.248314 0.524466 1.000000 -0.069730 0.157235 0.020622 0.167800 -0.305418 -0.039786 0.051415 0.147987 -0.168419 -0.075988 -0.201281 0.196272 0.389883 0.492007 -0.188307 -0.167982 0.020088 -0.142870 0.194190 0.243795 0.131664 -0.055888 -0.280875 -0.505918 0.100973 0.195441 -0.094960 0.097289 0.246519 0.172908 0.021367 -0.352099 0.037312 0.119715 -0.027581 0.102645 0.023536 -0.130098 -0.059662 -0.429860 -0.177849 -0.206103 -0.168039 -0.123604 -0.209659 -0.245883 0.028805 -0.062084 -0.080182 -0.098815 -0.087998 -0.226932 0.127572 0.040402 -0.109894 0.030642 0.129812 0.307318 -0.118790 -0.090901 0.189328 -0.199638 0.276795 0.292474 0.269217 0.306374 0.438693 0.362134 0.328675 0.412419 0.117700 -0.259908 -0.109069 -0.232665 -0.124912 -0.157255 0.097897 -0.213706 0.311583 -0.451243 -0.462021 -0.293625 -0.358468 -0.320384 -0.198690 0.121589 -0.085318 0.204370 -0.135407 0.047515 0.285421 0.217419 -0.488562 -0.028181 -0.443221 -0.275644 -0.120842 0.027665 0.179702 -0.064244
0.115911 0.092571 -0.197913 -0.177183 -0.113823 -0.231352 0.008947 -0.131571 -0.168577 -0.107542 0.223572 0.131557 0.186615 0.371437 -0.055477 -0.069730 1.000000 0.518827 0.047645 0.018443 -0.022325 -0.034193 -0.179779 0.023955 -0.140507 -0.288477 -0.258342 -0.345578 0.468549 0.228837 -0.164345 0.001873 0.116113 0.153871 -0.085687 -0.127284 -0.040969 -0.174979 -0.108660 0.038813 -0.138511 -0.123167 -0.391127 -0.403214 -0.159856 -0.294481 -0.433306 -0.348482 -0.289180 -0.176666 -0.302593 -0.379216 -0.005027 -0.098278 -0.024405 -0.144231 0.524557 0.323773 0.040275 0.106849 0.335993 0.140823 0.611427 0.563961 0.027851 -0.201527 -0.065043 -0.264025 0.189653 0.182724 0.347631 0.256589 0.613819 0.187209 0.458576 0.340165 0.059093 0.161484 0.357489 0.338718 0.520941 0.272578 -0.233686 -0.082225 -0.183477 -0.232600 -0.270883 0.030741 0.004474 0.042108 0.019228 0.044378 -0.036958 -0.062849 0.020117 0.131161 -0.178915 -0.153144 -0.002033 0.161197 0.027950 0.064056 0.345647 -0.054612 -0.296085 -0.258158 -0.065980 -0.113906 0.066518 -0.048295 -0.320593 -0.064373 0.050831 0.049817 0.128636 0.140987
0.025505 0.320340 -0.360038 -0.192664 0.080484 -0.011523 -0.231427 -0.087247 0.186401 0.206657 0.129336 0.279022 0.009208 0.592419 0.062784 0.157235 0.518827 1.000000 0.089881 0.089773 -0.089959 0.107387 -0.295175 -0.197943 -0.152723 -0.220434 -0.251202 -0.370506 0.553538 0.668193 -0.243489 -0.190477 -0.128899 -0.124323 0.067120 -0.055522 0.066297 -0.157406 -0.451693 -0.377667 -0.244015 0.042745 -0.165997 -0.064869 0.069120 -0.031972 -0.238421 -0.356764 -0.143344 0.038567 -0.180013 -0.052220 -0.049413 -0.140061 -0.216773 -0.463827 0.297755 0.370737 -0.060401 0.148488 -0.010539 0.087573 0.274117 0.473587 -0.252343 -0.238217 -0.167521 -0.376357 0.284869 -0.007158 0.425577 0.261995 0.724493 0.464951 0.462640 0.132329 0.049020 -0.160197 0.569924 0.693856 0.554818 0.589735 -0.127817 -0.177038 -0.056218 0.078493 -0.421542 -0.377663 -0.162695 -0.273252 -0.147562 -0.170515 -0.132291 -0.258773 0.427296 -0.163402 -0.402588 -0.133680 -0.151032 -0.236442 0.053543 0.156654 0.251585 0.163441 -0.102177 -0.016549 0.230024 0.231225 -0.255018 0.271699 -0.470971 -0.302542 -0.095092 -0.075608 0.045900 -0.014323
0.368168 0.198288 0.170906 -0.113656 -0.000871 -0.031815 0.059942 0.014911 0.233497 0.295272 -0.029543 -0.111356 -0.048715 -0.025007 -0.037682 0.020622 0.047645 0.089881 1.000000 0.324746 0.062946 0.012591 -0.024309 -0.151076 0.054289 -0.052707 -0.117217 -0.334003 0.325531 0.143643 0.122286 -0.011643 0.090344 -0.056475 -0.174475 -0.227980 -0.214520 0.074980 -0.393724 -0.270474 -0.194687 0.033745 0.095794 0.195302 0.127260 -0.067732 -0.043471 -0.039402 0.084758 0.122541 -0.119558 -0.006588 -0.124937 -0.077059 -0.264143 -0.252121 0.177111 0.130583 -0.053899 0.051882 -0.194729 -0.020059 -0.023379 -0.087410 -0.294611 -0.096062 -0.061793 -0.297202 0.406641 0.126202 0.343144 0.219330 0.339190 0.376128 0.275466 0.346953 0.272350 0.023729 0.156206 0.212707 0.081944 0.035284 0.041826 -0.075194 -0.032326 -0.151531 -0.045517 -0.358808 -0.321533 -0.335545 -0.130999 -0.100656 -0.165220 -0.029223 0.277473 -0.208427 -0.242042 -0.047435 0.094294 -0.074948 0.058461 0.229270 0.127223 0.170155 -0.021856 0.018652 0.192656 0.148148 -0.257359 0.083869 -0.142161 -0.034640 -0.180178 -0.034352 -0.087407 -0.259037
0.488615 0.563054 -0.366790 -0.115924 -0.118141 -0.181355 -0.293346 -0.299839 -0.050324 0.042038 -0.368528 -0.531907 -0.325826 -0.284679 -0.028238 0.167800 0.018443 0.089773 0.324746 1.000000 0.050820 -0.274352 -0.340505 -0.374659 -0.460068 -0.357273 -0.149597 -0.002536 0.108037 0.396370 -0.317753 -0.330628 0.501551 0.118739 -0.250141 -0.026083 0.224500 0.347466 -0.037004 -0.173658 0.340032 0.352590 0.223034 0.354993 -0.071443 -0.012056 0.272720 0.286826 -0.075517 -0.007919 -0.350663 -0.007578 0.153547 0.015400 -0.010693 -0.069893 0.450085 0.531272 -0.073491 0.215632 -0.248696 -0.208059 0.099570 0.063452 -0.641226 -0.638432 0.045547 -0.321907 0.562615 0.427388 0.035399 -0.333352 0.240427 0.482123 0.146108 0.002516 0.525551 0.064207 0.119758 0.252607 0.142998 0.482771 0.318067 0.253296 0.008760 0.150916 -0.031601 -0.367127 -0.320656 -0.396852 -0.302534 -0.396031 -0.353272 -0.454746 -0.054071 -0.344455 -0.195012 -0.011288 0.167662 -0.021547 -0.244118 -0.045744 -0.032847 0.114170 0.195885 0.262798 0.048579 0.121892 -0.261206 -0.161251 0.252196 0.293297 -0.125633 0.028074 -0.223784 -0.046650
0.157516 -0.123474 0.043081 -0.319338 0.169867 -0.023012 -0.072842 -0.171248 -0.080683 -0.009754 -0.151016 -0.177608 -0.278953 -0.169282 -0.175689 -0.305418 -0.022325 -0.089959 0.062946 0.050820 1.000000 0.393746 -0.037776 -0.218523 0.182562 0.054503 0.244008 0.185145 -0.157162 -0.110433 0.106278 0.025764 -0.001813 -0.006745 -0.294430 -0.210314 0.150785 0.240119 0.176114 0.259536 0.148012 0.119345 0.218013 0.180986 -0.039120 -0.087936 0.258934 0.423973 0.274842 0.099372 -0.025857 0.030958 0.101177 0.149948 0.031292 0.263206 0.126865 0.025087 -0.014421 -0.116347 -0.080720 -0.078918 -0.126822 -0.176405 -0.089191 -0.149738 -0.023075 -0.029196 0.085105 0.048158 0.342013 0.061458 0.019275 0.088339 0.173435 0.076822 -0.032863 0.149491 0.015610 -0.136165 -0.075574 -0.020155 -0.053309 -0.216593 -0.097413 -0.220010 -0.090857 0.057273 0.052876 0.031167 -0.177772 -0.059801 -0.278099 0.021634 -0.095597 0.212977 0.289025 0.300317 0.185613 0.115364 0.081884 0.034718 -0.108017 -0.103935 0.207888 0.073109 -0.111245 -0.054306 0.268857 0.148678 0.422977 0.178837 -0.065911 -0.060075 -0.222064 0.080545
-0.078775 -0.171729 -0.024879 -0.016709 0.075817 0.136385 -0.187932 -0.141339 -0.078627 0.011526 -0.241185 0.182412 -0.196980 0.025601 -0.121088 -0.039786 -0.034193 0.107387 0.012591 -0.274352 0.393746 1.000000 0.308552 0.206674 0.444203 0.419921 0.056799 0.261394 0.131229 0.026693 0.301068 0.264134 -0.090730 -0.033406 0.132449 -0.071027 -0.061586 0.133403 0.038903 0.090218 -0.179614 0.031752 0.010195 -0.010952 0.203748 0.090291 -0.131113 0.072214 0.335016 0.102071 0.107052 0.069263 0.010783 0.230820 0.007420 0.092795 -0.104459 -0.179379 -0.338630 -0.410016 -0.307522 -0.205054 -0.211066 -0.267907 0.112338 0.152160 -0.242164 0.057179 0.101722 -0.108597 0.338604 0.449810 0.100146 0.207216 0.198906 0.359778 -0.029392 0.139828 0.140439 -0.018559 0.052499 -0.164461 -0.091228 -0.135985 0.044689 -0.171990 -0.092137 0.065513 0.013654 0.040013 -0.149238 -0.053945 -0.167614 0.006996 0.174654 0.105978 0.271915 0.185003 0.070664 0.039257 -0.041440 0.280042 -0.112096 0.035387 -0.070954 -0.103039 0.032115 -0.033943 0.034006 0.427703 0.061136 -0.103785 -0.224268 -0.022120 0.007488 -0.070928
-0.133753 -0.234352 0.332604 0.327700 -0.085625 0.201430 0.295506 -0.087336 -0.009493 -0.121225 0.057733 0.104467 0.173286 -0.158912 0.396949 0.051415 -0.179779 -0.295175 -0.024309 -0.340505 -0.037776 0.308552 1.000000 0.494093 0.542699 0.506967 0.420691 0.495480 -0.210747 -0.398800 0.479766 0.287786 -0.092346 0.105572 0.143953 0.063658 -0.191703 -0.093771 0.070593 0.123182 -0.260464 -0.137198 -0.150289 -0.210179 -0.117698 -0.099090 -0.158430 -0.123613 0.089907 -0.170577 0.326645 0.053652 0.040629 0.230201 0.140127 0.143005 -0.233379 -0.253990 -0.205406 -0.536398 -0.109392 -0.093566 -0.282857 -0.281031 0.544884 0.271230 -0.310103 0.051371 -0.228990 -0.180780 -0.103772 0.192208 -0.311438 -0.254826 -0.039115 0.138130 -0.265182 0.029767 -0.237243 -0.280986 -0.151320 -0.358690 0.004309 -0.065870 0.312624 -0.133489 0.421519 0.443880 0.513956 0.390340 0.177709 0.330982 0.278381 0.446271 -0.024918 0.144514 0.246519 -0.024788 -0.000915 0.196293 0.041311 0.023704 -0.151783 -0.150432 -0.333261 -0.352992 -0.146189 -0.303801 0.118763 -0.033078 -0.082368 -0.052302 0.118586 0.082713 0.266614 -0.133118
-0.254882 -0.248716 -0.019102 0.462218 -0.235128 0.194861 0.078970 0.240213 -0.233143 -0.019749 0.119796 0.384876 0.199914 0.076043 0.117334 0.147987 0.023955 -0.197943 -0.151076 -0.374659 -0.218523 0.206674 0.494093 1.000000 0.247282 0.294802 -0.072273 0.053034 0.141636 -0.210277 0.445752 0.605647 -0.048493 0.308885 0.328650 0.108961 -0.241429 -0.420534 0.051639 0.117948 -0.273399 -0.332476 -0.317478 -0.340881 0.134155 0.033082 -0.302056 -0.203248 0.070581 -0.002391 -0.104902 -0.035877 -0.143917 0.104431 -0.012380 0.003931 -0.225167 -0.330983 -0.331359 -0.351755 -0.052581 -0.032484 0.054150 -0.061895 0.468433 0.455326 -0.212797 0.240336 -0.351270 -0.097482 -0.037500 0.367663 -0.115204 -0.218949 -0.054481 0.260530 -0.235560 0.213516 -0.140800 -0.322324 0.014217 -0.396026 -0.083194 0.222925 0.137748 -0.059793 0.216575 0.353702 0.072734 0.290969 0.249927 0.149267 0.250887 0.186626 -0.123461 0.200808 0.017806 -0.297110 -0.075814 0.021109 0.100305 0.092593 -0.052969 -0.114336 -0.445263 -0.454080 -0.232677 -0.393492 0.099758 0.007080 -0.228370 -0.073448 -0.057856 -0.028905 0.179761 -0.058109
-0.255864 -0.340578 0.255706 0.118977 0.149368 0.242101 -0.058687 -0.182151 -0.016554 -0.103779 -0.085238 0.046970 -0.114495 -0.152191 0.083436 -0.168419 -0.140507 -0.152723 0.054289 -0.460068 0.182562 0.444203 0.542699 0.247282 1.000000 0.715561 0.315880 0.310514 -0.100191 -0.315987 0.454634 0.279998 -0.295968 -0.105671 0.270442 0.156182 -0.212185 0.074941 -0.106040 0.012303 -0.251512 -0.057604 0.061876 0.044294 0.115788 0.145091 -0.069904 -0.015119 0.156401 -0.050539 0.407944 0.077351 -0.078145 0.047810 -0.039159 -0.019894 -0.298864 -0.224244 -0.221819 -0.302583 -0.259537 -0.189349 -0.306267 -0.294125 0.342367 0.258649 -0.125063 0.278652 -0.151021 -0.140557 0.111567 0.316210 -0.193742 -0.103244 0.019908 0.255181 -0.299420 0.038823 0.029730 -0.078829 -0.092590 -0.287031 -0.126041 -0.392522 0.217537 -0.107395 0.077313 0.171998 0.140361 0.118161 0.115760 0.271067 0.127111 0.334330 0.298568 0.105958 0.238927 0.073990 -0.015680 -0.066456 0.126894 0.021967 -0.108939 0.071574 -0.069957 -0.170479 0.072810 -0.066277 0.095629 0.237021 0.058149 -0.222303 -0.140400 -0.009585 0.217258 -0.119369
-0.383097 -0.357636 0.155724 0.425357 0.038277 0.380172 -0.195878 -0.171236 -0.165830 -0.146180 -0.288112 0.115030 -0.212884 -0.279508 -0.017573 -0.075988 -0.288477 -0.220434 -0.052707 -0.357273 0.054503 0.419921 0.506967 0.294802 0.715561 1.000000 0.451788 0.472092 -0.169634 -0.249953 0.442762 0.344827 -0.195035 -0.032218 0.461360 0.424737 -0.193800 0.203018 -0.115023 -0.141832 -0.215235 0.005464 0.154387 0.204745 0.131985 0.366818 -0.037954 0.004078 0.105401 -0.118056 0.449934 0.119558 -0.219926 -0.074625 -0.084610 -0.031532 -0.394269 -0.274494 -0.327613 -0.328191 -0.390316 -0.321178 -0.367996 -0.480067 0.335456 0.337081 0.006015 0.520319 -0.148112 -0.286109 -0.127205 0.109945 -0.276276 -0.073474 -0.067889 0.052997 -0.131261 -0.026164 -0.106430 -0.006201 -0.309125 -0.288674 0.039268 -0.346923 0.323015 0.094008 0.042287 0.038138 0.052565 0.075137 -0.025214 0.097396 0.149597 0.174269 0.285878 -0.004905 0.189374 0.020759 -0.181601 -0.184883 0.047347 -0.092641 -0.315539 0.031498 0.104758 -0.057594 0.068425 0.048124 -0.041400 0.184233 0.103222 -0.302563 -0.191175 -0.112482 0.113835 -0.199451
-0.083854 -0.268869 0.251955 0.090251 0.055726 0.184393 0.079930 -0.222114 -0.084261 -0.211232 -0.088668 -0.181435 -0.060306 -0.349648 0.051664 -0.201281 -0.258342 -0.251202 -0.117217 -0.149597 0.244008 0.056799 0.420691 -0.072273 0.315880 0.451788 1.000000 0.524552 -0.442856 -0.338016 0.135931 -0.028440 -0.141281 -0.191859 0.004152 0.148054 0.185291 0.204165 0.082651 0.079272 0.019919 0.128063 0.335773 0.272357 -0.110898 0.191207 0.286191 0.228704 0.112086 0.082308 0.457059 0.279699 0.002712 0.005396 0.172991 0.222017 -0.158672 -0.123994 0.078302 -0.025991 -0.100043 -0.061755 -0.375410 -0.327012 0.188991 0.028542 0.097391 0.193339 -0.158648 -0.272207 -0.212246 -0.352889 -0.361390 -0.267544 -0.157030 -0.287609 -0.119911 -0.163505 -0.382783 -0.159640 -0.418664 -0.169591 0.101583 -0.236878 0.270339 0.140320 0.134680 0.104276 0.421278 0.205467 -0.123485 0.103183 0.008136 0.131157 -0.031417 0.080973 0.274690 0.163749 -0.043209 0.014004 0.084141 -0.354025 -0.183349 -0.181345 0.294881 0.019209 -0.101750 -0.038391 0.129987 -0.015764 0.217211 -0.134713 0.078151 -0.147081 -0.066116 -0.125091
-0.063859 -0.200333 -0.059015 0.290098 0.084564 0.262600 -0.215568 -0.440080 -0.128201 -0.244590 -0.318630 -0.235041 -0.250934 -0.421328 0.303150 0.196272 -0.345578 -0.370506 -0.334003 -0.002536 0.185145 0.261394 0.495480 0.053034 0.310514 0.472092 0.524552 1.000000 -0.361463 -0.209841 -0.002021 -0.124246 0.015003 -0.119929 0.070780 0.257662 0.232329 0.332581 0.236452 0.022651 0.173924 0.298752 0.184933 0.193538 -0.083258 0.133393 0.242165 0.219318 0.115378 -0.144388 0.410269 0.164665 0.152600 0.153990 0.325812 0.187639 -0.188969 -0.166775 -0.176809 -0.360371 -0.267750 -0.378251 -0.295575 -0.422687 0.222973 -0.089073 -0.013983 0.177289 -0.027420 -0.014213 -0.346515 -0.275385 -0.468722 -0.095130 -0.243303 -0.193914 0.040805 0.022093 -0.166762 -0.122103 -0.264800 -0.088358 0.388116 -0.038938 0.431441 0.251686 0.276814 0.278314 0.362160 0.185080 -0.151233 0.047756 0.035362 0.072743 0.002927 -0.045787 0.325483 0.129584 -0.080420 0.010660 -0.181583 -0.217249 -0.351172 -0.032408 0.197859 0.091236 -0.006596 0.007695 0.031319 0.033765 0.313114 -0.042949 -0.096939 0.020878 0.057871 -0.016401
0.049378 0.127907 -0.364644 -0.071987 0.177941 0.114128 -0.307846 -0.042121 0.142528 0.318485 0.085176 0.165531 0.049126 0.397867 0.124839 0.389883 0.468549 0.553538 0.325531 0.108037 -0.157162 0.131229 -0.210747 0.141636 -0.100191 -0.169634 -0.442856 -0.361463 1.000000 0.624446 -0.117421 0.084660 0.012631 0.013953 0.156111 0.015780 -0.058008 -0.277933 -0.522159 -0.464591 -0.297043 -0.045955 -0.229988 -0.081801 0.318350 0.082562 -0.279435 -0.415348 -0.015028 0.136429 -0.203917 -0.067162 -0.136168 -0.148490 -0.286573 -0.596091 0.153051 0.037068 -0.246703 -0.055967 -0.112976 -0.132080 0.342870 0.258766 -0.188038 -0.189487 -0.192580 -0.298883 0.321846 0.028138 0.309788 0.398913 0.699218 0.435126 0.194415 0.307130 0.230029 -0.032501 0.628656 0.527060 0.643403 0.370924 0.087501 0.117620 0.067939 0.084149 -0.266133 -0.371404 -0.389106 -0.416481 -0.106231 -0.100580 -0.088514 -0.285273 0.475495 -0.188646 -0.480607 -0.288155 -0.181328 -0.230257 -0.052389 0.273396 0.219042 0.241868 -0.269261 -0.116208 0.234336 0.206620 -0.313684 0.285875 -0.577765 -0.344659 -0.132858 0.053467 0.188110 -0.028294
0.093102 0.392588 -0.488445 0.028243 0.127494 0.174884 -0.439931 -0.005620 0.138401 0.400505 -0.196052 0.027851 -0.209050 0.348220 0.042995 0.492007 0.228837 0.668193 0.143643 0.396370 -0.110433 0.026693 -0.398800 -0.210277 -0.315987 -0.249953 -0.338016 -0.209841 0.624446 1.000000 -0.283735 -0.192016 0.087007 -0.098437 0.173357 0.175178 0.316724 -0.004892 -0.506558 -0.595916 -0.012350 0.291737 0.135377 0.307498 0.278084 0.259211 0.124453 -0.152660 -0.131475 0.193329 -0.163111 0.001429 -0.158346 -0.249240 -0.351584 -0.610751 0.216408 0.265821 -0.325649 0.045075 -0.312591 -0.168921 0.251269 0.273596 -0.525061 -0.363736 -0.165727 -0.360261 0.391705 -0.053119 0.232263 0.094381 0.652125 0.716196 0.224018 0.058668 0.425562 -0.118447 0.642925 0.718276 0.585372 0.712492 0.255493 0.072710 0.118683 0.450848 -0.350534 -0.598233 -0.447401 -0.634687 -0.339957 -0.376235 -0.201650 -0.493435 0.464279 -0.448563 -0.517252 -0.123714 -0.160424 -0.289265 -0.074636 0.192202 0.134111 0.270484 -0.109153 0.028960 0.261008 0.266588 -0.532270 0.275463 -0.351501 -0.212364 -0.139778 0.066221 -0.019715 -0.170473
-0.069949 -0.062099 0.374523 0.187183 -0.188388 0.063219 0.290916 0.273229 -0.149226 0.032513 0.101343 0.331951 0.165294 -0.002116 -0.130702 -0.188307 -0.164345 -0.243489 0.122286 -0.317753 0.106278 0.301068 0.479766 0.445752 0.454634 0.442762 0.135931 -0.002021 -0.117421 -0.283735 1.000000 0.827752 0.123855 0.490486 0.141807 -0.131243 -0.302662 -0.167924 0.105688 0.317352 -0.252498 -0.260612 -0.108747 -0.173295 -0.075526 -0.069002 -0.108565 0.067536 0.061329 -0.046352 -0.041042 -0.086862 -0.171093 0.111184 -0.177786 0.215888 -0.084292 -0.175393 -0.236226 -0.433467 -0.025109 0.178857 -0.116579 -0.090070 0.368904 0.483991 -0.332794 0.143865 -0.361818 -0.315946 0.098856 0.387469 -0.087248 -0.187398 0.115321 0.344877 -0.134572 0.449975 -0.264401 -0.428427 -0.166783 -0.431138 -0.335308 -0.031224 -0.072981 -0.272121 0.298327 0.299980 0.138248 0.224977 0.053615 -0.019116 -0.064632 0.134978 -0.223609 0.387513 0.313209 -0.027334 0.198736 0.143612 0.149358 0.179096 -0.158339 -0.374935 -0.287915 -0.472873 -0.469582 -0.539855 0.285722 -0.004346 0.095599 0.106431 -0.075431 -0.176458 -0.115201 -0.231826
-0.117678 -0.053535 0.174038 0.256578 -0.158473 0.118387 0.213923 0.425745 -0.194465 0.126020 0.107129 0.417066 0.233272 0.117384 -0.242953 -0.167982 0.001873 -0.190477 -0.011643 -0.330628 0.025764 0.264134 0.287786 0.605647 0.279998 0.344827 -0.028440 -0.124246 0.084660 -0.192016 0.827752 1.000000 0.142719 0.637771 0.168661 -0.113384 -0.277587 -0.341331 0.089653 0.331546 -0.332517 -0.309671 -0.266680 -0.313471 -0.055396 -0.075103 -0.208655 0.013079 -0.020025 -0.072043 -0.185373 -0.196030 -0.207916 0.089251 -0.205900 0.147758 -0.003640 -0.151255 -0.280389 -0.378854 0.073992 0.258825 0.084368 0.055143 0.357257 0.498564 -0.356107 0.167370 -0.355446 -0.223602 0.075108 0.433343 0.038612 -0.161287 0.081063 0.429341 -0.065458 0.561886 -0.186286 -0.428385 -0.019264 -0.420204 -0.386183 0.104306 -0.185463 -0.270724 0.158946 0.288007 0.043470 0.226354 0.159762 -0.090708 -0.048432 0.068357 -0.278907 0.490221 0.180149 -0.124140 0.163879 0.100426 0.202580 0.210124 -0.050071 -0.395741 -0.340934 -0.555802 -0.562634 -0.598071 0.367656 0.020433 -0.027281 0.076214 -0.081576 -0.187151 -0.157442 -0.188567
0.208441 0.329507 -0.099029 0.027109 -0.253318 -0.180051 0.073821 -0.075196 -0.306057 -0.175738 -0.190372 -0.228303 -0.036032 -0.172461 -0.203904 0.020088 0.116113 -0.128899 0.090344 0.501551 -0.001813 -0.090730 -0.092346 -0.048493 -0.295968 -0.195035 -0.141281 0.015003 0.012631 0.087007 0.123855 0.142719 1.000000 0.599128 -0.015190 -0.021700 0.091513 0.228403 0.301739 0.255008 0.311689 0.136136 -0.015333 -0.041204 -0.145152 -0.024030 -0.031832 0.108703 -0.205886 -0.044814 -0.350221 -0.205405 -0.092443 0.064662 0.080270 0.253680 0.419876 0.331675 -0.050452 0.059699 0.139000 0.035872 0.354476 0.226900 -0.128878 -0.262045 0.136663 -0.045940 0.286235 0.229500 -0.133596 -0.202755 0.144423 0.156055 0.082600 0.185550 0.422559 0.335297 -0.065411 -0.058368 0.009340 0.080287 0.050227 0.387539 -0.155472 -0.086597 0.144343 0.005140 -0.109542 -0.029821 -0.425594 -0.452497 -0.382908 -0.377782 -0.374003 0.110096 0.137422 0.010948 0.164758 0.074395 -0.181629 -0.008781 -0.042213 -0.348974 -0.092114 -0.207257 -0.456641 -0.380793 0.064727 -0.263161 0.193670 0.267632 -0.095112 -0.127612 -0.354612 -0.265632
0.080611 0.266498 0.009940 0.149153 -0.182999 -0.071882 0.306330 0.284903 -0.131501 0.096949 0.124928 0.180755 0.298535 0.087287 -0.219381 -0.142870 0.153871 -0.124323 -0.056475 0.118739 -0.006745 -0.033406 0.105572 0.308885 -0.105671 -0.032218 -0.191859 -0.119929 0.013953 -0.098437 0.490486 0.637771 0.599128 1.000000 0.014533 -0.028672 -0.111904 -0.217213 0.217476 0.400781 -0.070814 -0.154553 -0.362895 -0.357888 -0.240305 -0.254699 -0.223658 0.031152 -0.240766 -0.216302 -0.422646 -0.439339 -0.088744 0.105124 -0.131924 0.174583 0.296651 0.226445 -0.147035 -0.256360 0.270358 0.330250 0.336272 0.332763 0.220479 0.175890 -0.282109 0.020677 -0.084975 0.115373 -0.083715 0.136292 0.183198 -0.073781 0.118421 0.352213 0.074642 0.543496 -0.137802 -0.301564 0.082936 -0.102626 -0.303423 0.254533 -0.290759 -0.310028 0.214531 0.247411 0.059931 0.176471 -0.011963 -0.284590 -0.188600 -0.103327 -0.435568 0.462504 0.124521 -0.080225 0.241752 0.068778 0.021003 0.077651 -0.075198 -0.517664 -0.264499 -0.486757 -0.623733 -0.606081 0.381197 -0.159465 0.057668 0.328607 -0.076072 -0.191758 -0.316876 -0.207465
-0.408888 -0.207601 -0.050641 0.416970 0.085030 0.360289 -0.215174 0.090642 -0.048550 0.068068 -0.139721 0.146280 -0.107399 0.046402 0.028297 0.194190 -0.085687 0.067120 -0.174475 -0.250141 -0.294430 0.132449 0.143953 0.328650 0.270442 0.461360 0.004152 0.070780 0.156111 0.173357 0.141807 0.168661 -0.015190 0.014533 1.000000 0.660800 -0.059776 -0.059915 -0.283148 -0.330811 -0.209968 -0.060834 0.109441 0.173280 0.402396 0.574179 -0.060832 -0.251371 -0.091358 0.061040 0.191516 -0.054453 -0.444775 -0.339702 -0.298631 -0.363398 -0.348400 -0.160722 -0.350438 -0.087232 -0.308493 -0.232799 -0.096643 -0.107431 0.265899 0.226937 0.131890 0.498788 -0.144313 -0.341424 -0.104404 0.100228 -0.040836 0.097172 -0.185099 0.061203 0.024776 -0.076110 0.144977 0.245680 0.041369 0.057723 0.129509 -0.089841 0.338993 0.271216 -0.145689 -0.224307 -0.218230 -0.236367 -0.131699 -0.071912 0.136141 -0.024504 0.327426 -0.195086 -0.132355 -0.198359 -0.344978 -0.385114 0.044544 -0.059351 0.068106 0.121859 -0.143599 -0.145858 0.089064 0.040221 -0.327390 0.122785 -0.169452 -0.313414 -0.143141 -0.033387 0.163354 -0.283699
-0.355751 -0.187720 -0.150572 0.464746 0.173788 0.471636 -0.332763 -0.050436 -0.054173 0.019320 -0.197771 -0.047461 -0.117563 -0.055723 0.074598 0.243795 -0.127284 -0.055522 -0.227980 -0.026083 -0.210314 -0.071027 0.063658 0.108961 0.156182 0.424737 0.148054 0.257662 0.015780 0.175178 -0.131243 -0.113384 -0.021700 -0.028672 0.660800 1.000000 0.003683 0.094627 -0.313163 -0.484127 0.037007 0.121380 0.182791 0.318131 0.387223 0.583712 -0.018555 -0.211203 -0.136421 0.009760 0.218515 -0.075926 -0.305964 -0.429500 -0.248233 -0.435905 -0.288727 -0.137460 -0.191515 0.035006 -0.306167 -0.362251 -0.030252 -0.182427 0.063859 0.089392 0.229852 0.529187 0.022525 -0.093173 -0.267576 -0.189340 -0.079256 0.112034 -0.228640 -0.176505 0.074328 -0.236259 0.158406 0.339767 -0.036390 0.199000 0.359353 -0.046475 0.321421 0.369241 -0.128231 -0.307804 -0.199197 -0.306080 -0.095101 -0.096398 0.170656 -0.122935 0.408886 -0.424816 -0.270922 -0.182561 -0.429975 -0.481693 -0.007494 -0.226797 -0.146826 0.163456 0.081216 0.066136 0.297604 0.273143 -0.395114 -0.086141 -0.108935 -0.322518 -0.177220 0.017043 0.184623 -0.255390
