1.000000 0.432783 -0.132404 -0.455919 -0.145055 -0.294178 0.331524 -0.032933 0.162556 0.027935 0.313539 0.199617 0.492377 0.300204 -0.171572 -0.232460 0.323865 0.144485 0.156825 0.083836 -0.147282 -0.316312 -0.281732 -0.356470 -0.406649 -0.331731 -0.276183 -0.238565 0.396408 0.182632 -0.316300 -0.225028 0.440552 0.394439 -0.270107 -0.408655 0.146954 -0.258994 -0.233099 -0.225588 0.121922 -0.057781 -0.038457 -0.160741 -0.061865 -0.271127 -0.120750 -0.388404 -0.005091 -0.097405 -0.215723 -0.172402 0.189452 -0.172920 -0.135278 -0.162458 0.661363 0.191957 0.389960 -0.048942 0.500048 0.436781 0.449770 0.491176 -0.061044 0.023970 0.042113 -0.452285 0.271536 -0.073918 -0.079493 -0.288141 0.398601 0.078880 0.244687 0.124120 0.162876 -0.177660 0.289322 0.138168 0.340101 0.308684 0.060241 0.097872 -0.227142 -0.131231 0.090846 -0.176039 -0.112738 -0.141393 -0.159288 -0.282882 -0.254859 -0.147999 0.088031 0.001735 -0.172238 -0.113124 -0.050068 -0.017400 -0.014960 0.229323 0.064602 -0.060477 -0.256378 -0.285709 -0.102318 -0.034265 0.108249 -0.160131 -0.435209 -0.290271 -0.075471 -0.079155 -0.048842 0.005771
0.432783 1.000000 -0.437700 -0.209635 -0.132479 -0.209691 -0.125468 0.008904 0.139665 0.099835 0.036365 0.183935 0.048359 0.415874 -0.141926 0.030808 0.124492 0.135367 0.094063 0.347933 -0.079463 -0.202450 -0.432927 -0.445637 -0.288866 -0.285396 -0.296028 -0.297876 0.172153 0.217005 -0.370521 -0.412624 0.280639 0.182952 -0.256602 -0.347682 0.099998 0.073787 -0.205535 -0.023333 0.260335 -0.063474 0.062606 -0.002339 -0.251948 -0.280840 0.133589 -0.109936 -0.259915 -0.092747 -0.241183 0.063681 0.333819 0.095782 0.041401 -0.037489 0.379357 0.554809 0.337770 0.319328 0.138528 0.611179 0.226097 0.349865 -0.392346 0.024166 0.052490 -0.263050 0.388995 0.366938 0.000673 -0.138450 0.174149 0.095615 0.290222 0.004422 0.169327 0.133996 0.099761 0.129265 0.218949 0.281475 -0.153975 0.066232 -0.246509 -0.010824 -0.214309 -0.314927 -0.219179 0.134518 -0.094180 -0.289842 -0.206545 -0.337880 -0.087003 -0.175623 -0.107372 -0.304667 -0.042543 0.104438 0.128172 -0.077274 0.407979 -0.229935 -0.011460 -0.275939 0.005772 0.133820 -0.047287 -0.131879 -0.287870 -0.134338 0.223972 -0.162496 -0.373208 -0.320323
-0.132404 -0.437700 1.000000 0.274671 0.072666 0.282134 0.504107 -0.075703 0.069850 -0.356517 0.132661 -0.205591 0.117343 -0.495785 0.402372 -0.232302 -0.514380 -0.446207 0.332864 -0.359475 -0.118517 0.273706 0.785588 0.438926 0.509782 0.539566 0.558472 0.624132 -0.460901 -0.615792 0.420704 0.232691 0.002987 -0.063773 0.339620 0.211893 -0.186059 -0.259607 0.101386 -0.022399 -0.308338 -0.164706 -0.012760 0.025709 0.287843 0.095931 -0.076915 0.052791 0.285813 -0.032755 0.378745 0.042462 -0.235753 -0.103177 0.145195 0.111967 -0.440844 -0.388130 -0.208351 -0.230625 0.094237 -0.425965 -0.271728 -0.315262 0.525870 -0.014171 0.080834 0.257412 -0.242195 -0.151438 -0.188902 -0.186202 -0.434106 -0.318662 -0.334393 -0.159977 -0.275560 -0.374836 -0.194237 -0.405621 -0.500452 -0.581148 -0.025704 -0.423252 0.358448 -0.110052 0.408442 0.318612 0.586888 0.011872 0.051993 0.371604 0.122210 0.546121 0.142626 -0.091095 0.427117 0.057520 0.047787 -0.156209 -0.171468 0.035255 -0.464722 0.016253 -0.082751 -0.060147 -0.130703 -0.117740 0.027721 -0.081191 0.170418 -0.098286 -0.250845 -0.246760 -0.146339 -0.126660
-0.455919 -0.209635 0.274671 1.000000 0.218344 0.412863 0.048550 0.503338 -0.044195 0.096930 -0.237097 0.032333 -0.268987 -0.186771 0.276178 0.265504 -0.336528 -0.240092 0.147632 0.002322 0.021959 0.262974 0.389008 0.611164 0.278383 0.215663 0.249119 0.285376 -0.365572 -0.269607 0.388886 0.299359 -0.103191 -0.033297 0.043677 0.144327 -0.227239 0.026521 0.180963 0.238675 -0.228659 0.043371 -0.213480 -0.196591 -0.156468 -0.043481 -0.172308 -0.098256 -0.134658 -0.066926 0.019592 -0.024944 -0.397038 0.031269 -0.062632 0.081889 -0.357410 -0.332016 -0.392698 -0.173560 -0.257277 -0.204488 -0.326234 -0.334584 0.271832 0.147494 -0.258025 0.192830 -0.299081 -0.156013 -0.157533 0.069617 -0.330533 -0.203092 -0.148976 -0.048853 -0.304404 -0.147495 -0.121941 -0.318891 -0.387168 -0.482356 -0.040400 0.160491 0.091330 0.051096 0.114298 0.371868 0.189444 0.254053 0.257884 0.303360 0.495528 0.204106 0.092048 0.046544 0.065103 0.030224 -0.019692 0.067707 -0.024309 -0.262511 -0.286307 -0.176647 0.116959 -0.076941 -0.144010 -0.187060 0.090445 0.027889 0.067591 0.136452 0.093096 -0.014032 -0.016149 -0.187450
-0.145055 -0.132479 0.072666 0.218344 1.000000 0.221180 0.323701 0.403679 0.412108 0.424428 -0.267724 -0.147121 0.048661 0.124181 0.003626 0.115948 -0.102793 -0.091173 0.181865 0.197488 0.218670 -0.346889 -0.093009 -0.082086 -0.011819 -0.280059 0.166387 -0.118247 0.018060 0.115252 -0.092131 -0.098598 -0.178251 -0.088428 -0.207563 -0.053880 -0.170336 -0.179545 -0.119224 -0.061585 -0.142409 -0.058358 -0.145168 -0.133746 -0.106240 -0.071198 0.031041 -0.053809 -0.056031 0.104229 -0.237252 -0.064238 -0.058262 0.041947 -0.089468 -0.059466 -0.251491 -0.326681 -0.075682 0.096985 0.057095 0.112214 -0.113209 -0.134821 0.201495 0.138309 -0.107427 0.070106 -0.256898 -0.066263 0.086317 0.064122 -0.000390 0.011652 -0.187713 -0.052218 -0.217469 -0.059713 -0.093679 -0.142894 -0.212803 -0.121785 0.001548 0.079207 -0.196083 -0.195272 -0.203072 -0.254317 0.181154 0.176145 0.197322 0.187086 0.202717 -0.033280 -0.085203 -0.055730 -0.253097 -0.086543 -0.139980 -0.039935 -0.006205 -0.014557 0.049064 -0.078634 0.161453 0.142149 -0.071258 -0.005602 -0.128631 0.110552 -0.193815 0.102649 0.163285 -0.024006 0.003412 0.135248
-0.294178 -0.209691 0.282134 0.412863 0.221180 1.000000 -0.157889 0.034166 -0.141324 0.176687 -0.082615 -0.053604 -0.302218 -0.336570 0.197429 0.305282 -0.410674 -0.343695 -0.088173 -0.193179 0.318085 0.431719 0.302739 0.147775 0.380008 0.419091 0.492912 0.570701 -0.525312 -0.321439 0.126995 0.032756 -0.279221 -0.331679 0.279428 0.404099 -0.196886 0.179836 0.376714 0.397325 -0.043635 0.070765 -0.027408 0.012635 0.097338 0.304473 -0.010342 0.100021 0.038664 0.214015 0.183869 0.148864 -0.121492 0.192288 0.218555 0.222418 -0.263425 -0.262329 -0.182065 -0.047580 -0.201847 -0.350078 -0.534884 -0.453030 0.102034 0.162774 -0.060994 0.351605 -0.044852 -0.008437 -0.015478 0.105246 -0.442718 -0.138268 -0.291721 -0.174811 -0.320382 -0.074700 -0.317604 -0.308211 -0.400496 -0.375250 0.021559 -0.109614 0.261802 0.133233 0.173313 0.347430 0.332812 0.434740 0.034321 0.028434 0.200279 0.019711 0.014141 0.044008 0.156640 0.082926 -0.016075 0.084945 -0.062654 -0.372870 -0.339885 -0.132031 0.231753 0.182427 -0.153493 -0.061221 -0.022839 0.153461 0.348722 0.171226 -0.005959 -0.237181 -0.081698 0.008583
0.331524 -0.125468 0.504107 0.048550 0.323701 -0.157889 1.000000 0.333536 0.319284 -0.114359 0.137758 -0.017179 0.537332 0.073189 -0.025335 -0.225340 -0.031467 -0.104225 0.395584 -0.060066 -0.265776 -0.316117 0.194375 0.069008 -0.154040 -0.189489 0.020249 -0.043921 0.102162 -0.126393 0.056969 0.018273 0.336142 0.392967 -0.181260 -0.169707 -0.002335 -0.456440 -0.185698 -0.232288 -0.164180 -0.135289 -0.067524 -0.102847 0.125390 -0.057900 -0.113358 -0.294462 0.201938 0.071936 -0.125909 -0.172959 -0.156406 -0.223481 -0.170231 -0.100209 -0.070484 -0.209025 -0.114010 -0.202221 0.377204 0.017721 0.179762 0.103067 0.467848 0.052058 -0.007106 -0.175670 -0.187416 -0.230965 -0.142104 -0.294674 0.125948 -0.115927 -0.068416 -0.013920 -0.169842 -0.490532 0.149675 -0.176301 -0.085471 -0.139275 -0.020698 -0.089544 -0.154079 -0.222742 0.167040 -0.130572 0.287135 -0.121023 -0.004089 0.152186 0.024193 0.257637 0.203035 -0.123657 -0.014831 0.027319 -0.007082 -0.131589 -0.103543 0.321860 -0.093222 -0.034982 -0.222262 -0.350364 -0.179108 -0.247915 0.017008 -0.180294 -0.339498 -0.174006 -0.061560 -0.097461 -0.126126 -0.099291
-0.032933 0.008904 -0.075703 0.503338 0.403679 0.034166 0.333536 1.000000 0.136190 0.413709 -0.280931 0.140120 -0.076648 0.299110 -0.140440 0.122379 -0.078974 -0.139472 0.072331 -0.019687 -0.128724 -0.111921 -0.112666 0.136931 -0.065126 -0.139959 -0.134852 -0.214472 -0.040461 -0.012844 0.052493 0.172228 0.068026 0.289309 -0.272344 -0.144608 -0.093979 -0.231161 -0.060668 0.075693 -0.147312 -0.081201 -0.224421 -0.175189 -0.219811 -0.234237 -0.305713 -0.170596 -0.174860 -0.110757 -0.365182 -0.225853 -0.363199 -0.246655 -0.302392 -0.125163 -0.050972 -0.287213 -0.159669 -0.145509 0.172568 0.184587 -0.044131 -0.022627 0.331386 0.459493 -0.179573 -0.022818 -0.213228 -0.198241 -0.127201 0.030638 -0.064109 -0.071499 -0.071340 -0.026395 -0.296587 -0.188252 0.064501 -0.235450 -0.135701 -0.208313 -0.146206 0.096593 -0.297049 -0.182920 -0.109276 -0.002533 0.052266 0.173511 0.216873 0.209606 0.501957 0.018403 0.067617 0.026597 -0.150519 0.100741 -0.151120 0.037234 0.139756 0.092423 0.075716 -0.061860 0.019029 -0.175740 -0.081138 -0.183386 0.067205 -0.055708 -0.188586 0.002144 0.110700 0.055850 0.060616 0.019295
0.162556 0.139665 0.069850 -0.044195 0.412108 -0.141324 0.319284 0.136190 1.000000 0.257858 0.090985 0.012439 0.316063 0.358881 0.119426 0.130407 -0.028826 0.045047 0.273208 0.150936 0.277838 -0.178016 -0.150725 -0.295235 -0.184337 -0.216724 0.157132 -0.141259 0.238341 0.250407 -0.172424 -0.190363 -0.070818 -0.084401 -0.288850 -0.398073 -0.066716 -0.218089 -0.304352 -0.282698 -0.074672 0.049274 0.084770 -0.011360 -0.111540 -0.236081 0.263292 -0.092150 -0.039994 0.032927 -0.014212 0.162814 0.087081 0.171480 -0.005683 0.006304 -0.108248 -0.224103 -0.033764 -0.134745 0.084174 0.171706 -0.081225 -0.135300 0.110840 0.001133 -0.273933 -0.369478 0.028136 -0.077670 0.203881 0.057621 0.222220 0.230683 0.115342 0.145213 0.199978 0.051482 0.010405 -0.034447 -0.008968 0.037508 -0.116376 0.095708 -0.191789 -0.033164 -0.106582 -0.274815 0.120257 0.049203 0.144192 0.151550 -0.130246 -0.063012 -0.058804 -0.211312 -0.052962 -0.337039 0.013049 -0.167860 -0.041750 0.167574 0.052889 -0.184493 -0.034170 -0.058614 0.099505 0.070160 -0.179263 -0.070339 -0.309915 0.002238 0.172763 -0.021370 -0.178069 -0.053991
0.027935 0.099835 -0.356517 0.096930 0.424428 0.176687 -0.114359 0.413709 0.257858 1.000000 -0.026241 0.208867 -0.066660 0.361307 -0.077608 0.403944 -0.002566 -0.020660 0.005348 0.213696 0.249293 -0.100304 -0.392820 -0.232548 -0.088733 -0.226389 -0.154760 -0.344420 0.144275 0.378385 -0.170042 -0.044584 -0.252153 -0.123784 -0.234580 -0.184875 -0.043340 -0.040607 -0.208897 -0.077442 0.088534 0.000050 -0.177802 -0.203557 -0.170075 -0.176768 0.003785 -0.139297 -0.111464 -0.166207 -0.242252 -0.037973 0.065589 0.077156 -0.169937 -0.200959 -0.091613 -0.299370 0.094636 -0.015125 -0.014382 0.186213 -0.109166 -0.143200 -0.082171 0.304981 -0.304440 -0.085975 0.003189 -0.106137 0.140989 0.203113 0.062061 0.228343 0.120068 0.217042 0.028438 0.257264 -0.079751 -0.072344 0.034196 0.128425 0.011159 0.327484 -0.107411 0.104238 -0.220757 -0.039419 -0.098795 0.106960 0.136790 -0.079623 0.105455 -0.316312 -0.310738 -0.004797 -0.345364 -0.243361 -0.080414 0.016923 0.078296 -0.108089 0.082352 -0.184019 0.108722 0.159206 0.042180 0.206052 -0.104428 -0.010255 -0.274782 0.077832 0.172435 0.023868 0.067239 0.187208
0.313539 0.036365 0.132661 -0.237097 -0.267724 -0.082615 0.137758 -0.280931 0.090985 -0.026241 1.000000 0.487269 0.649835 0.276557 0.154148 0.037171 -0.000683 0.163943 -0.125104 -0.281004 -0.104250 0.017209 0.012064 -0.078025 -0.183164 -0.039474 0.057805 0.026513 0.216411 0.029953 -0.039359 0.009321 -0.090181 -0.113225 0.096328 -0.124611 0.034593 -0.342602 -0.292781 -0.380395 -0.055287 -0.216914 0.077863 0.034989 0.262736 0.017121 0.009770 -0.242236 0.401397 0.050626 0.432767 0.284512 0.122760 -0.033585 -0.069555 -0.180124 -0.126044 -0.163973 0.251151 -0.267688 0.199463 -0.079799 0.048510 -0.141123 -0.007618 0.102317 -0.164780 -0.260425 0.209173 -0.149564 -0.000243 -0.108415 0.232117 0.130809 0.203667 0.161305 0.148631 -0.180291 0.027650 -0.023848 0.150775 0.080432 0.042686 0.089015 0.286148 0.213125 0.133278 0.143419 -0.058825 -0.156383 -0.093215 -0.176038 -0.277222 0.050726 0.029708 -0.122580 0.042232 -0.062856 0.031140 -0.398388 -0.042928 0.282256 -0.057945 0.024393 -0.252533 -0.092758 0.103603 0.012505 -0.046108 -0.350320 -0.246340 -0.400183 -0.202254 -0.067673 0.052713 -0.034106
0.199617 0.183935 -0.205591 0.032333 -0.147121 -0.053604 -0.017179 0.140120 0.012439 0.208867 0.487269 1.000000 0.392082 0.573104 0.110404 0.235190 0.112636 0.372636 -0.187006 -0.010930 -0.041113 -0.047770 -0.166159 0.011103 -0.169095 -0.186268 -0.182214 -0.288201 0.289917 0.306851 -0.002639 0.035025 -0.108745 -0.057565 -0.058041 -0.234189 0.076500 -0.160344 -0.205444 -0.120092 -0.082499 -0.183790 0.096060 -0.060287 -0.047653 -0.041593 0.101362 -0.224053 0.003321 -0.026733 0.202325 0.053174 -0.232674 0.001920 -0.315594 -0.121788 -0.017819 -0.201829 -0.110648 -0.472521 -0.084312 -0.024509 -0.061424 -0.185550 -0.031269 0.255502 -0.526998 -0.336961 0.122923 -0.258742 0.007233 -0.027608 0.220507 0.175498 0.268131 0.209375 0.103956 -0.035980 0.084984 0.070317 0.214909 0.174803 0.091091 0.477023 0.201073 0.432694 0.072045 0.234331 -0.350241 -0.204342 0.171192 -0.091379 0.093899 -0.066235 0.057321 0.083894 -0.093485 0.030462 0.128808 -0.053752 0.086513 0.082101 0.021101 -0.171340 -0.311278 -0.272945 0.001293 -0.113018 0.147387 -0.257694 -0.237353 -0.141208 0.034036 0.112664 0.098469 -0.022642
0.492377 0.048359 0.117343 -0.268987 0.048661 -0.302218 0.537332 -0.076648 0.316063 -0.066660 0.649835 0.392082 1.000000 0.439243 -0.012886 -0.133443 0.274272 0.341401 0.032128 -0.136211 -0.208265 -0.346471 -0.104097 -0.157283 -0.319694 -0.369953 -0.087126 -0.279865 0.521031 0.209051 -0.099795 -0.080680 0.076546 0.123388 -0.062221 -0.158124 0.060795 -0.452753 -0.454799 -0.510274 -0.129702 -0.233908 0.054923 -0.019608 0.209247 -0.002207 -0.058377 -0.422389 0.310570 0.085555 0.127805 -0.019812 -0.062919 -0.275423 -0.288602 -0.338892 0.028407 -0.137890 0.118873 -0.236069 0.400122 0.040178 0.412921 0.151387 0.156344 -0.017726 -0.089984 -0.380795 0.128021 -0.210075 0.063849 -0.176348 0.547839 0.205869 0.217231 0.232209 0.187746 -0.267966 0.299033 0.136219 0.309461 0.294656 0.028648 0.130340 -0.056967 -0.044714 0.023988 -0.124402 -0.143313 -0.411649 -0.140763 -0.156211 -0.191664 0.029108 0.004965 -0.210955 -0.164646 -0.196628 -0.139095 -0.367120 -0.011725 0.423568 0.026027 -0.015546 -0.432373 -0.222999 0.109603 -0.128352 -0.020194 -0.460482 -0.465074 -0.404607 -0.118169 0.011241 0.088667 0.002522
0.300204 0.415874 -0.495785 -0.186771 0.124181 -0.336570 0.073189 0.299110 0.358881 0.361307 0.276557 0.573104 0.439243 1.000000 -0.176213 0.226568 0.317856 0.499636 -0.110107 0.118983 -0.098810 -0.374066 -0.509649 -0.399797 -0.396956 -0.545574 -0.353792 -0.568931 0.557212 0.587044 -0.293580 -0.181322 -0.093571 0.048008 -0.310373 -0.412177 0.074801 -0.307829 -0.468344 -0.346101 -0.037386 -0.153371 0.059142 -0.060178 -0.133997 -0.202873 0.056890 -0.377514 -0.044029 0.009358 -0.065291 0.077072 0.076607 -0.029514 -0.261391 -0.267312 0.133497 -0.038125 0.188744 -0.085754 0.172438 0.414123 0.247453 0.155999 -0.142467 0.269471 -0.276560 -0.525277 0.161870 -0.094960 0.152144 0.042610 0.504356 0.403660 0.420816 0.264286 0.254527 0.031893 0.268064 0.231015 0.397911 0.426420 -0.163408 0.345416 -0.217500 0.059609 -0.296392 -0.257718 -0.369653 -0.045723 0.067118 -0.244322 -0.013043 -0.340718 -0.127999 -0.135962 -0.330030 -0.235097 -0.062544 -0.187266 0.208409 0.249876 0.350050 -0.164156 -0.260685 -0.225650 0.208752 0.012585 -0.048874 -0.351734 -0.519449 -0.234975 0.122505 0.038810 0.071190 -0.011608
-0.171572 -0.141926 0.402372 0.276178 0.003626 0.197429 -0.025335 -0.140440 0.119426 -0.077608 0.154148 0.110404 -0.012886 -0.176213 1.000000 0.278307 -0.404454 -0.112279 0.186623 -0.054415 0.108256 0.196969 0.577090 0.446534 0.293089 0.242209 0.327895 0.265187 -0.148718 -0.083219 0.270495 0.125530 -0.239885 -0.316312 0.150922 -0.086697 -0.017829 -0.045167 0.113578 -0.027557 -0.136647 0.005715 -0.025145 -0.152442 0.033598 -0.093792 0.091474 -0.047977 0.070223 -0.101043 0.364581 0.142406 -0.094555 0.202881 0.117491 0.059182 -0.280329 -0.191015 -0.151020 -0.211997 -0.249015 -0.172023 -0.380497 -0.343919 0.167635 -0.067528 -0.262897 -0.052054 -0.037704 -0.111247 -0.074879 -0.071666 -0.211137 -0.059924 0.028784 0.057182 -0.013683 -0.028925 -0.291002 -0.223996 -0.371532 -0.376164 0.148879 0.133300 0.563452 0.155915 0.252670 0.317085 0.338939 0.086471 0.096852 0.181773 0.081973 0.183925 0.050681 -0.066046 0.133905 -0.061278 0.059262 -0.140999 -0.195231 -0.249524 -0.394951 -0.180927 -0.080443 -0.058269 -0.055708 -0.096210 0.019572 0.058354 0.088117 -0.081375 0.020679 -0.134955 -0.058681 -0.155008
-0.232460 0.030808 -0.232302 0.265504 0.115948 0.305282 -0.225340 0.122379 0.130407 0.403944 0.037171 0.235190 -0.133443 0.226568 0.278307 1.000000 -0.081834 0.155532 -0.162649 0.149523 0.315388 0.136588 -0.073702 -0.049998 -0.102519 -0.159733 0.009281 -0.095946 0.052625 0.383679 -0.174414 -0.097510 -0.288561 -0.295173 -0.239021 -0.187365 0.110908 0.246384 0.218191 0.161500 0.215899 0.263110 0.014482 -0.023192 -0.151309 -0.032192 0.237816 0.025460 -0.098016 0.153878 0.003919 0.130824 0.055582 0.338104 0.178457 0.121899 -0.177854 -0.126883 -0.216868 -0.154295 -0.366993 -0.019490 -0.305255 -0.314401 -0.288332 0.030079 -0.426866 -0.201001 0.023076 -0.029947 0.152539 0.148685 0.062319 0.233955 0.158883 0.099206 0.090339 0.271454 -0.093408 0.006281 -0.027086 0.052425 0.040763 0.452511 0.022119 0.169442 -0.186276 -0.013821 0.006770 0.220099 0.062274 -0.118105 0.047552 -0.310453 -0.035567 0.093846 -0.177615 -0.039183 0.023622 -0.035548 -0.124878 -0.357916 -0.117390 -0.187768 0.256548 0.138512 -0.055323 -0.137561 -0.113223 0.228101 0.017181 0.099624 0.125252 0.012394 0.076427 0.116655
0.323865 0.124492 -0.514380 -0.336528 -0.102793 -0.410674 -0.031467 -0.078974 -0.028826 -0.002566 -0.000683 0.112636 0.274272 0.317856 -0.404454 -0.081834 1.000000 0.634386 -0.154948 0.136000 -0.144965 -0.369761 -0.447084 -0.187522 -0.440896 -0.467077 -0.436895 -0.515796 0.767473 0.553227 -0.178601 -0.015482 0.175693 0.279209 -0.211424 -0.172540 0.223367 -0.008495 -0.244610 -0.244637 0.159581 0.067022 0.027810 -0.076152 -0.195241 -0.120491 -0.074533 -0.317095 -0.309887 0.070223 -0.304335 -0.309172 0.059408 -0.170303 -0.292630 -0.459924 0.525828 0.275884 0.043457 0.011056 0.194186 0.330885 0.693299 0.603137 -0.165450 -0.184206 -0.069193 -0.388052 0.049408 -0.198274 0.167901 0.080189 0.738393 0.347823 0.316224 0.186384 0.347619 0.058530 0.688319 0.546793 0.788517 0.709291 0.081630 0.233204 -0.258868 0.029305 -0.160474 -0.362315 -0.574189 -0.338134 -0.302032 -0.386600 -0.258100 -0.334230 -0.013472 0.087330 -0.469683 -0.084091 -0.206405 -0.097393 -0.081330 0.074050 0.235653 0.114365 -0.077746 -0.161239 -0.022130 -0.070968 0.067768 -0.125668 -0.281045 -0.115990 -0.058374 0.323197 0.298020 0.203280
0.144485 0.135367 -0.446207 -0.240092 -0.091173 -0.343695 -0.104225 -0.139472 0.045047 -0.020660 0.163943 0.372636 0.341401 0.499636 -0.112279 0.155532 0.634386 1.000000 -0.149324 0.112738 0.006605 -0.245689 -0.364594 -0.271095 -0.321306 -0.468351 -0.324479 -0.531386 0.717914 0.743912 -0.226201 -0.173052 -0.103143 -0.097632 -0.124458 -0.257222 0.313518 0.083637 -0.190228 -0.198719 0.089974 0.082959 0.258497 0.067020 -0.188238 -0.038663 0.248576 -0.269468 -0.240888 0.208377 0.060406 -0.078845 0.022762 0.049792 -0.178483 -0.246866 0.271324 0.213959 -0.155290 -0.162034 -0.142036 0.084676 0.321023 0.215659 -0.297723 -0.274969 -0.369318 -0.598107 0.138220 -0.183700 0.390459 0.246162 0.710704 0.620605 0.489474 0.370644 0.501496 0.199708 0.507691 0.664625 0.695482 0.758761 0.008809 0.406886 -0.035844 0.240448 -0.228706 -0.224839 -0.546462 -0.288461 -0.148760 -0.353413 -0.159963 -0.315659 -0.002635 0.005488 -0.361713 -0.099459 0.055915 -0.069907 0.057133 0.066885 0.189741 -0.078429 -0.292086 -0.187335 0.028480 -0.213261 -0.017975 -0.145564 -0.233414 -0.074427 0.083938 0.144757 0.181898 0.076136
0.156825 0.094063 0.332864 0.147632 0.181865 -0.088173 0.395584 0.072331 0.273208 0.005348 -0.125104 -0.187006 0.032128 -0.110107 0.186623 -0.162649 -0.154948 -0.149324 1.000000 0.353834 -0.084243 -0.071242 0.144073 0.034082 0.089524 -0.005640 0.057933 0.050458 -0.017216 -0.142348 0.063858 -0.090768 0.157647 0.062284 -0.034843 -0.237440 -0.044007 -0.030035 -0.059275 0.037237 -0.057789 0.055304 -0.021377 -0.167855 -0.087531 -0.205304 0.047335 -0.087935 -0.066191 -0.101679 -0.044575 -0.151389 -0.008388 0.057947 -0.004678 -0.021690 0.003563 -0.007735 -0.115744 -0.079324 -0.002987 0.020238 -0.062127 -0.097543 0.198624 -0.211362 -0.025124 -0.129724 0.113191 0.121992 0.029614 -0.122370 -0.054034 -0.062515 0.107240 0.055616 -0.004648 -0.131557 0.007207 -0.105907 -0.122026 -0.154147 0.093529 -0.008979 -0.020016 -0.037151 0.101431 -0.041037 0.330376 0.041412 0.093516 0.219392 -0.005268 0.012171 -0.051918 -0.208823 -0.033784 -0.272480 0.084063 0.074544 -0.084154 -0.108489 -0.142083 -0.332479 -0.186665 -0.254278 -0.169603 -0.070798 0.031939 -0.014873 -0.159510 0.083848 0.101846 -0.251494 -0.319319 -0.262514
0.083836 0.347933 -0.359475 0.002322 0.197488 -0.193179 -0.060066 -0.019687 0.150936 0.213696 -0.281004 -0.010930 -0.136211 0.118983 -0.054415 0.149523 0.136000 0.112738 0.353834 1.000000 0.136719 -0.296504 -0.302629 -0.184604 -0.249352 -0.420003 -0.242053 -0.294833 0.174232 0.362215 -0.258916 -0.437679 0.257083 0.091810 -0.429343 -0.463399 0.040124 0.344905 0.117862 0.318719 0.321301 0.306476 -0.044229 -0.239359 -0.492473 -0.298910 0.251168 0.013636 -0.343904 -0.191823 -0.434087 -0.208990 0.145060 0.315784 0.122959 0.116911 0.192418 0.337078 -0.078270 0.132975 -0.238222 0.346025 0.040505 0.149409 -0.446128 -0.324883 -0.200620 -0.069349 0.014646 0.328481 0.006240 -0.074710 0.102634 0.012439 0.167879 0.003012 0.062105 0.183409 -0.091246 0.127132 0.051421 0.190597 0.388021 0.510303 -0.268665 0.100239 -0.103546 -0.198353 -0.071076 0.045778 0.277742 0.055923 -0.084580 -0.282027 0.130100 0.216159 -0.273188 -0.179141 0.271866 0.455474 -0.065002 -0.345760 0.155048 -0.349202 0.136936 -0.114617 -0.368771 0.088381 0.220511 0.440815 -0.192748 0.317357 0.496085 0.019534 -0.195831 -0.126293
-0.147282 -0.079463 -0.118517 0.021959 0.218670 0.318085 -0.265776 -0.128724 0.277838 0.249293 -0.104250 -0.041113 -0.208265 -0.098810 0.108256 0.315388 -0.144965 0.006605 -0.084243 0.136719 1.000000 0.102243 -0.086801 -0.138349 0.006916 -0.011566 0.385586 0.109004 -0.082945 0.185763 -0.177418 -0.155354 -0.244882 -0.376564 -0.159529 -0.117410 0.062055 0.195434 0.088801 0.164134 0.170905 0.365653 -0.075918 -0.061259 -0.065385 0.040855 0.150010 0.131002 0.018944 0.159399 0.069069 0.138230 0.107638 0.221443 0.013085 0.111241 -0.072065 -0.096321 -0.075316 0.020198 -0.372252 -0.125483 -0.339469 -0.262671 -0.294126 -0.017881 -0.274504 -0.032575 0.066058 0.140550 0.261212 0.125099 -0.048544 0.165942 -0.018344 0.062622 0.058941 0.232677 -0.196037 0.038935 -0.071644 0.054108 0.156507 0.276880 -0.129288 0.011753 -0.058782 0.086189 0.020660 0.107985 0.277848 0.111529 0.072701 -0.102951 0.028981 0.104975 -0.103660 -0.005646 0.138702 0.054470 0.037427 -0.131487 0.003142 -0.009206 0.244611 0.332346 -0.043362 0.077658 -0.041051 0.306291 0.047535 0.181531 0.178345 0.043344 -0.016126 0.234033
-0.316312 -0.202450 0.273706 0.262974 -0.346889 0.431719 -0.316117 -0.111921 -0.178016 -0.100304 0.017209 -0.047770 -0.346471 -0.374066 0.196969 0.136588 -0.369761 -0.245689 -0.071242 -0.296504 0.102243 1.000000 0.376240 0.252334 0.451468 0.678447 0.328252 0.512358 -0.399736 -0.331746 0.397759 0.364589 -0.102674 -0.165514 0.257186 0.247462 -0.101712 0.210854 0.409653 0.304021 0.052759 0.119296 0.070392 0.246907 0.007125 0.184313 0.052892 0.297341 -0.133564 -0.122922 0.224039 0.026477 -0.161655 0.061449 0.186843 0.222992 -0.194907 -0.108242 -0.237242 -0.268691 -0.273830 -0.439232 -0.454356 -0.380805 0.051348 -0.054315 -0.086074 0.166385 0.067850 -0.074546 -0.003737 0.148712 -0.387861 -0.040204 -0.119412 0.025634 0.045805 0.148134 -0.143322 -0.023014 -0.200990 -0.227500 0.039770 -0.243850 0.378198 0.207411 0.195598 0.441837 0.227386 0.121095 -0.127419 0.023896 0.011629 0.102695 0.075596 0.070833 0.430504 0.169280 0.043243 0.062299 -0.144937 -0.302098 -0.319097 -0.029242 0.184488 0.117423 -0.053863 0.003717 0.022378 0.067111 0.477331 0.086035 -0.081365 -0.045693 -0.014076 -0.083329
-0.281732 -0.432927 0.785588 0.389008 -0.093009 0.302739 0.194375 -0.112666 -0.150725 -0.392820 0.012064 -0.166159 -0.104097 -0.509649 0.577090 -0.073702 -0.447084 -0.364594 0.144073 -0.302629 -0.086801 0.376240 1.000000 0.709191 0.608531 0.590164 0.513966 0.602410 -0.469963 -0.507073 0.627437 0.436391 0.078796 0.006666 0.350103 0.210525 -0.149724 -0.106953 0.258784 0.158543 -0.238521 -0.041877 -0.113606 -0.107204 0.112531 0.042815 -0.152331 -0.021854 0.123908 -0.134395 0.325445 -0.029949 -0.236679 0.010561 0.210046 0.160619 -0.292523 -0.204762 -0.239652 -0.231794 -0.070516 -0.356512 -0.319993 -0.242246 0.378357 -0.086071 -0.009165 0.235582 -0.255545 -0.179220 -0.202969 -0.113976 -0.404547 -0.317649 -0.266234 -0.118222 -0.229705 -0.297436 -0.151664 -0.334353 -0.474041 -0.547377 0.112859 -0.268820 0.464521 -0.037391 0.517281 0.456475 0.497420 0.066569 0.023226 0.270370 0.205864 0.472161 0.289530 0.096425 0.402884 0.200010 0.030191 -0.070918 -0.261029 -0.173468 -0.485004 -0.019035 -0.049667 -0.193633 -0.198626 -0.252195 0.162800 0.049364 0.245633 -0.124105 -0.155116 -0.097934 -0.033306 -0.188372
-0.356470 -0.445637 0.438926 0.611164 -0.082086 0.147775 0.069008 0.136931 -0.295235 -0.232548 -0.078025 0.011103 -0.157283 -0.399797 0.446534 -0.049998 -0.187522 -0.271095 0.034082 -0.184604 -0.138349 0.252334 0.709191 1.000000 0.359616 0.354079 0.291468 0.323880 -0.270123 -0.398465 0.686477 0.638425 0.061144 0.152419 0.226104 0.199519 -0.169558 -0.163758 0.149372 0.046972 -0.262759 -0.110829 -0.317954 -0.305785 0.028374 -0.007246 -0.345080 -0.197651 0.015744 -0.208671 0.163627 -0.128467 -0.366497 -0.134319 -0.115717 -0.105409 -0.231648 -0.293613 -0.275467 -0.227499 -0.144698 -0.253477 -0.119765 -0.128437 0.423866 0.084724 -0.160913 0.261520 -0.371524 -0.311171 -0.331357 -0.105223 -0.260121 -0.380876 -0.231259 -0.081426 -0.285626 -0.322380 -0.024848 -0.297151 -0.307654 -0.485859 0.168135 -0.004867 0.341364 0.022397 0.463802 0.545559 0.182537 -0.048953 0.085510 0.238001 0.311920 0.385684 0.235146 0.152378 0.104209 0.220118 -0.118163 -0.115225 -0.200363 -0.202915 -0.395367 0.006516 -0.019658 -0.118649 -0.139282 -0.105887 0.219597 -0.036877 0.081265 -0.138862 -0.161184 0.130797 0.211942 -0.068702
-0.406649 -0.288866 0.509782 0.278383 -0.011819 0.380008 -0.154040 -0.065126 -0.184337 -0.088733 -0.183164 -0.169095 -0.319694 -0.396956 0.293089 -0.102519 -0.440896 -0.321306 0.089524 -0.249352 0.006916 0.451468 0.608531 0.359616 1.000000 0.794372 0.353204 0.473234 -0.490746 -0.362974 0.558767 0.350653 -0.188940 -0.265642 0.438873 0.336961 -0.156301 0.036458 0.166319 0.166775 -0.310792 -0.089860 0.035012 0.142029 0.099512 0.145872 -0.025276 0.251597 -0.028414 -0.117506 0.316908 0.048305 -0.191297 -0.034595 0.175276 0.151769 -0.369454 -0.191979 -0.154948 0.004793 -0.213547 -0.358593 -0.375073 -0.339165 0.159371 -0.080071 0.059109 0.351635 -0.148811 -0.030416 -0.110742 0.089267 -0.517487 -0.168088 -0.288783 -0.181159 -0.138103 0.045169 -0.218841 -0.109777 -0.387044 -0.391194 0.002708 -0.344913 0.408918 0.085171 0.233032 0.362895 0.292660 0.121635 0.014948 0.250108 0.138347 0.259956 -0.087545 -0.085411 0.423642 0.006432 0.063224 0.066013 -0.125688 -0.238549 -0.346559 -0.140647 -0.044039 -0.047197 -0.030249 0.022492 0.027411 -0.024291 0.400753 0.129166 0.017858 -0.170861 -0.150439 -0.187078
-0.331731 -0.285396 0.539566 0.215663 -0.280059 0.419091 -0.189489 -0.139959 -0.216724 -0.226389 -0.039474 -0.186268 -0.369953 -0.545574 0.242209 -0.159733 -0.467077 -0.468351 -0.005640 -0.420003 -0.011566 0.678447 0.590164 0.354079 0.794372 1.000000 0.391533 0.662228 -0.568746 -0.543415 0.517420 0.417219 -0.110168 -0.171589 0.545704 0.430147 -0.141768 0.092592 0.273757 0.222873 -0.175908 -0.080288 0.041960 0.244314 0.167225 0.169831 -0.029927 0.388750 0.049852 -0.170769 0.356810 0.098343 -0.126088 -0.017800 0.236322 0.237114 -0.307918 -0.146186 -0.092117 -0.078224 -0.098480 -0.411909 -0.421338 -0.340096 0.209147 -0.040647 0.165937 0.402449 -0.120784 -0.042772 -0.159323 0.047901 -0.604530 -0.279955 -0.328956 -0.243468 -0.132174 0.030451 -0.278032 -0.206002 -0.423100 -0.514070 -0.054143 -0.468974 0.402442 0.135461 0.323516 0.467622 0.330388 0.104519 -0.072258 0.216444 0.035520 0.333858 -0.007701 -0.065885 0.589499 0.095730 0.097984 0.041520 -0.203832 -0.228942 -0.387847 -0.022440 0.069649 -0.006650 -0.052411 0.050824 0.047399 -0.006294 0.542244 0.072389 -0.141482 -0.151882 -0.183996 -0.222580
-0.276183 -0.296028 0.558472 0.249119 0.166387 0.492912 0.020249 -0.134852 0.157132 -0.154760 0.057805 -0.182214 -0.087126 -0.353792 0.327895 0.009281 -0.436895 -0.324479 0.057933 -0.242053 0.385586 0.328252 0.513966 0.291468 0.353204 0.391533 1.000000 0.724956 -0.434899 -0.377459 0.174228 0.044871 -0.180083 -0.301434 0.295118 0.157581 -0.161329 -0.111179 0.153880 0.129197 -0.164190 -0.035189 -0.021631 -0.033905 0.109634 0.028504 0.023742 0.059295 0.184855 0.051279 0.352981 0.232119 -0.017402 0.098619 0.276372 0.148730 -0.363237 -0.378371 -0.105351 -0.100850 -0.063186 -0.296839 -0.335595 -0.345119 0.189020 0.052451 -0.084301 0.190101 -0.163880 -0.038550 -0.102834 -0.039571 -0.370584 -0.263225 -0.382223 -0.210979 -0.179405 -0.138011 -0.243702 -0.306931 -0.472322 -0.428304 -0.036074 -0.287841 0.188610 -0.174862 0.248706 0.213299 0.431382 0.308097 0.174730 0.296924 0.234018 0.360322 0.100158 -0.024188 0.320171 0.060149 0.063312 -0.166108 0.079348 -0.022390 -0.181013 0.121251 0.211129 0.276258 0.049187 -0.061666 -0.089561 0.046767 0.210650 0.014729 -0.086424 -0.182647 -0.061698 0.046449
-0.238565 -0.297876 0.624132 0.285376 -0.118247 0.570701 -0.043921 -0.214472 -0.141259 -0.344420 0.026513 -0.288201 -0.279865 -0.568931 0.265187 -0.095946 -0.515796 -0.531386 0.050458 -0.294833 0.109004 0.512358 0.602410 0.323880 0.473234 0.662228 0.724956 1.000000 -0.681280 -0.648661 0.247023 0.076487 -0.108210 -0.248863 0.348055 0.325161 -0.279684 0.006459 0.316524 0.281107 -0.188876 -0.048132 0.009052 0.055604 0.123776 0.155434 -0.021069 0.235182 0.183885 -0.013695 0.373758 0.226737 -0.006069 0.115643 0.370214 0.330386 -0.280439 -0.198048 0.014073 -0.018203 -0.016136 -0.365862 -0.428054 -0.322225 0.183942 0.043144 0.190559 0.427814 -0.087963 0.080739 -0.231537 -0.132217 -0.612856 -0.405586 -0.404191 -0.322204 -0.372632 -0.243364 -0.378327 -0.404011 -0.579599 -0.619798 -0.087406 -0.431704 0.334112 -0.008305 0.359377 0.376842 0.502805 0.378711 0.098249 0.263685 0.134511 0.348013 0.172603 0.010117 0.487854 0.140882 0.132244 -0.027119 -0.077196 -0.182811 -0.322085 0.119619 0.250257 0.182307 -0.047494 0.013837 -0.002519 0.096926 0.398590 0.026581 -0.200689 -0.276823 -0.130168 -0.092016
0.396408 0.172153 -0.460901 -0.365572 0.018060 -0.525312 0.102162 -0.040461 0.238341 0.144275 0.216411 0.289917 0.521031 0.557212 -0.148718 0.052625 0.767473 0.717914 -0.017216 0.174232 -0.082945 -0.399736 -0.469963 -0.270123 -0.490746 -0.568746 -0.434899 -0.681280 1.000000 0.756333 -0.201683 0.006220 0.108955 0.231024 -0.245162 -0.369497 0.320012 -0.156810 -0.401876 -0.449953 0.146300 -0.009501 -0.002130 -0.100586 -0.176274 -0.226032 0.011925 -0.447254 -0.190574 -0.005796 -0.202056 -0.222320 0.099529 -0.192293 -0.313250 -0.496959 0.394119 0.126864 0.059689 -0.093105 0.159907 0.317190 0.607625 0.446915 -0.173700 -0.209914 -0.210599 -0.618935 0.062436 -0.267343 0.237807 0.057872 0.891196 0.525523 0.474853 0.362136 0.529382 0.142313 0.675295 0.601887 0.785666 0.750991 0.097327 0.354575 -0.196519 0.051304 -0.214296 -0.353163 -0.536995 -0.396578 -0.305206 -0.439924 -0.303977 -0.380426 -0.099939 -0.102495 -0.476356 -0.260358 -0.212965 -0.280611 -0.034821 0.197017 0.289319 -0.008874 -0.262171 -0.160120 0.115219 -0.087996 -0.053420 -0.276257 -0.494513 -0.269304 -0.051509 0.240299 0.208004 0.170251
0.182632 0.217005 -0.615792 -0.269607 0.115252 -0.321439 -0.126393 -0.012844 0.250407 0.378385 0.029953 0.306851 0.209051 0.587044 -0.083219 0.383679 0.553227 0.743912 -0.142348 0.362215 0.185763 -0.331746 -0.507073 -0.398465 -0.362974 -0.543415 -0.377459 -0.648661 0.756333 1.000000 -0.308227 -0.189792 -0.068468 -0.045987 -0.341472 -0.431948 0.308009 0.166087 -0.195900 -0.169779 0.272353 0.199277 0.105786 -0.042260 -0.329727 -0.189511 0.338934 -0.228702 -0.321608 0.036878 -0.191149 -0.143010 0.228633 0.184368 -0.109897 -0.183471 0.268856 0.137458 -0.069683 -0.100531 -0.103140 0.321590 0.259797 0.235541 -0.415238 -0.236661 -0.433637 -0.623508 0.023147 -0.206603 0.316885 0.208947 0.680558 0.619269 0.457713 0.353417 0.538353 0.409786 0.376502 0.575137 0.607126 0.733560 0.147204 0.573200 -0.116761 0.242380 -0.282871 -0.372378 -0.488843 -0.188002 -0.126341 -0.406575 -0.220467 -0.493823 -0.092636 0.003645 -0.454483 -0.237998 0.058514 0.012209 -0.046552 -0.030903 0.214190 -0.220956 -0.084227 -0.095376 -0.015419 -0.073599 -0.085598 0.057139 -0.317043 0.091792 0.223415 0.154840 0.093588 0.089732
-0.316300 -0.370521 0.420704 0.388886 -0.092131 0.126995 0.056969 0.052493 -0.172424 -0.170042 -0.039359 -0.002639 -0.099795 -0.293580 0.270495 -0.174414 -0.178601 -0.226201 0.063858 -0.258916 -0.177418 0.397759 0.627437 0.686477 0.558767 0.517420 0.174228 0.247023 -0.201683 -0.308227 1.000000 0.795899 0.074144 0.190632 0.230523 0.203084 -0.262491 -0.161528 0.110890 -0.000616 -0.318814 -0.189953 -0.224021 -0.111765 0.077685 0.087425 -0.208828 -0.072608 -0.031281 -0.197400 0.116579 -0.144744 -0.317954 -0.116268 -0.122479 -0.085516 -0.249715 -0.233523 -0.282726 -0.256603 -0.144892 -0.288575 -0.134867 -0.082124 0.356401 -0.090459 -0.139219 0.157177 -0.198545 -0.297338 -0.059360 0.111746 -0.206187 -0.195108 -0.111840 0.071318 -0.122675 -0.176475 0.039425 -0.130840 -0.200194 -0.317658 0.114806 -0.201344 0.327744 0.089445 0.366018 0.381005 0.096558 -0.148712 -0.051972 0.120009 0.119540 0.233944 0.108869 0.079994 0.245338 0.106523 -0.058837 -0.022647 -0.255718 -0.170300 -0.324125 -0.077512 -0.130832 -0.194813 -0.074922 -0.054225 0.119600 -0.130997 0.135738 -0.064965 -0.125164 0.162952 0.074262 -0.204307
-0.225028 -0.412624 0.232691 0.299359 -0.098598 0.032756 0.018273 0.172228 -0.190363 -0.044584 0.009321 0.035025 -0.080680 -0.181322 0.125530 -0.097510 -0.015482 -0.173052 -0.090768 -0.437679 -0.155354 0.364589 0.436391 0.638425 0.350653 0.417219 0.044871 0.076487 0.006220 -0.189792 0.795899 1.000000 0.008370 0.298143 0.200279 0.229026 -0.187637 -0.269228 -0.051620 -0.161036 -0.199210 -0.173024 -0.345268 -0.161077 0.161498 0.041388 -0.379259 -0.200581 0.007681 -0.216648 0.081002 -0.168884 -0.281897 -0.302204 -0.251780 -0.255949 -0.103787 -0.298714 -0.164711 -0.275750 -0.006046 -0.249127 -0.004301 -0.024338 0.389433 0.069982 -0.113269 0.044868 -0.239716 -0.464007 -0.075757 0.097173 -0.027871 -0.050605 -0.030291 0.135003 -0.014490 -0.146149 0.218124 -0.064363 -0.016870 -0.199956 0.028068 -0.183189 0.236728 0.002033 0.252933 0.381123 -0.010267 -0.192732 -0.184294 -0.010923 0.099414 0.171296 0.028199 0.027573 0.109137 0.164918 -0.240412 -0.207796 -0.225592 -0.019670 -0.195869 0.091603 -0.063061 -0.081160 0.087492 -0.004664 0.030578 -0.291578 0.009970 -0.248078 -0.287180 0.299037 0.250215 0.007953
0.440552 0.280639 0.002987 -0.103191 -0.178251 -0.279221 0.336142 0.068026 -0.070818 -0.252153 -0.090181 -0.108745 0.076546 -0.093571 -0.239885 -0.288561 0.175693 -0.103143 0.157647 0.257083 -0.244882 -0.102674 0.078796 0.061144 -0.188940 -0.110168 -0.180083 -0.108210 0.108955 -0.068468 0.074144 0.008370 1.000000 0.826848 -0.216744 -0.273326 0.108383 0.015543 0.111043 0.164292 0.177548 0.075474 -0.189179 -0.143179 -0.297023 -0.305860 -0.126162 -0.206449 -0.178127 -0.228463 -0.431688 -0.281553 0.045959 -0.110818 0.076701 0.064048 0.500575 0.399413 0.067644 0.041637 0.256810 0.393115 0.354621 0.533681 -0.023120 -0.143578 0.132198 -0.122896 -0.045586 -0.014570 -0.281445 -0.328884 0.171071 -0.164265 0.015606 -0.077094 0.032441 -0.183140 0.291205 0.112474 0.136331 0.082051 0.221183 -0.047707 -0.319974 -0.232304 0.234967 -0.109663 -0.063469 -0.070046 -0.224935 -0.187355 -0.196565 -0.037992 0.425436 0.156536 0.111584 0.211335 0.047463 0.203179 -0.218393 0.015978 0.090013 0.016460 0.013588 -0.388210 -0.394793 -0.243582 0.237050 0.116320 -0.175039 -0.087232 0.114211 0.143823 -0.074444 -0.157817
0.394439 0.182952 -0.063773 -0.033297 -0.088428 -0.331679 0.392967 0.289309 -0.084401 -0.123784 -0.113225 -0.057565 0.123388 0.048008 -0.316312 -0.295173 0.279209 -0.097632 0.062284 0.091810 -0.376564 -0.165514 0.006666 0.152419 -0.265642 -0.171589 -0.301434 -0.248863 0.231024 -0.045987 0.190632 0.298143 0.826848 1.000000 -0.231365 -0.184235 0.013738 -0.211791 -0.063709 -0.009421 0.137266 -0.092926 -0.332851 -0.217072 -0.177300 -0.250491 -0.359978 -0.349456 -0.174888 -0.223872 -0.507980 -0.375595 -0.109802 -0.324970 -0.196398 -0.199270 0.497223 0.244183 0.032831 -0.019379 0.393750 0.368609 0.487250 0.614057 0.196134 0.042063 0.143273 -0.120508 -0.092016 -0.148451 -0.269201 -0.284265 0.265687 -0.139220 0.056082 -0.018834 -0.030526 -0.262234 0.407431 0.079824 0.217182 0.086696 0.106826 -0.069306 -0.361775 -0.338302 0.165841 -0.123897 -0.124382 -0.200627 -0.249371 -0.201114 -0.075562 -0.031217 0.304795 0.119023 -0.089633 0.197460 -0.180783 0.032442 -0.200468 0.097650 0.100363 0.064999 -0.096432 -0.352880 -0.228651 -0.144097 0.186482 -0.085912 -0.292457 -0.219406 -0.036173 0.284840 0.076534 -0.043803
-0.270107 -0.256602 0.339620 0.043677 -0.207563 0.279428 -0.181260 -0.272344 -0.288850 -0.234580 0.096328 -0.058041 -0.062221 -0.310373 0.150922 -0.239021 -0.211424 -0.124458 -0.034843 -0.429343 -0.159529 0.257186 0.350103 0.226104 0.438873 0.545704 0.295118 0.348055 -0.245162 -0.341472 0.230523 0.200279 -0.216744 -0.231365 1.000000 0.619925 0.076589 0.107977 0.070054 -0.080971 -0.220706 -0.257265 0.112120 0.193083 0.302855 0.292678 -0.024247 0.139099 0.156877 0.035734 0.444751 0.144443 -0.093645 -0.059018 0.180755 -0.046321 -0.263828 -0.117143 -0.048949 -0.056912 -0.041621 -0.378412 -0.133947 -0.269227 0.265082 0.008543 0.241307 0.268433 -0.082414 -0.143016 0.033112 0.178465 -0.258603 -0.035311 -0.194967 0.030657 0.077681 0.110473 -0.154742 -0.099374 -0.190563 -0.200285 -0.203177 -0.364669 0.347110 0.027789 0.114490 0.247562 0.097006 -0.048923 -0.202814 -0.010376 0.019228 0.275284 -0.072049 -0.179922 0.365117 0.063822 -0.051809 -0.210805 0.000290 0.062918 -0.268597 0.089143 -0.131243 0.022061 0.117865 -0.083195 -0.057179 -0.170763 0.465311 -0.030870 -0.197972 -0.128725 -0.028691 -0.112399
-0.408655 -0.347682 0.211893 0.144327 -0.053880 0.404099 -0.169707 -0.144608 -0.398073 -0.184875 -0.124611 -0.234189 -0.158124 -0.412177 -0.086697 -0.187365 -0.172540 -0.257222 -0.237440 -0.463399 -0.117410 0.247462 0.210525 0.199519 0.336961 0.430147 0.157581 0.325161 -0.369497 -0.431948 0.203084 0.229026 -0.273326 -0.184235 0.619925 1.000000 -0.136345 0.084707 0.012998 -0.044792 -0.191784 -0.219269 -0.006680 0.210403 0.485733 0.604849 -0.239241 0.212878 0.212497 0.269651 0.165380 0.069835 -0.197825 -0.223597 -0.033221 -0.044657 -0.273238 -0.087676 0.005486 0.225927 -0.037833 -0.423033 -0.127803 -0.228151 0.207240 0.108969 0.476929 0.616919 0.006913 0.035543 0.044245 0.159090 -0.316164 -0.165971 -0.274420 -0.129054 -0.120351 0.021673 -0.151411 -0.196947 -0.214953 -0.216283 -0.272226 -0.426482 0.192287 -0.000839 0.031543 0.191367 0.085214 -0.074475 -0.247391 -0.063576 0.024907 0.175686 -0.252966 -0.246010 0.134030 0.031244 -0.323331 -0.165889 -0.003100 -0.039723 -0.164058 0.214451 0.025176 0.157614 0.212939 0.077554 -0.167858 -0.176270 0.413803 0.003985 -0.239721 -0.084945 -0.013235 -0.007971
