1.000000 0.425491 0.216164 -0.033783 -0.240591 -0.259874 0.179561 0.106918 -0.027431 -0.060216 0.413403 -0.365916 0.178254 0.127074 0.015257 -0.167010 0.096907 -0.059043 0.078175 0.362175 -0.104149 -0.232106 0.125434 0.110375 -0.266009 -0.171940 -0.253014 -0.261358 0.008978 -0.268554 -0.100626 -0.034445 0.260916 0.215276 0.095263 0.265231 -0.312038 -0.364922 -0.264067 -0.092386 -0.075475 -0.028041 -0.049527 0.016307 0.224327 0.195641 -0.289936 0.041449 0.302989 0.117618 -0.176459 -0.018613 -0.235476 -0.301826 -0.129051 -0.278491 0.623916 0.334609 0.375106 0.360824 0.397164 0.301109 0.033037 0.316481 -0.157288 0.063453 0.288803 0.098980 0.270543 0.165099 -0.195010 -0.094469 0.018826 -0.199276 0.067208 -0.248459 -0.025042 -0.180793 0.080030 -0.014457 0.041370 0.217698 -0.294267 -0.098824 -0.565906 -0.454035 0.123269 -0.159844 0.051044 -0.246757 0.039113 -0.040025 -0.345699 -0.142354 -0.171093 -0.128533 0.025493 -0.159181 0.091748 0.024374 0.065668 -0.268866 -0.259878 -0.388247 -0.213146 -0.386743 -0.116841 -0.077441 -0.151038 -0.122839 -0.175105 0.014176 -0.129275 -0.064581 -0.339450 -0.239328
0.425491 1.000000 0.006309 0.081258 -0.174952 -0.217347 -0.098187 0.167545 -0.125376 -0.111658 0.162456 -0.006571 -0.038258 0.033284 -0.253229 -0.143518 -0.053672 0.034544 0.181100 0.432812 0.183529 0.062042 0.053873 0.091209 -0.298383 -0.316436 -0.169071 -0.227583 -0.141564 -0.087035 -0.143170 -0.065195 0.401795 0.418223 -0.263661 -0.023438 -0.245506 -0.061561 0.011019 0.168684 0.112401 0.068049 -0.146668 -0.281550 0.023842 0.062906 -0.264437 -0.197618 0.090105 -0.024826 -0.138282 -0.009644 -0.013852 -0.162148 -0.124237 -0.019688 0.304088 0.456993 0.207284 0.479950 0.273725 0.597726 -0.006993 0.377063 -0.120507 0.146266 0.164178 0.043470 0.366510 0.060359 -0.078608 -0.193266 -0.147285 -0.149728 0.029918 -0.184722 -0.244475 -0.245282 -0.142386 -0.052236 -0.160006 0.105894 -0.114036 0.070903 -0.257679 -0.162129 0.046319 -0.041563 0.002593 -0.055957 0.033393 -0.054152 -0.161138 -0.081405 0.033886 -0.031086 -0.228650 0.135816 -0.117195 -0.075314 0.162140 -0.103743 0.003513 -0.277223 -0.279106 -0.420205 -0.069886 -0.170706 -0.010387 -0.178606 -0.245596 0.044537 0.143890 -0.021582 -0.252183 -0.123361
0.216164 0.006309 1.000000 0.553286 0.071305 -0.074774 0.432952 0.668805 0.067856 -0.080413 -0.098795 -0.306440 -0.020775 -0.223433 -0.174001 -0.331396 -0.308259 -0.120531 0.383766 0.299612 0.018263 -0.080315 0.447395 0.511589 -0.112260 0.164479 -0.078642 -0.076136 -0.493322 -0.492828 -0.205651 -0.092175 -0.155485 -0.029277 0.331521 0.445131 -0.361722 -0.348655 -0.039250 0.162950 -0.204481 -0.187662 -0.228511 -0.212232 -0.134370 -0.149286 -0.203990 0.020005 0.355762 -0.125887 -0.069243 0.152235 -0.016573 -0.120032 -0.080549 -0.239368 -0.209584 0.057795 0.178424 0.064668 0.102970 -0.088001 -0.065875 -0.036913 0.156375 0.182244 0.026258 0.501898 0.050505 0.437396 -0.107983 0.085659 -0.349635 -0.476936 -0.124756 -0.370745 -0.435788 -0.189158 -0.353957 -0.274158 -0.442555 -0.247079 -0.385190 -0.085898 -0.231290 -0.361892 0.111847 -0.262584 0.313821 0.017626 0.400130 0.240991 0.028645 0.042988 -0.173108 -0.132050 -0.132977 -0.004900 -0.067587 -0.177855 -0.035194 -0.029179 -0.289902 -0.313851 -0.160155 -0.084967 0.063047 0.124047 -0.066036 -0.002903 -0.048629 0.084056 -0.110820 -0.134933 -0.127018 0.018228
-0.033783 0.081258 0.553286 1.000000 0.003194 -0.333916 0.075837 0.686777 -0.075370 -0.479189 -0.060288 -0.158160 0.101965 -0.565650 -0.230961 -0.569671 -0.411969 0.164383 0.289642 0.202613 -0.090723 -0.156836 0.515896 0.808964 -0.183636 0.104602 -0.136274 -0.099251 -0.501354 -0.321621 -0.360203 -0.001980 -0.096863 0.009533 0.409920 0.246974 -0.312735 -0.173781 0.011426 0.216159 -0.116274 -0.087668 -0.047582 -0.161701 -0.292719 -0.245603 -0.065664 0.061325 0.157422 -0.215400 -0.238220 0.231571 0.152818 -0.029964 -0.066618 -0.058879 -0.150579 0.132530 0.059558 0.090080 -0.116799 -0.028106 0.183481 0.252824 -0.017509 0.293641 -0.056445 0.202102 -0.013883 0.172620 -0.239980 -0.120038 -0.321447 -0.533055 -0.071529 -0.461109 -0.304844 -0.220005 -0.381452 0.028484 -0.467642 -0.289587 -0.313306 0.105159 -0.064627 -0.104900 0.168504 -0.089890 0.304956 0.237811 0.428159 0.149765 0.304459 0.122589 -0.158489 -0.124056 -0.192814 0.024041 0.161491 -0.082732 -0.062584 -0.003192 -0.195566 -0.124916 -0.035707 -0.035666 0.077669 0.130518 -0.103064 -0.114403 -0.029666 0.038092 0.126209 -0.135888 -0.105857 -0.063829
-0.240591 -0.174952 0.071305 0.003194 1.000000 0.337378 -0.114533 -0.115658 0.725670 0.313265 -0.342798 0.117620 -0.020477 0.072997 0.250390 0.372907 -0.166784 -0.083264 0.083865 0.029045 -0.040980 0.051879 0.065095 0.039943 0.562069 -0.012017 0.421172 0.247449 -0.172029 0.180500 -0.270495 -0.368747 -0.247191 -0.329055 0.185881 0.034470 0.136739 -0.153267 0.002666 -0.069148 -0.259675 0.105222 -0.236931 -0.203213 -0.288969 -0.306127 0.146410 -0.122878 0.032328 0.052143 -0.138687 0.165973 0.169717 0.013946 0.055591 -0.144860 -0.300324 -0.203286 0.144959 0.003709 0.069147 -0.211007 0.013044 -0.419667 -0.073685 -0.030704 0.033569 0.022006 -0.159091 0.117648 0.114251 0.295342 -0.278208 0.175163 -0.363967 0.192586 -0.086339 0.161210 -0.117800 -0.329769 -0.067392 -0.352265 -0.018990 0.030375 0.248568 0.148175 -0.332309 -0.048815 -0.171861 0.210870 0.142778 0.217944 0.101471 0.018430 0.070886 -0.261375 -0.022796 -0.027645 -0.079865 0.006010 -0.249830 0.254540 0.137807 0.328816 0.156395 0.356422 0.215175 0.195126 -0.091726 0.031935 0.060282 -0.000464 -0.068249 -0.192701 0.350781 0.273569
-0.259874 -0.217347 -0.074774 -0.333916 0.337378 1.000000 0.238492 -0.221643 0.131122 0.538324 -0.399976 0.093882 -0.223624 0.285435 0.281000 0.640074 0.074641 -0.345998 0.155747 0.127860 0.470066 0.467272 -0.280449 -0.508799 0.002578 -0.010909 0.683978 0.720234 -0.052083 0.135004 0.251575 -0.126834 -0.275052 -0.172674 -0.302580 -0.056828 0.081772 0.289285 0.077392 -0.017314 -0.079821 0.152663 -0.151051 -0.116974 -0.202666 -0.198017 0.263028 -0.123421 -0.058210 -0.073706 0.195217 -0.175161 0.190564 -0.070045 0.001447 -0.081289 -0.343238 -0.347022 0.101666 -0.107791 0.187429 -0.333237 -0.243503 -0.594308 0.033639 -0.152016 -0.234675 0.090938 -0.017050 0.211163 0.350580 0.387062 -0.154173 0.548769 -0.266917 0.514421 -0.132612 0.224110 -0.081017 -0.381420 0.109262 -0.090327 0.424763 -0.001128 0.143912 0.159199 -0.243274 0.188139 -0.142764 0.009659 0.048367 0.112627 0.051651 0.085252 0.028473 -0.054773 -0.011155 0.119514 -0.225144 0.041491 -0.079826 0.168367 0.339647 0.241553 0.051887 0.317401 0.231393 0.128899 -0.047852 0.091621 0.103301 0.106982 -0.204775 0.011535 0.275526 0.311998
0.179561 -0.098187 0.432952 0.075837 -0.114533 0.238492 1.000000 0.337581 -0.254735 -0.019038 -0.099883 -0.187374 0.263821 0.005138 -0.057851 -0.156427 -0.143405 -0.141118 0.132408 0.195878 0.203281 0.064787 0.173011 -0.113601 -0.359488 -0.028409 0.139889 0.233269 -0.178933 -0.240899 0.224406 0.203202 -0.112997 -0.017900 0.043177 0.181073 -0.204617 -0.109779 0.008906 0.084267 -0.177122 0.002808 0.022275 0.125452 0.070253 0.100969 0.054804 0.079698 0.058219 0.028310 0.081613 -0.053303 -0.025629 -0.044986 -0.191518 -0.160107 -0.030413 -0.043315 0.153483 -0.111932 0.149345 -0.171303 -0.091779 -0.100721 0.019779 0.048139 -0.187355 0.098413 -0.029566 0.180334 0.040204 0.057690 -0.120049 -0.081683 -0.137183 -0.047110 -0.308521 -0.198637 -0.227132 -0.212371 -0.185243 0.029427 -0.086973 0.153157 -0.276124 -0.133649 0.204376 0.252598 0.109554 0.054364 0.024034 0.061086 0.033380 0.089394 -0.101015 -0.142730 0.094961 0.003348 0.044582 0.058791 0.040362 -0.088305 -0.102460 -0.080615 -0.033805 0.004095 0.185333 0.020195 -0.224414 0.006148 -0.004341 0.173024 0.069939 0.130127 -0.092933 0.032803
0.106918 0.167545 0.668805 0.686777 -0.115658 -0.221643 0.337581 1.000000 -0.098679 -0.340856 -0.001849 -0.263096 0.022891 -0.342195 -0.332643 -0.517934 -0.324012 -0.072364 0.243055 0.256238 -0.008598 -0.221723 0.376293 0.534814 -0.309976 -0.091198 -0.166977 -0.172526 -0.545185 -0.569843 -0.353814 -0.002487 -0.087667 0.052977 0.309682 0.462311 -0.335246 -0.213409 -0.011556 0.212684 -0.107192 -0.074283 -0.212541 -0.235078 -0.176827 -0.094502 -0.111232 0.018292 0.253950 -0.199810 -0.153248 0.179285 0.085087 -0.110606 0.022565 -0.214360 -0.156101 0.145886 0.225509 0.327623 0.104943 0.192336 0.010326 0.170843 0.122660 0.267244 0.110941 0.527898 0.100395 0.389236 -0.302317 -0.143434 -0.445447 -0.558076 -0.247983 -0.510547 -0.463206 -0.244155 -0.452891 -0.215569 -0.531262 -0.249667 -0.307721 -0.030778 -0.315641 -0.223941 0.235071 -0.128556 0.300547 0.119217 0.462086 0.174507 0.228678 0.078194 -0.039636 -0.019819 -0.157359 0.077082 0.020292 -0.182982 0.005819 -0.088008 -0.183952 -0.269982 -0.149365 -0.078318 0.052419 0.098453 0.106194 -0.106676 -0.090791 0.066409 0.035248 -0.073335 -0.098317 0.049310
-0.027431 -0.125376 0.067856 -0.075370 0.725670 0.131122 -0.254735 -0.098679 1.000000 0.435811 -0.206601 -0.009581 -0.186598 0.193626 0.342201 0.411281 -0.020400 -0.130499 0.019675 0.024491 -0.353843 -0.184281 -0.029603 0.039539 0.625230 0.049522 0.158317 0.003752 -0.184877 0.082854 -0.381927 -0.472113 -0.133612 -0.252103 0.286211 0.129104 0.139378 -0.288419 -0.157589 -0.245484 -0.373344 0.046450 -0.275621 -0.157888 -0.105763 -0.125205 0.069501 -0.020920 0.082334 0.111096 -0.207199 0.225333 -0.020490 -0.046654 0.113638 -0.274046 -0.138785 -0.047198 0.181118 0.083451 0.132416 -0.057014 0.054233 -0.346267 0.099857 -0.089890 0.279462 0.117820 -0.045732 0.104540 -0.126876 0.084440 -0.381008 0.148162 -0.400623 0.194310 0.052371 0.170602 -0.037052 -0.319210 0.043997 -0.277169 -0.227706 -0.226928 0.075112 -0.007389 -0.446878 -0.393084 -0.124390 0.112649 0.107371 0.156199 -0.093192 -0.015308 0.008514 -0.163548 0.167942 -0.187765 0.046362 0.013535 -0.144264 0.204023 0.147135 0.211159 0.138817 0.229933 0.129490 0.120502 -0.043288 -0.032491 0.022032 0.000105 -0.125875 -0.101051 0.301026 0.092846
-0.060216 -0.111658 -0.080413 -0.479189 0.313265 0.538324 -0.019038 -0.340856 0.435811 1.000000 -0.323427 0.197942 -0.186066 0.475408 0.487815 0.675987 0.040596 -0.145253 -0.066267 -0.004499 0.003686 0.160444 -0.312082 -0.394184 0.297498 0.223920 0.404788 0.225286 0.125320 0.380770 0.346736 -0.014102 0.030458 -0.020904 -0.133592 -0.096219 0.191097 0.043313 -0.170968 -0.202105 -0.144640 -0.128857 -0.220401 -0.157330 0.036763 -0.111393 -0.091816 -0.205440 0.127881 0.100267 0.058816 -0.031555 -0.020993 -0.106861 -0.092449 -0.163473 -0.173222 -0.339406 -0.119878 -0.080513 0.155141 -0.162941 0.001138 -0.353331 -0.108444 -0.231665 -0.048638 0.001737 -0.105184 -0.011481 0.179400 0.346417 -0.034334 0.390076 -0.130527 0.301666 -0.022305 0.021493 0.208965 -0.225409 0.344416 -0.034296 0.149248 -0.106899 0.128980 0.020700 -0.437206 -0.123374 -0.236904 -0.164501 -0.134202 0.005648 -0.178922 -0.108092 -0.135571 0.037376 0.053283 -0.124065 -0.071539 -0.024805 -0.117943 0.023651 0.149496 -0.001189 -0.052631 -0.005983 -0.035688 -0.120433 -0.102380 -0.006334 -0.151444 -0.116329 -0.186890 0.074798 0.104606 -0.050237
0.413403 0.162456 -0.098795 -0.060288 -0.342798 -0.399976 -0.099883 -0.001849 -0.206601 -0.323427 1.000000 -0.186751 0.165017 0.010996 0.124569 -0.093737 0.498606 -0.004334 -0.109653 -0.134884 -0.119991 -0.248347 0.014868 0.065261 -0.270845 -0.238510 -0.251812 -0.333210 0.397762 -0.123230 -0.049852 0.105033 0.181480 0.202303 -0.141261 -0.098304 -0.290532 -0.010182 -0.054935 -0.064116 0.112548 0.072268 0.172991 0.126818 0.224806 0.240904 -0.109689 0.018437 -0.001782 0.069664 -0.043810 -0.092544 -0.084514 -0.078503 -0.041474 0.008309 0.371823 0.130506 -0.047838 0.173617 -0.038514 0.262426 0.031438 0.413665 0.037635 0.171425 0.134941 -0.118400 -0.025464 -0.195090 -0.146401 -0.379969 0.304429 -0.111202 0.355132 -0.214712 0.222487 -0.208666 0.155722 0.209926 0.189478 0.141835 0.132168 -0.138727 -0.146930 -0.169964 0.134385 -0.038260 -0.003075 -0.056056 -0.290991 -0.187385 -0.178132 -0.163227 0.031171 0.026563 -0.070767 -0.039490 -0.116622 -0.124999 0.166449 -0.233605 -0.166447 -0.281561 -0.119779 -0.260618 -0.137249 -0.103520 -0.044798 0.102979 -0.021550 -0.237592 -0.018088 -0.001725 -0.334330 -0.162602
-0.365916 -0.006571 -0.306440 -0.158160 0.117620 0.093882 -0.187374 -0.263096 -0.009581 0.197942 -0.186751 1.000000 0.221236 0.098582 0.175219 0.141158 -0.131751 0.499043 -0.338916 -0.297907 -0.003353 0.210494 -0.366285 -0.189005 0.139583 0.147388 0.115313 0.083951 0.431602 0.636260 0.202805 0.094711 0.127347 -0.016923 -0.120853 -0.342024 0.194299 0.286362 -0.046752 -0.052620 0.016255 -0.029300 -0.160994 -0.175039 -0.087129 -0.216052 -0.066457 -0.344698 -0.278299 -0.100438 -0.060513 -0.211180 -0.040351 -0.213371 -0.303725 -0.029506 -0.277121 -0.299855 -0.244663 -0.260410 0.016748 -0.035015 0.291500 -0.077259 -0.083110 -0.138743 -0.063791 -0.238504 -0.395150 -0.289371 0.280462 0.046575 0.414118 0.254597 0.072843 0.182630 0.057190 -0.054143 0.179058 0.265442 0.198651 0.088483 0.317955 0.479548 0.396507 0.487479 -0.155913 0.271426 -0.320611 -0.141514 -0.327267 -0.229188 -0.122290 -0.133624 0.068910 0.029134 -0.005904 -0.056920 -0.268797 -0.158370 -0.137639 0.040222 0.041858 0.197768 0.154636 0.097605 -0.108354 -0.106032 0.033268 0.040728 -0.073009 -0.246493 -0.041959 0.032550 0.211719 0.014643
0.178254 -0.038258 -0.020775 0.101965 -0.020477 -0.223624 0.263821 0.022891 -0.186598 -0.186066 0.165017 0.221236 1.000000 -0.225569 0.244080 -0.471191 -0.466097 0.542659 -0.162178 -0.091098 -0.180364 -0.205591 0.138556 0.166608 -0.024479 0.216151 -0.053609 -0.052528 0.189496 0.245510 0.158549 0.279288 -0.006041 -0.212913 0.279523 -0.034521 -0.150935 -0.012613 -0.168316 -0.147310 -0.083007 -0.118206 0.023853 0.025802 -0.046828 -0.105583 -0.052031 -0.064976 0.102947 0.048479 -0.098499 -0.046663 -0.042700 -0.239173 -0.274996 -0.171193 0.087062 -0.006245 0.053234 0.070810 0.069073 0.041896 0.381640 0.251552 -0.344984 0.021954 0.114106 -0.229434 -0.177262 -0.086195 -0.007002 0.040167 0.354525 -0.214052 0.175208 -0.224516 -0.182696 -0.327807 -0.118296 0.325864 -0.229040 -0.018514 -0.049493 0.535378 0.019022 -0.011618 0.199545 0.444855 -0.124338 -0.111517 -0.145597 -0.248436 0.013658 -0.303670 -0.101113 -0.340380 0.085279 -0.261433 0.027181 -0.206968 -0.018058 -0.393893 -0.361423 -0.071490 0.339409 0.001385 -0.403704 0.022442 -0.165260 -0.186883 -0.045944 -0.268087 -0.023895 -0.176248 -0.150926 -0.248396
0.127074 0.033284 -0.223433 -0.565650 0.072997 0.285435 0.005138 -0.342195 0.193626 0.475408 0.010996 0.098582 -0.225569 1.000000 0.311346 0.658692 0.436050 -0.437882 -0.129161 -0.021737 -0.035480 0.018024 -0.173383 -0.560347 0.169518 -0.141005 0.130216 -0.006840 0.275759 -0.004829 0.288986 0.070151 -0.064231 -0.027387 -0.342540 -0.105050 0.153747 -0.036548 -0.035746 -0.108362 0.011182 0.154035 -0.197716 -0.037902 0.237317 0.118404 -0.150394 -0.216506 0.053077 0.170587 0.027954 -0.279418 -0.027951 -0.113028 0.162282 -0.102499 0.041257 -0.249227 0.056683 -0.064055 0.375903 -0.048731 -0.205713 -0.294083 -0.046707 -0.259567 -0.063786 -0.184505 0.008338 -0.008669 0.042005 0.196215 0.032781 0.389811 -0.222189 0.296943 0.164818 0.189094 0.434377 -0.263871 0.413547 0.089311 0.164004 -0.292778 -0.126978 -0.060327 -0.231375 -0.189015 -0.089367 0.033810 -0.285395 -0.083738 -0.320151 -0.100523 0.166521 0.172443 -0.010402 -0.007329 -0.198163 0.102265 0.143185 0.157365 0.167771 -0.018398 -0.130784 0.036121 0.113854 -0.137930 0.138175 -0.042480 -0.146237 -0.076212 -0.057664 0.102206 0.103126 0.105869
0.015257 -0.253229 -0.174001 -0.230961 0.250390 0.281000 -0.057851 -0.332643 0.342201 0.487815 0.124569 0.175219 0.244080 0.311346 1.000000 0.392313 0.096602 0.076663 -0.039971 -0.060821 -0.251601 -0.177897 -0.152436 -0.160160 0.316877 0.250421 0.374259 0.094066 0.435625 0.300519 0.238764 0.056522 -0.096815 -0.190699 0.073486 -0.189559 0.046671 0.051894 -0.277127 -0.439595 -0.211792 -0.099556 -0.261628 -0.162117 -0.075708 -0.244517 -0.061953 -0.213880 0.018250 0.001507 -0.119382 -0.161998 -0.100215 -0.310275 -0.180371 -0.344260 -0.117460 -0.266067 -0.058191 -0.089885 0.125770 -0.264437 0.251301 -0.164951 -0.086452 -0.178745 0.026731 -0.192954 -0.199659 -0.046746 0.040944 0.083959 0.218400 0.317868 0.000143 0.242264 0.156566 0.027376 0.172327 0.015286 0.232122 -0.101385 0.363462 -0.015369 0.248636 0.022979 -0.207467 0.102114 -0.184534 -0.050281 -0.158294 -0.045062 -0.184733 -0.246047 -0.192689 -0.082167 -0.033032 -0.445544 -0.035197 -0.140765 -0.017260 -0.160810 -0.067564 0.039468 0.320639 0.228249 -0.180414 0.016487 -0.177832 -0.064176 -0.170259 -0.364391 -0.199274 -0.109010 0.076115 -0.233713
-0.167010 -0.143518 -0.331396 -0.569671 0.372907 0.640074 -0.156427 -0.517934 0.411281 0.675987 -0.093737 0.141158 -0.471191 0.658692 0.392313 1.000000 0.486148 -0.430270 -0.019463 0.015131 0.132136 0.271866 -0.382221 -0.598884 0.234876 -0.180787 0.512173 0.354224 0.228117 0.249218 0.156361 -0.246783 -0.121028 -0.093629 -0.406217 -0.238845 0.211080 0.143754 0.021774 -0.080549 -0.087480 0.227452 -0.149606 -0.078751 -0.054462 -0.089177 0.107118 -0.158203 -0.184056 -0.006268 0.015142 -0.218665 0.101115 -0.012593 0.125106 -0.029484 -0.129082 -0.310851 -0.021349 -0.114226 0.205013 -0.231454 -0.203382 -0.504479 0.043807 -0.245444 -0.110246 -0.126640 -0.032203 0.013166 0.222304 0.210943 -0.064760 0.656308 -0.229112 0.559014 0.217379 0.311121 0.286838 -0.329364 0.512348 -0.011882 0.385780 -0.302379 0.153253 0.153444 -0.501046 -0.144084 -0.208327 0.102547 -0.181766 0.060975 -0.144661 0.036018 0.123008 0.126255 -0.012961 0.119567 -0.244912 0.173713 -0.033119 0.330287 0.486406 0.240197 -0.082834 0.225478 0.323824 -0.019880 0.032229 0.156204 0.061178 0.036409 -0.140107 0.098350 0.291677 0.291712
0.096907 -0.053672 -0.308259 -0.411969 -0.166784 0.074641 -0.143405 -0.324012 -0.020400 0.040596 0.498606 -0.131751 -0.466097 0.436050 0.096602 0.486148 1.000000 -0.441986 -0.075277 -0.102568 -0.013426 0.024406 -0.190393 -0.399618 -0.050997 -0.334048 -0.032640 -0.073174 0.476166 -0.118435 0.049151 -0.055782 0.135966 0.268697 -0.378675 -0.129758 -0.034960 0.050423 0.030253 -0.113652 0.162409 0.200219 0.174774 0.240440 0.338803 0.267369 0.013996 0.133467 -0.143381 0.130038 0.077572 -0.239758 -0.158435 0.103389 0.083791 0.122692 0.235984 -0.144732 -0.073273 -0.087206 0.070881 0.013845 -0.130758 0.000893 0.086882 0.000996 -0.103729 -0.128571 0.035814 -0.241248 -0.007509 -0.193703 0.153868 0.352471 0.081572 0.200330 0.454024 0.125051 0.471405 -0.050440 0.604311 0.192142 0.352790 -0.468300 -0.131779 -0.054713 -0.121976 -0.203319 -0.105343 0.020485 -0.269485 0.003437 -0.157211 0.143522 0.110183 0.196318 -0.071431 0.102034 -0.110827 0.218549 0.194835 0.168969 0.279441 0.021127 -0.278466 -0.071383 0.199489 -0.131977 -0.007713 0.125179 0.006562 -0.044281 0.033425 0.152137 -0.036367 0.124180
-0.059043 0.034544 -0.120531 0.164383 -0.083264 -0.345998 -0.141118 -0.072364 -0.130499 -0.145253 -0.004334 0.499043 0.542659 -0.437882 0.076663 -0.430270 -0.441986 1.000000 -0.297547 -0.181950 -0.181614 -0.002368 0.003870 0.299417 0.000666 0.340897 -0.223724 -0.160510 0.298427 0.542060 0.069996 0.138662 0.136868 -0.126554 0.218596 -0.245343 -0.064933 0.117586 -0.199864 -0.049194 -0.068358 -0.310884 -0.023027 -0.116303 -0.077472 -0.149597 -0.149938 -0.235298 -0.097739 -0.092695 -0.043614 0.015900 -0.089349 -0.135331 -0.364709 0.022751 -0.034816 0.135164 -0.246507 -0.075741 -0.277656 0.072112 0.384384 0.404566 -0.124783 -0.070955 0.024532 -0.248763 -0.321054 -0.223184 0.145732 -0.074143 0.477283 -0.142960 0.337140 -0.189692 -0.049268 -0.291882 0.080591 0.687811 -0.026364 0.264425 -0.023164 0.522272 0.267671 0.049800 0.172218 0.375414 -0.190820 -0.254854 -0.160576 -0.233955 -0.084930 -0.202552 -0.172592 -0.139213 0.059217 -0.235092 0.081798 -0.246590 -0.071098 -0.285956 -0.281563 -0.048934 0.216679 -0.010145 -0.358044 -0.149939 -0.202841 -0.093389 -0.241253 -0.273957 0.012965 0.015288 -0.077099 -0.301388
0.078175 0.181100 0.383766 0.289642 0.083865 0.155747 0.132408 0.243055 0.019675 -0.066267 -0.109653 -0.338916 -0.162178 -0.129161 -0.039971 -0.019463 -0.075277 -0.297547 1.000000 0.630796 0.255798 0.099693 0.114305 0.121321 -0.134868 -0.175590 0.157164 0.069577 -0.345586 -0.352827 -0.249191 -0.300581 -0.047549 0.041949 -0.036184 0.120969 -0.055723 -0.139211 0.060872 0.039651 -0.034738 0.091435 -0.162271 -0.207110 -0.338909 -0.244584 -0.019296 -0.029601 -0.139891 -0.184204 -0.164170 -0.091727 0.065124 0.040691 0.031338 -0.108055 -0.102976 0.110348 0.069954 0.045777 0.204364 -0.088049 0.004503 -0.148866 0.291924 -0.045232 0.005678 0.157187 0.404940 0.310374 0.043725 0.086043 -0.325673 -0.018625 -0.129837 0.089279 -0.021508 0.214177 -0.149307 -0.341616 -0.267180 -0.182004 -0.040058 -0.249801 0.044944 -0.132206 -0.071661 -0.202912 0.246090 0.117661 0.417339 0.413204 0.193675 0.264985 -0.185947 0.027393 -0.302063 0.087679 -0.092292 0.129412 0.089872 0.204120 0.131440 0.025317 -0.110692 0.028182 0.186733 0.135723 -0.061807 -0.023859 -0.031632 0.245262 0.097540 -0.110860 0.099973 0.199991
0.362175 0.432812 0.299612 0.202613 0.029045 0.127860 0.195878 0.256238 0.024491 -0.004499 -0.134884 -0.297907 -0.091098 -0.021737 -0.060821 0.015131 -0.102568 -0.181950 0.630796 1.000000 0.128342 -0.015975 0.004705 0.059648 -0.259818 -0.342371 0.179678 0.040454 -0.382196 -0.355640 -0.365335 -0.466692 -0.056874 0.053759 0.087733 0.376941 -0.230305 -0.157938 -0.057556 0.115314 -0.123493 0.159497 -0.309968 -0.276278 -0.249612 -0.095060 -0.031344 0.095349 0.016091 -0.195096 -0.234106 -0.065294 -0.013461 -0.165860 0.025632 -0.239889 0.019127 0.344870 0.260136 0.234900 0.398500 0.052927 -0.023301 -0.039885 0.084237 -0.018546 0.111628 0.364224 0.546047 0.601195 -0.062351 0.083480 -0.401148 -0.139667 -0.283954 -0.051221 -0.215556 0.200323 -0.168448 -0.390685 -0.147391 -0.044024 -0.146085 -0.144177 -0.327092 -0.258979 -0.069388 -0.090298 0.123743 0.159039 0.470844 0.316941 0.052425 0.099105 -0.072295 -0.134785 -0.145829 0.119238 0.033452 0.143420 0.221068 0.035064 0.106394 -0.135413 -0.075941 -0.048995 0.147670 0.240688 -0.034397 -0.230783 0.012484 0.361451 0.075416 -0.091425 -0.055312 0.071392
-0.104149 0.183529 0.018263 -0.090723 -0.040980 0.470066 0.203281 -0.008598 -0.353843 0.003686 -0.119991 -0.003353 -0.180364 -0.035480 -0.251601 0.132136 -0.013426 -0.181614 0.255798 0.128342 1.000000 0.696922 -0.194435 -0.291105 -0.361213 -0.162136 0.319625 0.346922 -0.051114 -0.047311 0.230081 0.013555 -0.011585 0.056078 -0.592240 -0.179401 0.086561 0.342098 0.446730 0.458547 0.395033 0.133996 0.133375 0.000004 -0.065615 0.018553 0.051238 -0.129192 -0.197438 -0.085467 0.250411 -0.251846 0.153819 0.030578 -0.086461 0.330637 -0.014123 -0.075701 -0.078489 -0.126852 -0.034043 -0.166975 -0.356732 -0.201139 0.045281 -0.156077 -0.434888 -0.066179 0.038883 0.044748 0.561707 0.311085 0.095155 0.207204 0.214369 0.261624 -0.164715 0.104526 -0.068088 -0.119812 -0.033615 0.213086 0.319817 0.187728 0.109496 0.095917 0.187258 0.254044 0.127311 -0.122190 0.002574 -0.027668 0.026154 0.080766 0.057994 0.233530 -0.325501 0.402532 -0.320914 -0.007302 -0.034357 -0.008357 0.124387 -0.124918 -0.311791 -0.080599 0.147846 -0.156859 0.017120 0.249002 -0.016922 0.163571 -0.012184 -0.026977 -0.118511 0.209182
-0.232106 0.062042 -0.080315 -0.156836 0.051879 0.467272 0.064787 -0.221723 -0.184281 0.160444 -0.248347 0.210494 -0.205591 0.018024 -0.177897 0.271866 0.024406 -0.002368 0.099693 -0.015975 0.696922 1.000000 -0.058784 -0.220629 -0.089608 0.137589 0.217656 0.380623 0.066455 0.224930 0.339958 0.088777 0.030106 0.029050 -0.470429 -0.254406 0.035761 0.316053 0.345778 0.444351 0.164235 0.055935 0.007843 -0.095142 -0.061301 -0.079272 -0.049619 -0.335181 -0.270814 -0.117808 0.098733 -0.375284 -0.091827 0.010347 -0.233934 0.287717 -0.069637 -0.185667 -0.307104 -0.187196 -0.149581 -0.142135 -0.289521 -0.191903 -0.045602 -0.034973 -0.440223 -0.136110 -0.122187 -0.059179 0.585347 0.424897 0.163212 0.431377 0.219867 0.503592 -0.165440 -0.006289 0.079169 0.125386 0.134067 0.380600 0.297542 0.244143 0.168817 0.199401 -0.042378 0.339799 -0.225168 -0.141770 -0.190521 -0.086964 -0.132554 0.082898 0.015120 0.246970 -0.101493 0.475817 -0.433400 0.015535 -0.096907 0.010884 0.189592 -0.095756 -0.349704 -0.041380 0.129808 -0.351043 -0.024253 0.272686 -0.068348 0.047599 -0.100896 0.055256 0.013378 0.272110
0.125434 0.053873 0.447395 0.515896 0.065095 -0.280449 0.173011 0.376293 -0.029603 -0.312082 0.014868 -0.366285 0.138556 -0.173383 -0.152436 -0.382221 -0.190393 0.003870 0.114305 0.004705 -0.194435 -0.058784 1.000000 0.662446 0.009148 0.136180 -0.231816 -0.103891 -0.311804 -0.353263 -0.055679 0.234042 -0.176910 -0.048491 0.267590 0.167749 -0.353205 -0.367337 0.046049 0.156573 -0.172443 -0.157018 -0.111040 -0.108603 -0.156306 -0.166692 -0.221158 -0.087169 0.263732 -0.077274 -0.220699 0.052712 -0.049358 0.038037 -0.016257 -0.087090 0.046450 0.150400 0.101215 0.202638 -0.083067 0.025006 0.079138 0.256486 -0.057034 0.302229 -0.090062 0.029753 0.053651 0.138605 -0.185890 0.052164 -0.183439 -0.375734 0.037404 -0.374064 -0.269080 -0.332255 -0.201538 -0.008427 -0.356920 -0.160356 -0.287799 -0.029384 -0.098021 -0.331094 0.225741 0.005882 0.182088 0.115059 0.142940 0.133861 -0.015905 0.100584 -0.022484 -0.195880 -0.094560 -0.020435 0.033496 -0.090666 -0.073661 0.029756 -0.249508 -0.218365 -0.189105 -0.114777 0.111646 -0.049079 -0.067870 -0.087722 -0.107405 -0.060342 0.081665 -0.091815 -0.188472 -0.011698
0.110375 0.091209 0.511589 0.808964 0.039943 -0.508799 -0.113601 0.534814 0.039539 -0.394184 0.065261 -0.189005 0.166608 -0.560347 -0.160160 -0.598884 -0.399618 0.299417 0.121321 0.059648 -0.291105 -0.220629 0.662446 1.000000 0.044091 0.239999 -0.274463 -0.290620 -0.358132 -0.207137 -0.376992 0.052476 0.002531 0.045701 0.555333 0.265473 -0.325533 -0.331818 -0.099348 0.127148 -0.111980 -0.266602 -0.173333 -0.254781 -0.238506 -0.247596 -0.266034 -0.042940 0.250521 -0.176238 -0.315455 0.247127 -0.038750 -0.037041 -0.077386 -0.131175 -0.011635 0.210674 -0.006104 0.229271 -0.215345 0.119223 0.239690 0.426956 -0.035371 0.365834 0.136497 0.203284 -0.020351 0.150900 -0.313970 -0.091918 -0.192526 -0.586275 0.055876 -0.573070 -0.266009 -0.328624 -0.269083 0.196391 -0.415156 -0.192935 -0.391134 0.075431 -0.059200 -0.228437 0.211714 -0.090583 0.242886 0.087583 0.297242 0.095102 0.128381 0.023974 -0.200254 -0.215997 -0.142147 -0.109780 0.117341 -0.213604 -0.139495 -0.141044 -0.383727 -0.251586 -0.113716 -0.191482 -0.074544 0.024430 -0.160881 -0.122032 -0.152227 -0.136306 -0.007376 -0.168917 -0.229006 -0.195271
-0.266009 -0.298383 -0.112260 -0.183636 0.562069 0.002578 -0.359488 -0.309976 0.625230 0.297498 -0.270845 0.139583 -0.024479 0.169518 0.316877 0.234876 -0.050997 0.000666 -0.134868 -0.259818 -0.361213 -0.089608 0.009148 0.044091 1.000000 0.463684 0.078125 -0.080949 0.067079 0.309766 -0.074715 -0.100371 -0.011531 -0.170298 0.304894 -0.010073 0.233993 -0.291687 -0.131327 -0.262535 -0.189635 -0.117819 -0.210661 -0.127184 -0.056618 -0.155782 -0.066106 -0.139449 -0.017702 0.134388 -0.137348 0.066316 -0.111113 0.118311 0.019687 -0.191039 -0.174583 -0.149023 -0.157015 -0.087018 -0.133704 -0.097494 0.046405 -0.258719 -0.050617 -0.054753 0.195949 -0.080129 -0.192016 -0.099607 -0.199602 0.078969 -0.026441 0.148163 -0.167636 0.209668 0.072525 0.159779 0.153021 0.059959 0.087060 -0.172593 -0.201028 -0.088158 0.210487 0.095493 -0.310879 -0.233663 -0.142208 -0.014799 -0.025075 0.036218 -0.027901 -0.105898 -0.023528 -0.138981 0.079536 -0.215257 -0.055893 -0.136285 -0.209208 0.048752 -0.099837 0.202411 0.193231 0.245855 -0.066414 -0.007373 -0.019395 -0.069845 -0.055375 -0.187581 -0.207106 -0.227865 0.278307 0.035346
-0.171940 -0.316436 0.164479 0.104602 -0.012017 -0.010909 -0.028409 -0.091198 0.049522 0.223920 -0.238510 0.147388 0.216151 -0.141005 0.250421 -0.180787 -0.334048 0.340897 -0.175590 -0.342371 -0.162136 0.137589 0.136180 0.239999 0.463684 1.000000 -0.084861 0.007931 0.112588 0.320442 0.400946 0.423250 -0.019988 -0.084674 0.284046 -0.055238 -0.095173 -0.130741 -0.267920 -0.223964 -0.235174 -0.512613 -0.044314 -0.004269 0.008147 -0.133258 -0.172632 -0.170553 0.170107 0.072148 0.137405 0.062313 -0.200084 0.058107 -0.324033 -0.083888 -0.211520 -0.199664 -0.410346 -0.196046 -0.413693 -0.127654 0.011862 -0.018528 -0.158592 0.076411 -0.082883 -0.045057 -0.271397 -0.160802 0.018653 0.132203 0.264976 -0.067151 0.225321 0.027913 -0.218587 -0.251612 0.081893 0.436972 -0.060074 0.039707 -0.208761 0.152407 0.210781 -0.067619 -0.071939 0.076929 -0.050253 -0.270995 -0.095512 -0.080831 -0.053261 -0.203361 -0.342672 -0.117332 0.086832 -0.257182 -0.023264 -0.329067 -0.103203 -0.346405 -0.429805 -0.133432 0.199927 0.079071 -0.389806 -0.198912 -0.173222 -0.086881 -0.182255 -0.329754 -0.351842 -0.216719 -0.044782 -0.299217
-0.253014 -0.169071 -0.078642 -0.136274 0.421172 0.683978 0.139889 -0.166977 0.158317 0.404788 -0.251812 0.115313 -0.053609 0.130216 0.374259 0.512173 -0.032640 -0.223724 0.157164 0.179678 0.319625 0.217656 -0.231816 -0.274463 0.078125 -0.084861 1.000000 0.657797 -0.073384 0.089329 0.121228 -0.165573 -0.204287 -0.107620 -0.097658 -0.076308 0.018595 0.236340 0.000999 -0.065608 -0.179167 0.238513 -0.014466 -0.013007 -0.237605 -0.156067 0.344630 0.011634 -0.052288 0.000188 0.149370 -0.030807 0.315863 -0.100911 -0.041358 -0.182195 -0.378560 -0.290068 0.044378 -0.117180 0.129232 -0.394504 -0.097120 -0.499380 -0.010047 -0.163520 -0.094091 0.037852 -0.035822 0.227616 0.170729 0.198373 -0.233750 0.263614 -0.378338 0.206162 -0.130711 0.177290 -0.154459 -0.374217 0.046977 -0.257994 0.376983 0.052885 0.272058 0.254673 -0.323282 0.159722 -0.054180 0.107121 0.028218 0.080061 0.127296 -0.039963 0.059095 -0.123862 -0.078017 0.001266 -0.182246 -0.078981 -0.180240 0.099709 0.202728 0.261561 0.203866 0.313457 0.168186 0.168305 -0.070124 0.037600 0.128220 0.092124 -0.204005 -0.069046 0.247213 0.265059
-0.261358 -0.227583 -0.076136 -0.099251 0.247449 0.720234 0.233269 -0.172526 0.003752 0.225286 -0.333210 0.083951 -0.052528 -0.006840 0.094066 0.354224 -0.073174 -0.160510 0.069577 0.040454 0.346922 0.380623 -0.103891 -0.290620 -0.080949 0.007931 0.657797 1.000000 -0.202206 0.094040 0.246570 -0.076446 -0.254460 -0.185808 -0.188724 -0.132920 -0.076082 0.309543 0.029869 -0.021814 -0.263744 0.189863 0.112304 0.128555 -0.203771 -0.061719 0.482605 0.064728 0.002704 0.033204 0.282025 0.048644 0.231861 -0.147818 -0.064331 -0.065125 -0.321858 -0.141982 0.138317 -0.092696 0.044138 -0.302812 -0.213417 -0.464413 -0.016224 -0.070027 -0.103667 0.094648 -0.040548 0.199450 0.166105 0.100623 -0.225460 0.262632 -0.334722 0.235448 -0.199731 0.063858 -0.206545 -0.235325 -0.039857 -0.120867 0.219710 0.150576 0.146611 0.313796 -0.242393 0.306138 -0.187547 0.081225 -0.003512 -0.105184 0.074266 -0.038506 0.103331 -0.238107 0.154462 0.038942 -0.107950 -0.054204 -0.202595 0.044431 0.228308 0.326561 0.253644 0.347851 0.171165 0.175699 -0.095190 0.103247 0.222793 0.127775 -0.239247 0.045659 0.328159 0.305758
0.008978 -0.141564 -0.493322 -0.501354 -0.172029 -0.052083 -0.178933 -0.545185 -0.184877 0.125320 0.397762 0.431602 0.189496 0.275759 0.435625 0.228117 0.476166 0.298427 -0.345586 -0.382196 -0.051114 0.066455 -0.311804 -0.358132 0.067079 0.112588 -0.073384 -0.202206 1.000000 0.467306 0.406067 0.286452 0.230333 0.083601 -0.258810 -0.417341 0.119906 0.149086 -0.188503 -0.297588 0.182408 -0.110769 0.075936 0.113284 0.255388 0.030146 -0.226765 -0.256788 -0.267728 0.053497 0.035789 -0.406605 -0.279601 -0.066010 -0.288900 0.012083 0.205297 -0.250290 -0.359225 -0.257205 -0.095155 -0.058028 0.190944 0.186568 -0.145369 -0.104662 -0.117813 -0.459750 -0.312536 -0.495753 0.322497 -0.033890 0.822866 0.419404 0.443844 0.252649 0.473182 -0.056629 0.624394 0.492604 0.582860 0.441986 0.480771 0.095482 0.253106 0.143361 0.013076 0.233672 -0.228377 -0.248049 -0.517771 -0.220105 -0.265710 -0.156255 -0.106900 0.118197 -0.113924 -0.226232 -0.166341 -0.053415 0.065378 -0.194826 -0.016665 -0.010433 0.007669 -0.034839 -0.223205 -0.365260 -0.147511 0.096399 -0.264883 -0.441489 -0.088083 0.071803 -0.109754 -0.226304
-0.268554 -0.087035 -0.492828 -0.321621 0.180500 0.135004 -0.240899 -0.569843 0.082854 0.380770 -0.123230 0.636260 0.245510 -0.004829 0.300519 0.249218 -0.118435 0.542060 -0.352827 -0.355640 -0.047311 0.224930 -0.353263 -0.207137 0.309766 0.320442 0.089329 0.094040 0.467306 1.000000 0.307944 0.151020 0.243555 -0.053149 -0.062462 -0.434326 0.289884 0.224044 -0.107385 -0.122569 0.024371 -0.142764 0.027560 -0.093982 -0.011639 -0.202853 -0.030736 -0.283114 -0.259471 -0.018434 -0.030503 -0.120899 -0.033287 0.028237 -0.256398 0.103274 -0.036899 -0.261146 -0.417083 -0.205630 -0.232883 -0.065449 0.250801 0.031065 -0.301971 -0.153986 -0.062356 -0.468256 -0.428658 -0.489580 0.263188 0.089024 0.497114 0.465420 0.298186 0.316181 0.155842 -0.060512 0.246030 0.499683 0.321564 0.197819 0.230322 0.451523 0.338781 0.329596 -0.220719 0.295990 -0.457254 -0.193087 -0.364696 -0.174201 -0.027509 -0.096228 -0.142203 -0.067059 0.131046 -0.123860 -0.041913 -0.061083 -0.137241 -0.080324 0.064565 0.189531 0.093962 -0.005910 -0.191246 -0.236093 -0.188473 0.051548 -0.135509 -0.256087 -0.093970 0.058474 0.049577 -0.188392
-0.100626 -0.143170 -0.205651 -0.360203 -0.270495 0.251575 0.224406 -0.353814 -0.381927 0.346736 -0.049852 0.202805 0.158549 0.288986 0.238764 0.156361 0.049151 0.069996 -0.249191 -0.365335 0.230081 0.339958 -0.055679 -0.376992 -0.074715 0.400946 0.121228 0.246570 0.406067 0.307944 1.000000 0.748360 0.097495 0.116197 -0.348314 -0.365106 -0.001681 0.166024 -0.087402 -0.116368 0.015927 -0.248292 0.176292 0.213389 0.234765 0.130999 -0.184051 -0.230126 0.026336 0.149125 0.320586 -0.197797 -0.150710 -0.002816 -0.331935 0.049640 0.031637 -0.301316 -0.341119 -0.263781 -0.209681 -0.238720 -0.114351 -0.078007 -0.235036 -0.115293 -0.336646 -0.307046 -0.202777 -0.361077 0.293529 0.181854 0.429404 0.276921 0.322998 0.166413 -0.047365 -0.227345 0.292138 0.250766 0.258376 0.242028 0.263556 0.219578 0.144146 0.097790 0.025025 0.386059 -0.262830 -0.303439 -0.453611 -0.221150 -0.154072 -0.109780 -0.171114 0.067124 0.016583 -0.132760 -0.125205 -0.085876 0.003999 -0.195008 -0.077481 -0.085128 -0.050112 -0.105939 -0.200165 -0.351977 -0.126120 0.025424 -0.227331 -0.218772 -0.136451 0.190871 -0.125052 -0.231818
-0.034445 -0.065195 -0.092175 -0.001980 -0.368747 -0.126834 0.203202 -0.002487 -0.472113 -0.014102 0.105033 0.094711 0.279288 0.070151 0.056522 -0.246783 -0.055782 0.138662 -0.300581 -0.466692 0.013555 0.088777 0.234042 0.052476 -0.100371 0.423250 -0.165573 -0.076446 0.286452 0.151020 0.748360 1.000000 0.181526 0.284618 -0.061976 -0.182544 -0.079331 -0.009253 -0.121860 -0.106202 0.039282 -0.212301 0.147447 0.143377 0.254703 0.100495 -0.286578 -0.210959 0.088446 0.141882 0.138064 -0.076500 -0.143167 0.110406 -0.266296 0.007913 0.171597 -0.236831 -0.373873 -0.144789 -0.257710 -0.024125 0.057020 0.302607 -0.318740 0.175282 -0.223851 -0.290030 -0.222518 -0.475641 0.012951 0.062122 0.328591 0.016142 0.305277 -0.141071 -0.102730 -0.414769 0.166841 0.332296 0.036948 0.186892 0.035963 0.251316 -0.019114 0.086091 0.164884 0.301860 -0.156215 -0.228358 -0.441499 -0.215932 -0.089042 -0.083278 -0.209641 0.044597 0.025172 -0.143969 -0.090112 -0.115385 -0.007344 -0.275968 -0.214042 -0.191869 -0.130114 -0.308098 -0.197049 -0.425536 -0.088068 -0.012176 -0.277720 -0.320953 -0.119623 0.143943 -0.291724 -0.352758
0.260916 0.401795 -0.155485 -0.096863 -0.247191 -0.275052 -0.112997 -0.087667 -0.133612 0.030458 0.181480 0.127347 -0.006041 -0.064231 -0.096815 -0.121028 0.135966 0.136868 -0.047549 -0.056874 -0.011585 0.030106 -0.176910 0.002531 -0.011531 -0.019988 -0.204287 -0.254460 0.230333 0.243555 0.097495 0.181526 1.000000 0.775384 -0.025812 -0.088980 0.050981 -0.027656 -0.242771 -0.126568 0.081757 -0.016884 0.089242 0.068206 0.323314 0.241667 -0.332718 -0.137270 -0.173620 0.142359 -0.106021 -0.177819 -0.288148 -0.117908 -0.251047 -0.078697 0.308067 -0.012558 -0.199406 0.003364 0.090339 0.324224 0.228410 0.374183 -0.047939 0.103909 0.215791 -0.102717 -0.017480 -0.448665 -0.144515 -0.349156 0.212954 0.121082 0.222545 -0.014056 0.185775 -0.236340 0.261754 0.297994 0.205798 0.416284 -0.113931 0.142378 -0.196378 0.117553 -0.076288 -0.019971 -0.251813 -0.343791 -0.326954 -0.233608 -0.199559 -0.028697 -0.227381 0.017657 0.117601 -0.115119 -0.023974 0.011691 -0.063137 -0.205104 0.042089 -0.156029 -0.258958 -0.465699 -0.171670 -0.394753 -0.261258 0.060644 -0.317208 -0.126294 -0.045467 0.227473 -0.230397 -0.309815
0.215276 0.418223 -0.029277 0.009533 -0.329055 -0.172674 -0.017900 0.052977 -0.252103 -0.020904 0.202303 -0.016923 -0.212913 -0.027387 -0.190699 -0.093629 0.268697 -0.126554 0.041949 0.053759 0.056078 0.029050 -0.048491 0.045701 -0.170298 -0.084674 -0.107620 -0.185808 0.083601 -0.053149 0.116197 0.284618 0.775384 1.000000 -0.047936 0.092925 -0.088145 -0.039535 -0.182781 -0.156633 0.106704 0.065636 0.061735 0.068037 0.313969 0.309590 -0.327881 -0.066558 -0.056589 0.174364 -0.018078 -0.051258 -0.258721 0.013797 -0.203012 -0.114398 0.238213 -0.010026 -0.130854 -0.034256 0.106457 0.327976 0.026503 0.339004 0.048631 0.369680 0.065576 0.055349 0.159626 -0.371088 -0.158856 -0.277281 -0.001205 0.039101 0.118366 -0.078035 0.165869 -0.199324 0.136144 0.047798 0.147935 0.256876 -0.095705 -0.014748 -0.192979 0.090028 -0.083829 -0.079713 -0.088948 -0.235322 -0.320349 -0.170894 -0.187843 -0.029441 -0.158213 0.020895 0.009172 -0.038798 -0.144261 0.026227 0.036999 -0.152583 0.081200 -0.192957 -0.290517 -0.510882 -0.072596 -0.312187 -0.186375 0.057709 -0.181811 -0.102997 -0.090440 0.214888 -0.264372 -0.242289
0.095263 -0.263661 0.331521 0.409920 0.185881 -0.302580 0.043177 0.309682 0.286211 -0.133592 -0.141261 -0.120853 0.279523 -0.342540 0.073486 -0.406217 -0.378675 0.218596 -0.036184 0.087733 -0.592240 -0.470429 0.267590 0.555333 0.304894 0.284046 -0.097658 -0.188724 -0.258810 -0.062462 -0.348314 -0.061976 -0.025812 -0.047936 1.000000 0.624477 -0.161663 -0.409205 -0.389170 -0.228402 -0.343939 -0.221944 -0.148132 -0.062516 -0.046828 -0.085573 -0.036582 0.203141 0.205543 -0.005059 -0.226112 0.253127 -0.187054 -0.033385 -0.057941 -0.404952 -0.105702 0.021680 0.003091 0.045143 -0.091215 -0.008735 0.261458 0.106730 -0.017514 0.305706 0.403119 0.337223 -0.033688 0.184212 -0.473328 -0.109443 -0.218310 -0.352075 -0.255399 -0.364633 -0.114725 -0.061746 -0.184131 0.057428 -0.276434 -0.199561 -0.460024 0.048718 -0.194280 -0.092151 -0.054034 -0.115953 0.035706 0.067460 0.265153 0.167660 0.138614 0.016293 -0.252638 -0.298450 0.248609 -0.287879 0.253978 -0.125659 -0.125172 -0.178379 -0.308822 -0.025016 0.171542 -0.018736 -0.151559 0.150911 -0.115542 -0.144932 0.038169 -0.067357 -0.165285 -0.139914 -0.069795 -0.215892
0.265231 -0.023438 0.445131 0.246974 0.034470 -0.056828 0.181073 0.462311 0.129104 -0.096219 -0.098304 -0.342024 -0.034521 -0.105050 -0.189559 -0.238845 -0.129758 -0.245343 0.120969 0.376941 -0.179401 -0.254406 0.167749 0.265473 -0.010073 -0.055238 -0.076308 -0.132920 -0.417341 -0.434326 -0.365106 -0.182544 -0.088980 0.092925 0.624477 1.000000 -0.254215 -0.310664 -0.160024 0.021471 -0.128335 0.066300 -0.206299 -0.083053 0.089745 0.134842 -0.082990 0.311840 0.277521 -0.004793 -0.127129 0.121944 -0.196620 -0.089996 0.093720 -0.344794 -0.034100 0.047258 0.239548 0.190701 0.177731 0.029878 -0.114978 -0.032137 0.011541 0.265778 0.287058 0.653345 0.238981 0.433650 -0.329613 0.048906 -0.379202 -0.290933 -0.307566 -0.265618 -0.267868 0.013636 -0.221016 -0.309699 -0.223437 -0.035203 -0.376818 -0.024350 -0.529363 -0.189528 -0.036480 -0.201801 0.077705 -0.039339 0.307880 0.204400 0.006759 0.049495 -0.024426 -0.171738 0.164089 0.081485 0.067924 -0.028457 0.053258 -0.115568 -0.103376 -0.199191 -0.128867 -0.175462 0.012917 0.223630 0.133350 -0.068717 0.200886 0.228061 -0.144275 -0.087006 -0.115235 0.015902
