1.000000 0.565772 0.214895 0.299546 -0.007469 -0.193155 0.177034 0.092126 -0.374991 -0.466215 0.012443 -0.096497 -0.112764 -0.361470 -0.155983 -0.296955 -0.056349 -0.052743 0.563202 0.311719 0.075220 0.202843 0.040951 0.026807 -0.309664 -0.213567 0.186570 0.205567 -0.159153 -0.285694 -0.535031 -0.462060 0.089574 -0.248977 -0.299184 -0.274442 -0.293004 -0.256041 0.059782 0.134833 -0.127071 0.091752 0.133531 0.123661 -0.056282 -0.019913 -0.094996 -0.106674 -0.116242 0.051950 -0.065269 -0.040573 0.179799 -0.142481 -0.089650 -0.151867 0.667902 0.376937 0.514991 0.339358 0.293637 0.259152 -0.050830 -0.069198 -0.084528 -0.038293 0.283576 -0.199678 0.350188 -0.008523 -0.050909 -0.368480 -0.064407 -0.113985 0.027962 -0.013924 0.000091 -0.136465 -0.144761 -0.220483 -0.202995 -0.070665 -0.038790 0.117483 -0.223232 -0.078324 0.015359 0.245614 0.508627 0.550170 -0.381375 -0.409822 -0.299063 0.001491 -0.034323 -0.202504 -0.268854 -0.028333 -0.263829 0.245648 -0.319777 0.255907 -0.011601 -0.207510 -0.079057 -0.166786 -0.196732 0.117276 0.006250 -0.419476 -0.234918 -0.114221 0.320668 -0.219819 -0.324210 -0.054728
0.565772 1.000000 -0.122475 0.257573 -0.119790 -0.232580 -0.061970 0.041531 -0.445237 -0.397306 -0.088773 0.113327 -0.376077 -0.272914 -0.299021 -0.329782 0.245862 0.354827 0.398488 0.631387 0.157282 0.230118 -0.306852 -0.078050 -0.304968 -0.155121 -0.034606 -0.000419 0.050110 0.125298 -0.292920 -0.245959 0.058031 0.006073 -0.611975 -0.388663 -0.115471 -0.191943 0.006327 0.038213 0.012682 0.196836 -0.070881 -0.050489 -0.172245 -0.079824 -0.201379 -0.185284 -0.218103 -0.024754 -0.217826 -0.110732 0.060004 -0.073117 -0.236882 -0.202919 0.471502 0.643593 0.075268 0.262628 -0.004589 0.211612 0.209304 0.392492 -0.397417 -0.183577 0.074850 -0.251712 0.537841 0.162715 0.193916 -0.066242 0.171967 0.252358 0.196813 0.301118 0.057826 -0.071068 0.210629 0.061006 0.137783 0.283643 0.010347 0.237047 -0.331313 -0.037909 -0.258799 -0.144836 0.123465 0.154814 -0.189559 -0.422556 -0.369522 -0.271283 -0.110993 0.032642 -0.329366 0.037066 -0.261748 -0.020504 -0.180354 0.102007 0.114746 -0.114584 -0.034384 -0.103330 -0.027832 -0.130621 -0.038016 -0.181527 -0.342132 -0.136919 0.203344 -0.147239 -0.300099 -0.074693
0.214895 -0.122475 1.000000 0.404001 0.121216 -0.198774 0.715863 0.516455 -0.101446 -0.290279 0.027244 0.040723 0.282147 -0.116097 -0.046308 -0.192139 -0.328827 -0.273781 0.410912 0.062785 -0.073428 -0.066403 0.490303 0.256430 -0.245812 -0.190844 0.167410 -0.002634 -0.152242 -0.327864 -0.266903 -0.172168 0.350396 0.020013 -0.063860 -0.162752 -0.219804 -0.166947 0.130158 0.196177 -0.182099 -0.096783 -0.133649 -0.195417 -0.129515 -0.171978 -0.226811 -0.313364 -0.009914 -0.127732 0.037569 -0.145022 0.077285 -0.261090 -0.127894 -0.264976 -0.015449 -0.075044 0.344150 0.165756 0.381952 0.012914 -0.168163 -0.307916 0.217519 -0.099284 0.451319 0.136621 -0.128485 0.042920 -0.204353 -0.364240 -0.171758 -0.419473 -0.184287 -0.326692 -0.334733 -0.242279 -0.398614 -0.425587 -0.460047 -0.347810 -0.028140 0.034871 -0.178563 -0.021507 0.138515 0.350914 0.393956 0.403558 -0.312242 -0.096641 0.120760 0.438652 -0.145796 -0.217300 -0.195917 -0.230497 -0.329972 -0.048594 -0.108483 -0.035089 -0.158832 -0.270150 -0.123674 -0.007962 -0.318757 0.264735 -0.204461 -0.266185 -0.149640 -0.070129 0.139281 -0.167293 -0.371103 -0.147028
0.299546 0.257573 0.404001 1.000000 -0.010466 -0.062583 0.331938 0.676989 -0.343270 -0.236184 -0.064108 0.060960 -0.054775 -0.203426 -0.171981 -0.118180 -0.120580 -0.131867 0.405172 0.379472 0.094722 0.199829 0.353842 0.451264 -0.402184 -0.186317 0.144826 0.012153 -0.149954 -0.129978 -0.308998 -0.045745 0.074388 0.144568 -0.276468 -0.076444 -0.439070 -0.410272 -0.082078 0.060622 -0.251469 -0.102950 -0.032032 -0.206476 -0.264293 -0.145341 -0.184561 -0.318128 -0.093553 -0.119214 -0.057216 -0.066831 0.104756 -0.096494 -0.353046 -0.380285 0.085085 0.070527 0.134550 0.124793 0.058520 0.178635 -0.052419 -0.130631 0.048682 0.060910 0.123606 -0.097468 0.255637 0.093707 -0.020089 -0.170788 -0.161936 -0.015707 0.027623 -0.025147 -0.117130 0.055325 -0.213263 -0.370130 -0.297658 -0.203591 -0.000445 0.078174 -0.334901 -0.067200 0.024674 0.237865 0.402197 0.306671 -0.177047 -0.209616 0.234297 0.140116 -0.299534 -0.145410 -0.501133 -0.226671 -0.426194 -0.240851 -0.179159 -0.098249 -0.232005 -0.272933 -0.129762 -0.060337 -0.285389 0.088144 -0.200099 -0.339325 -0.408377 -0.333445 0.142204 -0.070551 -0.360195 -0.119521
-0.007469 -0.119790 0.121216 -0.010466 1.000000 0.624378 -0.198081 0.085296 0.366095 0.340732 -0.140928 -0.229683 -0.336036 -0.137267 0.389408 0.380500 -0.176716 -0.476529 -0.102522 -0.294217 0.494142 -0.001112 0.010327 -0.072693 0.362756 0.162963 0.776611 0.545908 -0.406524 -0.306765 -0.135070 -0.349213 -0.208302 -0.406475 -0.037853 -0.024473 -0.293003 -0.234188 -0.174453 -0.093975 -0.167852 0.117123 0.297695 0.110698 0.331746 0.188496 0.253622 0.027989 0.600527 0.383562 0.478025 0.464133 0.599878 0.317153 0.419780 0.178452 -0.105514 -0.353614 0.240943 0.229762 -0.135537 -0.116129 -0.291201 -0.354806 0.036791 -0.033992 0.063000 -0.029136 -0.278114 -0.144226 -0.092832 -0.184287 -0.346232 -0.188032 -0.203797 -0.021548 -0.366421 -0.363682 -0.430893 -0.445647 -0.249689 -0.328137 -0.315047 0.029581 0.214493 0.278296 -0.110942 0.143987 0.391873 0.409624 0.094596 -0.020023 -0.107165 -0.114970 -0.058596 -0.200201 -0.034388 -0.178779 0.089176 -0.073536 0.053785 0.115168 0.107531 0.174355 0.325894 0.203001 0.169177 0.213359 0.052051 -0.239319 -0.330816 -0.210340 0.005525 -0.346720 0.050162 0.181257
-0.193155 -0.232580 -0.198774 -0.062583 0.624378 1.000000 -0.373791 -0.006998 0.535241 0.630823 -0.347485 -0.072362 -0.352049 0.026803 0.457845 0.476884 -0.269959 -0.323213 -0.245086 -0.285453 0.342871 0.121691 0.004557 0.118386 0.640883 0.606673 0.402366 0.458893 -0.473683 -0.183832 0.220254 0.011805 -0.300702 -0.291201 0.101455 0.274907 -0.207322 -0.160467 -0.242522 -0.149502 -0.210196 0.047914 0.347600 0.229902 0.395843 0.324586 0.324538 0.186234 0.526774 0.408913 0.417263 0.491423 0.441875 0.367475 0.390004 0.176838 -0.257908 -0.487207 0.082198 0.053992 -0.413408 -0.170085 -0.344640 -0.423191 -0.012907 0.117525 -0.111913 0.035155 -0.227988 -0.130407 0.100912 0.278487 -0.413388 -0.023507 -0.305660 0.271729 -0.265173 -0.372848 -0.364693 -0.253990 -0.189489 -0.201374 -0.304447 0.009111 0.203594 0.179928 -0.100574 0.041820 0.183430 0.155833 0.298430 -0.088088 -0.112778 -0.359175 -0.021281 -0.136883 0.084080 -0.190347 0.147164 -0.246877 0.113969 0.175455 0.188808 0.125048 0.134334 0.036102 0.302387 0.012330 -0.015990 -0.145925 -0.191837 -0.243616 -0.241578 -0.198962 0.061939 0.024806
0.177034 -0.061970 0.715863 0.331938 -0.198081 -0.373791 1.000000 0.599538 -0.078977 -0.242625 0.156932 0.239329 0.550268 0.242408 -0.104609 -0.139755 -0.056091 0.093609 0.359840 0.244692 -0.262187 -0.149007 0.410303 0.083945 -0.459222 -0.375496 -0.096889 -0.340684 0.199119 0.043596 -0.134126 -0.026064 0.282909 0.139000 -0.098371 -0.288055 -0.130574 -0.162077 0.123205 0.212146 -0.041413 -0.105574 -0.283472 -0.259548 -0.266514 -0.329393 -0.339477 -0.309472 -0.247354 -0.284179 -0.241758 -0.358423 -0.217500 -0.239457 -0.365870 -0.295370 0.024142 0.013204 -0.007177 -0.165962 0.413501 0.066181 0.138832 -0.067934 0.131135 -0.120843 0.022046 -0.142751 -0.055637 -0.067949 -0.000886 -0.222751 0.149818 -0.131779 0.071571 -0.185807 -0.021395 0.019465 -0.078821 -0.106327 -0.142200 -0.102595 0.214290 0.073591 -0.256342 -0.160510 0.259908 0.235614 0.171999 0.145239 -0.243906 0.031568 0.340505 0.567154 -0.219763 -0.045555 -0.198176 -0.185503 -0.209445 0.065839 0.033250 -0.175928 -0.163604 -0.416612 -0.375369 -0.133550 -0.505128 0.055356 -0.326767 -0.155995 0.012719 0.078645 0.166707 0.135627 -0.314324 -0.133073
0.092126 0.041531 0.516455 0.676989 0.085296 -0.006998 0.599538 1.000000 -0.124687 -0.066292 -0.032174 0.221927 0.169701 0.075353 -0.107210 -0.006618 -0.091432 -0.030477 0.154003 0.281426 0.051172 0.058940 0.307895 0.222270 -0.336341 -0.136043 0.176669 -0.119798 -0.053920 -0.032770 -0.215469 -0.081628 0.139789 0.223512 -0.244403 -0.130170 -0.317204 -0.369449 -0.031845 0.125319 -0.183159 -0.089404 -0.023089 -0.143544 -0.132191 -0.134901 -0.187312 -0.228006 -0.123322 -0.159343 -0.129938 -0.248388 -0.055879 -0.177904 -0.362220 -0.375524 -0.082963 -0.090985 -0.109051 -0.130486 0.047229 0.076407 0.031151 -0.150097 0.013734 0.055305 -0.070758 -0.098505 -0.038067 0.044851 0.024664 -0.142819 -0.117088 -0.072037 -0.087103 -0.022740 -0.154866 -0.004439 -0.253828 -0.300641 -0.176434 -0.193791 0.090416 0.050036 -0.289996 -0.037420 0.135261 0.181060 0.320221 0.191850 -0.098888 -0.047023 0.395153 0.334241 -0.388337 -0.139633 -0.321304 -0.254494 -0.272281 -0.161390 -0.018570 -0.133314 -0.096562 -0.330241 -0.194900 -0.067339 -0.346281 0.166095 -0.338070 -0.256813 -0.214817 -0.211499 0.180249 -0.005808 -0.337706 -0.114329
-0.374991 -0.445237 -0.101446 -0.343270 0.366095 0.535241 -0.078977 -0.124687 1.000000 0.766650 0.141823 0.134474 0.247109 0.423728 0.610184 0.625187 -0.021307 -0.205616 -0.114169 -0.382995 -0.084430 -0.440700 0.088840 -0.173487 0.406916 0.223115 0.062191 0.017219 -0.005331 0.055048 0.439128 0.133451 -0.253641 -0.358871 0.308715 0.105109 0.055740 0.019948 -0.369590 -0.343105 -0.078892 -0.136863 0.054197 0.061234 0.193471 0.022418 0.217057 0.159894 0.316345 0.154613 0.207761 0.260407 0.136180 0.138604 0.397259 0.233674 -0.332579 -0.524105 -0.024606 -0.121503 -0.030975 -0.123766 -0.186420 -0.161129 0.254010 0.142044 -0.167603 -0.040163 -0.354439 -0.354306 -0.009462 0.198966 -0.053952 -0.010766 -0.066717 0.020627 -0.056574 -0.175048 -0.127897 -0.101619 0.023011 -0.158271 -0.265164 -0.344790 0.364652 0.015996 0.033980 -0.113939 -0.119090 -0.183669 0.193129 0.292589 0.114540 0.045967 0.283706 -0.171327 0.287002 -0.204313 0.283817 0.022149 0.188101 0.047202 0.090313 0.079664 0.015588 0.084486 0.157336 -0.115510 0.068808 0.083097 -0.001887 -0.071044 -0.169745 0.022330 0.336492 0.214027
-0.466215 -0.397306 -0.290279 -0.236184 0.340732 0.630823 -0.242625 -0.066292 0.766650 1.000000 0.052448 0.243727 0.021191 0.438067 0.431864 0.685314 0.060907 -0.148018 -0.265242 -0.322936 -0.011252 -0.265009 -0.094792 -0.180889 0.559729 0.391827 0.015465 -0.075925 -0.049240 0.197975 0.552294 0.260100 -0.356411 -0.286637 0.248928 0.178180 0.009487 -0.088255 -0.422225 -0.420800 -0.074894 -0.121252 0.136345 0.150259 0.317001 0.212668 0.237914 0.219665 0.399475 0.307430 0.265196 0.359304 0.161922 0.306751 0.296796 0.249417 -0.437792 -0.603641 -0.190253 -0.265378 -0.263020 -0.175982 -0.148441 -0.215385 0.107420 0.262303 -0.316847 -0.043147 -0.323233 -0.357188 0.165407 0.433367 -0.075727 0.177905 -0.031950 0.274474 -0.007916 -0.160701 -0.049785 -0.013517 0.119920 -0.006571 -0.301890 -0.230134 0.304597 0.095285 -0.066372 -0.234390 -0.263388 -0.361924 0.306119 0.262559 0.105152 -0.186969 0.140819 -0.106173 0.209518 -0.197161 0.272970 -0.217272 0.210943 0.032318 0.075821 0.083025 0.052056 0.076327 0.253254 -0.194889 -0.000007 0.087290 -0.158078 -0.177552 -0.230761 0.004197 0.282708 0.129301
0.012443 -0.088773 0.027244 -0.064108 -0.140928 -0.347485 0.156932 -0.032174 0.141823 0.052448 1.000000 0.281926 0.636601 0.453584 0.207854 0.259838 0.533958 -0.189111 0.159337 -0.166397 -0.247645 -0.279733 0.184485 -0.122700 -0.287897 -0.333690 -0.114270 -0.280008 0.407662 0.004026 -0.101143 -0.097122 -0.005689 -0.068889 0.132343 -0.213963 -0.118901 -0.054216 -0.111711 -0.058026 -0.096010 -0.087458 -0.228732 -0.172052 -0.312394 -0.357006 -0.198084 -0.138513 -0.208819 -0.308953 -0.028496 -0.185383 -0.189474 -0.137734 -0.049625 -0.055941 0.112323 -0.078261 -0.035857 -0.214894 0.437459 0.049526 0.201457 0.036529 0.413082 0.166717 -0.171734 -0.147480 -0.131106 -0.184276 -0.121312 -0.199578 0.233541 -0.014456 0.160088 -0.203535 0.152580 0.191156 0.236079 -0.025313 0.167935 -0.061213 -0.045618 -0.341397 0.118632 -0.022127 0.048605 -0.004280 -0.015498 -0.159064 -0.136879 0.334050 0.236628 0.441553 0.175327 -0.049619 -0.023809 -0.015378 -0.001908 0.236537 -0.037661 -0.183332 -0.220957 -0.022566 0.122954 0.256173 -0.335066 -0.128326 0.149098 0.127811 0.008060 -0.092866 0.253562 0.359183 0.383078 0.481564
-0.096497 0.113327 0.040723 0.060960 -0.229683 -0.072362 0.239329 0.221927 0.134474 0.243727 0.281926 1.000000 0.268624 0.366680 0.075644 0.258733 0.123280 0.251219 0.091000 0.132917 -0.220013 -0.171741 0.068304 -0.065257 -0.052007 0.068599 -0.351708 -0.436452 0.262248 0.450154 0.197990 0.197522 0.188242 0.205531 -0.095007 -0.062094 0.115636 0.019131 -0.231849 -0.170282 0.064081 -0.137651 -0.168322 -0.004364 -0.076050 -0.031651 -0.136217 -0.012120 -0.183896 -0.055830 -0.130512 -0.113940 -0.248463 -0.034741 -0.233523 -0.022535 -0.226484 -0.209633 -0.202454 -0.309488 0.025558 0.079899 0.117141 0.131828 0.117627 0.288601 -0.124177 -0.114286 0.012296 -0.181004 0.136090 0.153818 0.196381 0.187447 0.044106 0.218346 0.097486 -0.040792 0.159736 0.154648 0.090535 0.165365 0.012129 -0.034683 -0.004745 -0.094486 -0.168099 -0.245073 -0.256833 -0.390793 -0.049140 -0.070073 0.127132 0.000683 -0.046566 -0.042853 -0.139762 -0.204917 -0.162698 -0.253452 0.038908 0.064101 -0.044670 -0.290421 -0.309259 -0.224571 -0.071805 -0.241155 -0.283577 -0.114473 -0.197739 -0.254345 -0.013792 0.152452 -0.067452 -0.160115
-0.112764 -0.376077 0.282147 -0.054775 -0.336036 -0.352049 0.550268 0.169701 0.247109 0.021191 0.636601 0.268624 1.000000 0.567939 0.240595 0.131622 0.185747 -0.018404 0.152695 -0.138231 -0.431122 -0.466492 0.290006 -0.095153 -0.339781 -0.381893 -0.285211 -0.426199 0.374109 0.063670 0.046329 0.054043 0.121103 0.045563 0.301268 -0.088189 0.015282 0.112525 0.018382 0.032734 0.087659 -0.160365 -0.341879 -0.258688 -0.323779 -0.389784 -0.279184 -0.132079 -0.320115 -0.423589 -0.229997 -0.377317 -0.392777 -0.321235 -0.145745 -0.136712 -0.110006 -0.200409 -0.055171 -0.292505 0.493122 0.022570 0.165953 -0.033484 0.372479 0.113211 -0.106427 -0.098642 -0.190140 -0.140419 -0.152530 -0.155615 0.210217 -0.158303 0.081657 -0.358727 0.161736 0.226500 0.110064 0.049753 0.037256 -0.123191 0.145065 -0.311776 0.092023 -0.129280 0.389161 0.155534 -0.033413 -0.150189 -0.165555 0.377637 0.459089 0.652632 0.127799 -0.042563 0.138167 -0.081403 -0.018707 0.182233 0.048886 -0.197282 -0.196492 -0.124546 -0.129527 0.098857 -0.380283 -0.010569 -0.058570 0.189958 0.369780 0.099015 0.053117 0.319014 0.212985 0.199336
-0.361470 -0.272914 -0.116097 -0.203426 -0.137267 0.026803 0.242408 0.075353 0.423728 0.438067 0.453584 0.366680 0.567939 1.000000 0.214549 0.553509 0.387880 0.031258 -0.089853 -0.136639 -0.299309 -0.306200 -0.026760 -0.353201 0.009822 -0.059802 -0.219033 -0.467391 0.476434 0.460571 0.431670 0.338505 -0.035724 0.060884 0.128237 -0.108137 -0.023218 0.061624 -0.160269 -0.111899 -0.032050 -0.085269 -0.245786 -0.120217 -0.201841 -0.274552 -0.113079 -0.015352 -0.157318 -0.233286 -0.194496 -0.191716 -0.245599 -0.007403 -0.068663 0.007951 -0.170988 -0.342852 -0.294723 -0.352156 0.179085 0.022320 0.349780 0.073718 0.085028 -0.027813 -0.399361 -0.297816 -0.159349 -0.249318 0.031528 0.154470 0.321251 0.206663 0.079685 0.072256 0.133151 0.138966 0.292608 0.237606 0.353317 0.160810 -0.030628 -0.170697 -0.022081 -0.066276 0.135105 -0.191333 -0.265856 -0.344307 0.020795 0.249801 0.311332 0.214445 0.072020 -0.011330 0.130417 -0.113261 0.158526 0.004016 0.175893 -0.295523 -0.045768 -0.094713 -0.082487 0.098326 -0.197733 -0.189683 -0.077565 0.243146 0.149322 -0.022704 -0.042104 0.303631 0.361055 0.326614
-0.155983 -0.299021 -0.046308 -0.171981 0.389408 0.457845 -0.104609 -0.107210 0.610184 0.431864 0.207854 0.075644 0.240595 0.214549 1.000000 0.584053 -0.085825 -0.328362 0.068769 -0.270743 0.072997 -0.228541 0.252968 0.020108 0.206121 0.065212 0.292725 0.304679 -0.096663 -0.151297 0.063112 -0.101203 -0.154549 -0.355487 0.257495 -0.022749 -0.089772 -0.013769 -0.198650 -0.129841 -0.126446 0.018189 0.205050 0.024562 0.032328 -0.127341 0.280441 0.135323 0.308968 0.087608 0.283803 0.263898 0.273325 0.274801 0.470385 0.254544 -0.127252 -0.383479 0.011540 -0.139901 -0.046038 -0.243823 -0.282363 -0.337009 0.332404 0.012029 -0.244584 -0.240312 -0.191002 -0.191582 -0.223728 -0.095576 -0.153511 -0.195167 -0.152970 -0.138573 -0.068163 -0.129534 -0.204369 -0.255496 -0.100653 -0.301060 -0.034074 -0.065641 0.498854 0.184416 0.069322 0.197506 0.215691 0.174286 0.166508 0.167474 0.058245 0.105855 0.191588 -0.155144 0.189547 -0.132561 0.252841 0.078733 0.006842 -0.035689 -0.068448 -0.037950 0.087598 0.080403 0.006720 -0.082383 -0.020966 -0.071003 0.041439 -0.089381 -0.090552 -0.023165 0.322794 0.336855
-0.296955 -0.329782 -0.192139 -0.118180 0.380500 0.476884 -0.139755 -0.006618 0.625187 0.685314 0.259838 0.258733 0.131622 0.553509 0.584053 1.000000 0.096214 -0.345595 -0.134653 -0.322467 0.149532 -0.154726 -0.007898 -0.224036 0.286808 0.122382 0.271697 0.001210 0.072080 0.213919 0.253042 0.098086 -0.199740 -0.189090 0.266687 0.074082 -0.088019 0.031519 -0.277339 -0.162705 -0.107426 0.079562 0.129743 0.057103 0.139990 0.028279 0.228152 0.144959 0.287313 0.179718 0.191605 0.255120 0.225940 0.330658 0.290907 0.265415 -0.222090 -0.559165 -0.105325 -0.238324 -0.061639 -0.068436 -0.109375 -0.233559 0.226033 0.104863 -0.317482 -0.269765 -0.246276 -0.279872 -0.117214 0.064452 -0.034233 0.132655 0.004162 0.113446 0.017639 0.002429 -0.064664 -0.136046 0.046385 -0.137713 -0.241832 -0.036300 0.246326 0.151925 -0.105806 0.036337 0.017621 -0.029227 0.038017 0.107441 0.134127 -0.058111 0.175810 -0.176957 0.117389 -0.130721 0.193743 -0.039933 0.084305 -0.129524 -0.067976 -0.089234 0.064624 0.067591 -0.005342 -0.134454 -0.030855 0.030235 -0.093424 -0.222356 -0.039469 0.062905 0.360008 0.415471
-0.056349 0.245862 -0.328827 -0.120580 -0.176716 -0.269959 -0.056091 -0.091432 -0.021307 0.060907 0.533958 0.123280 0.185747 0.387880 -0.085825 0.096214 1.000000 0.290837 -0.059393 0.187593 -0.065450 0.005874 -0.200386 -0.208491 -0.188702 -0.164304 -0.171767 -0.303986 0.651711 0.375898 0.050651 0.058036 0.009198 0.070589 -0.211801 -0.354046 0.069705 -0.068779 0.074564 -0.028161 0.064137 0.193365 -0.245297 -0.163918 -0.311779 -0.332646 -0.241127 -0.188497 -0.292492 -0.361501 -0.155641 -0.350016 -0.108210 -0.109365 -0.248556 -0.127587 0.315804 0.281354 -0.402939 -0.273795 0.046556 -0.049672 0.632200 0.430401 -0.077054 -0.094994 -0.333395 -0.371474 0.156345 -0.098996 0.234349 0.048209 0.608928 0.426848 0.505898 0.251676 0.367432 0.124507 0.668421 0.316015 0.714278 0.387062 0.265185 -0.023820 -0.105731 0.097258 0.086566 -0.188509 -0.159329 -0.248516 -0.210821 0.052886 0.003117 0.071853 -0.040970 0.162526 -0.147475 0.029956 -0.003027 0.206268 -0.046813 -0.238360 -0.058614 -0.078166 -0.034946 0.171891 -0.321975 -0.382485 0.040550 0.194321 -0.107081 -0.044752 0.078524 0.378355 0.298804 0.408161
-0.052743 0.354827 -0.273781 -0.131867 -0.476529 -0.323213 0.093609 -0.030477 -0.205616 -0.148018 -0.189111 0.251219 -0.018404 0.031258 -0.328362 -0.345595 0.290837 1.000000 -0.010805 0.458555 -0.148913 0.022510 -0.260078 -0.194204 -0.204406 -0.057973 -0.452957 -0.417570 0.489799 0.658625 0.224114 0.305232 0.031104 0.264893 -0.226784 -0.179300 0.426554 0.104217 0.118851 0.021179 0.296849 0.010739 -0.171794 -0.043011 -0.182784 -0.161249 -0.170753 -0.038224 -0.379604 -0.259370 -0.405699 -0.380240 -0.368752 -0.109503 -0.411053 -0.155677 0.069357 0.472257 -0.496221 -0.314178 -0.127040 -0.002165 0.468546 0.645358 -0.337280 -0.147400 -0.281190 -0.281940 0.285633 0.041796 0.437461 0.339096 0.569229 0.514280 0.356926 0.303287 0.428944 0.171544 0.479886 0.699224 0.479905 0.614084 0.370024 0.114225 -0.145664 -0.146534 0.001668 -0.325175 -0.356699 -0.378890 -0.074475 -0.126947 -0.096618 -0.165249 -0.160173 0.197640 -0.097150 0.082938 -0.053930 -0.023933 0.108016 -0.066859 0.067833 -0.278559 -0.460039 -0.338917 -0.028464 -0.212363 -0.271055 0.063230 0.099395 0.202546 -0.173332 0.135818 -0.111869 -0.284428
0.563202 0.398488 0.410912 0.405172 -0.102522 -0.245086 0.359840 0.154003 -0.114169 -0.265242 0.159337 0.091000 0.152695 -0.089853 0.068769 -0.134653 -0.059393 -0.010805 1.000000 0.483910 -0.121308 -0.074260 0.192739 -0.027941 -0.403827 -0.337798 0.019766 -0.057981 0.050225 -0.108475 -0.245524 -0.211085 0.123625 -0.192680 -0.166901 -0.305177 -0.237667 -0.212654 -0.049434 0.038626 -0.223107 -0.033650 -0.086627 -0.103796 -0.291127 -0.240351 -0.215856 -0.198127 -0.249248 -0.141182 -0.177998 -0.112646 0.019351 -0.150806 -0.162371 -0.183299 0.281897 0.204229 0.311118 0.209705 0.307178 0.145688 -0.065312 -0.097111 0.095460 -0.054635 0.242013 -0.183115 0.475571 0.038157 -0.065117 -0.237956 0.078877 -0.122807 0.058306 -0.078359 0.007520 -0.069017 -0.156946 -0.244585 -0.261425 -0.131486 -0.033029 0.052540 -0.165817 -0.114918 0.066456 0.252320 0.367060 0.338258 -0.276844 -0.205771 -0.186047 0.161368 -0.027103 -0.236295 -0.302185 -0.132705 -0.279876 0.086771 -0.144967 0.123602 -0.031262 -0.260119 -0.154916 -0.108549 -0.196997 0.114121 -0.127100 -0.312495 -0.215043 -0.098697 0.177830 -0.141300 -0.226627 0.039518
0.311719 0.631387 0.062785 0.379472 -0.294217 -0.285453 0.244692 0.281426 -0.382995 -0.322936 -0.166397 0.132917 -0.138231 -0.136639 -0.270743 -0.322467 0.187593 0.458555 0.483910 1.000000 -0.058289 0.141047 -0.074355 0.073920 -0.398702 -0.201494 -0.154841 -0.182915 0.183863 0.240785 -0.147799 -0.023929 0.075207 0.173837 -0.400150 -0.293758 -0.074981 -0.180740 0.138437 0.145676 -0.041303 0.177606 -0.166949 -0.197753 -0.327528 -0.269035 -0.298660 -0.263041 -0.433908 -0.280993 -0.457586 -0.408804 -0.127073 -0.199971 -0.470874 -0.368013 0.222066 0.518968 -0.224589 0.016707 -0.160752 0.017979 0.282036 0.253612 -0.367427 -0.302387 -0.049631 -0.218580 0.655430 0.495528 0.277631 0.091751 0.242127 0.250072 0.195885 0.298579 0.126129 0.083382 0.184464 0.052331 0.196576 0.277500 0.306318 0.440746 -0.360730 -0.020115 0.037237 0.038591 0.175284 0.117628 -0.134571 -0.294265 -0.065137 -0.011423 -0.273834 0.192489 -0.397023 0.109897 -0.251393 0.044991 -0.087940 0.000763 0.036492 -0.280475 -0.284758 -0.251811 -0.261667 -0.131204 -0.246086 -0.215079 -0.184759 0.042506 0.146039 0.038747 -0.323394 -0.116710
0.075220 0.157282 -0.073428 0.094722 0.494142 0.342871 -0.262187 0.051172 -0.084430 -0.011252 -0.247645 -0.220013 -0.431122 -0.299309 0.072997 0.149532 -0.065450 -0.148913 -0.121308 -0.058289 1.000000 0.449811 -0.222680 0.017600 0.173324 0.115100 0.698960 0.462413 -0.304582 -0.130860 -0.239463 -0.284171 -0.118461 -0.121092 -0.199094 -0.010177 -0.099212 -0.161877 0.221939 0.236985 -0.134847 0.357774 0.273124 -0.006136 0.174717 0.177762 0.028564 -0.092997 0.209948 0.121486 0.215568 0.105843 0.323626 0.254611 0.020751 -0.048663 0.097791 0.005266 0.035783 0.099677 -0.185450 -0.137967 -0.112824 -0.129829 -0.073133 -0.184257 0.033570 -0.048845 -0.012990 0.002685 0.038275 -0.124055 -0.222335 0.021693 -0.122635 0.128350 -0.226929 -0.213781 -0.200746 -0.254081 -0.163100 -0.106985 -0.093672 0.121039 0.069379 0.411192 -0.124962 0.178444 0.358539 0.464991 -0.045156 -0.206498 -0.177700 -0.173184 -0.181129 0.012576 -0.214355 -0.158227 -0.135564 -0.227646 0.004519 -0.228705 -0.077883 0.015370 0.375508 0.304078 0.040488 0.162677 -0.103148 0.008937 -0.208279 -0.246059 -0.206571 -0.295194 0.046549 0.248663
0.202843 0.230118 -0.066403 0.199829 -0.001112 0.121691 -0.149007 0.058940 -0.440700 -0.265009 -0.279733 -0.171741 -0.466492 -0.306200 -0.228541 -0.154726 0.005874 0.022510 -0.074260 0.141047 0.449811 1.000000 -0.012489 0.283652 0.229595 0.452382 0.204313 0.299893 -0.076420 -0.039476 -0.197083 0.007882 0.041241 0.148263 -0.254832 0.031564 -0.038422 -0.183377 0.375800 0.322651 -0.241562 0.262397 0.212499 0.089529 0.010962 0.128293 -0.014724 -0.129449 -0.053224 0.006264 0.077586 -0.074377 0.101788 0.081559 -0.209556 -0.130510 0.159234 0.206028 -0.095593 -0.041302 -0.327713 -0.207589 0.016658 -0.095405 -0.244477 -0.185108 -0.044877 -0.058738 0.179959 0.165293 0.245080 0.097412 -0.033529 0.210759 0.023137 0.340110 -0.007182 -0.027874 0.123239 0.086707 0.098659 0.286261 0.236452 0.383267 -0.177881 0.207566 -0.053423 0.147849 0.219717 0.277809 -0.106386 -0.351494 -0.186727 -0.202380 -0.376927 0.059812 -0.295335 0.029718 -0.197560 -0.144404 -0.101686 -0.093579 -0.063649 -0.190805 -0.026515 -0.118132 -0.076404 0.024677 -0.188713 -0.190970 -0.234191 -0.177882 -0.122295 0.026056 -0.089656 -0.046270
0.040951 -0.306852 0.490303 0.353842 0.010327 0.004557 0.410303 0.307895 0.088840 -0.094792 0.184485 0.068304 0.290006 -0.026760 0.252968 -0.007898 -0.200386 -0.260078 0.192739 -0.074355 -0.222680 -0.012489 1.000000 0.651100 -0.116678 -0.077005 0.062683 0.056248 -0.143431 -0.288467 -0.092049 0.049896 0.061595 -0.002518 0.142936 0.003175 -0.197452 -0.222677 -0.045283 0.071534 -0.285840 -0.293251 0.071898 -0.029860 -0.064789 -0.131404 0.067915 -0.085326 0.091413 -0.033605 0.220635 0.014432 0.103868 -0.017215 -0.053057 -0.121522 -0.097756 -0.181839 0.085912 -0.111453 0.055973 -0.098539 -0.236149 -0.372174 0.501807 0.089915 -0.027009 -0.017687 -0.146228 -0.051785 -0.229508 -0.245095 -0.248759 -0.338046 -0.223934 -0.305186 -0.240568 -0.156141 -0.240623 -0.271353 -0.292798 -0.234500 0.031205 -0.047942 0.139412 -0.018881 0.180273 0.357338 0.387717 0.241092 -0.061705 0.070095 0.265644 0.352905 -0.149161 -0.183215 -0.112377 -0.252695 -0.088890 0.007605 -0.171256 -0.109915 -0.325402 -0.338697 -0.274685 -0.126014 -0.390412 -0.008424 -0.103762 -0.318409 -0.095703 -0.082079 0.212350 0.121838 -0.114860 -0.072091
0.026807 -0.078050 0.256430 0.451264 -0.072693 0.118386 0.083945 0.222270 -0.173487 -0.180889 -0.122700 -0.065257 -0.095153 -0.353201 0.020108 -0.224036 -0.208491 -0.194204 -0.027941 0.073920 0.017600 0.283652 0.651100 1.000000 0.028596 0.201524 0.032027 0.260043 -0.364253 -0.402129 -0.081646 0.119321 -0.004297 0.061488 -0.040073 0.158543 -0.178843 -0.192178 0.051964 0.140888 -0.310140 -0.105856 0.075629 -0.052773 0.025175 0.088517 -0.042012 -0.150591 0.039264 0.029504 0.199506 0.038568 0.117769 -0.036667 -0.145104 -0.247621 -0.032401 0.052635 0.044670 -0.059221 -0.238252 -0.256929 -0.291737 -0.334720 0.194798 0.026369 0.067105 0.223055 -0.001603 0.188836 0.015337 0.019617 -0.390850 -0.159066 -0.203830 -0.000263 -0.312454 -0.230128 -0.185952 -0.266946 -0.256716 -0.139359 0.060984 0.124794 0.002320 0.110102 -0.026993 0.228065 0.309185 0.214955 -0.020857 -0.158776 0.113678 0.039162 -0.185121 0.055844 -0.239593 -0.153655 -0.283734 -0.202749 -0.254185 -0.125757 -0.293278 -0.166895 -0.077902 -0.040134 -0.250084 -0.140785 0.009985 -0.198924 -0.174137 -0.197125 0.037289 0.125858 -0.221794 -0.155814
-0.309664 -0.304968 -0.245812 -0.402184 0.362756 0.640883 -0.459222 -0.336341 0.406916 0.559729 -0.287897 -0.052007 -0.339781 0.009822 0.206121 0.286808 -0.188702 -0.204406 -0.403827 -0.398702 0.173324 0.229595 -0.116678 0.028596 1.000000 0.824385 0.053808 0.247137 -0.292886 -0.051770 0.416902 0.184792 -0.226606 -0.197326 0.118798 0.312042 0.046186 0.040944 -0.160233 -0.201138 -0.103608 0.028833 0.221014 0.283519 0.491085 0.468335 0.213206 0.190367 0.386010 0.402624 0.308274 0.363166 0.202176 0.145171 0.339927 0.232710 -0.370133 -0.414492 0.029775 0.011860 -0.408675 -0.225214 -0.273779 -0.242109 -0.095128 0.103737 -0.006634 0.258835 -0.354541 -0.161039 0.266724 0.456004 -0.227643 0.096093 -0.190089 0.373031 -0.160981 -0.312606 -0.055793 0.041838 0.030986 0.162878 -0.182865 0.023950 0.274035 0.190575 -0.076320 -0.183677 -0.188439 -0.166347 0.173898 -0.042219 -0.199163 -0.364280 0.080204 0.003064 0.203764 -0.045642 0.137681 -0.217961 0.133474 0.225949 0.232298 0.197005 0.120652 -0.024421 0.406854 -0.081525 0.063748 -0.029361 -0.151538 -0.119039 -0.267503 -0.083480 0.128875 -0.064153
-0.213567 -0.155121 -0.190844 -0.186317 0.162963 0.606673 -0.375496 -0.136043 0.223115 0.391827 -0.333690 0.068599 -0.381893 -0.059802 0.065212 0.122382 -0.164304 -0.057973 -0.337798 -0.201494 0.115100 0.452382 -0.077005 0.201524 0.824385 1.000000 -0.090364 0.202847 -0.235520 -0.017413 0.357547 0.295680 -0.054227 0.015427 -0.022672 0.297672 0.046127 -0.034039 -0.083741 -0.101422 -0.185992 0.058871 0.193174 0.206076 0.352761 0.406042 0.118289 0.069290 0.230577 0.265217 0.259913 0.239499 0.147066 0.071213 0.167097 0.054552 -0.263076 -0.242992 -0.058051 -0.065894 -0.486130 -0.274721 -0.175494 -0.190563 -0.173027 0.050516 0.000001 0.214861 -0.133867 -0.005551 0.380631 0.516863 -0.188463 0.162374 -0.193802 0.490724 -0.113757 -0.287378 0.005727 0.110678 0.082786 0.270736 -0.089053 0.151094 0.056886 0.107888 -0.168029 -0.178467 -0.144388 -0.162810 0.149369 -0.223266 -0.204948 -0.390936 -0.061522 -0.035888 0.029665 -0.077631 -0.049183 -0.295952 0.049125 0.195589 0.206900 0.048327 -0.025413 -0.148195 0.317288 -0.121069 -0.074774 -0.143550 -0.248197 -0.200527 -0.307388 -0.031001 0.014124 -0.190835
0.186570 -0.034606 0.167410 0.144826 0.776611 0.402366 -0.096889 0.176669 0.062191 0.015465 -0.114270 -0.351708 -0.285211 -0.219033 0.292725 0.271697 -0.171767 -0.452957 0.019766 -0.154841 0.698960 0.204313 0.062683 0.032027 0.053808 -0.090364 1.000000 0.648087 -0.374953 -0.394692 -0.404995 -0.494456 -0.114596 -0.311833 -0.062121 -0.088628 -0.301955 -0.234210 0.095779 0.197464 -0.287886 0.218821 0.414729 0.086901 0.225259 0.106346 0.195275 -0.009713 0.365667 0.210310 0.338033 0.231980 0.508124 0.282752 0.267371 0.049212 0.111062 -0.172495 0.198949 0.158542 -0.081700 -0.140767 -0.245474 -0.407860 0.060677 -0.184504 0.033685 -0.124216 -0.121732 -0.026538 -0.231005 -0.410373 -0.359147 -0.210959 -0.190310 -0.159526 -0.344008 -0.249992 -0.434994 -0.483650 -0.326275 -0.392616 -0.206536 0.066725 0.169384 0.417069 -0.040620 0.366349 0.629431 0.695032 -0.025795 -0.100076 -0.058820 -0.000225 -0.070633 -0.158437 -0.117705 -0.102436 -0.022772 0.011161 -0.125718 -0.165447 -0.137485 0.021989 0.399855 0.298545 -0.079427 0.266419 0.014089 -0.175610 -0.152339 -0.203102 0.043787 -0.360536 0.045516 0.344886
0.205567 -0.000419 -0.002634 0.012153 0.545908 0.458893 -0.340684 -0.119798 0.017219 -0.075925 -0.280008 -0.436452 -0.426199 -0.467391 0.304679 0.001210 -0.303986 -0.417570 -0.057981 -0.182915 0.462413 0.299893 0.056248 0.260043 0.247137 0.202847 0.648087 1.000000 -0.570649 -0.607970 -0.421028 -0.491813 -0.157365 -0.395121 -0.030642 0.026717 -0.249541 -0.096560 -0.013173 0.030675 -0.320219 0.093663 0.501509 0.272946 0.219280 0.185206 0.330111 0.104805 0.401230 0.347450 0.535548 0.429969 0.549540 0.287437 0.488314 0.177911 0.114037 -0.056000 0.233585 0.220875 -0.287021 -0.268462 -0.343221 -0.418449 -0.027763 -0.088911 0.115566 0.078320 0.055668 0.128602 -0.227134 -0.308889 -0.501565 -0.201305 -0.276766 -0.129925 -0.246694 -0.157616 -0.449731 -0.403547 -0.323539 -0.352429 -0.171930 0.083074 0.298042 0.395306 -0.140099 0.245606 0.423607 0.596533 0.123979 -0.120872 -0.271835 -0.235989 0.152221 -0.151613 0.065792 0.086398 0.048148 0.004188 -0.195551 0.104963 -0.033367 0.199496 0.398937 0.240110 0.188304 0.186593 0.206475 -0.103668 -0.092377 -0.131133 -0.047588 -0.326944 0.045022 0.192486
-0.159153 0.050110 -0.152242 -0.149954 -0.406524 -0.473683 0.199119 -0.053920 -0.005331 -0.049240 0.407662 0.262248 0.374109 0.476434 -0.096663 0.072080 0.651711 0.489799 0.050225 0.183863 -0.304582 -0.076420 -0.143431 -0.364253 -0.292886 -0.235520 -0.374953 -0.570649 1.000000 0.707773 0.257509 0.404332 0.274467 0.368549 0.025058 -0.235678 0.365692 0.081485 0.098653 -0.027566 0.237926 -0.044927 -0.366360 -0.242006 -0.476162 -0.480593 -0.237620 -0.227195 -0.398418 -0.525061 -0.365353 -0.436070 -0.320780 -0.179344 -0.343628 -0.148445 0.080648 0.141615 -0.443160 -0.304444 0.197476 0.119502 0.650222 0.554884 -0.083119 -0.153378 -0.252857 -0.448866 0.099365 -0.159577 0.176032 0.048952 0.890761 0.392266 0.533580 0.089632 0.546609 0.332248 0.680048 0.571862 0.604854 0.444815 0.355184 0.009178 -0.148528 -0.144490 0.147758 -0.203093 -0.341637 -0.412780 -0.278582 0.039823 0.047713 0.160786 -0.071373 0.046243 -0.163535 -0.001518 -0.075690 0.172095 0.061438 -0.240554 -0.086550 -0.252602 -0.360936 -0.124728 -0.247889 -0.151280 -0.149964 0.174319 0.067770 0.067144 -0.074221 0.424642 0.247626 0.190219
-0.285694 0.125298 -0.327864 -0.129978 -0.306765 -0.183832 0.043596 -0.032770 0.055048 0.197975 0.004026 0.450154 0.063670 0.460571 -0.151297 0.213919 0.375898 0.658625 -0.108475 0.240785 -0.130860 -0.039476 -0.288467 -0.402129 -0.051770 -0.017413 -0.394692 -0.607970 0.707773 1.000000 0.471586 0.558045 0.087591 0.379117 -0.024134 -0.020071 0.392762 0.145208 -0.048730 -0.104652 0.339077 0.042681 -0.253006 -0.133883 -0.224502 -0.196214 -0.101338 -0.085877 -0.227586 -0.250013 -0.357382 -0.243739 -0.267666 0.012169 -0.353769 -0.078550 -0.141153 0.021484 -0.494179 -0.340952 -0.083277 0.124507 0.481972 0.583959 -0.222256 -0.123623 -0.347239 -0.416811 0.079559 -0.203955 0.311433 0.341854 0.707319 0.553408 0.390135 0.393135 0.445785 0.257047 0.589728 0.658270 0.531185 0.588850 0.230709 0.163773 -0.159153 -0.150224 -0.070055 -0.350400 -0.457227 -0.514858 -0.093296 -0.075904 -0.002333 -0.142005 -0.146596 0.099180 -0.172088 -0.072765 -0.029652 -0.123546 0.182616 -0.139913 0.019846 -0.248318 -0.441879 -0.291944 -0.046405 -0.283839 -0.284141 0.095811 -0.029983 0.010266 -0.221588 0.249216 0.120654 -0.072263
-0.535031 -0.292920 -0.266903 -0.308998 -0.135070 0.220254 -0.134126 -0.215469 0.439128 0.552294 -0.101143 0.197990 0.046329 0.431670 0.063112 0.253042 0.050651 0.224114 -0.245524 -0.147799 -0.239463 -0.197083 -0.092049 -0.081646 0.416902 0.357547 -0.404995 -0.421028 0.257509 0.471586 1.000000 0.833134 0.011003 0.139697 0.152085 0.168969 0.231115 -0.007878 -0.290728 -0.369210 0.164572 -0.204036 -0.202607 -0.071401 0.070485 0.059342 -0.019844 -0.036707 0.033519 0.009118 -0.087555 0.024143 -0.171309 0.066678 0.050233 0.060040 -0.391679 -0.253880 -0.281645 -0.238475 -0.212301 -0.088535 0.114508 0.177692 -0.077804 0.021492 -0.190409 -0.015050 -0.178649 -0.231523 0.332854 0.622820 0.234561 0.179621 -0.021297 0.294024 0.065330 -0.177631 0.324430 0.415180 0.298657 0.377287 -0.132957 -0.131964 0.087868 -0.078118 -0.101255 -0.465740 -0.580641 -0.620840 0.194191 0.129836 -0.071372 -0.264633 0.108195 -0.015125 0.135312 -0.131261 0.118480 -0.272643 0.250118 0.012278 0.157195 0.038922 -0.161459 -0.103889 0.280670 -0.238424 -0.037322 0.173416 -0.025436 -0.031293 -0.385705 0.113522 0.231483 -0.075773
-0.462060 -0.245959 -0.172168 -0.045745 -0.349213 0.011805 -0.026064 -0.081628 0.133451 0.260100 -0.097122 0.197522 0.054043 0.338505 -0.101203 0.098086 0.058036 0.305232 -0.211085 -0.023929 -0.284171 0.007882 0.049896 0.119321 0.184792 0.295680 -0.494456 -0.491813 0.404332 0.558045 0.833134 1.000000 0.150292 0.430520 0.149516 0.221746 0.239340 -0.034659 -0.192934 -0.240295 0.148287 -0.229326 -0.296280 -0.190468 -0.122541 -0.032070 -0.113930 -0.177146 -0.144035 -0.182284 -0.214281 -0.148761 -0.269928 -0.051180 -0.192879 -0.110060 -0.317114 -0.112727 -0.342711 -0.263420 -0.172106 -0.027720 0.212931 0.274162 -0.063445 -0.045387 -0.174439 -0.059649 -0.051278 -0.107134 0.261400 0.523024 0.337924 0.189323 0.018525 0.256958 0.160085 0.000326 0.414419 0.488891 0.313250 0.443885 0.016021 0.046362 -0.076896 -0.163448 -0.094615 -0.367334 -0.496032 -0.588656 0.078964 0.028295 -0.021933 -0.210608 -0.067670 0.023854 -0.083352 -0.110242 -0.074188 -0.248358 0.148251 -0.069161 0.040611 -0.089862 -0.330535 -0.234725 0.126593 -0.223637 -0.107760 0.089658 -0.056249 -0.058534 -0.332265 0.270056 0.190318 -0.125058
0.089574 0.058031 0.350396 0.074388 -0.208302 -0.300702 0.282909 0.139789 -0.253641 -0.356411 -0.005689 0.188242 0.121103 -0.035724 -0.154549 -0.199740 0.009198 0.031104 0.123625 0.075207 -0.118461 0.041241 0.061595 -0.004297 -0.226606 -0.054227 -0.114596 -0.157365 0.274467 0.087591 0.011003 0.150292 1.000000 0.637803 -0.041160 -0.100722 0.139804 -0.005604 0.215330 0.221558 0.165982 -0.027758 -0.225018 -0.266870 -0.183957 -0.143456 -0.203627 -0.293171 -0.225136 -0.279455 -0.171718 -0.321313 -0.076595 -0.286785 -0.174879 -0.240380 0.160793 0.181892 0.012634 0.075955 0.245053 0.148036 0.351759 0.166931 -0.030986 -0.167037 0.348992 -0.046616 0.121352 0.070623 -0.201728 -0.284615 0.238678 -0.285245 -0.049560 -0.122309 0.023182 -0.090740 0.110564 0.049939 -0.013131 -0.025315 0.194385 0.102228 -0.240684 -0.075138 0.015992 0.145722 -0.041701 0.032182 -0.387821 -0.355654 -0.163395 0.103334 -0.068190 -0.064696 -0.074060 -0.053653 -0.326893 -0.043400 -0.219714 -0.063098 -0.085702 -0.214947 -0.181756 -0.048734 -0.142462 0.160152 -0.138930 0.005132 0.028752 -0.027726 -0.039937 -0.097754 -0.258707 -0.129054
-0.248977 0.006073 0.020013 0.144568 -0.406475 -0.291201 0.139000 0.223512 -0.358871 -0.286637 -0.068889 0.205531 0.045563 0.060884 -0.355487 -0.189090 0.070589 0.264893 -0.192680 0.173837 -0.121092 0.148263 -0.002518 0.061488 -0.197326 0.015427 -0.311833 -0.395121 0.368549 0.379117 0.139697 0.430520 0.637803 1.000000 0.125366 0.291639 0.195717 0.024435 0.112577 0.124405 0.174268 -0.071975 -0.412842 -0.434875 -0.258174 -0.084795 -0.355249 -0.363186 -0.415174 -0.432616 -0.371762 -0.455612 -0.344765 -0.353564 -0.482453 -0.420990 -0.129183 0.207319 -0.324668 -0.121193 -0.007508 0.209082 0.374974 0.376009 -0.032264 -0.028191 0.054581 0.108634 0.112857 0.257614 0.022245 0.026071 0.287982 0.013576 0.022359 0.039830 0.151628 0.259241 0.281882 0.296263 0.151412 0.215718 0.245397 0.163557 -0.229499 -0.206697 -0.005310 -0.083321 -0.215537 -0.320337 -0.129121 -0.146970 0.149719 0.075857 -0.255692 0.128679 -0.274751 -0.033548 -0.352159 -0.209138 -0.014486 -0.182432 -0.075415 -0.161530 -0.265524 -0.119175 -0.066806 0.096395 -0.154520 0.079015 0.077723 -0.056297 -0.165407 0.134481 -0.178401 -0.253122
-0.299184 -0.611975 -0.063860 -0.276468 -0.037853 0.101455 -0.098371 -0.244403 0.308715 0.248928 0.132343 -0.095007 0.301268 0.128237 0.257495 0.266687 -0.211801 -0.226784 -0.166901 -0.400150 -0.199094 -0.254832 0.142936 -0.040073 0.118798 -0.022672 -0.062121 -0.030642 0.025058 -0.024134 0.152085 0.149516 -0.041160 0.125366 1.000000 0.694876 0.182058 0.288484 -0.022748 -0.063093 0.086851 -0.099123 -0.098977 -0.099504 0.073130 0.099483 0.012021 0.019513 0.037391 -0.101366 0.123802 0.067899 -0.087269 -0.090566 0.122253 0.021770 -0.310665 -0.374452 0.057379 -0.133988 0.097364 0.080175 -0.205308 -0.202135 0.564259 0.360560 0.073926 0.266759 -0.276232 -0.046734 -0.273543 -0.074516 -0.043756 -0.224126 -0.105855 -0.328784 0.157767 0.266780 -0.170772 0.010502 -0.163915 -0.192875 -0.011558 -0.118528 0.407458 -0.087453 0.150025 0.139300 -0.009083 -0.116812 0.056240 0.277681 0.191476 0.199219 0.108768 -0.060998 0.135464 -0.022601 0.056590 0.045705 0.057905 0.011200 -0.132483 0.041333 -0.086832 -0.081606 0.024971 0.098410 0.125563 0.122661 0.382398 0.019770 -0.209970 0.065131 0.247095 0.012578
-0.274442 -0.388663 -0.162752 -0.076444 -0.024473 0.274907 -0.288055 -0.130170 0.105109 0.178180 -0.213963 -0.062094 -0.088189 -0.108137 -0.022749 0.074082 -0.354046 -0.179300 -0.305177 -0.293758 -0.010177 0.031564 0.003175 0.158543 0.312042 0.297672 -0.088628 0.026717 -0.235678 -0.020071 0.168969 0.221746 -0.100722 0.291639 0.694876 1.000000 0.114032 0.228561 -0.109596 -0.143892 0.008519 0.034460 -0.040105 -0.020356 0.272476 0.465598 -0.034344 0.004069 0.039526 0.081936 0.085629 0.148397 -0.102989 -0.117466 -0.028115 -0.101175 -0.409180 -0.321590 0.120515 -0.027423 -0.196184 0.074097 -0.369801 -0.176037 0.309346 0.367629 0.167260 0.552435 -0.215294 0.006762 -0.005249 0.188648 -0.223303 -0.084154 -0.148416 0.003172 0.013683 0.206303 -0.147152 0.005151 -0.236796 -0.028864 -0.104972 0.015619 0.196290 -0.079146 -0.039491 -0.032419 -0.075997 -0.166074 0.136783 0.037493 0.065016 -0.114422 -0.010997 -0.049440 -0.085697 -0.142080 -0.147180 -0.302391 0.028168 0.138318 -0.000855 0.118429 -0.062264 -0.178727 0.244190 0.004548 0.093222 -0.047568 0.125998 -0.144692 -0.343474 -0.011708 0.034439 -0.247300
