1.000000 0.472243 0.144282 0.199398 -0.013877 -0.229887 0.179562 -0.004451 0.017175 -0.043371 0.071550 0.059978 -0.043676 0.189505 0.145319 0.011481 -0.136216 0.030975 0.526108 0.512840 -0.045756 0.017032 0.112959 -0.098817 -0.131504 -0.166571 -0.116494 -0.159481 -0.132170 0.078496 0.056449 -0.108187 0.283991 0.089016 -0.194906 0.013360 -0.290683 -0.219191 -0.423447 -0.175632 -0.208640 -0.017264 -0.133444 0.091535 0.056238 -0.043332 -0.181867 -0.072392 0.001136 0.032062 -0.033421 -0.159749 -0.065256 -0.049011 -0.329622 -0.256239 0.751420 0.353019 0.480593 0.104393 0.425765 0.221086 0.307093 0.009191 -0.075311 -0.158139 0.100840 -0.306479 0.074324 -0.143901 -0.110316 -0.247656 0.063481 0.216692 0.250426 0.234639 0.018295 -0.074560 -0.045839 0.016905 -0.049786 0.238636 -0.037284 0.270416 -0.049117 -0.105113 -0.089342 0.027004 -0.266818 -0.100180 -0.229608 -0.190963 -0.032631 -0.144830 -0.211057 -0.176662 -0.240927 -0.169139 -0.050408 -0.095019 -0.114113 -0.070119 -0.055994 0.004819 -0.167267 -0.191494 -0.124021 -0.118994 -0.160586 -0.133957 -0.268286 0.057867 0.029135 -0.030496 -0.289275 -0.079907
0.472243 1.000000 -0.158899 0.127013 -0.187895 -0.071118 -0.063986 0.001833 -0.075967 -0.058200 0.066225 0.065101 0.043292 0.199602 0.025428 -0.042539 -0.043095 0.022238 0.083420 0.304551 -0.146054 -0.103676 -0.140529 -0.207888 -0.064490 -0.180875 -0.152333 -0.089258 -0.149872 -0.090585 -0.194160 -0.335419 0.044633 -0.039222 -0.036816 -0.155040 -0.161239 -0.132951 -0.223015 -0.133501 -0.185893 -0.055034 -0.123177 -0.086406 -0.141096 -0.170829 -0.147171 -0.003504 -0.005121 -0.037768 -0.002903 0.060572 0.057060 0.078354 -0.036255 -0.094667 0.383215 0.692703 0.340808 0.281261 0.103992 0.511927 0.159724 0.136676 -0.324704 0.093071 0.073869 -0.190612 0.277175 0.087973 -0.301052 -0.282011 -0.089050 0.014530 -0.043061 -0.018095 -0.054021 -0.062690 -0.165830 0.104982 -0.028540 0.056001 -0.035779 0.138134 -0.009424 0.022882 0.036605 0.033942 -0.060501 0.007468 -0.025126 -0.204095 -0.119983 -0.144834 -0.219370 0.056054 -0.147016 -0.063808 0.057403 0.008371 -0.061597 -0.105418 -0.040251 0.015541 0.082281 -0.052127 -0.201982 0.106252 -0.025273 -0.027186 -0.103914 0.110017 0.173338 -0.029402 -0.067716 -0.021750
0.144282 -0.158899 1.000000 0.341828 0.276577 -0.082748 0.838093 0.431729 0.102089 0.186394 0.086195 0.080980 0.296046 -0.149714 -0.174122 -0.200281 -0.253595 -0.251682 0.509144 -0.103596 -0.197681 -0.104033 0.570913 0.142779 0.185536 0.034228 -0.047747 -0.014007 0.015326 -0.198751 0.240013 0.358475 0.231025 0.209288 0.080060 0.167493 -0.252873 -0.377374 -0.323842 -0.265049 -0.420507 -0.300331 -0.021928 0.081805 0.244747 0.114428 -0.144095 -0.251925 0.231693 0.175117 0.174415 0.003499 -0.093407 -0.150841 -0.191307 -0.117847 -0.199791 -0.311989 -0.028449 -0.106031 0.463281 -0.006230 0.023572 -0.057401 0.410277 0.113205 0.084935 0.093875 -0.216559 -0.222360 -0.032096 -0.119714 -0.072427 -0.100674 -0.176302 -0.039500 -0.018643 -0.302017 -0.187254 -0.182668 -0.294743 -0.185518 -0.044984 -0.357098 -0.018629 -0.225485 0.200883 0.138354 -0.038766 -0.097700 -0.174500 0.116068 -0.018923 0.072615 -0.227283 -0.268239 -0.145721 -0.154816 -0.122830 -0.309199 -0.107951 0.079598 -0.062952 -0.002065 -0.095441 -0.265713 -0.075502 -0.074030 -0.309832 -0.007122 -0.401643 -0.127119 -0.105441 -0.037083 -0.074618 -0.163683
0.199398 0.127013 0.341828 1.000000 0.079167 -0.059785 0.261102 0.634086 0.053269 0.258655 -0.166933 0.346195 -0.102386 0.360424 -0.031975 0.430205 -0.233937 -0.009296 0.200487 -0.153106 0.078017 0.193764 0.340914 0.017984 -0.010609 0.282760 -0.003969 0.052708 -0.269630 0.107293 0.262700 0.075660 0.123465 -0.069754 -0.196763 -0.151821 -0.312764 -0.153290 -0.342071 0.030651 -0.137550 0.030015 -0.018475 -0.019383 -0.043693 -0.080752 -0.128244 -0.428359 -0.012938 -0.034790 0.342752 -0.039820 0.315394 0.078748 -0.357417 -0.188055 0.164885 -0.153121 0.041158 -0.229471 0.255651 0.144537 0.057051 -0.136873 0.276175 0.184706 -0.206516 -0.219645 -0.071313 -0.428502 0.058063 0.071369 -0.072480 0.176689 -0.017569 0.166911 -0.104114 -0.341462 -0.085413 -0.114911 -0.121761 -0.064431 0.113899 0.151854 0.216638 0.171769 0.221606 0.316151 -0.074557 0.326307 -0.072249 -0.077665 0.366482 -0.007173 -0.157273 -0.269808 -0.331670 -0.321011 -0.144210 -0.190337 -0.103308 0.000952 0.028199 -0.045054 -0.212777 -0.370556 0.038330 -0.258610 -0.387888 -0.088072 -0.497878 -0.202013 0.037485 0.223625 -0.203294 -0.324403
-0.013877 -0.187895 0.276577 0.079167 1.000000 0.321392 0.268372 0.235728 0.593508 0.431269 -0.125534 -0.155592 -0.164503 0.005671 0.186286 0.174224 -0.337121 -0.318477 0.264879 0.065527 0.210349 0.136460 0.297468 0.140878 0.175386 0.006388 0.410996 0.005786 -0.296446 -0.107129 0.167057 0.112157 -0.112449 -0.106323 -0.140969 0.023403 -0.341608 -0.384308 -0.216661 -0.187901 -0.205403 -0.061181 0.126078 -0.131697 0.222154 -0.097189 -0.305857 -0.208809 0.212874 0.150291 0.214767 0.004738 0.200778 0.085965 -0.192720 -0.460294 -0.176796 -0.242731 0.139588 0.074567 0.262097 -0.002851 -0.121026 -0.336682 0.405392 0.107992 0.128798 -0.072848 -0.007294 0.110683 -0.099329 -0.121211 -0.166057 -0.105308 -0.193164 -0.003976 -0.370263 -0.340220 -0.147628 -0.348212 -0.280868 -0.318299 -0.204808 0.013199 -0.111649 -0.357076 -0.010241 0.105669 0.012478 -0.042573 0.142014 0.172068 0.136605 0.337132 -0.054448 -0.138008 -0.254422 -0.023416 -0.237667 -0.102116 0.262831 0.337531 0.074038 0.380803 0.177227 0.259393 0.017446 0.147047 0.052591 -0.238573 -0.015154 -0.098710 0.090696 0.121169 0.125450 0.278637
-0.229887 -0.071118 -0.082748 -0.059785 0.321392 1.000000 -0.096920 0.122628 0.454308 0.635922 0.108748 -0.158304 -0.001143 0.003729 0.254698 0.147250 0.033510 -0.316617 -0.261841 -0.252750 0.164844 0.126979 0.014635 0.265058 0.476285 0.348734 0.554060 0.492835 -0.253553 -0.217775 -0.087975 -0.098807 -0.498778 -0.439288 -0.133450 0.070942 -0.115212 -0.145020 -0.058613 -0.221945 -0.183619 -0.149382 -0.012017 -0.161069 0.044533 -0.065050 0.074119 -0.153991 0.166929 0.008119 0.293421 0.142743 0.189925 -0.015373 0.197105 -0.089242 -0.174492 -0.103756 -0.108883 0.050985 -0.280591 -0.022008 -0.337982 -0.273685 0.118030 0.288467 -0.059529 0.038001 -0.010962 0.196739 -0.222018 -0.037861 -0.479155 -0.207468 -0.429320 -0.159705 -0.442188 -0.330394 -0.202404 -0.415628 -0.241747 -0.357122 -0.166227 -0.092743 0.138050 0.076098 -0.069381 0.096358 0.233731 0.216565 0.310714 0.224874 0.163975 0.367854 -0.051043 0.015714 -0.212436 -0.015111 -0.104874 0.127967 0.230749 0.259957 0.232587 0.156739 0.236131 0.221156 0.133978 0.163855 0.116874 -0.090259 -0.087998 -0.203987 0.084569 0.209820 0.089014 0.209355
0.179562 -0.063986 0.838093 0.261102 0.268372 -0.096920 1.000000 0.499216 0.119511 0.228656 0.188320 0.209929 0.378120 -0.082445 -0.228875 -0.139432 -0.164317 -0.069787 0.447657 -0.108970 -0.243486 -0.111836 0.444873 0.060176 0.069063 -0.113913 -0.087796 -0.128266 0.057819 -0.077660 0.232829 0.320860 0.303807 0.247046 0.059081 0.131806 -0.254856 -0.348465 -0.419569 -0.301751 -0.414498 -0.275370 0.035510 0.103731 0.325221 0.210337 -0.158758 -0.240228 0.195039 0.304995 0.063169 -0.010905 -0.103244 -0.079084 -0.275126 -0.170403 -0.135969 -0.247927 -0.064425 -0.098933 0.509435 0.030549 0.112678 0.137639 0.408951 0.069053 0.023610 0.044757 -0.279296 -0.298092 -0.086583 -0.138249 0.009543 -0.022202 -0.123569 0.004638 0.010282 -0.311095 -0.216009 -0.092084 -0.293782 -0.076978 -0.084481 -0.299370 -0.147671 -0.186677 0.146367 0.090638 -0.126969 -0.184243 -0.232428 0.044121 -0.052588 0.095638 -0.211081 -0.240194 -0.152052 -0.149316 -0.196054 -0.252439 -0.087589 0.091145 -0.044277 -0.017333 -0.169165 -0.289399 -0.093668 -0.078509 -0.331283 -0.046569 -0.391982 -0.123958 0.054764 -0.012393 -0.059474 -0.089878
-0.004451 0.001833 0.431729 0.634086 0.235728 0.122628 0.499216 1.000000 0.206089 0.478941 -0.011138 0.248534 0.032144 0.297519 -0.102460 0.233785 -0.210302 -0.279444 0.035368 -0.195750 -0.043657 -0.030235 0.185063 -0.039667 0.008165 0.155768 0.031084 0.017576 -0.316541 -0.193023 0.050643 0.027189 -0.030356 -0.066213 -0.190291 -0.078272 -0.227725 -0.303540 -0.422390 -0.235170 -0.347511 -0.235963 0.100032 -0.016369 0.091848 -0.019768 -0.091198 -0.159066 0.158190 0.082416 0.223641 0.056844 0.078567 -0.025120 -0.236816 -0.153285 -0.177721 -0.408662 0.059577 -0.015752 0.246791 0.126430 -0.039692 -0.189826 0.241908 0.278706 -0.047024 0.067791 -0.120216 -0.144752 -0.126756 -0.157575 -0.226568 -0.107637 -0.278585 -0.055439 -0.237914 -0.376745 -0.325385 -0.342409 -0.271851 -0.407980 -0.161718 -0.137632 0.052154 0.015141 0.109181 0.123572 -0.103424 0.165837 0.130019 0.166728 0.350985 0.197877 -0.254664 -0.283010 -0.401151 -0.305256 -0.113696 -0.107156 0.146194 0.183078 0.098180 0.100385 -0.030560 -0.156236 0.098944 -0.060380 -0.210403 -0.170708 -0.331093 -0.179295 0.064999 0.105971 -0.006262 -0.114398
0.017175 -0.075967 0.102089 0.053269 0.593508 0.454308 0.119511 0.206089 1.000000 0.551784 0.271472 -0.092161 0.124565 0.274022 0.486457 0.313718 -0.190970 -0.345327 0.105078 -0.066265 0.158793 0.034320 0.053851 -0.037308 0.219316 0.147528 0.360552 0.045950 -0.257000 0.011490 -0.027976 0.040912 -0.158565 -0.108671 -0.058128 0.000048 -0.014181 -0.037870 -0.079115 -0.249953 -0.118488 -0.098228 0.057791 0.000012 0.125415 -0.036677 -0.070473 -0.089768 0.163028 0.133519 0.075680 0.105335 0.178765 0.043004 0.221954 -0.093322 -0.110698 -0.174844 0.051716 0.065092 0.090391 0.151253 -0.228432 -0.210606 0.110084 0.315928 -0.039213 0.004239 -0.013602 0.115907 -0.215072 -0.180363 -0.171246 0.086872 -0.022853 0.082960 -0.191474 -0.128534 -0.227392 -0.186213 -0.314392 -0.363616 -0.381666 -0.107312 0.012703 -0.005528 -0.200197 -0.088017 0.089756 0.006772 0.045426 0.020094 -0.016351 0.145602 -0.253004 -0.132427 -0.094503 -0.046607 -0.156945 0.011721 0.251147 0.119378 0.047745 0.138338 -0.053275 0.052489 -0.099975 0.031477 -0.013845 -0.148045 -0.101344 -0.274266 0.152240 0.104025 0.094242 0.108973
-0.043371 -0.058200 0.186394 0.258655 0.431269 0.635922 0.228656 0.478941 0.551784 1.000000 0.115359 0.142668 0.000326 0.222552 0.201528 0.358930 -0.066406 -0.299033 -0.059319 -0.180590 0.120555 0.016944 0.102092 0.098870 0.389224 0.194013 0.290059 0.134351 -0.229740 -0.041617 0.173037 0.196005 -0.209673 -0.190316 -0.238579 -0.085473 -0.178172 -0.312085 -0.279950 -0.391875 -0.210537 -0.259437 0.011561 -0.074958 0.154465 -0.091194 0.076546 -0.245350 0.264539 0.098861 0.337019 0.156300 0.282027 -0.090289 0.077408 -0.121747 -0.115593 -0.327221 -0.116560 -0.088819 0.084224 0.083408 -0.129958 -0.195964 0.308653 0.200301 -0.135970 -0.183019 -0.030102 -0.024951 -0.111192 -0.118388 -0.260774 -0.079943 -0.260073 -0.071974 -0.316691 -0.353848 -0.164069 -0.436905 -0.177157 -0.342128 -0.271521 0.000579 0.128035 0.012661 -0.128149 -0.012268 0.078601 0.157612 0.169265 0.140451 0.227151 0.230352 -0.339616 -0.292391 -0.370170 -0.222769 -0.137436 0.039828 0.263001 0.265201 0.142142 0.170130 -0.044025 -0.050203 0.017563 -0.018637 -0.123669 -0.176542 -0.315733 -0.276317 -0.053142 0.133346 -0.051974 0.063094
0.071550 0.066225 0.086195 -0.166933 -0.125534 0.108748 0.188320 -0.011138 0.271472 0.115359 1.000000 0.066916 0.771469 0.226598 0.366828 -0.005194 0.426584 -0.145821 -0.047113 -0.065798 -0.203775 -0.259899 -0.158564 -0.253180 0.141552 -0.076980 -0.021102 0.065112 0.340372 0.047634 -0.100647 0.155472 0.039979 0.194875 0.101322 0.021016 0.373024 0.061356 -0.016913 -0.276745 -0.008928 -0.154931 -0.106943 0.078540 -0.111991 0.071236 -0.025216 0.139614 0.022314 -0.105566 -0.289292 0.030806 -0.152247 -0.252383 0.301611 0.269046 -0.081230 -0.014594 -0.080372 0.060102 -0.023487 0.129874 -0.025033 0.237729 -0.285644 0.082219 -0.076576 0.140871 -0.138375 -0.005486 -0.033851 -0.123062 0.024574 0.170991 0.179740 0.037420 0.302518 0.195136 -0.048643 -0.019562 0.010629 -0.055783 -0.482353 -0.305297 -0.007072 0.171702 -0.428823 -0.383070 -0.057089 -0.090260 -0.234266 -0.113400 -0.278512 -0.109595 -0.323597 -0.280544 0.023424 -0.165416 -0.031340 -0.026802 0.122097 -0.140706 -0.066560 -0.235680 -0.330037 -0.334467 -0.176309 -0.115409 -0.280279 0.126278 -0.124018 -0.141333 -0.061678 -0.242898 -0.103804 -0.270755
0.059978 0.065101 0.080980 0.346195 -0.155592 -0.158304 0.209929 0.248534 -0.092161 0.142668 0.066916 1.000000 -0.005284 0.400008 -0.073818 0.255594 0.286300 0.456332 -0.058057 -0.392356 0.024550 0.120164 0.119564 0.001457 -0.018929 0.038999 -0.109083 0.042074 0.281659 0.521881 0.343412 0.246930 0.101278 -0.086692 -0.100813 -0.268101 0.001071 0.202302 -0.185986 0.120498 0.056023 0.094013 0.018532 0.016046 -0.121350 -0.102030 0.112065 -0.455418 -0.127761 0.033501 0.095765 -0.125656 0.427868 -0.011201 -0.055238 0.036661 0.069221 -0.215532 -0.357816 -0.509050 0.174266 0.152681 0.152434 0.416453 0.178220 0.143405 -0.551843 -0.412444 -0.232835 -0.519104 0.299912 0.360210 0.312157 0.353080 0.255723 0.275820 0.273836 -0.104778 0.190411 0.223417 0.233208 0.098831 0.201269 0.203137 0.318188 0.501082 0.167023 0.312424 0.205180 0.301775 -0.217771 -0.298819 0.090270 -0.336978 -0.236018 -0.198999 -0.084647 -0.209405 -0.209150 -0.073827 -0.226948 -0.225831 -0.163442 -0.385562 -0.281084 -0.455453 -0.012140 -0.327022 -0.531185 0.213650 -0.453115 -0.351092 -0.033914 0.050395 -0.219799 -0.313823
-0.043676 0.043292 0.296046 -0.102386 -0.164503 -0.001143 0.378120 0.032144 0.124565 0.000326 0.771469 -0.005284 1.000000 0.104044 0.096544 -0.150632 0.151434 -0.105674 -0.019180 -0.152909 -0.467752 -0.400257 -0.030009 -0.239645 0.000740 -0.076395 -0.173959 0.012990 0.297867 -0.022578 -0.155766 0.195926 0.191890 0.302232 0.315559 0.055722 0.281165 0.069127 -0.033289 -0.216788 -0.105059 -0.251004 -0.102997 0.130348 0.017408 0.183448 0.057283 0.098355 0.085289 0.023350 -0.233364 0.069985 -0.205943 -0.213936 0.279043 0.344093 -0.244733 0.001054 -0.103331 0.038882 0.115282 0.165574 -0.038494 0.292539 -0.237450 0.101888 0.001848 0.181471 -0.153457 -0.073286 -0.165102 -0.189542 -0.001021 0.047524 0.056533 -0.117638 0.287750 0.107337 -0.166161 0.047969 -0.062507 0.000970 -0.271844 -0.434135 0.020815 0.069215 -0.130568 -0.193897 -0.010412 -0.131399 -0.252862 -0.121018 -0.341071 -0.135581 -0.260889 -0.121533 0.180962 0.023946 0.094353 -0.023798 -0.043639 -0.240067 -0.127356 -0.191499 -0.281566 -0.345313 -0.236378 -0.005321 -0.277725 0.255261 -0.113224 0.017731 0.075663 -0.212923 -0.022908 -0.304583
0.189505 0.199602 -0.149714 0.360424 0.005671 0.003729 -0.082445 0.297519 0.274022 0.222552 0.226598 0.400008 0.104044 1.000000 0.326687 0.542929 -0.059734 0.175617 -0.165690 -0.132636 0.270974 0.214803 -0.136945 -0.305266 0.021329 0.208211 0.169071 -0.055565 -0.178932 0.391657 0.147357 -0.083949 -0.059735 -0.170351 -0.276351 -0.241828 0.018776 0.187408 -0.092035 0.099464 0.125055 0.104232 -0.013734 -0.031650 -0.164657 -0.129273 -0.011317 -0.201884 -0.054182 -0.084599 0.058338 -0.016663 0.372367 0.139357 -0.013918 -0.047716 0.202317 -0.071367 0.049979 -0.192879 0.138541 0.176865 -0.038624 0.085754 -0.137579 0.099157 -0.299707 -0.270773 -0.052354 -0.204680 0.116326 0.143065 0.036284 0.337468 0.213032 0.327115 -0.000276 -0.010910 -0.077289 -0.051506 -0.080076 0.009893 -0.192684 0.125297 0.129618 0.301154 -0.199389 0.053427 0.080116 0.305381 -0.061126 -0.167808 0.145665 -0.149893 -0.253496 -0.185649 -0.152198 -0.267349 -0.088154 -0.061257 0.057088 -0.117015 -0.030741 -0.140290 -0.262354 -0.293319 0.054077 -0.299618 -0.262813 -0.029671 -0.289205 -0.238699 0.106137 0.022891 -0.131980 -0.241516
0.145319 0.025428 -0.174122 -0.031975 0.186286 0.254698 -0.228875 -0.102460 0.486457 0.201528 0.366828 -0.073818 0.096544 0.326687 1.000000 0.280268 -0.003837 -0.148900 -0.031723 0.106237 0.194044 -0.040818 0.041140 0.023158 0.267520 0.096301 0.322333 0.088185 -0.031116 0.153591 0.111627 0.114025 -0.058833 0.063250 0.038478 0.027353 0.204884 0.082531 0.180916 -0.136067 0.081717 0.073705 -0.049330 -0.010962 -0.098752 -0.073737 -0.028874 0.099971 -0.028649 -0.076861 -0.058615 0.033291 0.113139 -0.014263 0.241290 -0.038980 0.135577 0.041185 -0.022418 -0.035350 -0.111870 -0.010043 -0.137137 -0.197135 -0.105509 -0.003724 -0.095944 -0.114898 0.122395 0.083082 -0.050048 -0.093737 -0.071596 0.152477 0.143258 0.141131 -0.002230 0.077186 0.035018 -0.096526 -0.084338 -0.076987 -0.257442 0.179592 0.245610 0.120105 -0.352406 -0.227661 0.015223 -0.076058 -0.077976 -0.203674 -0.188375 -0.137174 -0.187928 -0.165132 0.024213 0.006652 -0.008585 -0.151674 0.024169 -0.152323 -0.164083 -0.049796 -0.091367 -0.069106 -0.304089 -0.016913 0.004953 0.005067 0.009557 -0.174926 -0.031023 -0.096077 -0.062953 -0.007177
0.011481 -0.042539 -0.200281 0.430205 0.174224 0.147250 -0.139432 0.233785 0.313718 0.358930 -0.005194 0.255594 -0.150632 0.542929 0.280268 1.000000 -0.099240 0.121506 -0.067409 -0.142809 0.324015 0.318396 -0.018033 -0.061080 -0.060159 0.260603 0.231251 0.081522 -0.237710 0.377363 0.190956 -0.012943 -0.017277 -0.115215 -0.357099 -0.329088 -0.072689 0.147138 -0.089146 0.196367 0.234803 0.284539 0.012513 -0.107864 -0.174744 -0.315946 0.026998 -0.309295 -0.119005 -0.165045 0.145899 -0.157125 0.418201 0.107232 -0.107672 -0.256275 0.209932 -0.134710 -0.051587 -0.271362 0.065588 0.014162 -0.001907 -0.076100 0.175317 0.049251 -0.362024 -0.367748 0.011081 -0.198965 0.077139 0.229268 0.076894 0.295231 0.086016 0.230018 -0.172017 -0.241240 0.015953 -0.129419 -0.015713 -0.000232 -0.048758 0.356215 0.145640 0.302046 -0.188082 0.095056 0.047279 0.363558 0.085487 -0.099658 0.320180 -0.001790 -0.032612 -0.027667 -0.100948 -0.062481 -0.243518 0.029749 0.004116 0.090268 0.028527 -0.017668 -0.126901 -0.164869 0.023640 -0.255965 -0.158031 -0.041864 -0.112924 -0.247642 0.167487 0.238980 -0.071636 -0.110233
-0.136216 -0.043095 -0.253595 -0.233937 -0.337121 0.033510 -0.164317 -0.210302 -0.190970 -0.066406 0.426584 0.286300 0.151434 -0.059734 -0.003837 -0.099240 1.000000 0.299736 -0.252606 -0.122506 -0.061260 -0.142132 -0.342646 -0.244959 0.062539 -0.165873 -0.159024 0.011251 0.727472 0.175703 0.015760 0.122975 0.073888 0.124038 0.019751 -0.063983 0.428856 0.094692 0.118485 -0.088596 0.196399 -0.026680 -0.079195 0.000834 -0.208258 0.029792 0.122527 0.069886 -0.157695 -0.187285 -0.307439 -0.160907 -0.072548 -0.201786 0.265376 0.254818 -0.012888 -0.041550 -0.173942 -0.047414 -0.245252 0.001186 0.244904 0.446450 -0.248899 -0.064670 -0.093691 -0.014976 -0.164187 -0.078272 0.254164 0.138781 0.267407 0.136447 0.252929 -0.002367 0.474623 0.291857 0.357830 0.324327 0.636130 0.140751 -0.074790 -0.084716 0.099110 0.145708 -0.208369 -0.272264 0.010648 -0.037368 -0.159875 -0.177367 -0.214357 -0.254898 -0.178951 -0.155169 0.036652 -0.222300 0.029460 0.011104 -0.139977 -0.213175 -0.159837 -0.449269 -0.242737 -0.239297 0.124398 -0.167384 -0.245957 0.184970 -0.094440 -0.185632 -0.242540 -0.318733 -0.253480 -0.215397
0.030975 0.022238 -0.251682 -0.009296 -0.318477 -0.316617 -0.069787 -0.279444 -0.345327 -0.299033 -0.145821 0.456332 -0.105674 0.175617 -0.148900 0.121506 0.299736 1.000000 -0.165953 -0.121534 0.117583 0.196863 -0.039577 -0.071910 -0.211802 -0.092589 -0.067575 -0.101328 0.399036 0.623762 0.308495 0.064801 0.290650 0.127324 -0.081195 -0.168753 0.069999 0.345973 0.133399 0.300367 0.375435 0.286224 -0.142444 -0.047818 -0.110732 0.038736 0.021601 -0.223893 -0.316821 0.042713 -0.172519 -0.101831 0.184928 0.284394 -0.098884 -0.007940 0.230835 0.115577 -0.342327 -0.428937 -0.018930 -0.115194 0.354740 0.616752 -0.016360 -0.271514 -0.400968 -0.400977 -0.161654 -0.449858 0.403805 0.403690 0.551052 0.381312 0.489399 0.250620 0.361386 0.160584 0.461131 0.574595 0.460582 0.663608 0.320979 0.215429 0.123362 0.234833 0.098220 0.085612 0.184162 -0.028063 -0.285914 -0.349824 -0.131274 -0.322972 0.162062 0.066939 0.184193 -0.013267 -0.077122 -0.031776 -0.332471 -0.269086 -0.127009 -0.368207 -0.239228 -0.255941 -0.006954 -0.279010 -0.167462 0.208480 -0.077221 -0.032911 0.113096 0.007541 -0.068912 -0.140674
0.526108 0.083420 0.509144 0.200487 0.264879 -0.261841 0.447657 0.035368 0.105078 -0.059319 -0.047113 -0.058057 -0.019180 -0.165690 -0.031723 -0.067409 -0.252606 -0.165953 1.000000 0.391885 0.004174 0.038790 0.395053 0.141453 -0.099627 -0.152489 -0.068580 -0.157538 -0.054734 0.021120 0.214488 0.209749 0.422024 0.312169 0.019299 0.119371 -0.285323 -0.261192 -0.347569 -0.137494 -0.231616 -0.017452 -0.107817 -0.038785 0.141870 -0.066734 -0.275744 -0.171722 -0.036370 0.057054 -0.026504 -0.262894 -0.073658 -0.066287 -0.369347 -0.326525 0.292149 0.060565 0.192624 -0.107835 0.434372 0.028729 0.131124 -0.125696 0.357482 -0.049329 0.113565 -0.215981 0.236986 -0.096440 -0.013480 -0.093425 0.087314 0.166455 0.091444 0.139962 0.002990 -0.239269 -0.046248 -0.103956 -0.234504 -0.004715 -0.019082 -0.083500 -0.122814 -0.348177 0.069821 0.095830 -0.219699 -0.232371 -0.272286 -0.017814 -0.076715 0.037816 -0.053408 -0.023637 -0.087993 0.031257 -0.226509 -0.254949 -0.165960 0.014498 -0.099431 0.118469 0.009811 -0.044463 -0.253228 0.059217 -0.148158 0.044919 -0.142153 -0.037133 -0.032595 0.020652 -0.048122 -0.043128
0.512840 0.304551 -0.103596 -0.153106 0.065527 -0.252750 -0.108970 -0.195750 -0.066265 -0.180590 -0.065798 -0.392356 -0.152909 -0.132636 0.106237 -0.142809 -0.122506 -0.121534 0.391885 1.000000 -0.093206 -0.244560 -0.142884 -0.078900 -0.295449 -0.411952 -0.187805 -0.289457 -0.112839 -0.227920 -0.155514 -0.184086 0.073005 0.171073 -0.056144 0.105817 -0.229579 -0.380316 -0.197688 -0.163499 -0.080640 -0.140667 -0.168728 -0.156510 -0.021870 -0.019329 -0.224651 0.363670 -0.080933 -0.142725 -0.281723 -0.194949 -0.450843 0.042442 -0.328114 -0.286440 0.319611 0.386825 0.512688 0.376450 0.106545 -0.030372 0.067123 -0.173865 -0.234109 -0.429326 0.453456 0.026077 0.439235 0.421108 -0.247188 -0.424218 -0.103045 -0.221595 -0.021222 -0.234855 -0.196261 0.012781 -0.070274 -0.038705 0.029887 0.149303 -0.082786 0.227679 -0.253933 -0.563291 -0.145949 -0.300800 -0.330239 -0.506903 0.102465 0.106896 -0.051373 0.062438 0.040930 0.133220 -0.118166 0.009501 0.246725 -0.115374 0.077665 0.049705 -0.027106 0.310224 0.247006 0.385837 -0.046302 0.321840 0.380922 -0.207338 0.252526 0.449997 -0.044456 -0.185442 0.032747 0.345819
-0.045756 -0.146054 -0.197681 0.078017 0.210349 0.164844 -0.243486 -0.043657 0.158793 0.120555 -0.203775 0.024550 -0.467752 0.270974 0.194044 0.324015 -0.061260 0.117583 0.004174 -0.093206 1.000000 0.785133 0.056038 0.147797 0.260319 0.179430 0.571388 0.117261 -0.193261 0.258547 0.409949 -0.027963 -0.124937 -0.184990 -0.376385 -0.125955 0.043337 0.159317 0.164394 0.309888 0.462284 0.394630 -0.083575 -0.262755 -0.142489 -0.261909 -0.221631 -0.380050 -0.164551 -0.111171 0.181431 -0.087843 0.369309 0.135018 -0.149395 -0.365430 0.177760 -0.129631 -0.135422 -0.247395 -0.080432 -0.220321 -0.059234 -0.105354 0.130951 -0.130793 -0.143234 -0.238313 -0.008763 -0.096501 0.523301 0.500711 0.181007 0.239223 0.204311 0.469012 -0.040210 0.015602 0.160778 -0.139796 -0.101578 0.034378 0.029211 0.148123 -0.022002 -0.019102 -0.083033 0.046406 0.183181 0.207378 0.057403 0.129263 0.287382 0.192362 0.158242 -0.088808 -0.312442 -0.335941 -0.442246 -0.140193 0.117586 0.239268 0.183926 0.005651 -0.140441 0.103663 0.231661 -0.318810 0.005683 -0.081953 -0.176022 -0.317349 -0.200148 0.079562 -0.073106 -0.022623
0.017032 -0.103676 -0.104033 0.193764 0.136460 0.126979 -0.111836 -0.030235 0.034320 0.016944 -0.259899 0.120164 -0.400257 0.214803 -0.040818 0.318396 -0.142132 0.196863 0.038790 -0.244560 0.785133 1.000000 0.182488 0.207081 0.157398 0.293811 0.533065 0.231183 -0.250929 0.241174 0.376053 -0.063837 -0.104531 -0.286333 -0.342961 -0.128390 -0.136289 0.214923 0.067891 0.484564 0.376069 0.495556 -0.101559 -0.215086 -0.046689 -0.139071 -0.246675 -0.507154 -0.157493 0.018417 0.226850 -0.076534 0.406618 0.214770 -0.311902 -0.347487 0.217112 -0.104738 -0.211577 -0.363001 -0.086085 -0.181521 -0.082348 -0.042969 0.168197 -0.036981 -0.312773 -0.258482 -0.116995 -0.200996 0.481320 0.629769 0.196949 0.304848 0.187270 0.523120 -0.106571 -0.120254 0.123337 -0.153894 -0.195467 0.079606 0.213150 0.140589 -0.058914 0.116669 0.049748 0.323611 0.163780 0.328443 -0.090466 0.099710 0.335309 0.205644 0.339649 -0.019022 -0.204208 -0.223834 -0.569839 -0.096542 0.113555 0.221836 0.294738 -0.031263 -0.187503 0.027806 0.221309 -0.396706 -0.117590 -0.035699 -0.258769 -0.329290 -0.022992 0.326558 -0.002135 -0.095513
0.112959 -0.140529 0.570913 0.340914 0.297468 0.014635 0.444873 0.185063 0.053851 0.102092 -0.158564 0.119564 -0.030009 -0.136945 0.041140 -0.018033 -0.342646 -0.039577 0.395053 -0.142884 0.056038 0.182488 1.000000 0.626302 0.322941 0.422111 0.141481 0.165985 -0.096334 -0.070006 0.446057 0.376000 0.044619 -0.060235 0.104858 -0.005142 -0.398982 -0.280376 -0.213593 -0.148639 -0.321608 -0.115727 -0.011251 -0.028071 0.120483 -0.070625 -0.111041 -0.419390 0.068091 0.142422 0.435551 -0.039798 0.153545 -0.002545 -0.276601 -0.272618 -0.066523 -0.185966 -0.254341 -0.412236 0.180996 -0.144517 -0.190249 -0.212012 0.619232 0.061545 -0.286008 -0.279058 -0.086768 -0.274018 0.143016 0.127609 -0.084561 -0.018216 -0.133020 -0.001573 -0.167594 -0.456775 0.010401 -0.133084 -0.304207 -0.121571 0.143040 -0.032479 0.284618 -0.052476 0.327514 0.364820 0.027180 0.102989 -0.049243 0.184935 0.169394 0.253685 -0.041505 -0.194782 -0.239588 -0.060061 -0.221869 -0.149018 -0.080776 0.111556 0.108874 0.117444 -0.041675 -0.146804 -0.156172 -0.096064 -0.186012 -0.026862 -0.307166 -0.056554 0.096106 0.319351 0.077198 -0.106526
-0.098817 -0.207888 0.142779 0.017984 0.140878 0.265058 0.060176 -0.039667 -0.037308 0.098870 -0.253180 0.001457 -0.239645 -0.305266 0.023158 -0.061080 -0.244959 -0.071910 0.141453 -0.078900 0.147797 0.207081 0.626302 1.000000 0.340976 0.382863 0.233341 0.379858 -0.194538 -0.132653 0.225289 0.200254 -0.204252 -0.275278 -0.004928 -0.075895 -0.431591 -0.205550 -0.121960 -0.053837 -0.181453 -0.128452 -0.085945 -0.254949 0.025738 -0.051889 -0.108980 -0.304415 0.087134 0.117106 0.406078 0.080594 0.104996 0.098551 -0.218914 -0.240340 -0.109511 -0.120104 -0.282703 -0.227965 -0.076301 -0.203661 -0.306120 -0.331359 0.437967 0.062704 -0.210535 -0.181359 0.067874 0.043276 0.074593 0.223376 -0.332602 -0.245684 -0.393088 -0.205337 -0.467309 -0.477423 -0.094435 -0.263648 -0.309865 -0.201336 0.263692 0.089827 0.186587 -0.085373 0.289443 0.368479 0.167145 0.176972 0.139097 0.299788 0.290485 0.419978 0.219914 0.006185 -0.183272 0.077605 -0.234285 -0.030772 0.084689 0.202824 0.307365 0.262947 0.242692 0.243100 0.000827 0.124496 0.125911 -0.020332 -0.091441 0.044133 0.089806 0.354955 0.301245 0.185236
-0.131504 -0.064490 0.185536 -0.010609 0.175386 0.476285 0.069063 0.008165 0.219316 0.389224 0.141552 -0.018929 0.000740 0.021329 0.267520 -0.060159 0.062539 -0.211802 -0.099627 -0.295449 0.260319 0.157398 0.322941 0.340976 1.000000 0.479582 0.446771 0.301393 -0.019669 -0.084432 0.144254 0.164582 -0.392616 -0.266953 0.023435 0.120557 -0.039344 -0.139629 -0.007138 -0.258031 -0.176596 -0.119284 0.038241 -0.002149 -0.040141 -0.082168 -0.023109 -0.195885 0.117149 -0.000988 0.342038 0.120307 0.234242 -0.192206 0.248922 -0.090530 -0.118585 -0.105724 -0.191731 -0.036677 -0.055987 -0.046366 -0.178415 -0.197595 0.217627 0.231305 -0.108319 -0.072319 -0.121433 -0.052310 -0.004536 0.016281 -0.281400 -0.050378 -0.210409 0.065830 -0.121110 -0.143554 -0.094785 -0.186369 -0.202878 -0.226914 -0.143848 -0.097674 0.166653 0.071497 0.113194 0.095205 0.249537 0.214564 0.163206 0.137415 0.093924 0.215063 -0.204220 -0.215875 -0.312567 -0.119155 -0.106461 0.051803 0.080478 0.218660 0.128206 0.120987 0.025868 -0.068134 0.047159 -0.023166 -0.050071 -0.080534 -0.242222 -0.293008 -0.135905 0.049356 -0.038516 -0.046175
-0.166571 -0.180875 0.034228 0.282760 0.006388 0.348734 -0.113913 0.155768 0.147528 0.194013 -0.076980 0.038999 -0.076395 0.208211 0.096301 0.260603 -0.165873 -0.092589 -0.152489 -0.411952 0.179430 0.293811 0.422111 0.382863 0.479582 1.000000 0.310122 0.471988 -0.251329 -0.056209 0.082176 0.054525 -0.396716 -0.424243 0.004149 -0.024645 -0.101325 0.123673 0.007060 0.047382 -0.125779 0.049448 -0.012005 -0.015022 -0.191639 -0.177130 0.038434 -0.271178 -0.074721 -0.151350 0.404910 0.081312 0.272389 0.040567 0.092112 -0.072967 -0.097940 -0.203713 -0.204800 -0.281571 -0.220976 -0.098562 -0.401483 -0.288629 0.236898 0.401623 -0.389485 -0.150207 -0.037604 -0.204790 0.055573 0.233649 -0.282040 0.077374 -0.143497 0.069479 -0.194777 -0.199644 -0.003130 -0.121240 -0.191118 -0.204574 0.064373 0.009896 0.350572 0.351496 0.181780 0.365029 0.139438 0.485283 0.149390 0.168382 0.314535 0.276752 -0.026412 -0.001567 -0.128780 0.082539 -0.129782 0.156042 0.131321 0.184440 0.272180 0.077735 0.011955 -0.171546 0.054457 -0.130408 -0.060791 0.039191 -0.141698 -0.158527 0.205046 0.418820 0.132259 -0.165464
-0.116494 -0.152333 -0.047747 -0.003969 0.410996 0.554060 -0.087796 0.031084 0.360552 0.290059 -0.021102 -0.109083 -0.173959 0.169071 0.322333 0.231251 -0.159024 -0.067575 -0.068580 -0.187805 0.571388 0.533065 0.141481 0.233341 0.446771 0.310122 1.000000 0.605154 -0.315599 0.055156 0.091811 -0.180158 -0.326403 -0.309015 -0.219733 0.068380 -0.151660 0.015526 -0.017063 0.185852 0.149389 0.301762 0.017207 -0.214770 -0.036275 -0.125088 -0.213340 -0.256141 -0.001797 -0.000464 0.227220 0.052894 0.353831 0.095106 0.023381 -0.251871 -0.007067 -0.144254 -0.147793 -0.172949 -0.141339 -0.188190 -0.194998 -0.286541 0.113807 0.115218 -0.193411 -0.132131 -0.046563 -0.015098 0.070893 0.260681 -0.123214 0.030679 -0.093787 0.243330 -0.289349 -0.195049 0.000977 -0.324427 -0.273289 -0.144028 -0.007575 -0.008139 0.104523 0.043017 0.010705 0.149245 0.434762 0.231312 0.161636 0.136752 0.192275 0.300640 0.225716 0.010775 -0.196319 -0.058402 -0.323002 0.000198 0.197768 0.244958 0.149457 0.201374 0.115310 0.193592 0.139285 0.000910 0.071317 -0.098294 -0.107657 -0.327649 0.030728 0.181580 0.137132 0.143151
-0.159481 -0.089258 -0.014007 0.052708 0.005786 0.492835 -0.128266 0.017576 0.045950 0.134351 0.065112 0.042074 0.012990 -0.055565 0.088185 0.081522 0.011251 -0.101328 -0.157538 -0.289457 0.117261 0.231183 0.165985 0.379858 0.301393 0.471988 0.605154 1.000000 -0.154691 -0.134645 -0.095155 -0.188626 -0.392019 -0.372100 0.072437 0.057320 -0.126328 0.072519 -0.121442 0.204329 0.002874 0.106596 -0.049320 -0.220956 -0.206235 -0.051875 -0.114114 -0.210239 -0.009574 -0.129073 0.265913 0.110254 0.186883 -0.095455 0.092964 0.004967 -0.110028 -0.087153 -0.195904 -0.120691 -0.291594 -0.062244 -0.338126 -0.214286 -0.006600 0.366174 -0.282990 0.015291 -0.057646 -0.017085 0.002335 0.270518 -0.278277 -0.073745 -0.261432 0.004448 -0.219639 -0.215840 -0.011700 -0.198953 -0.151210 -0.201474 0.159004 -0.067577 0.319264 0.243278 0.172489 0.244146 0.394220 0.336277 0.090148 0.042929 0.210058 0.203255 0.194726 0.126050 -0.072649 0.114433 -0.178420 0.016317 0.096631 0.083360 0.132687 0.085659 0.164572 0.058423 0.041744 0.116065 0.016215 0.149289 -0.068461 -0.162562 0.075985 0.179148 0.193719 0.022635
-0.132170 -0.149872 0.015326 -0.269630 -0.296446 -0.253553 0.057819 -0.316541 -0.257000 -0.229740 0.340372 0.281659 0.297867 -0.178932 -0.031116 -0.237710 0.727472 0.399036 -0.054734 -0.112839 -0.193261 -0.250929 -0.096334 -0.194538 -0.019669 -0.251329 -0.315599 -0.154691 1.000000 0.300438 0.252712 0.485907 0.307478 0.384342 0.266014 -0.010204 0.471763 0.110636 0.165628 -0.051131 0.197813 -0.051883 -0.096385 0.153553 -0.055452 0.124269 0.177234 0.050675 -0.205329 -0.088781 -0.402594 -0.178364 -0.156686 -0.228694 0.212081 0.297166 -0.128843 -0.058992 -0.313727 -0.145553 -0.046592 -0.029441 0.278695 0.601307 -0.080233 -0.226393 -0.110766 -0.099756 -0.279910 -0.239564 0.336316 0.155943 0.559149 0.216295 0.375498 0.033543 0.656819 0.327944 0.497529 0.505276 0.649616 0.379926 0.106832 -0.123371 0.116372 0.073579 -0.001603 -0.247502 -0.001441 -0.279469 -0.423596 -0.328607 -0.420001 -0.473272 -0.189574 -0.225445 0.197928 -0.130055 0.025844 -0.171303 -0.304785 -0.452112 -0.371112 -0.574969 -0.397236 -0.378228 -0.083595 -0.239786 -0.331897 0.289044 -0.092791 -0.089692 -0.298756 -0.420080 -0.282160 -0.309604
0.078496 -0.090585 -0.198751 0.107293 -0.107129 -0.217775 -0.077660 -0.193023 0.011490 -0.041617 0.047634 0.521881 -0.022578 0.391657 0.153591 0.377363 0.175703 0.623762 0.021120 -0.227920 0.258547 0.241174 -0.070006 -0.132653 -0.084432 -0.056209 0.055156 -0.134645 0.300438 1.000000 0.302419 0.275429 0.398714 0.200420 -0.077819 -0.186319 0.168933 0.492874 0.079198 0.283285 0.430416 0.452399 0.007915 0.052537 -0.060067 -0.084288 0.074628 -0.349295 -0.270178 0.060121 -0.132235 -0.120389 0.446580 0.101794 0.042461 0.022311 0.301796 -0.046715 -0.340920 -0.446426 0.151682 0.106967 0.332156 0.453836 0.081789 -0.096492 -0.472141 -0.512446 -0.149961 -0.547745 0.404553 0.437011 0.603708 0.730572 0.641743 0.567361 0.378245 0.152972 0.350799 0.398808 0.326103 0.467202 0.199965 0.232777 0.142679 0.391244 -0.005297 0.171144 0.180700 0.157782 -0.401579 -0.557148 -0.122074 -0.430625 -0.037271 -0.039773 0.237016 0.052136 -0.258136 0.007630 -0.230675 -0.365010 -0.228688 -0.336640 -0.406775 -0.417187 -0.193178 -0.401632 -0.411119 0.273284 -0.160993 -0.303215 0.070126 0.012105 -0.180875 -0.335325
0.056449 -0.194160 0.240013 0.262700 0.167057 -0.087975 0.232829 0.050643 -0.027976 0.173037 -0.100647 0.343412 -0.155766 0.147357 0.111627 0.190956 0.015760 0.308495 0.214488 -0.155514 0.409949 0.376053 0.446057 0.225289 0.144254 0.082176 0.091811 -0.095155 0.252712 0.302419 1.000000 0.677840 0.236696 0.206158 -0.110281 -0.035402 -0.087200 -0.132473 0.034169 0.066203 0.208057 0.125151 -0.267733 -0.110055 0.051373 0.017923 -0.152798 -0.432978 -0.163830 0.047285 0.125685 -0.142120 0.179918 0.061132 -0.290603 -0.194322 0.094448 -0.222961 -0.401916 -0.490192 0.117355 -0.317459 0.142510 0.183763 0.402546 -0.347042 -0.332611 -0.365088 -0.125902 -0.424714 0.631168 0.478178 0.396220 0.240867 0.234645 0.263453 0.128205 -0.123828 0.374850 -0.014363 0.047080 0.261226 0.097752 0.160482 0.020873 -0.078471 -0.016989 0.054930 -0.052020 -0.087126 -0.327423 -0.035790 -0.000277 -0.071924 -0.046538 -0.308684 -0.159436 -0.245092 -0.289243 -0.297357 -0.149707 -0.051730 0.001305 -0.213586 -0.323569 -0.251443 -0.157335 -0.375067 -0.312715 0.007276 -0.380994 -0.151542 -0.263165 0.070462 -0.180284 -0.185131
-0.108187 -0.335419 0.358475 0.075660 0.112157 -0.098807 0.320860 0.027189 0.040912 0.196005 0.155472 0.246930 0.195926 -0.083949 0.114025 -0.012943 0.122975 0.064801 0.209749 -0.184086 -0.027963 -0.063837 0.376000 0.200254 0.164582 0.054525 -0.180158 -0.188626 0.485907 0.275429 0.677840 1.000000 0.305962 0.466386 0.231804 0.107149 0.099192 -0.094349 0.086169 -0.089236 0.057193 -0.060227 -0.235127 0.039918 0.045381 0.033600 -0.032023 -0.230788 -0.193247 -0.039749 -0.140192 -0.224537 -0.045204 -0.197949 -0.028041 0.017517 -0.187295 -0.313146 -0.463724 -0.383477 0.192601 -0.119376 0.091528 0.230218 0.422978 -0.188161 -0.284831 -0.200746 -0.147521 -0.316043 0.374891 0.228157 0.366666 0.192749 0.153637 0.082376 0.248653 0.028738 0.334885 0.096758 0.129491 0.121428 0.029396 0.011159 0.004519 -0.084342 0.051546 -0.000116 -0.058537 -0.174661 -0.349900 -0.086307 -0.137855 -0.173072 -0.110308 -0.234659 0.050920 -0.036720 -0.164589 -0.215614 -0.112951 -0.233564 -0.163364 -0.243978 -0.380907 -0.339268 -0.271378 -0.270820 -0.305501 0.165363 -0.222258 -0.130511 -0.275660 -0.089118 -0.146674 -0.224375
0.283991 0.044633 0.231025 0.123465 -0.112449 -0.498778 0.303807 -0.030356 -0.158565 -0.209673 0.039979 0.101278 0.191890 -0.059735 -0.058833 -0.017277 0.073888 0.290650 0.422024 0.073005 -0.124937 -0.104531 0.044619 -0.204252 -0.392616 -0.396716 -0.326403 -0.392019 0.307478 0.398714 0.236696 0.305962 1.000000 0.711087 0.094748 -0.125365 0.095133 0.058441 -0.042040 0.037665 0.145046 0.107401 -0.157276 0.033899 0.166112 0.054534 -0.104639 -0.158067 -0.070971 0.177243 -0.248536 -0.112439 0.000234 0.002883 -0.126486 0.052194 0.265989 0.051086 0.046699 -0.129775 0.427011 0.217388 0.540978 0.350231 0.059787 -0.227373 0.080122 -0.168898 -0.032383 -0.332945 0.212088 0.070854 0.544716 0.320826 0.402034 0.178747 0.399237 0.068810 0.249807 0.272223 0.238621 0.281662 0.081475 -0.044127 -0.080521 -0.155303 -0.044164 -0.051314 -0.195044 -0.247149 -0.498045 -0.380287 -0.352805 -0.363697 -0.031816 -0.105305 0.217163 0.056446 -0.134952 -0.166767 -0.326846 -0.392925 -0.274317 -0.265610 -0.392253 -0.365775 -0.391661 -0.240279 -0.318649 0.328274 -0.134530 -0.054052 0.054301 -0.167099 -0.122233 -0.324383
0.089016 -0.039222 0.209288 -0.069754 -0.106323 -0.439288 0.247046 -0.066213 -0.108671 -0.190316 0.194875 -0.086692 0.302232 -0.170351 0.063250 -0.115215 0.124038 0.127324 0.312169 0.171073 -0.184990 -0.286333 -0.060235 -0.275278 -0.266953 -0.424243 -0.309015 -0.372100 0.384342 0.200420 0.206158 0.466386 0.711087 1.000000 0.356730 0.246582 0.312969 0.032807 0.228144 0.028323 0.192740 0.100305 -0.199566 0.068822 0.005809 0.113051 -0.172916 0.144514 -0.304679 -0.054567 -0.534382 -0.265660 -0.366445 -0.139757 0.004552 0.089623 0.046287 0.048743 -0.073096 -0.101402 0.332122 0.059079 0.367870 0.327812 -0.004348 -0.254181 0.099291 0.054439 0.051885 -0.154077 0.093916 -0.058280 0.496477 0.157335 0.300177 0.097482 0.446096 0.328171 0.303546 0.280977 0.245051 0.300115 -0.089570 -0.063628 -0.181612 -0.288563 -0.137078 -0.359434 -0.199124 -0.508963 -0.400365 -0.289034 -0.417992 -0.345689 0.061232 -0.029337 0.322225 0.119227 -0.002205 -0.254203 -0.283307 -0.371041 -0.407454 -0.199796 -0.326145 -0.266999 -0.413101 -0.102380 -0.102137 0.242831 0.128057 0.004685 -0.091153 -0.353616 -0.031674 -0.198147
-0.194906 -0.036816 0.080060 -0.196763 -0.140969 -0.133450 0.059081 -0.190291 -0.058128 -0.238579 0.101322 -0.100813 0.315559 -0.276351 0.038478 -0.357099 0.019751 -0.081195 0.019299 -0.056144 -0.376385 -0.342961 0.104858 -0.004928 0.023435 0.004149 -0.219733 0.072437 0.266014 -0.077819 -0.110281 0.231804 0.094748 0.356730 1.000000 0.372124 0.217340 0.113913 0.172823 -0.014163 -0.105442 -0.097784 -0.021790 0.074547 0.046181 0.225302 0.003490 0.195050 -0.168502 0.044504 -0.263006 0.071776 -0.320901 -0.125144 0.184883 0.266941 -0.309633 0.056756 -0.138807 0.070356 -0.058676 0.150239 -0.181501 0.115676 -0.052194 0.144902 0.080069 0.310243 0.125294 0.082139 -0.134334 -0.063698 0.051401 -0.040648 -0.039246 -0.130935 0.246300 0.180080 -0.012292 0.313478 0.023289 -0.012765 0.060317 -0.235632 0.082541 -0.011104 0.175402 -0.060261 -0.020759 -0.254889 -0.326611 -0.211636 -0.386082 -0.188887 -0.091961 0.106771 0.366665 0.316020 0.051781 -0.104752 -0.182071 -0.383774 -0.234739 -0.117086 -0.008043 -0.085730 -0.348514 0.150050 -0.002274 0.270099 0.209847 0.095398 0.105241 -0.135844 0.237468 -0.126495
0.013360 -0.155040 0.167493 -0.151821 0.023403 0.070942 0.131806 -0.078272 0.000048 -0.085473 0.021016 -0.268101 0.055722 -0.241828 0.027353 -0.329088 -0.063983 -0.168753 0.119371 0.105817 -0.125955 -0.128390 -0.005142 -0.075895 0.120557 -0.024645 0.068380 0.057320 -0.010204 -0.186319 -0.035402 0.107149 -0.125365 0.246582 0.372124 1.000000 0.050208 -0.102336 0.174757 -0.004729 -0.196712 0.050495 -0.059693 0.140804 0.225527 0.344362 -0.081455 0.190279 -0.133174 0.086608 -0.224865 -0.073812 -0.432710 -0.186564 0.020847 -0.005704 -0.064487 0.057768 -0.008231 0.075687 0.025438 -0.200375 -0.097311 0.002692 0.007169 0.044536 0.159054 0.401772 -0.036176 0.090088 -0.176768 -0.196359 -0.057408 -0.033810 -0.024606 0.129216 0.078722 0.222592 0.032724 0.091349 -0.119889 0.065589 -0.090854 -0.119684 -0.161627 -0.118786 0.014559 -0.210697 -0.091318 -0.282795 -0.077390 -0.011039 -0.224386 -0.026890 0.101807 0.084929 0.164375 0.158115 0.078148 -0.114940 -0.083396 -0.085507 -0.079972 -0.050787 0.116713 0.043411 -0.133357 -0.000943 0.107473 -0.099644 0.069550 0.030167 -0.079114 -0.076736 -0.017577 0.059286
