1.000000 0.090452 0.321298 -0.080543 0.221473 -0.140171 0.119734 0.023118 0.048308 0.043201 0.313923 0.227465 0.302649 0.222036 0.253990 0.198390 0.116786 0.116028 0.271098 -0.191290 -0.063202 -0.048785 -0.001085 -0.181683 -0.332013 -0.491530 -0.055364 -0.149164 0.420601 0.020928 -0.153469 -0.075113 0.094467 -0.303595 0.180516 -0.321036 -0.044163 -0.192280 -0.106952 -0.341049 0.015912 -0.245227 -0.301301 -0.423252 -0.393485 -0.330017 -0.324107 -0.505390 -0.401383 -0.270435 -0.045143 -0.059984 0.179019 -0.184788 -0.235977 -0.245272 0.759890 0.235666 0.454023 -0.180316 0.404307 0.110279 0.219027 0.300056 0.032125 -0.171948 -0.053740 -0.485554 -0.075716 -0.297760 0.192966 -0.110248 0.316807 0.067842 0.281071 0.172869 0.272895 0.185837 0.087367 -0.066729 0.031771 0.181888 -0.149898 -0.120249 -0.057847 -0.146423 -0.187250 -0.246013 0.052417 0.109772 -0.205742 -0.245604 -0.227262 -0.059069 -0.064136 -0.186122 -0.217716 -0.094293 -0.103939 0.207383 -0.015951 -0.025807 -0.124933 0.022078 -0.220961 -0.055196 -0.271019 -0.177771 -0.194496 -0.024162 -0.295508 -0.193220 -0.020378 -0.020108 0.030084 -0.229609
0.090452 1.000000 -0.420009 -0.005792 -0.289378 -0.140621 -0.281150 0.020573 -0.168238 -0.048651 -0.083271 0.156862 -0.041483 0.307284 -0.176849 -0.148636 0.419559 0.405220 0.049380 -0.168564 0.075317 0.051356 -0.291520 -0.372813 -0.335581 -0.179550 -0.345940 -0.276473 0.158317 0.232859 -0.186621 -0.094173 0.311163 0.162227 -0.145821 -0.173729 -0.076034 0.065914 0.096149 0.053024 0.188286 0.206944 -0.131041 -0.054077 -0.094584 0.161609 -0.144641 -0.173393 -0.202969 0.036434 -0.070977 -0.128380 0.074179 -0.156926 -0.031385 -0.185457 0.259454 0.585668 -0.072315 0.066396 0.056597 0.181494 0.450677 0.382747 -0.149245 -0.136469 -0.130051 -0.237777 0.364567 0.105252 0.072957 0.059848 0.277968 0.227967 0.109702 0.154886 0.274071 0.158842 0.368457 0.245385 0.240478 0.263561 -0.084641 -0.052486 -0.150684 -0.139714 -0.097205 -0.030835 -0.089751 -0.240444 -0.026886 -0.231103 -0.187653 -0.361109 0.024114 -0.079247 0.083603 0.190936 0.017463 -0.037655 -0.004578 -0.059049 -0.137683 -0.127419 -0.117404 -0.138994 -0.143225 -0.074640 0.074685 -0.115179 -0.050019 -0.080770 -0.065071 -0.031055 -0.118430 -0.067367
0.321298 -0.420009 1.000000 -0.052222 0.499887 -0.081771 0.686556 -0.020961 0.320784 0.036645 0.191408 -0.205846 0.299755 -0.295691 0.332542 0.107350 -0.358288 -0.351037 0.361068 0.135673 -0.076034 -0.190428 0.326079 0.214162 0.148552 -0.227802 0.277516 0.104879 0.017588 -0.332617 -0.030273 -0.103224 0.068530 -0.241446 0.242575 -0.114597 -0.085289 -0.200822 0.064899 -0.220253 -0.189346 -0.198781 -0.124000 -0.287493 -0.137966 -0.149266 -0.145031 -0.263781 -0.011482 -0.196311 0.096551 0.082419 0.187544 0.103753 0.054464 0.028856 -0.013665 -0.244062 0.355010 -0.053627 0.253501 -0.114871 -0.314808 -0.162808 0.195844 -0.013655 0.253407 -0.053676 -0.319884 -0.164198 0.001582 -0.246740 -0.003949 -0.153020 0.071814 0.039529 -0.028949 0.017728 -0.380839 -0.295054 -0.353102 -0.231932 -0.066291 -0.136550 -0.093435 -0.152772 -0.043975 -0.166828 0.117976 0.158927 -0.196677 0.203876 -0.119835 0.277618 -0.182429 -0.198682 -0.310537 -0.210393 -0.121590 0.078110 -0.005131 0.069179 0.075443 0.073924 -0.139859 0.002878 -0.110721 0.080904 -0.202486 -0.045205 -0.146623 -0.109049 0.049794 0.025626 0.049808 -0.123157
-0.080543 -0.005792 -0.052222 1.000000 -0.188797 0.391044 0.057756 0.494830 -0.017372 0.196277 -0.028631 0.354208 -0.109196 0.236274 0.020300 0.247301 -0.072849 -0.090078 0.068093 -0.090761 0.158000 0.152161 0.192239 0.345952 -0.170501 0.155567 0.109948 0.262373 -0.212156 -0.206548 -0.054963 0.134356 -0.135877 -0.069392 -0.169810 0.087263 -0.149312 -0.023794 -0.089624 -0.134042 -0.113761 0.026904 -0.268978 0.067213 -0.009309 0.230675 -0.166534 -0.188584 0.081526 0.229304 0.026238 0.015652 -0.058377 0.060568 -0.126570 0.092308 -0.055839 -0.250617 -0.117562 -0.099546 -0.154212 0.237440 -0.132091 -0.057179 0.177520 0.431369 -0.269209 0.028141 -0.028343 -0.364361 -0.014602 -0.005668 -0.172202 -0.280059 -0.027794 -0.032298 -0.144835 -0.090418 -0.034961 -0.075747 -0.055780 -0.255025 0.025610 0.111837 0.007496 -0.070562 0.004479 0.187142 0.236593 0.150798 0.139297 -0.084101 0.037683 -0.157518 -0.067987 -0.143596 -0.265452 -0.158762 -0.149140 -0.171381 -0.113342 -0.014740 -0.221916 -0.188112 -0.091429 -0.199820 -0.172300 -0.254140 0.053118 -0.486285 -0.293595 -0.275588 -0.220493 -0.087554 -0.313487 -0.172754
0.221473 -0.289378 0.499887 -0.188797 1.000000 0.263085 0.471148 0.143377 0.651249 0.345325 0.197782 -0.025058 0.410192 -0.023256 0.567133 0.283692 -0.341288 -0.420041 0.095185 -0.019824 -0.067199 -0.257626 0.149888 0.045899 0.204179 -0.284351 0.416938 0.143376 -0.014137 -0.303035 0.015728 -0.119372 -0.072286 -0.284925 0.369231 -0.029092 0.040323 -0.215602 0.082468 -0.259535 -0.159741 -0.378541 -0.134377 -0.333785 -0.166141 -0.194542 -0.181125 -0.260158 -0.037791 -0.103010 -0.051690 0.203409 0.106517 -0.034504 -0.180197 -0.216147 -0.055639 -0.095683 0.567500 0.120183 0.218656 0.166013 -0.417594 -0.204242 0.181911 0.118152 0.271900 -0.098985 -0.342846 0.027323 0.060505 -0.223513 0.009301 -0.163367 -0.042479 -0.011498 -0.119816 -0.020245 -0.235423 -0.321369 -0.324660 -0.193537 -0.009065 -0.125226 0.058403 -0.215411 0.024374 -0.195954 0.057396 0.052925 -0.045978 -0.079786 0.140146 0.247074 -0.239862 -0.196500 -0.243241 -0.277185 -0.146824 -0.075591 0.011680 0.014678 0.077014 0.067623 -0.276294 -0.157650 -0.048373 0.128785 -0.150216 0.086504 -0.140765 0.040415 0.221192 0.133562 -0.030348 -0.155358
-0.140171 -0.140621 -0.081771 0.391044 0.263085 1.000000 -0.045783 0.392513 0.149765 0.409499 0.047364 0.089813 0.008811 0.196556 0.134530 0.229370 -0.179970 -0.418308 -0.341377 -0.193626 0.251698 0.165058 0.254118 0.409053 0.298708 0.403335 0.523954 0.598389 -0.431292 -0.254678 0.155768 0.159402 -0.299472 -0.055337 0.132101 0.407495 0.002732 0.063443 -0.039434 0.066521 -0.213429 -0.217413 -0.111186 0.060983 0.086655 0.049571 -0.064440 0.017242 0.125408 0.179765 -0.038743 0.022898 -0.284621 -0.069953 -0.169396 -0.017151 -0.126385 -0.263434 0.017144 -0.111701 -0.271414 0.226235 -0.336525 -0.385152 0.153000 0.477133 -0.052720 0.229153 0.035332 -0.034602 -0.051707 0.067959 -0.452655 -0.410607 -0.303962 -0.273262 -0.496591 -0.252909 -0.068139 -0.073600 -0.159802 -0.349717 0.137612 0.057714 0.092753 -0.115057 0.233557 0.186614 0.177688 0.083171 0.081289 -0.043920 0.265408 -0.025806 0.013025 0.021854 -0.112584 -0.126341 -0.233835 -0.210745 -0.165099 -0.158986 -0.195532 -0.060285 -0.006846 -0.106923 0.001400 -0.060452 0.046326 -0.202180 -0.057408 -0.050125 0.045179 -0.083791 -0.140907 -0.082092
0.119734 -0.281150 0.686556 0.057756 0.471148 -0.045783 1.000000 0.377667 0.477841 0.250641 0.375177 0.140292 0.431396 -0.043712 0.412687 0.135287 -0.220526 -0.269691 0.373630 0.113408 -0.119035 -0.145093 0.305344 0.218656 -0.093448 -0.292930 0.063808 -0.062204 0.095332 -0.326238 -0.028438 -0.027373 0.223217 -0.106888 0.047529 -0.207208 -0.335343 -0.289757 -0.157999 -0.310905 -0.366038 -0.334010 -0.337629 -0.408731 -0.267314 -0.107593 -0.304844 -0.452275 -0.091781 -0.124254 -0.012105 0.064977 0.078290 0.018710 -0.217279 -0.133016 -0.165001 -0.228911 0.377536 0.001764 0.512664 0.223134 -0.269950 -0.041246 0.418366 0.150118 0.080943 -0.108850 -0.456934 -0.169597 -0.039202 -0.243179 -0.003116 -0.287915 -0.066229 -0.049200 -0.041283 0.023034 -0.416392 -0.410803 -0.421225 -0.304672 -0.019415 -0.004049 -0.102743 -0.256440 -0.134409 -0.189039 0.146306 0.062497 -0.097084 0.081705 -0.095104 0.006586 -0.147856 -0.256537 -0.440889 -0.126210 -0.241661 -0.045026 -0.035093 -0.020874 -0.087024 0.019107 -0.183044 -0.027642 -0.150820 0.060757 -0.171930 -0.065633 -0.307080 -0.297271 -0.072260 -0.024287 -0.081460 -0.171535
0.023118 0.020573 -0.020961 0.494830 0.143377 0.392513 0.377667 1.000000 0.232046 0.532698 0.351774 0.534047 0.392167 0.512572 0.100330 0.229530 -0.031328 -0.194113 -0.051008 -0.151622 -0.073727 -0.002608 -0.053761 0.068912 -0.341699 -0.103221 -0.066085 -0.093728 -0.097235 -0.142241 -0.090829 0.139519 0.014460 0.007818 -0.152419 0.003219 -0.421126 -0.204411 -0.359719 -0.174506 -0.370129 -0.319970 -0.389254 -0.202127 -0.343109 -0.049270 -0.335055 -0.361312 -0.183853 -0.016540 -0.217098 -0.089300 -0.101516 -0.194547 -0.391549 -0.223545 -0.086945 -0.221949 0.282201 0.112352 0.248488 0.735959 -0.141093 -0.001410 0.150326 0.564924 -0.173110 0.040185 -0.304139 -0.198357 -0.044007 0.018924 -0.163101 -0.295876 -0.200057 -0.196193 -0.216986 -0.048907 -0.085370 -0.230222 -0.221534 -0.330221 -0.080054 -0.013427 -0.056379 -0.267494 -0.041856 0.027199 0.031891 0.023925 0.078604 -0.061415 0.093963 -0.192003 -0.072357 -0.157172 -0.329754 -0.141005 -0.266323 -0.164190 0.007604 -0.057342 -0.169236 0.014549 -0.049539 -0.097524 -0.128105 -0.085486 0.009180 -0.271452 -0.372747 -0.314463 -0.151102 -0.114780 -0.135969 -0.268949
0.048308 -0.168238 0.320784 -0.017372 0.651249 0.149765 0.477841 0.232046 1.000000 0.570288 0.075330 0.094063 0.278322 -0.012342 0.727961 0.435749 -0.344119 -0.392793 0.140092 -0.061866 -0.274750 -0.498245 0.226117 0.125880 0.170325 -0.258247 0.195877 0.048515 0.079428 -0.285572 0.022770 -0.150441 -0.164790 -0.412399 0.238019 -0.235837 -0.009065 -0.363391 -0.025657 -0.335291 -0.334811 -0.368270 -0.014374 -0.316699 -0.229865 -0.107123 0.069875 -0.241574 0.009445 -0.126852 0.116096 0.381647 0.067087 0.054605 -0.083202 -0.381152 -0.182082 -0.002774 0.392487 0.047913 0.179012 0.272086 -0.498519 -0.101248 0.414091 0.226910 0.003428 -0.271665 -0.400188 -0.112584 -0.081328 -0.426318 0.004387 -0.047401 0.058877 -0.009489 0.142348 0.169168 -0.313526 -0.536680 -0.190276 -0.123791 -0.186942 -0.239743 0.200086 0.086348 -0.181414 -0.186841 -0.144712 -0.118287 0.150387 -0.243912 0.211819 0.172544 -0.241687 -0.163905 -0.184508 -0.383945 -0.125487 -0.320502 0.168257 0.189357 0.063544 0.163866 -0.329150 -0.317994 -0.170870 -0.089136 -0.286442 0.211729 0.003254 0.080201 0.337555 0.308504 -0.167555 -0.200844
0.043201 -0.048651 0.036645 0.196277 0.345325 0.409499 0.250641 0.532698 0.570288 1.000000 -0.045982 0.357375 0.078895 0.317928 0.342269 0.627354 -0.142276 -0.325902 0.071264 -0.103878 -0.243566 -0.374729 -0.068212 0.122544 -0.017132 -0.119214 -0.001498 -0.060947 0.043062 -0.114382 0.021000 0.025579 -0.071086 -0.259096 0.192752 -0.225228 0.059638 -0.321026 -0.124980 -0.277107 -0.271409 -0.372546 -0.048845 -0.332120 -0.332808 -0.186518 0.065468 -0.194365 -0.033880 -0.182998 0.148083 0.248903 0.023820 -0.136103 -0.102574 -0.423671 -0.028660 -0.042451 0.117274 -0.176423 0.159369 0.463010 -0.240596 -0.016060 0.237137 0.198900 -0.184175 -0.323934 -0.169217 -0.227740 -0.129748 -0.447844 -0.068632 -0.207776 -0.224579 -0.122101 -0.063088 0.114457 -0.134626 -0.481245 0.022195 -0.053917 -0.315578 -0.073065 0.299435 0.168932 -0.276798 -0.156024 -0.198640 -0.117418 0.289502 -0.286486 0.248240 0.085164 -0.219441 -0.162428 -0.048003 -0.379865 -0.046918 -0.326560 0.317344 0.224781 0.098939 0.139434 -0.240546 -0.349114 -0.197225 -0.082493 -0.273307 0.171491 0.056916 0.056759 0.242187 0.309184 -0.161801 -0.302876
0.313923 -0.083271 0.191408 -0.028631 0.197782 0.047364 0.375177 0.351774 0.075330 -0.045982 1.000000 0.435772 0.749747 0.313100 0.370256 0.030339 0.270554 0.053642 0.182779 0.137467 -0.173187 0.086520 0.210035 0.034177 -0.358903 -0.280952 0.044430 -0.072721 0.321675 0.088993 0.119743 0.242255 0.077932 0.151082 -0.027647 -0.123515 -0.404244 -0.219645 -0.333437 -0.412926 -0.346937 -0.446483 -0.547875 -0.292989 -0.293269 -0.100403 -0.540255 -0.458484 -0.290902 0.022966 -0.384084 -0.210327 -0.078437 -0.120056 -0.485334 -0.127014 0.038765 -0.289335 0.393321 0.025734 0.428876 0.326430 0.105360 0.125783 0.131162 0.098266 -0.097182 -0.063238 -0.247072 -0.068352 -0.013406 0.180016 0.094518 -0.093844 0.036045 -0.106110 -0.141318 -0.212775 -0.005052 -0.011077 -0.210680 -0.220453 0.325877 0.161415 -0.179710 -0.449233 0.217127 0.003084 0.135470 0.041056 -0.250519 0.097640 -0.103420 -0.098637 -0.147252 -0.256462 -0.542146 -0.086958 -0.368261 0.047716 -0.223428 -0.162386 -0.207694 0.037145 -0.115083 -0.001975 -0.177307 -0.115908 -0.067095 -0.289158 -0.557082 -0.394598 -0.255419 -0.229737 -0.125625 -0.243788
0.227465 0.156862 -0.205846 0.354208 -0.025058 0.089813 0.140292 0.534047 0.094063 0.357375 0.435772 1.000000 0.337199 0.765860 0.239101 0.409018 0.284160 0.199102 0.152946 -0.110529 -0.125923 0.051130 -0.106240 -0.066112 -0.544754 -0.304863 -0.193526 -0.195098 0.372754 0.176627 -0.084066 0.151218 0.109295 -0.048044 -0.188321 -0.322173 -0.212792 -0.257158 -0.245334 -0.415334 -0.157122 -0.397046 -0.485118 -0.295857 -0.404668 -0.016446 -0.336326 -0.459036 -0.210573 0.047042 -0.220042 -0.054899 -0.056718 -0.218266 -0.470692 -0.252483 0.093987 -0.120750 0.166556 -0.092940 0.437060 0.583931 0.147803 0.390692 0.106267 0.179655 -0.438953 -0.361095 -0.246153 -0.388677 0.048636 -0.062906 0.177452 -0.075376 -0.039389 0.037931 0.030029 0.060613 0.098970 -0.154525 0.065956 0.055778 -0.074296 0.207411 0.033495 -0.046667 -0.163238 -0.120399 -0.010951 0.031268 0.165978 -0.227570 0.049480 -0.246108 -0.169573 -0.256238 -0.358952 -0.233763 -0.179743 -0.119776 0.047049 -0.007459 -0.159443 0.027379 -0.114743 -0.217376 -0.344125 -0.231012 -0.067461 -0.264962 -0.455750 -0.301941 -0.165709 -0.049795 -0.266966 -0.246741
0.302649 -0.041483 0.299755 -0.109196 0.410192 0.008811 0.431396 0.392167 0.278322 0.078895 0.749747 0.337199 1.000000 0.433818 0.380785 0.153675 0.030833 -0.094219 -0.023040 -0.155610 -0.231273 -0.095244 -0.002359 -0.254967 -0.270251 -0.332687 0.036019 -0.138658 0.202284 0.041342 -0.062891 -0.007395 0.089610 -0.001456 0.109005 -0.179090 -0.289431 -0.272296 -0.143389 -0.329032 -0.255924 -0.391897 -0.371276 -0.242865 -0.297921 -0.108331 -0.352572 -0.380912 -0.177969 -0.036059 -0.264425 -0.021913 0.014050 -0.212328 -0.346963 -0.313723 -0.111133 -0.305017 0.654379 0.156041 0.414853 0.504642 -0.097323 0.027552 -0.063009 0.239064 0.070820 -0.093615 -0.416028 -0.083058 -0.087262 0.051290 0.115982 -0.023988 0.028865 -0.103343 -0.032692 -0.131142 -0.114270 -0.120398 -0.219534 -0.110048 -0.048583 -0.128316 -0.093497 -0.257007 0.069662 -0.188612 -0.105513 -0.096147 -0.184305 0.032580 -0.066435 -0.040763 -0.223668 -0.304026 -0.366042 -0.263499 -0.392969 -0.107664 -0.060813 -0.036991 -0.054364 0.059515 -0.220799 -0.064119 -0.152090 0.050970 -0.087443 -0.137775 -0.361730 -0.310355 -0.099964 0.004685 -0.036753 -0.232957
0.222036 0.307284 -0.295691 0.236274 -0.023256 0.196556 -0.043712 0.512572 -0.012342 0.317928 0.313100 0.765860 0.433818 1.000000 0.059996 0.336788 0.258675 0.161601 -0.123266 -0.357975 -0.111270 0.043801 -0.313203 -0.272284 -0.436792 -0.178829 -0.265495 -0.206309 0.224384 0.254749 -0.187438 -0.007664 0.146010 -0.073507 -0.030888 -0.248317 -0.100338 -0.151334 -0.156180 -0.187245 -0.002485 -0.228482 -0.261586 -0.203742 -0.284191 0.042657 -0.210127 -0.324059 -0.203939 0.019711 -0.157654 -0.079779 -0.112425 -0.378920 -0.363316 -0.402337 0.094717 -0.071994 0.247467 -0.031491 0.305121 0.602765 0.194600 0.323497 -0.142580 0.239741 -0.283658 -0.263153 -0.181335 -0.293969 -0.010546 0.037506 0.148647 0.026845 -0.052380 0.004281 0.028890 0.039706 0.209999 -0.051681 0.177208 0.176677 -0.231164 -0.071370 0.047714 0.055936 -0.120398 -0.122141 -0.225391 -0.163787 0.138150 -0.247444 0.081940 -0.257652 -0.128563 -0.153808 -0.186690 -0.205734 -0.194082 -0.244865 0.141015 0.013111 -0.161095 0.028531 -0.108289 -0.237481 -0.284295 -0.151375 0.007136 -0.240251 -0.270409 -0.223382 -0.094696 0.050608 -0.148327 -0.198429
0.253990 -0.176849 0.332542 0.020300 0.567133 0.134530 0.412687 0.100330 0.727961 0.342269 0.370256 0.239101 0.380785 0.059996 1.000000 0.578502 -0.233601 -0.297603 0.267848 -0.068507 -0.205398 -0.310003 0.445727 0.237171 0.058795 -0.269189 0.340195 0.255780 0.262375 -0.210363 0.044036 -0.091150 -0.199460 -0.480449 0.191509 -0.325597 -0.020496 -0.283505 0.019622 -0.512751 -0.282933 -0.451841 -0.157394 -0.380750 -0.272708 -0.112735 -0.064632 -0.415603 0.000934 -0.061265 0.157752 0.409971 0.129097 0.146135 -0.227437 -0.338587 -0.053780 -0.181870 0.481872 -0.157594 0.284544 0.131560 -0.405615 -0.093671 0.486360 0.103067 -0.216024 -0.464513 -0.404661 -0.315925 -0.053869 -0.395954 0.087039 -0.051212 0.162581 0.032171 0.171106 0.144386 -0.258057 -0.466703 -0.142097 -0.003417 0.151061 0.009846 0.295238 0.058659 -0.101599 -0.029561 0.024740 0.007957 0.043103 -0.247191 0.146569 0.071590 -0.379630 -0.360894 -0.375382 -0.388501 -0.198931 -0.237445 0.034042 0.137078 -0.098857 0.169108 -0.376127 -0.378058 -0.340365 -0.127776 -0.402572 0.080862 -0.148944 -0.047253 0.306430 0.273081 -0.232816 -0.302520
0.198390 -0.148636 0.107350 0.247301 0.283692 0.229370 0.135287 0.229530 0.435749 0.627354 0.030339 0.409018 0.153675 0.336788 0.578502 1.000000 -0.218212 -0.317577 0.176736 -0.205718 -0.345259 -0.391490 0.018886 0.075844 -0.131243 -0.182079 0.126414 0.144817 0.189560 0.016568 -0.113108 -0.144448 -0.068659 -0.415232 0.142261 -0.436239 0.187886 -0.319825 0.110354 -0.370512 -0.043730 -0.292506 -0.033683 -0.283971 -0.287974 -0.113255 0.182466 -0.224552 0.182251 -0.069012 0.368854 0.434879 0.296744 0.025346 -0.017494 -0.386584 -0.043408 -0.237488 0.234913 -0.280568 0.280617 0.304167 -0.228503 -0.058102 0.238057 0.068648 -0.318551 -0.530438 -0.274630 -0.442463 -0.244636 -0.508533 0.050225 -0.073747 -0.108435 -0.012958 0.053060 0.115046 -0.115970 -0.510124 0.135479 0.178959 -0.214075 0.025703 0.483961 0.392507 -0.300962 -0.116287 -0.204201 0.012294 0.254466 -0.318685 0.158318 0.146041 -0.414686 -0.318772 -0.163233 -0.518053 -0.095009 -0.359991 0.301735 0.392519 0.064235 0.206731 -0.315240 -0.466920 -0.351183 -0.170493 -0.488566 0.163866 0.067374 0.035035 0.313532 0.402796 -0.206459 -0.390196
0.116786 0.419559 -0.358288 -0.072849 -0.341288 -0.179970 -0.220526 -0.031328 -0.344119 -0.142276 0.270554 0.284160 0.030833 0.258675 -0.233601 -0.218212 1.000000 0.701319 0.148077 0.160207 0.066662 0.296202 -0.133572 -0.277732 -0.281235 -0.005352 -0.193024 -0.273980 0.507637 0.587230 0.172913 0.316959 0.305873 0.352653 -0.129990 -0.149825 -0.130797 -0.059110 -0.184177 -0.109756 -0.049497 -0.081461 -0.287138 -0.178202 -0.175488 -0.115714 -0.275597 -0.244311 -0.379284 -0.108532 -0.318244 -0.343250 -0.075851 -0.288164 -0.340142 -0.126014 0.333947 0.232608 -0.297600 -0.133699 0.188291 -0.044773 0.659907 0.517450 -0.199717 -0.377404 -0.280229 -0.257500 0.355610 0.030566 0.194752 0.298798 0.427130 0.277730 0.193839 0.041162 0.163991 -0.054263 0.712596 0.502446 0.444472 0.293192 0.254874 0.248663 -0.210775 -0.225711 0.041299 -0.003809 -0.022532 -0.198074 -0.090863 -0.171476 -0.178128 -0.310397 0.052252 -0.085887 -0.085983 0.074377 0.010879 0.027666 -0.083071 -0.167452 -0.105279 0.085725 -0.014524 -0.048978 -0.279650 -0.280567 0.009593 -0.198645 -0.223379 -0.170786 -0.230798 -0.080470 -0.119345 -0.150683
0.116028 0.405220 -0.351037 -0.090078 -0.420041 -0.418308 -0.269691 -0.194113 -0.392793 -0.325902 0.053642 0.199102 -0.094219 0.161601 -0.297603 -0.317577 0.701319 1.000000 0.078870 0.139634 0.023178 0.225936 -0.152653 -0.343727 -0.212334 0.017545 -0.376512 -0.364269 0.451785 0.601657 0.144235 0.272976 0.227539 0.286512 -0.217260 -0.130825 -0.076735 0.058880 -0.102502 -0.063389 0.131580 0.102392 -0.197555 -0.132199 -0.126185 -0.037115 -0.243218 -0.213250 -0.424381 -0.091650 -0.274958 -0.340836 -0.084238 -0.189433 -0.210425 -0.038350 0.336130 0.354376 -0.355381 -0.144264 0.142212 -0.169222 0.617139 0.632323 -0.250995 -0.368842 -0.250643 -0.232383 0.326992 0.026345 0.184645 0.365489 0.390426 0.433115 0.329075 0.196774 0.340881 0.090499 0.650111 0.680671 0.352443 0.464076 0.104199 0.146195 -0.214405 -0.115258 -0.093837 -0.013528 -0.033801 -0.157155 0.017374 -0.177215 -0.130186 -0.329266 0.107522 -0.030902 0.112014 0.137554 0.153600 0.106036 0.051514 -0.092312 -0.023633 0.056608 0.113442 -0.051318 -0.301007 -0.280488 0.109102 -0.221174 -0.218126 -0.096722 -0.156705 -0.008031 -0.087516 -0.031239
0.271098 0.049380 0.361068 0.068093 0.095185 -0.341377 0.373630 -0.051008 0.140092 0.071264 0.182779 0.152946 -0.023040 -0.123266 0.267848 0.176736 0.148077 0.078870 1.000000 0.530999 -0.062349 -0.122365 0.062579 0.077297 -0.333088 -0.443413 -0.159623 -0.236063 0.393562 -0.024934 -0.093940 -0.044212 0.320756 -0.135878 0.047725 -0.501856 -0.068468 -0.249785 -0.039858 -0.365380 -0.030645 -0.141224 -0.213057 -0.329259 -0.210050 -0.042610 -0.182741 -0.360067 -0.135662 -0.164244 0.124809 0.021515 0.421666 0.130914 -0.071159 -0.046342 0.123156 0.028600 0.022214 -0.101036 0.360955 -0.128558 0.084378 0.184658 0.187028 -0.366093 -0.126940 -0.427972 -0.061641 -0.209731 0.137644 -0.282346 0.272822 0.050106 0.183263 0.334856 0.161253 0.249979 -0.073192 -0.155969 0.001459 0.016638 0.124537 0.162442 -0.056798 -0.130434 -0.185273 -0.167853 0.132763 -0.001535 0.051504 -0.031264 -0.189483 0.101519 -0.174059 -0.201451 -0.399120 -0.092735 0.073067 -0.009725 0.151262 0.064312 0.049771 -0.012095 -0.231496 -0.168195 -0.236898 -0.178058 -0.260704 -0.068305 -0.250929 -0.093428 -0.069526 0.025343 -0.016535 -0.228728
-0.191290 -0.168564 0.135673 -0.090761 -0.019824 -0.193626 0.113408 -0.151622 -0.061866 -0.103878 0.137467 -0.110529 -0.155610 -0.357975 -0.068507 -0.205718 0.160207 0.139634 0.530999 1.000000 -0.095948 -0.062449 0.055426 0.281327 0.007380 -0.068235 -0.056639 -0.127870 0.040977 0.022356 0.009599 0.015812 0.103449 0.302532 -0.064999 0.032110 -0.062404 -0.076864 -0.114681 0.045397 0.007868 0.017093 -0.038219 -0.125067 0.032155 -0.041064 -0.155401 0.087618 -0.122567 -0.096949 -0.119256 -0.228353 0.082854 0.207083 -0.003316 0.282726 -0.221297 -0.074162 -0.338188 0.035978 -0.026506 -0.298833 -0.010815 0.008492 -0.071331 -0.299880 -0.021708 0.150172 0.242788 0.359595 0.011039 0.031828 -0.092430 0.055050 -0.035972 -0.059617 -0.195083 -0.064637 -0.001351 0.111380 -0.157745 -0.146440 0.378730 0.417791 -0.170697 -0.167852 0.203175 -0.006282 0.219976 0.069950 0.114339 0.347717 0.092336 0.292591 0.100204 0.131689 -0.136644 0.128505 0.225782 0.221010 0.059860 -0.017106 0.115605 -0.005138 0.035374 0.083983 0.113480 -0.061752 -0.050179 0.102445 -0.090690 0.177712 0.031624 -0.069810 0.127858 -0.029491
-0.063202 0.075317 -0.076034 0.158000 -0.067199 0.251698 -0.119035 -0.073727 -0.274750 -0.243566 -0.173187 -0.125923 -0.231273 -0.111270 -0.205398 -0.345259 0.066662 0.023178 -0.062349 -0.095948 1.000000 0.736929 0.278520 0.168435 0.201439 0.311389 0.379202 0.330133 -0.243036 -0.129579 0.059770 0.064225 -0.163875 0.020076 -0.079642 0.345353 -0.030326 0.440944 0.130840 0.297382 0.168435 0.164470 -0.035898 0.250403 0.195140 0.062821 -0.204094 0.070724 -0.091729 0.118465 -0.142334 -0.237946 -0.243912 -0.030345 -0.141253 0.335617 0.140432 -0.034381 -0.140836 -0.171065 -0.306539 -0.203417 -0.072277 -0.285493 -0.037113 -0.011570 -0.129027 0.094056 0.085854 -0.066153 0.494081 0.308162 0.019990 -0.091398 0.065411 0.089968 -0.095430 -0.032020 0.057248 0.321767 -0.007648 -0.211604 0.391813 0.226436 -0.174690 -0.266879 0.338694 0.191534 0.516312 0.207113 -0.122016 0.138994 -0.041484 -0.293706 0.321681 0.184295 0.010937 0.370164 0.021013 0.210882 -0.332439 -0.443484 -0.235398 -0.308210 0.277369 0.288680 0.238477 0.104690 0.426305 -0.271771 -0.106080 -0.204562 -0.284598 -0.404213 -0.011373 0.385993
-0.048785 0.051356 -0.190428 0.152161 -0.257626 0.165058 -0.145093 -0.002608 -0.498245 -0.374729 0.086520 0.051130 -0.095244 0.043801 -0.310003 -0.391490 0.296202 0.225936 -0.122365 -0.062449 0.736929 1.000000 0.249291 0.067492 0.049491 0.382580 0.224313 0.249986 -0.177263 0.020600 0.097236 0.220882 -0.125953 0.264217 -0.204654 0.416016 -0.104251 0.487900 -0.037601 0.256028 0.065778 -0.053343 -0.162881 0.232536 0.187770 0.078300 -0.373470 -0.009748 -0.119117 0.226590 -0.300733 -0.414643 -0.438630 -0.112089 -0.344898 0.363138 0.118926 -0.216209 -0.145485 -0.146908 -0.145038 -0.109606 0.112510 -0.171340 -0.052793 0.038112 -0.224048 0.173318 0.117624 -0.093734 0.432650 0.512728 -0.004210 -0.065277 -0.005637 -0.025635 -0.116816 -0.030904 0.181481 0.485237 -0.030381 -0.191440 0.433579 0.327537 -0.159173 -0.398385 0.397440 0.302092 0.443582 0.201731 -0.173897 0.185150 -0.139952 -0.447204 0.409310 0.202322 -0.045589 0.391802 -0.067142 0.227221 -0.472503 -0.552869 -0.295471 -0.246792 0.369873 0.374166 0.150669 0.032133 0.451955 -0.347745 -0.303303 -0.350032 -0.473348 -0.524011 -0.023902 0.395540
-0.001085 -0.291520 0.326079 0.192239 0.149888 0.254118 0.305344 -0.053761 0.226117 -0.068212 0.210035 -0.106240 -0.002359 -0.313203 0.445727 0.018886 -0.133572 -0.152653 0.062579 0.055426 0.278520 0.249291 1.000000 0.652293 0.454386 0.381001 0.543106 0.568365 -0.129756 -0.276652 0.435372 0.344218 -0.356973 -0.011072 0.032575 0.244453 -0.184227 0.066023 -0.042604 -0.218190 -0.213128 -0.318049 -0.169704 -0.053694 0.002962 -0.003234 -0.197388 -0.213124 0.025624 0.175900 0.002389 0.053726 -0.266802 0.165189 -0.226391 0.161498 -0.055980 -0.293435 0.028307 -0.379175 -0.137720 -0.242175 -0.399691 -0.339238 0.496170 0.147850 -0.245082 -0.059806 -0.055232 -0.217092 0.035882 0.083960 -0.227255 -0.234381 0.018152 -0.144461 -0.180197 -0.192295 -0.170453 -0.049779 -0.205170 -0.325545 0.399065 0.143348 0.056108 -0.259110 0.214096 0.301549 0.307788 0.093056 -0.090496 0.038831 0.065233 -0.122497 -0.031893 -0.100680 -0.249557 -0.076818 -0.265643 0.013795 -0.288496 -0.078314 -0.163586 0.035026 0.083112 -0.017006 -0.141836 -0.247411 -0.005613 -0.237803 -0.227308 -0.191618 -0.016937 -0.124777 -0.263828 -0.045097
-0.181683 -0.372813 0.214162 0.345952 0.045899 0.409053 0.218656 0.068912 0.125880 0.122544 0.034177 -0.066112 -0.254967 -0.272284 0.237171 0.075844 -0.277732 -0.343727 0.077297 0.281327 0.168435 0.067492 0.652293 1.000000 0.337770 0.266934 0.393271 0.478491 -0.219081 -0.303834 0.198882 0.191033 -0.363561 -0.117069 0.001733 0.230718 -0.020030 0.083485 -0.049617 0.021152 -0.086426 -0.142944 -0.053627 0.008271 0.077578 0.021252 -0.075519 0.015737 0.101714 0.108656 0.095191 0.060204 -0.141922 0.281816 0.028783 0.299363 -0.182396 -0.301082 -0.218224 -0.236458 -0.350782 -0.228136 -0.471340 -0.388305 0.343176 0.190427 -0.225742 0.153048 -0.068080 -0.164364 0.022387 -0.092106 -0.361197 -0.326793 -0.109513 -0.118696 -0.366731 -0.169712 -0.258713 -0.180190 -0.188863 -0.410887 0.337270 0.261161 0.006640 -0.066417 0.331886 0.327040 0.258916 0.233112 -0.021396 0.253641 0.166601 0.148185 -0.011349 0.061228 -0.241534 -0.067689 -0.150378 0.062035 -0.190417 0.008663 -0.247410 -0.056992 -0.000011 0.020190 0.042383 -0.113558 -0.026355 -0.132856 -0.142933 -0.033486 -0.015134 -0.181063 -0.160831 0.030334
-0.332013 -0.335581 0.148552 -0.170501 0.204179 0.298708 -0.093448 -0.341699 0.170325 -0.017132 -0.358903 -0.544754 -0.270251 -0.436792 0.058795 -0.131243 -0.281235 -0.212334 -0.333088 0.007380 0.201439 0.049491 0.454386 0.337770 1.000000 0.684385 0.519541 0.515672 -0.348947 -0.132198 0.448460 0.169711 -0.379671 -0.008722 0.184047 0.405754 0.257956 0.179791 0.251538 0.172689 0.053184 0.000248 0.367886 0.158467 0.253156 -0.023588 0.332363 0.321619 0.112730 -0.040196 0.117145 0.118147 -0.313928 0.124552 0.169549 0.101352 -0.227255 -0.181368 -0.274624 -0.241630 -0.552781 -0.376651 -0.430666 -0.393181 0.039621 0.087784 -0.007745 0.210333 0.065356 0.058426 -0.016629 0.066784 -0.278833 0.009330 -0.007567 -0.163054 -0.165647 -0.131940 -0.074605 0.097705 -0.008204 0.005216 0.073861 -0.119539 0.177234 0.202843 0.165769 0.169256 -0.093854 -0.107879 0.065759 0.055172 0.247223 0.137736 0.024854 0.156076 0.324428 -0.160249 0.091232 -0.184247 -0.024672 0.086915 0.155957 0.058711 0.141517 -0.070645 0.025622 -0.070733 0.044568 0.164165 0.374863 0.305139 0.309932 0.129377 -0.074616 0.131029
-0.491530 -0.179550 -0.227802 0.155567 -0.284351 0.403335 -0.292930 -0.103221 -0.258247 -0.119214 -0.280952 -0.304863 -0.332687 -0.178829 -0.269189 -0.182079 -0.005352 0.017545 -0.443413 -0.068235 0.311389 0.382580 0.381001 0.266934 0.684385 1.000000 0.316430 0.521477 -0.442784 0.027445 0.438729 0.392379 -0.342074 0.300650 -0.145277 0.526963 0.097548 0.334508 0.115836 0.221234 0.016949 0.112047 0.240940 0.374239 0.312931 0.120282 0.233791 0.344550 0.152396 0.203307 -0.007846 -0.081016 -0.433222 0.111515 0.010921 0.236210 -0.217153 -0.296766 -0.489237 -0.340356 -0.527345 -0.251297 -0.162817 -0.335553 -0.057189 0.201461 -0.249851 0.276303 0.258885 0.048701 -0.028710 0.402287 -0.347659 -0.058614 -0.088704 -0.183000 -0.315107 -0.279415 0.105442 0.337581 0.060902 -0.055849 0.215092 0.049949 0.083092 0.107877 0.178478 0.372842 0.032265 -0.069015 0.175614 0.126166 0.236528 -0.115968 0.160989 0.172472 0.323946 0.040852 0.055193 -0.167333 -0.078228 -0.060761 0.025152 -0.040091 0.310045 -0.000922 0.004085 -0.189761 0.244165 -0.077000 0.232379 0.095104 0.060932 -0.040004 -0.177626 0.152109
-0.055364 -0.345940 0.277516 0.109948 0.416938 0.523954 0.063808 -0.066085 0.195877 -0.001498 0.044430 -0.193526 0.036019 -0.265495 0.340195 0.126414 -0.193024 -0.376512 -0.159623 -0.056639 0.379202 0.224313 0.543106 0.393271 0.519541 0.316430 1.000000 0.751694 -0.283988 -0.249210 0.250158 0.065908 -0.368126 -0.144955 0.156065 0.385622 0.061128 0.075033 0.144393 0.020540 -0.098841 -0.159300 -0.057255 0.084549 0.031216 -0.165821 -0.017482 0.057824 0.117545 0.070213 -0.024223 0.101448 -0.176491 0.044724 -0.113224 0.126378 -0.122211 -0.352870 0.100905 -0.124735 -0.250704 -0.143727 -0.438617 -0.465243 0.159967 0.200856 -0.044640 0.144710 -0.078581 -0.103316 0.094770 -0.013702 -0.223800 -0.227856 -0.026669 -0.192128 -0.310568 -0.241014 -0.066339 -0.007774 -0.130422 -0.219837 0.310915 0.171645 0.114103 -0.066701 0.295789 0.164938 0.259209 0.147075 -0.109573 0.066224 0.133211 0.155298 -0.124216 -0.077273 -0.132202 -0.177379 -0.129258 -0.044472 -0.283066 -0.050080 -0.053855 0.048387 -0.030914 -0.083716 -0.017405 -0.049938 -0.075258 -0.090815 0.037979 0.014841 0.113132 -0.036709 -0.138645 -0.027747
-0.149164 -0.276473 0.104879 0.262373 0.143376 0.598389 -0.062204 -0.093728 0.048515 -0.060947 -0.072721 -0.195098 -0.138658 -0.206309 0.255780 0.144817 -0.273980 -0.364269 -0.236063 -0.127870 0.330133 0.249986 0.568365 0.478491 0.515672 0.521477 0.751694 1.000000 -0.415222 -0.336642 0.136158 0.008890 -0.432489 -0.099989 0.070012 0.464909 0.124469 0.282560 0.186163 0.175700 0.026237 -0.030525 -0.021484 0.194253 0.155059 0.013144 0.028109 0.153781 0.276694 0.189574 0.143225 0.085750 -0.201220 0.089275 0.004227 0.210696 -0.161672 -0.377337 0.017725 -0.212865 -0.304553 -0.187173 -0.393115 -0.525117 0.261478 0.310535 -0.145937 0.197531 0.012649 -0.077482 -0.055071 0.007057 -0.405242 -0.322714 -0.123620 -0.246280 -0.338135 -0.237870 -0.196456 -0.030437 -0.138809 -0.253650 0.293222 0.156603 0.231771 0.009049 0.239892 0.350064 0.307669 0.141273 0.025969 0.053893 0.138333 0.040982 0.051973 0.077195 -0.045782 -0.047102 -0.191916 -0.114924 -0.256974 -0.051026 -0.111549 -0.007175 0.071940 -0.030628 0.008857 -0.128597 0.051894 -0.131306 0.084220 0.014392 0.097894 -0.084684 -0.136636 0.095092
0.420601 0.158317 0.017588 -0.212156 -0.014137 -0.431292 0.095332 -0.097235 0.079428 0.043062 0.321675 0.372754 0.202284 0.224384 0.262375 0.189560 0.507637 0.451785 0.393562 0.040977 -0.243036 -0.177263 -0.129756 -0.219081 -0.348947 -0.442784 -0.283988 -0.415222 1.000000 0.595182 0.161918 0.204572 0.286983 -0.111956 0.027703 -0.666367 0.012711 -0.364229 -0.132280 -0.482279 -0.057350 -0.210627 -0.206918 -0.425664 -0.380032 -0.326266 -0.109057 -0.454032 -0.401432 -0.371685 -0.034645 0.005598 0.240755 -0.210913 -0.236630 -0.421361 0.381925 0.205157 0.040314 -0.188333 0.454139 -0.027642 0.407688 0.511726 -0.024342 -0.505691 -0.217926 -0.643371 -0.147185 -0.314695 0.173719 -0.172947 0.759470 0.358910 0.426421 0.307833 0.506026 0.237960 0.316899 0.065717 0.371398 0.462390 -0.018097 0.053197 0.059981 0.112070 -0.319631 -0.277134 -0.263224 -0.211015 -0.070482 -0.366849 -0.210897 -0.091517 -0.252916 -0.275990 -0.236779 -0.237737 -0.034763 -0.114489 0.147537 0.136657 -0.037987 0.201324 -0.259342 -0.261644 -0.428956 -0.295040 -0.325333 0.005900 -0.190676 -0.122749 -0.021145 0.150296 -0.175949 -0.299401
0.020928 0.232859 -0.332617 -0.206548 -0.303035 -0.254678 -0.326238 -0.142241 -0.285572 -0.114382 0.088993 0.176627 0.041342 0.254749 -0.210363 0.016568 0.587230 0.601657 -0.024934 0.022356 -0.129579 0.020600 -0.276652 -0.303834 -0.132198 0.027445 -0.249210 -0.336642 0.595182 1.000000 0.361010 0.355955 0.226501 0.219884 -0.012158 -0.308481 -0.001685 -0.162747 -0.112483 -0.095235 0.094312 0.036468 0.000802 -0.048642 -0.094272 -0.143929 0.032459 -0.064357 -0.311594 -0.191223 -0.172952 -0.189487 0.048386 -0.268774 -0.028637 -0.222112 0.166985 0.093525 -0.331372 -0.124750 0.083916 -0.090971 0.470427 0.375783 -0.463282 -0.439344 -0.184323 -0.283417 0.059056 -0.106651 0.038077 0.247132 0.575115 0.527550 0.219320 0.078082 0.238642 -0.019842 0.526716 0.470717 0.445362 0.448034 0.007937 0.006051 0.011871 0.150935 -0.084367 -0.089836 -0.314879 -0.289154 0.017881 -0.183763 -0.032332 -0.065674 -0.068336 -0.007853 0.027990 -0.178427 0.024491 -0.171038 0.156970 0.103664 0.077238 0.251661 0.083104 -0.147901 -0.283214 -0.207850 -0.183445 -0.036625 -0.025550 -0.024020 -0.033635 0.103699 -0.049729 -0.117281
-0.153469 -0.186621 -0.030273 -0.054963 0.015728 0.155768 -0.028438 -0.090829 0.022770 0.021000 0.119743 -0.084066 -0.062891 -0.187438 0.044036 -0.113108 0.172913 0.144235 -0.093940 0.009599 0.059770 0.097236 0.435372 0.198882 0.448460 0.438729 0.250158 0.136158 0.161918 0.361010 1.000000 0.817868 -0.183809 0.245754 0.075675 0.120518 -0.165909 -0.161876 -0.189636 -0.306795 -0.271397 -0.294528 -0.117577 -0.027061 -0.080146 -0.206274 -0.038083 -0.106693 -0.228361 -0.064479 -0.213990 -0.123016 -0.230888 -0.078468 -0.173483 -0.097187 0.060480 -0.118715 -0.256439 -0.234855 -0.218983 -0.140250 -0.080755 0.021180 0.117266 -0.008828 -0.087974 -0.032535 0.012295 -0.110421 0.070778 0.340752 0.098249 0.119642 0.103963 -0.031976 -0.135117 -0.280503 0.079606 0.254667 0.036296 -0.111973 0.130822 -0.049568 0.024733 -0.092360 -0.015277 0.076809 -0.051807 -0.145262 0.019559 -0.139090 0.052513 -0.045209 -0.120711 -0.077572 0.003655 -0.270694 -0.026329 -0.142797 -0.083340 -0.012166 0.126273 0.093684 0.140978 -0.188340 -0.236023 -0.241896 -0.006146 -0.157614 -0.078638 -0.051455 -0.062337 0.020572 -0.193590 -0.150402
-0.075113 -0.094173 -0.103224 0.134356 -0.119372 0.159402 -0.027373 0.139519 -0.150441 0.025579 0.242255 0.151218 -0.007395 -0.007664 -0.091150 -0.144448 0.316959 0.272976 -0.044212 0.015812 0.064225 0.220882 0.344218 0.191033 0.169711 0.392379 0.065908 0.008890 0.204572 0.355955 0.817868 1.000000 -0.088367 0.409578 -0.136728 0.126213 -0.306327 -0.131271 -0.294611 -0.393823 -0.333310 -0.306725 -0.319170 -0.029926 -0.106095 -0.163281 -0.245723 -0.235303 -0.285594 0.029239 -0.374858 -0.252293 -0.264561 -0.113915 -0.346243 0.002219 0.177413 -0.139846 -0.257488 -0.264281 -0.072657 0.017386 0.117661 0.145089 0.068355 0.034072 -0.187737 -0.032867 0.058079 -0.144555 0.167743 0.475139 0.167194 0.092740 0.147887 0.093228 -0.171387 -0.230305 0.230963 0.359428 -0.031037 -0.183373 0.139028 0.053475 -0.121126 -0.276796 0.027409 0.143178 0.029919 -0.143487 0.021058 -0.080574 0.025907 -0.193285 -0.126355 -0.164144 -0.125258 -0.207793 -0.143517 -0.063587 -0.168798 -0.153625 0.005618 0.013646 0.182498 -0.108824 -0.278681 -0.254809 0.072099 -0.353769 -0.348887 -0.212158 -0.247697 -0.147611 -0.310449 -0.172887
0.094467 0.311163 0.068530 -0.135877 -0.072286 -0.299472 0.223217 0.014460 -0.164790 -0.071086 0.077932 0.109295 0.089610 0.146010 -0.199460 -0.068659 0.305873 0.227539 0.320756 0.103449 -0.163875 -0.125953 -0.356973 -0.363561 -0.379671 -0.342074 -0.368126 -0.432489 0.286983 0.226501 -0.183809 -0.088367 1.000000 0.352288 0.158833 -0.411401 -0.081962 -0.209773 -0.023511 -0.112032 0.065899 0.128011 -0.099497 -0.260373 0.001465 0.106948 -0.060707 -0.279074 -0.070969 -0.064868 -0.007081 -0.110529 0.234010 -0.269961 -0.082607 -0.233468 0.027443 0.174939 -0.062782 -0.010832 0.486624 0.037779 0.475773 0.461130 -0.059144 -0.333868 0.245948 -0.141007 0.138842 -0.031255 -0.121022 -0.089019 0.303056 0.128246 0.015815 0.171940 0.245780 0.095712 0.174998 -0.013545 0.088700 0.152982 -0.181166 -0.097370 -0.188656 -0.070809 -0.325856 -0.345838 -0.141311 -0.297516 -0.097973 -0.289109 -0.209794 -0.227668 -0.190325 -0.192992 -0.102430 -0.002557 -0.026519 -0.146478 0.209582 -0.070540 0.068734 0.043513 -0.023426 -0.071154 -0.144035 0.018732 -0.132356 -0.012821 -0.077502 -0.111785 -0.107529 0.015306 0.042787 -0.212344
-0.303595 0.162227 -0.241446 -0.069392 -0.284925 -0.055337 -0.106888 0.007818 -0.412399 -0.259096 0.151082 -0.048044 -0.001456 -0.073507 -0.480449 -0.415232 0.352653 0.286512 -0.135878 0.302532 0.020076 0.264217 -0.011072 -0.117069 -0.008722 0.300650 -0.144955 -0.099989 -0.111956 0.219884 0.245754 0.409578 0.352288 1.000000 -0.188717 0.364105 -0.215030 0.166383 -0.130852 0.090938 -0.005430 0.107089 -0.208518 0.056686 0.116448 0.023583 -0.301900 0.055651 -0.115260 0.134625 -0.422690 -0.539319 -0.336554 -0.238748 -0.202605 0.224759 -0.102318 0.000725 -0.305379 -0.026708 0.080319 0.046862 0.370018 0.147039 -0.110037 -0.062574 0.132500 0.370464 0.452135 0.394938 -0.154078 0.448008 -0.032545 -0.015962 -0.147707 -0.190539 -0.230235 -0.266649 0.238894 0.395521 -0.202040 -0.206955 0.197616 0.234102 -0.224445 -0.398272 0.126443 0.158209 0.048247 -0.259030 -0.080045 0.121800 -0.037926 -0.238461 0.146850 0.113142 0.094254 0.210627 -0.041387 0.104367 -0.157292 -0.276998 0.068261 -0.115855 0.304007 0.174521 0.129378 -0.016196 0.299754 -0.177780 -0.146276 -0.091262 -0.247352 -0.270589 -0.036079 0.023778
0.180516 -0.145821 0.242575 -0.169810 0.369231 0.132101 0.047529 -0.152419 0.238019 0.192752 -0.027647 -0.188321 0.109005 -0.030888 0.191509 0.142261 -0.129990 -0.217260 0.047725 -0.064999 -0.079642 -0.204654 0.032575 0.001733 0.184047 -0.145277 0.156065 0.070012 0.027703 -0.012158 0.075675 -0.136728 0.158833 -0.188717 1.000000 -0.082412 0.248914 -0.111703 0.040739 -0.050576 -0.028235 -0.163277 0.230253 -0.199618 0.184374 0.000485 0.083816 -0.084750 -0.050013 -0.097674 0.047692 0.078898 0.012871 -0.135700 0.060750 -0.290497 0.016415 -0.034093 0.137607 -0.105286 -0.041422 -0.167761 -0.209723 -0.103117 0.040186 -0.186069 0.349905 -0.083737 -0.027858 -0.110254 -0.119215 -0.117478 0.010169 0.013421 -0.104064 0.033048 -0.000921 -0.051377 -0.064984 -0.190603 0.086062 -0.009244 -0.240855 -0.216508 0.094049 0.031633 -0.131582 -0.178300 -0.064687 -0.173965 -0.172132 -0.285125 0.156747 0.083481 -0.164937 0.033367 0.061797 -0.207030 0.008313 -0.222259 0.174691 0.121078 0.160432 0.071357 -0.114916 -0.092839 -0.017189 0.047825 -0.103283 0.136234 0.214160 0.194351 0.304074 0.116457 0.090808 -0.063860
-0.321036 -0.173729 -0.114597 0.087263 -0.029092 0.407495 -0.207208 0.003219 -0.235837 -0.225228 -0.123515 -0.322173 -0.179090 -0.248317 -0.325597 -0.436239 -0.149825 -0.130825 -0.501856 0.032110 0.345353 0.416016 0.244453 0.230718 0.405754 0.526963 0.385622 0.464909 -0.666367 -0.308481 0.120518 0.126213 -0.411401 0.364105 -0.082412 1.000000 -0.069510 0.522713 -0.009870 0.413845 -0.048663 0.129667 -0.032286 0.310520 0.241976 0.060987 -0.202855 0.349084 0.077656 0.260608 -0.277486 -0.329047 -0.492521 0.028875 -0.018344 0.471178 -0.148866 -0.194667 -0.116867 0.130270 -0.413060 -0.052900 -0.191497 -0.377629 -0.010866 0.388097 0.163729 0.705719 0.283755 0.335131 -0.025252 0.432486 -0.454013 -0.301888 -0.251006 -0.347224 -0.465664 -0.204219 -0.014811 0.244592 -0.407533 -0.472415 0.229704 0.193810 -0.241292 -0.382815 0.376984 0.358509 0.327890 0.194937 -0.163916 0.320187 0.048389 -0.104984 0.280736 0.276274 0.165380 0.308730 -0.038825 0.221478 -0.394400 -0.321698 -0.110013 -0.187359 0.252989 0.296996 0.417598 0.196375 0.380963 -0.164078 0.032088 -0.002394 -0.114890 -0.309763 0.110048 0.285447
