1.000000 0.231396 0.127384 -0.021119 0.013355 -0.069741 0.151567 0.092254 -0.047311 -0.065355 0.002048 -0.000344 -0.062614 0.041378 -0.242028 -0.189278 0.084746 0.076820 0.263384 0.133216 -0.015666 -0.043675 -0.193142 -0.120474 -0.253845 -0.280344 -0.012848 -0.145677 0.014353 0.083644 -0.094333 -0.054266 0.212498 -0.098522 -0.262948 -0.318184 -0.069257 -0.035392 -0.054725 0.061254 0.103328 0.245216 -0.194740 -0.137086 -0.208507 -0.195040 -0.052925 -0.041343 0.067498 -0.111953 -0.156229 0.011128 0.282097 -0.009712 -0.086402 -0.129348 0.580953 0.063329 0.246186 0.140868 0.160863 0.070634 0.103701 0.140758 -0.306046 -0.039172 0.062768 -0.121424 0.098078 -0.104065 0.098056 0.025075 0.063069 0.107488 0.161225 0.177550 0.195993 0.049128 0.028005 0.054812 -0.131357 -0.026856 0.005234 0.221625 -0.288676 -0.289488 -0.015322 -0.113907 -0.131024 0.039476 0.029426 0.111630 -0.226258 -0.112442 0.009715 -0.070209 0.009898 -0.102721 0.250602 0.411842 0.074668 -0.046381 0.010959 -0.015492 -0.105410 -0.202638 0.113684 -0.065854 0.057071 -0.106196 -0.008576 0.105006 0.262777 0.104243 -0.005546 0.083275
0.231396 1.000000 -0.024207 0.145368 -0.073783 -0.079101 -0.050118 -0.059928 -0.071170 -0.232127 0.003265 0.071492 0.037522 -0.050869 0.020660 -0.144915 -0.049703 0.062284 0.133225 0.064005 0.137100 0.173292 -0.020204 0.040730 0.049473 -0.034667 -0.044030 0.028915 -0.109785 -0.030415 -0.010225 -0.018073 0.211915 0.084535 -0.139423 -0.236796 -0.174820 -0.202283 -0.156218 0.048883 -0.039076 -0.016390 -0.118813 -0.148474 -0.165003 -0.147170 -0.190510 -0.164706 0.116837 0.141359 0.024836 0.132237 -0.001601 -0.062853 -0.075051 -0.111859 0.111327 0.507945 0.136206 0.294949 -0.168278 -0.032674 0.029435 0.324990 -0.069084 -0.079300 0.131928 -0.097555 0.414954 0.272452 0.010057 0.088413 -0.010441 0.127954 0.017035 0.077762 -0.067059 -0.096588 -0.039467 0.080056 0.078371 0.111657 -0.000577 -0.148097 -0.027634 -0.000398 0.035426 0.020841 -0.069164 -0.141576 -0.246222 -0.250309 -0.241786 -0.223092 -0.225518 -0.133820 0.003797 0.027064 0.032813 -0.061692 0.070218 -0.099965 0.035508 -0.041953 -0.270143 -0.258086 -0.108076 -0.224921 -0.080736 -0.149320 -0.110242 -0.095387 0.180851 0.203810 -0.080069 -0.239471
0.127384 -0.024207 1.000000 0.296014 0.319435 0.016486 0.644852 0.297966 0.251996 0.067502 0.037266 -0.040127 0.041541 -0.165131 -0.080751 0.003847 -0.131821 -0.132003 0.083800 -0.179894 0.031104 -0.000310 0.287792 0.000763 0.111806 -0.049396 0.306604 0.027600 -0.227779 -0.187641 -0.017831 -0.000000 -0.041622 -0.025766 -0.028108 0.116951 -0.324023 -0.309439 -0.205969 -0.022860 -0.060021 -0.032190 0.003143 0.080736 0.067383 0.141532 0.021679 -0.069868 0.002081 -0.033257 0.169275 0.007432 0.077359 -0.185799 -0.109768 -0.188711 0.006116 -0.164233 0.182650 -0.037846 0.220705 0.078279 -0.067843 -0.039964 0.215817 0.251916 0.070746 0.107721 -0.105501 -0.190404 -0.121915 -0.050148 -0.157926 -0.082980 -0.007549 0.083928 -0.109821 -0.225291 -0.143027 -0.099708 -0.251930 -0.063176 -0.033658 0.065267 -0.202687 -0.151627 -0.120779 -0.089901 0.154360 0.146367 0.095619 0.099906 -0.040177 -0.094797 -0.122322 -0.086008 -0.097327 -0.079957 -0.261547 -0.161437 -0.071490 -0.008229 -0.115193 -0.006287 -0.282888 -0.177960 -0.091612 -0.162020 -0.055817 -0.286012 -0.174091 -0.308735 -0.037998 -0.070783 -0.052028 -0.034540
-0.021119 0.145368 0.296014 1.000000 0.260936 0.573743 0.308407 0.643372 0.141783 0.423038 -0.070561 0.244497 0.110866 0.041344 -0.135660 0.162511 -0.328035 -0.293435 -0.079272 -0.364981 0.073812 0.112274 0.143368 0.191629 0.034451 0.231618 0.408194 0.287127 -0.500409 -0.355679 -0.162922 -0.044798 -0.062983 0.016483 0.035283 0.096139 -0.449705 -0.396827 -0.283604 -0.158596 -0.111349 -0.064916 -0.363546 -0.296124 -0.184747 0.017101 -0.373926 -0.249494 0.024309 -0.024554 0.228280 0.178255 -0.047690 -0.134904 -0.108506 -0.315062 -0.137628 -0.117494 0.259611 0.164807 -0.059873 0.366227 -0.353006 -0.212009 0.260447 0.636803 -0.016737 0.185257 0.160154 0.147400 -0.405959 0.010276 -0.493058 -0.406818 -0.377899 -0.075626 -0.492017 -0.403531 -0.072133 -0.259598 -0.226410 -0.328665 -0.038687 0.175602 0.012096 0.150678 0.033289 0.060003 0.327062 0.393644 0.221206 -0.013307 0.351251 -0.092570 -0.114843 -0.195113 -0.089151 -0.004355 -0.345005 -0.219081 0.239732 -0.117446 0.016363 0.173622 -0.082224 -0.072024 -0.035172 -0.028960 -0.200939 -0.421122 -0.329883 -0.410269 -0.190484 0.061101 -0.001604 -0.165143
0.013355 -0.073783 0.319435 0.260936 1.000000 0.318233 0.344296 0.203741 0.696187 0.599353 0.150953 0.222044 -0.032525 0.159496 0.292035 0.555425 -0.153372 -0.113019 0.113388 0.012549 0.117876 -0.149478 0.016586 -0.048736 -0.053896 -0.235180 0.549856 -0.100210 0.088126 0.201219 -0.243226 -0.165030 -0.329096 -0.358125 -0.222072 -0.100373 -0.092375 0.041147 -0.004148 0.103747 -0.019518 0.114147 -0.111257 -0.185806 -0.087615 -0.162200 0.171839 -0.318046 0.119423 0.051863 0.040790 0.082667 0.355658 0.068908 -0.186094 -0.157018 -0.119070 -0.178963 0.391108 0.149697 0.436410 0.229198 -0.119388 -0.157012 0.002255 0.141702 -0.091237 -0.192751 -0.111271 -0.002615 -0.007452 -0.113402 0.041050 0.026988 -0.149633 0.032716 -0.143797 -0.235668 -0.370058 -0.127946 -0.104146 -0.038330 0.132108 0.389833 -0.235590 -0.119304 -0.197486 -0.258856 0.269984 0.426021 0.136261 0.049615 0.243371 -0.070082 0.000584 -0.029117 -0.246049 0.051302 -0.074978 -0.162942 0.060035 -0.073929 0.007942 -0.055355 0.005189 0.091492 -0.026560 -0.123392 0.134051 0.063758 -0.104662 -0.114741 0.012748 -0.123909 -0.033677 0.000504
-0.069741 -0.079101 0.016486 0.573743 0.318233 1.000000 0.130081 0.302675 0.072836 0.450791 -0.218396 0.063493 0.053729 0.127153 0.105403 0.411124 -0.421580 -0.310534 -0.242324 -0.341470 0.208423 0.331673 0.243632 0.308741 0.152534 0.411946 0.699843 0.609369 -0.371237 -0.340768 -0.282830 -0.230373 -0.171955 -0.172710 0.183565 0.061950 -0.092890 -0.060632 0.135419 0.128396 -0.015173 0.067835 -0.325631 -0.275895 -0.281874 -0.166607 -0.193742 -0.231012 0.025015 -0.099090 0.311148 0.023802 0.029424 -0.090297 0.151907 -0.123202 -0.113973 -0.096814 0.298245 0.098695 -0.120024 0.137301 -0.357221 -0.440784 0.232288 0.350606 -0.010740 0.090356 0.168985 0.212260 -0.484658 -0.061196 -0.386105 -0.509298 -0.416250 -0.179509 -0.401594 -0.403569 -0.113250 -0.153099 -0.164824 -0.257348 0.094923 0.264377 0.218683 0.233759 0.158231 0.161266 0.589720 0.542700 0.140976 -0.047319 0.417641 -0.040248 0.101939 -0.285331 0.123581 0.064078 -0.285844 -0.196354 0.057663 -0.221176 -0.205691 0.072976 -0.087246 0.022141 -0.002870 -0.094956 -0.029186 -0.130173 0.009883 -0.263554 -0.253377 0.044446 0.087449 -0.132618
0.151567 -0.050118 0.644852 0.308407 0.344296 0.130081 1.000000 0.378344 0.284910 0.203916 0.398816 0.297319 0.504386 0.207701 0.088020 0.196900 -0.105630 -0.203061 -0.035782 -0.329222 -0.200029 -0.142202 0.350693 0.056612 -0.038859 -0.154374 0.317819 -0.042700 -0.284809 -0.137371 -0.088532 0.006382 -0.015667 0.043229 0.013882 0.113585 -0.234249 -0.323410 -0.284204 -0.155372 -0.028273 0.130220 -0.170905 -0.156606 0.042879 0.105600 -0.186419 -0.121651 0.085671 -0.100487 0.282737 -0.106947 0.185312 -0.109940 -0.052433 -0.112503 -0.181187 -0.338135 -0.000212 -0.306540 0.369739 0.117503 0.035172 -0.209564 0.420877 0.313601 -0.278909 -0.101850 -0.200392 -0.245758 -0.171366 0.006756 -0.180669 -0.123996 0.029823 0.082245 -0.131185 -0.196776 -0.092837 -0.289834 -0.260990 -0.197635 -0.029683 0.270177 -0.083836 -0.082760 -0.108243 -0.000889 0.146802 0.269972 0.311551 0.266819 0.232092 0.032689 -0.060724 -0.132185 -0.071530 -0.180404 -0.208858 -0.162267 -0.044037 -0.057724 -0.167979 -0.022219 -0.281414 -0.253105 -0.078721 -0.151330 -0.109639 -0.407321 -0.338148 -0.326386 -0.017922 -0.021327 -0.159862 -0.027015
0.092254 -0.059928 0.297966 0.643372 0.203741 0.302675 0.378344 1.000000 0.177823 0.536899 0.132880 0.395288 0.083815 0.337690 -0.276613 -0.050437 -0.079761 -0.165556 -0.164910 -0.280863 -0.101349 -0.179421 -0.157190 -0.172645 -0.237711 -0.066236 0.083772 -0.155236 -0.293482 -0.078420 -0.103350 0.098180 0.019721 0.123910 -0.194328 0.129012 -0.452500 -0.344963 -0.376040 -0.215963 -0.226628 -0.005941 -0.203457 -0.182146 -0.059956 0.149860 -0.312374 -0.109543 0.063899 0.033691 -0.044587 0.065450 -0.006503 -0.297709 -0.199132 -0.405114 -0.067192 -0.387163 0.176656 0.075907 0.163369 0.606708 -0.134579 -0.067623 0.110050 0.724002 0.019054 0.343691 -0.232891 -0.104141 -0.173739 -0.060118 -0.240348 -0.175329 -0.201448 -0.025053 -0.234355 -0.181099 -0.005015 -0.266865 -0.200495 -0.284059 -0.126023 0.132425 -0.271073 -0.076498 -0.091693 -0.047443 -0.061775 0.208746 0.325662 0.015258 0.352467 -0.181962 -0.162168 -0.149444 -0.191750 -0.117251 -0.231383 -0.126058 0.270753 -0.214078 0.049474 0.121568 0.030957 -0.034622 0.165491 0.126239 -0.174433 -0.281947 -0.249814 -0.163729 -0.048018 -0.027633 0.019411 -0.012681
-0.047311 -0.071170 0.251996 0.141783 0.696187 0.072836 0.284910 0.177823 1.000000 0.542727 0.333648 0.224013 0.019021 0.225543 0.385832 0.477029 0.089157 -0.041512 -0.010930 -0.000941 -0.137846 -0.373331 -0.065100 -0.375226 -0.205503 -0.399400 0.326495 -0.223095 0.032173 0.194371 -0.425877 -0.334467 -0.191548 -0.357624 -0.383930 -0.181437 -0.129736 0.093996 -0.008565 0.188442 -0.215192 -0.014974 0.045646 0.030720 -0.040560 -0.057987 0.240525 -0.222333 0.166367 0.175436 -0.014798 0.064794 0.456655 -0.048837 -0.011543 0.002873 -0.128930 -0.077660 0.367878 0.078837 0.473475 0.280046 -0.087115 -0.159759 -0.036422 0.218584 -0.051345 -0.179049 -0.072653 0.103191 0.052588 -0.219108 0.042639 0.151784 -0.070151 0.007035 -0.083930 -0.156356 -0.382353 -0.059237 -0.162171 -0.059084 -0.100537 -0.033331 -0.417892 -0.073800 -0.282600 -0.201150 0.146934 0.415873 0.052299 -0.036741 0.170712 0.032496 -0.037944 0.167933 -0.180386 0.055692 -0.121092 -0.155632 0.106977 0.019338 0.070582 -0.094115 0.084111 0.113694 0.005505 -0.049866 0.129108 0.092971 -0.131350 -0.117905 0.026496 -0.176448 -0.032440 0.161811
-0.065355 -0.232127 0.067502 0.423038 0.599353 0.450791 0.203916 0.536899 0.542727 1.000000 0.193743 0.361220 -0.066001 0.318159 0.104302 0.484968 0.056414 -0.074137 -0.101985 -0.124552 -0.044431 -0.348133 -0.175618 -0.160162 -0.237077 -0.170572 0.304608 -0.132036 -0.006921 0.131740 -0.304695 -0.183697 -0.237479 -0.181848 -0.245791 -0.015436 -0.193182 -0.015286 -0.060251 -0.031753 -0.188199 0.038228 -0.210275 -0.245733 -0.135681 -0.117048 0.008661 -0.291214 0.044041 0.093986 -0.108019 0.081682 0.092178 -0.021427 -0.294505 -0.325713 -0.114198 -0.343079 0.401324 0.247699 0.417456 0.578591 -0.074116 -0.144508 0.105844 0.509401 0.069929 0.091436 -0.186889 0.056188 -0.123218 -0.254995 -0.046819 -0.139786 -0.256830 -0.178013 -0.201145 -0.283272 -0.161379 -0.196266 -0.002864 -0.157472 -0.027767 0.233977 -0.284596 -0.053677 -0.212952 -0.290962 0.118444 0.389760 0.164114 -0.015627 0.479311 -0.043265 0.066591 -0.062114 -0.323717 -0.070626 -0.350217 -0.214447 0.114194 -0.161230 0.014619 -0.015318 0.149200 0.115275 0.148855 0.048342 0.114734 0.024666 -0.198792 -0.179662 -0.095618 -0.180893 -0.046535 0.054113
0.002048 0.003265 0.037266 -0.070561 0.150953 -0.218396 0.398816 0.132880 0.333648 0.193743 1.000000 0.525835 0.551455 0.433019 0.393524 0.184960 0.427420 0.036223 -0.060016 -0.343029 -0.351152 -0.366043 0.152205 -0.232587 -0.213750 -0.430837 -0.066593 -0.380209 0.063035 0.241364 0.085058 0.097361 -0.077253 0.078716 -0.100810 0.077042 -0.035094 -0.208146 -0.315491 -0.175848 -0.018623 -0.076211 -0.106219 -0.173597 0.082901 0.057564 -0.204075 -0.247111 0.142702 0.140066 0.179113 0.040281 0.106495 -0.086581 -0.240240 -0.160479 -0.289695 -0.268272 -0.095258 -0.234667 0.447463 0.195145 0.258600 0.094177 0.360192 0.121310 -0.293916 -0.224151 -0.315668 -0.248771 0.170756 -0.003542 0.035901 0.230678 0.093573 0.250315 0.000637 0.139514 0.071478 -0.193920 -0.038327 -0.165425 -0.217347 0.037488 -0.134318 -0.184161 -0.223029 -0.069745 -0.237577 0.034770 0.401564 0.308464 0.181377 0.159007 -0.092074 0.320554 -0.325932 -0.257723 -0.167958 -0.226799 0.032760 0.014869 0.021542 -0.051389 -0.156367 -0.258880 -0.092178 0.048912 -0.042837 -0.262153 -0.400894 -0.161076 0.099493 -0.097527 -0.163205 -0.021917
-0.000344 0.071492 -0.040127 0.244497 0.222044 0.063493 0.297319 0.395288 0.224013 0.361220 0.525835 1.000000 0.435837 0.647967 0.194802 0.214581 0.017001 0.146771 -0.093789 -0.359079 -0.182373 -0.203224 -0.013799 -0.157544 -0.205476 -0.222663 0.015171 -0.215038 -0.001105 0.108204 0.011209 0.123586 -0.166030 -0.079856 -0.233136 -0.081677 -0.135726 -0.285402 -0.379965 -0.330921 -0.246896 -0.143641 -0.161093 -0.193602 -0.176286 -0.066640 -0.282603 -0.221894 0.245728 0.191235 0.168114 0.394071 0.230095 0.096512 -0.183846 -0.145250 -0.273582 -0.420163 0.022199 -0.005493 0.150758 0.423126 -0.074907 0.065548 0.073100 0.417373 -0.227463 -0.211490 -0.114557 -0.050373 0.014457 0.135783 -0.087408 0.104168 -0.024945 0.088953 -0.160903 -0.036771 -0.005824 -0.118442 -0.068207 -0.205300 -0.046820 0.092821 -0.006799 0.006689 -0.049339 -0.035749 -0.109683 0.171275 0.220590 0.013480 0.144256 -0.092026 -0.176624 0.048891 -0.202978 0.020674 -0.173387 -0.081095 0.200864 -0.089120 0.095988 0.132488 -0.037003 -0.140397 -0.023807 0.094267 -0.151770 -0.250632 -0.357816 -0.117506 0.140753 0.037195 -0.126634 -0.193871
-0.062614 0.037522 0.041541 0.110866 -0.032525 0.053729 0.504386 0.083815 0.019021 -0.066001 0.551455 0.435837 1.000000 0.343051 0.371360 0.105080 -0.205559 -0.053503 -0.057169 -0.447641 -0.175543 0.030233 0.565920 0.120948 0.185620 0.010980 0.166738 0.088291 -0.222882 -0.239303 0.091955 0.093502 -0.119502 0.011425 0.192932 0.111294 -0.083585 -0.372018 -0.379876 -0.301920 -0.125668 -0.106407 -0.137478 -0.127260 -0.002359 0.017257 -0.314055 -0.095240 0.144165 0.100554 0.470940 0.107541 0.073691 0.016785 0.087933 0.065325 -0.422328 -0.244078 -0.200393 -0.355392 -0.049426 -0.071704 -0.067618 -0.193615 0.365690 0.035842 -0.426640 -0.334998 -0.030270 -0.113422 -0.038492 0.234714 -0.253579 -0.051600 -0.013507 0.088634 -0.181548 -0.011503 0.029655 -0.210468 -0.112320 -0.236226 0.063658 0.023280 0.401176 0.054350 0.167930 0.275220 0.205724 0.067232 0.245230 0.252520 0.067290 0.173014 -0.224882 -0.025608 0.007303 -0.077373 -0.108112 -0.099595 -0.001369 0.041172 -0.088369 0.164200 -0.161571 -0.143198 -0.177731 0.007087 -0.208308 -0.400588 -0.323078 -0.286021 -0.044045 0.105101 -0.147089 -0.125855
0.041378 -0.050869 -0.165131 0.041344 0.159496 0.127153 0.207701 0.337690 0.225543 0.318159 0.433019 0.647967 0.343051 1.000000 0.117153 0.338466 0.119862 0.057857 -0.244105 -0.246439 -0.311941 -0.285190 -0.165601 -0.368275 -0.312297 -0.343031 -0.091978 -0.317612 0.105533 0.131826 -0.190429 -0.032622 -0.189546 -0.081828 -0.287195 -0.054016 0.102953 0.005616 -0.154388 -0.137324 -0.065114 0.052377 -0.102713 -0.183800 -0.138438 -0.091413 -0.207014 -0.128148 0.247824 0.053528 0.063914 0.059767 0.299514 0.008660 0.114391 -0.036804 -0.143180 -0.436592 0.029546 -0.138968 0.268774 0.381673 0.107862 -0.007230 -0.071453 0.310099 -0.194809 -0.158733 -0.211515 -0.076266 -0.043825 -0.073747 0.070834 0.028755 -0.038375 -0.056753 -0.133303 0.032449 -0.067631 -0.207202 0.022894 -0.163084 -0.109376 0.076967 -0.156339 -0.164109 -0.086495 -0.067654 -0.229976 0.147054 0.235719 0.015762 0.260713 -0.020181 -0.099438 0.054651 -0.027256 0.115024 0.081562 0.099569 0.275040 0.024049 0.114498 0.133810 0.147467 0.045264 0.076878 0.192222 -0.126015 -0.085957 -0.043471 0.100285 0.142661 0.008840 -0.011675 0.077636
-0.242028 0.020660 -0.080751 -0.135660 0.292035 0.105403 0.088020 -0.276613 0.385832 0.104302 0.393524 0.194802 0.371360 0.117153 1.000000 0.533947 -0.110321 -0.210267 0.049633 -0.132053 0.102960 0.109336 0.440015 0.162930 0.157413 0.022776 0.333983 0.202647 -0.007867 -0.020091 0.001638 -0.064640 -0.246418 -0.284460 -0.065768 -0.143425 0.096095 0.145833 0.113106 0.121168 -0.043739 -0.096109 0.022088 -0.019073 -0.051196 -0.143096 0.139018 -0.175999 0.245686 0.150613 0.333220 0.115713 0.231899 0.083974 0.109908 0.128567 -0.526417 -0.034136 -0.060258 -0.136608 0.012322 -0.219681 -0.168262 -0.273255 0.158481 -0.269087 -0.302524 -0.429881 -0.045310 0.034668 0.094519 0.096532 -0.156200 0.097018 -0.129848 0.062225 -0.080399 0.052019 -0.231743 -0.043090 -0.105960 -0.095127 0.122957 -0.023653 0.314230 0.213936 -0.022381 0.055949 0.358788 0.213049 -0.026216 0.026322 -0.050456 0.118431 -0.007776 0.198527 -0.009605 0.075667 -0.126276 -0.289997 -0.075180 0.075679 -0.000727 -0.087564 -0.061181 0.017857 -0.232062 -0.189560 0.179587 0.059868 -0.006923 -0.158878 0.024332 0.050956 0.062267 -0.137374
-0.189278 -0.144915 0.003847 0.162511 0.555425 0.411124 0.196900 -0.050437 0.477029 0.484968 0.184960 0.214581 0.105080 0.338466 0.533947 1.000000 -0.056374 -0.220312 -0.110016 -0.090216 -0.045856 -0.165049 0.095449 0.002142 -0.116862 -0.159427 0.433433 0.090758 0.071507 0.091072 -0.310485 -0.305207 -0.309438 -0.318449 -0.144613 -0.185524 0.207254 0.347111 0.210072 0.115407 0.111781 0.167082 -0.063605 -0.184126 -0.109452 -0.207288 0.155070 -0.226246 0.148188 0.012293 0.144577 -0.040867 0.251077 0.084223 0.128739 0.042532 -0.313088 -0.233586 0.117439 -0.052073 0.306684 0.087898 -0.091083 -0.319271 0.133624 0.065083 -0.237143 -0.298639 -0.109881 0.006735 -0.185249 -0.270198 0.047841 -0.099400 -0.228523 -0.222374 -0.184933 -0.159022 -0.234916 -0.213745 0.072803 -0.061052 0.175161 0.361730 0.012986 0.090858 -0.145074 -0.226428 0.270156 0.492198 0.008848 -0.062371 0.281072 0.074843 0.194704 -0.046403 0.038144 0.154932 -0.057091 -0.179000 0.066422 0.083609 0.034522 -0.041032 0.128695 0.227761 -0.017942 -0.068958 0.170313 0.125681 0.077765 -0.116480 -0.136846 -0.166380 0.026781 0.014705
0.084746 -0.049703 -0.131821 -0.328035 -0.153372 -0.421580 -0.105630 -0.079761 0.089157 0.056414 0.427420 0.017001 -0.205559 0.119862 -0.110321 -0.056374 1.000000 0.383621 0.043963 0.077131 -0.378499 -0.470098 -0.380221 -0.406791 -0.415541 -0.506728 -0.460836 -0.490719 0.446638 0.576491 0.046958 0.047553 0.223900 0.219867 -0.206929 -0.067816 0.178702 0.097531 -0.034794 -0.081596 0.129325 -0.015701 0.051187 -0.062073 0.089697 -0.013778 -0.071925 -0.098083 -0.246214 -0.070254 -0.288027 -0.231206 -0.268573 -0.132329 -0.330932 -0.186087 0.325758 0.026372 -0.159576 -0.151822 0.502558 0.181431 0.606074 0.458413 0.110281 -0.004868 0.001856 -0.024880 -0.238445 -0.245751 0.324065 -0.106302 0.485547 0.356641 0.276933 0.188724 0.359719 0.270968 0.435193 0.169311 0.334527 0.213571 -0.423296 -0.090009 -0.533160 -0.287590 -0.434213 -0.293288 -0.563273 -0.247536 0.103479 0.153354 0.033798 0.021450 0.075192 0.295767 -0.344356 -0.365927 -0.095838 0.021619 -0.000850 0.024170 0.120598 -0.142110 -0.003037 -0.155239 0.059726 0.052171 0.124096 0.072533 -0.234003 0.050640 0.037270 -0.209931 -0.170752 0.170419
0.076820 0.062284 -0.132003 -0.293435 -0.113019 -0.310534 -0.203061 -0.165556 -0.041512 -0.074137 0.036223 0.146771 -0.053503 0.057857 -0.210267 -0.220312 0.383621 1.000000 0.254217 0.101521 -0.182270 -0.136674 -0.311593 -0.263354 -0.090626 -0.287168 -0.297477 -0.251795 0.522745 0.500619 -0.096412 -0.037245 -0.006719 -0.161190 0.003848 -0.125165 0.176793 -0.052240 -0.242392 -0.105947 0.020561 -0.116571 0.212363 0.215760 -0.079235 -0.094609 0.071060 -0.107643 -0.171462 0.078590 -0.130290 0.158270 -0.062832 0.096059 -0.248986 -0.054932 0.286194 0.121860 -0.008657 0.076557 0.060685 0.001455 0.431608 0.528379 -0.207831 -0.101317 0.161374 -0.142283 0.002272 -0.068327 0.308934 0.190827 0.448500 0.456890 0.381942 0.262150 0.302193 0.096362 0.359056 0.590786 0.391974 0.550995 -0.227064 -0.247238 -0.124378 -0.099994 -0.078638 -0.130270 -0.267901 -0.284213 -0.184718 -0.161370 -0.267767 -0.257186 -0.247919 0.157503 -0.241437 -0.145443 -0.004860 0.099653 -0.184557 -0.146600 -0.044146 -0.026880 -0.100029 -0.173868 -0.113068 -0.071583 -0.033603 0.121511 -0.213566 0.051453 0.096922 -0.055213 -0.349336 -0.173926
0.263384 0.133225 0.083800 -0.079272 0.113388 -0.242324 -0.035782 -0.164910 -0.010930 -0.101985 -0.060016 -0.093789 -0.057169 -0.244105 0.049633 -0.110016 0.043963 0.254217 1.000000 0.447359 0.139756 0.000354 0.020564 -0.003515 0.035454 -0.167749 -0.067688 -0.147193 0.285901 0.221387 0.092223 0.103699 0.149396 -0.094412 -0.089057 -0.215067 0.054931 -0.117207 -0.214925 -0.053938 0.119108 -0.002973 0.064106 0.056825 -0.069718 -0.184339 0.094900 0.043228 -0.200758 -0.119549 -0.160407 -0.040743 -0.106405 0.169635 -0.385887 -0.079146 0.120458 0.074934 0.011819 -0.040883 -0.015047 -0.204063 0.150206 0.124063 -0.173357 -0.299258 -0.056071 -0.340345 0.133849 0.019408 0.304467 0.215655 0.202455 0.297808 0.315080 0.382368 0.158350 0.120405 -0.008916 0.149714 0.023257 0.185213 0.171618 0.102446 0.074227 -0.111099 0.176397 -0.014749 -0.018142 -0.207102 -0.013430 0.132243 -0.264480 -0.129182 -0.179233 0.142592 -0.222398 0.030563 0.058782 0.203816 -0.080035 0.109218 0.138039 0.113584 -0.081409 -0.058968 -0.188023 -0.144075 0.081250 0.019256 -0.193246 -0.028105 0.136129 0.102800 -0.210077 -0.206547
0.133216 0.064005 -0.179894 -0.364981 0.012549 -0.341470 -0.329222 -0.280863 -0.000941 -0.124552 -0.343029 -0.359079 -0.447641 -0.246439 -0.132053 -0.090216 0.077131 0.101521 0.447359 1.000000 0.082281 -0.154215 -0.392155 -0.040828 -0.114583 -0.198607 -0.338366 -0.329840 0.462455 0.271844 -0.017644 -0.059608 0.134749 -0.070015 -0.160172 -0.113378 0.178046 0.352581 0.191935 0.183132 -0.004138 0.093381 0.250083 0.275466 0.151729 -0.033048 0.425017 0.239731 -0.118398 -0.137744 -0.477800 -0.275221 0.014386 0.128146 -0.087302 0.058369 0.125581 0.185152 -0.081023 0.023619 0.020501 -0.315412 0.222818 -0.034765 -0.493332 -0.478717 0.064795 -0.061264 -0.007931 0.113933 0.225356 -0.142504 0.417895 0.255859 0.155876 -0.096999 0.299446 0.103739 -0.225406 0.074359 0.226991 0.342079 0.148283 0.032403 -0.173505 -0.019672 -0.082033 -0.266541 -0.326753 -0.305006 -0.261525 -0.043223 -0.057242 -0.031998 0.059351 0.033731 -0.117261 0.092674 0.386525 0.205225 -0.075642 0.053162 0.085685 -0.144955 0.244003 0.299823 0.194201 0.039046 0.190362 0.483750 0.343741 0.309647 -0.067695 -0.112771 0.061753 0.191293
-0.015666 0.137100 0.031104 0.073812 0.117876 0.208423 -0.200029 -0.101349 -0.137846 -0.044431 -0.351152 -0.182373 -0.175543 -0.311941 0.102960 -0.045856 -0.378499 -0.182270 0.139756 0.082281 1.000000 0.738148 0.231176 0.380021 0.529996 0.584155 0.216090 0.336768 -0.041265 -0.067293 0.403573 0.435580 -0.022181 0.030050 0.041959 0.138330 -0.163065 0.051740 -0.007807 0.010425 0.030302 -0.091192 0.023446 0.065709 0.011977 0.023302 0.141178 -0.061635 -0.045256 -0.105292 0.179897 0.056726 -0.049217 0.003393 -0.231766 -0.249790 -0.070612 0.152544 0.041916 0.070397 -0.343005 -0.268394 -0.366713 -0.136023 -0.068452 -0.162344 -0.118137 -0.004197 0.136232 0.103670 0.134671 0.339162 -0.078495 0.009251 -0.063699 0.276669 -0.053103 0.046023 -0.054140 0.183816 0.038778 0.156807 0.134328 -0.064863 0.268675 0.202662 0.014950 -0.125264 0.375981 -0.182215 -0.278518 -0.332416 -0.307154 -0.342263 -0.134547 -0.093998 -0.177461 0.054984 -0.293570 -0.233016 -0.231238 -0.192983 -0.043342 -0.134824 -0.153675 -0.022250 -0.352674 -0.297252 -0.092618 0.148101 0.125287 -0.092455 0.070232 0.175659 0.084562 -0.215686
-0.043675 0.173292 -0.000310 0.112274 -0.149478 0.331673 -0.142202 -0.179421 -0.373331 -0.348133 -0.366043 -0.203224 0.030233 -0.285190 0.109336 -0.165049 -0.470098 -0.136674 0.000354 -0.154215 0.738148 1.000000 0.444152 0.564919 0.586270 0.754005 0.299279 0.649059 -0.229371 -0.288031 0.398034 0.399671 -0.008997 0.009363 0.292145 0.078557 -0.094116 -0.045620 0.034846 0.037176 0.068360 -0.108052 -0.124086 -0.035604 -0.131150 -0.044069 -0.115900 -0.112093 -0.068146 -0.153913 0.415658 0.091384 -0.046914 -0.032971 0.001345 -0.121137 -0.068548 0.238299 -0.074925 -0.047424 -0.525564 -0.409470 -0.403275 -0.144137 0.071998 -0.199615 -0.123194 -0.082305 0.236132 0.058488 0.017883 0.509724 -0.293669 -0.110948 -0.074544 0.274553 -0.086614 0.003552 0.082262 0.206808 -0.091693 0.066726 -0.008074 -0.137389 0.470986 0.293668 0.137697 0.148442 0.506449 -0.077516 -0.194138 -0.230812 -0.304637 -0.244453 -0.097420 -0.095891 0.042519 0.033406 -0.259312 -0.202384 -0.242384 -0.120557 -0.150212 -0.037598 -0.278571 -0.150549 -0.383778 -0.300203 -0.115111 -0.019795 0.098836 -0.090838 0.036377 0.339554 0.151303 -0.285489
-0.193142 -0.020204 0.287792 0.143368 0.016586 0.243632 0.350693 -0.157190 -0.065100 -0.175618 0.152205 -0.013799 0.565920 -0.165601 0.440015 0.095449 -0.380221 -0.311593 0.020564 -0.392155 0.231176 0.444152 1.000000 0.466026 0.620754 0.493298 0.484828 0.568480 -0.484843 -0.452280 0.276031 0.150987 -0.128952 0.052158 0.344037 0.186638 -0.160731 -0.210171 -0.078189 -0.030402 -0.153063 -0.033439 -0.193126 -0.178417 -0.075388 -0.062562 -0.254781 -0.109655 0.060342 -0.026863 0.619714 0.094957 -0.056803 0.045782 0.060223 0.042806 -0.401140 -0.045441 -0.151114 -0.285653 -0.315217 -0.324797 -0.423400 -0.331808 0.523508 -0.129539 -0.374527 -0.245649 0.122230 -0.022063 -0.097872 0.227302 -0.500914 -0.229304 -0.074860 0.093120 -0.216817 -0.066423 -0.079683 -0.175892 -0.262963 -0.248396 0.111534 -0.001409 0.487261 0.114965 0.220020 0.281056 0.621692 0.100594 0.136323 0.249800 -0.026060 0.241393 0.029641 -0.079870 0.105692 -0.014045 -0.312061 -0.229470 -0.144557 0.017099 -0.196528 0.004229 -0.258705 -0.166083 -0.256440 -0.180400 -0.026965 -0.290125 -0.107380 -0.350098 -0.181502 0.155506 0.058144 -0.086937
-0.120474 0.040730 0.000763 0.191629 -0.048736 0.308741 0.056612 -0.172645 -0.375226 -0.160162 -0.232587 -0.157544 0.120948 -0.368275 0.162930 0.002142 -0.406791 -0.263354 -0.003515 -0.040828 0.380021 0.564919 0.466026 1.000000 0.405763 0.633692 0.286466 0.583724 -0.270359 -0.326794 0.342555 0.260411 -0.142197 0.054201 0.414790 0.236898 -0.158056 -0.095372 0.053772 -0.034459 -0.030223 0.020447 -0.219262 -0.114868 0.035065 0.063085 -0.074080 -0.032308 -0.093509 -0.183860 0.264939 -0.003458 -0.220704 0.073570 -0.070262 -0.070325 -0.185497 0.046434 -0.252661 -0.101026 -0.327266 -0.391523 -0.254538 -0.296279 0.283799 -0.274022 -0.232088 0.034413 0.018648 -0.039680 -0.105254 0.268018 -0.386937 -0.249688 -0.262405 -0.013143 -0.121781 -0.031107 0.052514 0.017476 -0.053069 -0.060446 0.218099 0.255022 0.532936 0.432905 0.176630 0.233527 0.488126 0.060343 -0.006052 0.088104 0.048835 -0.031917 0.158034 -0.160624 -0.024634 -0.052185 -0.241652 -0.290786 -0.173868 -0.052786 -0.165183 -0.074943 -0.188449 -0.075986 -0.237813 -0.318726 0.155894 -0.076490 0.100852 -0.272606 -0.246605 0.184454 0.171237 -0.115814
-0.253845 0.049473 0.111806 0.034451 -0.053896 0.152534 -0.038859 -0.237711 -0.205503 -0.237077 -0.213750 -0.205476 0.185620 -0.312297 0.157413 -0.116862 -0.415541 -0.090626 0.035454 -0.114583 0.529996 0.586270 0.620754 0.405763 1.000000 0.718760 0.300241 0.487717 -0.237811 -0.282617 0.396331 0.303967 -0.243852 0.008341 0.385112 0.310093 -0.202770 -0.230170 -0.208659 -0.170602 -0.137831 -0.109432 0.053728 0.055470 0.152686 0.157827 -0.057410 -0.016489 -0.061265 0.016042 0.471087 0.208303 -0.160851 0.005543 -0.085319 -0.091555 -0.222579 0.085027 -0.134017 -0.117344 -0.515258 -0.405388 -0.365335 -0.103129 0.302956 -0.209095 -0.185674 0.013560 0.177099 0.073886 0.033084 0.251381 -0.274456 -0.064412 0.123155 0.196476 -0.178658 -0.105262 -0.088314 -0.045319 -0.015492 0.055254 0.175018 -0.180258 0.544780 0.232907 0.232859 0.214722 0.482064 -0.255001 -0.135035 -0.012116 -0.145168 0.010415 -0.246737 -0.177009 -0.050591 -0.010053 -0.288384 -0.231682 -0.120166 -0.044837 -0.116770 -0.005113 -0.195494 -0.063320 -0.365819 -0.174259 -0.200639 -0.124559 0.020788 -0.226980 -0.112033 0.205940 -0.085561 -0.187765
-0.280344 -0.034667 -0.049396 0.231618 -0.235180 0.411946 -0.154374 -0.066236 -0.399400 -0.170572 -0.430837 -0.222663 0.010980 -0.343031 0.022776 -0.159427 -0.506728 -0.287168 -0.167749 -0.198607 0.584155 0.754005 0.493298 0.633692 0.718760 1.000000 0.255817 0.718430 -0.428520 -0.449096 0.409811 0.396196 -0.123870 0.093237 0.388415 0.264851 -0.195098 -0.100230 -0.000241 -0.075128 -0.153884 -0.073943 -0.155778 -0.074343 -0.036586 0.076876 -0.180123 -0.050840 -0.066780 -0.098915 0.412116 0.159598 -0.203905 -0.013215 0.056196 -0.138541 -0.211368 0.104282 -0.126293 -0.027456 -0.600240 -0.323992 -0.485812 -0.280665 0.270950 -0.006290 -0.086533 0.201628 0.229683 0.175039 -0.142534 0.320786 -0.477735 -0.266495 -0.148946 0.041279 -0.192038 -0.069887 0.052129 0.037077 -0.066031 -0.067505 0.092029 -0.189016 0.581177 0.461873 0.199114 0.250169 0.543027 -0.082210 -0.208992 -0.190235 -0.060159 -0.083618 -0.009719 -0.206431 0.108138 0.071183 -0.398539 -0.325939 -0.147485 -0.166543 -0.178767 -0.054376 -0.156478 -0.056881 -0.352377 -0.228495 -0.119348 -0.012907 0.109703 -0.181585 -0.198145 0.264428 0.160240 -0.152269
-0.012848 -0.044030 0.306604 0.408194 0.549856 0.699843 0.317819 0.083772 0.326495 0.304608 -0.066593 0.015171 0.166738 -0.091978 0.333983 0.433433 -0.460836 -0.297477 -0.067688 -0.338366 0.216090 0.299279 0.484828 0.286466 0.300241 0.255817 1.000000 0.617910 -0.385304 -0.323885 -0.231092 -0.261841 -0.213386 -0.325697 0.172956 -0.074739 -0.202509 -0.096375 0.139433 0.251892 -0.044487 0.064918 -0.239886 -0.222062 -0.244759 -0.189862 -0.016664 -0.224232 0.050376 -0.053000 0.326978 0.110842 0.205429 -0.024574 0.110541 0.010924 -0.113291 -0.024497 0.366648 0.137186 -0.001565 0.028939 -0.441202 -0.315798 0.263132 0.138293 -0.021142 -0.113457 0.163691 0.103998 -0.337560 -0.072732 -0.403531 -0.363918 -0.309511 -0.111784 -0.318942 -0.397956 -0.332462 -0.210190 -0.377233 -0.298825 0.223859 0.329451 0.208434 0.099759 0.178084 0.162408 0.781828 0.628884 0.069205 0.071185 0.152631 0.044164 0.122944 -0.204373 0.144245 0.129178 -0.204107 -0.124423 -0.033169 -0.100466 -0.189163 0.022886 -0.148727 0.004021 -0.074988 -0.236567 0.102310 -0.166389 -0.015005 -0.284482 -0.132512 0.050844 0.085068 -0.102483
-0.145677 0.028915 0.027600 0.287127 -0.100210 0.609369 -0.042700 -0.155236 -0.223095 -0.132036 -0.380209 -0.215038 0.088291 -0.317612 0.202647 0.090758 -0.490719 -0.251795 -0.147193 -0.329840 0.336768 0.649059 0.568480 0.583724 0.487717 0.718430 0.617910 1.000000 -0.521599 -0.553173 0.009473 -0.087167 -0.099464 -0.142993 0.419721 -0.002713 -0.096000 -0.045311 0.261044 0.216796 -0.051787 -0.055953 -0.211349 -0.131477 -0.247981 -0.137051 -0.168539 -0.094781 -0.058405 -0.138887 0.422654 0.148172 -0.065300 -0.014661 0.291556 0.087608 -0.088905 0.185668 0.087157 0.062763 -0.482910 -0.300780 -0.504885 -0.283223 0.272212 -0.030311 0.033222 0.024382 0.362889 0.233662 -0.300980 0.211710 -0.530845 -0.399819 -0.289662 -0.102520 -0.259121 -0.223643 -0.067973 0.035911 -0.300392 -0.262578 0.113408 -0.015235 0.528227 0.396246 0.317612 0.390617 0.817234 0.362674 -0.113291 -0.075870 -0.046775 0.013518 0.190381 -0.215684 0.323870 0.129265 -0.287062 -0.182542 -0.106089 -0.119749 -0.232158 0.014143 -0.203812 -0.074132 -0.267758 -0.300602 0.104745 -0.108031 0.063196 -0.266299 -0.206534 0.244333 0.160622 -0.172740
0.014353 -0.109785 -0.227779 -0.500409 0.088126 -0.371237 -0.284809 -0.293482 0.032173 -0.006921 0.063035 -0.001105 -0.222882 0.105533 -0.007867 0.071507 0.446638 0.522745 0.285901 0.462455 -0.041265 -0.229371 -0.484843 -0.270359 -0.237811 -0.428520 -0.385304 -0.521599 1.000000 0.620562 0.099969 0.127553 -0.026207 -0.079655 -0.128322 -0.139533 0.400509 0.201067 -0.030373 -0.154892 0.350513 -0.125183 0.268094 0.136461 0.166266 -0.089919 0.359078 -0.003407 -0.256717 -0.065012 -0.371206 -0.228603 -0.075999 0.149424 -0.255142 -0.100356 0.195139 -0.075636 -0.140949 -0.093673 0.307711 -0.083567 0.660079 0.314058 -0.305206 -0.337222 0.001889 -0.277329 -0.304020 -0.266326 0.358370 -0.005183 0.824549 0.395544 0.315921 0.160268 0.355385 0.162913 0.279739 0.337846 0.610945 0.573741 -0.049059 0.065236 -0.180628 -0.156073 -0.267785 -0.394324 -0.478127 -0.367932 -0.163746 -0.094979 -0.160022 -0.218103 -0.157414 0.139801 -0.276336 -0.086899 0.209879 0.133571 -0.168000 0.039291 0.061064 -0.036076 0.032340 0.099968 -0.034655 0.036781 0.080972 0.409095 0.123622 0.209827 0.022329 -0.223922 -0.119752 -0.014613
0.083644 -0.030415 -0.187641 -0.355679 0.201219 -0.340768 -0.137371 -0.078420 0.194371 0.131740 0.241364 0.108204 -0.239303 0.131826 -0.020091 0.091072 0.576491 0.500619 0.221387 0.271844 -0.067293 -0.288031 -0.452280 -0.326794 -0.282617 -0.449096 -0.323885 -0.553173 0.620562 1.000000 0.021123 0.142879 0.140745 0.055862 -0.244178 -0.145050 0.333557 0.248639 -0.135201 -0.080559 0.248615 0.105352 0.184431 0.030112 0.151690 -0.019516 0.205928 -0.071799 -0.168645 -0.070778 -0.376454 -0.233477 -0.088828 -0.024365 -0.375789 -0.169008 0.232128 -0.022259 -0.148828 -0.170022 0.398938 0.042882 0.485646 0.383826 -0.140337 -0.182539 -0.144782 -0.188530 -0.336539 -0.298405 0.361923 -0.024241 0.699834 0.637250 0.432525 0.355297 0.410478 0.299642 0.286570 0.280527 0.439212 0.526861 -0.125137 0.116682 -0.359212 -0.138297 -0.321045 -0.321193 -0.414472 -0.237680 -0.027888 -0.028210 -0.058700 -0.230488 -0.171217 0.300211 -0.356429 -0.274527 0.082828 -0.022144 -0.063009 -0.051947 0.131371 -0.192378 0.003126 -0.054680 -0.025175 -0.122473 0.113037 0.212345 -0.144532 0.205553 0.178302 -0.090600 -0.174242 0.067393
-0.094333 -0.010225 -0.017831 -0.162922 -0.243226 -0.282830 -0.088532 -0.103350 -0.425877 -0.304695 0.085058 0.011209 0.091955 -0.190429 0.001638 -0.310485 0.046958 -0.096412 0.092223 -0.017644 0.403573 0.398034 0.276031 0.342555 0.396331 0.409811 -0.231092 0.009473 0.099969 0.021123 1.000000 0.842934 0.061404 0.443658 0.289306 0.350819 -0.143473 -0.184416 -0.268965 -0.380992 0.006506 -0.036751 0.008471 -0.069163 0.243750 0.187993 -0.172566 -0.056824 -0.238121 -0.094236 0.131320 0.034478 -0.361675 0.004602 -0.370634 -0.321155 -0.120574 -0.109555 -0.402244 -0.226304 -0.221135 -0.230508 -0.008542 0.154473 0.310521 -0.184748 -0.270336 -0.006279 -0.200289 -0.283271 0.304005 0.358366 0.012868 0.156155 0.196678 0.291443 0.171914 0.258000 0.281679 -0.018627 0.132518 0.089843 -0.024557 -0.051445 0.298582 0.071176 -0.081491 -0.126969 -0.124185 -0.497457 -0.079692 -0.016130 -0.226937 -0.157272 -0.055223 0.060688 -0.206173 -0.188478 -0.243720 -0.199567 -0.210667 -0.069311 -0.083569 -0.207952 -0.278046 -0.254223 -0.266832 -0.165813 -0.184562 -0.073771 -0.069509 -0.015675 0.037332 0.066526 0.054144 -0.052776
-0.054266 -0.018073 -0.000000 -0.044798 -0.165030 -0.230373 0.006382 0.098180 -0.334467 -0.183697 0.097361 0.123586 0.093502 -0.032622 -0.064640 -0.305207 0.047553 -0.037245 0.103699 -0.059608 0.435580 0.399671 0.150987 0.260411 0.303967 0.396196 -0.261841 -0.087167 0.127553 0.142879 0.842934 1.000000 0.063437 0.470283 0.193249 0.328917 -0.209566 -0.198286 -0.394568 -0.463910 0.033927 0.018328 -0.030756 -0.086301 0.191448 0.205636 -0.198248 -0.018970 -0.218886 -0.142738 0.062052 -0.016290 -0.297688 -0.088987 -0.440771 -0.431421 -0.107822 -0.209363 -0.386590 -0.272220 -0.145452 -0.074834 0.069783 0.199501 0.194407 0.011931 -0.329910 0.035552 -0.284046 -0.354450 0.282842 0.406958 0.056567 0.230370 0.265314 0.419177 0.189576 0.336863 0.349262 0.018371 0.229514 0.163480 -0.006019 -0.028439 0.203518 0.043437 -0.084329 -0.153548 -0.163407 -0.529742 -0.088090 -0.103795 -0.266690 -0.357074 -0.159132 0.055890 -0.290107 -0.155374 -0.309776 -0.244690 -0.185503 -0.114152 -0.023815 -0.150674 -0.257388 -0.254044 -0.377815 -0.179284 -0.198775 -0.002394 -0.121776 -0.032577 0.079416 0.103470 0.039704 -0.112156
0.212498 0.211915 -0.041622 -0.062983 -0.329096 -0.171955 -0.015667 0.019721 -0.191548 -0.237479 -0.077253 -0.166030 -0.119502 -0.189546 -0.246418 -0.309438 0.223900 -0.006719 0.149396 0.134749 -0.022181 -0.008997 -0.128952 -0.142197 -0.243852 -0.123870 -0.213386 -0.099464 -0.026207 0.140745 0.061404 0.063437 1.000000 0.619029 -0.074923 -0.111723 0.028806 -0.020936 0.022991 0.130654 0.144231 0.049356 -0.093736 0.026211 -0.049773 -0.035849 -0.066749 0.139636 -0.107702 -0.077970 -0.345966 -0.360253 -0.260223 -0.254050 -0.018056 0.066130 0.315582 0.372951 -0.146689 -0.055599 0.082251 0.117262 0.187960 0.184534 0.026861 0.085723 0.127204 0.068967 0.211521 0.097820 -0.129157 -0.065660 0.171838 0.057610 0.215178 0.085692 0.233028 0.084723 0.219822 0.115479 -0.104943 0.086396 -0.177831 -0.052589 -0.249401 -0.218093 0.025665 0.032893 -0.181960 -0.143101 -0.153996 -0.184120 -0.235525 -0.239671 -0.025856 0.008207 0.117334 -0.194347 -0.014417 0.110024 -0.113129 -0.156227 -0.069665 -0.128142 -0.226641 -0.282128 0.007244 -0.136798 -0.035525 -0.144752 -0.188581 0.046178 0.100274 -0.011737 -0.084153 -0.040258
-0.098522 0.084535 -0.025766 0.016483 -0.358125 -0.172710 0.043229 0.123910 -0.357624 -0.181848 0.078716 -0.079856 0.011425 -0.081828 -0.284460 -0.318449 0.219867 -0.161190 -0.094412 -0.070015 0.030050 0.009363 0.052158 0.054201 0.008341 0.093237 -0.325697 -0.142993 -0.079655 0.055862 0.443658 0.470283 0.619029 1.000000 0.266071 0.492777 -0.127994 -0.174401 -0.202512 -0.218152 0.174308 0.112456 -0.063404 -0.059188 0.233531 0.242679 -0.235291 0.181851 -0.313993 -0.179920 -0.235875 -0.420512 -0.567410 -0.389084 -0.226110 -0.189604 0.069491 0.022061 -0.410778 -0.285247 0.054809 0.152527 0.258439 0.255466 0.396301 0.189486 -0.141052 0.288928 -0.148251 -0.222183 -0.112752 -0.064952 0.103810 -0.033183 0.254132 0.102721 0.128004 0.188166 0.298231 -0.133944 0.087910 0.033283 -0.043383 0.054870 -0.031473 -0.107949 0.091745 0.016724 -0.260684 -0.376966 0.023472 -0.064048 -0.049208 -0.197156 -0.036601 -0.012480 -0.078096 -0.269079 -0.183993 -0.160125 -0.065465 -0.150757 -0.073426 -0.150636 -0.281428 -0.290114 -0.072041 -0.097376 -0.152167 -0.206461 -0.149185 -0.084833 -0.111631 0.016028 -0.067123 0.021268
-0.262948 -0.139423 -0.028108 0.035283 -0.222072 0.183565 0.013882 -0.194328 -0.383930 -0.245791 -0.100810 -0.233136 0.192932 -0.287195 -0.065768 -0.144613 -0.206929 0.003848 -0.089057 -0.160172 0.041959 0.292145 0.344037 0.414790 0.385112 0.388415 0.172956 0.419721 -0.128322 -0.244178 0.289306 0.193249 -0.074923 0.266071 1.000000 0.535156 -0.018855 -0.193549 -0.081691 -0.145382 0.086154 -0.015369 0.080879 0.085384 0.234601 0.260851 -0.090594 0.124208 -0.408698 -0.176141 0.129726 -0.127316 -0.424044 -0.157789 -0.025421 -0.024163 -0.102975 -0.046789 -0.248278 -0.165521 -0.274900 -0.241981 0.049250 -0.050905 0.433858 -0.071300 -0.007992 0.221205 -0.070879 -0.166293 -0.215148 0.114224 -0.142312 -0.216137 0.041246 -0.030071 0.036068 -0.033842 0.115286 0.008042 -0.010302 -0.055240 0.154901 0.092253 0.483825 0.169636 0.328768 0.281007 0.267727 -0.075040 0.026417 0.083613 0.077499 -0.011573 0.018064 -0.037537 0.096217 -0.039625 -0.157026 -0.141262 -0.272369 -0.076650 -0.349268 -0.077714 -0.292255 -0.141255 -0.190787 -0.193026 -0.032010 -0.094121 0.013088 -0.141675 -0.235369 -0.022267 -0.078184 -0.086652
-0.318184 -0.236796 0.116951 0.096139 -0.100373 0.061950 0.113585 0.129012 -0.181437 -0.015436 0.077042 -0.081677 0.111294 -0.054016 -0.143425 -0.185524 -0.067816 -0.125165 -0.215067 -0.113378 0.138330 0.078557 0.186638 0.236898 0.310093 0.264851 -0.074739 -0.002713 -0.139533 -0.145050 0.350819 0.328917 -0.111723 0.492777 0.535156 1.000000 -0.207768 -0.315412 -0.300413 -0.247404 -0.088369 -0.109835 0.131649 0.189942 0.479142 0.524015 -0.082249 0.056086 -0.272235 -0.217645 0.128820 -0.219880 -0.405617 -0.332901 -0.187389 -0.228563 -0.243835 -0.263980 -0.255721 -0.327892 -0.047804 -0.045122 0.088260 -0.110692 0.432435 0.165441 -0.166160 0.419223 -0.317488 -0.253509 -0.086329 0.012516 -0.126885 -0.130828 0.044472 0.094945 -0.069001 0.089362 0.040684 -0.105324 0.042239 -0.034266 0.027851 0.001021 0.236736 0.159451 0.110340 0.114485 -0.044316 -0.251076 0.185090 0.103127 0.244111 -0.005599 -0.129950 0.103681 -0.263131 -0.239047 -0.293121 -0.333196 -0.070863 -0.143109 -0.149375 -0.106389 -0.192106 -0.128952 -0.173629 -0.086297 -0.236420 -0.160339 -0.092435 -0.225554 -0.296047 -0.066585 -0.166472 -0.054242
