1.000000 0.451539 0.156360 0.178338 -0.352465 -0.257290 0.310625 0.089860 -0.307136 -0.146865 0.647755 0.348598 0.485607 0.236164 -0.297732 0.003186 0.407027 0.146516 0.371632 0.487836 -0.371938 -0.116442 -0.141251 0.140822 -0.395534 -0.106270 -0.341215 -0.215433 0.333330 -0.151504 -0.586404 0.023684 0.315815 0.370764 -0.180245 0.160193 0.309118 -0.514945 0.016468 0.301148 0.401681 0.501850 0.062076 -0.028871 -0.085613 -0.092935 0.014848 0.157462 0.258550 -0.203247 0.160095 -0.345178 -0.374551 -0.385487 -0.300416 -0.452665 0.555907 0.259572 0.496368 0.263242 0.565647 0.357333 -0.012213 0.263763 0.537365 0.183397 0.017839 0.083470 0.181614 0.107379 -0.142670 0.219724 0.377686 0.303231 0.326012 0.215146 0.508856 0.389148 0.449975 0.289500 0.248228 0.136074 0.264743 0.347096 -0.129881 -0.540400 -0.187632 0.198486 -0.265334 -0.478540 -0.301239 -0.472300 -0.515638 -0.142193 -0.494748 -0.519626 -0.215169 -0.280440 -0.000280 -0.463729 -0.363781 0.067713 -0.279246 -0.396904 -0.419323 -0.457450 -0.182392 -0.255017 -0.461045 -0.396840 -0.014795 0.004600 0.099652 -0.168959 -0.533700 -0.488809
0.451539 1.000000 -0.370528 0.189531 -0.398911 -0.305748 -0.145116 -0.028241 -0.431107 -0.020790 0.263738 0.300898 0.063066 0.133366 -0.503868 0.045327 0.357822 0.315199 0.111647 0.617975 -0.388519 -0.126860 -0.434904 -0.099457 -0.413130 -0.103889 -0.411854 -0.355919 0.168675 -0.064755 -0.625432 -0.097556 0.338926 0.482219 -0.218777 0.133900 0.071813 -0.320262 0.052227 0.298883 0.372822 0.552449 0.114216 -0.039600 -0.073835 0.151380 0.100769 0.337990 0.087176 -0.069247 0.080900 -0.255817 -0.291931 -0.133985 -0.366080 -0.346431 0.451906 0.780598 0.398238 0.547129 0.283957 0.528702 -0.002601 0.605057 0.047914 0.095760 0.100386 0.232325 0.517798 0.455417 -0.281288 0.040729 0.298066 0.280987 0.327612 0.126912 0.331673 0.305669 0.354135 0.349531 0.228911 0.224253 0.026600 0.344970 -0.318666 -0.565871 -0.373026 -0.065613 -0.421112 -0.456679 -0.114081 -0.435858 -0.455407 -0.317315 -0.267885 -0.378816 0.064735 0.082813 0.173649 -0.426345 -0.288334 0.059809 -0.239617 -0.257474 -0.250464 -0.248344 -0.173009 -0.018901 -0.246166 -0.150557 0.188571 0.230797 0.086592 -0.159533 -0.409902 -0.352521
0.156360 -0.370528 1.000000 0.315124 0.279923 0.142848 0.638317 0.439266 0.163960 0.046733 0.022896 -0.182891 -0.026724 -0.097051 0.201006 0.025573 -0.168707 -0.113509 0.518536 -0.054260 0.007343 0.064620 0.588239 0.545649 0.373952 0.227583 0.088960 0.073297 0.052820 -0.080067 0.272316 0.384856 0.076591 -0.067177 0.179881 0.155163 -0.131478 -0.285793 -0.101467 -0.028326 -0.257846 -0.066042 -0.122958 -0.204597 0.054118 -0.130132 -0.122349 -0.269399 -0.129214 -0.153017 0.131579 -0.153640 -0.125214 -0.097371 -0.201221 -0.340161 -0.069951 -0.244224 -0.181350 -0.321767 -0.056589 -0.171344 -0.057914 -0.201836 0.304095 0.018465 0.129122 0.004434 -0.265948 -0.267220 -0.037114 0.127858 -0.122956 -0.053345 -0.065824 0.092290 -0.054707 -0.055188 -0.119705 -0.182049 -0.181646 -0.205922 0.301626 0.109303 0.284064 0.075145 0.095188 0.139761 0.162146 -0.078252 -0.105972 -0.121281 -0.022938 0.102329 -0.014708 0.028520 -0.189651 -0.228625 -0.234993 -0.271455 -0.167251 0.050787 -0.201363 -0.164479 -0.284435 -0.241153 -0.224687 -0.420318 0.037816 -0.209174 -0.259310 -0.281743 -0.103579 -0.070096 -0.076309 -0.067810
0.178338 0.189531 0.315124 1.000000 -0.188906 0.108611 0.177444 0.716490 -0.285699 0.028271 -0.086847 0.111861 -0.373225 -0.083283 -0.244504 0.010316 -0.011497 0.121891 0.525981 0.230333 -0.188442 0.219560 0.158730 0.531938 0.141698 0.364112 -0.207505 -0.050731 -0.041594 0.078636 -0.108094 0.454942 0.316028 0.166497 0.194751 0.205199 -0.085316 -0.337720 -0.009473 0.312543 -0.011246 0.281294 0.118324 0.023611 0.078071 0.082140 0.223148 -0.131062 -0.079042 -0.087952 0.432015 -0.174975 -0.275993 -0.191328 -0.351603 -0.390991 0.267728 0.218668 -0.145636 0.031834 -0.229997 0.135376 -0.206277 0.190843 0.231137 0.402858 0.048352 0.166319 -0.091817 -0.261826 -0.271108 0.185974 0.058362 0.111955 0.236362 0.010547 0.180553 0.228266 0.107754 0.192763 -0.002578 -0.023824 0.190970 0.342330 0.235794 -0.106986 -0.121235 0.155154 -0.129506 -0.371571 -0.216305 -0.523955 -0.240752 -0.339117 -0.201238 -0.184571 -0.087762 0.005253 -0.135968 -0.561950 -0.370942 -0.259711 -0.410021 -0.473112 -0.487255 -0.493560 -0.257461 -0.386462 -0.229617 -0.316204 -0.165153 -0.286567 -0.101624 -0.271316 -0.362299 -0.366635
-0.352465 -0.398911 0.279923 -0.188906 1.000000 0.628544 0.181593 -0.052160 0.703828 0.447582 -0.450748 -0.326763 -0.228337 -0.177919 0.598278 0.370734 -0.597863 -0.437680 0.076785 -0.354109 0.648651 0.096480 0.331941 -0.110758 0.585188 0.026500 0.734852 0.399703 -0.331612 -0.137146 0.408689 -0.301884 -0.355502 -0.541010 0.146476 -0.178308 -0.349178 0.360440 -0.080816 -0.203998 -0.359271 -0.432696 -0.326938 -0.211515 0.081533 -0.024699 -0.075526 -0.288277 -0.166305 0.088044 -0.219092 0.246919 0.376988 0.363711 0.513250 0.431982 -0.292742 -0.320861 -0.022419 -0.253871 -0.157159 -0.209624 -0.002193 -0.377623 -0.072546 -0.005203 -0.049955 -0.227729 -0.158336 -0.173022 0.100388 -0.357934 -0.547228 -0.512843 -0.540586 -0.308496 -0.549488 -0.408523 -0.606060 -0.573265 -0.496788 -0.319274 -0.051454 -0.173611 -0.066144 0.450547 0.348997 0.094806 0.519138 0.662516 0.388173 0.471971 0.377883 0.163616 0.427789 0.552015 -0.038770 0.120809 -0.166277 0.328688 0.145483 -0.016204 0.029235 0.226096 0.143681 0.321800 0.306463 0.133809 0.407272 0.215608 -0.335057 -0.299961 -0.022564 0.060239 0.361674 0.376958
-0.257290 -0.305748 0.142848 0.108611 0.628544 1.000000 0.035813 0.058275 0.469532 0.336594 -0.428555 -0.180515 -0.346540 -0.178326 0.448341 0.173657 -0.550880 -0.378837 0.091406 -0.390332 0.531121 0.386077 0.335535 0.177099 0.495169 0.300948 0.763285 0.687286 -0.499046 -0.261628 0.275938 -0.171869 -0.431885 -0.582244 0.067112 -0.210630 -0.486326 0.168793 -0.226095 -0.147635 -0.368198 -0.438794 -0.322035 -0.054796 -0.071426 -0.074926 -0.171157 -0.345621 -0.203616 -0.000358 0.070993 0.227609 0.256207 0.234473 0.380376 0.366258 -0.150283 -0.255310 -0.125852 -0.260500 -0.297264 -0.245968 -0.171202 -0.402156 -0.027039 0.163841 -0.235489 -0.168955 -0.261674 -0.329154 0.006527 -0.115717 -0.595034 -0.509681 -0.500701 -0.335029 -0.500507 -0.322964 -0.539791 -0.462510 -0.345922 -0.268455 -0.029413 -0.120088 0.163417 0.490324 0.427147 0.294864 0.593228 0.577085 0.303019 0.381379 0.455757 0.200505 0.238588 0.376107 -0.164751 0.096259 -0.217068 0.247039 0.176572 -0.189156 0.023148 0.158289 0.092102 0.269189 0.311263 0.128358 0.243844 0.007400 -0.408414 -0.400897 -0.045871 -0.007052 0.301729 0.320094
0.310625 -0.145116 0.638317 0.177444 0.181593 0.035813 1.000000 0.440926 -0.005259 -0.059289 0.251414 -0.005169 0.224124 0.058783 0.027095 0.089550 0.020698 0.125558 0.286310 -0.035194 -0.201844 -0.140908 0.246154 0.132171 -0.106632 -0.147349 0.031800 -0.000034 0.080136 -0.043108 -0.081896 0.009187 0.183523 -0.003552 0.092299 -0.024633 -0.024647 -0.347941 0.019113 0.071148 -0.107788 0.047637 0.039885 -0.117462 0.233640 -0.003726 0.084574 -0.298169 0.182375 0.113916 0.100043 -0.030754 -0.022585 -0.129440 -0.096541 -0.312715 0.093271 -0.090264 0.009995 -0.094196 0.204143 0.098259 0.192725 0.066921 0.378481 0.178068 0.211446 -0.088343 -0.232733 -0.195577 -0.208953 -0.019172 0.022175 -0.151238 -0.035155 -0.129932 -0.000556 -0.149543 0.056542 -0.049400 -0.092092 -0.025078 0.068568 0.178832 -0.051636 -0.081237 -0.091298 -0.055998 -0.063196 -0.133016 -0.133148 -0.210139 -0.111579 0.064345 -0.183052 -0.114268 -0.046224 -0.158622 -0.139878 -0.287902 -0.197562 0.088223 -0.179519 -0.173429 -0.275775 -0.261013 -0.030131 -0.268194 0.026381 -0.133591 -0.200979 -0.197054 -0.072177 -0.101882 -0.140792 -0.103445
0.089860 -0.028241 0.439266 0.716490 -0.052160 0.058275 0.440926 1.000000 -0.216421 0.186408 -0.057023 0.177866 -0.195048 0.182865 -0.234634 0.050376 -0.001048 0.017842 0.288477 0.078864 -0.132374 0.123915 0.033314 0.317412 0.116032 0.253787 -0.124500 -0.137103 0.012531 0.083312 0.040219 0.447061 0.220783 0.201529 -0.011231 0.158930 -0.071832 -0.418660 -0.089561 0.221262 -0.220594 0.151291 0.048334 -0.031280 0.177991 0.133548 0.055106 -0.141975 -0.083032 -0.003527 0.164726 -0.183071 -0.223314 -0.198220 -0.401278 -0.367652 0.106300 -0.066705 -0.266862 0.031843 -0.251132 0.079216 -0.164070 -0.008897 0.160349 0.434426 0.062211 0.245564 -0.187414 -0.220484 -0.105105 0.159125 0.047865 0.007040 0.163129 -0.076933 0.123571 0.032245 0.066061 0.008157 -0.003232 -0.114909 0.223042 0.286955 0.155561 -0.087184 -0.118332 0.080661 -0.122548 -0.270522 -0.055825 -0.419508 -0.108567 -0.307968 -0.288142 -0.149571 -0.226265 -0.051863 -0.151087 -0.460750 -0.315625 -0.320602 -0.315628 -0.457391 -0.441951 -0.423834 -0.108069 -0.276346 -0.164643 -0.278015 -0.152280 -0.248031 -0.098310 -0.263981 -0.313560 -0.331255
-0.307136 -0.431107 0.163960 -0.285699 0.703828 0.469532 -0.005259 -0.216421 1.000000 0.465905 -0.353562 -0.236422 -0.073183 -0.022672 0.753182 0.268578 -0.599403 -0.522331 -0.073203 -0.507367 0.560481 0.068035 0.382541 -0.021294 0.472133 0.023498 0.666142 0.463304 -0.379196 -0.179087 0.431683 -0.252184 -0.467811 -0.639167 0.000770 -0.239403 -0.315346 0.401070 -0.252079 -0.435723 -0.322032 -0.588188 -0.261836 -0.092215 -0.142825 -0.187859 -0.101620 -0.269696 -0.167177 -0.041356 -0.126982 0.312686 0.405644 0.459531 0.501561 0.432861 -0.440509 -0.422740 -0.024524 -0.392332 -0.148416 -0.220608 -0.159753 -0.489093 0.035421 -0.013941 -0.239920 -0.355372 -0.222775 -0.271739 0.227033 -0.177662 -0.518677 -0.382538 -0.501413 -0.150631 -0.492294 -0.344711 -0.606748 -0.499940 -0.559364 -0.345901 0.039134 -0.397442 0.070457 0.487434 0.513669 0.237537 0.584696 0.699430 0.340656 0.605238 0.490784 0.354670 0.412651 0.516876 -0.018520 0.001954 -0.052777 0.441078 0.380364 0.005009 0.233522 0.355432 0.291679 0.382281 0.228379 0.116690 0.293579 0.212621 -0.281632 -0.232163 0.023671 0.188701 0.475655 0.418537
-0.146865 -0.020790 0.046733 0.028271 0.447582 0.336594 -0.059289 0.186408 0.465905 1.000000 -0.364459 -0.028075 -0.098446 0.220060 0.246470 0.542923 -0.385123 -0.497456 0.015172 -0.074503 0.326074 0.063330 0.032813 -0.132659 0.315976 0.125905 0.268442 0.120676 -0.262359 -0.185976 0.088856 -0.212876 -0.344225 -0.233409 -0.163547 0.017239 -0.192429 0.044667 -0.072673 -0.120133 -0.254176 -0.090115 -0.183942 -0.277614 -0.099777 0.032431 -0.108701 0.084159 -0.196463 -0.152362 -0.194177 -0.118401 -0.019344 0.124318 0.151088 0.096272 -0.278309 -0.228322 -0.024297 -0.059714 -0.229950 -0.026661 -0.267169 -0.351187 0.032915 0.247129 -0.145915 0.012924 0.139356 0.058673 0.130761 -0.121985 -0.334378 -0.251392 -0.229102 -0.096547 -0.231166 -0.073706 -0.376993 -0.396974 -0.340383 -0.338181 0.136231 -0.043847 0.015631 0.115482 0.049138 0.113660 0.327372 0.282798 0.447680 0.245378 0.191813 0.038662 0.275517 0.249153 -0.040001 0.249095 0.105787 0.086273 0.124398 -0.031079 0.052995 0.106292 0.079314 0.138649 -0.081286 0.052124 0.176184 0.079889 0.033609 0.051438 0.227285 0.132594 0.131915 0.106664
0.647755 0.263738 0.022896 -0.086847 -0.450748 -0.428555 0.251414 -0.057023 -0.353562 -0.364459 1.000000 0.457162 0.785248 0.286406 -0.215708 -0.080054 0.694625 0.493371 0.075422 0.371564 -0.494349 -0.279226 -0.153945 0.027977 -0.545977 -0.321871 -0.355087 -0.287684 0.606055 0.163870 -0.446634 0.100339 0.379514 0.460664 -0.125303 0.037545 0.506404 -0.355595 0.125470 0.173195 0.477152 0.372103 0.075230 -0.070812 -0.133613 -0.228921 -0.078970 -0.008975 0.169186 -0.225198 0.033308 -0.360847 -0.246459 -0.514484 -0.271956 -0.477664 0.277720 0.145225 0.250901 0.141740 0.627204 0.325149 0.256150 0.400467 0.504218 -0.016402 0.047084 -0.065010 0.038181 0.078372 -0.145440 0.267960 0.644764 0.329039 0.444988 0.224441 0.570693 0.266976 0.636867 0.464643 0.519488 0.425405 0.217829 0.244114 0.049169 -0.493873 -0.197137 -0.032115 -0.354053 -0.500732 -0.506118 -0.437921 -0.496867 -0.168962 -0.417560 -0.390286 -0.084289 -0.364626 -0.131728 -0.358607 -0.392085 0.046726 -0.193271 -0.349777 -0.318482 -0.413429 -0.123484 -0.199060 -0.326547 -0.207269 0.028213 0.043310 -0.003450 -0.158880 -0.401616 -0.455234
0.348598 0.300898 -0.182891 0.111861 -0.326763 -0.180515 -0.005169 0.177866 -0.236422 -0.028075 0.457162 1.000000 0.359554 0.612255 -0.166357 0.160450 0.302256 0.288576 -0.004846 0.082589 -0.235060 0.131577 -0.265383 0.046196 -0.266251 0.020221 -0.111169 -0.179281 0.299519 0.254240 -0.113740 0.268150 0.072810 0.244929 -0.321809 -0.120683 0.189812 -0.308722 -0.229717 0.025100 0.186928 0.249355 -0.027329 0.065391 -0.066797 -0.020836 0.104709 -0.137787 -0.047475 -0.118472 0.000821 -0.162578 -0.185515 -0.388232 -0.319361 -0.324114 0.179109 0.035097 0.042480 0.050323 0.150292 0.300259 0.014845 0.266214 0.235526 0.387488 -0.149135 -0.046952 -0.011596 -0.168665 0.022070 0.358334 0.355558 0.271431 0.244366 0.112319 0.314041 0.160588 0.325342 0.192405 0.356480 0.399728 0.192247 0.282881 0.085489 -0.080104 -0.071491 0.037101 -0.147344 -0.248518 -0.301425 -0.311179 -0.308079 -0.301519 -0.438283 -0.417471 -0.296844 -0.371445 -0.130647 -0.237663 -0.322443 -0.227940 -0.148855 -0.317806 -0.293975 -0.373530 0.095669 -0.099944 -0.336709 -0.349135 -0.127012 0.073486 0.174768 -0.059511 -0.239648 -0.407735
0.485607 0.063066 -0.026724 -0.373225 -0.228337 -0.346540 0.224124 -0.195048 -0.073183 -0.098446 0.785248 0.359554 1.000000 0.420573 0.073425 0.112601 0.447995 0.140752 -0.082534 0.151596 -0.310125 -0.250224 -0.108466 -0.190059 -0.450384 -0.322319 -0.148202 -0.188338 0.460838 0.091476 -0.192998 -0.083488 0.094192 0.237474 -0.180585 -0.077254 0.434906 -0.199957 0.082173 -0.055312 0.292090 0.149865 -0.074574 -0.208987 -0.225283 -0.339485 -0.178882 -0.043982 0.099966 -0.256155 -0.204953 -0.247275 -0.072395 -0.318931 -0.017953 -0.321368 0.032617 -0.084359 0.176080 -0.061535 0.554009 0.201568 0.135925 0.110496 0.412767 -0.042037 -0.056441 -0.202625 -0.016005 0.033124 0.103331 0.206288 0.431802 0.215250 0.262083 0.195296 0.363907 0.120937 0.380072 0.179452 0.310179 0.252135 0.106499 -0.048148 -0.028936 -0.301814 -0.128334 -0.070667 -0.103344 -0.190040 -0.350795 -0.117462 -0.305383 0.063115 -0.222719 -0.258252 -0.032423 -0.282128 -0.049246 -0.101618 -0.116630 0.218632 0.096043 0.002400 -0.012547 -0.158033 -0.082164 -0.100960 -0.181136 -0.032797 0.075979 0.182875 0.161979 0.131732 -0.089279 -0.206015
0.236164 0.133366 -0.097051 -0.083283 -0.177919 -0.178326 0.058783 0.182865 -0.022672 0.220060 0.286406 0.612255 0.420573 1.000000 -0.058289 0.266187 0.089066 -0.011497 -0.166573 0.028639 -0.057762 0.053381 -0.308660 -0.150355 -0.176441 0.020589 -0.015748 -0.244688 0.170341 0.166799 0.081038 0.184485 -0.149947 0.191271 -0.517718 -0.130662 0.091829 -0.310372 -0.226905 -0.105446 -0.007772 0.123921 -0.083846 -0.128522 -0.199328 -0.144036 -0.187041 -0.028202 -0.130413 -0.257815 -0.254133 -0.256697 -0.010326 -0.186846 -0.190650 -0.274454 0.023593 -0.119585 0.074469 0.044875 0.226402 0.287120 -0.035555 0.024592 0.075367 0.175878 -0.082414 0.023860 0.126969 0.031056 0.311076 0.315886 0.209598 0.181283 0.151994 0.186820 0.070452 0.032559 0.051675 -0.094478 0.096484 0.160747 0.214612 0.153349 -0.106057 -0.041300 -0.001535 0.158011 -0.029625 -0.043199 -0.001482 -0.040369 -0.129415 -0.111514 -0.274397 -0.266706 -0.320928 -0.254178 -0.006709 0.009350 -0.077896 -0.081186 -0.011523 -0.094021 -0.174788 -0.259780 0.048876 -0.069038 -0.241411 -0.171383 -0.056483 0.148159 0.278657 0.113993 -0.065354 -0.249986
-0.297732 -0.503868 0.201006 -0.244504 0.598278 0.448341 0.027095 -0.234634 0.753182 0.246470 -0.215708 -0.166357 0.073425 -0.058289 1.000000 0.362781 -0.462023 -0.418850 -0.018542 -0.577755 0.465222 0.106557 0.525956 0.112182 0.373580 0.074023 0.686771 0.520931 -0.243844 -0.069456 0.518952 -0.171860 -0.430046 -0.698911 0.110481 -0.367343 -0.154959 0.445609 -0.154380 -0.301140 -0.323824 -0.586877 -0.276438 -0.125200 -0.226015 -0.398922 -0.154571 -0.472530 -0.215919 -0.157802 -0.034448 0.260939 0.383057 0.318403 0.533152 0.384310 -0.346438 -0.393692 -0.162211 -0.570190 -0.141436 -0.298253 -0.176944 -0.550191 0.156585 -0.098229 -0.329663 -0.535483 -0.386794 -0.454838 0.206600 -0.099963 -0.400827 -0.327165 -0.386729 -0.092196 -0.408003 -0.374881 -0.442576 -0.388403 -0.376864 -0.230167 0.188090 -0.316170 0.274771 0.559872 0.545077 0.191724 0.624869 0.638844 0.078344 0.473629 0.387772 0.320222 0.263298 0.436980 -0.105585 -0.148950 -0.235955 0.432426 0.277819 -0.007613 0.256548 0.400605 0.329902 0.373244 0.267231 0.115721 0.226196 0.143950 -0.365765 -0.226173 0.099901 0.295001 0.482216 0.411039
0.003186 0.045327 0.025573 0.010316 0.370734 0.173657 0.089550 0.050376 0.268578 0.542923 -0.080054 0.160450 0.112601 0.266187 0.362781 1.000000 -0.148337 -0.136941 0.025410 -0.047943 0.102710 -0.114728 0.015112 -0.087165 0.071543 -0.030876 0.236896 -0.065272 -0.007062 0.181880 0.015711 -0.164641 -0.137854 -0.136906 0.017731 -0.079843 0.032705 0.118464 0.127214 0.077508 -0.019202 0.066680 0.033435 -0.164917 -0.069628 -0.120246 -0.006287 -0.121717 -0.121050 -0.133395 -0.109644 -0.078058 -0.029793 -0.005529 0.088472 0.026975 -0.037188 -0.067379 0.000756 -0.161256 -0.012667 0.047455 0.012867 -0.069720 0.251547 0.085699 -0.068625 -0.346947 0.076593 -0.094730 -0.039871 -0.036149 -0.074792 -0.003966 -0.047868 0.074687 -0.062421 -0.083781 -0.090542 -0.101041 -0.091020 -0.033356 0.212902 0.276686 -0.010463 -0.000048 -0.014393 0.010768 0.082220 0.047460 0.073019 0.092488 -0.061284 -0.014682 0.032449 0.043643 -0.012475 0.026633 -0.037378 0.089191 -0.061378 0.070947 -0.022060 0.068796 -0.035490 0.001908 0.021436 0.080264 0.078244 0.105646 -0.041886 0.034369 0.298921 0.112640 -0.028581 -0.050347
0.407027 0.357822 -0.168707 -0.011497 -0.597863 -0.550880 0.020698 -0.001048 -0.599403 -0.385123 0.694625 0.302256 0.447995 0.089066 -0.462023 -0.148337 1.000000 0.681018 0.068714 0.449503 -0.581242 -0.404354 -0.372988 -0.127472 -0.626302 -0.290551 -0.561172 -0.525113 0.770011 0.417685 -0.483698 0.159714 0.623101 0.661500 -0.007975 0.113639 0.596733 -0.233601 0.299086 0.339675 0.495983 0.448833 0.234940 0.127920 0.053332 0.026445 0.044890 0.115855 0.063860 -0.057076 0.108740 -0.303745 -0.315211 -0.566395 -0.506925 -0.381191 0.490641 0.301210 0.213167 0.246652 0.467587 0.312240 0.349565 0.514979 0.259925 -0.034809 0.268850 0.048520 0.197140 0.164263 -0.231178 0.111520 0.826199 0.496430 0.627377 0.185963 0.767394 0.441914 0.853705 0.695858 0.770317 0.496725 0.131440 0.311699 0.091874 -0.559789 -0.332233 -0.249734 -0.607709 -0.701491 -0.606889 -0.643906 -0.608257 -0.435673 -0.389864 -0.382139 -0.007727 -0.204529 -0.147437 -0.385151 -0.517028 -0.082029 -0.257798 -0.413803 -0.346377 -0.433339 -0.246553 -0.184852 -0.317608 -0.214071 0.214906 0.092670 -0.105142 -0.270981 -0.520711 -0.530564
0.146516 0.315199 -0.113509 0.121891 -0.437680 -0.378837 0.125558 0.017842 -0.522331 -0.497456 0.493371 0.288576 0.140752 -0.011497 -0.418850 -0.136941 0.681018 1.000000 0.072810 0.339008 -0.506633 -0.302655 -0.233182 -0.026637 -0.423129 -0.240002 -0.409493 -0.395608 0.552413 0.536881 -0.366812 0.157193 0.595390 0.495410 0.201599 0.032091 0.298439 -0.240878 0.163015 0.191072 0.412840 0.318221 0.320845 0.188977 0.167175 0.078503 0.204801 -0.088371 -0.045599 0.125180 0.202113 -0.086310 -0.213115 -0.385894 -0.411966 -0.403125 0.376950 0.362573 0.041722 0.186085 0.258431 0.306492 0.433992 0.678992 0.145356 -0.005484 0.270000 -0.010908 0.032790 0.045870 -0.375654 0.103967 0.676340 0.379590 0.505950 0.081445 0.476689 0.237665 0.629008 0.690016 0.616659 0.696556 -0.002139 0.324137 0.093395 -0.323390 -0.289118 -0.286974 -0.561296 -0.593943 -0.548117 -0.595511 -0.453243 -0.423850 -0.207486 -0.192728 0.100438 -0.183855 -0.147972 -0.397884 -0.416745 -0.098928 -0.292474 -0.360380 -0.354595 -0.390368 -0.208907 -0.252335 -0.126435 -0.162059 0.013426 -0.053806 -0.219115 -0.267822 -0.347863 -0.369767
0.371632 0.111647 0.518536 0.525981 0.076785 0.091406 0.286310 0.288477 -0.073203 0.015172 0.075422 -0.004846 -0.082534 -0.166573 -0.018542 0.025410 0.068714 0.072810 1.000000 0.355253 -0.091694 0.051779 0.177924 0.310620 0.148155 0.208202 -0.080430 -0.079509 0.268251 0.082931 -0.094975 0.293597 0.343510 0.123843 0.215365 0.112897 0.004199 -0.321560 -0.091965 0.147434 0.061155 0.183783 -0.040772 -0.084601 0.000235 -0.112644 0.020258 -0.155083 -0.164037 -0.171664 0.204235 -0.227585 -0.261621 -0.249764 -0.296711 -0.330874 0.339205 0.155919 0.198437 0.024928 0.183812 0.117347 0.047599 0.143280 0.311174 0.062768 0.249809 0.007711 0.021187 -0.152344 -0.190944 0.113388 0.158821 0.157691 0.227046 0.167318 0.289397 0.294592 0.169684 0.131703 0.104970 0.065555 0.311357 0.237150 0.215248 -0.189178 -0.071226 0.000614 -0.069793 -0.307600 -0.261425 -0.433610 -0.314080 -0.222403 -0.098954 -0.088991 -0.196535 -0.120737 -0.206834 -0.431097 -0.391057 -0.099463 -0.349213 -0.332466 -0.404005 -0.413985 -0.303229 -0.483239 -0.117901 -0.401931 -0.372210 -0.373745 -0.135489 -0.222808 -0.320367 -0.248572
0.487836 0.617975 -0.054260 0.230333 -0.354109 -0.390332 -0.035194 0.078864 -0.507367 -0.074503 0.371564 0.082589 0.151596 0.028639 -0.577755 -0.047943 0.449503 0.339008 0.355253 1.000000 -0.383581 -0.226578 -0.372463 -0.043509 -0.348377 -0.075549 -0.521393 -0.487683 0.454708 0.025509 -0.546222 0.152896 0.461388 0.721922 -0.128583 0.372138 0.246507 -0.440853 0.164627 0.395474 0.356578 0.627761 0.029382 -0.151752 -0.092248 0.051015 -0.053536 0.517728 0.039974 -0.205025 -0.022189 -0.521301 -0.549801 -0.333779 -0.484556 -0.458968 0.334319 0.540003 0.295891 0.557204 0.192666 0.243014 -0.069460 0.421870 0.033261 -0.151280 0.254222 0.455430 0.568676 0.580687 -0.121325 0.163201 0.488075 0.350558 0.485806 0.303285 0.536347 0.520335 0.510929 0.392488 0.357959 0.205341 0.168025 0.445393 -0.289444 -0.752579 -0.493810 -0.125086 -0.531679 -0.609629 -0.113555 -0.530618 -0.605470 -0.416591 -0.264128 -0.329695 0.032355 0.013745 0.071021 -0.530221 -0.464109 -0.009582 -0.366099 -0.430102 -0.376169 -0.370552 -0.350653 -0.166128 -0.194982 -0.182360 0.237258 0.155148 -0.083266 -0.317355 -0.566890 -0.499060
-0.371938 -0.388519 0.007343 -0.188442 0.648651 0.531121 -0.201844 -0.132374 0.560481 0.326074 -0.494349 -0.235060 -0.310125 -0.057762 0.465222 0.102710 -0.581242 -0.506633 -0.091694 -0.383581 1.000000 0.387075 0.125202 -0.140757 0.694163 0.203981 0.659671 0.445335 -0.408158 -0.135755 0.470721 -0.229509 -0.493461 -0.523086 -0.030459 -0.120733 -0.334056 0.339206 -0.263998 -0.359095 -0.335852 -0.369810 -0.404586 -0.055221 0.005174 -0.017267 -0.229802 -0.165311 -0.202137 -0.002780 -0.254644 0.182758 0.314692 0.341701 0.474719 0.540520 -0.269348 -0.404326 -0.133769 -0.214347 -0.241409 -0.254563 -0.179690 -0.509203 -0.268039 -0.034545 -0.233400 -0.069195 -0.207909 -0.230003 0.460250 -0.200909 -0.507483 -0.336928 -0.465406 -0.067303 -0.461870 -0.255877 -0.607052 -0.550338 -0.434953 -0.311988 -0.146376 -0.306211 -0.053272 0.485938 0.441660 0.159641 0.589551 0.693429 0.390210 0.534857 0.455835 0.212998 0.254398 0.337034 -0.312961 0.084983 -0.083427 0.489928 0.306681 -0.160091 0.268517 0.247142 0.302343 0.393117 0.460548 0.228905 0.161538 0.008557 -0.342256 -0.175923 0.087665 0.203890 0.451660 0.411988
-0.116442 -0.126860 0.064620 0.219560 0.096480 0.386077 -0.140908 0.123915 0.068035 0.063330 -0.279226 0.131577 -0.250224 0.053381 0.106557 -0.114728 -0.404354 -0.302655 0.051779 -0.226578 0.387075 1.000000 0.058604 0.290764 0.452060 0.779710 0.360997 0.461749 -0.288816 -0.084861 0.438398 0.367251 -0.258407 -0.200261 -0.225862 -0.204062 -0.418950 0.014011 -0.388205 -0.254347 -0.264075 -0.110582 -0.396942 -0.103200 -0.110014 -0.073204 -0.069226 -0.269256 -0.252203 -0.160270 -0.101919 -0.029404 -0.037405 0.135579 -0.000078 0.068664 -0.101531 -0.164329 -0.248142 -0.255830 -0.322626 -0.124412 -0.254357 -0.225232 -0.169427 0.104001 -0.319927 -0.063486 -0.257813 -0.369378 0.289182 0.430200 -0.303603 -0.073434 -0.342107 0.056286 -0.275630 -0.142950 -0.329759 -0.240871 -0.190927 -0.005406 -0.140452 -0.178332 0.078517 0.388434 0.202314 0.088618 0.523927 0.323200 0.046344 0.195390 0.172563 0.107233 0.009615 -0.147720 -0.360095 -0.171150 -0.137259 0.033174 0.176857 -0.028100 0.242811 0.115313 0.108524 0.016411 0.147825 -0.090896 -0.109944 -0.279567 -0.348877 -0.054542 0.256720 0.261734 0.302764 0.186404
-0.141251 -0.434904 0.588239 0.158730 0.331941 0.335535 0.246154 0.033314 0.382541 0.032813 -0.153945 -0.265383 -0.108466 -0.308660 0.525956 0.015112 -0.372988 -0.233182 0.177924 -0.372463 0.125202 0.058604 1.000000 0.661419 0.455930 0.109098 0.251760 0.351033 -0.343698 -0.242313 0.372668 0.116139 -0.171180 -0.469525 0.345384 0.013485 -0.197535 0.059271 0.001966 -0.112536 -0.285127 -0.343352 -0.050292 -0.116267 -0.173811 -0.269169 0.027589 -0.337795 -0.108330 -0.114992 0.391910 0.134784 0.219023 0.134544 0.247637 -0.047275 -0.284812 -0.218660 -0.301476 -0.611457 -0.214220 -0.355360 -0.117484 -0.317522 0.322008 0.046523 -0.192443 -0.297884 -0.369997 -0.364578 -0.157560 -0.099365 -0.425956 -0.207133 -0.260929 -0.056260 -0.290155 -0.267111 -0.375831 -0.230988 -0.451260 -0.313651 0.104154 -0.223205 0.437762 0.401402 0.189889 0.246497 0.494676 0.229215 -0.067336 0.234670 0.278095 0.354916 0.231279 0.206483 0.077924 -0.055185 -0.242414 0.075038 0.107245 0.131754 -0.031972 0.157647 0.002747 0.071358 -0.090273 -0.163716 0.195183 0.123163 -0.093675 -0.168657 -0.082075 0.129711 0.258681 0.230274
0.140822 -0.099457 0.545649 0.531938 -0.110758 0.177099 0.132171 0.317412 -0.021294 -0.132659 0.027977 0.046196 -0.190059 -0.150355 0.112182 -0.087165 -0.127472 -0.026637 0.310620 -0.043509 -0.140757 0.290764 0.661419 1.000000 0.350746 0.445430 -0.045129 0.118906 -0.123762 -0.148573 0.149508 0.546439 0.073130 -0.046669 0.139109 0.131795 -0.094049 -0.201043 -0.064898 0.102328 -0.102148 0.067215 0.046609 -0.007054 -0.186565 -0.173190 0.035212 -0.158006 -0.100034 -0.244779 0.513829 -0.130538 -0.140236 -0.090310 -0.230979 -0.356450 0.028390 0.046827 -0.276060 -0.390021 -0.219628 -0.224547 -0.225192 -0.090933 0.331002 0.082760 -0.171155 -0.022665 -0.210439 -0.296892 -0.155615 0.335588 -0.124397 0.145586 0.065440 0.219770 0.045468 0.014233 -0.059821 0.030394 -0.203302 -0.158581 0.299818 0.075412 0.455132 0.083075 0.085609 0.334674 0.189761 -0.190555 -0.242650 -0.151190 -0.028258 0.035147 -0.085209 -0.133711 -0.122518 -0.212699 -0.240013 -0.285160 -0.144693 -0.057558 -0.249143 -0.228568 -0.327048 -0.308394 -0.229961 -0.385460 -0.108269 -0.166946 -0.077630 -0.167628 -0.043065 -0.110181 -0.117246 -0.176855
-0.395534 -0.413130 0.373952 0.141698 0.585188 0.495169 -0.106632 0.116032 0.472133 0.315976 -0.545977 -0.266251 -0.450384 -0.176441 0.373580 0.071543 -0.626302 -0.423129 0.148155 -0.348377 0.694163 0.452060 0.455930 0.350746 1.000000 0.464741 0.468407 0.313673 -0.384744 -0.097572 0.585130 0.189349 -0.335717 -0.414130 0.126149 -0.005475 -0.381797 0.170745 -0.179656 -0.287992 -0.373898 -0.295947 -0.271866 -0.098080 -0.026597 -0.042747 -0.146597 -0.260300 -0.310044 -0.076152 0.027400 0.091717 0.200213 0.214677 0.275413 0.216047 -0.307363 -0.316511 -0.308990 -0.390578 -0.373822 -0.270366 -0.204983 -0.358403 -0.096040 0.067106 -0.189425 -0.055525 -0.217401 -0.311154 0.204247 -0.083777 -0.503676 -0.196382 -0.329168 -0.044638 -0.405668 -0.262452 -0.601510 -0.476554 -0.533194 -0.358973 -0.010285 -0.287864 0.242045 0.461046 0.309238 0.192321 0.581987 0.437090 0.241235 0.375827 0.386924 0.145496 0.330332 0.312618 -0.218986 0.063323 -0.172665 0.215777 0.176057 -0.122069 0.043542 0.090735 0.042577 0.159903 0.151674 -0.058077 0.211583 -0.003485 -0.306541 -0.259841 -0.040761 0.093577 0.316635 0.261989
-0.106270 -0.103889 0.227583 0.364112 0.026500 0.300948 -0.147349 0.253787 0.023498 0.125905 -0.321871 0.020221 -0.322319 0.020589 0.074023 -0.030876 -0.290551 -0.240002 0.208202 -0.075549 0.203981 0.779710 0.109098 0.445430 0.464741 1.000000 0.164444 0.255462 -0.124768 0.072823 0.426765 0.600340 -0.040936 0.006325 -0.075779 -0.026356 -0.333760 -0.052083 -0.286025 -0.083657 -0.218457 -0.026213 -0.234164 -0.071719 -0.110685 -0.099053 -0.051095 -0.176865 -0.352447 -0.280781 0.113349 -0.111757 -0.101341 0.090068 -0.170483 -0.095236 0.032732 -0.031222 -0.221641 -0.299707 -0.378006 -0.196010 -0.276503 -0.181925 -0.137025 0.048635 -0.138084 0.002919 -0.064692 -0.292158 0.162644 0.370309 -0.169426 0.131124 -0.081923 0.146606 -0.119101 -0.002348 -0.181773 -0.106002 -0.086285 -0.001801 -0.025140 -0.126463 0.210358 0.229899 0.053392 0.071515 0.312393 0.076275 -0.076333 -0.012322 -0.026448 -0.121155 0.088792 -0.101671 -0.241386 -0.136484 -0.269366 -0.166481 -0.067751 -0.147753 -0.017415 -0.034264 -0.087050 -0.155062 -0.183690 -0.196754 -0.052315 -0.220466 -0.206316 -0.144409 0.066318 0.080571 0.104386 -0.049017
-0.341215 -0.411854 0.088960 -0.207505 0.734852 0.763285 0.031800 -0.124500 0.666142 0.268442 -0.355087 -0.111169 -0.148202 -0.015748 0.686771 0.236896 -0.561172 -0.409493 -0.080430 -0.521393 0.659671 0.360997 0.251760 -0.045129 0.468407 0.164444 1.000000 0.654922 -0.405405 -0.149016 0.469701 -0.243502 -0.504839 -0.652706 -0.060553 -0.380034 -0.411796 0.316342 -0.312404 -0.289719 -0.455390 -0.559577 -0.444714 -0.129301 -0.121761 -0.171478 -0.256653 -0.493857 -0.261659 -0.008032 -0.185017 0.247652 0.382481 0.312932 0.504412 0.460809 -0.268848 -0.391672 -0.185468 -0.359647 -0.207346 -0.263152 -0.091668 -0.498225 -0.076945 0.008463 -0.267523 -0.316589 -0.290221 -0.363147 0.218909 -0.116381 -0.540840 -0.525671 -0.601606 -0.273904 -0.560501 -0.471282 -0.583645 -0.578208 -0.368644 -0.217266 -0.020928 -0.262959 0.065435 0.583109 0.550104 0.223973 0.695245 0.764493 0.301828 0.560948 0.518279 0.309441 0.206749 0.441472 -0.189580 0.021220 -0.162194 0.487856 0.298522 -0.124763 0.236404 0.343735 0.293916 0.447332 0.514822 0.228179 0.294371 0.053674 -0.527467 -0.350859 0.006121 0.173007 0.501836 0.473278
-0.215433 -0.355919 0.073297 -0.050731 0.399703 0.687286 -0.000034 -0.137103 0.463304 0.120676 -0.287684 -0.179281 -0.188338 -0.244688 0.520931 -0.065272 -0.525113 -0.395608 -0.079509 -0.487683 0.445335 0.461749 0.351033 0.118906 0.313673 0.255462 0.654922 1.000000 -0.582560 -0.409177 0.321715 -0.200005 -0.451788 -0.656673 0.067755 -0.327834 -0.466049 0.267112 -0.286712 -0.287623 -0.375599 -0.534296 -0.398651 -0.107176 -0.194055 -0.243468 -0.138159 -0.393586 -0.062914 -0.093806 -0.030345 0.186867 0.199430 0.251424 0.545723 0.380695 -0.289466 -0.364773 -0.208001 -0.365667 -0.227703 -0.230239 -0.235135 -0.465895 -0.048220 0.073814 -0.374168 -0.265464 -0.391429 -0.386641 0.069159 -0.076979 -0.604884 -0.607257 -0.598507 -0.334453 -0.582029 -0.344149 -0.482420 -0.450484 -0.370968 -0.247100 -0.141749 -0.312394 0.114272 0.564046 0.450805 0.189061 0.690953 0.678136 0.215986 0.415530 0.479046 0.408521 0.265786 0.332982 -0.006996 0.055582 -0.117124 0.264151 0.402649 -0.005127 0.383623 0.404642 0.439006 0.483309 0.283214 0.165962 0.265766 0.029941 -0.363516 -0.229605 0.009520 0.307110 0.585738 0.609064
0.333330 0.168675 0.052820 -0.041594 -0.331612 -0.499046 0.080136 0.012531 -0.379196 -0.262359 0.606055 0.299519 0.460838 0.170341 -0.243844 -0.007062 0.770011 0.552413 0.268251 0.454708 -0.408158 -0.288816 -0.343698 -0.123762 -0.384744 -0.124768 -0.405405 -0.582560 1.000000 0.564586 -0.238005 0.302510 0.580828 0.665575 -0.043994 0.130620 0.618529 -0.221930 0.198735 0.220522 0.511478 0.405605 0.108783 0.026838 0.054642 -0.062945 -0.027309 0.085495 -0.106547 -0.162681 -0.092453 -0.369817 -0.325787 -0.498435 -0.510890 -0.386978 0.335314 0.155123 0.173362 0.201687 0.401795 0.233561 0.258280 0.388207 0.240579 -0.155147 0.247615 0.029008 0.132430 0.072634 -0.007853 0.252076 0.874376 0.573025 0.622579 0.285399 0.759299 0.505746 0.793545 0.611747 0.728857 0.525753 0.275849 0.341686 0.143819 -0.489203 -0.232977 -0.227432 -0.526805 -0.601103 -0.565347 -0.617637 -0.671671 -0.532138 -0.285923 -0.281144 -0.121693 -0.358876 -0.195838 -0.439553 -0.604800 -0.111401 -0.310689 -0.440950 -0.389422 -0.506860 -0.315290 -0.366633 -0.398042 -0.333096 0.039666 0.001284 -0.072993 -0.263227 -0.507837 -0.595772
-0.151504 -0.064755 -0.080067 0.078636 -0.137146 -0.261628 -0.043108 0.083312 -0.179087 -0.185976 0.163870 0.254240 0.091476 0.166799 -0.069456 0.181880 0.417685 0.536881 0.082931 0.025509 -0.135755 -0.084861 -0.242313 -0.148573 -0.097572 0.072823 -0.149016 -0.409177 0.564586 1.000000 0.154817 0.332769 0.507285 0.341002 0.216468 -0.083564 0.322920 0.115151 0.148605 0.075502 0.289587 0.095226 0.176958 0.069731 0.210541 -0.029111 0.177880 -0.268231 -0.242455 -0.015501 -0.041593 -0.026070 0.025589 -0.231096 -0.227196 -0.117459 0.197188 -0.025249 -0.088325 -0.136299 0.109612 0.123854 0.400093 0.331223 -0.014013 -0.011086 0.297413 -0.266712 -0.065733 -0.277215 -0.076220 0.018243 0.569440 0.487880 0.409554 0.145449 0.355859 0.151596 0.388954 0.463204 0.452045 0.605149 -0.043447 0.153727 0.182996 0.037814 -0.167554 -0.201871 -0.335263 -0.310318 -0.537420 -0.368831 -0.407176 -0.475616 0.044532 -0.067716 0.047511 -0.153631 -0.295856 -0.173941 -0.411317 -0.175611 -0.196186 -0.216104 -0.305304 -0.406552 -0.216085 -0.251638 -0.118097 -0.011945 -0.024826 -0.082618 -0.053007 -0.066412 -0.149323 -0.332047
-0.586404 -0.625432 0.272316 -0.108094 0.408689 0.275938 -0.081896 0.040219 0.431683 0.088856 -0.446634 -0.113740 -0.192998 0.081038 0.518952 0.015711 -0.483698 -0.366812 -0.094975 -0.546222 0.470721 0.438398 0.372668 0.149508 0.585130 0.426765 0.469701 0.321715 -0.238005 0.154817 1.000000 0.390087 -0.335480 -0.385890 0.008121 -0.285271 -0.357644 0.283709 -0.285184 -0.418555 -0.516338 -0.606566 -0.372106 -0.136842 -0.116312 -0.283614 -0.211828 -0.478080 -0.432197 -0.166888 -0.234678 0.144849 0.366448 0.229890 0.238927 0.241326 -0.419593 -0.467686 -0.484029 -0.578375 -0.383162 -0.344595 -0.115439 -0.458832 -0.305963 -0.111724 -0.180207 -0.268607 -0.357717 -0.435786 0.422244 0.109587 -0.387795 -0.152857 -0.391874 -0.021260 -0.483051 -0.345050 -0.496498 -0.394035 -0.316285 -0.141116 -0.120377 -0.415110 0.228225 0.682256 0.386785 0.034352 0.542309 0.552486 0.085918 0.444715 0.445740 0.225629 0.294035 0.296274 -0.172678 -0.132037 -0.291846 0.391307 0.297258 -0.061694 0.286506 0.350847 0.260399 0.243705 0.205888 -0.004631 0.212750 0.065376 -0.337782 -0.171364 0.024142 0.305433 0.600677 0.424522
0.023684 -0.097556 0.384856 0.454942 -0.301884 -0.171869 0.009187 0.447061 -0.252184 -0.212876 0.100339 0.268150 -0.083488 0.184485 -0.171860 -0.164641 0.159714 0.157193 0.293597 0.152896 -0.229509 0.367251 0.116139 0.546439 0.189349 0.600340 -0.243502 -0.200005 0.302510 0.332769 0.390087 1.000000 0.290585 0.420015 -0.101639 0.084615 -0.019448 -0.272679 -0.165211 0.037165 -0.066653 0.150217 -0.060414 -0.021140 -0.054394 -0.100881 -0.042807 -0.147245 -0.311335 -0.294330 0.126866 -0.299629 -0.301756 -0.264873 -0.537187 -0.446931 0.081883 0.048600 -0.246509 -0.169511 -0.216813 -0.117477 -0.116727 0.083542 0.007080 -0.041886 0.079557 0.115864 -0.018223 -0.181455 0.033043 0.500502 0.255513 0.433116 0.284789 0.301286 0.258604 0.150359 0.242827 0.218107 0.209325 0.180732 0.230548 0.142629 0.310552 -0.038182 -0.094659 0.015496 -0.107787 -0.365544 -0.377741 -0.358720 -0.296343 -0.328466 -0.214814 -0.299886 -0.235026 -0.412529 -0.358550 -0.399239 -0.350608 -0.201560 -0.221235 -0.353158 -0.400544 -0.478952 -0.273380 -0.363103 -0.192771 -0.280492 -0.113490 -0.097938 -0.056288 -0.150996 -0.202807 -0.394038
0.315815 0.338926 0.076591 0.316028 -0.355502 -0.431885 0.183523 0.220783 -0.467811 -0.344225 0.379514 0.072810 0.094192 -0.149947 -0.430046 -0.137854 0.623101 0.595390 0.343510 0.461388 -0.493461 -0.258407 -0.171180 0.073130 -0.335717 -0.040936 -0.504839 -0.451788 0.580828 0.507285 -0.335480 0.290585 1.000000 0.641908 0.316361 0.120180 0.325465 -0.217569 0.242302 0.298709 0.388793 0.401104 0.235289 -0.012908 0.193610 0.035635 0.297078 -0.061393 -0.020319 -0.022113 0.223092 -0.205107 -0.163884 -0.315959 -0.379900 -0.421967 0.562957 0.427537 0.137880 0.147066 0.330542 0.256767 0.444485 0.638063 0.217127 0.040960 0.476144 -0.009108 0.152896 -0.021804 -0.490865 -0.135554 0.572943 0.426743 0.507932 0.053159 0.530106 0.276350 0.608397 0.632138 0.462079 0.543719 -0.060389 0.225698 0.061000 -0.371236 -0.456404 -0.246935 -0.527767 -0.609500 -0.603309 -0.720070 -0.587141 -0.544398 -0.056920 -0.234959 0.162513 -0.029481 -0.339082 -0.645740 -0.563448 -0.107300 -0.426808 -0.440861 -0.466517 -0.512210 -0.397645 -0.395186 -0.256712 -0.078465 0.096452 -0.145933 -0.346907 -0.331292 -0.422701 -0.448144
0.370764 0.482219 -0.067177 0.166497 -0.541010 -0.582244 -0.003552 0.201529 -0.639167 -0.233409 0.460664 0.244929 0.237474 0.191271 -0.698911 -0.136906 0.661500 0.495410 0.123843 0.721922 -0.523086 -0.200261 -0.469525 -0.046669 -0.414130 0.006325 -0.652706 -0.656673 0.665575 0.341002 -0.385890 0.420015 0.641908 1.000000 -0.146284 0.461586 0.353447 -0.427698 0.161644 0.326338 0.411567 0.664560 0.102664 -0.084473 0.070240 0.155394 -0.053835 0.376955 -0.053896 -0.158656 -0.099733 -0.539295 -0.500055 -0.452023 -0.636962 -0.593114 0.407051 0.465450 0.134224 0.451054 0.244594 0.253732 0.180850 0.571427 0.037817 -0.065880 0.362707 0.438400 0.419901 0.420800 -0.186965 0.202171 0.670917 0.539862 0.586455 0.289488 0.651965 0.500960 0.682884 0.558923 0.547084 0.404488 0.071820 0.406945 -0.194903 -0.684654 -0.550894 -0.237668 -0.684639 -0.739127 -0.381802 -0.668832 -0.689258 -0.558223 -0.286477 -0.432420 0.015703 -0.120557 -0.086939 -0.613574 -0.531212 -0.033816 -0.312116 -0.457816 -0.423997 -0.519134 -0.397899 -0.266311 -0.306518 -0.159728 0.339822 0.210904 -0.100098 -0.280784 -0.556630 -0.639042
-0.180245 -0.218777 0.179881 0.194751 0.146476 0.067112 0.092299 -0.011231 0.000770 -0.163547 -0.125303 -0.321809 -0.180585 -0.517718 0.110481 0.017731 -0.007975 0.201599 0.215365 -0.128583 -0.030459 -0.225862 0.345384 0.139109 0.126149 -0.075779 -0.060553 0.067755 -0.043994 0.216468 0.008121 -0.101639 0.316361 -0.146284 1.000000 0.190275 0.042652 0.221337 0.234930 0.083387 0.124618 -0.124572 0.259688 0.006445 0.245996 -0.064880 0.321869 -0.279228 -0.058095 0.127797 0.333198 0.228830 0.227456 0.070113 0.246629 0.037424 0.039249 -0.046460 -0.103947 -0.299681 -0.030415 -0.081103 0.272843 0.115434 0.188708 0.103002 0.260155 -0.263116 -0.285819 -0.308605 -0.373419 -0.385529 -0.037118 -0.075466 0.098557 -0.104972 -0.033452 0.035483 -0.018197 0.099688 -0.024492 0.053001 -0.207463 -0.109347 0.286832 0.161148 -0.137934 -0.197741 -0.058712 -0.074262 -0.224898 -0.155136 0.019285 -0.067295 0.437835 0.367739 0.361417 0.357533 -0.240401 -0.139496 -0.075492 -0.039013 -0.156267 -0.028209 -0.043625 -0.028339 -0.187058 -0.166171 0.268784 0.246911 0.013953 -0.310402 -0.346232 -0.114077 0.070326 0.134259
0.160193 0.133900 0.155163 0.205199 -0.178308 -0.210630 -0.024633 0.158930 -0.239403 0.017239 0.037545 -0.120683 -0.077254 -0.130662 -0.367343 -0.079843 0.113639 0.032091 0.112897 0.372138 -0.120733 -0.204062 0.013485 0.131795 -0.005475 -0.026356 -0.380034 -0.327834 0.130620 -0.083564 -0.285271 0.084615 0.120180 0.461586 0.190275 1.000000 0.184816 -0.217004 0.219106 0.368710 0.211537 0.455312 0.083600 -0.063004 0.076790 0.197168 -0.107077 0.457895 -0.024600 -0.078988 0.040248 -0.300400 -0.354122 -0.142350 -0.268277 -0.294313 0.022978 0.119204 -0.002425 0.237335 -0.080873 -0.031200 -0.131740 0.085778 0.159918 0.153307 0.193940 0.519805 0.145951 0.300166 -0.144129 -0.056653 0.133223 0.165499 0.253182 0.231780 0.302660 0.363414 0.173684 0.135653 0.056483 -0.175431 0.122771 0.293355 -0.061321 -0.397191 -0.299747 0.059946 -0.347996 -0.367601 -0.005122 -0.280026 -0.296546 -0.232851 -0.113526 -0.119437 0.059638 0.158189 0.091443 -0.326858 -0.246424 -0.041570 -0.232100 -0.302145 -0.249321 -0.237436 -0.253727 -0.112215 -0.034131 -0.039405 0.418434 0.167305 -0.070560 -0.168201 -0.352842 -0.335019
