1.000000 0.604542 0.613455 0.563984 -0.244432 -0.187873 0.677606 0.540429 -0.463172 -0.465469 0.362052 0.034098 0.163024 -0.180707 -0.532456 -0.431208 -0.239389 -0.368301 0.689588 0.554565 -0.365593 -0.395085 0.349878 0.058745 -0.420391 -0.172025 0.138871 0.189305 -0.466505 -0.382374 -0.323949 -0.386310 0.256559 0.153414 -0.427479 -0.248405 -0.254880 -0.330528 -0.166385 -0.325429 -0.206306 -0.214205 -0.088396 -0.186009 -0.048547 -0.102370 -0.166936 -0.175680 0.095117 0.026498 0.072226 0.072036 0.311151 0.303812 0.001728 -0.255346 0.728023 0.467905 0.357348 0.128998 0.418785 0.214322 0.150051 0.296921 -0.009452 -0.084861 0.316198 -0.235215 0.471966 0.315976 -0.341037 -0.479451 -0.371931 -0.207939 -0.158793 0.161103 0.031800 -0.073295 -0.224284 -0.078895 -0.239553 -0.108830 -0.447698 -0.141134 -0.406178 -0.309834 -0.013963 -0.302978 0.258566 0.163768 0.096099 0.121624 0.181242 0.160847 -0.165370 -0.217081 -0.462733 -0.284917 -0.243322 -0.112195 0.137256 0.100654 0.041648 -0.004692 -0.257669 -0.124087 0.145976 -0.222988 -0.123666 -0.069937 -0.331085 -0.295626 0.097484 0.094034 -0.165011 -0.222289
0.604542 1.000000 0.223468 0.257245 -0.393580 -0.369714 0.322765 0.304752 -0.466737 -0.419065 0.258496 0.443907 0.088425 -0.007424 -0.453238 -0.324769 -0.136708 -0.181407 0.324372 0.490952 -0.297437 -0.302631 0.093404 -0.108908 -0.507568 -0.401654 -0.097271 0.007179 -0.392714 -0.172960 -0.157384 -0.200612 0.369962 0.416577 -0.331004 -0.203949 -0.100494 -0.099720 0.023205 -0.055503 -0.027743 0.024913 -0.196531 -0.189970 -0.167488 -0.179232 -0.167507 -0.101347 -0.113137 -0.130944 -0.096053 0.009823 0.123881 0.183350 0.032998 -0.100632 0.553818 0.825598 0.074173 0.142373 0.150115 0.223822 0.163673 0.563927 -0.249966 -0.129320 -0.001871 -0.232347 0.385456 0.290548 -0.340063 -0.315637 -0.302588 -0.063923 -0.100391 0.187764 0.024731 0.057254 -0.049574 0.077927 -0.191672 -0.007125 -0.294651 -0.148488 -0.308578 -0.186749 -0.065467 -0.324158 0.035633 0.110852 -0.027304 -0.096322 -0.046417 -0.076485 0.022458 0.081020 -0.051420 0.065115 -0.111156 -0.102189 0.048843 -0.025289 0.116876 -0.170299 -0.153031 -0.106864 0.095308 -0.141090 0.075233 0.096703 -0.120744 -0.121324 0.221852 0.219934 0.013222 -0.025134
0.613455 0.223468 1.000000 0.668123 -0.196087 -0.130247 0.839052 0.657274 -0.400696 -0.395541 0.347207 -0.014541 0.356980 -0.097983 -0.475269 -0.515408 -0.524978 -0.560451 0.568384 0.157056 -0.341974 -0.400491 0.745045 0.539774 -0.218876 0.303302 0.208289 0.344888 -0.609507 -0.651986 -0.093058 -0.093294 0.192595 0.126269 -0.203369 0.136518 -0.331766 -0.447305 -0.283415 -0.445613 -0.289035 -0.507999 -0.096757 -0.198043 0.152685 0.115655 -0.236349 -0.194436 0.232653 0.156307 0.050279 0.069316 0.017516 0.095463 -0.127005 -0.312290 0.165613 -0.032370 0.316818 -0.032914 0.352123 0.054563 -0.090766 -0.116372 0.378353 0.346929 0.397646 0.293586 0.145398 0.404964 -0.423012 -0.471688 -0.572078 -0.509066 -0.335346 -0.043983 -0.206071 -0.301509 -0.477294 -0.417774 -0.493207 -0.464441 -0.463547 -0.228299 -0.244071 -0.314718 -0.156029 -0.305641 0.173746 0.005422 0.265498 0.293444 0.318985 0.278189 -0.106311 -0.371088 -0.432126 -0.398384 -0.262549 -0.198288 0.176821 0.170471 -0.096510 0.118638 -0.122718 -0.046035 0.097302 -0.107702 -0.161676 -0.191321 -0.168564 -0.183107 -0.009377 -0.035891 -0.082113 -0.248382
0.563984 0.257245 0.668123 1.000000 -0.039854 -0.009631 0.583259 0.708527 -0.386098 -0.349501 0.224536 -0.043076 0.186551 0.020472 -0.498664 -0.437669 -0.441307 -0.480948 0.536139 0.249346 -0.401506 -0.403674 0.528176 0.442446 -0.150731 0.285354 0.260818 0.370293 -0.565826 -0.624835 -0.208673 -0.211998 0.012623 -0.003337 -0.443377 -0.122237 -0.429007 -0.457006 -0.371874 -0.373613 -0.297399 -0.371369 -0.154155 -0.273019 -0.014585 0.002640 -0.240961 -0.233625 0.161109 0.157865 0.074693 0.184601 0.261723 0.294099 0.030541 -0.189394 0.349200 0.119195 0.364097 0.272047 0.257158 0.237430 0.100011 0.020860 0.244137 0.233291 0.259568 0.084989 0.246695 0.283189 -0.480093 -0.505770 -0.615789 -0.501315 -0.386383 -0.018156 -0.199624 -0.254876 -0.448047 -0.412423 -0.395849 -0.492328 -0.554718 -0.174539 -0.406571 -0.247396 -0.135759 -0.128375 0.317445 0.318760 0.318803 0.395338 0.460947 0.338654 -0.232168 -0.341016 -0.490297 -0.425475 -0.175016 -0.072600 0.262764 0.199285 0.089537 0.095956 -0.099185 -0.099800 0.201113 -0.195166 -0.248268 -0.185037 -0.372931 -0.311408 -0.117756 0.039729 -0.038257 -0.243986
-0.244432 -0.393580 -0.196087 -0.039854 1.000000 0.724977 -0.273378 -0.074238 0.643263 0.633768 -0.163291 0.036490 -0.000788 0.484475 0.549263 0.512849 0.087499 0.303853 -0.183816 -0.262501 0.471922 0.373621 -0.165599 -0.067741 0.799288 0.314686 0.440507 0.047925 0.145293 0.012063 0.251922 0.182538 -0.616631 -0.535593 -0.167114 -0.278924 -0.222347 -0.254046 -0.229703 -0.134021 -0.127074 -0.098899 0.176686 0.080549 0.006851 -0.012254 0.023541 -0.179538 0.246743 0.138577 0.389239 0.181143 0.383016 0.084952 0.115305 -0.086368 -0.094619 -0.260333 0.254718 0.370862 -0.016669 0.088847 -0.218798 -0.199669 0.028993 -0.095815 -0.122666 -0.213829 -0.331415 -0.403024 0.384782 0.364360 0.065285 -0.030520 -0.220267 -0.336489 -0.364812 -0.260336 -0.009449 -0.287548 0.247698 -0.066981 0.084000 0.155528 0.210923 -0.157974 -0.026942 0.166223 0.202890 -0.017475 -0.197834 -0.157684 -0.099688 -0.159478 -0.254272 -0.188050 -0.256449 -0.330827 -0.161273 -0.111642 -0.073038 -0.176086 0.072659 -0.130461 0.044739 -0.113661 -0.122221 -0.085481 -0.240463 -0.179021 -0.459488 -0.277233 -0.208060 -0.429934 -0.229914 -0.300812
-0.187873 -0.369714 -0.130247 -0.009631 0.724977 1.000000 -0.208672 -0.040954 0.769302 0.803025 -0.066813 -0.033125 0.104602 0.467361 0.664195 0.704475 0.197353 0.266234 -0.136872 -0.167262 0.456401 0.368948 -0.120548 -0.004443 0.666759 0.330585 0.552188 0.251088 0.139689 -0.014777 0.269895 0.199551 -0.691228 -0.626341 -0.276396 -0.294437 -0.399057 -0.399765 -0.265263 -0.155402 -0.281207 -0.295608 0.152561 0.023896 -0.070198 -0.064017 -0.008437 -0.117594 0.216856 0.067420 0.373985 0.026410 0.433002 0.036838 0.098051 -0.094589 -0.077134 -0.284376 0.304662 0.315923 -0.083580 0.012163 -0.284643 -0.407671 -0.063161 0.116178 -0.013615 -0.163266 -0.160220 -0.150692 0.264555 0.303970 0.006162 -0.117192 -0.315532 -0.461914 -0.476465 -0.516032 -0.004214 -0.318197 0.280200 -0.128684 0.226077 0.230862 0.175967 -0.190931 0.133420 0.212423 0.380174 0.098636 0.031882 -0.046578 0.076291 -0.082512 -0.214947 -0.240328 -0.332411 -0.303135 -0.012514 -0.049197 -0.015485 -0.133262 0.086642 -0.043746 -0.063980 0.008080 -0.004450 -0.198366 -0.157457 -0.205279 -0.413297 -0.198853 -0.181257 -0.403806 -0.286094 -0.279815
0.677606 0.322765 0.839052 0.583259 -0.273378 -0.208672 1.000000 0.743614 -0.428129 -0.459598 0.348439 0.029935 0.383963 -0.155323 -0.484369 -0.485707 -0.407785 -0.468140 0.517504 0.270465 -0.311417 -0.353298 0.521894 0.339798 -0.379218 0.044907 0.121521 0.211141 -0.463484 -0.483231 -0.194790 -0.224791 0.253107 0.174013 -0.243637 0.058567 -0.282604 -0.359125 -0.213304 -0.364448 -0.219240 -0.435762 -0.102307 -0.176871 0.059076 0.018359 -0.212986 -0.145527 0.119766 0.065932 0.001438 0.041096 0.055388 0.063139 -0.169703 -0.323976 0.308300 0.092781 0.277721 0.009466 0.448394 0.199655 0.033317 0.033798 0.093144 0.334248 0.420290 0.186347 0.217675 0.360727 -0.313566 -0.430378 -0.337300 -0.345112 -0.214286 0.032329 -0.149583 -0.227624 -0.400027 -0.247698 -0.429835 -0.352422 -0.460155 -0.112674 -0.406163 -0.222411 -0.134029 -0.324432 0.142037 0.040682 0.324900 0.145039 0.259012 0.156745 -0.105087 -0.269944 -0.425274 -0.270914 -0.211914 -0.265761 0.165038 0.083029 -0.084332 0.172238 -0.131621 -0.009488 0.191030 -0.069498 -0.074838 -0.109636 -0.180366 -0.211502 0.130131 0.028711 -0.144978 -0.256322
0.540429 0.304752 0.657274 0.708527 -0.074238 -0.040954 0.743614 1.000000 -0.346727 -0.310232 0.223983 0.093155 0.263647 0.078864 -0.490525 -0.404738 -0.476144 -0.444932 0.425459 0.292783 -0.393995 -0.434934 0.365895 0.331404 -0.257213 0.128454 0.101358 0.100490 -0.456294 -0.454077 -0.179714 -0.198473 0.093273 0.130147 -0.413949 0.073350 -0.362885 -0.371956 -0.428380 -0.402227 -0.283670 -0.383033 -0.233947 -0.319000 -0.064715 -0.045430 -0.380320 -0.245564 0.100200 0.043762 -0.039933 0.050996 0.137661 0.157906 -0.273891 -0.365344 0.286645 0.116290 0.310619 0.208042 0.351679 0.454090 0.066193 0.105452 0.025373 0.435500 0.287075 0.202491 0.262494 0.403812 -0.426858 -0.432427 -0.372341 -0.331639 -0.188165 0.075356 -0.128763 -0.172621 -0.400045 -0.310140 -0.442227 -0.438742 -0.517723 -0.239168 -0.544079 -0.333883 -0.232602 -0.300234 0.097534 0.082003 0.390754 0.278016 0.410255 0.243892 -0.164415 -0.229818 -0.546156 -0.278495 -0.221311 -0.171211 0.342156 0.150336 0.100660 0.192091 -0.109856 0.019354 0.158764 -0.202207 -0.132663 -0.165492 -0.338310 -0.220617 0.194993 0.094656 -0.035299 -0.235648
-0.463172 -0.466737 -0.400696 -0.386098 0.643263 0.769302 -0.428129 -0.346727 1.000000 0.904202 -0.075863 -0.037411 0.096277 0.348362 0.890905 0.861709 0.448221 0.380908 -0.324405 -0.257323 0.630351 0.559475 -0.344180 -0.133856 0.686811 0.115872 0.272103 -0.030558 0.356826 0.166727 0.369836 0.319077 -0.625964 -0.527684 0.041299 -0.151710 -0.211099 -0.210396 -0.139007 -0.027358 -0.086067 -0.040782 0.250837 0.193954 0.040909 0.032960 0.141557 0.045757 0.247047 0.087832 0.405095 0.076793 0.270692 -0.064457 0.040501 -0.057133 -0.308420 -0.384896 0.131999 0.141837 -0.158775 -0.081407 -0.308896 -0.395315 -0.136372 0.046280 -0.097462 -0.067655 -0.287413 -0.335979 0.487718 0.469756 0.153436 -0.031950 -0.244535 -0.487602 -0.469404 -0.431272 0.194010 -0.224371 0.421322 0.000479 0.467957 0.204905 0.366488 -0.064862 0.116797 0.223289 0.164757 -0.070562 -0.027548 -0.188400 -0.117558 -0.265713 -0.106150 -0.100780 -0.032528 -0.090705 0.144709 -0.021883 -0.079958 -0.256524 0.034571 -0.128862 0.074498 0.006104 -0.145127 -0.072318 -0.076021 -0.197756 -0.133357 0.064092 -0.139638 -0.447320 -0.277990 -0.140946
-0.465469 -0.419065 -0.395541 -0.349501 0.633768 0.803025 -0.459598 -0.310232 0.904202 1.000000 -0.086375 0.063146 0.107664 0.463737 0.829212 0.857210 0.408279 0.409273 -0.359393 -0.214501 0.551086 0.519720 -0.344947 -0.112055 0.718700 0.136692 0.240096 -0.046568 0.321838 0.229669 0.368666 0.314120 -0.620447 -0.518761 -0.115146 -0.179511 -0.211315 -0.213238 -0.202723 -0.094923 -0.063484 -0.024482 0.176823 0.098620 -0.034120 -0.064448 0.056098 -0.033661 0.239680 0.032910 0.374190 0.031222 0.239402 -0.037661 -0.005757 -0.121024 -0.336666 -0.365423 0.089468 0.143380 -0.202954 -0.038277 -0.262331 -0.351009 -0.176700 0.064117 -0.123965 -0.099817 -0.229864 -0.157405 0.416852 0.483772 0.174368 0.049386 -0.169144 -0.457765 -0.425036 -0.415956 0.180707 -0.211504 0.437461 -0.017312 0.442234 0.188576 0.345995 -0.061678 0.087747 0.281951 0.093540 -0.083001 -0.027600 -0.169154 -0.058111 -0.209043 -0.067824 -0.193394 -0.079073 -0.171632 0.088089 -0.102056 -0.034604 -0.167869 0.044430 -0.094880 0.032676 0.015372 -0.118818 -0.097057 -0.158016 -0.210317 -0.158312 0.037977 -0.132229 -0.336153 -0.231923 -0.175893
0.362052 0.258496 0.347207 0.224536 -0.163291 -0.066813 0.348439 0.223983 -0.075863 -0.086375 1.000000 0.203426 0.619500 0.064075 -0.164525 0.019957 0.052019 -0.289839 0.247456 0.210596 -0.177614 -0.159428 0.149487 0.075300 -0.290483 -0.189755 0.147884 0.092775 -0.223980 -0.198737 -0.164541 -0.222527 0.102862 0.042213 -0.386570 0.029360 -0.239766 -0.161550 -0.046211 -0.139224 -0.141811 -0.093322 -0.307655 -0.346519 -0.163592 -0.263405 -0.365892 -0.231438 0.031514 -0.121857 0.043239 0.032767 0.144825 -0.029999 0.066038 -0.172677 0.158120 0.046415 0.245097 0.083067 0.297825 0.222417 0.163911 0.226805 -0.086389 -0.007983 0.162117 -0.101547 0.102649 0.420059 -0.189447 -0.245565 -0.253070 -0.101805 -0.088805 0.236590 -0.030259 -0.022763 -0.131204 -0.137185 -0.122148 -0.122798 -0.120331 0.067119 -0.126117 0.032451 -0.078546 -0.130945 0.276004 0.243849 0.048574 0.164133 -0.009037 0.021265 0.100259 0.007285 -0.299958 0.011781 -0.098633 -0.147878 0.090760 -0.113882 0.128114 -0.055680 -0.051209 -0.129113 0.005985 -0.087707 -0.010142 0.031692 -0.159569 -0.097917 0.022262 -0.001646 0.039649 -0.030129
0.034098 0.443907 -0.014541 -0.043076 0.036490 -0.033125 0.029935 0.093155 -0.037411 0.063146 0.203426 1.000000 0.390067 0.595873 0.100005 0.045593 0.094669 0.279976 -0.229270 -0.054859 0.108668 0.152848 0.032279 0.146340 0.070045 -0.125606 -0.033463 -0.118542 -0.001519 0.211081 0.412908 0.350032 0.061758 0.159341 -0.170631 0.036186 -0.062743 -0.025391 -0.067406 -0.124407 -0.023917 -0.026097 -0.279954 -0.212983 -0.237330 -0.291544 -0.268200 -0.249055 0.002233 -0.195391 0.019114 -0.016467 -0.088857 -0.064082 -0.130706 -0.179863 -0.015989 0.199249 -0.187403 -0.077533 -0.178023 -0.059279 0.016357 0.212514 -0.159105 0.155408 -0.435634 -0.218701 -0.217852 0.006835 0.137128 0.360119 0.026143 0.287231 0.019819 -0.018272 -0.195562 -0.053306 0.017966 -0.006312 0.071197 0.060544 -0.000934 0.106984 -0.016791 0.019492 -0.055719 -0.097163 -0.186204 -0.072971 -0.145275 -0.277591 -0.293577 -0.344916 -0.027383 -0.023372 0.025789 -0.025478 -0.172432 -0.241225 -0.147595 -0.304196 -0.213129 -0.282605 -0.025426 -0.192376 -0.218571 -0.014039 -0.010245 0.052072 -0.129690 -0.063061 0.235924 0.046132 0.087566 -0.206533
0.163024 0.088425 0.356980 0.186551 -0.000788 0.104602 0.383963 0.263647 0.096277 0.107664 0.619500 0.390067 1.000000 0.521373 0.106959 0.095870 0.114331 0.100159 0.023403 0.005562 0.026334 0.005224 0.182895 0.321717 0.034482 0.011442 0.031948 -0.112566 -0.131580 -0.111211 0.292398 0.199812 -0.103917 -0.150775 -0.260587 0.048326 -0.383668 -0.311583 -0.327103 -0.324438 -0.280551 -0.357633 -0.175803 -0.282112 -0.066641 -0.218584 -0.326251 -0.269298 0.293421 0.010830 0.253623 0.167101 0.005490 -0.112413 -0.187286 -0.348417 -0.073446 -0.151125 0.164810 -0.002240 0.171804 0.174111 0.051803 -0.050990 -0.065612 0.387682 0.080097 -0.003770 -0.030548 0.189726 0.110397 0.160015 -0.222267 -0.056689 -0.218215 -0.149192 -0.450045 -0.351455 -0.154186 -0.351772 -0.033141 -0.166688 -0.152842 -0.129675 -0.083741 -0.134126 -0.164140 -0.219443 -0.010821 -0.055768 0.116713 0.025025 0.031656 -0.001776 -0.057762 -0.257462 -0.317841 -0.192586 -0.195164 -0.367211 0.132367 -0.152335 -0.063288 -0.002348 0.050792 -0.041610 -0.123178 -0.078111 -0.138005 -0.141083 -0.194409 -0.087349 0.089084 -0.038174 -0.014801 -0.254308
-0.180707 -0.007424 -0.097983 0.020472 0.484475 0.467361 -0.155323 0.078864 0.348362 0.463737 0.064075 0.595873 0.521373 1.000000 0.362996 0.352290 0.187860 0.479396 -0.299276 -0.173090 0.245151 0.223974 -0.158080 0.144217 0.490152 0.144072 0.045060 -0.210026 0.089023 0.123661 0.553860 0.452999 -0.399564 -0.284526 -0.271367 -0.097972 -0.382823 -0.264949 -0.396471 -0.236774 -0.258529 -0.194770 -0.069228 -0.167987 -0.124907 -0.186889 -0.206516 -0.249371 0.231288 0.013459 0.260165 0.131820 0.106240 -0.032567 -0.082752 -0.237515 -0.102648 -0.139011 0.080591 0.148365 -0.124179 0.147490 0.007950 -0.019143 -0.149712 0.259128 -0.263272 -0.133607 -0.247095 -0.119850 0.278885 0.489695 -0.028448 0.124809 -0.122299 -0.292778 -0.486701 -0.307835 0.044088 -0.319348 0.195581 -0.052574 -0.105998 -0.113834 -0.036616 -0.198362 -0.175646 -0.032311 -0.119364 -0.118203 -0.124571 -0.182978 -0.084197 -0.157733 -0.172485 -0.224468 -0.175795 -0.265174 -0.188208 -0.230383 0.064366 -0.159873 -0.016192 -0.177051 0.073758 -0.108395 -0.204788 -0.146525 -0.227604 -0.170085 -0.361118 -0.204315 -0.005480 -0.094797 -0.005893 -0.348753
-0.532456 -0.453238 -0.475269 -0.498664 0.549263 0.664195 -0.484369 -0.490525 0.890905 0.829212 -0.164525 0.100005 0.106959 0.362996 1.000000 0.817250 0.498310 0.562721 -0.420989 -0.319476 0.728690 0.688385 -0.320910 -0.129452 0.694038 0.080970 0.261516 -0.021353 0.466403 0.318915 0.433840 0.394960 -0.573347 -0.503614 0.176683 -0.140596 -0.087692 -0.073058 -0.013550 0.076807 -0.040107 0.005806 0.183092 0.145294 -0.043373 -0.073245 0.080594 -0.040155 0.180823 -0.036160 0.372748 -0.005312 0.114167 -0.174171 -0.032466 -0.025215 -0.406843 -0.397171 -0.052257 0.015983 -0.283148 -0.246684 -0.351730 -0.468002 -0.107760 0.065810 -0.273185 -0.163370 -0.375481 -0.380015 0.685703 0.685436 0.302095 0.212885 -0.083371 -0.479866 -0.413293 -0.321198 0.238831 -0.077274 0.518916 0.152244 0.638224 0.286674 0.505690 0.068942 0.225829 0.268348 0.061199 -0.112212 -0.142572 -0.304728 -0.253772 -0.326598 -0.042727 -0.062373 0.040555 -0.045116 0.071148 -0.114487 -0.202559 -0.313337 -0.113416 -0.146287 0.079420 -0.012175 -0.184477 0.011955 0.013301 -0.077440 -0.081637 0.108027 -0.056808 -0.397296 -0.209884 -0.077324
-0.431208 -0.324769 -0.515408 -0.437669 0.512849 0.704475 -0.485707 -0.404738 0.861709 0.857210 0.019957 0.045593 0.095870 0.352290 0.817250 1.000000 0.560424 0.436049 -0.374239 -0.162410 0.575935 0.514549 -0.424777 -0.273186 0.513658 -0.109822 0.277588 -0.000005 0.420243 0.366622 0.319680 0.236148 -0.542320 -0.447002 -0.023290 -0.131251 -0.115612 -0.075442 0.023249 0.117764 -0.016595 0.097436 0.124378 0.066007 -0.145308 -0.141394 0.056552 -0.011892 0.051527 -0.087050 0.244693 -0.059916 0.210265 -0.095925 0.087155 -0.035421 -0.238497 -0.228902 0.020510 0.097507 -0.207212 -0.009385 -0.250165 -0.276908 -0.267515 -0.053614 -0.215010 -0.239132 -0.174171 -0.223720 0.430669 0.460698 0.243382 0.130392 -0.085994 -0.315314 -0.314313 -0.268941 0.311359 -0.098589 0.470407 0.145761 0.520975 0.378725 0.337236 0.031450 0.170189 0.276820 0.202768 0.012194 -0.059165 -0.190719 -0.137664 -0.273000 -0.023761 0.053426 -0.027076 0.042958 0.159768 -0.024921 -0.128636 -0.226278 0.083651 -0.173807 0.053619 -0.019626 -0.079530 -0.117599 0.007552 -0.009684 -0.141385 0.067466 -0.115028 -0.281304 -0.146924 -0.045851
-0.239389 -0.136708 -0.524978 -0.441307 0.087499 0.197353 -0.407785 -0.476144 0.448221 0.408279 0.052019 0.094669 0.114331 0.187860 0.498310 0.560424 1.000000 0.690825 -0.325947 0.009984 0.353605 0.417044 -0.468282 -0.203720 0.199678 -0.325883 -0.216641 -0.406260 0.614042 0.564988 0.292034 0.230175 -0.260582 -0.294789 0.111726 -0.213294 -0.021272 0.036398 0.130749 0.210609 0.001481 0.229528 -0.077532 -0.074285 -0.192981 -0.197793 0.032873 -0.110314 0.046956 -0.162706 0.147422 -0.120568 0.025701 -0.134936 -0.008602 -0.009943 0.008275 -0.034397 -0.080041 -0.104114 -0.212045 -0.118023 0.093594 0.113985 -0.250137 -0.131533 -0.157717 -0.288647 0.011644 -0.328889 0.468335 0.494966 0.359371 0.277619 0.073951 -0.246761 -0.142386 -0.179666 0.538828 0.211493 0.685472 0.422435 0.339601 0.248672 0.071527 0.101253 0.274547 0.325264 -0.024967 0.051705 -0.106745 -0.228599 -0.059010 -0.181187 -0.020292 0.091618 0.095338 0.171353 0.182660 0.025156 -0.020519 -0.251400 -0.030762 -0.255068 -0.109207 -0.115882 0.087346 -0.092137 0.116886 -0.028865 -0.033637 0.095163 0.057604 -0.189245 -0.089738 0.086169
-0.368301 -0.181407 -0.560451 -0.480948 0.303853 0.266234 -0.468140 -0.444932 0.380908 0.409273 -0.289839 0.279976 0.100159 0.479396 0.562721 0.436049 0.690825 1.000000 -0.480619 -0.200472 0.455166 0.531507 -0.512601 -0.213194 0.398030 -0.206350 -0.204746 -0.445613 0.523807 0.661145 0.396007 0.352894 -0.403022 -0.402951 0.178035 -0.236325 0.010569 0.147787 0.073611 0.201361 0.003610 0.155932 0.007016 0.004830 -0.168873 -0.230025 0.035562 -0.168730 0.060390 -0.147421 0.162634 -0.011498 -0.022941 -0.117229 -0.060187 0.020832 -0.123911 -0.083062 -0.221505 -0.050818 -0.312890 -0.136590 -0.091533 0.033602 -0.305085 -0.074153 -0.341905 -0.353369 -0.216501 -0.494313 0.690168 0.824381 0.453704 0.553924 0.102393 -0.301817 -0.181703 -0.087883 0.428332 0.305208 0.589775 0.484947 0.276379 0.137033 0.057863 0.026172 0.163074 0.287613 -0.195516 -0.059069 -0.215106 -0.356149 -0.195082 -0.194064 -0.065637 -0.007368 0.118543 0.039519 -0.004951 -0.099220 -0.031277 -0.169217 -0.089142 -0.230241 -0.010523 -0.020170 -0.036302 0.030009 0.014718 -0.043551 -0.120797 -0.002565 0.042951 -0.092343 -0.014334 0.044530
0.689588 0.324372 0.568384 0.536139 -0.183816 -0.136872 0.517504 0.425459 -0.324405 -0.359393 0.247456 -0.229270 0.023403 -0.299276 -0.420989 -0.374239 -0.325947 -0.480619 1.000000 0.631488 -0.506163 -0.463202 0.402820 0.125224 -0.326529 0.008649 0.148220 0.241511 -0.362214 -0.445787 -0.295671 -0.272073 0.274833 0.220808 -0.391163 -0.263087 -0.288301 -0.423667 -0.372665 -0.471372 -0.159587 -0.238890 0.044902 -0.092490 0.130753 0.098916 -0.152550 -0.100048 0.106457 0.247035 0.069571 0.077099 0.190006 0.260124 -0.066441 -0.384700 0.447754 0.186703 0.352316 0.073299 0.562150 0.253264 0.252563 0.133954 0.304633 0.043587 0.425470 -0.096973 0.554160 0.242141 -0.439950 -0.564988 -0.361105 -0.337021 -0.147029 0.065403 0.070600 -0.142125 -0.296548 -0.157300 -0.248320 -0.226003 -0.320371 -0.215322 -0.140953 -0.262413 -0.156773 -0.234558 0.219611 -0.020441 0.062797 0.197273 0.369652 0.345121 -0.313233 -0.410592 -0.464834 -0.464889 -0.289421 -0.096271 0.305558 0.281052 0.232784 0.091958 -0.184608 -0.240485 0.067437 -0.210359 -0.305335 -0.297390 -0.271996 -0.249248 -0.058574 0.055065 -0.230402 -0.173088
0.554565 0.490952 0.157056 0.249346 -0.262501 -0.167262 0.270465 0.292783 -0.257323 -0.214501 0.210596 -0.054859 0.005562 -0.173090 -0.319476 -0.162410 0.009984 -0.200472 0.631488 1.000000 -0.460969 -0.369452 0.018074 -0.024688 -0.368854 -0.294503 -0.100756 -0.157838 -0.079290 -0.053083 -0.278396 -0.311961 0.249224 0.213023 -0.447282 -0.308971 -0.273965 -0.292779 -0.283270 -0.332720 -0.196760 -0.111139 -0.032885 -0.148191 0.015943 -0.017250 -0.134445 -0.106052 0.040521 0.143386 0.034464 0.047886 0.158281 0.224397 -0.173999 -0.318860 0.436276 0.373556 0.205309 0.130546 0.322478 0.377617 0.416203 0.424492 -0.143282 -0.074482 0.273919 -0.161941 0.715993 0.414298 -0.295345 -0.375655 -0.129301 -0.055365 -0.002939 0.137461 0.111059 -0.036359 0.060627 0.048193 0.011321 -0.011563 -0.146837 -0.124152 -0.251379 -0.149308 -0.037506 -0.274929 -0.000599 -0.068157 0.001944 -0.046192 0.218012 0.107204 -0.076219 -0.202787 -0.327331 -0.187209 -0.052742 -0.119121 0.287767 0.107011 0.253749 -0.128490 -0.300924 -0.150448 0.077973 -0.327956 -0.019685 -0.182855 -0.286619 -0.196341 0.177306 0.110668 -0.249395 -0.069841
-0.365593 -0.297437 -0.341974 -0.401506 0.471922 0.456401 -0.311417 -0.393995 0.630351 0.551086 -0.177614 0.108668 0.026334 0.245151 0.728690 0.575935 0.353605 0.455166 -0.506163 -0.460969 1.000000 0.803442 -0.257335 -0.145462 0.573067 0.041487 0.287514 0.088258 0.210413 0.213430 0.438086 0.401167 -0.440951 -0.410786 0.278393 0.013785 -0.009953 0.024432 0.160041 0.222557 -0.071796 0.045988 0.151753 0.161214 -0.042361 -0.067786 0.081010 -0.075451 0.125910 -0.146862 0.364947 0.031976 0.145738 -0.092374 0.062141 0.070767 -0.231367 -0.253112 -0.030602 -0.000809 -0.310039 -0.299142 -0.456965 -0.385589 -0.218780 -0.108279 -0.267613 -0.108679 -0.507328 -0.421049 0.707536 0.647778 0.175940 0.209269 -0.082516 -0.265314 -0.408532 -0.131156 0.295473 -0.065594 0.418889 0.253678 0.508213 0.308828 0.405132 0.124909 0.195600 0.319387 0.018530 -0.063663 -0.165029 -0.311504 -0.383089 -0.482263 -0.003931 0.187766 0.110077 0.095893 -0.001000 -0.116931 -0.373599 -0.459123 -0.239528 -0.213594 0.013154 -0.071398 -0.178880 0.005602 0.135511 0.183923 -0.038818 0.088125 -0.012698 -0.387253 -0.063614 -0.071105
-0.395085 -0.302631 -0.400491 -0.403674 0.373621 0.368948 -0.353298 -0.434934 0.559475 0.519720 -0.159428 0.152848 0.005224 0.223974 0.688385 0.514549 0.417044 0.531507 -0.463202 -0.369452 0.803442 1.000000 -0.297529 -0.084269 0.535263 0.042593 0.149455 0.005199 0.318894 0.319460 0.412598 0.461342 -0.384223 -0.333686 0.247231 -0.086083 -0.056568 0.045887 0.110412 0.217142 -0.060972 0.041854 0.180099 0.182099 -0.003070 -0.058427 0.141553 -0.030839 0.119605 -0.078206 0.317710 0.028873 0.055721 -0.137101 -0.045040 0.067069 -0.245344 -0.278187 -0.232158 -0.189895 -0.333035 -0.356982 -0.331900 -0.342632 -0.191631 -0.047014 -0.364823 -0.169595 -0.353959 -0.407413 0.727914 0.697556 0.312834 0.279478 0.004218 -0.260036 -0.317557 -0.132476 0.361486 0.087058 0.494944 0.267772 0.524839 0.305738 0.393727 0.198080 0.243979 0.324561 -0.053267 -0.053897 -0.126622 -0.387323 -0.357395 -0.492030 -0.014316 0.150966 0.129998 0.146269 0.018067 -0.160799 -0.278139 -0.468817 -0.202451 -0.214635 0.018111 -0.128586 -0.208930 0.009166 0.147504 0.140938 0.033649 0.076643 -0.001167 -0.332923 -0.067053 -0.030065
0.349878 0.093404 0.745045 0.528176 -0.165599 -0.120548 0.521894 0.365895 -0.344180 -0.344947 0.149487 0.032279 0.182895 -0.158080 -0.320910 -0.424777 -0.468282 -0.512601 0.402820 0.018074 -0.257335 -0.297529 1.000000 0.699618 -0.034221 0.496935 0.319538 0.464313 -0.431448 -0.528482 0.085544 0.082815 0.230785 0.167262 -0.096681 0.122120 -0.176699 -0.357124 -0.191498 -0.403498 -0.198514 -0.437346 -0.147155 -0.212296 0.029290 0.046300 -0.230980 -0.238812 0.077453 0.039838 -0.009958 -0.066297 -0.080808 0.042796 -0.152128 -0.294131 -0.004175 -0.052148 0.043357 -0.174482 0.102233 -0.188797 -0.078728 -0.239817 0.662799 0.283608 0.063511 0.213043 0.072057 0.263046 -0.405077 -0.395208 -0.503175 -0.471852 -0.325270 -0.118481 -0.186049 -0.297453 -0.500132 -0.339653 -0.438150 -0.409284 -0.176779 -0.091981 0.142049 -0.116191 0.036639 -0.136715 0.154465 0.031472 0.174325 0.371375 0.305379 0.348284 -0.141757 -0.326848 -0.323840 -0.376111 -0.301076 -0.146071 0.093685 0.115627 -0.221445 0.070247 -0.109386 -0.083206 0.059735 -0.083908 -0.151545 -0.147464 -0.023828 -0.090511 -0.138893 0.020852 0.106111 -0.148871
0.058745 -0.108908 0.539774 0.442446 -0.067741 -0.004443 0.339798 0.331404 -0.133856 -0.112055 0.075300 0.146340 0.321717 0.144217 -0.129452 -0.273186 -0.203720 -0.213194 0.125224 -0.024688 -0.145462 -0.084269 0.699618 1.000000 0.178481 0.632043 0.038995 0.090460 -0.273692 -0.363143 0.398582 0.441556 0.066048 0.000928 -0.080982 0.227767 -0.366095 -0.403098 -0.375523 -0.463503 -0.350376 -0.451871 -0.106358 -0.170181 0.162890 0.145026 -0.191537 -0.195108 0.278692 0.208998 0.092629 0.092136 -0.189379 -0.017618 -0.308414 -0.308370 -0.236336 -0.340007 -0.054934 -0.243128 -0.132963 -0.248037 -0.058077 -0.294337 0.461447 0.449956 0.000834 0.409969 -0.057579 0.237980 -0.134414 -0.036051 -0.449630 -0.409692 -0.329202 -0.239065 -0.413594 -0.434490 -0.229824 -0.416863 -0.218649 -0.368233 -0.164506 -0.159420 0.019665 -0.014196 -0.099953 -0.086580 -0.146059 -0.137711 0.156667 0.180260 0.231583 0.177411 -0.134084 -0.414838 -0.191151 -0.366439 -0.158614 -0.205770 0.137614 -0.006481 -0.280633 -0.084012 -0.100939 -0.092638 -0.101772 -0.189718 -0.147024 -0.321753 -0.014614 -0.081835 -0.113215 -0.030119 0.075514 -0.198232
-0.420391 -0.507568 -0.218876 -0.150731 0.799288 0.666759 -0.379218 -0.257213 0.686811 0.718700 -0.290483 0.070045 0.034482 0.490152 0.694038 0.513658 0.199678 0.398030 -0.326529 -0.368854 0.573067 0.535263 -0.034221 0.178481 1.000000 0.557554 0.237995 -0.024896 0.247420 0.066598 0.516805 0.485512 -0.565880 -0.480680 0.034892 -0.181152 -0.209932 -0.251626 -0.279563 -0.182449 -0.119787 -0.121344 0.167433 0.064609 0.083250 0.051516 0.004386 -0.198791 0.347863 0.132540 0.457983 0.131380 0.136249 -0.031082 -0.098741 -0.143333 -0.351606 -0.433445 0.028144 0.098012 -0.279760 -0.208351 -0.246213 -0.425646 0.121162 0.064250 -0.222121 -0.041122 -0.355916 -0.351559 0.534092 0.556070 0.080661 -0.009478 -0.215625 -0.521203 -0.491650 -0.356222 0.035691 -0.276126 0.374977 -0.046798 0.285494 0.088142 0.405166 -0.063160 0.050535 0.319610 -0.039714 -0.168569 -0.200628 -0.197689 -0.106054 -0.140924 -0.233585 -0.295752 -0.125738 -0.350578 -0.150732 -0.187878 -0.080971 -0.169067 -0.147594 -0.145541 0.061391 -0.062699 -0.212971 -0.022055 -0.260571 -0.262251 -0.229635 -0.167507 -0.257655 -0.416738 -0.132113 -0.241876
-0.172025 -0.401654 0.303302 0.285354 0.314686 0.330585 0.044907 0.128454 0.115872 0.136692 -0.189755 -0.125606 0.011442 0.144072 0.080970 -0.109822 -0.325883 -0.206350 0.008649 -0.294503 0.041487 0.042593 0.496935 0.632043 0.557554 1.000000 0.158576 0.245878 -0.115195 -0.381552 0.344442 0.405458 -0.183730 -0.157709 0.035555 0.145493 -0.231169 -0.291118 -0.330552 -0.311875 -0.259766 -0.407769 0.067784 -0.014493 0.190130 0.225534 -0.067679 -0.088594 0.188606 0.162626 0.120873 -0.029180 -0.146067 -0.144377 -0.238796 -0.146941 -0.293107 -0.417064 0.063759 -0.056873 -0.164893 -0.309591 -0.134747 -0.500122 0.488187 0.306657 0.017509 0.357514 -0.220429 0.029967 -0.007859 0.042505 -0.251397 -0.357417 -0.209590 -0.225473 -0.294671 -0.238496 -0.259631 -0.344644 -0.114698 -0.336715 -0.031247 -0.161263 0.237859 -0.021274 -0.066942 0.150632 -0.074801 -0.171875 -0.008613 0.124192 0.119297 0.161727 -0.219252 -0.276453 -0.151997 -0.325835 -0.217125 -0.142028 -0.013089 0.036928 -0.185348 0.064856 0.017988 -0.005580 -0.088975 -0.025416 -0.189364 -0.179570 0.016866 -0.203127 -0.326367 -0.219135 0.042943 -0.135945
0.138871 -0.097271 0.208289 0.260818 0.440507 0.552188 0.121521 0.101358 0.272103 0.240096 0.147884 -0.033463 0.031948 0.045060 0.261516 0.277588 -0.216641 -0.204746 0.148220 -0.100756 0.287514 0.149455 0.319538 0.038995 0.237995 0.158576 1.000000 0.729302 -0.173301 -0.284817 -0.110826 -0.153347 -0.321262 -0.323513 -0.228614 -0.212875 -0.208264 -0.334574 -0.014405 -0.099928 -0.191408 -0.304845 0.037274 -0.029168 -0.102028 -0.066931 -0.095242 -0.199344 -0.007424 0.008465 0.239288 0.049698 0.464172 0.085937 0.246593 -0.051770 0.070120 -0.054605 0.331347 0.315549 0.088842 0.019884 -0.243639 -0.289549 0.223268 0.014796 0.009166 -0.230537 -0.119558 -0.053217 -0.047177 -0.110730 -0.188414 -0.166038 -0.319028 -0.119172 -0.206085 -0.280803 -0.342129 -0.260142 -0.100200 -0.167248 0.164835 0.429836 0.304532 0.016436 0.236120 -0.026141 0.648503 0.276651 0.008928 0.051900 0.011002 -0.062233 -0.145977 -0.099713 -0.420551 -0.277064 -0.166757 -0.092480 -0.170825 -0.216710 -0.009787 -0.022236 -0.123396 -0.139084 0.037431 -0.129438 -0.048740 0.029580 -0.395087 -0.219569 -0.098186 -0.319016 -0.225246 -0.242060
0.189305 0.007179 0.344888 0.370293 0.047925 0.251088 0.211141 0.100490 -0.030558 -0.046568 0.092775 -0.118542 -0.112566 -0.210026 -0.021353 -0.000005 -0.406260 -0.445613 0.241511 -0.157838 0.088258 0.005199 0.464313 0.090460 -0.024896 0.245878 0.729302 1.000000 -0.343014 -0.436048 -0.155804 -0.122480 -0.010278 -0.008326 -0.054125 0.002680 -0.064669 -0.184613 0.120780 -0.014874 -0.036796 -0.216747 0.050848 0.009079 -0.018918 0.074811 -0.025431 -0.010475 -0.125680 -0.012064 0.022960 -0.084040 0.207903 0.028647 0.274168 0.048070 0.095433 0.026076 0.164243 0.085824 0.066039 -0.188483 -0.230594 -0.354674 0.316321 0.041511 0.055035 -0.011279 -0.077846 0.059178 -0.309377 -0.304460 -0.302633 -0.262954 -0.245060 -0.013900 -0.007802 -0.096333 -0.410099 -0.201856 -0.281672 -0.266470 0.111901 0.309385 0.244560 0.007708 0.194678 0.052405 0.554980 0.218125 0.046077 0.143029 0.011767 0.027934 -0.142261 -0.031708 -0.200765 -0.212208 -0.128907 -0.067618 -0.191140 -0.047152 -0.075541 0.125139 -0.014101 -0.101685 0.043344 -0.016045 -0.033413 0.171229 -0.078979 -0.144975 -0.205402 -0.127015 -0.054187 -0.103665
-0.466505 -0.392714 -0.609507 -0.565826 0.145293 0.139689 -0.463484 -0.456294 0.356826 0.321838 -0.223980 -0.001519 -0.131580 0.089023 0.466403 0.420243 0.614042 0.523807 -0.362214 -0.079290 0.210413 0.318894 -0.431448 -0.273692 0.247420 -0.115195 -0.173301 -0.343014 1.000000 0.722316 0.129242 0.138114 -0.160243 -0.117566 0.291912 -0.123820 0.281005 0.291133 0.198734 0.278547 0.185461 0.236924 -0.052334 -0.013792 -0.271629 -0.205951 0.089788 -0.015934 -0.238033 -0.271733 -0.183305 -0.348195 -0.221004 -0.327485 -0.166806 0.074971 -0.191191 -0.217366 -0.303122 -0.183752 -0.178016 -0.133830 0.207668 -0.058866 -0.112029 -0.029445 -0.241535 -0.299945 -0.079569 -0.374102 0.442972 0.433893 0.809314 0.458030 0.497584 0.018597 0.272342 0.096902 0.444916 0.451417 0.577633 0.466842 0.473730 0.339002 0.220866 0.257326 0.278352 0.258948 -0.178907 -0.141136 -0.152720 -0.273862 -0.088822 -0.127322 0.063946 0.195921 0.187806 0.249831 0.093879 -0.008865 -0.186079 -0.198296 -0.208520 -0.057497 -0.136619 -0.079990 0.102171 -0.021707 0.183089 0.085365 0.100088 0.170952 0.095792 -0.104430 -0.068963 0.073076
-0.382374 -0.172960 -0.651986 -0.624835 0.012063 -0.014777 -0.483231 -0.454077 0.166727 0.229669 -0.198737 0.211081 -0.111211 0.123661 0.318915 0.366622 0.564988 0.661145 -0.445787 -0.053083 0.213430 0.319460 -0.528482 -0.363143 0.066598 -0.381552 -0.284817 -0.436048 0.722316 1.000000 0.139275 0.135574 -0.069347 -0.026154 0.238538 -0.017846 0.389055 0.482592 0.322761 0.336602 0.257588 0.421415 -0.114941 -0.059556 -0.335215 -0.319852 0.008603 -0.086511 -0.347838 -0.373127 -0.252807 -0.318294 -0.235506 -0.218385 -0.145246 0.077689 -0.151487 -0.023048 -0.464127 -0.251880 -0.234182 -0.082450 0.137251 0.159139 -0.252070 -0.207650 -0.416766 -0.410819 -0.066036 -0.323251 0.425874 0.561361 0.769458 0.794539 0.548426 0.216616 0.336906 0.305607 0.426391 0.575325 0.501243 0.666213 0.435309 0.389197 0.128296 0.329786 0.271817 0.248246 -0.255957 -0.099515 -0.273111 -0.345809 -0.246003 -0.183487 0.155152 0.290227 0.172747 0.312299 -0.016458 -0.069369 -0.200796 -0.146506 -0.266751 -0.225987 -0.144826 -0.031339 -0.053026 0.041902 0.165810 0.223250 0.107217 0.100614 0.118469 0.081118 0.130220 0.231661
-0.323949 -0.157384 -0.093058 -0.208673 0.251922 0.269895 -0.194790 -0.179714 0.369836 0.368666 -0.164541 0.412908 0.292398 0.553860 0.433840 0.319680 0.292034 0.396007 -0.295671 -0.278396 0.438086 0.412598 0.085544 0.398582 0.516805 0.344442 -0.110826 -0.155804 0.129242 0.139275 1.000000 0.925469 -0.101485 -0.064941 0.100798 0.180013 -0.295654 -0.285887 -0.300976 -0.298998 -0.209742 -0.170301 0.055893 0.003917 0.096788 0.086141 -0.074673 -0.099295 0.224351 0.050153 0.245056 -0.012490 -0.208871 -0.227257 -0.298389 -0.343427 -0.266091 -0.273624 -0.137108 -0.251744 -0.279138 -0.324792 -0.138234 -0.279487 0.118168 0.239360 -0.292844 0.120074 -0.348786 -0.257839 0.402614 0.601118 -0.050876 0.047027 -0.094758 -0.346770 -0.557363 -0.331567 0.216328 -0.296441 0.252405 0.042207 0.212314 -0.054063 0.288106 -0.006286 -0.061272 0.168019 -0.327898 -0.405801 -0.226022 -0.289421 -0.232932 -0.297713 -0.258807 -0.160577 0.038488 -0.182278 -0.151224 -0.240867 -0.151145 -0.287870 -0.230074 -0.228343 0.052109 -0.163480 -0.327802 -0.059892 -0.116374 -0.116297 0.027143 -0.123052 -0.135225 -0.195915 0.042673 -0.176514
-0.386310 -0.200612 -0.093294 -0.211998 0.182538 0.199551 -0.224791 -0.198473 0.319077 0.314120 -0.222527 0.350032 0.199812 0.452999 0.394960 0.236148 0.230175 0.352894 -0.272073 -0.311961 0.401167 0.461342 0.082815 0.441556 0.485512 0.405458 -0.153347 -0.122480 0.138114 0.135574 0.925469 1.000000 -0.019954 0.068790 0.218953 0.217148 -0.233247 -0.240087 -0.274565 -0.264402 -0.155659 -0.126053 0.092628 0.050872 0.151221 0.165031 -0.030018 -0.043732 0.163731 0.056762 0.182006 -0.066128 -0.308617 -0.257934 -0.340010 -0.295429 -0.334045 -0.324168 -0.266957 -0.404202 -0.298663 -0.399400 -0.116680 -0.334028 0.180872 0.280985 -0.323529 0.172681 -0.307391 -0.280145 0.399090 0.604821 -0.009559 0.049526 -0.035058 -0.290448 -0.468518 -0.276343 0.238002 -0.214844 0.266078 0.065449 0.230189 -0.039011 0.335838 0.049151 -0.093162 0.196069 -0.373801 -0.454800 -0.240505 -0.312048 -0.243318 -0.309771 -0.245990 -0.106862 0.091639 -0.134886 -0.168699 -0.251666 -0.152913 -0.251934 -0.252519 -0.232349 0.010886 -0.243431 -0.340864 -0.093218 -0.097987 -0.086349 0.124468 -0.091883 -0.143848 -0.149400 0.091077 -0.139193
0.256559 0.369962 0.192595 0.012623 -0.616631 -0.691228 0.253107 0.093273 -0.625964 -0.620447 0.102862 0.061758 -0.103917 -0.399564 -0.573347 -0.542320 -0.260582 -0.403022 0.274833 0.249224 -0.440951 -0.384223 0.230785 0.066048 -0.565880 -0.183730 -0.321262 -0.010278 -0.160243 -0.069347 -0.101485 -0.019954 1.000000 0.842403 0.082410 0.172244 0.200237 0.124176 0.103775 -0.051469 0.201129 0.227320 -0.145205 -0.018493 0.076842 0.084935 -0.089713 0.123579 -0.282186 -0.068575 -0.333287 -0.192272 -0.392689 -0.073474 -0.134597 -0.116474 0.149693 0.269630 -0.263115 -0.373844 0.271759 0.044151 0.329625 0.343078 0.152312 -0.021649 0.050700 0.110014 0.317911 0.260656 -0.379729 -0.365869 0.024089 0.039319 0.289031 0.378986 0.390745 0.334705 -0.095837 0.158844 -0.299126 0.045018 -0.168487 -0.138310 -0.062145 0.145120 -0.177357 -0.237008 -0.270143 -0.249727 -0.197466 -0.026502 -0.121075 0.109299 0.027774 0.098949 0.184825 0.081719 -0.200538 -0.125450 0.000626 0.171766 -0.045266 0.059622 -0.105909 -0.182229 -0.091194 0.042754 -0.016469 0.137246 0.301863 -0.035249 0.153973 0.459376 0.214665 0.172832
0.153414 0.416577 0.126269 -0.003337 -0.535593 -0.626341 0.174013 0.130147 -0.527684 -0.518761 0.042213 0.159341 -0.150775 -0.284526 -0.503614 -0.447002 -0.294789 -0.402951 0.220808 0.213023 -0.410786 -0.333686 0.167262 0.000928 -0.480680 -0.157709 -0.323513 -0.008326 -0.117566 -0.026154 -0.064941 0.068790 0.842403 1.000000 0.090274 0.268586 0.253926 0.149039 0.120520 -0.036964 0.309099 0.303460 -0.135819 -0.041192 0.022133 0.110509 -0.124884 0.154986 -0.375305 -0.158856 -0.405662 -0.319867 -0.391337 -0.103449 -0.200853 -0.128680 0.100258 0.308215 -0.336768 -0.424135 0.225924 0.085862 0.323922 0.296131 0.151270 0.029239 -0.135727 0.088839 0.301615 0.209860 -0.382014 -0.306470 0.041975 0.052364 0.342718 0.420497 0.379996 0.404591 -0.071779 0.175714 -0.211547 0.030982 -0.089315 -0.128244 0.027461 0.048601 -0.122364 -0.220174 -0.234607 -0.247600 -0.199679 -0.054344 -0.134064 0.016957 0.052705 0.229997 0.152890 0.164871 -0.183959 -0.122671 -0.044991 0.098614 -0.076033 -0.048251 -0.176023 -0.305399 -0.066800 -0.091830 0.041600 0.256870 0.333685 0.027185 0.156922 0.401292 0.192776 0.127934
-0.427479 -0.331004 -0.203369 -0.443377 -0.167114 -0.276396 -0.243637 -0.413949 0.041299 -0.115146 -0.386570 -0.170631 -0.260587 -0.271367 0.176683 -0.023290 0.111726 0.178035 -0.391163 -0.447282 0.278393 0.247231 -0.096681 -0.080982 0.034892 0.035555 -0.228614 -0.054125 0.291912 0.238538 0.100798 0.218953 0.082410 0.090274 1.000000 0.428756 0.464275 0.426467 0.387884 0.440456 0.207404 0.191212 0.113170 0.248056 0.115023 0.218687 0.244869 0.212082 -0.178243 -0.136040 -0.211687 -0.174491 -0.494165 -0.284687 -0.102929 0.320837 -0.411722 -0.253664 -0.392747 -0.456761 -0.308261 -0.485794 -0.321520 -0.313897 0.152492 0.038574 -0.200473 0.250118 -0.351830 -0.364617 0.299346 0.301161 0.275777 0.198550 0.221629 0.029167 0.165761 0.248769 0.206870 0.216318 0.110170 0.319358 0.223623 0.038381 0.242345 0.201911 0.052626 0.084920 -0.306699 -0.246813 -0.070005 -0.160737 -0.265266 -0.192328 0.227781 0.402121 0.485452 0.391929 0.128675 0.174152 -0.236145 -0.089282 -0.319432 -0.049272 0.097837 0.101267 -0.028722 0.292177 0.381191 0.298211 0.480254 0.311143 0.005664 0.046811 0.270339 0.416819
-0.248405 -0.203949 0.136518 -0.122237 -0.278924 -0.294437 0.058567 0.073350 -0.151710 -0.179511 0.029360 0.036186 0.048326 -0.097972 -0.140596 -0.131251 -0.213294 -0.236325 -0.263087 -0.308971 0.013785 -0.086083 0.122120 0.227767 -0.181152 0.145493 -0.212875 0.002680 -0.123820 -0.017846 0.180013 0.217148 0.172244 0.268586 0.428756 1.000000 0.167176 0.238969 0.109419 0.065329 0.045585 -0.039547 -0.035317 0.059842 0.186378 0.278189 -0.097264 0.171173 -0.128748 -0.042233 -0.302574 -0.225316 -0.549419 -0.343519 -0.268474 -0.020260 -0.370159 -0.290102 -0.135520 -0.317073 -0.149945 -0.215235 -0.202257 -0.250868 0.116402 0.264396 -0.062849 0.618077 -0.363491 0.189486 -0.109069 0.015184 -0.072012 0.017556 0.222894 0.297560 0.111477 0.293683 -0.010139 -0.102970 -0.249405 -0.070716 0.100087 -0.111294 0.053455 0.091573 -0.114829 -0.125570 -0.278947 -0.265736 0.057004 0.042882 -0.179821 -0.132491 0.254176 0.306404 0.206141 0.330190 0.105013 0.016689 -0.156484 -0.074953 -0.240992 0.029536 0.137245 0.062679 -0.147731 0.141215 0.224584 0.364846 0.489506 0.263956 0.026502 0.070247 0.219902 0.226201
