1.000000 0.123264 -0.426879 -0.547755 -0.165552 -0.205769 -0.361222 -0.365520 -0.110967 -0.125793 0.443345 0.223118 0.452614 0.417321 -0.037422 0.280194 0.561557 0.448337 0.075450 0.423763 -0.137659 -0.278122 -0.590358 -0.654188 -0.425452 -0.583945 -0.319628 -0.291197 0.541238 0.579194 -0.376379 -0.482964 0.211759 0.013899 -0.243030 -0.260321 0.179470 0.124405 -0.123763 -0.075227 0.226356 0.315790 0.301994 0.385457 0.063550 0.097341 0.100077 0.160313 -0.192851 0.104310 -0.467720 -0.098444 0.095744 -0.084167 -0.056248 0.182470 0.771553 0.112772 0.467438 -0.016549 0.486641 0.372824 0.465778 0.213444 -0.529054 -0.340775 -0.087470 -0.448863 0.323002 -0.170517 -0.184047 -0.225727 0.567051 0.226703 0.450323 0.174061 0.342114 0.007182 0.249942 0.047776 0.420622 0.291788 -0.148399 0.294923 -0.135432 -0.191687 -0.237703 -0.168559 -0.104143 -0.159042 -0.173001 -0.126293 -0.268362 0.173557 0.004914 -0.020965 -0.102283 0.227593 0.364761 0.531409 0.018685 0.401986 0.075877 -0.051697 -0.142684 -0.092238 0.020194 -0.086738 0.009648 -0.053068 -0.188818 0.158369 0.187239 -0.167539 0.044300 0.017039
0.123264 1.000000 -0.268922 -0.272512 -0.148045 0.045983 -0.170379 -0.209531 -0.118475 -0.063832 -0.063826 -0.029941 0.067112 -0.075940 -0.063374 0.001260 -0.075341 0.027853 -0.127600 0.038606 0.068632 -0.163340 -0.280027 -0.271940 -0.162536 -0.391571 -0.056241 -0.170049 -0.124146 0.012185 -0.014491 -0.164673 0.366451 0.246523 -0.095125 -0.090649 -0.012779 0.051522 0.028851 -0.028348 0.061964 0.042603 -0.016530 -0.085266 -0.196433 -0.294988 -0.189188 -0.164926 -0.067892 -0.127726 -0.051403 -0.169262 0.250113 -0.221919 0.144023 -0.098692 0.300853 0.711178 0.228910 0.286190 0.225151 0.228389 0.335131 0.275033 -0.276056 -0.142812 0.249417 -0.051886 0.189816 0.289475 -0.145640 -0.156907 0.083082 -0.036546 0.151252 -0.048217 -0.091538 -0.039900 -0.146674 0.273360 0.199216 0.085323 -0.190229 -0.090102 -0.282856 -0.070641 -0.095731 -0.077014 -0.051998 0.167724 -0.113845 -0.108949 -0.139852 -0.070869 -0.057638 0.085200 0.138005 0.019983 0.011406 0.081596 0.006080 0.071571 0.101563 0.106471 0.158671 0.145553 0.030877 0.167661 -0.213975 -0.052891 0.071761 -0.000495 0.059980 -0.085217 -0.128348 -0.106889
-0.426879 -0.268922 1.000000 0.536840 0.136464 -0.021146 0.532329 0.337976 -0.041796 -0.152757 -0.166014 -0.056346 -0.311383 -0.068503 0.045041 -0.194807 -0.409724 -0.146250 0.169226 -0.078495 -0.057771 0.151256 0.603412 0.504586 0.142484 0.359712 0.237626 0.283848 -0.444210 -0.308360 -0.077709 0.074118 -0.232258 -0.122767 0.106470 0.091621 -0.332854 -0.141337 -0.014519 0.067275 -0.298723 -0.175100 -0.146126 -0.127823 -0.065324 -0.034367 0.001079 0.036797 0.248802 0.001378 0.430952 0.072556 -0.011811 0.069153 0.001564 0.031377 -0.524015 -0.314464 -0.128646 -0.215041 -0.205526 -0.365216 -0.571665 -0.416892 0.521572 0.265538 -0.002056 0.249024 -0.008212 -0.043623 0.001322 0.072918 -0.323549 -0.075394 -0.275617 -0.075016 -0.134274 -0.031226 -0.183519 -0.052728 -0.560363 -0.310679 0.002102 -0.281414 0.110607 0.049653 0.156837 -0.022157 0.226654 0.105805 0.105295 0.136546 0.264868 0.035355 0.045457 0.033023 -0.053302 -0.193121 -0.179282 -0.297070 -0.081588 -0.275338 -0.267018 -0.127466 -0.188755 -0.111648 -0.168100 -0.075695 -0.093808 -0.074480 0.118225 -0.094538 -0.153518 -0.065707 -0.105837 -0.069471
-0.547755 -0.272512 0.536840 1.000000 0.052534 0.275853 0.300534 0.584885 -0.119424 0.042781 -0.401278 -0.144955 -0.599206 -0.303399 -0.103026 -0.287025 -0.372285 -0.407933 0.238477 -0.088551 0.070826 0.351636 0.676251 0.760893 0.362375 0.536347 0.447832 0.548736 -0.519853 -0.498939 0.119671 0.371881 -0.292568 -0.198396 0.261510 0.051202 -0.222606 -0.082901 0.099866 0.251948 -0.267130 -0.085743 -0.243631 -0.306441 -0.065232 0.011401 -0.264424 -0.146826 -0.018412 -0.195472 0.442443 0.077362 -0.313365 -0.022333 -0.035305 -0.127090 -0.527712 -0.417178 -0.553598 -0.390826 -0.627289 -0.467617 -0.466853 -0.430356 0.489470 0.578816 -0.240803 0.510493 0.003771 -0.001414 0.038160 0.254303 -0.514189 -0.087878 -0.376123 -0.156824 -0.234585 0.016467 -0.067228 -0.115332 -0.370920 -0.303547 0.111655 -0.093928 0.312654 0.384893 0.329054 0.339266 0.348214 0.299689 0.087731 -0.028891 0.454557 -0.238064 -0.046539 -0.002456 -0.034663 -0.205966 -0.353290 -0.360283 -0.151949 -0.434459 -0.253869 -0.149412 -0.137144 -0.040895 -0.250679 -0.157210 -0.184792 -0.176890 -0.028145 -0.092892 -0.140717 0.064510 -0.049873 -0.025707
-0.165552 -0.148045 0.136464 0.052534 1.000000 0.417569 -0.078698 0.131554 0.661472 0.589214 -0.224420 0.136818 0.024594 0.233890 0.523788 0.128099 -0.108085 0.002184 -0.208537 -0.238875 -0.080594 0.032255 0.201159 0.064721 0.638914 0.193776 0.424734 0.268318 -0.217999 -0.274698 0.124798 -0.109019 -0.269544 -0.039026 -0.029986 0.187446 -0.168354 -0.237709 -0.127803 -0.165439 -0.126653 -0.021350 -0.142815 -0.070564 0.076188 0.202242 -0.050762 -0.040003 0.088148 0.043644 0.117294 0.018754 -0.095710 -0.041706 0.015863 -0.002990 -0.075720 -0.181185 0.010919 0.002184 -0.215090 -0.023932 -0.107142 0.139028 0.033878 0.386008 0.139504 0.196301 -0.157648 -0.013760 0.129867 0.015175 -0.182303 -0.282142 -0.264580 -0.106837 -0.137781 -0.106245 0.084577 -0.045686 -0.001134 -0.289855 0.131937 -0.108585 -0.034722 -0.063450 0.021256 -0.069000 0.046493 0.098031 -0.008281 -0.043219 0.037755 -0.068666 -0.022315 0.027329 -0.042887 -0.027326 -0.074606 -0.049047 0.107919 -0.105527 -0.282832 -0.088648 -0.194912 -0.071466 -0.017740 -0.051567 0.087026 -0.103894 0.034407 -0.111777 -0.136059 -0.062190 -0.046149 -0.023494
-0.205769 0.045983 -0.021146 0.275853 0.417569 1.000000 -0.156124 0.129078 0.082418 0.465231 -0.291889 -0.212345 -0.232771 -0.179181 0.103529 0.017833 -0.150206 -0.157854 -0.034336 -0.242092 0.123688 0.154264 0.322093 0.215426 0.571400 0.203379 0.542963 0.623369 -0.351238 -0.369631 0.358760 0.046929 -0.073625 -0.095864 0.126837 -0.031782 -0.273019 0.061282 0.025354 0.097350 -0.161568 -0.043143 -0.229579 -0.241798 -0.283689 -0.150860 -0.292640 -0.216318 -0.224195 -0.274723 0.185981 -0.176970 -0.291170 -0.179434 -0.006440 -0.039824 -0.055463 0.031061 -0.248111 -0.127536 -0.417768 -0.285064 -0.128739 -0.242957 0.033515 0.456317 -0.000490 0.414191 -0.039952 0.192398 -0.057422 0.085544 -0.310317 -0.195896 -0.087822 -0.213508 -0.071132 0.109661 -0.016911 0.225494 0.007695 -0.212025 0.198641 -0.094955 0.178949 0.238428 -0.027691 0.210427 0.356106 0.367755 -0.058321 0.063137 0.176682 -0.048242 0.012224 0.047547 0.204628 0.082471 -0.012717 0.023093 0.091463 -0.127642 -0.034252 -0.006459 0.030461 -0.022115 0.039195 0.105402 0.076076 0.093984 0.118909 -0.123015 0.025150 0.105397 -0.057699 -0.024199
-0.361222 -0.170379 0.532329 0.300534 -0.078698 -0.156124 1.000000 0.508569 0.044171 -0.034002 -0.049894 -0.089390 -0.021877 -0.214569 -0.050600 -0.056904 -0.514589 -0.283509 0.108737 -0.151422 -0.083718 -0.000383 0.331517 0.274070 0.000831 0.066676 -0.242171 -0.173635 -0.334997 -0.193107 0.318132 0.382149 0.108234 0.042961 -0.072580 -0.006390 -0.147174 -0.155097 0.043511 -0.131031 -0.180171 -0.136245 -0.239890 -0.195458 -0.001799 -0.138365 -0.021042 -0.149710 0.085620 -0.110849 0.251835 0.093177 -0.067060 0.049919 -0.120807 -0.183744 -0.470295 -0.240581 -0.025870 -0.116908 0.063004 -0.189556 -0.388068 -0.328046 0.524177 -0.028812 0.094861 0.133193 -0.038257 -0.033752 0.025988 -0.042826 -0.224748 0.007018 -0.135408 -0.088687 0.010939 -0.090710 -0.213857 -0.166340 -0.387380 -0.140584 0.116957 -0.179031 0.181043 0.097406 0.107973 -0.082500 0.079798 -0.152119 0.003584 0.153869 0.260436 0.099395 -0.256868 -0.143703 -0.188767 -0.226128 -0.171195 -0.219290 0.033213 -0.186863 -0.029918 -0.239331 -0.218060 -0.153865 -0.125257 -0.038631 -0.236101 -0.113665 -0.004445 -0.046954 -0.017171 -0.110491 -0.139679 -0.086626
-0.365520 -0.209531 0.337976 0.584885 0.131554 0.129078 0.508569 1.000000 0.206477 0.248646 -0.200968 0.124897 -0.184477 0.092134 0.027207 0.029213 -0.370652 -0.316433 -0.155232 -0.346270 0.038251 0.124327 0.281403 0.351943 0.240707 0.286092 0.091753 0.151709 -0.409532 -0.271780 0.230181 0.337611 -0.123489 -0.134520 -0.017416 0.026118 -0.099776 -0.013642 0.172985 0.104941 -0.150366 0.056274 -0.362819 -0.392405 -0.165819 -0.137249 -0.288781 -0.305593 -0.119064 -0.313932 0.224675 -0.049025 -0.216211 -0.175680 -0.113784 -0.297249 -0.378397 -0.429639 -0.205037 -0.260038 -0.235786 0.050382 -0.418489 -0.222968 0.337270 0.492359 -0.037728 0.299408 -0.066800 -0.039909 0.096417 0.127585 -0.333300 -0.049878 -0.385283 -0.117958 -0.110806 -0.100307 0.009215 -0.150618 -0.213486 -0.177740 0.020304 -0.068699 0.292328 0.298136 0.142654 0.156299 0.240853 0.063580 0.099068 -0.069692 0.622971 -0.016778 -0.316136 -0.192864 -0.129877 -0.180679 -0.409922 -0.297425 -0.028548 -0.315766 -0.034500 -0.278157 -0.237326 -0.158914 -0.084788 -0.096696 -0.202557 -0.279108 -0.094512 -0.166002 -0.104593 0.016625 -0.034669 -0.047837
-0.110967 -0.118475 -0.041796 -0.119424 0.661472 0.082418 0.044171 0.206477 1.000000 0.739878 -0.160341 0.211423 0.115424 0.293204 0.765568 0.397856 0.001325 0.006369 -0.185499 -0.291355 -0.148411 -0.142907 -0.046436 -0.143636 0.339215 -0.037499 -0.062126 -0.084185 0.000122 -0.184943 0.239981 -0.065442 -0.154937 -0.129106 -0.172523 0.052767 0.045876 -0.401065 -0.211578 -0.391549 -0.094279 -0.213419 -0.130898 -0.115957 0.121974 0.139501 0.019696 -0.226700 0.092712 0.028024 0.109372 0.116021 -0.076729 -0.011114 -0.074478 -0.199384 -0.042513 -0.065371 0.138989 0.093651 -0.010957 0.234270 -0.060625 0.371463 0.151849 0.291035 0.129621 -0.121377 -0.096139 -0.010042 0.116579 -0.123564 -0.032603 -0.218726 -0.142136 -0.102693 -0.115981 -0.283045 0.185070 -0.017415 0.229411 -0.095812 0.079861 -0.156508 0.008937 -0.007481 -0.104335 -0.178912 -0.153757 -0.176264 -0.133067 -0.270357 -0.081231 -0.102404 -0.108872 -0.117079 -0.102542 -0.080378 -0.173373 -0.202449 0.037294 -0.194128 -0.171941 -0.171525 -0.145157 -0.040805 0.049734 -0.045469 0.034103 -0.106418 -0.162109 -0.087312 -0.072306 -0.159644 -0.085376 -0.054198
-0.125793 -0.063832 -0.152757 0.042781 0.589214 0.465231 -0.034002 0.248646 0.739878 1.000000 -0.202923 0.038721 0.008598 0.098503 0.584229 0.379266 -0.000491 -0.058746 -0.120748 -0.308695 -0.122789 -0.065086 0.078652 -0.064596 0.526908 0.012361 0.139876 0.196718 -0.087789 -0.249611 0.493843 0.043485 -0.120993 -0.189182 -0.076573 -0.017126 0.010958 -0.176266 -0.161022 -0.222431 -0.025309 -0.161631 -0.250250 -0.292516 -0.027285 -0.015776 -0.141560 -0.289152 -0.103492 -0.156975 0.123641 -0.049661 -0.315352 -0.170333 -0.079349 -0.228023 -0.051239 -0.085950 -0.100206 -0.071353 -0.216049 -0.011864 0.000994 0.148583 0.059805 0.427505 0.024077 0.127927 -0.117732 -0.017535 0.035817 -0.097635 -0.100874 -0.229468 -0.129323 -0.146465 -0.091245 -0.144859 0.085278 0.037600 0.217766 -0.016083 0.149790 -0.099034 0.164657 0.174763 -0.112599 0.016417 0.029425 0.014289 -0.145991 -0.311485 0.048463 -0.134253 -0.123795 -0.046058 0.046831 -0.000789 -0.164355 -0.167364 0.014392 -0.248956 -0.195118 -0.209426 -0.140971 -0.054153 0.001062 -0.058247 0.030036 -0.073024 -0.024291 -0.102799 -0.083773 -0.057691 0.007462 0.069698
0.443345 -0.063826 -0.166014 -0.401278 -0.224420 -0.291889 -0.049894 -0.200968 -0.160341 -0.202923 1.000000 0.355191 0.702285 0.322386 0.051080 0.131652 0.514633 0.246608 -0.080001 0.132769 -0.280971 -0.228317 -0.308287 -0.290704 -0.461934 -0.358975 -0.312892 -0.271463 0.512160 0.475230 -0.310392 -0.178877 0.199262 0.078906 -0.164972 -0.063576 -0.000137 0.046774 -0.137254 -0.087717 0.015184 0.068573 0.168513 0.262506 0.211456 0.071814 0.204447 0.061707 0.062314 0.171056 -0.333721 -0.095651 0.166637 0.052877 -0.163263 0.049729 0.273856 -0.010008 0.279916 -0.033105 0.389235 0.151293 0.291742 0.033214 -0.167384 -0.448676 0.043744 -0.254677 -0.006517 -0.096866 -0.145771 -0.346983 0.319565 0.007747 0.164596 0.021787 0.039785 -0.222720 0.013500 -0.006414 0.044562 0.204325 0.103264 0.365012 0.202313 0.015236 -0.139846 -0.079569 -0.091208 -0.089019 0.028594 0.004702 -0.166417 0.279330 -0.025905 -0.152543 -0.145304 0.078427 0.062741 0.188462 -0.119608 0.144670 0.124800 -0.115240 0.059090 -0.154428 -0.001612 0.004316 0.159036 0.067084 -0.163755 0.058023 0.268204 -0.116991 0.112699 -0.057515
0.223118 -0.029941 -0.056346 -0.144955 0.136818 -0.212345 -0.089390 0.124897 0.211423 0.038721 0.355191 1.000000 0.439464 0.744377 0.260442 0.276209 0.217656 0.262766 -0.115544 -0.000173 -0.241661 -0.197021 -0.273135 -0.081440 -0.247923 -0.150331 -0.184838 -0.101148 0.319398 0.425572 -0.295295 -0.114306 -0.104593 -0.035077 -0.119304 -0.066940 0.015933 -0.277399 -0.153410 -0.142021 0.054343 0.034556 -0.072618 -0.002044 0.225752 0.094817 -0.011863 -0.227054 0.151647 0.110298 -0.096125 0.112432 0.153823 0.057550 -0.009374 -0.033463 0.040810 -0.238578 0.212254 0.000419 0.208314 0.475411 -0.008527 0.253832 -0.092292 0.120767 0.050825 -0.294048 -0.056790 -0.202654 -0.060826 -0.089929 0.344951 0.103625 -0.081102 0.125361 0.052675 -0.257119 0.284136 -0.039454 0.128794 0.029841 0.022259 0.200373 0.075205 -0.007906 -0.043276 -0.058079 -0.158213 -0.063647 -0.012967 -0.084349 -0.011222 0.106557 0.050784 -0.091843 -0.293329 -0.143672 -0.069605 0.069403 0.082383 -0.083495 -0.021643 -0.264159 -0.065621 -0.301072 0.057749 -0.074610 0.009296 -0.179842 -0.291034 -0.231951 0.144200 -0.104582 0.021975 -0.120016
0.452614 0.067112 -0.311383 -0.599206 0.024594 -0.232771 -0.021877 -0.184477 0.115424 0.008598 0.702285 0.439464 1.000000 0.479613 0.239410 0.422884 0.425718 0.253981 -0.287457 0.074866 -0.227200 -0.345084 -0.553012 -0.506478 -0.344046 -0.522355 -0.388139 -0.412075 0.495533 0.467055 -0.161285 -0.243033 0.139707 0.160149 -0.398542 0.012004 0.120681 -0.093827 -0.190754 -0.215561 0.106355 0.048601 0.104077 0.210188 0.167312 0.010050 0.106813 -0.037907 0.096998 0.113452 -0.406544 -0.110060 0.234374 -0.029412 -0.068735 -0.030759 0.309905 0.096795 0.487998 0.116277 0.523653 0.384450 0.349598 0.316150 -0.314474 -0.423749 0.119207 -0.371004 -0.081983 -0.088143 0.008132 -0.254404 0.471750 0.049741 0.209734 0.093380 0.165860 -0.195038 0.149295 -0.004242 0.221828 0.177519 -0.041469 0.331668 -0.062330 -0.171313 -0.208629 -0.189175 -0.154477 -0.095113 -0.101405 0.041274 -0.173135 0.277749 0.000280 -0.042607 -0.223269 0.102976 0.179747 0.254369 0.121308 0.176441 0.172323 -0.066586 0.018733 -0.127401 0.002835 0.012893 0.114007 0.000830 -0.109468 0.028902 0.238625 -0.190820 0.038195 -0.090182
0.417321 -0.075940 -0.068503 -0.303399 0.233890 -0.179181 -0.214569 0.092134 0.293204 0.098503 0.322386 0.744377 0.479613 1.000000 0.361605 0.480727 0.268697 0.435027 -0.188539 0.091838 -0.144283 -0.240271 -0.459702 -0.394515 -0.286933 -0.248100 -0.173451 -0.169435 0.438020 0.491223 -0.459129 -0.389100 -0.146723 -0.090615 -0.115985 -0.009394 0.097416 -0.145809 -0.153282 -0.146969 0.177244 0.119948 0.044093 0.150557 0.153272 0.101737 0.009529 -0.079168 0.030077 0.081459 -0.319057 -0.020759 0.080568 -0.071806 -0.012811 -0.001160 0.257903 -0.219081 0.381822 0.023505 0.326494 0.572130 -0.031366 0.281433 -0.343788 0.081495 0.101060 -0.445810 0.070773 -0.108700 -0.012337 -0.085568 0.472027 0.038893 -0.060109 0.083814 0.143503 -0.153008 0.308587 0.056995 0.181895 0.097122 -0.158662 0.189256 -0.066761 -0.159217 -0.173943 -0.218887 -0.189263 -0.100534 0.006913 -0.079235 0.049618 0.132445 0.044739 -0.018573 -0.206053 0.004436 0.043647 0.186249 0.161799 0.012222 -0.049526 -0.252638 -0.172473 -0.236849 0.086512 -0.062059 0.092556 -0.198254 -0.264775 -0.185682 0.047965 -0.128431 0.070232 -0.065113
-0.037422 -0.063374 0.045041 -0.103026 0.523788 0.103529 -0.050600 0.027207 0.765568 0.584229 0.051080 0.260442 0.239410 0.361605 1.000000 0.566311 0.055408 0.194455 -0.140388 -0.293623 -0.243886 -0.210834 -0.094096 -0.157184 0.154622 -0.110937 0.023341 0.027719 0.106768 -0.016253 -0.006473 -0.240102 -0.173502 -0.163055 -0.120118 0.013438 -0.022717 -0.397778 -0.346523 -0.390930 -0.015126 -0.328005 -0.084270 -0.083901 0.160906 0.065323 0.086398 -0.286203 0.269653 0.079644 0.073902 0.195021 0.045631 0.028810 -0.072655 -0.164008 0.002030 -0.023146 0.204244 0.139514 0.080503 0.154245 -0.059874 0.329805 0.033018 0.173507 0.162040 -0.247365 -0.085987 -0.008651 0.033732 -0.172223 0.106557 -0.104308 -0.035569 -0.156119 -0.048623 -0.171162 0.092039 0.159931 0.117421 -0.067355 0.230330 -0.003556 0.044028 -0.033255 -0.184438 -0.251013 -0.100855 -0.003494 -0.127507 -0.232204 -0.164510 -0.093234 0.036112 -0.132167 -0.173367 -0.071770 -0.151140 -0.167616 -0.004738 -0.248742 -0.165289 -0.197805 -0.017239 -0.109656 0.064769 0.103085 0.029136 -0.060149 -0.193890 -0.130570 0.018671 -0.238846 -0.123201 -0.087432
0.280194 0.001260 -0.194807 -0.287025 0.128099 0.017833 -0.056904 0.029213 0.397856 0.379266 0.131652 0.276209 0.422884 0.480727 0.566311 1.000000 0.092993 0.288628 -0.258548 -0.062722 -0.025028 -0.203523 -0.435039 -0.488582 -0.171381 -0.451276 -0.305629 -0.231111 0.277607 0.394423 -0.052420 -0.373990 -0.054996 -0.230435 -0.307447 -0.142312 0.127804 -0.080282 -0.194005 -0.246373 0.149259 -0.096828 0.083245 0.049284 0.006788 -0.126382 0.110510 -0.126603 -0.036352 -0.081635 -0.255891 0.089496 -0.043302 -0.038111 -0.120151 -0.119381 0.132106 -0.000035 0.354224 0.063988 0.282208 0.434396 -0.008950 0.219466 -0.251389 -0.100208 0.005949 -0.539178 -0.072647 -0.061454 0.080305 -0.013590 0.442486 0.192514 0.117467 -0.023460 0.374775 0.176747 0.104841 0.228811 0.244712 0.280224 0.082437 0.268313 0.032360 -0.077749 -0.356646 -0.319915 -0.100208 -0.109476 -0.061110 -0.073804 -0.087565 -0.054527 -0.034465 -0.040573 -0.167805 0.133350 0.135385 0.012854 0.138895 -0.073607 0.087092 -0.251689 -0.085079 -0.226987 0.214715 0.055961 0.028228 0.032809 -0.086024 -0.107451 0.134870 -0.252204 0.053341 0.046527
0.561557 -0.075341 -0.409724 -0.372285 -0.108085 -0.150206 -0.514589 -0.370652 0.001325 -0.000491 0.514633 0.217656 0.425718 0.268697 0.055408 0.092993 1.000000 0.433257 0.079159 0.364303 -0.139157 -0.153214 -0.412872 -0.396275 -0.276393 -0.331861 -0.141173 -0.084492 0.719718 0.439365 -0.281610 -0.324426 0.072721 -0.092174 -0.064396 -0.166220 0.218837 -0.020289 -0.142859 0.016372 0.027128 0.072751 0.082696 0.146946 0.151844 0.093026 -0.064576 -0.039563 -0.016692 0.119554 -0.238199 -0.218737 0.059040 -0.152451 0.021422 0.060340 0.486864 0.104218 0.050948 -0.148249 0.147179 0.104301 0.541781 0.288678 -0.252066 -0.172067 -0.207794 -0.313283 0.243002 -0.135218 -0.101382 -0.229476 0.502208 0.118778 0.387310 0.167165 0.138961 -0.237168 0.392518 0.150773 0.563955 0.368968 -0.073006 0.284803 -0.000005 -0.083771 -0.088440 0.003362 -0.150812 0.001898 -0.201377 -0.197316 -0.306726 0.232107 0.103975 0.008595 -0.038317 0.153460 0.185452 0.312206 -0.039654 0.277732 -0.001655 0.103274 0.119209 0.071390 -0.089995 -0.125914 0.182779 0.086411 -0.216908 0.141212 0.209924 -0.051291 0.133156 -0.070095
0.448337 0.027853 -0.146250 -0.407933 0.002184 -0.157854 -0.283509 -0.316433 0.006369 -0.058746 0.246608 0.262766 0.253981 0.435027 0.194455 0.288628 0.433257 1.000000 -0.016341 0.260846 -0.080532 -0.160477 -0.434089 -0.465390 -0.328822 -0.254111 -0.171087 -0.150558 0.493573 0.675774 -0.384886 -0.500285 0.006661 -0.156917 0.055767 -0.056424 -0.107550 -0.062993 -0.248234 -0.135701 0.120196 -0.031500 0.110541 0.131462 0.173648 -0.024967 0.021455 -0.090791 0.134715 0.113534 -0.119822 -0.016687 0.181878 -0.091154 -0.038513 0.040578 0.470915 0.187282 0.311369 0.144085 0.339075 0.198234 0.199300 0.308080 -0.404990 -0.266776 0.074023 -0.457475 0.192263 -0.212599 -0.108224 -0.183935 0.637169 0.221975 0.206696 -0.007828 0.420091 0.030323 0.205909 0.448831 0.328670 0.461027 -0.202537 0.077710 -0.133342 -0.343778 -0.217210 -0.319732 -0.300329 -0.083054 0.025092 0.048464 -0.147551 0.246007 -0.011631 -0.034084 -0.068286 0.095891 0.198086 0.345109 0.213089 0.207189 0.033085 -0.173881 -0.084578 -0.283376 0.269193 0.096160 0.048046 -0.001162 -0.138212 -0.105386 0.134615 -0.059449 0.234905 0.006616
0.075450 -0.127600 0.169226 0.238477 -0.208537 -0.034336 0.108737 -0.155232 -0.185499 -0.120748 -0.080001 -0.115544 -0.287457 -0.188539 -0.140388 -0.258548 0.079159 -0.016341 1.000000 0.491055 -0.001653 0.066641 0.255317 0.181608 -0.056872 0.098643 0.033212 0.102745 0.098795 -0.014733 -0.013762 0.123809 0.034507 -0.129800 0.170033 -0.143488 0.065374 -0.037605 -0.023390 0.031774 0.072756 0.037698 -0.033981 -0.027389 0.033946 0.046121 -0.061506 0.016042 -0.068423 0.042895 0.073073 0.002838 -0.102259 -0.053389 -0.017133 0.031161 -0.068654 -0.101285 -0.224561 -0.168701 -0.147097 -0.362642 -0.131541 -0.272433 0.156647 0.009151 -0.106574 0.034020 0.406357 -0.057795 -0.070939 0.033668 0.086357 0.204794 0.148602 0.156916 0.060955 -0.035517 -0.010606 -0.055764 -0.146206 0.025630 0.118674 -0.154883 0.108017 0.001258 0.119431 0.094005 0.028389 -0.013723 -0.273815 -0.140973 -0.063330 -0.027652 0.000504 -0.006232 -0.067857 -0.211931 0.085712 0.060938 0.020153 -0.128531 -0.230742 -0.057468 -0.082156 0.029034 -0.271946 -0.116504 -0.045436 -0.063093 -0.063833 0.094896 0.044671 -0.075866 -0.100417 -0.104208
0.423763 0.038606 -0.078495 -0.088551 -0.238875 -0.242092 -0.151422 -0.346270 -0.291355 -0.308695 0.132769 -0.000173 0.074866 0.091838 -0.293623 -0.062722 0.364303 0.260846 0.491055 1.000000 0.157543 0.080001 -0.193324 -0.220969 -0.334739 -0.278769 -0.131521 -0.139573 0.352523 0.308530 -0.309083 -0.272311 0.011108 -0.124065 0.012669 -0.110058 0.058211 0.052808 -0.037217 0.146003 0.123064 0.159885 0.275287 0.324520 0.022422 0.042174 0.037194 0.389024 -0.168925 0.063746 -0.207740 -0.064002 -0.133049 -0.028942 -0.000554 0.112166 0.202471 0.058781 0.027174 -0.219419 0.089524 -0.074018 0.098222 -0.112211 -0.278559 -0.253504 -0.285067 -0.219920 0.515495 0.117475 0.043194 0.078834 0.357683 0.206565 0.242494 0.103322 0.210405 0.110290 0.126168 0.048283 0.081514 0.251813 -0.134679 0.078647 -0.064578 -0.086881 0.123661 0.014308 -0.086263 -0.175417 -0.088265 -0.104677 -0.158239 -0.033972 0.009545 0.209052 0.026481 0.057902 0.216111 0.183205 0.006846 0.082182 -0.278549 0.022403 -0.176412 0.016193 -0.114737 -0.166528 -0.030026 -0.058909 0.056600 0.148230 -0.030687 -0.089539 0.117672 -0.005205
-0.137659 0.068632 -0.057771 0.070826 -0.080594 0.123688 -0.083718 0.038251 -0.148411 -0.122789 -0.280971 -0.241661 -0.227200 -0.144283 -0.243886 -0.025028 -0.139157 -0.080532 -0.001653 0.157543 1.000000 0.607109 0.083047 -0.011222 0.165899 0.060165 0.197598 -0.002670 -0.087206 -0.105045 0.145445 0.049203 0.031279 0.034571 -0.131476 -0.068650 -0.045572 0.205737 0.187796 0.369346 0.351099 0.153430 0.057720 -0.017281 -0.165192 -0.098182 -0.066324 0.178055 -0.159071 -0.137009 0.040117 -0.087088 -0.191869 0.042628 0.057146 0.125612 -0.109736 0.033261 -0.299261 -0.157977 -0.182950 0.005099 -0.036363 -0.014567 -0.142517 -0.027111 -0.288681 -0.002649 -0.064176 -0.085095 0.395506 0.384160 0.033180 -0.018492 0.080359 0.022731 0.202274 0.299265 -0.115571 0.167514 -0.017077 0.081629 -0.090147 -0.248842 -0.138362 -0.123480 0.110391 0.090914 -0.041770 -0.039506 -0.050280 0.061804 0.038068 -0.075779 0.099328 0.353849 0.195925 0.230511 0.072944 -0.055851 0.117808 0.086278 -0.043064 0.019310 -0.027338 0.091593 -0.035253 -0.044343 0.031259 0.023917 0.353641 0.188104 -0.207515 0.043317 0.135352 0.085198
-0.278122 -0.163340 0.151256 0.351636 0.032255 0.154264 -0.000383 0.124327 -0.142907 -0.065086 -0.228317 -0.197021 -0.345084 -0.240271 -0.210834 -0.203523 -0.153214 -0.160477 0.066641 0.080001 0.607109 1.000000 0.399408 0.346658 0.325085 0.427603 0.363752 0.261371 -0.204186 -0.287667 0.168431 0.273179 -0.100707 -0.017677 -0.001548 -0.008609 -0.175693 0.169732 0.123849 0.385024 0.146921 0.113561 0.085142 -0.014658 0.125696 0.193973 0.006014 0.085185 0.105102 0.024464 0.261488 0.102175 -0.221649 0.128056 0.042956 0.259682 -0.299857 -0.192861 -0.465874 -0.322482 -0.418431 -0.264680 -0.136399 -0.115405 0.108257 0.166476 -0.336104 0.111375 -0.064597 -0.137098 0.388851 0.392639 -0.167904 -0.040913 -0.101473 -0.083508 0.041182 0.078664 -0.106703 0.062273 -0.129364 -0.044174 0.043140 -0.281252 0.123922 -0.041614 0.255791 0.100077 0.048957 0.023504 0.090349 0.114040 0.080070 -0.070555 0.080007 0.244697 0.164836 0.122122 0.021063 -0.129674 0.031824 -0.105910 -0.213102 -0.237326 -0.210366 -0.100632 -0.102998 -0.189833 0.047621 0.047018 0.201178 0.052318 -0.229033 0.015429 0.146920 0.132283
-0.590358 -0.280027 0.603412 0.676251 0.201159 0.322093 0.331517 0.281403 -0.046436 0.078652 -0.308287 -0.273135 -0.553012 -0.459702 -0.094096 -0.435039 -0.412872 -0.434089 0.255317 -0.193324 0.083047 0.399408 1.000000 0.823521 0.534532 0.555000 0.533252 0.541112 -0.579244 -0.623540 0.336658 0.416019 -0.202717 -0.053422 0.226742 0.142227 -0.463253 -0.087161 0.042506 0.179619 -0.325533 -0.162884 -0.146038 -0.194195 -0.040926 0.142278 -0.013008 0.039138 0.073426 0.037594 0.515732 0.114555 -0.263798 0.144005 -0.060948 0.068281 -0.586910 -0.372194 -0.532501 -0.389703 -0.591472 -0.597671 -0.405394 -0.560736 0.585841 0.398053 -0.229964 0.578447 -0.148810 -0.126523 0.056330 0.130209 -0.660980 -0.200482 -0.321154 -0.164442 -0.298386 -0.001451 -0.360714 -0.148963 -0.522667 -0.419436 0.321815 -0.271006 0.401755 0.261432 0.297252 0.243346 0.350154 0.140836 0.105244 0.090445 0.217680 -0.149381 0.018182 -0.045770 0.081050 -0.166792 -0.270806 -0.414352 -0.241973 -0.325438 -0.323770 -0.083555 -0.126646 0.017700 -0.278946 -0.094148 -0.067848 -0.050837 0.206770 -0.035587 -0.142658 0.125982 -0.055289 0.040459
-0.654188 -0.271940 0.504586 0.760893 0.064721 0.215426 0.274070 0.351943 -0.143636 -0.064596 -0.290704 -0.081440 -0.506478 -0.394515 -0.157184 -0.488582 -0.396275 -0.465390 0.181608 -0.220969 -0.011222 0.346658 0.823521 1.000000 0.345968 0.668194 0.494952 0.560386 -0.526365 -0.530660 0.180062 0.540623 -0.231182 0.002592 0.319179 0.250860 -0.361994 -0.112882 0.094345 0.172155 -0.327038 -0.148539 -0.238315 -0.310246 -0.013347 0.084707 -0.125660 -0.104097 0.093371 -0.023487 0.453733 0.133311 -0.183556 0.156778 0.016954 0.005872 -0.596117 -0.384797 -0.544955 -0.323234 -0.555511 -0.489074 -0.428954 -0.460608 0.619946 0.436999 -0.185082 0.557059 -0.152827 -0.089205 -0.014236 0.180013 -0.656365 -0.082288 -0.378925 -0.100488 -0.395530 -0.082955 -0.242384 -0.219817 -0.523449 -0.463949 0.287341 -0.108493 0.401938 0.310245 0.405801 0.291447 0.298651 0.217714 0.159148 0.169737 0.278696 -0.176273 0.039796 -0.059829 0.019398 -0.225587 -0.298794 -0.378762 -0.228962 -0.355402 -0.153305 -0.032573 0.036199 0.010513 -0.215063 -0.050748 -0.086417 -0.116434 0.053263 -0.076313 -0.055737 0.157664 -0.046850 -0.101786
-0.425452 -0.162536 0.142484 0.362375 0.638914 0.571400 0.000831 0.240707 0.339215 0.526908 -0.461934 -0.247923 -0.344046 -0.286933 0.154622 -0.171381 -0.276393 -0.328822 -0.056872 -0.334739 0.165899 0.325085 0.534532 0.345968 1.000000 0.472892 0.527208 0.459671 -0.462355 -0.631041 0.572652 0.306429 -0.169395 0.029977 -0.061091 -0.004145 -0.210734 -0.046964 0.091865 0.146744 -0.096236 -0.008638 -0.187993 -0.225738 -0.039555 0.137477 -0.178689 -0.050695 0.029707 -0.132199 0.354069 -0.072543 -0.295457 -0.057805 0.019158 -0.041906 -0.238650 -0.170807 -0.415336 -0.184962 -0.512920 -0.371188 -0.073812 -0.018602 0.195501 0.433835 -0.087380 0.475853 -0.289124 -0.045951 0.178664 0.156260 -0.455714 -0.308067 -0.299927 -0.200494 -0.241941 -0.020229 -0.070529 -0.106443 -0.053925 -0.317269 0.116104 -0.197461 0.028257 0.115412 0.149858 0.226782 0.213698 0.215378 0.000111 -0.039502 0.150028 -0.220628 0.053134 0.093608 0.146748 -0.003901 -0.135361 -0.194589 0.038655 -0.155920 -0.210967 -0.034382 -0.084922 0.042899 -0.157168 -0.087647 0.063239 0.009497 0.201350 -0.043622 -0.248555 0.079582 -0.021273 0.086315
-0.583945 -0.391571 0.359712 0.536347 0.193776 0.203379 0.066676 0.286092 -0.037499 0.012361 -0.358975 -0.150331 -0.522355 -0.248100 -0.110937 -0.451276 -0.331861 -0.254111 0.098643 -0.278769 0.060165 0.427603 0.555000 0.668194 0.472892 1.000000 0.506695 0.466798 -0.318019 -0.414564 0.177269 0.562170 -0.285762 0.054021 0.365815 0.302323 -0.131555 0.024261 0.033081 0.153729 -0.122873 -0.104737 -0.194833 -0.224485 0.082144 0.196161 -0.105640 -0.027769 0.144011 0.008707 0.299528 0.132746 -0.113308 0.099708 -0.010168 0.097371 -0.456649 -0.366934 -0.527321 -0.184933 -0.487490 -0.355005 -0.404672 -0.186733 0.396296 0.398000 -0.044211 0.425155 -0.140456 0.002388 0.156319 0.317611 -0.416918 -0.197072 -0.396680 -0.003237 -0.284471 -0.042585 -0.046060 -0.104729 -0.345757 -0.249011 0.088545 -0.228094 0.132408 0.008833 0.151575 0.165876 0.040980 0.060633 0.164822 0.124419 0.250030 -0.027310 0.176478 -0.055544 0.193282 -0.082734 -0.104160 -0.223200 0.038266 -0.203551 -0.104629 -0.065921 -0.035999 -0.056709 -0.046871 -0.151745 0.059153 0.076379 0.120988 -0.160103 -0.146709 0.257099 0.017229 -0.025416
-0.319628 -0.056241 0.237626 0.447832 0.424734 0.542963 -0.242171 0.091753 -0.062126 0.139876 -0.312892 -0.184838 -0.388139 -0.173451 0.023341 -0.305629 -0.141173 -0.171087 0.033212 -0.131521 0.197598 0.363752 0.533252 0.494952 0.527208 0.506695 1.000000 0.670904 -0.384474 -0.453122 -0.002366 0.025426 -0.330871 -0.112355 0.231706 0.225783 -0.291585 0.112243 0.097195 0.222412 -0.094418 -0.029311 -0.099477 -0.147337 -0.114847 0.089362 -0.192862 0.066234 -0.018425 -0.064030 0.227391 -0.131169 -0.188960 -0.106897 -0.003385 0.070195 -0.203170 -0.167287 -0.425092 -0.243738 -0.529930 -0.378228 -0.217155 -0.244929 0.049499 0.451901 -0.091099 0.525849 -0.055346 -0.006561 0.127268 0.264792 -0.377991 -0.206816 -0.198638 -0.019539 -0.279488 0.024461 -0.190938 -0.007201 -0.283490 -0.300670 0.067537 -0.177480 0.120168 0.137872 0.113129 0.181393 0.326294 0.341539 0.146077 0.087086 0.196947 -0.157867 0.068369 0.051068 0.168773 -0.024765 -0.157720 -0.156339 -0.164359 -0.178460 -0.212506 0.127703 0.036384 0.151172 -0.125012 -0.043250 0.057280 -0.106976 0.235040 0.008128 -0.142434 0.133114 0.124720 0.058351
-0.291197 -0.170049 0.283848 0.548736 0.268318 0.623369 -0.173635 0.151709 -0.084185 0.196718 -0.271463 -0.101148 -0.412075 -0.169435 0.027719 -0.231111 -0.084492 -0.150558 0.102745 -0.139573 -0.002670 0.261371 0.541112 0.560386 0.459671 0.466798 0.670904 1.000000 -0.360667 -0.400356 0.089285 0.146512 -0.234416 -0.062541 0.350615 0.012565 -0.312345 -0.016345 -0.024210 0.128970 -0.232255 -0.098895 -0.170234 -0.174783 -0.113330 0.059535 -0.270848 -0.142206 -0.058288 -0.137562 0.398986 -0.029270 -0.272033 -0.108285 0.050275 0.035261 -0.185573 -0.168389 -0.395501 -0.367545 -0.531398 -0.520773 -0.271412 -0.361937 0.222212 0.579511 -0.198189 0.497351 0.003611 0.039553 -0.032630 0.150816 -0.381264 -0.074910 -0.128458 -0.165768 -0.172140 0.058059 0.023773 0.052652 -0.155429 -0.238881 0.163911 -0.016971 0.242648 0.310523 0.112780 0.329397 0.342501 0.382224 -0.020516 0.092286 0.155065 -0.061333 0.170119 -0.002433 0.163982 -0.000616 -0.066731 -0.129623 -0.055717 -0.220245 -0.214021 -0.065232 -0.015207 -0.110548 -0.066393 0.001818 0.040233 0.088436 0.013215 -0.238303 -0.112495 0.056661 -0.102657 -0.154473
0.541238 -0.124146 -0.444210 -0.519853 -0.217999 -0.351238 -0.334997 -0.409532 0.000122 -0.087789 0.512160 0.319398 0.495533 0.438020 0.106768 0.277607 0.719718 0.493573 0.098795 0.352523 -0.087206 -0.204186 -0.579244 -0.526365 -0.462355 -0.318019 -0.384474 -0.360667 1.000000 0.651842 -0.271193 -0.176975 0.103017 0.010578 -0.041345 -0.103794 0.360329 -0.075691 -0.228083 -0.167402 0.320113 0.005389 0.133090 0.200756 0.216548 0.103029 0.066624 -0.014065 0.004458 0.198861 -0.463898 -0.049510 0.107646 0.067656 -0.057644 0.016243 0.365774 0.044228 0.171010 0.064081 0.348757 0.316508 0.397977 0.373203 -0.311507 -0.404432 -0.049537 -0.606504 0.113483 -0.104250 -0.048553 -0.189126 0.739130 0.148830 0.393366 0.169979 0.211272 -0.116912 0.361139 0.105686 0.494594 0.462046 -0.014629 0.368582 -0.096855 -0.303998 -0.192181 -0.184878 -0.422843 -0.254662 -0.114232 -0.186002 -0.385874 0.175028 0.182041 0.012029 -0.196968 0.072014 0.252070 0.276889 0.142862 0.264044 0.079940 0.025102 0.027056 -0.051424 0.042791 -0.150065 0.103171 0.098633 -0.358931 0.002808 0.163824 -0.133846 0.097044 -0.106303
0.579194 0.012185 -0.308360 -0.498939 -0.274698 -0.369631 -0.193107 -0.271780 -0.184943 -0.249611 0.475230 0.425572 0.467055 0.491223 -0.016253 0.394423 0.439365 0.675774 -0.014733 0.308530 -0.105045 -0.287667 -0.623540 -0.530660 -0.631041 -0.414564 -0.453122 -0.400356 0.651842 1.000000 -0.458939 -0.317305 0.206484 0.008414 0.007316 -0.111697 0.243218 0.088259 -0.162348 -0.135069 0.258942 0.056702 0.105183 0.217011 0.099163 -0.086092 0.098164 -0.032705 -0.101128 0.017994 -0.443052 -0.077405 0.228066 -0.070771 -0.067866 -0.024321 0.443093 0.088306 0.401858 0.129122 0.531602 0.422744 0.255945 0.188500 -0.437098 -0.447063 0.088178 -0.573880 0.152744 -0.167025 -0.161557 -0.162034 0.732240 0.391397 0.331598 0.253560 0.508560 0.181431 0.191521 0.249326 0.271961 0.479452 -0.018726 0.353932 -0.059965 -0.272999 -0.300018 -0.319429 -0.336941 -0.200855 -0.044407 0.044661 -0.189915 0.245058 0.034876 -0.044192 -0.154807 0.088170 0.218868 0.346551 0.161449 0.297967 0.147089 -0.174018 -0.016362 -0.272585 0.208256 0.094998 0.092077 0.073833 -0.141670 -0.059827 0.236125 -0.070557 0.135543 -0.031048
-0.376379 -0.014491 -0.077709 0.119671 0.124798 0.358760 0.318132 0.230181 0.239981 0.493843 -0.310392 -0.295295 -0.161285 -0.459129 -0.006473 -0.052420 -0.281610 -0.384886 -0.013762 -0.309083 0.145445 0.168431 0.336658 0.180062 0.572652 0.177269 -0.002366 0.089285 -0.271193 -0.458939 1.000000 0.604948 0.218602 0.192964 -0.123472 -0.156879 -0.068901 0.032476 0.152458 0.048030 -0.023301 -0.021065 -0.344109 -0.414174 -0.158068 -0.188547 -0.208149 -0.208586 -0.132568 -0.262363 0.186769 -0.093546 -0.245726 -0.061360 0.051014 -0.112723 -0.301804 0.001405 -0.327394 -0.157035 -0.248220 -0.232151 -0.001826 -0.067257 0.275987 0.162123 -0.104228 0.284146 -0.246602 -0.035972 0.062265 0.021722 -0.251423 -0.162914 -0.089979 -0.075500 -0.121860 -0.060033 -0.153155 -0.179014 0.037623 -0.055824 0.118374 -0.234921 0.024331 0.128317 0.079878 0.239905 0.103254 -0.059253 -0.066931 -0.080980 0.062081 -0.123293 -0.127880 0.055886 0.132442 0.027085 -0.078837 -0.163330 -0.015834 -0.109985 -0.008756 -0.106507 -0.074234 0.015929 -0.050210 -0.046351 -0.068198 0.130617 0.154417 -0.043663 -0.098072 0.132249 0.010157 0.119160
-0.482964 -0.164673 0.074118 0.371881 -0.109019 0.046929 0.382149 0.337611 -0.065442 0.043485 -0.178877 -0.114306 -0.243033 -0.389100 -0.240102 -0.373990 -0.324426 -0.500285 0.123809 -0.272311 0.049203 0.273179 0.416019 0.540623 0.306429 0.562170 0.025426 0.146512 -0.176975 -0.317305 0.604948 1.000000 0.256917 0.450926 0.144973 0.074488 0.073820 -0.024654 0.086169 0.068495 -0.028364 -0.003946 -0.416908 -0.414893 -0.017981 -0.074277 -0.240886 -0.265069 -0.065826 -0.212746 0.116089 -0.021525 -0.084418 0.009155 0.006633 -0.126561 -0.409861 -0.176476 -0.431401 -0.128669 -0.244495 -0.220129 -0.072329 -0.109090 0.484564 0.137876 -0.004430 0.341550 -0.217033 0.000672 -0.002977 0.027975 -0.345473 -0.074335 -0.217558 0.049032 -0.277253 -0.120703 -0.025339 -0.319444 -0.177226 -0.217878 0.202400 -0.089066 0.094533 0.071194 0.157103 0.226395 -0.029588 -0.075885 -0.085974 -0.007422 0.094779 -0.049632 0.042967 -0.059062 0.035716 -0.138080 -0.157158 -0.231977 -0.055891 -0.194221 0.001012 -0.069712 0.020552 0.033334 -0.258006 -0.140378 -0.062616 0.096598 -0.037312 -0.144298 -0.095175 0.134072 -0.156977 -0.120866
0.211759 0.366451 -0.232258 -0.292568 -0.269544 -0.073625 0.108234 -0.123489 -0.154937 -0.120993 0.199262 -0.104593 0.139707 -0.146723 -0.173502 -0.054996 0.072721 0.006661 0.034507 0.011108 0.031279 -0.100707 -0.202717 -0.231182 -0.169395 -0.285762 -0.330871 -0.234416 0.103017 0.206484 0.218602 0.256917 1.000000 0.682884 -0.063574 -0.256062 0.167872 0.031356 0.006053 -0.063117 0.076802 0.089472 -0.153276 -0.076150 -0.185253 -0.330980 -0.099105 -0.192183 -0.164957 -0.170380 -0.231450 -0.243312 0.175943 -0.247519 0.057835 -0.175494 0.323885 0.432739 0.227259 0.192642 0.441059 0.153965 0.455033 0.144661 -0.073887 -0.347302 0.305396 -0.127893 0.055038 0.057812 -0.128751 -0.310467 0.159525 0.182844 0.299436 0.040285 0.111012 0.000820 -0.112929 0.042604 0.133552 0.032100 -0.013335 -0.055510 -0.310506 -0.247416 -0.202142 -0.065504 -0.255431 -0.129676 -0.272052 -0.042370 -0.218545 0.171374 -0.001709 -0.031804 0.074004 0.060346 0.088626 0.156834 0.059176 0.233989 0.154422 -0.044303 0.035873 -0.073076 -0.012755 0.067607 -0.049711 0.172899 -0.009461 -0.018784 0.160716 -0.070490 -0.226937 -0.272014
0.013899 0.246523 -0.122767 -0.198396 -0.039026 -0.095864 0.042961 -0.134520 -0.129106 -0.189182 0.078906 -0.035077 0.160149 -0.090615 -0.163055 -0.230435 -0.092174 -0.156917 -0.129800 -0.124065 0.034571 -0.017677 -0.053422 0.002592 0.029977 0.054021 -0.112355 -0.062541 0.010578 0.008414 0.192964 0.450926 0.682884 1.000000 -0.019400 0.062814 0.054406 -0.072723 -0.067660 -0.062015 0.035278 0.000363 -0.182928 -0.049792 -0.124430 -0.117788 -0.135890 -0.096582 -0.044929 -0.076555 -0.243952 -0.176022 0.173132 -0.095479 0.066131 -0.104700 0.154189 0.277101 0.147509 0.197788 0.337663 0.182525 0.359221 0.223692 0.033891 -0.182969 0.283637 0.014919 -0.191709 0.054897 -0.121832 -0.225331 -0.057243 -0.037545 0.090392 0.005244 -0.187856 -0.029401 -0.064171 -0.157311 0.012501 -0.222155 -0.011481 -0.013229 -0.384882 -0.297117 -0.114103 0.008250 -0.287967 -0.129142 -0.198109 0.066760 -0.227564 0.047351 0.264886 0.084107 0.024063 0.036765 0.045966 0.122599 0.102332 0.187308 0.038335 0.032717 0.055903 0.024111 -0.079617 0.095485 0.043555 0.165666 -0.010552 -0.093120 -0.023338 0.000793 -0.299517 -0.353988
-0.243030 -0.095125 0.106470 0.261510 -0.029986 0.126837 -0.072580 -0.017416 -0.172523 -0.076573 -0.164972 -0.119304 -0.398542 -0.115985 -0.120118 -0.307447 -0.064396 0.055767 0.170033 0.012669 -0.131476 -0.001548 0.226742 0.319179 -0.061091 0.365815 0.231706 0.350615 -0.041345 0.007316 -0.123472 0.144973 -0.063574 -0.019400 1.000000 0.400502 -0.007266 -0.032349 -0.069308 -0.014381 -0.102884 -0.219505 -0.121478 -0.141943 0.046125 -0.014706 -0.130478 -0.089529 -0.122131 -0.027101 -0.018504 -0.006596 -0.074670 -0.149889 -0.013833 -0.106465 -0.133179 -0.082932 -0.197659 0.013492 -0.214545 -0.239867 -0.248773 -0.277357 0.102266 0.266626 0.179671 0.246356 0.245880 0.206714 -0.069477 0.170657 -0.126718 0.065314 -0.092246 0.030892 -0.006421 0.215100 0.005925 0.163157 -0.150498 -0.095238 0.141782 -0.068545 0.109972 0.000680 0.136620 0.074437 -0.045409 0.012808 0.211577 0.171917 0.140052 0.064929 0.033189 -0.044461 0.036753 -0.085906 -0.111020 -0.030724 0.013381 -0.056278 -0.091175 -0.073346 -0.149525 -0.199006 0.096940 -0.052359 -0.029548 0.086362 0.000275 -0.174243 0.111099 0.251307 0.077965 0.051243
-0.260321 -0.090649 0.091621 0.051202 0.187446 -0.031782 -0.006390 0.026118 0.052767 -0.017126 -0.063576 -0.066940 0.012004 -0.009394 0.013438 -0.142312 -0.166220 -0.056424 -0.143488 -0.110058 -0.068650 -0.008609 0.142227 0.250860 -0.004145 0.302323 0.225783 0.012565 -0.103794 -0.111697 -0.156879 0.074488 -0.256062 0.062814 0.400502 1.000000 -0.134570 -0.166945 -0.184643 -0.195173 -0.081793 -0.208000 -0.029834 -0.046418 0.200569 0.180693 -0.074147 0.013604 0.085767 0.162742 -0.142859 0.005930 0.046654 -0.020812 -0.185441 -0.095104 -0.113726 -0.109322 0.106439 0.230407 -0.088929 0.068651 -0.162950 -0.058383 0.019447 0.107942 0.304221 0.298940 -0.088210 0.062790 0.096423 0.089118 -0.143521 -0.171584 -0.277289 -0.095833 -0.227745 0.000449 0.043610 0.009599 -0.140762 -0.188141 0.021902 -0.120343 0.098893 -0.079879 0.161581 -0.064173 -0.037982 -0.063913 0.214197 0.216849 0.203651 0.055100 0.012978 -0.099326 -0.150096 -0.136788 -0.195071 -0.174488 0.022267 -0.049786 -0.090508 0.125563 -0.077068 -0.024307 0.000947 -0.052229 -0.053300 -0.255785 0.105756 0.014607 -0.016823 0.018702 -0.007389 -0.101284
