1.000000 0.625942 -0.030700 -0.056013 -0.136150 -0.137431 0.064944 -0.094324 -0.145774 -0.298331 0.375822 0.131154 0.256510 0.177238 -0.149044 -0.169701 0.042363 -0.178338 0.478581 0.408977 -0.442149 -0.366323 -0.082649 -0.214602 -0.377874 -0.327075 -0.264666 -0.005837 -0.309700 -0.294686 -0.174899 -0.245544 0.223487 -0.024749 -0.028670 -0.296564 -0.259596 -0.228528 -0.248963 -0.225480 -0.303581 -0.265989 0.046768 0.085010 -0.218429 -0.200585 0.090786 -0.008205 -0.034919 -0.053796 -0.110563 -0.010838 -0.018740 -0.139607 0.046695 -0.158236 0.574257 0.532688 0.283304 0.114603 0.316451 0.165684 0.036040 0.022424 -0.138043 -0.002975 0.184522 -0.232875 0.378951 0.304788 -0.244627 -0.193094 -0.179161 -0.152884 -0.240643 -0.163813 0.023829 -0.082478 -0.159595 -0.299560 -0.146564 -0.237293 -0.262639 -0.210387 -0.202296 -0.156270 -0.174240 -0.284825 -0.040133 0.076205 -0.064947 -0.042868 0.007210 -0.023938 -0.115833 0.099988 -0.081232 0.063055 -0.071853 0.137400 -0.008701 -0.033344 -0.064670 -0.092643 -0.023492 -0.157797 -0.030692 0.050255 -0.050048 -0.006480 -0.197886 -0.040010 0.133017 0.051135 -0.140686 -0.058811
0.625942 1.000000 -0.037998 0.028386 -0.208790 -0.168342 0.035142 -0.033272 -0.223807 -0.135913 0.244585 0.199379 -0.028229 0.041998 -0.165202 -0.259839 0.221232 0.028328 0.390365 0.627721 -0.509882 -0.411203 -0.220543 -0.202770 -0.193745 -0.297292 -0.286059 -0.155046 -0.094661 -0.263715 -0.250942 -0.359113 0.376430 0.088577 -0.294413 -0.339904 -0.262305 -0.392877 -0.257780 -0.365430 -0.209180 -0.395971 -0.008365 0.058670 -0.222398 -0.091923 0.073425 -0.079038 0.010636 0.012853 -0.059647 -0.020144 0.060450 -0.088982 -0.090697 -0.128862 0.451249 0.746118 0.308108 0.234155 0.342493 0.314431 0.177104 0.252399 -0.178092 -0.121628 0.187326 -0.177961 0.560743 0.486210 -0.366720 -0.364272 -0.164992 -0.327777 -0.214166 -0.282119 -0.216843 -0.258461 -0.002570 -0.011417 0.089953 -0.077779 -0.031289 -0.166869 -0.066127 -0.240617 -0.017769 -0.175188 -0.105796 -0.004798 -0.076468 -0.252086 -0.079921 -0.202590 -0.196608 -0.116354 -0.134342 -0.131422 -0.104955 -0.120556 0.075917 -0.184713 -0.170774 -0.230259 -0.167407 -0.197994 -0.013036 0.113716 -0.124658 -0.134567 -0.365797 -0.214203 0.068251 -0.043632 -0.133992 -0.006449
-0.030700 -0.037998 1.000000 0.314573 0.201096 -0.064082 0.471603 0.609209 0.171601 -0.042263 -0.117445 -0.315909 0.254187 -0.099912 -0.205662 -0.282179 -0.214129 -0.113746 0.221188 -0.150569 0.031315 0.139972 0.551742 0.128430 0.055508 0.148589 0.051927 -0.012582 -0.236252 -0.248977 0.218629 0.154447 0.110162 0.211894 -0.002390 0.191113 -0.294499 -0.194226 -0.094912 0.066047 -0.323755 -0.072334 -0.194419 -0.149567 0.135254 -0.083813 -0.232458 -0.123737 0.106361 -0.102332 -0.005510 -0.114774 -0.137705 -0.237506 -0.040929 -0.074687 -0.076965 0.027007 -0.017264 -0.037673 0.063754 0.113751 -0.161800 -0.215887 0.309581 0.195020 0.171122 0.199525 -0.163607 -0.107721 -0.037326 -0.016034 -0.253274 -0.005181 0.021698 0.013553 -0.078409 -0.024066 -0.205071 -0.126708 -0.206062 -0.292236 -0.139392 -0.407463 -0.127624 -0.269046 -0.076149 0.035993 0.058096 0.064930 -0.030240 0.077555 0.041192 0.003459 -0.048850 0.072621 -0.174095 0.027197 -0.145608 -0.049511 -0.132208 0.034737 0.130637 0.029910 0.016789 -0.055005 0.137549 -0.010575 0.017056 -0.056058 -0.105248 -0.185484 -0.198518 -0.044145 0.062759 0.137042
-0.056013 0.028386 0.314573 1.000000 0.115809 0.233805 0.075713 0.292530 0.193954 0.252843 -0.043869 -0.114664 -0.091826 -0.225952 0.170079 0.055694 -0.015825 -0.170171 0.263339 0.063744 0.089026 0.041721 0.467109 0.557435 0.310420 0.392709 0.196603 0.158975 -0.080064 -0.215108 0.039521 0.186753 0.137874 0.033975 -0.026386 0.108932 -0.292131 -0.164504 -0.143043 -0.116961 -0.194190 -0.072551 -0.077423 0.019537 -0.014683 -0.076210 -0.001735 -0.112472 -0.058131 0.084671 0.225173 0.023378 -0.027274 -0.005521 -0.169932 0.019150 -0.194866 0.040476 -0.048610 -0.116923 -0.247790 -0.225539 -0.155196 -0.181258 0.184414 0.059136 0.145300 0.108125 0.055423 0.187647 -0.141696 -0.016985 -0.367712 -0.035692 -0.145176 0.043201 -0.211260 -0.127849 -0.319686 -0.036245 0.020893 -0.161653 0.160985 0.009435 0.137297 0.130826 0.158843 0.110493 0.135812 0.037313 -0.246581 -0.286195 0.139960 -0.247816 -0.107436 -0.078099 -0.303316 -0.201126 -0.266213 -0.461582 -0.180930 -0.128834 -0.207927 -0.105252 -0.285729 -0.086812 -0.039457 0.059780 -0.272509 -0.111839 -0.181799 -0.351979 -0.422006 -0.262469 0.052866 -0.038372
-0.136150 -0.208790 0.201096 0.115809 1.000000 0.539099 0.263378 0.093547 0.720856 0.422519 -0.016134 -0.140200 0.127126 0.029751 0.267473 0.464218 -0.138770 -0.213308 -0.071950 -0.177052 0.373010 0.269408 0.288837 0.232943 0.389469 -0.040350 0.693465 0.489476 -0.060674 -0.117424 0.064725 -0.031216 -0.170130 -0.106260 0.105254 0.062631 -0.056859 -0.056598 0.039016 0.017397 -0.114818 0.050729 -0.251830 -0.205727 -0.096167 -0.139920 -0.112828 -0.204134 0.078856 -0.066083 0.082554 -0.100529 -0.079895 -0.112298 0.101786 -0.046721 -0.119616 -0.140050 0.029545 -0.098909 0.022226 -0.117775 -0.024683 -0.038132 0.277089 0.052203 -0.062501 -0.079068 -0.057073 -0.060964 0.236789 0.077369 -0.084766 0.120454 0.055053 0.127413 -0.087826 -0.186162 -0.116318 -0.187598 -0.059663 -0.069147 0.066414 0.174944 0.130165 0.042919 0.022332 0.006925 0.335688 0.220243 -0.016098 0.056137 0.023719 0.094386 -0.216048 -0.065131 -0.144746 -0.200803 -0.097663 -0.173535 -0.053318 -0.110552 -0.178186 -0.038547 -0.062644 0.084088 -0.062785 0.157024 -0.073959 -0.201387 -0.105200 -0.161050 -0.358729 0.032552 -0.065830 0.011490
-0.137431 -0.168342 -0.064082 0.233805 0.539099 1.000000 -0.284960 -0.091626 0.341859 0.490120 -0.229669 -0.239802 -0.111101 -0.042597 0.157887 0.377331 -0.264469 -0.332681 -0.323046 -0.326590 0.110714 0.157643 0.110008 0.116809 0.311925 0.177257 0.650305 0.773585 -0.178730 -0.354351 -0.221606 -0.265858 -0.213637 -0.335438 0.192256 0.004877 -0.107704 -0.109902 -0.005197 -0.128641 -0.095292 -0.178458 0.040464 0.177193 0.168020 0.230450 0.202389 0.157224 0.320234 0.219959 0.453805 0.252349 0.190471 0.206673 0.259727 0.150379 -0.010345 -0.118452 0.212389 0.131271 -0.083335 -0.132094 -0.260942 -0.289381 0.036854 0.250578 0.140473 0.238750 0.099339 0.088970 -0.125348 -0.258327 -0.302506 -0.240755 -0.195351 -0.164069 -0.323963 -0.364765 -0.153459 -0.122122 -0.077722 -0.108566 0.083515 0.056151 0.289373 0.244530 0.153276 0.031121 0.425098 0.223925 0.018712 0.028027 -0.009212 0.227689 -0.169466 -0.258049 0.183781 -0.280878 0.095121 -0.270410 -0.104874 0.025662 -0.221180 -0.022547 -0.018448 0.043406 -0.171726 0.035082 0.001692 -0.100696 0.124788 -0.103896 -0.132870 0.110648 0.033130 -0.022097
0.064944 0.035142 0.471603 0.075713 0.263378 -0.284960 1.000000 0.598872 0.321266 0.012762 0.326622 0.286606 0.434739 0.208599 -0.075397 0.057769 0.009848 -0.097759 0.322983 0.140170 0.075565 -0.009386 0.302806 0.211157 -0.138666 -0.290117 -0.092464 -0.301469 -0.069297 0.072270 0.393660 0.316339 0.239755 0.450304 0.027018 0.210349 -0.040183 -0.121901 -0.010376 0.062304 -0.197096 0.193961 -0.271234 -0.413124 -0.184355 -0.311887 -0.432563 -0.418804 -0.277490 -0.354567 -0.362746 -0.484239 -0.400031 -0.406506 -0.231736 -0.328359 -0.300778 -0.232464 -0.186551 -0.309217 0.264435 0.187541 0.201127 0.205027 0.426581 -0.040398 -0.204312 -0.286302 -0.240721 -0.164582 0.217422 0.222311 0.033747 0.332849 0.215458 0.354489 0.297379 0.242212 -0.215401 -0.365420 -0.225766 -0.305310 -0.108159 0.124267 -0.274688 -0.338491 -0.151743 -0.172326 0.038950 0.006086 0.099312 0.162564 0.340925 0.031377 -0.040189 0.213857 -0.416219 0.139551 -0.213984 0.083036 0.071178 -0.060306 0.219377 0.128480 0.067117 -0.009021 0.095592 0.020305 0.024369 -0.075554 -0.223483 -0.067687 -0.056561 -0.049487 0.023041 0.197622
-0.094324 -0.033272 0.609209 0.292530 0.093547 -0.091626 0.598872 1.000000 0.176677 0.176026 -0.014471 0.019086 0.237426 0.142642 -0.309646 -0.093923 -0.262919 -0.230118 0.143529 -0.099764 -0.018170 -0.004168 0.209828 0.091675 -0.112171 -0.082699 -0.129657 -0.142974 -0.302537 -0.131969 0.258814 0.187283 0.105560 0.380238 0.023761 0.349217 -0.205171 0.002779 -0.164586 0.016392 -0.288765 0.009825 -0.162822 -0.215662 0.040581 -0.144642 -0.265865 -0.156053 -0.091183 -0.283653 -0.109348 -0.186006 -0.187188 -0.206763 -0.105372 -0.203955 -0.323475 -0.291275 -0.113779 -0.035833 0.074516 0.465254 -0.130070 -0.001466 0.294227 0.357319 0.066898 0.119616 -0.291767 -0.154590 0.085164 0.163454 -0.182359 0.134239 -0.032344 0.208670 0.088624 0.181610 -0.392082 -0.334719 -0.326304 -0.450378 -0.268833 -0.274308 -0.236438 -0.299097 -0.246798 -0.319957 0.055377 0.025466 0.213521 0.203945 0.429201 0.091774 -0.035083 0.185848 -0.261586 0.086869 -0.117128 -0.013415 0.077425 0.034997 0.355351 0.142770 0.168887 0.081796 0.119711 -0.006436 0.030308 0.079005 0.010038 -0.027203 0.135165 0.008194 0.077481 0.143654
-0.145774 -0.223807 0.171601 0.193954 0.720856 0.341859 0.321266 0.176677 1.000000 0.479069 0.171890 -0.047492 0.318496 0.135447 0.316690 0.421672 -0.028727 -0.056693 0.006555 -0.163843 0.246325 0.161431 0.198332 0.289642 0.332444 0.044343 0.413527 0.235131 0.002660 -0.035123 0.085818 0.056807 -0.098318 0.009591 0.173551 0.112632 -0.193481 -0.124994 -0.078881 -0.044785 -0.226688 -0.011147 -0.206055 -0.227124 -0.080832 -0.181138 -0.171765 -0.274701 0.032502 -0.066370 0.014120 -0.124308 -0.229030 -0.160489 -0.100484 -0.148011 -0.278994 -0.214513 -0.060318 -0.185078 0.072898 0.010623 -0.095394 0.010688 0.514987 0.219425 -0.052699 -0.108139 -0.125801 -0.062561 0.173271 0.201427 -0.079004 0.065069 -0.070070 0.090365 -0.126524 -0.199411 -0.159236 -0.159485 -0.010175 -0.047665 0.081246 0.015362 0.163762 -0.034186 0.031448 -0.109022 0.253548 0.121536 -0.079965 0.064056 0.097349 0.046388 -0.198301 -0.070036 -0.213502 -0.141991 -0.219295 -0.241165 0.092795 -0.057725 -0.021929 0.041442 -0.010689 0.118228 0.047693 0.200106 -0.093936 -0.225276 -0.077144 -0.171662 -0.298238 0.024883 0.057885 0.054542
-0.298331 -0.135913 -0.042263 0.252843 0.422519 0.490120 0.012762 0.176026 0.479069 1.000000 0.018320 -0.131327 -0.075073 -0.066099 0.362180 0.313643 0.129160 0.032483 -0.144240 -0.227446 0.123073 -0.026905 -0.025452 0.221356 0.211887 0.165603 0.234890 0.178557 0.259191 0.029096 -0.246729 -0.132506 -0.226544 -0.095618 -0.010555 0.233535 -0.103102 -0.111495 -0.126729 -0.133581 -0.099626 -0.163359 -0.133196 -0.148230 -0.107314 -0.114308 -0.076263 -0.198135 0.114667 -0.049312 0.025839 0.054040 -0.026766 0.018334 -0.095807 0.027546 -0.321704 -0.227828 0.079549 0.022849 0.115063 0.160820 -0.030874 0.131311 0.315698 0.209577 -0.081404 0.017451 0.032615 0.080353 0.008886 -0.057560 -0.089699 -0.120567 -0.122246 0.015483 -0.131560 -0.223012 0.084096 0.170179 0.341887 0.263294 0.410628 0.140063 0.236843 0.073250 0.202050 -0.138608 0.236590 0.127129 0.022871 -0.004880 0.186588 0.023036 -0.134392 -0.218884 -0.176445 -0.183081 -0.198096 -0.311429 0.010061 -0.271801 -0.243146 -0.148720 -0.183756 -0.039082 -0.147105 0.079734 -0.128576 -0.143585 0.051500 -0.215439 -0.153808 -0.145393 0.024201 -0.055821
0.375822 0.244585 -0.117445 -0.043869 -0.016134 -0.229669 0.326622 -0.014471 0.171890 0.018320 1.000000 0.537607 0.620960 0.565270 0.269258 0.347091 0.385242 -0.027573 0.399103 0.297053 -0.104984 -0.111429 -0.118467 -0.025242 -0.502862 -0.277995 -0.352639 -0.316640 0.141041 0.187470 0.176989 0.222648 0.233521 0.212093 -0.192951 0.025177 -0.205578 -0.249423 -0.210471 -0.098823 -0.254051 0.131208 -0.245907 -0.353709 -0.487297 -0.472415 -0.364310 -0.521987 -0.290867 -0.358635 -0.380296 -0.401886 -0.273971 -0.367889 -0.106406 -0.393957 -0.123889 -0.004070 0.032219 -0.226039 0.551153 0.206681 0.462578 0.433264 0.199867 -0.061474 -0.213039 -0.392306 -0.028568 0.095876 -0.005066 0.217970 0.109081 0.267330 -0.021969 0.168059 0.175484 0.088791 -0.035085 -0.249795 0.165211 -0.027061 0.051941 0.142045 -0.236241 -0.153060 0.103312 -0.153617 0.091391 0.143837 -0.206557 -0.026763 0.256006 -0.117846 -0.014800 0.205690 -0.466778 0.164101 -0.513022 -0.010130 0.049607 -0.268211 0.011115 0.031401 -0.044484 -0.001225 -0.084243 0.103103 -0.177936 -0.110922 -0.202358 -0.167305 -0.004027 -0.099316 -0.027661 0.131986
0.131154 0.199379 -0.315909 -0.114664 -0.140200 -0.239802 0.286606 0.019086 -0.047492 -0.131327 0.537607 1.000000 0.267394 0.661836 0.113325 0.428766 0.123793 0.119505 0.094505 0.231302 -0.040262 -0.034162 -0.239306 -0.030524 -0.388645 -0.381957 -0.252126 -0.357552 0.094423 0.373167 0.395940 0.354298 0.355540 0.379294 -0.133928 -0.054337 0.199430 -0.008117 0.011139 0.039472 0.148657 0.290415 -0.074066 -0.186644 -0.356893 -0.221645 -0.241507 -0.380573 -0.443220 -0.277027 -0.400146 -0.417291 -0.280692 -0.286982 -0.079321 -0.339561 -0.204269 -0.162830 -0.180857 -0.294605 0.341971 0.145207 0.441224 0.459155 0.036189 -0.176493 -0.289115 -0.426372 -0.137007 -0.133303 0.163179 0.194867 0.374281 0.309358 0.184887 0.309984 0.313395 0.245227 -0.001088 -0.229099 -0.102019 -0.077375 -0.103284 0.424510 -0.207574 -0.111321 0.019904 -0.106261 -0.054010 -0.114834 -0.057693 -0.123407 0.281392 -0.092612 0.016554 0.309030 -0.275295 0.112166 -0.221748 -0.044788 0.169252 -0.039348 0.091084 0.101214 0.138518 0.034531 -0.152556 -0.029648 0.040390 -0.014837 -0.225479 -0.079629 0.161911 0.060512 0.045817 0.200704
0.256510 -0.028229 0.254187 -0.091826 0.127126 -0.111101 0.434739 0.237426 0.318496 -0.075073 0.620960 0.267394 1.000000 0.658923 0.050845 0.231208 -0.051311 -0.106632 0.148016 -0.115951 -0.105749 -0.015126 0.177915 -0.037331 -0.286712 -0.182144 -0.199695 -0.144259 -0.220262 -0.003904 0.232008 0.169410 0.113210 0.153990 0.208119 0.157594 -0.298730 -0.220108 -0.244813 -0.081537 -0.347890 0.076312 -0.091742 -0.200089 -0.233536 -0.354615 -0.236580 -0.330948 0.002886 -0.244829 -0.095002 -0.191465 -0.162990 -0.205266 0.011423 -0.347789 -0.078756 -0.137371 0.102049 -0.229130 0.425341 0.286835 0.028352 0.140088 0.475193 0.407560 -0.143098 -0.238731 -0.259082 -0.094844 0.061682 0.185517 -0.008034 0.212495 -0.027335 0.144857 0.187079 0.116842 -0.262664 -0.394371 -0.251321 -0.342754 -0.280116 -0.306160 -0.103455 -0.275685 -0.060676 -0.263163 0.271549 0.109512 0.016608 0.270568 0.245483 0.165878 -0.044482 0.175174 -0.317436 0.150142 -0.261949 0.124863 0.074991 0.013639 0.285575 0.220387 0.150172 -0.005423 0.005572 0.027137 -0.022022 -0.097531 -0.026202 0.003274 0.115689 0.147484 0.170050 0.233012
0.177238 0.041998 -0.099912 -0.225952 0.029751 -0.042597 0.208599 0.142642 0.135447 -0.066099 0.565270 0.661836 0.658923 1.000000 0.022282 0.452498 -0.142980 -0.081478 0.024047 -0.037639 -0.066252 0.094735 -0.167745 -0.215297 -0.477042 -0.280278 -0.158851 -0.141285 -0.225090 0.129017 0.348102 0.246384 0.148841 0.243407 0.113343 0.040492 -0.022528 -0.034762 -0.077146 0.136824 -0.096395 0.236419 -0.065147 -0.178577 -0.334839 -0.278468 -0.229390 -0.288339 -0.201734 -0.365806 -0.218652 -0.273930 -0.163796 -0.188286 0.221876 -0.331363 -0.092070 -0.175197 -0.068946 -0.235743 0.368556 0.309812 0.091747 0.210457 0.158159 0.279719 -0.281678 -0.294684 -0.192417 -0.124755 0.125751 0.217398 0.167146 0.266999 0.065811 0.172665 0.198289 0.147224 -0.172933 -0.396905 -0.361049 -0.306639 -0.382570 -0.056275 -0.227206 -0.254794 -0.111275 -0.205386 0.174522 0.079959 0.140854 0.222266 0.347452 0.219302 0.111516 0.315952 -0.187334 0.241967 -0.145423 0.166473 0.167167 0.027995 0.272173 0.247532 0.336608 0.120089 -0.130294 -0.054716 0.110537 0.038451 0.035874 0.130686 0.285700 0.261597 0.111319 0.257678
-0.149044 -0.165202 -0.205662 0.170079 0.267473 0.157887 -0.075397 -0.309646 0.316690 0.362180 0.269258 0.113325 0.050845 0.022282 1.000000 0.501206 0.254663 0.226200 -0.021500 -0.176327 0.137307 -0.057162 0.146583 0.155828 0.131460 0.168974 0.172654 -0.004257 0.563599 0.271083 -0.147675 0.025697 -0.246547 -0.348508 -0.035635 -0.158850 0.260648 -0.007140 0.259525 -0.000045 0.314177 0.018461 -0.122514 -0.097787 -0.337944 -0.268027 -0.042243 -0.273020 -0.078627 -0.055269 -0.003992 0.024437 -0.094800 -0.003401 0.004360 0.007056 -0.338994 -0.153389 -0.033359 -0.314039 0.080610 -0.310238 0.040936 0.054446 0.314174 -0.159078 -0.347142 -0.314661 0.136432 0.065791 0.009653 -0.039782 0.214473 0.029621 0.117957 -0.066954 0.063573 -0.180872 0.148182 0.276064 0.399922 0.449082 0.664353 0.366989 0.456066 0.392384 0.461750 0.326978 0.272206 0.161743 -0.320649 -0.344031 -0.002378 -0.161746 -0.007209 -0.105029 -0.111811 -0.119739 -0.329028 -0.312716 -0.102602 -0.238060 -0.411189 -0.313802 -0.397766 -0.360871 -0.203500 -0.146549 -0.162389 -0.178922 0.031201 -0.282112 -0.356724 -0.114390 -0.138425 -0.127538
-0.169701 -0.259839 -0.282179 0.055694 0.464218 0.377331 0.057769 -0.093923 0.421672 0.313643 0.347091 0.428766 0.231208 0.452498 0.501206 1.000000 -0.008643 -0.110894 -0.174057 -0.232614 0.339159 0.232707 0.011341 0.139282 -0.020137 -0.040271 0.314087 0.216113 0.091339 0.255563 0.150077 0.198283 -0.198408 -0.097393 0.042216 0.025753 0.182979 0.153199 0.233690 0.156615 0.107649 0.283764 -0.115937 -0.135111 -0.305891 -0.209861 -0.100239 -0.295854 -0.194516 -0.202131 -0.019529 -0.191555 -0.097853 -0.059281 0.214175 -0.094546 -0.336098 -0.388743 -0.200184 -0.358130 0.113822 -0.148094 0.107119 0.079678 0.233079 -0.011769 -0.436912 -0.454998 -0.189126 -0.197490 0.152480 0.202960 0.166326 0.263764 0.085803 0.202052 0.104857 0.023944 -0.127234 -0.153180 -0.022357 0.025859 0.105818 0.459168 0.119432 0.253953 0.189925 0.096152 0.413950 0.252579 -0.016725 -0.001708 0.241156 0.062062 -0.108618 0.045971 -0.131537 -0.068643 -0.161949 -0.097791 0.086644 -0.147332 -0.030132 0.105667 0.068252 0.104213 -0.230763 0.029438 -0.131072 -0.149753 0.057148 -0.050249 -0.105591 0.088244 0.071022 0.081534
0.042363 0.221232 -0.214129 -0.015825 -0.138770 -0.264469 0.009848 -0.262919 -0.028727 0.129160 0.385242 0.123793 -0.051311 -0.142980 0.254663 -0.008643 1.000000 0.612666 0.219332 0.411576 -0.054377 -0.124565 -0.201748 0.070406 -0.068197 -0.016393 -0.249480 -0.339643 0.731007 0.471309 -0.120775 -0.002679 0.163624 0.110963 -0.126072 -0.074723 -0.027389 -0.288936 -0.169593 -0.264034 0.012500 0.057980 -0.303786 -0.348918 -0.337394 -0.315545 -0.329672 -0.497621 -0.151952 -0.179451 -0.297710 -0.239194 -0.171404 -0.366456 -0.393367 -0.305873 -0.026618 0.207876 0.068922 -0.072592 0.255664 0.070073 0.607831 0.569116 0.074735 -0.211283 0.043648 -0.193636 0.104128 0.098689 0.075467 0.194749 0.410646 0.142865 0.258887 -0.030705 0.119334 -0.048974 0.524762 0.471645 0.748495 0.553325 0.495309 0.188746 0.111851 0.011013 0.220004 -0.005496 -0.196458 -0.105327 -0.451657 -0.365716 -0.152554 -0.451178 -0.171602 -0.237853 -0.425886 -0.222542 -0.465320 -0.288840 -0.219274 -0.512335 -0.378013 -0.284192 -0.486875 -0.146963 -0.098145 0.131813 -0.332472 -0.347917 -0.345822 -0.327702 -0.245770 -0.483362 -0.201666 -0.199351
-0.178338 0.028328 -0.113746 -0.170171 -0.213308 -0.332681 -0.097759 -0.230118 -0.056693 0.032483 -0.027573 0.119505 -0.106632 -0.081478 0.226200 -0.110894 0.612666 1.000000 -0.061502 0.102718 0.002873 -0.062362 -0.163444 -0.036759 0.046231 0.090816 -0.184205 -0.344345 0.719366 0.590652 -0.088700 0.023013 0.028198 0.064783 0.008777 -0.105034 0.133589 -0.191125 -0.044811 -0.132271 0.234256 0.046498 -0.215591 -0.194270 -0.144328 -0.154419 -0.211631 -0.326171 -0.041477 -0.040947 -0.258068 -0.047113 -0.084992 -0.275877 -0.299134 -0.238611 -0.085213 0.116742 -0.046462 -0.065151 0.121243 0.079797 0.299724 0.475617 0.153582 -0.047249 -0.102984 -0.141772 0.005936 -0.108274 0.166562 0.124628 0.573835 0.018146 0.281801 -0.094770 0.087032 -0.051719 0.593984 0.703895 0.588604 0.656667 0.484096 0.067693 0.262725 0.037888 0.179889 0.112241 -0.174036 -0.134769 -0.354088 -0.360436 -0.271030 -0.317197 -0.039240 -0.210619 -0.222784 -0.181860 -0.285506 -0.267139 -0.232224 -0.217313 -0.238559 -0.264587 -0.350874 -0.210314 -0.059741 0.030088 -0.081780 -0.275181 -0.200136 -0.241286 -0.132772 -0.237751 -0.032336 -0.130036
0.478581 0.390365 0.221188 0.263339 -0.071950 -0.323046 0.322983 0.143529 0.006555 -0.144240 0.399103 0.094505 0.148016 0.024047 -0.021500 -0.174057 0.219332 -0.061502 1.000000 0.597115 -0.171439 -0.248157 0.010561 -0.037681 -0.302930 -0.178026 -0.279656 -0.320160 0.002826 -0.035941 0.095932 0.043531 0.298953 0.207565 -0.251470 -0.089845 -0.153916 -0.148003 -0.153743 -0.227988 -0.194736 0.033318 -0.199241 -0.241761 -0.350748 -0.397257 -0.264735 -0.351050 -0.292802 -0.323729 -0.298454 -0.294594 -0.235633 -0.267564 -0.144330 -0.334835 0.023386 0.244851 -0.115030 -0.130713 0.247435 0.022593 0.244027 0.208231 0.052575 -0.220363 0.076960 -0.224773 0.255125 0.179548 0.015398 0.031948 0.017099 0.215498 0.088852 0.148724 0.209638 0.188369 -0.087824 -0.166825 -0.007288 -0.146034 -0.055709 -0.093766 -0.170212 -0.216467 -0.083878 -0.078324 -0.167560 -0.062423 -0.155464 -0.028865 0.067007 -0.082185 -0.089715 0.064735 -0.329483 0.006350 -0.271394 0.022853 -0.021774 -0.078914 0.041155 -0.011349 -0.084735 -0.108588 0.119184 0.164064 -0.268608 -0.046714 -0.280335 -0.188061 -0.048914 -0.039660 -0.007595 0.085674
0.408977 0.627721 -0.150569 0.063744 -0.177052 -0.326590 0.140170 -0.099764 -0.163843 -0.227446 0.297053 0.231302 -0.115951 -0.037639 -0.176327 -0.232614 0.411576 0.102718 0.597115 1.000000 -0.207284 -0.202953 -0.214537 -0.031196 -0.146983 -0.254150 -0.182560 -0.231818 0.129106 -0.006671 0.054527 -0.050378 0.527012 0.340021 -0.364007 -0.210709 -0.075493 -0.237233 -0.203674 -0.262964 -0.099613 -0.059329 -0.221736 -0.217725 -0.356046 -0.252013 -0.187370 -0.230347 -0.362578 -0.216578 -0.352143 -0.311429 -0.170216 -0.194765 -0.226826 -0.292615 0.236327 0.459805 -0.023730 0.072585 0.163203 0.015211 0.410421 0.348927 -0.292755 -0.424222 0.142188 -0.125950 0.446163 0.504196 -0.029996 -0.052363 0.084937 0.062973 0.040647 0.029569 0.029982 0.036276 0.081363 -0.008176 0.171066 -0.009683 0.015048 0.129478 -0.132537 -0.286048 -0.058310 -0.143206 -0.322132 -0.196661 -0.167100 -0.157814 -0.080117 -0.268327 -0.033919 0.064330 -0.232275 -0.029485 -0.200487 -0.087807 0.001506 -0.232791 -0.150234 -0.091902 -0.154808 0.029020 0.145051 0.182644 -0.118860 -0.014639 -0.419006 -0.173404 0.004480 -0.143988 -0.082260 0.087426
-0.442149 -0.509882 0.031315 0.089026 0.373010 0.110714 0.075565 -0.018170 0.246325 0.123073 -0.104984 -0.040262 -0.105749 -0.066252 0.137307 0.339159 -0.054377 0.002873 -0.171439 -0.207284 1.000000 0.720131 0.257477 0.262255 0.287857 0.282662 0.402776 0.232843 0.156800 0.362838 0.306798 0.413972 -0.194632 0.002532 0.002609 0.243287 0.307649 0.386625 0.215917 0.385221 0.189287 0.518596 -0.200536 -0.206239 -0.061835 -0.093757 -0.198037 -0.222855 -0.231665 -0.133558 -0.033489 -0.267436 -0.120568 -0.184565 -0.072453 -0.104179 -0.414522 -0.417766 -0.315856 -0.348208 -0.323517 -0.365213 0.044490 -0.056089 -0.024536 -0.158850 -0.240442 -0.065018 -0.377007 -0.301901 0.602106 0.536371 0.270623 0.532449 0.429617 0.583942 0.226134 0.290241 -0.013080 0.068659 0.119835 0.198545 0.128025 0.421712 -0.001865 0.285788 0.017359 0.220454 -0.016212 -0.007545 -0.215820 -0.104269 0.040080 -0.178498 -0.049745 0.068443 -0.214162 0.067131 -0.208816 -0.104232 -0.063928 -0.078960 0.017276 0.143618 0.089584 0.243358 0.007232 0.127087 -0.116190 0.027211 0.167967 -0.019370 -0.229227 -0.088035 0.079221 0.018957
-0.366323 -0.411203 0.139972 0.041721 0.269408 0.157643 -0.009386 -0.004168 0.161431 -0.026905 -0.111429 -0.034162 -0.015126 0.094735 -0.057162 0.232707 -0.124565 -0.062362 -0.248157 -0.202953 0.720131 1.000000 0.293760 0.164396 0.129005 0.200942 0.413048 0.262802 -0.044924 0.191672 0.379159 0.429848 -0.021498 0.144490 0.015150 0.221606 0.075000 0.226287 0.233381 0.608725 -0.027689 0.452030 -0.149614 -0.166025 -0.024033 -0.094156 -0.156856 -0.114744 -0.166812 -0.197929 -0.043253 -0.313324 -0.165007 -0.119851 -0.011241 -0.003289 -0.231835 -0.284021 -0.277980 -0.277387 -0.309247 -0.231431 -0.078374 -0.132595 -0.057444 -0.007900 -0.160117 0.066901 -0.365118 -0.277742 0.348648 0.391304 0.093978 0.379997 0.240112 0.342206 -0.010017 0.082120 0.091040 -0.045185 -0.052343 0.025669 -0.054439 0.154348 -0.155739 0.080766 0.028012 0.239553 -0.016159 0.051371 -0.170587 -0.058820 -0.105293 -0.136126 0.183459 0.270582 -0.038630 0.290239 -0.148926 -0.018341 -0.091656 -0.030648 0.061591 0.169555 0.209404 0.329802 0.044904 0.106401 0.011976 0.267926 0.193559 0.097145 -0.203696 -0.030782 0.114198 0.059149
-0.082649 -0.220543 0.551742 0.467109 0.288837 0.110008 0.302806 0.209828 0.198332 -0.025452 -0.118467 -0.239306 0.177915 -0.167745 0.146583 0.011341 -0.201748 -0.163444 0.010561 -0.214537 0.257477 0.293760 1.000000 0.623843 0.425422 0.441815 0.303909 0.206624 -0.146027 -0.183744 0.301336 0.421584 0.141205 0.149399 0.107815 0.255602 -0.118742 -0.165258 0.036650 0.205260 -0.089831 -0.006340 -0.171341 -0.141945 -0.061864 -0.204921 -0.169762 -0.109062 -0.046835 -0.038071 0.108693 -0.153504 -0.065450 -0.140208 -0.143919 -0.028076 -0.095271 0.003581 0.023707 -0.235123 -0.217529 -0.299530 -0.221386 -0.234754 0.351856 0.021551 -0.117327 -0.050166 -0.206238 0.021704 -0.016632 -0.013255 -0.273548 0.031513 0.084369 0.113476 -0.088810 -0.039117 -0.170604 -0.068271 -0.122173 -0.152726 0.077082 -0.085674 0.145191 -0.035320 0.199360 0.323546 0.286806 0.186234 -0.210476 -0.125639 0.004485 -0.116000 0.038578 0.095715 -0.212581 0.094181 -0.177212 -0.100053 -0.191437 0.050844 -0.070478 -0.031921 -0.148402 -0.097203 0.011607 -0.056197 -0.064673 0.008045 0.013737 -0.213695 -0.416983 -0.122994 0.040086 0.060013
-0.214602 -0.202770 0.128430 0.557435 0.232943 0.116809 0.211157 0.091675 0.289642 0.221356 -0.025242 -0.030524 -0.037331 -0.215297 0.155828 0.139282 0.070406 -0.036759 -0.037681 -0.031196 0.262255 0.164396 0.623843 1.000000 0.471837 0.477739 0.171472 0.096151 0.043309 -0.063161 0.179365 0.382344 0.084771 0.202174 -0.028803 0.317797 -0.130705 -0.146362 -0.111973 0.098955 -0.144673 0.004013 -0.145015 -0.166253 -0.129916 -0.180498 -0.204148 -0.128078 -0.123116 0.037241 0.012800 -0.186165 -0.078901 -0.097436 -0.377169 -0.069621 -0.210675 -0.111305 -0.023909 -0.162002 -0.266853 -0.322196 -0.023165 -0.029769 0.229421 -0.101233 -0.166746 -0.119486 -0.210339 0.185037 0.081104 0.163325 -0.235768 0.075527 0.065329 0.213035 -0.101445 0.035805 -0.113030 0.027315 0.104409 -0.016869 0.238051 0.197573 0.139649 -0.045251 0.283555 0.156819 0.222520 0.021037 -0.069496 -0.117450 0.236821 -0.192298 0.037848 -0.028030 -0.413984 0.001700 -0.247733 -0.183049 -0.042383 -0.205427 -0.111929 -0.109379 -0.170637 0.094835 0.000380 0.081671 -0.125520 -0.073970 -0.107048 -0.195356 -0.386049 -0.308834 -0.009634 -0.023726
-0.377874 -0.193745 0.055508 0.310420 0.389469 0.311925 -0.138666 -0.112171 0.332444 0.211887 -0.502862 -0.388645 -0.286712 -0.477042 0.131460 -0.020137 -0.068197 0.046231 -0.302930 -0.146983 0.287857 0.129005 0.425422 0.471837 1.000000 0.444917 0.534049 0.298919 0.085839 -0.161881 -0.101851 -0.063975 -0.128933 -0.165063 -0.001083 0.024341 0.054311 0.027805 0.085032 -0.071723 0.111903 -0.066468 -0.051871 0.008154 0.191412 0.185791 0.064693 0.117573 0.172381 0.321037 0.341970 0.152719 0.171840 0.155757 -0.118107 0.209387 0.005633 0.063671 0.082397 0.076382 -0.409446 -0.317330 -0.166202 -0.158181 0.060684 -0.056913 0.098083 0.169813 0.015629 0.108759 0.086428 -0.090142 -0.116853 -0.169411 0.091597 -0.029836 -0.256140 -0.232893 0.049700 0.210417 0.178092 0.185600 0.259410 0.068070 0.484618 0.226481 0.193268 0.242190 0.070256 -0.071508 -0.123562 -0.211454 -0.261318 -0.201765 -0.193085 -0.335245 0.057646 -0.291657 0.128286 -0.256846 -0.092060 0.060615 -0.204963 -0.139249 -0.251264 -0.031583 0.028441 0.006588 -0.085890 -0.175287 -0.057421 -0.158790 -0.424331 -0.141857 -0.025860 -0.082452
-0.327075 -0.297292 0.148589 0.392709 -0.040350 0.177257 -0.290117 -0.082699 0.044343 0.165603 -0.277995 -0.381957 -0.182144 -0.280278 0.168974 -0.040271 -0.016393 0.090816 -0.178026 -0.254150 0.282662 0.200942 0.441815 0.477739 0.444917 1.000000 0.047172 0.211771 0.160485 0.014952 0.019631 0.243322 -0.131747 -0.095014 0.040562 0.192812 -0.042859 0.062375 -0.022954 0.035115 0.085946 -0.017351 -0.148550 -0.080323 0.038022 -0.043663 -0.126461 -0.013553 0.015290 0.131459 0.216231 0.068687 0.184834 0.097590 -0.106000 0.001979 -0.108493 0.033989 -0.026454 -0.048543 -0.398560 -0.333034 -0.183399 -0.239164 0.068533 0.023653 -0.012186 0.180611 -0.013578 0.194822 0.014959 0.145518 -0.091693 -0.060832 0.071899 0.025235 -0.130712 0.022245 0.053824 0.455472 0.246458 0.223840 0.284147 -0.059065 0.290604 0.085760 0.275608 0.325088 0.109436 0.007157 -0.177503 -0.097156 0.009848 -0.058753 0.047084 -0.212040 -0.096580 -0.042391 -0.172865 -0.140624 -0.254157 -0.024580 -0.107231 -0.030389 -0.126159 -0.019852 0.007641 0.065906 -0.106244 -0.099690 0.102107 -0.188586 -0.311198 -0.255193 0.081195 -0.035182
-0.264666 -0.286059 0.051927 0.196603 0.693465 0.650305 -0.092464 -0.129657 0.413527 0.234890 -0.352639 -0.252126 -0.199695 -0.158851 0.172654 0.314087 -0.249480 -0.184205 -0.279656 -0.182560 0.402776 0.413048 0.303909 0.171472 0.534049 0.047172 1.000000 0.707302 -0.099866 -0.208883 -0.030004 -0.074288 -0.174804 -0.258480 0.101096 -0.109872 0.018751 -0.022933 0.235379 0.137684 0.030631 0.044103 -0.060102 0.064969 0.138675 0.155569 0.151008 0.125019 0.164392 0.181857 0.370239 0.142248 0.103806 0.128914 0.199779 0.234690 0.006477 -0.105332 0.009363 0.014812 -0.344333 -0.370509 -0.245004 -0.312390 -0.026643 0.029065 0.069315 0.168099 -0.008439 -0.016451 0.085714 -0.086651 -0.178340 -0.082569 -0.043774 -0.069230 -0.308671 -0.371606 -0.066914 -0.112148 -0.074272 -0.019022 0.105471 0.179578 0.275919 0.296756 0.073759 0.197664 0.240947 0.196166 -0.091026 -0.118976 -0.266126 -0.050938 -0.105248 -0.126566 0.154225 -0.255892 0.108052 -0.269335 -0.178478 0.018174 -0.290586 -0.008713 -0.100877 0.126010 -0.034683 0.046437 -0.014640 -0.092255 -0.066516 -0.123854 -0.361594 0.088333 0.047089 -0.103051
-0.005837 -0.155046 -0.012582 0.158975 0.489476 0.773585 -0.301469 -0.142974 0.235131 0.178557 -0.316640 -0.357552 -0.144259 -0.141285 -0.004257 0.216113 -0.339643 -0.344345 -0.320160 -0.231818 0.232843 0.262802 0.206624 0.096151 0.298919 0.211771 0.707302 1.000000 -0.318631 -0.367247 -0.223146 -0.249283 -0.188032 -0.359012 0.255113 -0.057445 -0.143104 -0.055545 -0.034950 -0.013972 -0.139500 -0.183988 0.030324 0.216424 0.184291 0.201287 0.266639 0.320073 0.315484 0.257931 0.474248 0.286237 0.194700 0.204052 0.243917 0.209060 0.195120 0.039816 0.197147 0.156415 -0.273067 -0.262875 -0.333642 -0.442143 -0.112978 0.182541 0.236826 0.288029 0.098746 0.175856 -0.127202 -0.161295 -0.352302 -0.240645 -0.258201 -0.187099 -0.357580 -0.316436 -0.224644 -0.088407 -0.173000 -0.154840 -0.045870 -0.007311 0.193695 0.203279 0.027054 0.020542 0.341962 0.224801 -0.030327 0.005298 -0.149824 0.122759 -0.141932 -0.130607 0.254176 -0.197369 0.128221 -0.180171 -0.192703 0.038711 -0.215190 -0.025563 -0.006732 0.157363 -0.122318 0.090800 0.034625 -0.046304 0.119693 -0.062243 -0.180343 0.158485 0.044989 -0.108017
-0.309700 -0.094661 -0.236252 -0.080064 -0.060674 -0.178730 -0.069297 -0.302537 0.002660 0.259191 0.141041 0.094423 -0.220262 -0.225090 0.563599 0.091339 0.731007 0.719366 0.002826 0.129106 0.156800 -0.044924 -0.146027 0.043309 0.085839 0.160485 -0.099866 -0.318631 1.000000 0.652198 -0.125236 0.086314 -0.034466 -0.033074 -0.180280 -0.085909 0.323082 -0.035236 0.132816 -0.121244 0.400411 0.172475 -0.291694 -0.299716 -0.283279 -0.235817 -0.296389 -0.462758 -0.149448 -0.136231 -0.293396 -0.137602 -0.182198 -0.253126 -0.287094 -0.191587 -0.353294 -0.087801 -0.067008 -0.145253 0.143541 -0.077585 0.457866 0.465075 0.135293 -0.284900 -0.178296 -0.159364 0.045158 -0.042164 0.193411 0.140759 0.609333 0.137179 0.385568 0.018078 0.183383 -0.034066 0.605695 0.680281 0.812781 0.788295 0.768083 0.410494 0.325341 0.226855 0.396562 0.226475 -0.163390 -0.121410 -0.456654 -0.439186 -0.214403 -0.387504 -0.064662 -0.247908 -0.241075 -0.194958 -0.419592 -0.348111 -0.265945 -0.361617 -0.409860 -0.347130 -0.493435 -0.271567 -0.164478 -0.021564 -0.202361 -0.252226 -0.160139 -0.355791 -0.266161 -0.373091 -0.120578 -0.145824
-0.294686 -0.263715 -0.248977 -0.215108 -0.117424 -0.354351 0.072270 -0.131969 -0.035123 0.029096 0.187470 0.373167 -0.003904 0.129017 0.271083 0.255563 0.471309 0.590652 -0.035941 -0.006671 0.362838 0.191672 -0.183744 -0.063161 -0.161881 0.014952 -0.208883 -0.367247 0.652198 1.000000 0.256374 0.427824 0.004901 0.199037 0.019956 0.107945 0.424662 0.293745 0.140673 0.096727 0.379657 0.481045 -0.121749 -0.248182 -0.224328 -0.256091 -0.259887 -0.472102 -0.342953 -0.272724 -0.402426 -0.308104 -0.350165 -0.350348 -0.327152 -0.327561 -0.449565 -0.346874 -0.378208 -0.460020 0.033347 -0.044281 0.419155 0.459495 0.150892 -0.194079 -0.342389 -0.327876 -0.311114 -0.429407 0.503287 0.456782 0.784864 0.558768 0.531378 0.427834 0.581163 0.447186 0.472645 0.468306 0.412981 0.563754 0.273176 0.435013 -0.032121 0.124238 0.037241 -0.024992 -0.255190 -0.278144 -0.329853 -0.262206 -0.025161 -0.242517 -0.006451 0.092838 -0.204635 0.008172 -0.318212 -0.136442 -0.131920 -0.089086 -0.093552 0.005855 -0.151256 -0.126524 -0.142322 -0.065971 -0.097036 -0.061213 0.035790 -0.130726 -0.014220 -0.104508 0.086277 -0.018247
-0.174899 -0.250942 0.218629 0.039521 0.064725 -0.221606 0.393660 0.258814 0.085818 -0.246729 0.176989 0.395940 0.232008 0.348102 -0.147675 0.150077 -0.120775 -0.088700 0.095932 0.054527 0.306798 0.379159 0.301336 0.179365 -0.101851 0.019631 -0.030004 -0.223146 -0.125236 0.256374 1.000000 0.822291 0.480031 0.653238 -0.082155 0.205043 0.045247 0.020350 0.067711 0.297596 0.109906 0.446228 -0.260676 -0.349762 -0.211074 -0.242777 -0.404925 -0.338273 -0.529149 -0.393682 -0.447004 -0.608683 -0.379308 -0.349110 -0.098407 -0.323825 -0.236206 -0.209197 -0.341565 -0.364135 0.015579 -0.091566 0.255732 0.181608 0.126790 -0.189505 -0.187017 -0.106734 -0.364475 -0.278440 0.407796 0.358095 0.227708 0.526589 0.348540 0.558756 0.355140 0.430846 -0.048296 -0.273075 -0.319677 -0.307185 -0.317031 0.169001 -0.411575 -0.355637 -0.123067 0.049363 -0.074818 -0.148862 -0.076294 0.073835 0.147232 -0.030164 0.230920 0.497668 -0.229834 0.265001 -0.154254 0.126530 0.027725 0.199731 0.278799 0.315554 0.279708 0.197801 -0.007395 -0.032681 0.103979 0.137174 -0.114583 -0.077408 -0.096498 0.052839 0.170311 0.347855
-0.245544 -0.359113 0.154447 0.186753 -0.031216 -0.265858 0.316339 0.187283 0.056807 -0.132506 0.222648 0.354298 0.169410 0.246384 0.025697 0.198283 -0.002679 0.023013 0.043531 -0.050378 0.413972 0.429848 0.421584 0.382344 -0.063975 0.243322 -0.074288 -0.249283 0.086314 0.427824 0.822291 1.000000 0.373678 0.638877 -0.049456 0.332884 0.098373 0.089254 0.119041 0.401932 0.129046 0.461579 -0.246505 -0.356303 -0.238784 -0.332253 -0.404440 -0.424432 -0.558642 -0.369161 -0.442386 -0.562573 -0.400814 -0.399504 -0.201204 -0.288373 -0.373109 -0.274551 -0.368683 -0.449934 -0.091940 -0.189655 0.225611 0.177399 0.243006 -0.192952 -0.331996 -0.186757 -0.450580 -0.293892 0.349678 0.405127 0.242371 0.511924 0.325407 0.547761 0.318578 0.393737 0.049150 -0.066465 -0.087380 -0.072826 -0.084329 0.279542 -0.324301 -0.215607 0.068015 0.163254 -0.033906 -0.056164 -0.223779 -0.094477 0.171340 -0.183692 0.256477 0.420439 -0.304098 0.309115 -0.322107 0.013498 -0.070134 0.122760 0.131663 0.213990 0.119854 0.132431 -0.021960 -0.030230 0.009031 0.158505 -0.020160 -0.143002 -0.198934 -0.073393 0.185889 0.258660
0.223487 0.376430 0.110162 0.137874 -0.170130 -0.213637 0.239755 0.105560 -0.098318 -0.226544 0.233521 0.355540 0.113210 0.148841 -0.246547 -0.198408 0.163624 0.028198 0.298953 0.527012 -0.194632 -0.021498 0.141205 0.084771 -0.128933 -0.131747 -0.174804 -0.188032 -0.034466 0.004901 0.480031 0.373678 1.000000 0.737679 -0.098658 0.009699 -0.213550 -0.392949 -0.233614 -0.128132 -0.037739 0.012483 -0.213390 -0.209776 -0.247544 -0.221149 -0.225710 -0.293063 -0.416995 -0.277611 -0.405282 -0.486423 -0.446013 -0.406924 -0.253340 -0.294759 0.147344 0.359723 0.037489 -0.111208 0.273514 0.096027 0.345231 0.339065 0.076981 -0.220952 0.306234 0.057187 0.172576 0.281269 -0.042495 -0.032686 0.122114 0.040002 0.066767 0.139314 0.040586 0.003801 0.117438 -0.123653 -0.080349 -0.217212 -0.193936 -0.017174 -0.272569 -0.476092 -0.072653 -0.053581 -0.240099 -0.257696 -0.327429 -0.224996 -0.096346 -0.225599 -0.003266 0.251418 -0.213113 0.101344 -0.266009 -0.126865 0.018068 -0.010021 -0.052230 0.009095 -0.084009 -0.011126 -0.062845 0.042138 -0.013048 -0.000717 -0.326100 -0.292268 -0.124292 -0.086300 0.096795 0.281915
-0.024749 0.088577 0.211894 0.033975 -0.106260 -0.335438 0.450304 0.380238 0.009591 -0.095618 0.212093 0.379294 0.153990 0.243407 -0.348508 -0.097393 0.110963 0.064783 0.207565 0.340021 0.002532 0.144490 0.149399 0.202174 -0.165063 -0.095014 -0.258480 -0.359012 -0.033074 0.199037 0.653238 0.638877 0.737679 1.000000 -0.027048 0.393369 -0.087226 -0.180186 -0.167372 0.097862 -0.066416 0.180339 -0.299992 -0.436816 -0.237493 -0.338396 -0.462372 -0.440273 -0.528807 -0.493254 -0.609087 -0.647541 -0.529976 -0.511106 -0.301830 -0.423665 -0.122911 -0.012371 -0.200594 -0.225857 0.242060 0.226651 0.363135 0.428489 0.234092 -0.121576 -0.001547 -0.045218 -0.206559 -0.033337 0.161752 0.172893 0.197447 0.263245 0.191013 0.364671 0.221024 0.284274 0.154339 -0.153360 -0.136232 -0.185209 -0.252813 0.060021 -0.422122 -0.581017 -0.138767 -0.156614 -0.197266 -0.267296 -0.049274 0.044041 0.166378 -0.105953 0.121401 0.347335 -0.308932 0.239804 -0.279479 0.052516 0.147300 0.060941 0.206842 0.174289 0.134432 0.155690 0.059722 0.035886 0.103310 0.121948 -0.152337 -0.131682 0.009047 -0.047742 0.165482 0.353774
-0.028670 -0.294413 -0.002390 -0.026386 0.105254 0.192256 0.027018 0.023761 0.173551 -0.010555 -0.192951 -0.133928 0.208119 0.113343 -0.035635 0.042216 -0.126072 0.008777 -0.251470 -0.364007 0.002609 0.015150 0.107815 -0.028803 -0.001083 0.040562 0.101096 0.255113 -0.180280 0.019956 -0.082155 -0.049456 -0.098658 -0.027048 1.000000 0.211764 0.031679 0.062773 -0.047938 -0.027076 0.027674 -0.000292 0.267090 0.217382 0.243517 0.146045 0.214781 0.141313 0.117909 0.040653 0.196075 0.155692 -0.135776 0.025868 0.079033 -0.032683 -0.033506 -0.191098 -0.103336 -0.321623 -0.143244 -0.040154 -0.300396 -0.229221 0.429934 0.450484 0.039127 0.120166 -0.220511 -0.265372 0.030228 0.064415 0.048056 -0.021699 -0.055673 -0.095748 0.098544 0.011601 -0.092464 -0.021068 -0.290220 -0.143823 -0.304093 -0.253524 0.185720 0.084254 -0.227607 -0.137364 0.147889 -0.071033 0.001446 0.199433 0.020483 0.242776 -0.052647 -0.106254 0.144283 -0.085141 0.081253 0.020916 0.045589 0.201930 0.121377 0.178202 0.116126 -0.026162 -0.077595 -0.078340 0.077870 -0.072301 0.350943 0.130003 0.082424 0.242496 0.121570 -0.018260
-0.296564 -0.339904 0.191113 0.108932 0.062631 0.004877 0.210349 0.349217 0.112632 0.233535 0.025177 -0.054337 0.157594 0.040492 -0.158850 0.025753 -0.074723 -0.105034 -0.089845 -0.210709 0.243287 0.221606 0.255602 0.317797 0.024341 0.192812 -0.109872 -0.057445 -0.085909 0.107945 0.205043 0.332884 0.009699 0.393369 0.211764 1.000000 -0.077216 0.119754 -0.185268 0.094534 -0.162749 0.141373 -0.039177 -0.128157 0.133766 -0.075707 -0.275650 -0.131701 0.002286 -0.147840 -0.146458 -0.206756 -0.178235 -0.229269 -0.313774 -0.253500 -0.342862 -0.395282 0.001375 -0.144549 0.002262 0.125301 0.033798 0.134381 0.196932 0.172717 -0.153845 0.163305 -0.544370 -0.227125 0.176398 0.238602 -0.047374 0.223183 0.026243 0.406941 0.239518 0.399277 -0.117212 -0.066176 -0.075390 -0.084471 -0.061672 -0.009252 -0.213913 -0.152151 -0.114937 -0.201844 0.035831 -0.078919 0.049150 0.126053 0.306492 0.012607 -0.095926 0.052391 -0.313238 0.146668 -0.168056 -0.002983 0.140342 0.045942 0.237165 0.170090 0.069607 0.027631 0.062995 0.025543 -0.167443 0.303269 0.359176 -0.002212 0.064222 -0.070017 0.134856 0.030625
