1.000000 0.258367 0.570491 0.465339 0.050152 0.171090 0.338837 0.377638 -0.086116 -0.231853 0.156225 0.236936 0.020471 -0.282084 -0.168995 -0.516173 -0.326790 -0.011455 0.656642 0.488696 -0.182171 -0.231955 0.431488 0.459668 -0.174932 0.190805 -0.101689 0.005713 -0.318557 -0.540051 -0.419898 0.086687 0.227458 0.211129 -0.243636 0.059469 0.172981 -0.442195 0.277998 0.014967 -0.606392 -0.180527 -0.254161 -0.181895 -0.065171 -0.139904 -0.323313 0.175162 0.072463 -0.164467 -0.328041 -0.272975 -0.163853 -0.029389 -0.143052 -0.095585 0.523214 -0.112916 -0.136462 -0.043691 -0.131172 -0.096258 -0.183814 -0.369430 -0.074293 0.144526 0.026145 0.215238 -0.092256 0.103108 -0.045484 -0.127956 -0.201292 -0.451913 -0.150393 -0.235928 0.018582 -0.329060 -0.292899 -0.170520 -0.332155 -0.169465 -0.085493 0.137317 -0.271252 -0.017920 -0.048596 0.232733 0.071716 0.084013 -0.006914 -0.031820 -0.066080 0.068211 -0.215300 -0.328403 -0.034566 0.073885 -0.214221 0.201179 0.016269 0.012781 -0.271439 0.007968 -0.385194 -0.168322 -0.157126 -0.073789 -0.038362 -0.012180 0.291556 0.353180 0.020853 0.262917 -0.112231 -0.221897
0.258367 1.000000 0.100057 0.172129 0.135074 0.125764 -0.027556 0.369187 -0.133836 -0.112325 -0.022823 0.251301 -0.064260 -0.004086 -0.032482 -0.140897 -0.021698 0.098650 0.123029 0.384506 0.047300 -0.026636 -0.032273 -0.111040 -0.079475 -0.111226 0.114601 0.149837 -0.223471 -0.160645 -0.379408 -0.317368 0.186420 0.062641 -0.077566 -0.130402 -0.000203 -0.042044 -0.043866 0.054401 -0.250100 0.156471 -0.076972 -0.062290 -0.078180 -0.056641 -0.266909 -0.071476 -0.055554 0.102536 -0.072658 -0.015233 0.113444 0.055260 -0.004876 0.005835 0.234004 0.429229 -0.137381 0.128046 -0.093117 0.115683 -0.059056 -0.005742 -0.273985 -0.087164 0.187896 -0.152705 0.318823 0.187102 -0.173965 -0.211409 -0.181374 -0.047174 -0.012648 0.021692 -0.157439 -0.100173 -0.075504 0.052124 -0.109140 -0.008063 -0.014223 0.162557 -0.043712 -0.097686 -0.074906 0.221455 0.124294 0.028941 -0.010185 -0.021562 0.020221 0.052252 -0.079476 -0.206136 -0.157091 -0.177461 0.026675 -0.202529 -0.215003 0.132320 -0.049056 -0.023325 0.002949 -0.079684 -0.108017 -0.164339 -0.006843 0.006532 0.008642 0.066161 0.035808 0.152196 -0.089075 -0.192656
0.570491 0.100057 1.000000 0.625956 0.136628 0.284157 0.859367 0.579066 -0.006875 -0.157514 -0.112973 0.126524 -0.108301 -0.221489 -0.092115 -0.286471 -0.260193 -0.007052 0.586967 0.243210 -0.228841 -0.187343 0.644396 0.500322 -0.262209 -0.043890 0.057281 0.103658 -0.515576 -0.533370 -0.320442 0.001561 0.221214 0.281522 -0.264553 -0.053471 -0.119207 -0.413068 0.131768 0.042503 -0.528802 -0.120455 -0.344820 -0.245797 0.148451 -0.135526 -0.283994 -0.079018 0.323356 -0.159576 -0.079587 -0.088664 -0.285775 -0.122664 -0.027776 -0.340682 0.112357 -0.203904 0.151058 0.150591 0.266604 0.198013 -0.232583 -0.078954 0.168275 0.449987 0.064241 0.222495 -0.168917 0.078589 -0.349903 -0.223078 -0.425585 -0.461846 -0.260791 -0.351175 -0.287741 -0.390611 -0.412905 -0.291460 -0.441868 -0.213846 0.068585 0.128424 -0.233407 -0.139097 -0.030820 0.017728 0.063942 0.042379 0.153404 0.019097 -0.062340 -0.065805 -0.207817 -0.436246 -0.018644 -0.096491 -0.208328 0.027307 0.137403 -0.086860 -0.257445 -0.151093 -0.489907 -0.234732 -0.245329 -0.222715 -0.266156 -0.205120 0.027095 0.078743 -0.088984 -0.058285 -0.227323 -0.396142
0.465339 0.172129 0.625956 1.000000 0.204882 0.342162 0.471902 0.557280 0.004394 0.124990 -0.148397 0.171449 -0.062451 -0.132301 -0.014774 -0.235895 -0.170328 0.190882 0.580409 0.490126 -0.135811 -0.119901 0.517110 0.634062 -0.083296 0.067408 -0.000573 0.016527 -0.467675 -0.340741 -0.280131 0.222370 0.009934 0.164871 -0.159629 0.145299 -0.134338 -0.411416 0.054895 -0.136494 -0.540898 -0.013569 -0.268317 -0.305837 0.056840 -0.128190 -0.284773 -0.326914 0.087374 -0.284350 0.063102 -0.228361 -0.237604 -0.248609 0.128845 -0.397172 0.096320 -0.133521 -0.052604 -0.002030 -0.021825 -0.166833 -0.050199 -0.167686 0.205273 0.175647 0.237930 0.125997 0.153699 0.169382 -0.243976 -0.096365 -0.406132 -0.261190 -0.207250 -0.167555 -0.139091 -0.293513 -0.331566 0.016371 -0.211871 -0.022454 0.077825 0.268525 0.083670 -0.065692 0.061166 0.153953 0.310776 -0.041953 0.149345 0.025131 0.046982 0.051778 -0.171568 -0.437865 -0.090835 -0.188226 -0.182299 -0.224161 0.187961 0.124229 -0.149930 -0.247222 -0.343146 -0.388781 -0.103618 -0.376458 -0.285901 -0.199286 -0.082563 -0.052195 -0.142467 -0.044522 -0.347503 -0.552642
0.050152 0.135074 0.136628 0.204882 1.000000 0.763357 0.041235 0.101624 0.338747 0.304649 -0.297448 -0.084705 -0.122746 -0.095864 0.413394 0.202477 -0.240694 -0.250593 0.043313 0.170181 0.519643 0.266931 0.158882 0.067542 0.365816 0.162749 0.630224 0.607544 -0.237774 -0.229490 -0.240721 -0.488266 -0.126277 -0.250281 0.143009 -0.054092 -0.030765 0.002739 -0.117680 -0.119707 -0.060984 0.019484 -0.173360 -0.082325 0.011394 -0.101657 -0.020365 -0.055161 0.004948 -0.047356 -0.021247 0.102851 0.041023 0.242034 0.104119 -0.016336 0.233395 -0.082838 0.104230 0.173274 -0.136343 -0.230380 -0.043368 -0.269755 -0.163583 -0.094799 0.170825 -0.073268 0.261856 0.135714 -0.214049 -0.333879 -0.194522 -0.220732 -0.213351 -0.088965 -0.111735 -0.158316 -0.335950 -0.145767 0.040917 -0.168997 0.201340 0.276828 0.151647 0.004589 0.070336 -0.160408 0.174338 0.247532 0.076170 -0.039037 -0.135207 0.058246 -0.012757 0.100923 0.010161 -0.106733 -0.013607 -0.115017 -0.041351 0.102202 0.003699 -0.131048 -0.080774 0.076763 -0.026312 0.035600 -0.084087 0.220584 -0.138246 -0.029852 -0.084987 -0.146759 -0.135372 -0.094607
0.171090 0.125764 0.284157 0.342162 0.763357 1.000000 0.180956 0.083101 0.089083 0.408990 -0.448081 -0.187841 -0.306996 -0.230209 0.214854 0.112077 -0.275167 -0.088343 0.131253 0.189778 0.368458 -0.000208 0.437275 0.370059 0.280058 0.319140 0.472936 0.548898 -0.413996 -0.318086 -0.277319 -0.279312 -0.162479 -0.177488 0.214726 0.090889 -0.215331 -0.106437 -0.206401 -0.173343 -0.221155 -0.085038 -0.239466 -0.124969 0.082971 -0.045857 0.052595 -0.139888 0.074358 -0.152753 0.074196 0.087440 -0.125607 0.112213 0.313323 -0.248416 0.283218 0.016994 0.124016 0.169095 -0.151580 -0.352407 -0.082048 -0.209747 -0.017659 -0.074946 0.165104 0.043372 0.311608 0.317652 -0.302037 -0.204412 -0.476780 -0.284887 -0.340201 -0.188922 -0.247400 -0.260669 -0.451060 0.002190 -0.003887 -0.039704 0.305058 0.420445 0.214301 -0.061581 -0.173272 -0.188354 0.118762 0.180203 0.245640 0.131344 0.008261 0.100404 0.085260 -0.093308 0.111357 -0.251749 0.148006 -0.274408 0.129311 0.116127 0.119019 -0.340013 -0.085276 -0.090245 -0.169449 -0.051148 0.007333 0.258527 -0.046168 -0.049146 -0.047597 -0.122202 -0.211384 -0.175571
0.338837 -0.027556 0.859367 0.471902 0.041235 0.180956 1.000000 0.496602 -0.099209 -0.272254 -0.131349 0.043757 -0.134587 -0.270088 -0.052913 -0.235088 -0.107835 0.049699 0.353864 0.028826 -0.160356 -0.152952 0.682746 0.487544 -0.298733 -0.158159 0.039720 0.065736 -0.410224 -0.330225 -0.176436 0.094079 0.279099 0.381013 -0.279465 -0.063559 -0.198289 -0.272411 0.120916 0.097344 -0.382881 -0.026115 -0.329575 -0.143131 0.209503 -0.067767 -0.237077 -0.160006 0.261416 -0.034670 -0.021810 -0.012370 -0.363969 -0.168320 -0.051276 -0.366094 -0.017775 -0.195406 0.270274 0.093105 0.382556 0.300860 -0.182514 0.147012 0.331373 0.489907 0.103912 0.161350 -0.272315 -0.046338 -0.327577 -0.164388 -0.365495 -0.282532 -0.111062 -0.237442 -0.240317 -0.285505 -0.394793 -0.281344 -0.435319 -0.198113 0.160395 0.225405 -0.198125 -0.093288 -0.049815 -0.030825 -0.075093 0.017019 0.037420 -0.055529 -0.157427 -0.162777 -0.208046 -0.397385 0.009327 -0.121271 -0.249705 -0.001310 0.201569 -0.067893 -0.174204 -0.212207 -0.462413 -0.261938 -0.293105 -0.227553 -0.381850 -0.272270 -0.110771 -0.023869 -0.107308 -0.171098 -0.259455 -0.361770
0.377638 0.369187 0.579066 0.557280 0.101624 0.083101 0.496602 1.000000 -0.094828 -0.105703 0.082476 0.449230 0.171277 0.132195 -0.110698 -0.157707 -0.215999 0.009406 0.305007 0.279979 -0.159718 0.118961 0.174523 0.164379 -0.342820 -0.270937 0.122543 0.112619 -0.383764 -0.302856 -0.332590 -0.140459 0.307251 0.218942 -0.267303 -0.205235 0.003399 -0.362809 0.181660 -0.009463 -0.468247 0.059090 -0.236208 -0.301925 0.101548 -0.065908 -0.281447 -0.138056 0.143125 0.098593 -0.045678 -0.201208 -0.018316 -0.082843 -0.027516 -0.173144 -0.000438 -0.229704 -0.019897 0.159279 0.109607 0.283043 -0.052949 -0.165098 -0.053326 0.238467 0.270417 0.007709 -0.166110 -0.137150 -0.324302 -0.186448 -0.246860 -0.294284 -0.259517 -0.160287 -0.309130 -0.365287 -0.264567 -0.262395 -0.260634 -0.284909 -0.132782 -0.018324 -0.251316 -0.279111 0.034080 0.112547 0.169633 0.038480 0.050867 -0.166263 -0.063894 -0.021470 -0.120376 -0.310226 -0.010644 0.000803 -0.153396 -0.033829 0.075245 0.161201 -0.208071 0.038326 -0.267716 -0.174228 -0.057861 -0.187086 -0.122274 -0.106758 -0.027857 0.263337 0.168534 0.207008 -0.125132 -0.330153
-0.086116 -0.133836 -0.006875 0.004394 0.338747 0.089083 -0.099209 -0.094828 1.000000 0.514792 0.043775 -0.156535 0.304649 0.307451 0.497491 0.304888 -0.067847 -0.265443 0.069494 0.007138 0.022701 -0.106123 -0.090719 -0.115984 0.271432 -0.018753 0.155212 0.071262 0.137934 -0.093646 0.090973 -0.145330 -0.159216 -0.127395 0.134516 0.115439 -0.143693 -0.013010 -0.222217 -0.243995 0.030750 -0.176114 -0.191254 -0.058704 -0.111169 -0.104569 -0.140813 -0.015786 0.058691 -0.252264 -0.065043 0.018337 -0.066511 0.108628 -0.139788 -0.029461 0.050994 -0.106469 0.060767 0.032015 0.118747 0.087661 -0.036858 -0.062895 -0.104311 0.072211 -0.247205 0.106627 0.071367 0.170061 0.075885 -0.061943 0.088309 -0.029115 -0.097861 -0.014142 0.036556 0.070733 0.038769 -0.050644 0.193096 -0.042209 -0.058252 -0.264156 0.123210 -0.019170 0.102341 -0.216999 -0.036511 0.082381 0.131495 0.160414 0.012493 -0.077730 0.068658 0.131202 -0.052138 -0.118821 -0.075452 -0.043263 -0.081238 -0.193858 -0.115265 0.001385 -0.141720 0.127351 0.039565 0.075818 0.081875 0.082755 0.006687 -0.167863 -0.149767 -0.207656 0.008755 0.063294
-0.231853 -0.112325 -0.157514 0.124990 0.304649 0.408990 -0.272254 -0.105703 0.514792 1.000000 -0.217756 -0.176976 0.079425 0.378481 0.175966 0.533671 0.022082 0.069660 -0.103374 -0.032570 0.061028 -0.050170 -0.083706 -0.012147 0.474044 0.274098 0.000254 -0.005296 -0.047336 0.164559 0.119166 0.017155 -0.457563 -0.305143 0.262535 0.195250 -0.360101 0.080850 -0.315522 -0.440927 -0.010790 -0.042671 0.113730 0.058797 0.143652 0.126756 0.239380 -0.278872 0.176286 -0.162820 0.403848 0.128544 -0.126714 -0.125147 0.357347 -0.169623 -0.043225 -0.110795 0.043339 0.005441 0.099409 -0.215538 0.069951 -0.043401 0.031013 -0.140526 -0.098237 -0.000604 0.362530 0.232358 -0.060260 0.125515 -0.176751 0.149605 -0.251172 0.133262 -0.109568 0.031587 -0.028248 0.310318 0.296084 0.230489 -0.000233 -0.026762 0.326221 -0.157175 -0.082785 -0.136110 0.053767 -0.195389 0.260419 0.127481 0.238717 -0.169605 0.078070 -0.017556 -0.025343 -0.330346 0.234469 -0.345593 0.019473 -0.103442 0.090590 -0.234427 0.067600 -0.128377 0.002003 -0.128394 0.005660 0.005175 -0.105180 -0.350574 -0.204767 -0.248418 -0.170666 -0.183316
0.156225 -0.022823 -0.112973 -0.148397 -0.297448 -0.448081 -0.131349 0.082476 0.043775 -0.217756 1.000000 0.169343 0.637090 -0.006407 0.112973 -0.170614 -0.017084 -0.144827 0.089104 -0.017346 -0.123058 -0.041334 -0.187709 -0.181568 -0.016581 -0.013222 -0.282935 -0.349378 0.506757 0.089009 0.098603 0.081882 0.151799 0.092607 -0.208317 -0.105873 0.168418 -0.098956 0.143295 0.082345 -0.150807 -0.012410 -0.005481 -0.023407 -0.163536 -0.053576 -0.334470 0.104420 0.068568 0.031421 -0.147774 -0.087361 0.006683 -0.017263 -0.344664 0.065438 -0.154102 -0.296090 -0.170387 -0.157883 0.056911 0.217572 -0.078871 -0.102775 -0.068851 0.167159 -0.086142 0.074738 -0.184441 -0.202973 0.483572 0.200015 0.484511 0.161294 0.277009 0.224431 0.284342 0.120799 0.383324 -0.045574 -0.174958 0.021077 -0.492821 -0.343085 -0.295952 0.183357 -0.127475 0.273369 -0.149195 -0.005862 -0.386527 -0.188672 -0.152290 -0.068269 -0.083931 0.095711 -0.083854 0.195682 -0.181720 0.217223 -0.025796 -0.217620 -0.175156 0.165136 0.035729 0.034576 0.067073 0.112810 0.166103 -0.038726 0.304384 0.133824 0.128872 0.318412 0.126265 0.148460
0.236936 0.251301 0.126524 0.171449 -0.084705 -0.187841 0.043757 0.449230 -0.156535 -0.176976 0.169343 1.000000 0.280669 0.361432 -0.419441 -0.311485 -0.130119 0.369916 0.045696 0.050512 -0.243044 0.137378 -0.045622 0.144997 -0.257663 0.113691 -0.260038 -0.178098 -0.227306 -0.053063 -0.299850 0.145850 0.378308 0.126824 -0.450713 -0.522994 0.496411 -0.251748 0.517876 0.080014 -0.337529 -0.034720 0.158354 -0.117094 0.015620 -0.216241 0.013629 -0.018682 0.132623 0.019861 0.105885 -0.325265 0.358735 -0.063692 -0.002632 0.211648 -0.218844 -0.282747 -0.178888 -0.122583 -0.081905 0.184891 -0.012930 -0.134419 -0.388986 -0.034503 0.353066 -0.219369 -0.135039 -0.331061 -0.091493 0.071550 0.081586 -0.073983 -0.042309 0.051625 0.027605 -0.396186 -0.219717 0.015097 -0.009067 -0.078256 -0.314864 -0.167368 -0.171944 -0.069852 0.287300 0.367576 0.068586 -0.027123 -0.231282 -0.379797 -0.024404 0.115733 -0.277424 -0.243446 0.007648 0.223034 -0.286146 0.204083 -0.311020 0.163446 -0.264501 0.408055 -0.122136 -0.043670 0.019145 -0.103772 -0.146831 -0.131424 0.076817 0.458780 0.191698 0.400833 0.184498 -0.066943
0.020471 -0.064260 -0.108301 -0.062451 -0.122746 -0.306996 -0.134587 0.171277 0.304649 0.079425 0.637090 0.280669 1.000000 0.491529 0.286196 0.227849 0.036134 -0.209064 -0.017814 0.061587 -0.107908 0.280022 -0.216306 -0.248036 0.085967 -0.099631 0.048039 0.003702 0.365016 0.121422 0.280510 -0.012089 0.035416 -0.162315 -0.045885 -0.226589 0.143462 -0.068000 0.079927 -0.146915 -0.044481 0.123655 -0.019491 -0.037700 -0.234088 -0.124185 -0.259004 0.010629 -0.097347 -0.014111 -0.195139 -0.171057 0.071074 0.171397 -0.373291 0.241025 -0.157506 -0.387669 -0.131013 -0.172964 0.031944 0.064033 0.073976 -0.337444 -0.039757 -0.047850 -0.017221 -0.154584 -0.136733 -0.311812 0.236723 0.156614 0.395819 0.131590 0.126892 0.213545 0.120293 -0.045624 0.146219 -0.165982 -0.064804 -0.162114 -0.250102 -0.643806 -0.094358 0.013119 0.327856 0.043848 0.161246 0.129267 -0.344697 -0.153452 -0.228103 0.077051 -0.141461 0.222387 -0.139642 0.094133 -0.273577 0.174075 -0.201689 0.020797 -0.242820 0.330483 0.066310 0.212315 0.232760 0.215636 0.088209 -0.126849 0.057826 0.115353 0.177606 0.186435 0.228818 0.189299
-0.282084 -0.004086 -0.221489 -0.132301 -0.095864 -0.230209 -0.270088 0.132195 0.307451 0.378481 -0.006407 0.361432 0.491529 1.000000 0.092476 0.614525 0.257983 0.030370 -0.281951 -0.084275 -0.100903 0.368727 -0.369818 -0.390623 0.032268 -0.205219 0.040276 0.069378 0.227552 0.403783 0.369880 0.006447 -0.157812 -0.316254 -0.002668 -0.307249 0.128613 0.078976 0.029830 -0.199540 0.236884 0.152823 0.160017 -0.031149 -0.077073 -0.187871 0.023103 -0.176133 -0.029667 -0.092600 0.182507 -0.141193 0.266518 0.083001 -0.025733 0.232936 -0.150686 -0.295758 0.032496 -0.037218 0.197913 0.100665 0.268271 -0.144453 -0.145776 -0.223351 0.015904 -0.386885 -0.015109 -0.322665 0.018142 0.222343 0.275320 0.344846 0.080327 0.237654 0.006460 -0.046545 0.107439 -0.097538 0.288266 -0.138489 0.052161 -0.509765 0.191737 -0.195210 0.445408 0.003547 0.233849 -0.071673 -0.076337 -0.186025 -0.036537 -0.109802 -0.089081 0.174540 -0.204486 0.070722 -0.140544 0.150984 -0.278922 0.108034 -0.237586 0.424264 0.066004 0.208405 0.383351 0.066320 -0.053366 -0.348096 -0.256276 -0.085090 0.022180 -0.054784 0.162902 0.072679
-0.168995 -0.032482 -0.092115 -0.014774 0.413394 0.214854 -0.052913 -0.110698 0.497491 0.175966 0.112973 -0.419441 0.286196 0.092476 1.000000 0.454332 0.008403 -0.527342 -0.061636 0.106140 0.460094 0.220858 -0.035593 -0.221330 0.228645 -0.324783 0.570617 0.435491 0.385736 0.084553 0.248917 -0.325481 -0.145683 -0.153391 0.360075 0.184302 -0.101891 0.270224 -0.251571 -0.028686 0.331899 0.233231 -0.394400 -0.182711 -0.269105 -0.237242 -0.375739 -0.109094 -0.278366 -0.191307 -0.324274 0.043657 -0.111599 0.272831 -0.273433 0.023074 0.104045 -0.176940 0.088583 0.125370 0.073124 0.022317 -0.007266 -0.141016 0.067246 0.086020 -0.035070 -0.075686 0.169974 0.110693 0.116612 -0.178694 0.206584 0.109992 0.175793 0.067198 0.081952 0.213323 0.104789 -0.222556 -0.054745 -0.211704 0.303257 -0.028092 0.190111 0.215939 0.096944 -0.287568 0.169413 0.305287 -0.182921 0.042505 -0.276388 -0.019629 0.057452 0.470159 -0.204278 0.008458 -0.244825 0.001602 0.075580 0.021073 0.018577 -0.109906 -0.042799 0.188457 0.145068 0.169004 0.071301 0.039790 -0.229620 -0.262477 -0.112807 -0.269240 -0.040638 0.116108
-0.516173 -0.140897 -0.286471 -0.235895 0.202477 0.112077 -0.235088 -0.157707 0.304888 0.533671 -0.170614 -0.311485 0.227849 0.614525 0.454332 1.000000 0.350117 -0.221147 -0.411255 -0.149763 0.263113 0.478082 -0.312967 -0.475702 0.326118 -0.249158 0.376996 0.338666 0.349680 0.556129 0.561815 -0.247132 -0.400514 -0.487532 0.310401 -0.134151 -0.324677 0.397144 -0.373961 -0.265219 0.493590 0.348908 0.119887 0.028217 -0.028762 -0.164152 0.158407 -0.313623 -0.116933 -0.083446 0.233250 0.177720 0.040764 0.202795 0.150836 0.103579 -0.089596 -0.204047 0.262661 0.035674 0.339075 -0.015237 0.250823 0.013989 0.131978 -0.234714 0.025452 -0.474697 0.248918 -0.127401 -0.030156 0.070199 0.188015 0.463621 0.139472 0.264668 -0.115672 0.141473 0.152575 -0.164915 0.158175 -0.104971 0.322254 -0.260087 0.335672 -0.064042 0.237322 -0.279764 0.236835 0.088549 -0.029377 0.009317 -0.120376 -0.170724 0.128226 0.401037 -0.196852 -0.128296 0.017395 -0.062828 -0.079429 0.038054 0.020151 0.090441 0.242067 0.230587 0.242096 0.146732 -0.005687 -0.187304 -0.443890 -0.446594 -0.081542 -0.367509 0.014272 0.061300
-0.326790 -0.021698 -0.260193 -0.170328 -0.240694 -0.275167 -0.107835 -0.215999 -0.067847 0.022082 -0.017084 -0.130119 0.036134 0.257983 0.008403 0.350117 1.000000 0.416333 -0.274433 -0.268625 -0.033557 0.176563 -0.087222 -0.251490 0.119233 -0.157785 -0.123285 -0.193935 0.409635 0.652383 0.387644 0.252018 -0.265059 -0.176798 -0.017877 -0.205040 -0.165601 0.231756 -0.120425 -0.094032 0.266292 0.360521 0.328086 0.384573 0.187456 0.042909 0.003935 -0.356928 -0.030724 0.058745 0.406964 0.079698 -0.191092 -0.323028 0.016166 -0.151907 0.007280 0.085717 0.090939 -0.237159 0.426174 -0.023553 0.428810 0.353839 0.319668 -0.161660 -0.040988 -0.430944 0.063641 -0.220673 0.313574 0.346164 0.294505 0.718293 0.513995 0.486765 0.314925 0.268441 0.532677 0.311510 0.354219 0.441145 0.207123 -0.030207 0.370627 0.144311 0.058919 0.179303 -0.078969 -0.231797 -0.176816 -0.184176 -0.201550 -0.422679 -0.163279 -0.046445 -0.291317 -0.244312 -0.140718 -0.090975 -0.138891 -0.065807 -0.145656 -0.006123 0.022006 -0.208930 0.098058 -0.170171 -0.342771 -0.313604 -0.372603 -0.472621 -0.432375 -0.363059 -0.216669 -0.237779
-0.011455 0.098650 -0.007052 0.190882 -0.250593 -0.088343 0.049699 0.009406 -0.265443 0.069660 -0.144827 0.369916 -0.209064 0.030370 -0.527342 -0.221147 0.416333 1.000000 -0.024727 -0.127450 -0.302281 -0.111359 0.213870 0.283238 0.017559 0.254883 -0.491616 -0.479436 -0.205938 0.258330 -0.106461 0.478983 -0.001064 0.102892 -0.227644 -0.197610 0.012118 -0.012278 0.182161 -0.091698 -0.237138 0.055410 0.408636 0.281342 0.363064 0.139133 0.226697 -0.284393 0.227128 0.065189 0.534242 -0.039985 -0.140774 -0.529727 0.307385 -0.238943 -0.160241 0.175336 -0.202351 -0.355721 0.092654 -0.137972 0.137096 0.326105 0.089457 -0.187090 0.085708 -0.193173 0.115725 -0.080929 0.080121 0.347769 -0.150492 0.309823 0.090185 0.256878 0.179779 -0.018988 0.101196 0.681655 0.341995 0.676669 -0.215102 0.201715 0.215623 0.085521 -0.062597 0.401100 -0.181544 -0.492979 -0.031085 -0.196188 0.077760 -0.270412 -0.190716 -0.549275 -0.064872 -0.236853 -0.032908 -0.217684 -0.161031 -0.032918 -0.132409 -0.162027 -0.084331 -0.492800 -0.227631 -0.412289 -0.351612 -0.174291 -0.043791 -0.077874 -0.240590 -0.028130 -0.249010 -0.456968
0.656642 0.123029 0.586967 0.580409 0.043313 0.131253 0.353864 0.305007 0.069494 -0.103374 0.089104 0.045696 -0.017814 -0.281951 -0.061636 -0.411255 -0.274433 -0.024727 1.000000 0.675266 -0.271113 -0.363609 0.385733 0.380497 -0.109511 0.124422 -0.120273 -0.085621 -0.293587 -0.503111 -0.393671 0.051073 0.215325 0.291488 -0.156483 0.272943 0.076251 -0.486677 0.118485 -0.114279 -0.509430 -0.226667 -0.258299 -0.288817 -0.151652 -0.211986 -0.258458 0.080315 0.002791 -0.415475 -0.282445 -0.315265 -0.250728 -0.091289 -0.105154 -0.294932 0.235206 -0.050879 -0.187861 0.029902 -0.149458 -0.121016 -0.113390 -0.349737 0.085229 0.135260 -0.060278 0.346803 0.105035 0.351131 -0.103201 -0.187420 -0.293335 -0.471253 -0.235094 -0.402020 -0.036271 -0.222620 -0.216074 -0.103802 -0.142766 -0.049520 -0.100275 0.161876 -0.068562 -0.006864 -0.103015 0.026052 0.146312 -0.017789 0.235071 0.154628 0.097659 0.053850 -0.161020 -0.341068 -0.104826 -0.135737 -0.127030 -0.072217 0.050681 -0.139724 -0.215622 -0.165404 -0.334526 -0.193911 -0.118021 -0.163978 -0.044097 -0.091696 0.212634 0.181455 0.006047 0.066423 -0.197037 -0.312123
0.488696 0.384506 0.243210 0.490126 0.170181 0.189778 0.028826 0.279979 0.007138 -0.032570 -0.017346 0.050512 0.061587 -0.084275 0.106140 -0.149763 -0.268625 -0.127450 0.675266 1.000000 0.030894 -0.051991 0.070729 0.161606 -0.032459 -0.050229 0.124439 0.243401 -0.225159 -0.287798 -0.326530 -0.173093 0.067715 0.032053 0.055516 0.247728 0.144170 -0.159197 0.014017 -0.056429 -0.343156 0.039967 -0.206025 -0.330733 -0.242686 -0.216040 -0.283484 0.057636 -0.243753 -0.218655 -0.382980 -0.228911 -0.018347 0.201003 -0.112682 0.040713 0.284614 0.047629 -0.374701 -0.023219 -0.401801 -0.352724 0.016253 -0.519870 -0.145780 -0.127171 0.088918 0.065914 0.367931 0.417725 -0.201264 -0.289645 -0.183772 -0.341071 -0.188015 -0.297367 -0.055863 -0.155299 -0.220580 -0.086517 -0.108240 -0.170297 0.039708 0.171607 -0.025752 0.038265 0.015317 -0.104804 0.340277 0.114914 0.061359 0.079226 0.005630 0.201948 -0.099532 -0.082716 -0.155055 -0.020427 -0.079911 -0.066326 -0.040861 0.136961 -0.094746 -0.024439 -0.059817 -0.006166 0.070526 -0.090774 0.067793 0.026508 0.110633 0.196474 0.109326 0.152889 -0.083817 -0.233533
-0.182171 0.047300 -0.228841 -0.135811 0.519643 0.368458 -0.160356 -0.159718 0.022701 0.061028 -0.123058 -0.243044 -0.107908 -0.100903 0.460094 0.263113 -0.033557 -0.302281 -0.271113 0.030894 1.000000 0.467280 -0.050162 -0.186791 0.366795 0.016609 0.431112 0.515572 0.205367 0.180802 0.104952 -0.312490 -0.146014 -0.168116 0.192959 0.021244 0.099386 0.397742 -0.177889 0.072331 0.273197 0.238135 -0.140559 -0.074030 -0.263435 -0.175940 -0.131973 -0.084669 -0.337794 -0.040913 -0.151132 0.101963 0.101004 0.337120 -0.078756 0.252262 0.165419 -0.022923 -0.027963 0.095341 -0.102791 -0.178272 0.180485 -0.121051 -0.179116 -0.111040 0.091303 -0.228890 0.156300 -0.020237 0.066038 -0.097483 0.206303 0.134179 0.138059 0.215201 0.111148 0.181397 0.040618 -0.070060 -0.023058 -0.132251 0.293133 0.168436 0.099764 0.190995 0.015462 -0.195159 0.150785 0.243259 -0.191346 -0.135658 -0.153846 0.082945 0.068657 0.420868 -0.067634 0.187138 -0.046373 0.066591 0.024218 0.206640 0.118447 -0.003033 0.151665 0.218982 0.241047 0.105599 -0.043220 0.175586 -0.168680 -0.170710 -0.077714 -0.156933 -0.003531 0.043202
-0.231955 -0.026636 -0.187343 -0.119901 0.266931 -0.000208 -0.152952 0.118961 -0.106123 -0.050170 -0.041334 0.137378 0.280022 0.368727 0.220858 0.478082 0.176563 -0.111359 -0.363609 -0.051991 0.467280 1.000000 -0.261478 -0.356277 0.222977 -0.168361 0.497323 0.467897 0.160738 0.316858 0.316954 -0.277340 -0.103496 -0.366445 0.074856 -0.405340 0.174843 0.328048 0.137848 0.078192 0.321412 0.489986 0.124774 -0.050116 -0.176221 -0.214066 0.033582 -0.115862 -0.314238 0.114529 -0.049156 -0.026230 0.280967 0.298666 -0.031490 0.410646 -0.042061 -0.207941 -0.076013 -0.163763 -0.008301 -0.150263 0.219898 -0.235141 -0.057375 -0.294490 0.201875 -0.529953 -0.027904 -0.465355 -0.032942 0.049576 0.274585 0.234345 0.116464 0.289925 -0.009997 0.013502 0.051468 -0.262684 0.010238 -0.224448 0.096659 -0.299041 0.090526 0.059948 0.494974 0.070674 0.331763 0.276815 -0.258125 -0.256314 -0.265421 0.057505 0.005489 0.444242 -0.086358 0.292885 -0.144734 0.268918 -0.124471 0.299369 -0.089304 0.325824 0.142754 0.281004 0.350069 0.177142 -0.084480 -0.042421 -0.264042 -0.003051 0.067065 -0.059825 0.136825 0.044663
0.431488 -0.032273 0.644396 0.517110 0.158882 0.437275 0.682746 0.174523 -0.090719 -0.083706 -0.187709 -0.045622 -0.216306 -0.369818 -0.035593 -0.312967 -0.087222 0.213870 0.385733 0.070729 -0.050162 -0.261478 1.000000 0.781509 0.048781 0.336049 -0.046546 0.056605 -0.362309 -0.323382 -0.126178 0.360813 0.218568 0.433355 -0.210796 0.100748 -0.077038 -0.356040 0.102802 -0.042076 -0.384634 -0.177298 -0.278390 -0.094837 0.147871 -0.076013 -0.170588 -0.244249 0.205181 -0.191241 0.093623 -0.118182 -0.416696 -0.315143 -0.021520 -0.508760 0.185076 -0.127109 0.084146 -0.187205 0.196106 0.005791 -0.113180 0.105685 0.451002 0.341333 0.061533 0.170938 -0.203315 -0.039016 -0.105389 0.063339 -0.378131 -0.181785 -0.003655 -0.070852 0.028030 -0.216338 -0.282644 0.040019 -0.205969 0.088939 0.243699 0.413953 0.176621 0.090194 -0.176721 0.133919 -0.050037 -0.184002 -0.014037 -0.077303 -0.192408 -0.187738 -0.231979 -0.435897 -0.064391 -0.156510 -0.255019 -0.017858 0.110538 -0.093860 -0.268177 -0.331238 -0.494101 -0.442635 -0.213156 -0.356719 -0.369182 -0.182917 -0.002205 -0.068014 -0.265381 -0.255493 -0.438911 -0.432884
0.459668 -0.111040 0.500322 0.634062 0.067542 0.370059 0.487544 0.164379 -0.115984 -0.012147 -0.181568 0.144997 -0.248036 -0.390623 -0.221330 -0.475702 -0.251490 0.283238 0.380497 0.161606 -0.186791 -0.356277 0.781509 1.000000 -0.096821 0.402003 -0.227558 -0.113482 -0.421729 -0.350154 -0.280043 0.517008 0.161068 0.389643 -0.199469 0.148016 0.016388 -0.393189 0.203050 -0.032291 -0.505050 -0.250846 -0.194066 -0.128146 0.160047 -0.037634 -0.041036 -0.126259 0.180915 -0.206760 0.074088 -0.203992 -0.271933 -0.334863 0.085330 -0.396295 0.089864 -0.126924 -0.066367 -0.190762 -0.054433 -0.121426 -0.139996 0.061082 0.263298 0.273913 0.137683 0.249293 -0.136006 0.082449 -0.097040 0.081678 -0.348898 -0.287084 -0.146743 -0.129109 0.061992 -0.298343 -0.348721 0.174534 -0.194380 0.073745 0.064914 0.415966 0.096937 0.104862 -0.127755 0.164385 -0.028117 -0.167753 0.027547 -0.067746 -0.006373 -0.029017 -0.186227 -0.509382 0.120028 -0.058294 -0.196618 -0.025342 0.147022 -0.036673 -0.117258 -0.268131 -0.397963 -0.454394 -0.265270 -0.367344 -0.272614 -0.046686 0.142252 0.120381 -0.137294 0.002942 -0.314484 -0.364938
-0.174932 -0.079475 -0.262209 -0.083296 0.365816 0.280058 -0.298733 -0.342820 0.271432 0.474044 -0.016581 -0.257663 0.085967 0.032268 0.228645 0.326118 0.119233 0.017559 -0.109511 -0.032459 0.366795 0.222977 0.048781 -0.096821 1.000000 0.599787 0.054187 0.126380 0.183242 0.244217 0.297083 0.016252 -0.409819 -0.261530 0.137372 0.079038 -0.223108 0.206838 -0.268010 -0.282747 0.002342 -0.000453 0.175583 0.266783 0.025249 0.142470 0.031655 -0.200920 0.013634 -0.012572 0.249538 0.282464 -0.197803 -0.010945 0.066159 -0.050023 -0.072044 -0.113154 -0.138911 -0.150439 -0.070363 -0.273754 0.194599 -0.040746 0.033044 -0.184287 -0.249183 -0.054927 0.211156 0.022666 0.236641 0.137204 0.153164 0.291629 0.109763 0.420233 0.123268 0.179212 0.181247 0.291054 0.231349 0.312838 0.009011 -0.022504 0.287711 0.177342 -0.064526 -0.028723 -0.102193 -0.194473 -0.061128 -0.031973 -0.152019 -0.207098 0.005968 0.152415 -0.154439 -0.204731 0.124558 -0.192970 -0.217350 -0.154031 -0.078610 -0.165394 0.169090 -0.059219 0.114216 0.045753 -0.014995 0.115695 -0.064579 -0.383852 -0.332694 -0.317365 -0.230802 -0.114390
0.190805 -0.111226 -0.043890 0.067408 0.162749 0.319140 -0.158159 -0.270937 -0.018753 0.274098 -0.013222 0.113691 -0.099631 -0.205219 -0.324783 -0.249158 -0.157785 0.254883 0.124422 -0.050229 0.016609 -0.168361 0.336049 0.402003 0.599787 1.000000 -0.357845 -0.175537 -0.105432 -0.061501 -0.045820 0.382256 -0.094716 0.061245 -0.182362 0.045580 0.104844 -0.224472 0.094176 -0.223433 -0.332023 -0.370928 0.238436 0.205617 0.118228 0.148479 0.194296 0.004937 0.230043 -0.092813 0.275791 0.015506 -0.126507 -0.169991 0.115669 -0.147605 -0.058431 -0.115772 -0.238008 -0.275163 -0.253390 -0.275636 -0.042581 -0.102234 -0.031147 -0.050281 -0.115655 0.169839 0.003723 -0.004340 0.242742 0.283857 0.006358 -0.004093 -0.002468 0.202607 0.220320 -0.102658 -0.056159 0.366582 0.146614 0.340266 -0.147285 0.126614 0.186139 0.178089 -0.165610 0.247475 -0.213843 -0.313047 -0.017944 -0.106069 0.031955 -0.071868 -0.163678 -0.245642 -0.010992 -0.064232 0.061453 -0.048608 -0.163989 -0.242629 -0.181798 -0.086884 -0.043518 -0.212794 -0.062140 -0.069235 -0.058309 0.100999 0.295257 0.023324 -0.191088 0.022582 -0.167711 -0.110370
-0.101689 0.114601 0.057281 -0.000573 0.630224 0.472936 0.039720 0.122543 0.155212 0.000254 -0.282935 -0.260038 0.048039 0.040276 0.570617 0.376996 -0.123285 -0.491616 -0.120273 0.124439 0.431112 0.497323 -0.046546 -0.227558 0.054187 -0.357845 1.000000 0.854914 -0.081439 -0.181287 0.074854 -0.636794 -0.074144 -0.291802 0.422153 -0.034795 -0.103068 0.143805 -0.259503 0.012367 0.292716 0.238753 -0.362488 -0.257015 -0.195054 -0.185852 -0.129013 -0.003794 -0.309791 -0.011840 -0.344964 0.029359 0.136515 0.455706 -0.071245 0.094598 0.254094 0.063592 0.135891 0.249787 -0.108527 -0.183687 0.045931 -0.285917 -0.005752 -0.175258 0.104220 -0.178595 0.125041 0.039574 -0.314218 -0.359890 -0.139056 -0.226739 -0.185107 -0.164298 -0.290726 -0.023762 -0.187001 -0.444251 -0.100857 -0.420002 0.305482 -0.025119 0.034105 -0.078990 0.197396 -0.382682 0.346227 0.523763 0.107057 0.164507 -0.191173 0.285654 0.249639 0.400128 0.040585 -0.023771 0.033859 -0.077112 0.020027 0.259281 0.175537 0.045521 0.109832 0.386205 0.176108 0.276035 0.205604 0.240584 -0.304021 -0.020441 0.122766 -0.115567 0.130612 0.228334
0.005713 0.149837 0.103658 0.016527 0.607544 0.548898 0.065736 0.112619 0.071262 -0.005296 -0.349378 -0.178098 0.003702 0.069378 0.435491 0.338666 -0.193935 -0.479436 -0.085621 0.243401 0.515572 0.467897 0.056605 -0.113482 0.126380 -0.175537 0.854914 1.000000 -0.172892 -0.179333 -0.004773 -0.578529 -0.101484 -0.318713 0.364227 -0.048600 -0.043937 0.128113 -0.254296 0.042276 0.160939 0.121520 -0.342734 -0.277017 -0.258518 -0.242359 -0.130122 -0.019627 -0.304943 -0.045024 -0.351149 0.050210 0.199271 0.555522 -0.054108 0.219993 0.276323 -0.011112 0.089390 0.185118 -0.151213 -0.259014 0.120811 -0.358852 -0.070599 -0.202296 0.073939 -0.262427 0.111718 -0.009212 -0.375920 -0.394058 -0.163903 -0.228276 -0.187560 -0.207970 -0.312690 -0.078657 -0.303343 -0.480644 -0.133422 -0.447312 0.417413 -0.019756 0.092786 -0.036141 0.179814 -0.412506 0.419291 0.532824 0.051515 0.163109 -0.179073 0.348762 0.229281 0.392622 0.070668 0.033878 0.067312 -0.017011 0.009236 0.299336 0.170007 0.084275 0.179507 0.366218 0.249558 0.238396 0.216725 0.244675 -0.234637 0.006890 0.149009 -0.062338 0.105554 0.182232
-0.318557 -0.223471 -0.515576 -0.467675 -0.237774 -0.413996 -0.410224 -0.383764 0.137934 -0.047336 0.506757 -0.227306 0.365016 0.227552 0.385736 0.349680 0.409635 -0.205938 -0.293587 -0.225159 0.205367 0.160738 -0.362309 -0.421729 0.183242 -0.105432 -0.081439 -0.172892 1.000000 0.632635 0.554457 0.171420 -0.106537 -0.083484 0.004169 -0.085628 0.151245 0.289126 -0.107212 -0.037595 0.440894 0.152246 0.186484 0.157434 -0.162494 -0.173489 -0.151496 0.026916 -0.194004 -0.084561 -0.053541 -0.021033 0.038966 0.081924 -0.438513 0.070713 -0.127335 -0.167611 -0.023353 -0.148221 0.129342 0.152217 0.206149 0.072179 -0.021859 0.006609 -0.119991 -0.225389 -0.105354 -0.214271 0.646747 0.350129 0.851731 0.595149 0.631761 0.467674 0.498653 0.308511 0.716749 0.060787 0.203466 0.099929 -0.051150 -0.250540 0.130299 0.406259 -0.036027 -0.005271 -0.200549 -0.063069 -0.457059 -0.268256 -0.274444 -0.213561 -0.111802 0.375370 -0.373072 0.199484 -0.330287 0.251912 -0.062247 -0.198829 -0.177868 0.270690 0.073873 0.226918 0.309883 0.267146 0.033556 -0.194670 -0.104071 -0.189762 -0.111910 -0.085888 0.169399 0.316578
-0.540051 -0.160645 -0.533370 -0.340741 -0.229490 -0.318086 -0.330225 -0.302856 -0.093646 0.164559 0.089009 -0.053063 0.121422 0.403783 0.084553 0.556129 0.652383 0.258330 -0.503111 -0.287798 0.180802 0.316858 -0.323382 -0.350154 0.244217 -0.061501 -0.181287 -0.179333 0.632635 1.000000 0.631088 0.308547 -0.256916 -0.199274 0.030237 -0.202049 -0.047862 0.461389 -0.151056 -0.149596 0.442341 0.347872 0.408498 0.252032 0.078572 -0.083196 0.111916 -0.344698 -0.153504 0.068366 0.339538 0.061897 -0.010168 -0.084415 -0.056878 0.051110 -0.293264 -0.153288 0.065994 -0.254936 0.269848 0.015695 0.365582 0.308461 0.117379 -0.217127 0.067785 -0.552530 0.109773 -0.318821 0.397251 0.413029 0.556961 0.863828 0.564228 0.650589 0.386237 0.404908 0.485445 0.289855 0.313271 0.342199 0.102515 -0.071677 0.324202 0.332021 0.050694 0.004619 -0.113939 -0.277540 -0.398864 -0.332892 -0.208979 -0.338532 -0.120118 0.197234 -0.324846 -0.035292 -0.192268 -0.007872 -0.129938 -0.046913 -0.044996 0.118565 0.203795 -0.056830 0.224563 -0.032883 -0.193609 -0.292485 -0.410797 -0.400324 -0.199310 -0.198342 -0.055515 -0.026626
-0.419898 -0.379408 -0.320442 -0.280131 -0.240721 -0.277319 -0.176436 -0.332590 0.090973 0.119166 0.098603 -0.299850 0.280510 0.369880 0.248917 0.561815 0.387644 -0.106461 -0.393671 -0.326530 0.104952 0.316954 -0.126178 -0.280043 0.297083 -0.045820 0.074854 -0.004773 0.554457 0.631088 1.000000 0.321847 -0.296168 -0.148954 0.160810 0.045689 -0.181787 0.202113 -0.302298 -0.268543 0.480476 0.127425 0.012812 0.066805 -0.112736 -0.086245 -0.077220 -0.309965 -0.229877 -0.090399 0.051605 -0.019600 -0.154964 0.011810 -0.184650 -0.023953 -0.207456 -0.192404 0.120795 -0.197468 0.210266 0.019519 0.204423 0.159899 0.348655 -0.016902 -0.176710 -0.261075 -0.122561 -0.297869 0.388761 0.400207 0.445351 0.584331 0.439807 0.555621 0.227442 0.374753 0.368192 -0.055158 0.012171 -0.004553 0.267884 -0.350753 0.230610 0.164193 0.211370 -0.130087 0.048734 -0.075492 -0.225396 -0.116331 -0.269985 -0.172847 0.076354 0.344546 -0.257984 0.048926 -0.144931 0.136441 -0.101713 -0.025054 -0.082245 0.273449 0.207240 0.242765 0.347804 0.217741 0.046312 -0.248324 -0.375291 -0.449474 -0.112409 -0.228255 0.118308 0.260294
0.086687 -0.317368 0.001561 0.222370 -0.488266 -0.279312 0.094079 -0.140459 -0.145330 0.017155 0.081882 0.145850 -0.012089 0.006447 -0.325481 -0.247132 0.252018 0.478983 0.051073 -0.173093 -0.312490 -0.277340 0.360813 0.517008 0.016252 0.382256 -0.636794 -0.578529 0.171420 0.308547 0.321847 1.000000 -0.003930 0.379406 -0.269098 0.145171 0.096425 -0.223554 0.221935 -0.187233 -0.148825 -0.144509 0.171252 0.197335 0.232021 0.122283 -0.005566 -0.196759 0.125031 -0.100978 0.264585 -0.283132 -0.303272 -0.550528 -0.114188 -0.311700 -0.186117 -0.213107 -0.192691 -0.464300 0.063039 -0.054121 0.068562 0.242619 0.338327 0.184157 -0.032617 0.090837 -0.216483 -0.178552 0.393576 0.613150 0.203611 0.355436 0.304617 0.384930 0.426962 0.094261 0.218860 0.422642 0.074558 0.349191 -0.054024 0.098014 0.188309 0.223353 -0.066292 0.317454 -0.252434 -0.479019 -0.246238 -0.277419 -0.087179 -0.298754 -0.332114 -0.358831 -0.150487 0.025203 -0.318755 0.108876 -0.015154 -0.159600 -0.282658 0.023966 -0.264395 -0.380690 -0.026438 -0.278533 -0.317684 -0.340417 0.056046 -0.112824 -0.320325 -0.065156 -0.184717 -0.231804
0.227458 0.186420 0.221214 0.009934 -0.126277 -0.162479 0.279099 0.307251 -0.159216 -0.457563 0.151799 0.378308 0.035416 -0.157812 -0.145683 -0.400514 -0.265059 -0.001064 0.215325 0.067715 -0.146014 -0.103496 0.218568 0.161068 -0.409819 -0.094716 -0.074144 -0.101484 -0.106537 -0.256916 -0.296168 -0.003930 1.000000 0.725640 -0.247193 -0.219631 0.396963 -0.218959 0.341604 0.158001 -0.108210 -0.157844 -0.102451 -0.256613 -0.149946 -0.267356 -0.018582 0.133146 -0.101937 0.041377 -0.244537 -0.338758 0.244726 0.067328 -0.251827 0.022691 0.016987 -0.008522 -0.094204 -0.229322 0.025944 0.406861 -0.133231 0.006117 -0.044574 0.108908 0.437315 -0.002208 -0.298704 -0.228104 -0.190460 -0.111189 0.010597 -0.274081 0.012346 -0.241327 -0.001303 -0.288982 -0.163164 -0.132664 -0.182170 -0.200443 -0.225747 -0.005536 -0.234287 -0.048048 0.043464 0.038086 -0.087071 -0.052721 -0.195441 -0.201227 -0.147311 0.140836 -0.095515 -0.164112 -0.036738 0.229736 -0.321654 0.226894 -0.165203 0.068251 -0.205272 0.144074 -0.269864 -0.029963 -0.117158 0.037698 -0.001183 -0.048234 0.075800 0.471747 0.204382 0.126042 0.025356 -0.001332
0.211129 0.062641 0.281522 0.164871 -0.250281 -0.177488 0.381013 0.218942 -0.127395 -0.305143 0.092607 0.126824 -0.162315 -0.316254 -0.153391 -0.487532 -0.176798 0.102892 0.291488 0.032053 -0.168116 -0.366445 0.433355 0.389643 -0.261530 0.061245 -0.291802 -0.318713 -0.083484 -0.199274 -0.148954 0.379406 0.725640 1.000000 -0.227894 0.220645 0.220497 -0.267459 0.241629 0.091966 -0.168956 -0.187990 -0.248974 -0.129929 -0.008101 0.034055 -0.166316 0.031969 -0.005571 -0.010548 -0.189016 -0.338211 -0.193999 -0.299455 -0.351412 -0.250095 -0.069184 -0.030993 -0.203900 -0.180727 0.103315 0.407676 -0.161290 0.209249 0.207346 0.457046 0.086479 0.361384 -0.350999 -0.034342 0.019320 0.096277 -0.019127 -0.122825 0.125432 -0.049216 0.156172 0.026391 0.004307 0.098530 -0.235600 -0.032636 -0.138833 0.221368 -0.184970 -0.042050 -0.241325 0.069665 -0.277898 -0.336022 -0.165719 -0.247058 -0.169566 -0.207298 -0.172058 -0.262865 -0.057856 0.167142 -0.314399 0.102704 -0.141619 -0.198328 -0.251609 -0.035898 -0.421574 -0.294127 -0.148201 -0.217327 -0.130662 -0.116135 0.140347 0.187027 -0.134737 -0.039584 -0.201838 -0.177996
-0.243636 -0.077566 -0.264553 -0.159629 0.143009 0.214726 -0.279465 -0.267303 0.134516 0.262535 -0.208317 -0.450713 -0.045885 -0.002668 0.360075 0.310401 -0.017877 -0.227644 -0.156483 0.055516 0.192959 0.074856 -0.210796 -0.199469 0.137372 -0.182362 0.422153 0.364227 0.004169 0.030237 0.160810 -0.269098 -0.247193 -0.227894 1.000000 0.432743 -0.308064 0.326749 -0.402685 -0.072176 0.371558 0.087695 -0.268718 -0.132692 -0.125529 0.087937 0.123471 -0.048557 -0.286217 -0.014929 -0.184665 0.150473 -0.018463 0.238856 0.161124 0.117976 0.151360 0.220271 -0.000096 0.097066 -0.197917 -0.351125 0.216835 -0.075767 0.131985 -0.373569 -0.099999 -0.026390 0.299829 0.204584 -0.259586 -0.286357 -0.190978 -0.098362 -0.270009 -0.205745 -0.273202 0.243266 -0.034878 0.051307 0.032841 -0.034517 0.094743 -0.061210 0.069684 -0.038472 -0.034391 -0.505806 0.150107 0.143233 0.229513 0.372464 0.093565 0.252389 0.436178 0.362876 0.168963 -0.151848 0.285788 -0.312629 0.053707 0.111124 0.439192 -0.183889 0.374940 0.142813 0.048345 0.160327 0.457697 0.399396 -0.168590 -0.210003 0.051978 -0.091915 0.046986 0.233386
0.059469 -0.130402 -0.053471 0.145299 -0.054092 0.090889 -0.063559 -0.205235 0.115439 0.195250 -0.105873 -0.522994 -0.226589 -0.307249 0.184302 -0.134151 -0.205040 -0.197610 0.272943 0.247728 0.021244 -0.405340 0.100748 0.148016 0.079038 0.045580 -0.034795 -0.048600 -0.085628 -0.202049 0.045689 0.145171 -0.219631 0.220645 0.432743 1.000000 -0.213217 -0.056435 -0.317095 -0.156703 -0.006084 -0.186421 -0.382004 -0.082381 -0.103834 0.311369 -0.130223 0.037703 -0.201818 -0.148560 -0.253035 -0.030706 -0.348699 -0.074934 -0.035328 -0.188772 0.165159 0.170151 -0.176533 0.126102 -0.250151 -0.239794 -0.003747 -0.050411 0.243611 0.148354 -0.402693 0.561645 0.127612 0.480243 0.046858 -0.082094 -0.277752 -0.178593 -0.162777 -0.163003 0.001859 0.379927 -0.000202 0.089313 -0.080464 -0.018745 0.190198 0.238132 0.052657 -0.065492 -0.254866 -0.244335 -0.008544 -0.119297 0.331353 0.350214 0.190904 0.007409 0.213868 0.083943 0.047570 -0.114043 0.237577 -0.257726 0.163008 -0.087280 0.277701 -0.304579 0.065499 -0.110636 0.119380 -0.157258 0.190582 0.136517 0.093156 -0.230218 -0.124614 -0.123139 -0.143058 -0.030303
