1.000000 0.582192 0.006705 -0.181495 0.076421 -0.245026 0.039364 -0.053673 0.148691 -0.119907 0.600503 0.302699 0.177106 0.302162 0.081596 0.263048 0.062043 0.152392 0.263835 0.284066 -0.189290 -0.151169 -0.346768 -0.362880 -0.290306 -0.449101 -0.102497 -0.138668 0.302435 0.175595 -0.373740 -0.423160 -0.106675 -0.367091 -0.280375 -0.455453 0.005213 -0.079062 -0.016586 -0.334920 -0.092122 -0.028294 0.055473 -0.065219 -0.118198 -0.373139 -0.006471 -0.073826 -0.023329 -0.178822 -0.183838 -0.049664 0.291616 0.143070 0.077177 -0.156269 0.360437 0.109866 0.448643 0.251156 0.558112 0.372852 0.313273 0.143200 -0.012761 -0.121686 0.065047 -0.403934 0.085395 0.241712 -0.102097 -0.227922 0.038673 -0.033042 -0.088377 -0.143564 -0.154382 -0.097939 -0.189714 -0.078028 0.057187 0.080034 -0.023036 0.081031 -0.013812 -0.126523 -0.263641 -0.136236 0.097417 0.156563 0.170866 0.194511 -0.149912 -0.028891 -0.151798 -0.041524 -0.021165 -0.201801 0.127738 0.309269 0.220988 0.059429 0.294648 -0.119855 0.133725 -0.049904 0.134689 0.093589 -0.037042 -0.146715 -0.127961 0.003244 -0.028314 0.108891 0.056421 0.082399
0.582192 1.000000 -0.098503 -0.231893 -0.087884 -0.105466 -0.353379 -0.111085 -0.098054 -0.134955 0.262753 0.175301 -0.161337 0.113542 0.039458 0.149935 0.247999 0.197616 0.150029 0.288124 0.030207 -0.033467 -0.278054 -0.320835 -0.148521 -0.339073 -0.061405 -0.070291 0.065552 0.139860 -0.150326 -0.313324 0.003623 -0.353716 -0.057838 -0.528110 0.168216 -0.068262 0.177397 -0.205582 0.010089 0.044960 -0.137548 -0.250751 -0.389594 -0.512898 -0.021029 -0.256527 -0.024349 -0.334253 -0.044404 0.196343 0.400360 0.219659 0.422125 -0.269433 0.519357 0.585796 0.461172 0.530083 0.227126 0.434195 0.235237 0.217353 -0.211806 -0.262645 0.153673 -0.393686 0.469443 0.574297 -0.114040 -0.164891 -0.002538 0.106446 0.053567 -0.012481 -0.077920 -0.109519 -0.104844 0.017092 0.137375 0.199299 0.027828 0.149467 0.095650 -0.107419 -0.184384 -0.021601 -0.084401 0.246322 0.122348 -0.192943 -0.246846 -0.248349 -0.072176 -0.011602 0.012596 -0.050236 0.147230 0.270865 0.223736 -0.101179 0.277882 -0.060295 0.177675 -0.035933 0.226377 0.157701 0.053308 0.026528 -0.159483 -0.048633 -0.047517 0.061411 0.010877 0.111890
0.006705 -0.098503 1.000000 0.222950 0.250865 0.123633 0.485005 0.252623 0.098409 0.013311 -0.004281 -0.085903 0.037091 -0.156896 -0.154504 -0.118015 -0.039193 -0.260381 -0.016283 -0.131579 -0.114828 0.029833 0.350838 0.262563 0.218843 0.261126 0.188799 0.125159 -0.073426 -0.312155 0.274523 0.249126 -0.004751 0.085205 0.092861 -0.041295 -0.372621 -0.283998 -0.235090 0.148846 -0.293454 -0.116218 -0.379397 -0.207240 -0.123668 -0.124656 -0.395018 -0.203565 -0.029186 -0.178790 0.079125 -0.174068 -0.229364 -0.323263 -0.197897 -0.373999 -0.120146 -0.039098 0.069492 -0.027900 0.165602 -0.025487 -0.026220 -0.055559 0.137912 0.047646 0.187566 0.116547 0.026853 -0.054237 0.189845 0.291274 -0.184106 -0.159213 -0.031046 0.007388 -0.075027 -0.019527 -0.059513 -0.354083 -0.259947 -0.262302 -0.273980 -0.184454 -0.349036 -0.408036 -0.087836 -0.050295 0.000076 -0.170308 0.170407 0.236940 0.130759 0.416075 0.173059 0.013784 -0.044483 -0.088615 -0.159797 -0.341969 0.100986 0.263823 0.216848 0.244032 -0.032095 -0.034055 -0.068412 -0.012430 -0.044015 -0.084557 0.000892 -0.071563 -0.245136 -0.239505 0.093855 0.027508
-0.181495 -0.231893 0.222950 1.000000 0.031518 0.226336 0.175589 0.736895 -0.045523 0.394870 -0.151984 0.136780 -0.062381 0.126414 -0.267479 0.171508 -0.129814 -0.300454 0.120022 0.080165 -0.098425 -0.166226 -0.007364 0.042838 -0.128219 -0.048225 0.005902 -0.102218 -0.023630 0.062138 0.230530 0.141782 0.141512 0.303577 -0.157162 0.062226 -0.286781 0.079616 -0.187798 0.027712 -0.223876 -0.023642 -0.059060 -0.047671 -0.011802 -0.015946 0.028210 -0.016097 -0.041214 -0.062719 -0.139830 -0.178062 -0.145593 -0.021857 -0.151317 -0.093387 -0.150512 -0.239552 -0.127728 -0.199576 0.043745 0.105246 -0.174852 -0.195968 -0.019383 0.363784 -0.106194 0.020876 -0.186988 -0.214231 -0.015972 0.115766 -0.105677 0.003100 -0.184621 0.091727 -0.206892 0.221633 -0.070099 -0.085196 -0.219346 -0.181826 -0.138551 0.006202 -0.391426 -0.146937 -0.224242 0.023624 -0.202091 -0.040059 0.045222 -0.181647 0.364571 -0.020549 -0.171511 0.038313 -0.062777 -0.047411 -0.010206 -0.202248 0.267643 0.098268 0.006900 -0.162093 -0.240569 -0.347520 0.114352 -0.181431 0.025610 -0.147787 0.013280 -0.113969 0.031911 -0.020315 -0.034569 -0.044305
0.076421 -0.087884 0.250865 0.031518 1.000000 0.080945 0.358539 0.200506 0.725185 0.611457 0.257541 0.350040 0.301831 0.377391 0.396488 0.384560 -0.036332 -0.148006 0.087601 -0.195480 -0.070862 0.152815 0.099195 -0.227798 0.176882 -0.128523 0.329811 -0.114753 0.363462 0.114584 0.154329 0.036799 -0.368799 -0.218022 -0.210209 -0.049765 -0.014739 -0.311924 -0.015161 -0.428646 -0.243835 -0.349586 -0.054194 -0.155859 -0.068818 -0.214038 -0.077174 -0.101917 0.107135 -0.123434 0.164222 0.008747 0.188069 -0.053827 -0.098349 -0.229844 -0.275247 -0.349942 0.185112 -0.123167 0.128611 0.121481 -0.017339 -0.121168 0.246070 0.059366 -0.106028 -0.229076 -0.091938 -0.175471 0.159134 0.184114 0.040320 0.140286 0.055136 0.239937 0.121819 0.104803 0.012108 -0.010649 -0.063839 -0.133177 -0.100475 -0.031774 0.103880 -0.251344 -0.400163 -0.051370 0.296706 -0.034355 0.014470 0.358738 0.108347 0.224604 -0.208875 -0.383314 -0.216847 -0.331970 -0.055039 -0.159630 0.121355 0.074639 0.106598 0.029583 0.075192 0.281185 -0.137855 0.009147 -0.502347 -0.302187 -0.398493 0.016915 0.040768 0.006779 -0.048072 -0.049824
-0.245026 -0.105466 0.123633 0.226336 0.080945 1.000000 -0.130966 0.054903 -0.098098 0.215481 -0.516089 -0.302107 -0.364484 -0.220126 0.019789 -0.058540 -0.347007 -0.437848 -0.208112 0.084792 0.148721 0.258091 0.365932 0.471388 0.373567 0.554328 0.351689 0.542893 -0.442227 -0.372670 0.231136 0.220782 -0.222316 -0.087027 0.291069 0.210747 -0.346187 0.169644 -0.131434 -0.153302 -0.202897 0.141747 -0.148050 0.022440 -0.160744 0.041079 0.050641 -0.030646 0.156000 -0.184245 0.136192 0.081264 0.179135 0.120012 0.132855 -0.122761 -0.165458 -0.041413 0.103498 0.082659 -0.245692 -0.143068 -0.345601 -0.363162 -0.072057 -0.005963 0.054632 0.254212 -0.058369 0.070249 -0.124033 0.031591 -0.491369 -0.169584 -0.307354 0.044896 -0.207571 0.270346 -0.320378 -0.267858 -0.418619 -0.394246 0.026290 0.023757 -0.079683 -0.215069 0.035391 -0.329359 0.111647 -0.012488 0.137086 -0.002527 0.496405 0.241394 -0.143715 0.126942 0.013132 0.150052 0.113033 0.087276 0.252332 -0.102446 0.059874 0.143066 0.216709 0.096598 0.151427 0.099422 0.140287 0.106830 0.184008 0.052235 0.274741 0.167434 0.108399 -0.092865
0.039364 -0.353379 0.485005 0.175589 0.358539 -0.130966 1.000000 0.342710 0.454457 0.262938 0.200201 0.191208 0.495190 0.248896 0.007015 0.039487 -0.135748 -0.077612 0.049828 -0.360801 -0.125021 0.086240 0.240336 0.038087 0.088531 0.086947 0.138021 -0.171667 0.200644 -0.115628 0.068737 0.195953 -0.108663 0.131203 -0.176906 0.055122 -0.157972 -0.453679 -0.304215 -0.144169 -0.321184 -0.345660 0.030962 0.000743 0.237482 0.077996 -0.166063 -0.044704 0.032294 0.172962 0.119617 -0.180668 -0.266770 -0.399329 -0.520241 -0.146897 -0.330631 -0.346202 -0.202778 -0.358291 0.127969 -0.037363 -0.026308 -0.084047 0.574668 0.348260 -0.147752 -0.002617 -0.161808 -0.294346 0.194226 0.340338 -0.004299 -0.106920 0.071427 0.032373 -0.025968 -0.111013 0.082079 -0.080313 -0.072425 -0.101647 -0.289039 -0.220258 -0.036320 -0.033538 -0.086833 0.034056 0.219089 -0.167470 -0.117537 0.304275 0.134151 0.166361 0.008667 -0.332968 -0.261111 -0.287871 -0.355446 -0.377041 -0.042139 0.166228 -0.134307 0.057786 -0.102291 0.049937 -0.227821 -0.116946 -0.469178 -0.346474 -0.316316 -0.141970 -0.060079 -0.115253 -0.026026 -0.004474
-0.053673 -0.111085 0.252623 0.736895 0.200506 0.054903 0.342710 1.000000 0.189039 0.617006 -0.026289 0.408326 0.100957 0.357779 -0.219767 0.397432 -0.017412 -0.263073 0.012694 -0.198725 -0.132142 -0.080040 -0.140113 -0.204994 -0.106913 -0.139301 0.034924 -0.215292 0.165687 0.222263 0.263180 0.093770 0.004280 0.162140 -0.331555 -0.144951 -0.137307 0.021685 -0.048705 -0.013583 -0.232820 -0.112599 -0.093852 -0.175346 -0.139972 -0.168648 -0.073504 -0.149612 -0.026280 -0.165304 -0.007335 -0.145187 -0.059108 -0.024880 -0.174856 -0.165231 -0.194237 -0.288298 -0.145688 -0.259897 0.125346 0.278406 -0.115497 -0.146021 0.113930 0.583149 -0.343120 -0.161115 -0.217537 -0.232187 0.089499 0.229636 0.021393 0.116523 -0.090320 0.222260 -0.180355 0.209073 -0.048346 -0.089662 -0.089479 -0.163147 -0.104567 0.098553 -0.278647 -0.097251 -0.249777 0.083208 -0.126804 0.037035 -0.027726 -0.144968 0.322898 -0.024184 -0.103749 -0.033079 -0.176951 -0.105521 -0.196208 -0.208744 0.314031 -0.020272 0.010409 -0.212558 -0.232464 -0.209876 0.010343 -0.156793 -0.126016 -0.137289 -0.181416 -0.092135 0.041459 0.005674 -0.148008 0.002299
0.148691 -0.098054 0.098409 -0.045523 0.725185 -0.098098 0.454457 0.189039 1.000000 0.535520 0.308996 0.336864 0.499004 0.501889 0.533012 0.417375 -0.174028 -0.245527 -0.029615 -0.316345 -0.045033 0.160561 0.206284 -0.128473 0.332425 -0.080878 0.433767 -0.047000 0.261808 -0.035702 0.176528 0.061883 -0.509630 -0.275159 -0.202605 -0.057769 -0.057723 -0.323866 0.045912 -0.398223 -0.321682 -0.401551 0.057629 0.001579 -0.019603 -0.132534 -0.081989 0.018660 0.036214 -0.063500 0.287828 0.039994 0.019410 -0.034592 -0.132938 -0.152890 -0.353052 -0.337892 0.174323 -0.234872 0.076848 0.106408 -0.165610 -0.196554 0.464518 0.178294 -0.301316 -0.218462 -0.039835 -0.172999 0.128863 0.237763 -0.088351 0.024794 0.035286 0.135660 0.015913 0.071250 -0.048263 -0.123490 -0.184425 -0.268252 -0.215522 -0.170683 0.200218 -0.041967 -0.230244 0.018628 0.477018 0.021846 -0.136401 0.347677 0.051177 0.142273 -0.116679 -0.377784 -0.205647 -0.275325 -0.168658 -0.262220 -0.014024 -0.036347 -0.183112 0.047972 0.051290 0.381658 -0.323075 -0.014577 -0.462458 -0.174493 -0.362636 -0.119769 0.029598 -0.037930 -0.143266 -0.072282
-0.119907 -0.134955 0.013311 0.394870 0.611457 0.215481 0.262938 0.617006 0.535520 1.000000 0.001256 0.471702 0.126430 0.454288 0.122674 0.425478 -0.079049 -0.200371 0.022360 -0.307549 0.006076 0.286560 -0.012107 -0.256134 0.171881 -0.015087 0.193354 -0.187963 0.232629 0.263165 0.265461 0.126758 -0.343194 -0.090271 -0.266849 -0.020393 0.023819 -0.161529 -0.041282 -0.352215 -0.285235 -0.320191 -0.013157 -0.202248 -0.235793 -0.210238 -0.011526 -0.175068 -0.039706 -0.264525 0.182548 -0.078264 0.106138 0.066807 -0.117016 -0.225878 -0.250095 -0.336690 -0.034068 -0.252252 -0.105460 0.103664 -0.150754 -0.195116 0.141032 0.328201 -0.322670 -0.216086 -0.035303 -0.152440 0.135256 0.302569 0.004769 0.245098 0.019900 0.382533 0.030319 0.341190 0.113290 0.123406 0.026321 -0.085439 -0.188105 0.078083 0.130029 -0.032157 -0.387727 -0.044386 0.094847 -0.019927 -0.148307 0.013517 0.335123 0.079162 -0.192695 -0.301134 -0.301847 -0.223380 -0.205296 -0.106075 0.195613 -0.066311 0.026261 -0.025717 0.096523 0.242429 -0.081100 -0.087611 -0.450108 -0.238675 -0.436322 -0.010066 0.133856 0.085047 -0.125397 -0.045297
0.600503 0.262753 -0.004281 -0.151984 0.257541 -0.516089 0.200201 -0.026289 0.308996 0.001256 1.000000 0.531155 0.570552 0.543752 0.236259 0.331996 0.344655 0.323846 0.378199 0.009049 -0.283052 -0.151259 -0.345471 -0.522808 -0.336743 -0.559602 -0.089875 -0.386939 0.717958 0.333274 -0.274214 -0.248541 -0.056952 -0.189324 -0.263184 -0.370292 0.260567 -0.302209 0.015001 -0.310204 -0.035336 -0.265553 0.089366 -0.129611 -0.019788 -0.339183 -0.136703 -0.067246 -0.024060 -0.068946 -0.069341 -0.084309 0.074380 -0.044806 -0.147525 -0.136558 0.122190 -0.082985 0.171586 -0.012818 0.412836 0.111345 0.599933 0.345620 0.141261 -0.196618 0.043756 -0.451573 0.035558 -0.068229 0.009177 -0.073626 0.458943 0.178020 0.214083 0.007356 0.136605 -0.036048 0.183447 0.197144 0.267404 0.160262 -0.114958 0.030684 0.004118 -0.063900 -0.258133 0.101407 0.011696 0.012501 0.143942 0.229373 -0.264699 -0.088498 -0.062600 -0.285609 -0.092513 -0.408650 -0.001141 -0.003673 0.078752 0.133654 0.352105 -0.022641 0.015641 0.017438 -0.051898 -0.055032 -0.327961 -0.247961 -0.374694 -0.047193 -0.092212 -0.054405 -0.181757 0.069771
0.302699 0.175301 -0.085903 0.136780 0.350040 -0.302107 0.191208 0.408326 0.336864 0.471702 0.531155 1.000000 0.430602 0.699199 0.072623 0.500859 0.385624 0.236033 0.120999 -0.262914 -0.321730 -0.049717 -0.330617 -0.542923 -0.221410 -0.441580 -0.140759 -0.466317 0.603632 0.545050 -0.124667 -0.142134 -0.103014 0.017950 -0.379263 -0.262225 0.165781 -0.242605 0.101635 -0.333892 -0.145196 -0.366364 -0.040423 -0.378554 -0.251517 -0.426264 -0.233414 -0.317990 -0.061801 -0.299799 0.081925 -0.186568 0.095987 -0.070037 -0.144353 -0.213544 0.047992 -0.202865 0.023828 -0.070072 0.326368 0.352992 0.401349 0.302024 0.140643 0.195369 -0.164334 -0.417040 -0.025981 -0.149687 0.012772 0.061617 0.394445 0.218588 0.159508 0.131822 0.081918 0.111823 0.191045 0.238884 0.295223 0.148042 -0.084894 0.027041 0.107653 -0.029823 -0.289497 0.159466 0.004212 0.125007 0.041374 -0.024967 -0.083741 -0.152507 -0.002374 -0.339666 -0.182325 -0.390213 -0.072781 -0.057147 0.100817 -0.087763 0.164485 -0.122957 0.006628 0.138805 -0.015998 -0.111769 -0.399838 -0.194778 -0.534651 -0.157386 -0.065091 -0.037579 -0.165459 0.000536
0.177106 -0.161337 0.037091 -0.062381 0.301831 -0.364484 0.495190 0.100957 0.499004 0.126430 0.570552 0.430602 1.000000 0.629295 0.318639 0.386022 0.210268 0.082281 0.083753 -0.315699 -0.301370 -0.090417 -0.053615 -0.251087 -0.078422 -0.267901 0.161025 -0.166209 0.411135 0.075130 -0.194502 -0.094547 -0.202626 -0.076581 -0.150796 -0.115483 0.086226 -0.282131 0.068446 -0.145759 -0.026861 -0.329852 0.156986 0.040579 0.114253 -0.076928 -0.106384 0.055587 0.096656 0.028888 0.123792 -0.126406 -0.066597 -0.157091 -0.274130 0.004774 -0.233608 -0.253856 -0.020663 -0.198707 0.269658 0.102405 0.244089 0.107348 0.411390 0.169548 -0.136206 -0.174477 -0.102835 -0.246698 -0.045993 0.029226 0.201701 -0.059215 0.126011 -0.080710 0.060264 -0.139872 -0.015043 -0.042703 0.030642 -0.143846 -0.014618 -0.179316 0.203573 0.104552 0.127994 0.151249 0.385592 0.061734 -0.092303 0.182080 -0.111509 -0.107242 0.031997 -0.381856 -0.105620 -0.363261 -0.279140 -0.378159 -0.107462 -0.080418 -0.106878 -0.015228 -0.165973 0.109375 -0.339771 -0.137021 -0.381145 -0.125700 -0.352785 -0.233680 0.051088 -0.215031 -0.207305 -0.052654
0.302162 0.113542 -0.156896 0.126414 0.377391 -0.220126 0.248896 0.357779 0.501889 0.454288 0.543752 0.699199 0.629295 1.000000 0.374766 0.670046 0.162977 0.015613 0.153365 -0.135228 -0.359947 -0.072118 -0.247614 -0.488930 -0.100961 -0.378588 0.050999 -0.276315 0.526265 0.377911 -0.062233 -0.153109 -0.222472 -0.106842 -0.302996 -0.197247 0.149738 -0.125528 0.090570 -0.370261 -0.116265 -0.341660 0.082851 -0.149465 -0.143828 -0.243751 -0.095772 -0.118109 -0.110016 -0.199534 -0.070619 -0.167186 0.167291 -0.047080 -0.127728 -0.159262 -0.166424 -0.317106 0.020019 -0.085907 0.284174 0.248881 0.258361 0.078672 0.268984 0.213507 -0.250881 -0.286076 0.000088 -0.082424 -0.125801 -0.049718 0.200178 0.096595 0.048580 -0.041288 0.005025 0.092446 0.004746 0.130964 0.041856 -0.043973 -0.042225 0.104105 0.155698 0.137084 -0.235308 0.116005 0.165163 0.150320 -0.133190 -0.011923 0.056607 -0.164094 -0.145201 -0.362408 -0.142430 -0.362691 -0.207211 -0.133725 0.114055 -0.247311 0.003416 -0.213098 -0.048371 0.054813 -0.106042 -0.067017 -0.373210 -0.171315 -0.471138 -0.252400 0.095633 -0.012989 -0.213588 -0.049610
0.081596 0.039458 -0.154504 -0.267479 0.396488 0.019789 0.007015 -0.219767 0.533012 0.122674 0.236259 0.072623 0.318639 0.374766 1.000000 0.346599 -0.093137 -0.232858 0.022223 0.043353 -0.071601 0.003495 0.285833 0.080527 0.265977 0.003831 0.401214 0.272120 0.190266 -0.056351 0.152100 0.147921 -0.248722 -0.236304 -0.077889 -0.150709 0.040021 -0.005772 0.245430 -0.269041 0.003062 -0.170680 -0.051462 -0.057106 -0.072160 -0.178125 -0.114732 -0.053420 0.051599 -0.109030 0.079621 0.110444 0.150765 0.006629 0.120922 -0.135135 -0.177541 -0.170298 0.182719 0.020091 -0.030793 -0.088700 -0.068518 -0.150804 0.374504 -0.209818 -0.121043 -0.191940 -0.001274 -0.063285 -0.041684 -0.116554 -0.043797 0.060308 0.069403 -0.019034 0.110392 0.090666 -0.146774 -0.116268 -0.195737 -0.206505 0.222183 0.187904 0.273331 -0.010788 0.018080 0.033848 0.501398 0.164902 -0.198022 0.211148 -0.070940 0.012815 -0.172104 -0.127211 0.011630 -0.206074 -0.043998 -0.205818 -0.176790 -0.185752 -0.168278 -0.029208 -0.033970 0.189175 -0.056568 0.159388 -0.170554 0.058046 -0.133879 -0.146711 0.086353 -0.028589 0.001163 -0.133855
0.263048 0.149935 -0.118015 0.171508 0.384560 -0.058540 0.039487 0.397432 0.417375 0.425478 0.331996 0.500859 0.386022 0.670046 0.346599 1.000000 -0.017004 -0.270253 -0.062674 -0.108509 -0.176974 -0.193546 -0.260532 -0.403126 -0.077604 -0.388832 0.296339 -0.024912 0.354413 0.394730 -0.003721 -0.275769 -0.168211 -0.169327 -0.242949 -0.236803 0.033911 0.233072 0.310927 -0.066040 0.114976 0.072743 -0.078217 -0.131844 -0.196760 -0.266475 -0.054035 -0.067035 -0.023520 -0.308011 -0.001818 -0.084364 0.269959 0.086455 0.084358 -0.012167 -0.122412 -0.230841 0.203779 -0.070680 0.274497 0.295017 -0.051395 -0.126035 0.046092 0.261852 -0.299892 -0.240805 -0.146210 -0.143887 -0.152886 -0.114952 0.101758 0.188539 -0.026889 0.138652 -0.119287 0.132657 -0.279319 -0.059327 -0.150199 -0.248098 0.190564 0.189726 -0.064909 -0.026674 -0.174624 0.152494 0.214963 0.226308 -0.048955 -0.058107 0.142781 0.001127 -0.099554 0.014013 0.091540 -0.087004 -0.003798 0.010586 0.222777 -0.189853 0.045157 -0.344048 -0.178445 -0.143162 -0.019463 0.012005 -0.012916 0.071699 -0.148774 -0.085293 0.165898 0.149981 -0.155604 -0.026704
0.062043 0.247999 -0.039193 -0.129814 -0.036332 -0.347007 -0.135748 -0.017412 -0.174028 -0.079049 0.344655 0.385624 0.210268 0.162977 -0.093137 -0.017004 1.000000 0.631413 0.230223 -0.046307 -0.062742 -0.062934 -0.341790 -0.435587 -0.280601 -0.388481 -0.231569 -0.407308 0.415383 0.350016 -0.104177 -0.080811 0.187007 0.022223 -0.020898 -0.301145 0.418864 -0.258152 0.128017 0.055211 0.173657 -0.073617 -0.228547 -0.370244 -0.339898 -0.398238 -0.267100 -0.315002 -0.193912 -0.221992 -0.116741 -0.097580 0.006426 -0.155842 0.110334 -0.250763 0.346799 0.246978 -0.016979 0.096740 0.090552 0.056395 0.639017 0.602459 -0.183466 -0.247883 0.159522 -0.296015 0.160753 0.019224 0.103954 0.058265 0.515181 0.333068 0.360820 0.094578 0.379813 -0.030688 0.440916 0.355164 0.664423 0.502434 0.210621 0.140714 0.245529 0.008837 0.131913 0.264840 -0.181425 0.035290 0.075159 -0.123501 -0.260591 -0.211738 0.076484 -0.161179 -0.228435 -0.268211 -0.086363 -0.085435 -0.096119 0.114164 0.196082 0.031315 -0.152156 -0.006953 0.132451 -0.127037 -0.178291 -0.137391 -0.339202 -0.207433 -0.223947 -0.265572 -0.105076 0.164820
0.152392 0.197616 -0.260381 -0.300454 -0.148006 -0.437848 -0.077612 -0.263073 -0.245527 -0.200371 0.323846 0.236033 0.082281 0.015613 -0.232858 -0.270253 0.631413 1.000000 0.233987 -0.010911 0.003095 0.052925 -0.387987 -0.419089 -0.323271 -0.315258 -0.444887 -0.498074 0.448334 0.378711 -0.369387 -0.192531 0.233171 0.044621 -0.017232 -0.110140 0.491410 -0.281117 -0.008334 -0.115149 0.154048 -0.134301 0.102460 -0.170278 -0.029565 -0.153428 0.017075 -0.149238 -0.182079 0.052295 -0.127605 -0.150297 -0.007859 -0.054669 -0.093357 -0.029227 0.411550 0.246579 -0.183294 0.003996 0.010862 -0.057438 0.588889 0.604799 -0.134735 -0.337447 0.178169 -0.252448 0.176716 0.083141 0.174252 0.039130 0.527399 0.233938 0.343133 0.026640 0.337990 -0.112800 0.579800 0.656421 0.783728 0.787246 -0.021032 0.000105 0.320731 0.142671 -0.108705 0.086617 -0.295608 -0.131985 -0.109286 -0.156919 -0.457245 -0.366403 -0.003850 -0.253355 -0.173815 -0.205527 -0.036296 0.113639 -0.218713 0.037772 0.150012 -0.027832 0.016016 0.051106 0.013716 -0.129176 -0.241690 -0.240224 -0.340596 -0.044036 -0.267475 -0.129847 -0.085305 0.250757
0.263835 0.150029 -0.016283 0.120022 0.087601 -0.208112 0.049828 0.012694 -0.029615 0.022360 0.378199 0.120999 0.083753 0.153365 0.022223 -0.062674 0.230223 0.233987 1.000000 0.563035 -0.030425 0.032809 -0.225452 -0.302457 -0.353326 -0.341587 -0.290217 -0.338526 0.277609 0.280552 -0.050424 0.029128 0.182255 -0.063512 -0.102395 -0.359182 0.090962 -0.207366 -0.253736 -0.265233 -0.144302 -0.093304 0.054010 -0.140158 -0.101972 -0.297040 -0.037013 -0.092869 -0.181203 -0.138649 -0.268361 -0.110442 0.063065 -0.108767 -0.082391 -0.203361 0.048542 0.041989 -0.061618 -0.035618 -0.056413 -0.141795 0.264186 0.093412 -0.029831 -0.314010 0.204922 -0.340278 0.200913 0.028023 0.247810 0.075398 0.210870 0.408399 0.372321 0.202382 0.272583 0.222461 0.154839 0.149346 0.234544 0.272786 -0.108992 0.187901 0.034660 -0.129832 -0.234943 -0.134529 -0.167262 -0.137765 -0.028313 0.259512 -0.104192 -0.005787 -0.197249 -0.089157 -0.160278 -0.264958 -0.000357 -0.020390 0.036533 0.243795 0.286615 0.113869 0.003103 -0.067726 0.213602 -0.005534 -0.184741 -0.314417 -0.206363 0.011813 -0.067501 0.111086 0.102474 0.143400
0.284066 0.288124 -0.131579 0.080165 -0.195480 0.084792 -0.360801 -0.198725 -0.316345 -0.307549 0.009049 -0.262914 -0.315699 -0.135228 0.043353 -0.108509 -0.046307 -0.010911 0.563035 1.000000 -0.043732 -0.222898 -0.104503 0.096506 -0.300985 -0.197296 -0.189246 0.071267 -0.144907 0.056742 -0.121524 -0.089668 0.366723 -0.068113 -0.005775 -0.294045 -0.143303 0.241694 -0.098345 -0.060270 0.049881 0.302997 -0.004226 -0.009492 -0.030383 -0.146811 0.212112 0.028690 -0.113906 -0.152909 -0.395127 -0.027414 0.252094 0.128063 0.291079 -0.109931 0.212275 0.205142 0.130830 0.172937 -0.018888 -0.033752 -0.046660 -0.164117 -0.290467 -0.426257 0.246461 -0.153225 0.146522 0.261972 -0.088343 -0.357915 -0.118525 0.085269 -0.017629 -0.102876 0.069379 0.124800 -0.254019 -0.130634 -0.110516 0.112393 0.194767 0.255439 -0.154422 -0.180465 -0.066654 -0.250273 -0.169103 -0.036994 0.088134 0.081171 -0.000878 0.003868 -0.294163 0.300523 0.202483 0.127180 0.285679 0.202610 0.119650 0.148118 0.101153 -0.102454 -0.024880 -0.338005 0.400346 0.240967 0.334864 0.046268 0.283683 0.076030 0.073148 0.226758 0.187593 0.010882
-0.189290 0.030207 -0.114828 -0.098425 -0.070862 0.148721 -0.125021 -0.132142 -0.045033 0.006076 -0.283052 -0.321730 -0.301370 -0.359947 -0.071601 -0.176974 -0.062742 0.003095 -0.030425 -0.043732 1.000000 0.466733 0.055083 0.080238 0.200373 0.244825 0.275402 0.111644 -0.220596 -0.113142 0.293037 0.152581 -0.191397 -0.132000 0.189710 0.050764 0.066451 0.018152 0.005668 0.052002 0.064438 0.188371 0.041291 0.032939 -0.120034 0.014423 0.001134 -0.003910 -0.123031 0.019644 0.058154 0.035986 -0.028024 0.029472 0.080670 -0.028328 -0.015185 0.114974 -0.038679 -0.064955 -0.287063 -0.184424 -0.142220 -0.126384 -0.095047 -0.161995 -0.041654 0.094008 0.061126 0.004213 0.366230 0.436306 -0.121815 0.350077 0.166483 0.437254 0.100128 0.191719 0.062227 -0.004735 0.006147 0.069533 -0.080786 0.063431 0.151152 0.084279 0.004382 0.059074 0.084432 0.118915 -0.002598 -0.009010 0.078784 -0.043989 -0.034259 0.084904 -0.226930 0.054306 -0.147466 0.070158 -0.055480 0.022970 -0.060916 0.029129 0.009591 0.154944 0.049770 0.077004 0.019613 -0.061001 -0.002088 0.202990 -0.008120 0.133036 0.104888 0.010066
-0.151169 -0.033467 0.029833 -0.166226 0.152815 0.258091 0.086240 -0.080040 0.160561 0.286560 -0.151259 -0.049717 -0.090417 -0.072118 0.003495 -0.193546 -0.062934 0.052925 0.032809 -0.222898 0.466733 1.000000 0.160335 0.006676 0.491988 0.459600 0.214669 0.151840 -0.121433 -0.109229 0.303808 0.210902 -0.403586 -0.209445 0.241637 0.155181 0.094315 -0.163047 0.005839 -0.359511 -0.206901 -0.201152 0.027100 -0.026167 -0.262950 -0.058410 -0.023850 -0.123631 -0.091509 -0.193236 0.214706 -0.072315 -0.052282 0.011212 -0.129465 -0.108525 -0.134955 -0.044676 -0.117055 -0.078056 -0.350042 -0.280569 -0.029184 -0.022117 0.036213 -0.033421 -0.052255 0.116955 0.215585 0.160430 0.263274 0.511997 -0.189944 0.240758 0.124890 0.426007 0.209186 0.345487 0.258329 0.185801 0.094711 0.093569 -0.415024 -0.111236 0.344419 0.073028 -0.168765 -0.127623 0.104168 -0.029102 -0.285684 -0.066915 0.058955 -0.098901 0.072778 -0.241531 -0.329591 -0.091074 -0.305925 0.027966 0.011982 -0.155845 0.022038 0.167938 0.355733 0.419629 -0.002233 0.124499 -0.395779 -0.106623 -0.319719 0.127151 -0.097463 0.035482 -0.047993 0.078272
-0.346768 -0.278054 0.350838 -0.007364 0.099195 0.365932 0.240336 -0.140113 0.206284 -0.012107 -0.345471 -0.330617 -0.053615 -0.247614 0.285833 -0.260532 -0.341790 -0.387987 -0.225452 -0.104503 0.055083 0.160335 1.000000 0.805525 0.587398 0.655789 0.412934 0.481491 -0.411577 -0.589187 0.451524 0.583571 -0.043535 0.146404 0.280274 0.206890 -0.321708 -0.116167 -0.087320 0.069170 -0.262582 -0.162278 -0.256215 -0.099897 -0.031798 0.049908 -0.223418 -0.148277 -0.006997 -0.020448 0.329403 0.069554 -0.230962 -0.211448 -0.096840 -0.163037 -0.219629 0.041432 -0.066001 -0.141755 -0.293524 -0.288981 -0.436303 -0.305104 0.339278 -0.070387 -0.058232 0.185444 0.057267 -0.103297 0.041929 0.186293 -0.438246 -0.290454 -0.104396 -0.146785 0.064980 0.067982 -0.084990 -0.329242 -0.415280 -0.351141 -0.106476 -0.142331 -0.055681 -0.165997 0.150284 -0.072799 0.283583 -0.153674 -0.200420 0.133728 0.086666 0.204391 0.209380 0.050638 0.074674 0.007993 -0.086224 -0.388174 -0.238102 -0.042587 -0.218196 0.180369 -0.019140 0.064218 -0.160846 -0.012795 -0.017640 0.124894 0.075042 -0.260036 -0.216242 -0.108225 0.244992 -0.131783
-0.362880 -0.320835 0.262563 0.042838 -0.227798 0.471388 0.038087 -0.204994 -0.128473 -0.256134 -0.522808 -0.542923 -0.251087 -0.488930 0.080527 -0.403126 -0.435587 -0.419089 -0.302457 0.096506 0.080238 0.006676 0.805525 1.000000 0.439385 0.715221 0.285880 0.565338 -0.617954 -0.656923 0.313774 0.508544 0.071163 0.200539 0.294882 0.277743 -0.449416 0.054260 -0.113912 0.260691 -0.123141 0.038393 -0.209453 0.050804 0.105864 0.218251 -0.075956 -0.001973 0.058207 0.055755 0.228513 0.057839 -0.197238 -0.115734 0.017340 0.023417 -0.164309 0.028201 -0.106693 -0.121953 -0.236133 -0.286300 -0.479388 -0.347155 0.153232 -0.097738 -0.023090 0.355367 -0.119392 -0.132262 -0.043111 0.016207 -0.501199 -0.419603 -0.216580 -0.212748 -0.109665 -0.007333 -0.271249 -0.481866 -0.484145 -0.392422 0.014251 -0.147848 -0.155816 -0.136206 0.302508 -0.128562 0.199933 -0.109405 -0.007047 0.101248 0.145367 0.226138 0.192845 0.240968 0.198165 0.176640 0.043465 -0.266099 -0.207473 0.022438 -0.206660 0.206473 -0.026265 -0.046805 -0.091391 0.027941 0.276350 0.196100 0.362527 -0.127899 -0.059276 -0.074107 0.215777 -0.156248
-0.290306 -0.148521 0.218843 -0.128219 0.176882 0.373567 0.088531 -0.106913 0.332425 0.171881 -0.336743 -0.221410 -0.078422 -0.100961 0.265977 -0.077604 -0.280601 -0.323271 -0.353326 -0.300985 0.200373 0.491988 0.587398 0.439385 1.000000 0.629431 0.552580 0.475322 -0.371642 -0.499481 0.363706 0.228774 -0.476969 -0.187957 0.509935 0.300551 -0.258123 -0.101620 0.106409 -0.169738 -0.242219 -0.154777 -0.252075 -0.071643 -0.282993 0.050166 -0.168272 -0.132151 -0.035406 -0.236865 0.386462 -0.056133 -0.165810 -0.154628 -0.020526 -0.177570 -0.236475 -0.036256 0.073812 -0.011156 -0.311527 -0.277746 -0.374445 -0.230267 0.247281 0.018135 0.010470 0.388452 0.128898 0.089390 0.006255 0.219368 -0.482555 -0.200854 -0.193813 0.014105 0.042343 0.181907 -0.098045 -0.152000 -0.318409 -0.327883 -0.324601 -0.271204 0.196212 0.025566 0.015242 -0.137777 0.273935 -0.047831 -0.218901 0.005708 0.222097 0.275650 0.157183 -0.046263 -0.009142 0.014632 -0.166212 -0.227589 -0.049976 -0.209823 -0.159547 0.214845 0.243361 0.375847 -0.199126 0.211880 -0.072664 0.064979 -0.081402 -0.100052 -0.036628 -0.092499 0.028252 -0.096168
-0.449101 -0.339073 0.261126 -0.048225 -0.128523 0.554328 0.086947 -0.139301 -0.080878 -0.015087 -0.559602 -0.441580 -0.267901 -0.378588 0.003831 -0.388832 -0.388481 -0.315258 -0.341587 -0.197296 0.244825 0.459600 0.655789 0.715221 0.629431 1.000000 0.199808 0.539435 -0.471932 -0.512646 0.497735 0.616483 -0.164812 0.186508 0.401817 0.409750 -0.307800 -0.037699 -0.083423 0.100170 -0.171827 -0.069929 -0.179966 -0.008962 -0.037260 0.219606 -0.195666 -0.128652 0.013149 -0.044867 0.219388 -0.073771 -0.268749 -0.175140 -0.148382 -0.071777 -0.265700 -0.033694 -0.222644 -0.190409 -0.355443 -0.392311 -0.353238 -0.240444 0.128507 0.035055 -0.074557 0.421477 0.007060 -0.047446 0.131209 0.302725 -0.398383 -0.224387 -0.100607 -0.010599 -0.015663 0.146879 -0.064126 -0.209961 -0.358033 -0.307041 -0.196434 -0.092189 -0.041113 -0.073078 0.159343 -0.121738 0.082519 -0.240089 -0.154374 -0.024782 0.204113 0.251872 0.296329 0.093268 0.000125 0.110729 -0.213733 -0.184459 -0.131308 -0.052851 -0.127925 0.277536 0.207425 0.186255 -0.133940 0.016149 0.036571 0.165595 0.136158 -0.071888 -0.124562 0.018349 0.230149 0.015829
-0.102497 -0.061405 0.188799 0.005902 0.329811 0.351689 0.138021 0.034924 0.433767 0.193354 -0.089875 -0.140759 0.161025 0.050999 0.401214 0.296339 -0.231569 -0.444887 -0.290217 -0.189246 0.275402 0.214669 0.412934 0.285880 0.552580 0.199808 1.000000 0.517858 -0.260818 -0.408305 0.300038 0.043260 -0.372974 -0.337896 0.236811 0.030713 -0.203888 -0.043913 0.077081 -0.115738 -0.156102 -0.057207 -0.160586 0.036549 -0.161420 -0.053258 -0.037460 -0.008438 0.131040 -0.135021 0.341999 0.136617 0.025451 -0.004186 0.093810 -0.112320 -0.101261 -0.038121 0.259015 0.022222 -0.070581 -0.009324 -0.356706 -0.266878 0.240950 0.082385 -0.108065 0.118028 -0.062027 -0.061349 -0.148165 0.106111 -0.435704 -0.117750 -0.209729 0.099152 -0.091734 0.077217 -0.266349 -0.311114 -0.366054 -0.437302 -0.062207 -0.126059 0.073372 -0.084577 0.087653 -0.012729 0.503927 0.208251 -0.073190 0.123216 0.226970 0.097230 -0.103422 -0.029873 -0.031280 -0.051361 -0.088459 -0.219606 0.124983 -0.159241 -0.050697 0.050699 -0.041923 0.157791 -0.068046 0.132695 -0.071521 -0.049282 -0.093285 -0.070340 0.154364 -0.136733 -0.045215 -0.129476
-0.138668 -0.070291 0.125159 -0.102218 -0.114753 0.542893 -0.171667 -0.215292 -0.047000 -0.187963 -0.386939 -0.466317 -0.166209 -0.276315 0.272120 -0.024912 -0.407308 -0.498074 -0.338526 0.071267 0.111644 0.151840 0.481491 0.565338 0.475322 0.539435 0.517858 1.000000 -0.540178 -0.539429 0.206041 0.158041 -0.177150 -0.168165 0.341823 0.136450 -0.470682 0.295586 0.027133 0.153483 -0.046137 0.220811 -0.172088 0.143052 -0.054694 0.128734 -0.072627 0.099383 0.116934 -0.085286 0.128013 0.107523 -0.027577 0.023342 0.092740 0.029671 -0.082214 0.064434 0.149093 0.177849 -0.098969 -0.097295 -0.422279 -0.319738 0.058127 0.004365 0.002009 0.344636 -0.027744 0.115790 -0.240022 -0.143578 -0.566297 -0.347469 -0.307473 -0.185374 -0.194130 0.076245 -0.499168 -0.372228 -0.583667 -0.508924 0.094357 -0.064213 -0.103324 -0.080052 0.291676 -0.087141 0.402656 0.213901 -0.088716 -0.006526 0.207690 0.167051 0.109971 0.307079 0.180735 0.280991 0.033472 0.001928 0.054490 -0.124672 -0.179269 0.069644 0.063267 -0.025797 -0.005717 0.230236 0.288080 0.336578 0.402828 0.025982 0.168631 0.017210 0.189741 -0.143843
0.302435 0.065552 -0.073426 -0.023630 0.363462 -0.442227 0.200644 0.165687 0.261808 0.232629 0.717958 0.603632 0.411135 0.526265 0.190266 0.354413 0.415383 0.448334 0.277609 -0.144907 -0.220596 -0.121433 -0.411577 -0.617954 -0.371642 -0.471932 -0.260818 -0.540178 1.000000 0.677380 -0.089497 -0.050592 0.138865 0.172864 -0.339110 -0.197989 0.492131 -0.281447 0.137024 -0.257497 0.159638 -0.275402 0.035706 -0.322076 -0.009083 -0.314258 -0.152457 -0.227665 -0.129446 -0.070068 -0.189687 -0.238668 0.084418 -0.151711 -0.194789 -0.187343 0.085628 -0.256218 -0.062978 -0.278930 0.325134 0.075357 0.598692 0.354587 0.093994 -0.099987 -0.052198 -0.475703 -0.080672 -0.266455 0.164244 0.082691 0.786819 0.401291 0.451742 0.265861 0.261788 0.087474 0.435734 0.456445 0.492898 0.406037 0.039565 0.282664 0.046042 -0.082913 -0.349702 0.162412 -0.130825 -0.155510 0.018012 -0.002612 -0.273100 -0.142102 -0.057302 -0.360819 -0.121628 -0.473133 -0.071573 -0.067823 -0.105895 0.037585 0.253852 -0.171382 -0.117660 -0.038733 -0.087694 -0.228427 -0.440770 -0.306048 -0.474090 -0.092299 -0.200688 -0.012560 -0.176608 0.090249
0.175595 0.139860 -0.312155 0.062138 0.114584 -0.372670 -0.115628 0.222263 -0.035702 0.263165 0.333274 0.545050 0.075130 0.377911 -0.056351 0.394730 0.350016 0.378711 0.280552 0.056742 -0.113142 -0.109229 -0.589187 -0.656923 -0.499481 -0.512646 -0.408305 -0.539429 0.677380 1.000000 -0.123093 -0.191338 0.282820 0.224771 -0.351572 -0.155989 0.518767 0.061761 0.206920 -0.058576 0.337217 0.077839 0.045876 -0.274167 -0.042952 -0.214310 0.031876 -0.172923 -0.214187 -0.103391 -0.282149 -0.212226 0.177851 0.052013 -0.017730 -0.026361 0.153170 -0.168237 -0.135525 -0.235461 0.160548 0.155342 0.345892 0.236937 -0.232505 -0.036209 -0.170182 -0.421591 -0.117831 -0.197829 0.098891 -0.059684 0.743092 0.573688 0.408763 0.392513 0.256686 0.153595 0.319703 0.476727 0.518338 0.498459 0.192783 0.440661 0.025323 0.020451 -0.290168 0.127431 -0.316258 -0.119160 -0.049502 -0.228620 -0.209716 -0.221972 -0.069343 -0.121044 0.012791 -0.189028 0.075664 0.206982 -0.095932 -0.091030 0.140424 -0.368376 -0.180581 -0.181801 0.154178 -0.083310 -0.175722 -0.084721 -0.260715 0.103258 -0.090438 0.192147 -0.117827 0.102848
-0.373740 -0.150326 0.274523 0.230530 0.154329 0.231136 0.068737 0.263180 0.176528 0.265461 -0.274214 -0.124667 -0.194502 -0.062233 0.152100 -0.003721 -0.104177 -0.369387 -0.050424 -0.121524 0.293037 0.303808 0.451524 0.313774 0.363706 0.497735 0.300038 0.206041 -0.089497 -0.123093 1.000000 0.789064 -0.009300 0.268021 0.104229 0.109474 -0.063566 -0.109815 -0.024839 0.131619 -0.133582 -0.102841 -0.280720 -0.211262 -0.222575 -0.120262 -0.367178 -0.293556 -0.207416 -0.167520 0.025046 -0.046508 -0.223853 -0.199102 -0.117206 -0.321689 -0.242252 -0.124169 -0.195355 -0.358033 -0.238064 -0.189883 -0.234975 -0.167880 0.197898 0.070549 -0.271902 -0.019917 -0.017475 -0.226644 0.323632 0.546289 -0.095391 0.243708 0.161757 0.328250 0.102874 0.307679 0.161780 -0.083054 -0.176393 -0.139355 -0.118677 0.295029 -0.111229 -0.172738 -0.040959 0.216870 0.055174 -0.104605 -0.217691 -0.044362 0.115939 0.084076 0.133407 0.040733 -0.192852 -0.149127 -0.341817 -0.374746 -0.150794 0.015693 -0.042354 0.103986 -0.066909 -0.012337 -0.105712 -0.134879 -0.089189 -0.013628 -0.088335 -0.221059 -0.273525 -0.060343 0.169227 0.082534
-0.423160 -0.313324 0.249126 0.141782 0.036799 0.220782 0.195953 0.093770 0.061883 0.126758 -0.248541 -0.142134 -0.094547 -0.153109 0.147921 -0.275769 -0.080811 -0.192531 0.029128 -0.089668 0.152581 0.210902 0.583571 0.508544 0.228774 0.616483 0.043260 0.158041 -0.050592 -0.191338 0.789064 1.000000 0.138939 0.464284 0.059440 0.131856 -0.092153 -0.227396 -0.167339 0.182164 -0.167366 -0.190680 -0.218245 -0.208660 -0.018762 -0.057736 -0.377404 -0.302213 -0.158265 -0.022279 0.033175 -0.051888 -0.315089 -0.314000 -0.257354 -0.276664 -0.266473 -0.117427 -0.362751 -0.446187 -0.303446 -0.364152 -0.120886 -0.098747 0.294901 -0.054047 -0.198821 -0.048843 -0.061066 -0.358765 0.349512 0.505107 -0.009231 0.112717 0.258469 0.173845 0.147384 0.238350 0.238203 -0.066059 -0.097717 -0.037516 -0.059802 0.273354 -0.059250 -0.125353 0.078376 0.138230 0.076834 -0.283515 -0.201671 0.039448 0.006394 0.118492 0.242732 0.001121 -0.146884 -0.179318 -0.327955 -0.456858 -0.319436 0.140069 -0.048941 0.277211 -0.057284 -0.026799 -0.177919 -0.284991 -0.165011 -0.007059 -0.093399 -0.292067 -0.348688 -0.056857 0.204945 0.066209
-0.106675 0.003623 -0.004751 0.141512 -0.368799 -0.222316 -0.108663 0.004280 -0.509630 -0.343194 -0.056952 -0.103014 -0.202626 -0.222472 -0.248722 -0.168211 0.187007 0.233171 0.182255 0.366723 -0.191397 -0.403586 -0.043535 0.071163 -0.476969 -0.164812 -0.372974 -0.177150 0.138865 0.282820 -0.009300 0.138939 1.000000 0.668874 -0.113591 -0.070643 0.184551 0.132323 -0.016951 0.406657 0.333034 0.185968 -0.108424 -0.146413 0.200240 0.022777 0.035519 -0.083567 -0.132655 0.169532 -0.458359 -0.101540 -0.131211 -0.150252 0.024588 0.038369 0.301300 0.176124 -0.285450 -0.074462 0.059836 0.001773 0.141075 0.204648 -0.184940 -0.116930 0.136678 -0.085134 -0.047874 -0.109441 -0.121902 -0.254505 0.369707 0.103343 0.285801 -0.060290 0.161382 -0.143101 0.153690 0.185337 0.201421 0.354383 0.318920 0.321012 -0.314664 -0.128516 0.127112 0.185738 -0.370952 -0.229738 -0.184683 -0.296313 -0.325907 -0.255178 0.036467 0.211957 0.242524 0.099309 0.055486 -0.010824 -0.290136 -0.017235 -0.087460 -0.350392 -0.466814 -0.602148 0.219968 -0.080212 0.212468 0.086221 0.196691 -0.035491 -0.223860 -0.085347 0.058544 0.024167
-0.367091 -0.353716 0.085205 0.303577 -0.218022 -0.087027 0.131203 0.162140 -0.275159 -0.090271 -0.189324 0.017950 -0.076581 -0.106842 -0.236304 -0.169327 0.022223 0.044621 -0.063512 -0.068113 -0.132000 -0.209445 0.146404 0.200539 -0.187957 0.186508 -0.337896 -0.168165 0.172864 0.224771 0.268021 0.464284 0.668874 1.000000 -0.050442 0.404408 0.084211 -0.054376 -0.105799 0.382529 0.171523 -0.021590 -0.192009 -0.163547 0.214587 0.285668 -0.248336 -0.174143 -0.247376 0.256358 -0.350246 -0.321356 -0.422486 -0.429148 -0.310903 -0.062966 -0.030701 -0.097584 -0.498591 -0.386553 0.063867 -0.081885 0.072646 0.151527 0.103805 0.228846 -0.058328 0.199673 -0.192874 -0.421535 0.034572 0.086039 0.372362 0.036984 0.243316 0.031178 0.056065 -0.065739 0.284566 0.189413 0.094388 0.194292 0.100912 0.207701 -0.281792 0.011796 0.083977 0.246726 -0.260345 -0.383721 -0.226931 -0.337764 -0.242092 -0.143051 0.257182 0.013515 0.037755 -0.029953 -0.227770 -0.259654 -0.473928 -0.039730 -0.216916 -0.204479 -0.409363 -0.388361 -0.070933 -0.312914 0.005753 0.035503 0.059194 -0.154068 -0.253924 -0.127321 0.096720 -0.066684
-0.280375 -0.057838 0.092861 -0.157162 -0.210209 0.291069 -0.176906 -0.331555 -0.202605 -0.266849 -0.263184 -0.379263 -0.150796 -0.302996 -0.077889 -0.242949 -0.020898 -0.017232 -0.102395 -0.005775 0.189710 0.241637 0.280274 0.294882 0.509935 0.401817 0.236811 0.341823 -0.339110 -0.351572 0.104229 0.059440 -0.113591 -0.050442 1.000000 0.386566 -0.161867 -0.032531 0.114176 0.024594 -0.011882 0.148807 -0.202583 -0.009853 -0.176670 0.206023 -0.123411 -0.116597 -0.168174 -0.104019 0.123666 -0.084225 -0.183409 -0.241879 0.022850 -0.111029 0.045629 0.208534 0.033737 0.097459 -0.334608 -0.376333 -0.111626 -0.049741 -0.166118 -0.205818 0.387453 0.553728 0.175655 0.159683 -0.037979 0.098789 -0.294534 -0.065346 -0.028800 -0.010677 0.043297 0.038314 -0.078723 -0.006371 -0.100590 -0.065975 -0.179856 -0.190451 0.081846 0.062291 0.191368 -0.086214 -0.056360 -0.239866 -0.065683 -0.156523 0.004107 0.083737 0.187679 0.101406 0.132556 0.041845 -0.022392 -0.156123 -0.070297 -0.087498 0.082339 0.136680 0.082625 0.124433 -0.107847 0.118321 0.137853 0.076926 0.083789 -0.110993 -0.161546 -0.168590 0.011566 -0.075819
-0.455453 -0.528110 -0.041295 0.062226 -0.049765 0.210747 0.055122 -0.144951 -0.057769 -0.020393 -0.370292 -0.262225 -0.115483 -0.197247 -0.150709 -0.236803 -0.301145 -0.110140 -0.359182 -0.294045 0.050764 0.155181 0.206890 0.277743 0.300551 0.409750 0.030713 0.136450 -0.197989 -0.155989 0.109474 0.131856 -0.070643 0.404408 0.386566 1.000000 -0.130844 0.008532 -0.074874 0.092872 0.035529 -0.015057 0.014203 0.192983 0.234064 0.697919 -0.028878 0.078941 -0.113374 0.333746 -0.016094 -0.192726 -0.349683 -0.241472 -0.331730 0.160526 -0.192479 -0.226783 -0.270420 -0.187993 -0.104863 -0.213576 -0.232123 -0.054806 0.062750 0.264816 0.039271 0.702216 -0.243920 -0.302700 -0.097978 0.041976 -0.111738 -0.235933 -0.147352 -0.065029 -0.113052 -0.116796 0.109090 0.158941 -0.145668 -0.051065 -0.145027 -0.217473 -0.032061 0.221665 0.112318 0.115204 -0.044258 -0.315724 -0.135980 -0.180035 0.040372 0.073354 0.169785 -0.086399 -0.064500 0.073212 -0.131406 -0.078043 -0.284828 -0.088022 -0.210694 -0.060386 -0.040961 0.075258 -0.191313 -0.015696 0.003626 -0.009180 0.131095 0.094103 -0.052646 -0.093679 0.092202 -0.121994
