1.000000 0.525591 -0.141726 -0.261317 -0.271589 -0.239257 0.133925 -0.170372 -0.235456 -0.149599 0.073212 0.002596 0.099622 0.176659 -0.090866 -0.047859 0.430866 0.235215 0.333809 0.131494 -0.171663 -0.100445 -0.300267 -0.411414 -0.364058 -0.420120 -0.217902 -0.333266 0.235098 0.107900 -0.187631 -0.219090 0.305525 0.161227 -0.380408 -0.293917 0.093543 -0.009012 -0.173639 -0.094168 0.179491 -0.019550 0.039125 -0.123288 -0.136963 -0.243505 -0.000251 -0.189962 -0.109034 0.001597 -0.279919 -0.124762 0.218519 -0.079516 -0.017841 -0.018848 0.679317 0.306804 0.238492 0.175176 0.499532 0.293685 0.516382 0.390764 -0.067856 -0.036620 0.153947 -0.508107 0.231448 -0.042700 -0.119363 -0.253734 0.202193 -0.084582 0.105795 0.113924 0.040208 -0.015698 -0.060274 0.008553 0.148860 0.112803 0.063340 -0.009050 -0.092706 -0.073905 -0.083255 -0.113585 -0.087740 0.205176 0.053438 -0.075468 -0.206277 -0.033420 -0.083523 0.076624 -0.037919 0.073940 0.226420 0.311090 -0.038219 0.216549 0.097866 -0.079353 -0.013101 -0.128775 0.101563 0.004918 -0.019864 0.014912 -0.342559 0.124451 0.143450 0.274163 -0.072007 -0.212610
0.525591 1.000000 -0.339933 0.062603 -0.390975 -0.313796 -0.106436 0.018428 -0.221485 -0.072580 0.091403 0.303884 0.109232 0.446375 -0.045346 0.139498 0.367821 0.332463 0.123341 0.208892 -0.284154 -0.237232 -0.315646 -0.263064 -0.408752 -0.452712 -0.261240 -0.347588 0.255918 0.270182 -0.234555 -0.243784 0.318023 0.356827 -0.291679 -0.317223 0.110834 -0.054303 -0.067830 -0.073043 0.227034 0.145461 -0.121829 -0.181463 -0.334535 -0.348332 -0.036809 -0.213432 -0.140377 -0.005290 -0.220053 -0.083694 0.230477 -0.041669 -0.104506 -0.122695 0.377821 0.417086 0.156215 0.322869 0.323036 0.609803 0.420254 0.535410 -0.186206 0.160797 -0.059372 -0.402259 0.189952 0.032819 -0.182877 -0.141894 0.235450 0.018418 0.203502 0.105928 0.139916 0.105691 -0.053548 -0.003615 0.225165 0.170469 0.041778 0.168094 -0.053463 -0.007037 -0.144677 -0.198601 -0.163543 0.037563 -0.069784 -0.284954 -0.280182 -0.214568 -0.031220 -0.009050 -0.076260 -0.070252 0.150304 0.092300 -0.034700 -0.041248 0.050048 -0.264314 -0.102412 -0.202283 -0.012325 -0.077280 -0.000582 0.028159 -0.412903 -0.022452 -0.017833 0.105434 -0.061989 -0.088792
-0.141726 -0.339933 1.000000 0.279229 0.454920 0.442407 0.608377 0.430685 0.391847 0.097331 0.246245 0.105127 0.291168 -0.279950 0.411510 -0.074611 -0.499917 -0.421312 0.225435 -0.207723 -0.043823 0.132709 0.597151 0.376387 0.489348 0.377325 0.404471 0.454014 -0.173539 -0.358386 0.188737 0.283036 0.046883 0.015330 0.388769 0.201812 -0.108704 -0.341427 0.008292 -0.194091 -0.120512 -0.161923 -0.095774 0.031767 -0.065849 0.049489 -0.145620 -0.080984 0.131162 -0.197782 0.463425 -0.014137 0.022038 0.060486 0.093398 -0.138099 -0.353183 -0.408018 -0.136813 -0.385573 -0.032438 -0.376645 -0.363371 -0.503427 0.497380 0.002072 0.106763 0.100690 -0.363769 -0.150975 -0.135471 -0.091500 -0.343888 -0.061802 -0.123326 0.033463 -0.149392 -0.282447 -0.142656 -0.121097 -0.427635 -0.338147 0.129324 0.087324 0.320547 0.026220 0.275317 0.142708 0.476792 0.006351 -0.034842 0.063280 0.143991 0.302438 -0.037020 -0.246161 -0.184051 -0.304314 -0.321374 -0.251330 0.157276 0.121158 0.077929 0.113109 0.037164 -0.314291 0.040098 0.066435 0.027938 -0.220978 -0.018344 -0.331376 -0.022425 -0.047624 -0.191535 -0.283944
-0.261317 0.062603 0.279229 1.000000 -0.152147 0.369426 -0.119024 0.609411 0.048699 0.309238 0.137233 0.529426 -0.082739 -0.140345 0.292823 0.026300 -0.185925 -0.081078 -0.171482 -0.315571 0.071301 0.354947 0.466854 0.584617 0.271290 0.504679 0.136080 0.420650 -0.206565 -0.130505 0.205857 0.380873 -0.200323 0.119217 0.368082 0.321430 -0.092048 0.001617 0.152122 0.079362 -0.078203 0.017991 -0.066523 0.056838 -0.324558 -0.015335 -0.161885 -0.073773 -0.001353 -0.340897 0.490090 -0.044386 -0.008348 -0.149974 -0.013966 -0.112978 -0.333743 -0.370545 -0.393334 -0.281015 -0.279220 -0.185808 -0.221961 -0.285622 0.427332 0.415835 -0.129487 0.233927 -0.495909 -0.378022 -0.049137 0.260833 -0.330284 -0.009532 0.000154 0.145228 -0.306190 -0.170669 0.025842 0.050046 -0.160181 -0.209457 0.162268 0.317111 0.356687 0.409814 0.382203 0.332944 0.347823 0.141433 -0.369096 -0.410539 0.208958 0.032124 0.054359 -0.142990 -0.135111 -0.255049 -0.379805 -0.472624 0.050180 -0.092161 -0.117360 -0.284123 -0.013227 -0.371484 0.004462 -0.315317 -0.071530 -0.100580 -0.118157 -0.476571 -0.168564 -0.057500 -0.333080 -0.137752
-0.271589 -0.390975 0.454920 -0.152147 1.000000 0.347586 0.537281 0.166976 0.560075 0.228544 -0.046720 -0.258193 0.121150 -0.018421 0.211503 0.113199 -0.386142 -0.319208 0.019128 0.119153 0.121464 -0.109327 0.238566 0.129953 0.301517 0.174080 0.445214 0.149083 -0.091516 -0.270031 0.102546 0.028832 0.026940 -0.092404 -0.044376 0.117097 -0.125996 -0.446826 -0.146760 -0.334949 -0.172240 -0.262901 -0.296070 -0.172900 0.180197 0.204041 -0.232213 -0.223234 -0.046399 0.113478 -0.033392 0.032815 -0.066547 0.105142 0.058737 -0.292207 -0.274633 -0.220297 0.110574 -0.097347 0.064540 -0.063004 -0.237571 -0.296552 0.208374 -0.050121 -0.101872 0.175027 -0.114975 0.027201 0.147051 -0.084251 -0.192732 0.010947 -0.155613 -0.137682 0.003826 -0.144781 -0.127323 -0.115990 -0.184620 -0.149004 0.003188 0.021644 0.089763 -0.265527 -0.071228 -0.206292 0.286500 -0.113865 0.284456 0.337561 0.148518 0.225075 -0.171542 -0.335382 -0.395348 -0.343351 -0.178449 -0.077492 0.034256 0.012612 0.033453 0.186620 -0.012784 0.190367 0.067847 0.089460 -0.117697 -0.295404 -0.051337 -0.162695 -0.087929 -0.057309 0.198858 0.044006
-0.239257 -0.313796 0.442407 0.369426 0.347586 1.000000 0.174917 0.305372 0.069565 0.359126 0.013049 0.008061 -0.082548 -0.264086 0.224143 -0.143988 -0.340900 -0.339742 -0.206245 -0.311500 0.197098 0.315562 0.414310 0.378526 0.416695 0.542728 0.700540 0.749625 -0.474995 -0.458479 0.098163 0.154142 -0.306135 -0.292201 0.183626 0.368860 -0.279894 -0.084778 0.089573 -0.035425 -0.368576 -0.203156 -0.111318 0.032639 -0.005144 0.271151 -0.002389 -0.051524 0.226518 -0.108466 0.456672 0.143881 0.114115 0.107461 0.239500 -0.099206 -0.317196 -0.443078 -0.046561 -0.100001 -0.126226 -0.246278 -0.312137 -0.386631 0.304736 0.197684 0.040557 0.362388 -0.368538 -0.329127 0.065059 0.154863 -0.505703 -0.261733 -0.244083 -0.120731 -0.368597 -0.355202 -0.259990 -0.117179 -0.359210 -0.352463 0.024939 0.142624 0.332285 0.273142 0.388830 0.232438 0.666719 0.346361 -0.072060 -0.029482 0.205718 0.056515 -0.275092 -0.212562 -0.196609 -0.215533 -0.300805 -0.481035 0.071814 -0.129745 -0.122820 -0.078368 0.114146 -0.035118 -0.031594 -0.041504 -0.138339 -0.214422 0.092746 -0.401755 -0.275711 -0.226007 -0.097827 -0.091940
0.133925 -0.106436 0.608377 -0.119024 0.537281 0.174917 1.000000 0.366827 0.470630 0.276960 0.299963 0.090576 0.571787 0.264040 0.240196 0.277462 -0.337510 -0.116907 0.330198 0.017319 -0.029703 -0.113114 0.108161 -0.090945 0.031637 -0.081645 0.226695 -0.030527 0.102787 -0.024340 -0.020052 0.007064 0.273069 0.133210 -0.210986 -0.102406 -0.001827 -0.245138 -0.146140 -0.252669 -0.064495 -0.070497 -0.129288 -0.062093 0.049748 0.061472 -0.174690 -0.190910 -0.173597 -0.034050 -0.095792 -0.138741 -0.088392 0.016399 -0.027272 -0.217259 -0.148020 -0.286403 0.092668 -0.257483 0.425293 0.063692 -0.058035 -0.201654 0.276767 0.087432 -0.047906 -0.156252 -0.139789 -0.116211 -0.096294 -0.274439 -0.050998 -0.035205 -0.076449 0.081211 0.011729 -0.242259 -0.204380 -0.082842 -0.199303 -0.105855 0.034640 0.281333 0.045542 -0.066292 0.003791 -0.145826 0.241830 0.000138 0.163108 0.130264 0.091634 0.185382 -0.099144 -0.223853 -0.295960 -0.333592 -0.141625 -0.011574 0.068821 0.266634 0.112062 0.052381 -0.004028 -0.239158 0.224801 0.061319 0.017087 -0.182238 -0.233939 -0.083722 0.095258 0.068191 -0.097795 -0.307566
-0.170372 0.018428 0.430685 0.609411 0.166976 0.305372 0.366827 1.000000 0.081185 0.524366 0.080031 0.489728 0.164554 0.260969 0.152675 0.223218 -0.228033 -0.090132 -0.150199 -0.253445 0.167283 0.185518 0.159466 0.281570 0.197120 0.337968 0.069020 0.150300 -0.128068 -0.047847 0.207370 0.292966 -0.052463 0.220510 0.102918 0.157316 -0.127549 -0.187522 -0.125124 -0.116525 -0.103284 -0.075844 -0.063962 0.112553 -0.179645 0.094515 -0.284444 -0.162721 -0.207739 -0.334651 0.265930 -0.286716 -0.274861 -0.287497 -0.247317 -0.288634 -0.224846 -0.430219 -0.393042 -0.390059 -0.019997 -0.095379 -0.178446 -0.318061 0.366396 0.533039 -0.223039 0.208969 -0.443968 -0.289480 -0.025455 0.106478 -0.182743 -0.024710 -0.041158 0.214090 -0.236138 -0.177769 -0.003577 -0.001256 -0.105376 -0.116252 -0.042735 0.263883 0.269439 0.348279 0.214828 0.156205 0.181669 0.017559 -0.190090 -0.277785 0.318893 0.043778 0.068502 -0.260998 -0.343638 -0.334047 -0.432842 -0.369799 0.075748 0.041310 -0.104763 -0.172241 -0.139835 -0.280211 0.218280 -0.204206 0.010933 -0.164860 -0.208705 -0.362776 -0.092010 -0.035981 -0.179532 -0.149573
-0.235456 -0.221485 0.391847 0.048699 0.560075 0.069565 0.470630 0.081185 1.000000 0.228619 0.294963 0.029999 0.407489 0.070135 0.565106 0.365257 -0.307032 -0.063595 0.207433 0.182867 -0.111336 -0.204567 0.377736 0.330223 0.153173 -0.002189 0.116121 -0.070598 0.142727 -0.108115 0.010845 0.015451 -0.039496 -0.023756 -0.104106 -0.043632 0.046993 -0.346718 -0.009871 -0.241643 -0.036776 -0.114572 -0.308145 -0.228626 0.000507 -0.060403 -0.264737 -0.240392 0.030884 0.152779 0.030663 0.044479 0.000072 0.115372 0.122002 -0.125669 -0.406247 -0.166224 0.112315 -0.259967 0.160972 0.086332 -0.185973 -0.189191 0.399286 -0.007052 -0.199898 0.001767 -0.237638 0.021322 -0.040558 -0.165714 -0.132756 0.055240 -0.076170 -0.101915 0.054168 -0.166917 -0.180050 -0.167464 -0.295432 -0.248909 0.203648 0.207743 0.007753 -0.279616 0.011191 -0.126358 0.201442 -0.048812 0.251539 0.305989 0.153052 0.333556 0.018687 -0.159580 -0.335949 -0.321222 -0.167570 -0.060287 -0.113801 0.143663 -0.117860 0.085451 -0.120972 -0.029541 0.010650 -0.069810 -0.016938 -0.182560 -0.205269 -0.141253 -0.125694 -0.104475 0.013019 -0.057805
-0.149599 -0.072580 0.097331 0.309238 0.228544 0.359126 0.276960 0.524366 0.228619 1.000000 0.126611 0.392030 0.131568 0.302537 0.108487 0.336545 -0.064170 0.144452 -0.224880 -0.153005 0.194146 0.308683 0.067644 0.213556 0.224789 0.378657 0.116160 0.060459 -0.127095 0.088357 0.179989 0.205972 -0.236699 -0.016682 -0.212412 -0.030689 -0.134155 0.010063 -0.115439 -0.014406 -0.314938 -0.152150 -0.186486 -0.064075 -0.052129 0.164775 -0.288569 -0.261487 -0.082149 -0.095507 0.162103 -0.009655 -0.161904 -0.004460 -0.174049 -0.140524 -0.240314 -0.421673 -0.097286 -0.290909 0.137171 0.070923 -0.114961 -0.174754 0.354487 0.561928 -0.358433 0.103919 -0.409701 -0.318665 0.045164 0.153660 -0.210097 -0.167200 -0.133016 0.036287 -0.402595 -0.336049 -0.020343 0.095476 -0.021653 -0.022643 -0.129454 0.377920 0.250238 0.339221 0.191170 0.247403 0.195857 0.278233 -0.048965 -0.042713 0.333387 -0.045877 -0.091005 -0.088099 -0.370555 -0.213592 -0.283985 -0.259011 0.004590 -0.011165 -0.202390 -0.083771 -0.034483 -0.157370 0.120630 -0.277184 -0.117615 -0.160508 -0.196565 -0.203849 -0.087981 -0.042308 -0.171582 -0.177652
0.073212 0.091403 0.246245 0.137233 -0.046720 0.013049 0.299963 0.080031 0.294963 0.126611 1.000000 0.510557 0.677107 0.140079 0.540742 0.318116 -0.037341 -0.032280 0.337916 0.018826 -0.264765 -0.078449 0.242139 0.144940 -0.017681 -0.041424 -0.007248 0.047552 0.390016 0.142019 0.116486 0.141336 0.175161 0.183108 0.090124 -0.193782 0.141556 -0.095121 0.060451 -0.134085 0.051032 0.095899 -0.124517 -0.154888 -0.338027 -0.276358 -0.144817 -0.159742 -0.045389 -0.091855 0.182417 -0.027675 0.049030 0.092413 0.066406 0.017592 -0.253504 -0.274308 -0.119486 -0.367367 0.248766 0.053273 0.023198 -0.176388 0.377012 0.123262 -0.195623 -0.268441 -0.348666 -0.199865 -0.270680 -0.127211 0.109406 -0.014807 0.220272 -0.002510 0.031039 -0.211966 -0.104419 -0.081158 -0.302490 -0.151620 0.297443 0.394147 0.297417 0.124213 0.285613 0.164025 0.149775 0.093810 -0.131457 -0.203832 -0.162659 -0.096060 -0.046570 -0.119657 -0.044257 -0.222539 -0.176446 -0.220617 -0.179308 0.003930 -0.093838 -0.122835 0.070419 -0.301368 -0.034886 0.106398 0.008737 0.033656 -0.235658 -0.192847 -0.098028 -0.107602 -0.174352 -0.206294
0.002596 0.303884 0.105127 0.529426 -0.258193 0.008061 0.090576 0.489728 0.029999 0.392030 0.510557 1.000000 0.398180 0.298231 0.337614 0.404029 0.034186 0.137302 0.021127 -0.266263 -0.130954 0.138472 0.126769 0.127589 0.020190 0.125962 -0.119870 0.041313 0.282128 0.375915 0.227213 0.262104 0.166555 0.339841 0.131212 -0.105267 0.186813 0.131653 0.093839 0.024730 0.193176 0.176227 0.124330 0.082409 -0.249510 -0.177341 -0.091758 -0.089230 -0.090876 -0.201578 0.313224 -0.104070 -0.047837 -0.117788 -0.146313 0.035359 -0.225950 -0.332840 -0.382312 -0.372010 0.004387 0.042851 -0.013600 -0.190540 0.327499 0.488375 -0.195859 -0.226515 -0.362374 -0.387064 -0.227132 -0.050555 0.086541 -0.056814 0.238162 0.163975 -0.159349 -0.209513 0.018004 0.105129 -0.104929 -0.102521 0.111117 0.514637 0.362903 0.444875 0.270580 0.235087 0.007835 0.040877 -0.384137 -0.553425 -0.083030 -0.190847 0.047393 -0.060650 -0.038464 -0.165992 -0.259325 -0.302115 -0.024612 -0.121985 0.035435 -0.270350 0.114051 -0.522490 -0.046011 -0.001731 0.028786 0.036669 -0.317614 -0.337429 0.027731 0.022729 -0.401487 -0.309600
0.099622 0.109232 0.291168 -0.082739 0.121150 -0.082548 0.571787 0.164554 0.407489 0.131568 0.677107 0.398180 1.000000 0.471366 0.412696 0.539318 -0.024613 0.038462 0.301655 -0.110507 -0.201974 -0.194412 0.035708 -0.164962 -0.163277 -0.264637 0.010174 -0.068508 0.333415 0.147329 -0.047067 -0.085738 0.270406 0.208097 -0.082892 -0.248338 0.157347 -0.085820 0.073547 -0.117724 0.101552 0.118933 -0.025813 -0.121153 -0.127078 -0.236344 -0.115272 -0.155763 -0.034793 -0.044060 0.053060 -0.148895 0.003474 0.056964 0.068455 -0.000747 -0.167187 -0.142876 0.032031 -0.229839 0.530013 0.204560 0.138714 -0.072404 0.236714 0.199093 -0.016581 -0.344934 -0.176205 -0.121007 -0.256904 -0.313298 0.197774 -0.069662 0.107281 0.057998 0.072699 -0.330236 -0.140746 -0.125934 -0.226778 -0.164588 0.014553 0.270350 0.050715 -0.072558 0.050870 -0.071563 0.076342 -0.008714 -0.031001 -0.147337 -0.093398 0.023379 0.041703 -0.060667 -0.018514 -0.162178 -0.128698 -0.064179 -0.064683 0.128299 0.101464 -0.065545 0.054113 -0.283386 -0.089567 0.205080 0.166014 0.089668 -0.221137 -0.079074 -0.062125 -0.138287 -0.179046 -0.225662
0.176659 0.446375 -0.279950 -0.140345 -0.018421 -0.264086 0.264040 0.260969 0.070135 0.302537 0.140079 0.298231 0.471366 1.000000 -0.126235 0.543978 0.221464 0.483325 -0.022040 -0.015173 0.010399 -0.171863 -0.447817 -0.402956 -0.432541 -0.401506 -0.223805 -0.438165 0.234093 0.411989 -0.194660 -0.241722 0.174182 0.221661 -0.486609 -0.261136 0.058430 -0.004923 -0.047036 -0.006485 0.053884 0.150313 0.007518 -0.017279 -0.026070 -0.029816 -0.115222 -0.166003 -0.218331 0.074542 -0.275339 -0.076263 -0.065991 -0.058557 -0.211070 -0.054155 0.095382 0.077594 0.120162 0.065237 0.467653 0.619859 0.358987 0.422795 -0.180227 0.477011 -0.236301 -0.274134 0.034549 -0.051647 -0.002577 -0.076762 0.281066 0.005880 0.051123 0.219131 0.047587 -0.154188 -0.063146 -0.011391 0.214265 0.150686 -0.252530 0.143295 -0.178996 -0.004726 -0.214463 -0.182551 -0.265422 0.006203 -0.019634 -0.149895 -0.077683 -0.217160 -0.007755 0.012510 -0.158809 -0.134690 0.068631 0.123941 -0.112148 0.077295 0.012069 -0.217257 -0.128124 -0.110907 -0.033687 -0.127617 0.048079 -0.067866 -0.375464 0.039551 0.057813 -0.077022 -0.002922 -0.035435
-0.090866 -0.045346 0.411510 0.292823 0.211503 0.224143 0.240196 0.152675 0.565106 0.108487 0.540742 0.337614 0.412696 -0.126235 1.000000 0.410325 -0.334168 -0.185300 0.083261 -0.008937 -0.293424 -0.017590 0.605598 0.567671 0.346384 0.220507 0.188530 0.280341 0.143542 -0.194719 0.141484 0.260789 -0.073981 0.032768 0.230728 0.058476 0.111521 -0.277320 0.108910 -0.258058 0.084660 -0.139854 -0.296194 -0.226967 -0.347307 -0.309636 -0.255404 -0.273093 0.096865 -0.200777 0.387818 -0.052826 0.174426 0.072476 0.229874 -0.181523 -0.363592 -0.272910 -0.040921 -0.288378 0.064672 -0.129850 -0.188002 -0.374431 0.583437 0.009893 -0.054510 -0.000087 -0.461096 -0.171713 -0.177194 -0.110722 -0.199891 -0.092665 -0.007022 -0.174406 -0.013906 -0.151362 -0.248366 -0.141113 -0.398762 -0.348169 0.522466 0.385975 0.456485 0.035947 0.292087 0.141241 0.415244 0.052554 0.015289 -0.053512 0.051604 0.239959 0.014326 -0.247500 -0.218576 -0.329635 -0.372312 -0.305950 -0.187171 -0.003308 -0.094411 0.023105 -0.023872 -0.273231 0.078885 0.024780 -0.033380 -0.072510 -0.137376 -0.375685 -0.257967 -0.055078 -0.138610 -0.218491
-0.047859 0.139498 -0.074611 0.026300 0.113199 -0.143988 0.277462 0.223218 0.365257 0.336545 0.318116 0.404029 0.539318 0.543978 0.410325 1.000000 -0.085201 0.254294 0.001389 0.021378 -0.145021 -0.118367 -0.050767 -0.029890 -0.181247 -0.197551 -0.038842 -0.196683 0.307499 0.339149 -0.067779 -0.076391 0.053359 0.131475 -0.243234 -0.277751 0.186687 0.052171 0.118886 -0.022811 0.217338 0.192863 -0.113776 -0.183711 -0.180761 -0.274891 -0.184784 -0.264460 -0.106820 -0.057375 -0.101350 -0.180494 -0.035361 -0.036189 -0.015935 -0.078143 -0.212975 -0.135192 0.052577 -0.095612 0.332353 0.331162 0.133203 0.006707 0.039883 0.269299 -0.151650 -0.179470 -0.119457 -0.064275 -0.105184 -0.187374 0.209065 0.066363 0.072506 0.053645 0.073997 -0.129007 -0.122113 -0.017327 -0.053017 -0.041195 0.092995 0.444493 -0.003211 0.051753 -0.063690 -0.091022 -0.060673 0.027434 0.027664 -0.059179 0.107182 -0.031905 0.077314 -0.095295 -0.177768 -0.190361 -0.140696 -0.048702 -0.122994 0.072112 0.033216 -0.020161 -0.046183 -0.188668 0.107177 -0.101274 0.044124 0.011190 -0.250109 -0.114506 -0.068105 -0.034319 -0.183943 -0.118668
0.430866 0.367821 -0.499917 -0.185925 -0.386142 -0.340900 -0.337510 -0.228033 -0.307032 -0.064170 -0.037341 0.034186 -0.024613 0.221464 -0.334168 -0.085201 1.000000 0.534831 0.067635 -0.094252 0.051928 0.053441 -0.404838 -0.424065 -0.333216 -0.262675 -0.312152 -0.347331 0.366035 0.411923 0.054264 -0.119007 0.198144 0.165860 -0.281476 -0.274902 0.145516 0.157183 0.028807 0.161880 0.218586 0.072024 0.115905 -0.054713 -0.067985 -0.228596 0.147203 -0.048970 -0.052582 0.025310 -0.199882 -0.064887 0.018665 -0.117795 -0.111879 0.186130 0.554140 0.366966 -0.032853 0.110350 0.265485 0.188213 0.555534 0.492074 -0.149089 0.094457 -0.053890 -0.547827 0.141105 -0.112906 0.149308 0.144686 0.587057 0.049961 0.348811 0.149284 -0.017311 -0.068821 0.326688 0.310081 0.520649 0.362795 -0.271362 -0.171211 -0.116510 -0.077007 -0.106516 -0.083884 -0.352042 0.000800 -0.201703 -0.329118 -0.320593 -0.220214 0.021079 0.202798 0.199882 0.272946 0.150250 0.284496 -0.040801 -0.030807 0.018095 -0.168558 -0.056852 0.018016 -0.204968 -0.006399 0.035085 0.074646 -0.244878 0.117572 0.144979 0.051840 -0.015950 0.036555
0.235215 0.332463 -0.421312 -0.081078 -0.319208 -0.339742 -0.116907 -0.090132 -0.063595 0.144452 -0.032280 0.137302 0.038462 0.483325 -0.185300 0.254294 0.534831 1.000000 0.070122 -0.094674 0.125378 0.148106 -0.291644 -0.288373 -0.283940 -0.164268 -0.295061 -0.394707 0.279083 0.630538 -0.039157 -0.066264 0.023798 0.085999 -0.290907 -0.193533 0.207175 0.213390 -0.018706 0.117751 0.147794 0.176895 0.057562 -0.050074 -0.078914 -0.136930 -0.014846 -0.140831 -0.005373 0.084297 -0.149298 0.105879 0.074733 -0.026617 -0.209736 0.058772 0.242474 0.122685 0.175407 0.152778 0.298073 0.405108 0.483602 0.595272 -0.091020 0.341816 -0.092206 -0.406552 0.009823 -0.188084 0.103881 0.253417 0.442280 0.187876 0.156131 0.243787 -0.004013 0.009226 0.194141 0.427076 0.441977 0.348543 -0.173927 0.037617 -0.118826 -0.005917 -0.092755 -0.007660 -0.261946 0.093332 -0.261030 -0.267268 -0.238287 -0.312245 -0.137468 0.048935 -0.048299 0.016048 0.030665 0.170773 -0.132517 0.093314 -0.057429 -0.268263 -0.151426 -0.194254 0.003154 -0.266244 -0.126190 -0.172699 -0.380206 -0.037675 0.190897 0.045314 -0.124712 -0.099107
0.333809 0.123341 0.225435 -0.171482 0.019128 -0.206245 0.330198 -0.150199 0.207433 -0.224880 0.337916 0.021127 0.301655 -0.022040 0.083261 0.001389 0.067635 0.070122 1.000000 0.404829 -0.306968 -0.285276 -0.099745 -0.230012 -0.298161 -0.354237 -0.130289 -0.258171 0.378798 0.113380 -0.268044 -0.280964 0.285644 0.110501 -0.117719 -0.261541 0.116360 -0.121207 -0.072589 -0.137661 0.139634 0.105230 0.060449 -0.094730 0.017865 -0.161273 0.109859 0.090003 0.069651 0.122420 -0.178053 -0.128429 0.031514 -0.025778 0.186719 0.066496 -0.095231 -0.056087 0.050507 -0.178589 0.279531 0.003140 0.081652 -0.004050 0.085650 -0.191716 0.028450 -0.328305 0.118606 0.110833 -0.144263 -0.245339 0.182210 0.067444 0.277030 0.048174 0.200774 0.012037 -0.097677 -0.061418 -0.122706 -0.084437 0.170444 0.064559 -0.107783 -0.280771 -0.045746 -0.136285 -0.050344 -0.119319 0.063057 0.052924 -0.153594 0.130690 -0.023869 0.003107 0.088707 0.023494 0.191383 0.182583 0.061341 0.054784 0.169325 -0.158678 -0.002624 -0.160872 -0.024295 0.166509 0.013990 -0.019982 -0.153482 0.065137 0.065992 0.077227 -0.028339 -0.098337
0.131494 0.208892 -0.207723 -0.315571 0.119153 -0.311500 0.017319 -0.253445 0.182867 -0.153005 0.018826 -0.266263 -0.110507 -0.015173 -0.008937 0.021378 -0.094252 -0.094674 0.404829 1.000000 -0.298494 -0.513960 -0.240079 0.026602 -0.319667 -0.422172 -0.209678 -0.406355 0.361348 -0.022651 -0.296998 -0.314948 0.083156 0.085271 -0.277036 -0.301787 0.011509 -0.336514 -0.272709 -0.304875 0.148023 0.127574 -0.294595 -0.274290 -0.045671 -0.194165 -0.090850 -0.049081 -0.252974 0.067028 -0.583932 -0.313209 -0.220930 -0.089573 0.010864 -0.274816 -0.024301 0.269251 0.083517 0.003269 -0.022707 0.117500 0.031264 0.061315 -0.253850 -0.473825 -0.203288 0.122431 0.458747 0.637602 -0.086181 -0.308556 0.081503 0.126569 0.117789 -0.288715 0.396206 0.410930 -0.098782 -0.219964 0.048992 0.050144 0.350977 0.113854 -0.260123 -0.358592 -0.311146 -0.332119 -0.239216 -0.188423 0.509161 0.469108 0.089942 0.045424 -0.081857 -0.049518 -0.149496 -0.021593 0.224781 0.165528 -0.089607 0.010719 -0.175771 0.036893 -0.251865 0.323774 0.128202 -0.042621 -0.110492 0.056022 0.054993 0.228032 -0.226665 0.012057 0.258820 0.138669
-0.171663 -0.284154 -0.043823 0.071301 0.121464 0.197098 -0.029703 0.167283 -0.111336 0.194146 -0.264765 -0.130954 -0.201974 0.010399 -0.293424 -0.145021 0.051928 0.125378 -0.306968 -0.298494 1.000000 0.387406 -0.025680 -0.081576 0.126901 0.241342 0.102708 0.063826 -0.401673 0.030919 0.176100 0.116366 -0.279833 -0.204895 -0.021476 0.234442 -0.121772 0.203041 0.026449 0.166429 -0.270915 -0.024470 0.217991 0.188856 0.183873 0.319780 -0.018883 0.064813 -0.114309 0.023269 0.049040 0.085027 -0.253845 -0.026325 -0.278553 0.043839 0.056172 -0.049019 -0.075955 0.013437 -0.207828 -0.134100 -0.222255 -0.007060 -0.050416 0.109953 -0.090592 0.149715 -0.048017 -0.177382 0.479677 0.500868 -0.135504 0.151917 -0.110305 0.398701 -0.224823 0.007009 0.064958 0.225209 0.053885 0.164193 -0.190168 -0.212180 -0.082357 0.102941 0.042992 0.086166 -0.032903 0.056732 -0.110158 -0.023756 0.098419 -0.105698 -0.150000 0.007957 -0.022467 0.026736 0.001614 0.024057 0.106640 0.007799 -0.042757 -0.072324 -0.107980 0.103623 0.118213 -0.162174 -0.132065 -0.040322 0.140249 -0.043546 0.055779 -0.075135 0.070374 0.133986
-0.100445 -0.237232 0.132709 0.354947 -0.109327 0.315562 -0.113114 0.185518 -0.204567 0.308683 -0.078449 0.138472 -0.194412 -0.171863 -0.017590 -0.118367 0.053441 0.148106 -0.285276 -0.513960 0.387406 1.000000 0.329433 0.232578 0.386879 0.624398 0.212721 0.399109 -0.325091 0.002347 0.412950 0.510986 -0.200590 -0.098065 0.216179 0.224238 -0.320972 0.307744 0.194044 0.437367 -0.422348 -0.198648 0.000754 0.105602 -0.038446 0.216931 -0.115565 0.004988 0.158756 -0.223025 0.429740 0.130954 -0.006905 0.061333 -0.147914 0.161579 -0.078563 -0.233092 -0.113414 -0.118376 -0.141363 -0.309185 -0.124048 -0.151709 0.280994 0.211021 0.056052 0.031106 -0.426602 -0.455240 0.205890 0.519838 -0.232765 -0.065653 -0.107885 0.286666 -0.652963 -0.376522 0.133929 0.490664 0.075314 0.009926 -0.081531 -0.012755 0.306093 0.299823 0.356563 0.484654 0.243772 0.223396 -0.397847 -0.184548 0.045361 0.030815 -0.069224 0.201995 0.075861 0.025292 -0.198351 -0.169722 0.024473 0.072122 0.040878 0.048218 0.049633 -0.334572 0.036256 -0.262630 -0.048546 -0.050197 0.095094 -0.207594 0.156728 0.061910 -0.251127 -0.131253
-0.300267 -0.315646 0.597151 0.466854 0.238566 0.414310 0.108161 0.159466 0.377736 0.067644 0.242139 0.126769 0.035708 -0.447817 0.605598 -0.050767 -0.404838 -0.291644 -0.099745 -0.240079 -0.025680 0.329433 1.000000 0.787541 0.685584 0.673724 0.339707 0.575601 -0.219400 -0.329040 0.445478 0.603058 -0.150050 0.047241 0.457665 0.398051 -0.087215 -0.215013 0.091810 -0.048547 -0.149433 -0.129754 -0.171071 -0.005434 -0.193658 0.038413 -0.122425 -0.060829 0.241024 -0.156612 0.624821 0.195658 0.163812 0.244895 0.063064 -0.157983 -0.347597 -0.370761 -0.038580 -0.285948 -0.197548 -0.402022 -0.310139 -0.456702 0.528767 -0.055366 -0.066167 0.159087 -0.575905 -0.363671 0.052931 0.195641 -0.391649 -0.000442 -0.065225 0.006146 -0.268811 -0.277566 -0.149723 -0.102260 -0.416202 -0.352377 0.395583 0.146447 0.385378 0.019698 0.420722 0.241833 0.478826 0.011600 -0.190862 -0.048894 0.036911 0.249337 -0.036453 -0.274644 -0.138523 -0.350099 -0.428395 -0.416001 -0.081788 0.025843 -0.131196 0.113540 0.034015 -0.266704 0.010605 -0.088510 -0.043316 -0.120395 0.069118 -0.468037 -0.165301 -0.061739 -0.234969 -0.252728
-0.411414 -0.263064 0.376387 0.584617 0.129953 0.378526 -0.090945 0.281570 0.330223 0.213556 0.144940 0.127589 -0.164962 -0.402956 0.567671 -0.029890 -0.424065 -0.288373 -0.230012 0.026602 -0.081576 0.232578 0.787541 1.000000 0.583952 0.654603 0.187097 0.468178 -0.212179 -0.399616 0.339251 0.532026 -0.372498 -0.026694 0.403047 0.399607 -0.148906 -0.308507 -0.010297 -0.116259 -0.165753 -0.136783 -0.321668 -0.066360 -0.276810 0.031429 -0.254863 -0.123147 0.122098 -0.258273 0.494811 0.006705 -0.042494 0.060434 0.045168 -0.277079 -0.485503 -0.396574 -0.195494 -0.360824 -0.362288 -0.404631 -0.352534 -0.498551 0.516786 0.039282 -0.219869 0.452094 -0.532687 -0.159439 0.032767 0.211767 -0.483351 -0.021531 -0.105140 -0.130319 -0.244432 -0.106397 -0.160440 -0.191447 -0.348552 -0.347551 0.478693 0.227561 0.374459 0.102801 0.338223 0.246452 0.395110 0.041375 -0.031237 0.078093 0.287393 0.253588 -0.026718 -0.243243 -0.275616 -0.319085 -0.450244 -0.457322 -0.100593 -0.029572 -0.310861 0.060966 -0.051644 -0.070007 0.075485 -0.235149 -0.080073 -0.141304 0.076039 -0.423553 -0.330999 -0.095212 -0.093342 -0.106513
-0.364058 -0.408752 0.489348 0.271290 0.301517 0.416695 0.031637 0.197120 0.153173 0.224789 -0.017681 0.020190 -0.163277 -0.432541 0.346384 -0.181247 -0.333216 -0.283940 -0.298161 -0.319667 0.126901 0.386879 0.685584 0.583952 1.000000 0.772430 0.311895 0.515425 -0.353366 -0.317712 0.508233 0.550789 -0.232604 -0.079653 0.411992 0.428999 -0.119635 -0.223079 -0.017455 -0.027006 -0.246452 -0.273388 -0.138395 0.094402 -0.054090 0.186258 -0.118930 0.026895 0.257081 -0.188448 0.629757 0.211042 0.084699 0.153888 -0.002988 -0.156374 -0.263629 -0.313996 -0.064056 -0.215961 -0.283829 -0.383208 -0.382060 -0.439074 0.469103 0.061562 -0.030938 0.249551 -0.494727 -0.221051 0.228049 0.331463 -0.351210 -0.001882 -0.088010 0.015441 -0.316824 -0.216745 -0.073206 -0.057283 -0.237475 -0.256833 0.077063 -0.101547 0.488424 0.105653 0.364216 0.266444 0.314197 -0.052559 -0.104487 0.000397 0.114240 0.166802 -0.013486 -0.265402 -0.095789 -0.237962 -0.389553 -0.365355 0.063738 -0.058166 -0.061693 0.165392 0.117065 -0.185225 0.012458 -0.054477 -0.095416 -0.172117 0.261869 -0.391066 -0.057809 -0.061146 -0.170024 -0.215125
-0.420120 -0.452712 0.377325 0.504679 0.174080 0.542728 -0.081645 0.337968 -0.002189 0.378657 -0.041424 0.125962 -0.264637 -0.401506 0.220507 -0.197551 -0.262675 -0.164268 -0.354237 -0.422172 0.241342 0.624398 0.673724 0.654603 0.772430 1.000000 0.300598 0.600342 -0.359305 -0.250770 0.616147 0.726343 -0.252102 0.003229 0.448793 0.515430 -0.217981 -0.073373 -0.024839 0.029665 -0.331515 -0.244816 -0.074716 0.158840 -0.055130 0.301697 -0.148122 0.012386 0.173786 -0.245943 0.628943 0.144166 -0.068679 0.070809 -0.131338 -0.161616 -0.299674 -0.528758 -0.235556 -0.336686 -0.353606 -0.514835 -0.352320 -0.460366 0.483572 0.232542 -0.163757 0.327747 -0.591455 -0.461553 0.214701 0.474509 -0.362989 -0.063557 -0.111457 0.087551 -0.488863 -0.294909 0.028625 0.134332 -0.132434 -0.162730 0.108828 0.040688 0.497655 0.295966 0.478611 0.444029 0.347171 0.031036 -0.356187 -0.206188 0.115026 0.030909 -0.085337 -0.168219 -0.134642 -0.204914 -0.495327 -0.510481 -0.005683 -0.068390 -0.144092 0.024864 0.097466 -0.206151 0.031761 -0.152790 -0.112682 -0.137861 0.183514 -0.451019 -0.096432 -0.026110 -0.177552 -0.154906
-0.217902 -0.261240 0.404471 0.136080 0.445214 0.700540 0.226695 0.069020 0.116121 0.116160 -0.007248 -0.119870 0.010174 -0.223805 0.188530 -0.038842 -0.312152 -0.295061 -0.130289 -0.209678 0.102708 0.212721 0.339707 0.187097 0.311895 0.300598 1.000000 0.744130 -0.367775 -0.371001 -0.056876 -0.004661 -0.192053 -0.313777 0.155728 0.199487 -0.205108 -0.021196 0.362070 0.162315 -0.336788 -0.052770 -0.229991 -0.146264 -0.058098 0.084735 -0.014005 -0.081032 0.221309 -0.123152 0.316038 0.161652 0.288314 0.213206 0.359177 0.008535 -0.268002 -0.277997 0.142323 0.011563 -0.061008 -0.138296 -0.243253 -0.298693 0.079106 0.023721 0.186122 0.216200 -0.177135 -0.189187 0.117662 0.067642 -0.305341 -0.015409 -0.101760 -0.131164 -0.112587 -0.246083 -0.241371 -0.096209 -0.331989 -0.347252 -0.031477 0.103175 0.187800 0.087926 0.327377 0.190151 0.682403 0.289841 0.031669 0.127877 0.112845 0.050716 -0.198514 -0.135392 -0.024569 -0.172494 -0.181694 -0.365578 0.005461 -0.001543 -0.036307 0.032293 0.098531 -0.014675 -0.123645 -0.011625 -0.155352 -0.193532 0.181916 -0.333596 -0.200073 -0.253715 -0.084946 -0.019736
-0.333266 -0.347588 0.454014 0.420650 0.149083 0.749625 -0.030527 0.150300 -0.070598 0.060459 0.047552 0.041313 -0.068508 -0.438165 0.280341 -0.196683 -0.347331 -0.394707 -0.258171 -0.406355 0.063826 0.399109 0.575601 0.468178 0.515425 0.600342 0.744130 1.000000 -0.462722 -0.459240 0.151498 0.264547 -0.266280 -0.220458 0.504596 0.399941 -0.189201 0.035858 0.378211 0.198043 -0.246694 -0.049889 -0.058910 0.071036 -0.153202 0.085835 0.107624 0.097229 0.298496 -0.282287 0.646999 0.127296 0.157445 0.123726 0.278047 0.012669 -0.330740 -0.384583 -0.134248 -0.163194 -0.283886 -0.431016 -0.361839 -0.498341 0.239616 0.053806 0.157246 0.317272 -0.382307 -0.295044 0.036118 0.150009 -0.429634 -0.142350 -0.118381 -0.141488 -0.293199 -0.302268 -0.147886 -0.081180 -0.368123 -0.389747 0.095874 0.076110 0.387690 0.284779 0.406264 0.345190 0.677595 0.175359 -0.214547 -0.120313 0.084160 0.034852 -0.113058 -0.125790 0.113717 -0.142583 -0.354010 -0.529363 0.043475 -0.114982 -0.057476 0.012116 0.188567 -0.118243 -0.114172 0.015996 -0.051901 -0.024678 0.336069 -0.422344 -0.248758 -0.183506 -0.153650 -0.067607
0.235098 0.255918 -0.173539 -0.206565 -0.091516 -0.474995 0.102787 -0.128068 0.142727 -0.127095 0.390016 0.282128 0.333415 0.234093 0.143542 0.307499 0.366035 0.279083 0.378798 0.361348 -0.401673 -0.325091 -0.219400 -0.212179 -0.353366 -0.359305 -0.367775 -0.462722 1.000000 0.584421 0.063952 0.014758 0.532009 0.447458 -0.180253 -0.404546 0.384282 -0.127368 -0.116529 -0.207910 0.429931 0.206322 -0.074686 -0.166091 -0.141686 -0.415837 -0.050808 -0.119173 -0.316559 0.016171 -0.406904 -0.273220 -0.155149 -0.165887 -0.038034 -0.058726 0.094897 0.098333 -0.166234 -0.211024 0.202857 0.115585 0.411903 0.156700 -0.030149 -0.145351 -0.222789 -0.487387 0.219100 0.131877 -0.209974 -0.329670 0.760317 0.086481 0.346085 -0.115492 0.360496 0.049682 0.359367 0.180105 0.414913 0.284693 0.184616 0.331035 0.051822 -0.129609 -0.190153 -0.178653 -0.358485 -0.228936 -0.022849 -0.225426 -0.314662 -0.153635 0.038788 -0.017457 -0.004176 0.013722 0.029203 0.124457 -0.267847 0.078807 0.033401 -0.105515 -0.072300 -0.151152 -0.038767 0.089452 0.029850 0.070177 -0.336129 0.082995 0.056289 0.156288 -0.054465 -0.105071
0.107900 0.270182 -0.358386 -0.130505 -0.270031 -0.458479 -0.024340 -0.047847 -0.108115 0.088357 0.142019 0.375915 0.147329 0.411989 -0.194719 0.339149 0.411923 0.630538 0.113380 -0.022651 0.030919 0.002347 -0.329040 -0.399616 -0.317712 -0.250770 -0.371001 -0.459240 0.584421 1.000000 0.172915 0.092843 0.405024 0.402441 -0.225536 -0.342011 0.380096 0.343261 0.054086 0.084210 0.355639 0.339254 0.184220 0.101317 -0.030552 -0.230325 0.136360 -0.006690 -0.263801 0.099715 -0.269780 -0.053400 -0.142546 -0.186794 -0.304317 0.124169 0.125234 0.037138 -0.151530 -0.045962 0.117368 0.251969 0.337942 0.354360 -0.169652 0.131626 -0.195699 -0.510095 0.083992 -0.166951 -0.035058 -0.020656 0.690467 0.266643 0.366610 0.271325 0.122896 0.051006 0.318998 0.436963 0.434492 0.486824 -0.109371 0.263529 -0.031355 0.142872 -0.175401 -0.059771 -0.447232 -0.169349 -0.309188 -0.433863 -0.371947 -0.400855 -0.012612 0.019162 0.059098 0.002477 0.084267 0.095648 -0.163067 0.089686 0.122946 -0.196063 -0.014141 -0.268963 -0.023207 -0.010832 -0.060190 0.035778 -0.335425 0.088763 0.273864 0.104428 -0.150947 -0.127271
-0.187631 -0.234555 0.188737 0.205857 0.102546 0.098163 -0.020052 0.207370 0.010845 0.179989 0.116486 0.227213 -0.047067 -0.194660 0.141484 -0.067779 0.054264 -0.039157 -0.268044 -0.296998 0.176100 0.412950 0.445478 0.339251 0.508233 0.616147 -0.056876 0.151498 0.063952 0.172915 1.000000 0.866175 0.213347 0.425039 0.212749 0.190009 -0.030005 -0.090606 -0.059921 -0.055368 0.011269 -0.124166 -0.055629 0.060554 -0.109930 0.039828 -0.107656 -0.073597 -0.052340 -0.128343 0.264670 0.052339 -0.152886 -0.065347 -0.344927 -0.157810 -0.051789 -0.278972 -0.232293 -0.238439 -0.171699 -0.290602 -0.091959 -0.245696 0.331864 0.035301 -0.163282 -0.065147 -0.467080 -0.408097 0.147363 0.347561 0.068470 0.076528 0.162270 0.177310 -0.367297 -0.225494 0.118766 0.135948 0.002166 0.098691 0.136161 0.101062 0.334864 0.116015 0.178593 0.137842 -0.077182 -0.285280 -0.409828 -0.330903 -0.170428 -0.137843 0.035343 -0.171276 -0.096589 -0.181665 -0.403212 -0.289904 0.001339 -0.017594 -0.047320 0.044663 0.028309 -0.237313 0.171609 0.047862 0.054470 0.063727 -0.101055 -0.272447 0.106313 0.078062 -0.160958 -0.151913
-0.219090 -0.243784 0.283036 0.380873 0.028832 0.154142 0.007064 0.292966 0.015451 0.205972 0.141336 0.262104 -0.085738 -0.241722 0.260789 -0.076391 -0.119007 -0.066264 -0.280964 -0.314948 0.116366 0.510986 0.603058 0.532026 0.550789 0.726343 -0.004661 0.264547 0.014758 0.092843 0.866175 1.000000 0.144907 0.439893 0.297455 0.302377 -0.045280 -0.065821 -0.033741 -0.041425 -0.091375 -0.081201 -0.096416 0.119980 -0.169914 0.068717 -0.149210 -0.045502 -0.065479 -0.237746 0.375733 0.010963 -0.088373 -0.087339 -0.321337 -0.186989 -0.129256 -0.393138 -0.279580 -0.361812 -0.207132 -0.373272 -0.124235 -0.314220 0.431203 0.111822 -0.236545 0.034196 -0.564268 -0.478236 0.061908 0.365741 -0.063245 0.050165 0.121168 0.184954 -0.391391 -0.260867 0.167435 0.149563 -0.002146 0.041021 0.309559 0.263606 0.461029 0.275032 0.308184 0.316043 0.107463 -0.176514 -0.463484 -0.356617 -0.151299 -0.107157 0.041763 -0.166535 -0.126246 -0.251853 -0.499438 -0.409339 -0.121470 0.027516 -0.144803 -0.014732 -0.003424 -0.356854 0.175228 -0.064823 0.029126 0.018710 -0.064365 -0.360004 0.024028 0.089706 -0.247443 -0.237032
0.305525 0.318023 0.046883 -0.200323 0.026940 -0.306135 0.273069 -0.052463 -0.039496 -0.236699 0.175161 0.166555 0.270406 0.174182 -0.073981 0.053359 0.198144 0.023798 0.285644 0.083156 -0.279833 -0.200590 -0.150050 -0.372498 -0.232604 -0.252102 -0.192053 -0.266280 0.532009 0.405024 0.213347 0.144907 1.000000 0.707843 -0.073115 -0.235666 0.222397 -0.076105 -0.082395 -0.225545 0.326190 0.059084 0.056161 0.024108 0.019327 -0.169405 0.102577 -0.005654 -0.243972 0.059748 -0.306259 -0.161131 -0.105792 -0.185388 -0.212941 -0.042829 0.277443 0.109605 -0.061429 0.031685 0.280724 0.144409 0.349159 0.181951 -0.060373 -0.135692 0.032879 -0.473908 0.192588 0.003588 -0.182111 -0.302978 0.497131 0.036612 0.231253 0.069893 0.133208 -0.068127 0.231948 0.077396 0.229598 0.214351 -0.017270 0.165670 -0.018103 -0.094155 -0.245813 -0.235092 -0.328429 -0.386600 -0.192240 -0.366366 -0.490436 -0.181885 -0.075451 -0.043458 0.021997 -0.170757 0.037006 0.034679 -0.039351 0.081704 0.334325 -0.156961 0.031521 -0.324363 -0.047237 0.289316 -0.007294 0.147509 -0.291218 0.026533 0.170236 0.113351 -0.176976 -0.288088
0.161227 0.356827 0.015330 0.119217 -0.092404 -0.292201 0.133210 0.220510 -0.023756 -0.016682 0.183108 0.339841 0.208097 0.221661 0.032768 0.131475 0.165860 0.085999 0.110501 0.085271 -0.204895 -0.098065 0.047241 -0.026694 -0.079653 0.003229 -0.313777 -0.220458 0.447458 0.402441 0.425039 0.439893 0.707843 1.000000 0.007776 -0.022247 0.212487 -0.120887 -0.139466 -0.218664 0.351229 0.194636 0.008441 0.107690 -0.181456 -0.166653 -0.007902 -0.008773 -0.402522 -0.164049 -0.165773 -0.339944 -0.299033 -0.320591 -0.530968 -0.243322 0.170258 -0.029702 -0.298024 -0.243457 0.145527 0.053438 0.222018 0.075667 0.101501 0.111912 -0.266843 -0.283914 -0.079331 -0.149165 -0.148002 -0.076317 0.378832 0.161982 0.354786 0.190064 0.040724 -0.014738 0.283295 0.031089 0.209111 0.284415 0.178846 0.291566 0.092629 0.066510 -0.147357 -0.153120 -0.356111 -0.463240 -0.354940 -0.504154 -0.392207 -0.284097 0.101372 -0.087939 -0.094384 -0.247063 -0.246397 -0.171408 -0.193338 0.028267 0.001162 -0.299294 -0.144384 -0.365970 0.079031 0.009133 0.020213 0.175501 -0.237911 -0.134858 -0.004663 0.108015 -0.175217 -0.249185
-0.380408 -0.291679 0.388769 0.368082 -0.044376 0.183626 -0.210986 0.102918 -0.104106 -0.212412 0.090124 0.131212 -0.082892 -0.486609 0.230728 -0.243234 -0.281476 -0.290907 -0.117719 -0.277036 -0.021476 0.216179 0.457665 0.403047 0.411992 0.448793 0.155728 0.504596 -0.180253 -0.225536 0.212749 0.297455 -0.073115 0.007776 1.000000 0.483173 -0.019395 -0.006863 0.137658 0.049367 0.057044 0.040732 0.129487 0.182284 -0.043461 0.034428 0.001716 0.149068 0.167062 -0.229810 0.533692 0.012814 -0.048060 -0.055562 0.000526 0.103428 -0.273020 -0.247541 -0.330689 -0.254458 -0.480477 -0.528269 -0.366619 -0.431737 0.207402 -0.040932 0.233087 0.265186 -0.194050 -0.025279 -0.142034 0.111613 -0.223232 0.030899 -0.049727 -0.084935 0.003021 0.105690 0.049555 0.113414 -0.248244 -0.207094 0.082755 -0.123650 0.335427 0.165772 0.245015 0.304439 0.157126 -0.151239 -0.268788 -0.217533 -0.015879 -0.037575 -0.017909 0.007627 0.181338 0.034008 -0.239275 -0.276767 0.110304 -0.125496 0.072608 -0.051090 0.150460 -0.245208 -0.184846 0.086122 -0.000627 0.003307 0.301708 -0.236534 -0.039480 -0.087086 -0.183875 -0.084796
-0.293917 -0.317223 0.201812 0.321430 0.117097 0.368860 -0.102406 0.157316 -0.043632 -0.030689 -0.193782 -0.105267 -0.248338 -0.261136 0.058476 -0.277751 -0.274902 -0.193533 -0.261541 -0.301787 0.234442 0.224238 0.398051 0.399607 0.428999 0.515430 0.199487 0.399941 -0.404546 -0.342011 0.190009 0.302377 -0.235666 -0.022247 0.483173 1.000000 -0.219541 -0.064346 -0.055584 -0.017702 -0.154187 -0.136183 0.073490 0.272547 0.114963 0.472971 -0.014086 0.142818 0.045675 -0.136923 0.428621 0.018076 -0.052103 -0.023137 -0.101863 -0.059179 -0.179689 -0.280089 -0.103361 -0.099273 -0.383967 -0.390806 -0.361389 -0.321141 0.247763 0.185917 0.028828 0.467537 -0.251422 -0.206077 0.154884 0.274389 -0.429140 -0.060488 -0.192863 -0.002975 -0.164280 -0.001062 -0.083998 -0.048718 -0.146898 -0.163985 0.087485 -0.170211 0.232879 0.141545 0.302990 0.158304 0.195434 -0.018935 -0.259034 -0.150873 0.009518 0.034889 -0.117082 -0.122137 -0.181885 -0.126480 -0.268799 -0.273922 -0.099540 -0.006320 -0.168853 -0.208575 -0.099460 -0.084897 -0.045335 -0.203219 -0.044815 -0.237961 0.229021 -0.266318 -0.142261 -0.187064 -0.051748 -0.053434
