1.000000 0.491040 0.038469 -0.432265 -0.077071 -0.318777 -0.106388 -0.293330 0.078375 -0.188868 0.444938 0.128480 0.183700 0.011115 0.291348 -0.057406 0.125226 0.076010 0.287786 0.276146 0.024080 -0.108486 -0.119750 -0.313564 -0.330606 -0.488188 -0.151884 -0.047512 0.145221 0.022068 -0.259410 -0.367873 0.228200 -0.056714 -0.033447 -0.337387 0.057570 -0.176623 -0.085348 -0.066452 -0.017263 -0.002561 -0.047237 -0.178431 0.052588 -0.274268 0.027880 -0.164667 0.088275 -0.081824 -0.106734 0.019612 0.215386 -0.026841 0.341498 -0.055275 0.501592 0.295693 0.488712 0.132480 0.272562 0.054603 0.012861 0.099681 -0.088568 -0.441721 0.393646 -0.300974 0.271045 0.124356 -0.030421 -0.121050 0.110983 -0.076313 0.000802 0.146189 0.108160 -0.164086 0.036295 0.025709 0.081985 0.031768 0.055015 -0.155099 0.120734 -0.150214 0.010233 0.007120 0.058714 0.162802 -0.047514 0.122741 -0.197094 0.025653 -0.079763 -0.030472 -0.106740 -0.090572 -0.048066 0.035792 -0.063405 0.080257 -0.223949 0.049547 -0.223832 0.049860 -0.110658 -0.059002 0.128655 -0.031183 -0.125111 -0.178576 -0.116256 0.006997 0.039715 -0.074239
0.491040 1.000000 -0.336488 -0.079674 -0.083202 -0.406984 -0.236238 -0.204551 -0.036726 -0.191190 0.080750 0.060278 -0.182578 -0.024440 0.099265 0.099225 0.186623 0.216729 0.184175 0.629379 0.165783 -0.035573 -0.202922 -0.268348 -0.328976 -0.505217 -0.029353 -0.142140 0.038495 0.279781 -0.285990 -0.365987 0.369471 0.030999 -0.173864 -0.511428 -0.026498 0.182530 -0.024252 0.197354 0.003681 0.221116 0.023200 -0.209793 0.087290 -0.359136 0.076270 -0.115445 -0.184543 -0.135215 -0.262279 -0.035985 0.118429 0.141001 0.154798 0.029646 0.456634 0.673619 0.187031 0.342855 -0.029245 0.025700 0.118616 0.438571 -0.302016 -0.580400 0.194080 -0.491295 0.517113 0.405911 0.112995 -0.105517 0.156983 0.175877 0.204022 0.166822 0.066041 0.151414 0.128815 0.264235 0.276867 0.355471 0.023913 0.099992 -0.035920 -0.104743 -0.030458 0.100849 -0.102312 0.152191 -0.036837 0.070683 -0.189475 -0.232103 0.145007 0.030912 -0.087450 0.095023 0.027582 0.113258 -0.069188 0.004558 -0.127300 0.017226 -0.205017 0.029038 0.092556 -0.123893 -0.011046 0.173409 -0.057946 0.005626 0.042975 0.010350 0.015049 0.052770
0.038469 -0.336488 1.000000 0.194595 0.332804 0.353073 0.334365 0.058175 0.517377 0.182377 -0.067432 -0.340532 0.142919 -0.227029 0.233197 -0.112682 -0.425627 -0.410501 0.192847 -0.166909 -0.114867 0.013623 0.526165 0.241063 0.431681 0.271526 0.287582 0.340333 -0.210461 -0.480247 0.078216 -0.061318 -0.085606 -0.203095 0.058816 0.322950 -0.347031 -0.309606 -0.121390 -0.263212 -0.171567 -0.307245 -0.154854 -0.170983 -0.114328 -0.133454 -0.082066 -0.154604 0.344777 -0.102679 0.145241 -0.074469 0.160077 0.048328 0.047763 -0.300384 -0.107758 -0.165515 0.376988 0.036478 0.142136 0.100272 -0.407434 -0.477183 0.253700 0.246371 0.292160 0.097792 0.054711 0.084811 -0.032827 -0.271025 -0.313166 -0.185536 -0.300778 -0.307950 -0.201336 -0.142453 -0.264101 -0.350257 -0.489567 -0.428768 0.117454 -0.241967 0.160297 -0.264668 0.185594 0.027141 0.503467 0.192600 0.115590 0.228052 0.158472 0.454591 0.024318 -0.213525 -0.111401 -0.269015 -0.094627 -0.013196 0.051962 0.024908 0.077954 -0.090118 0.112860 -0.063742 0.017705 0.041209 -0.069772 -0.109816 -0.012692 -0.124204 -0.099054 -0.026877 -0.071862 0.008400
-0.432265 -0.079674 0.194595 1.000000 0.035917 0.291171 0.069244 0.287690 0.153051 0.260202 -0.484711 -0.088162 -0.441819 -0.167780 -0.087699 0.034448 -0.272872 -0.258498 0.046170 0.128359 -0.076580 0.059277 0.381912 0.469442 0.276496 0.307953 0.229956 0.159622 -0.354156 -0.233446 0.120336 0.113063 -0.113089 -0.119828 -0.033191 0.275264 -0.295870 0.034593 0.021761 0.015299 -0.041968 -0.011297 -0.104781 -0.109644 -0.192153 -0.081720 -0.076430 -0.034770 -0.097313 -0.174011 -0.013703 -0.172616 -0.086422 0.072240 -0.272189 -0.196945 -0.283128 -0.062275 -0.273798 -0.123753 -0.302714 -0.080317 -0.268994 -0.179143 0.310387 0.348985 -0.161791 0.120864 0.153547 0.207133 0.002068 -0.061441 -0.315371 0.100778 -0.048694 -0.047701 -0.255053 0.156556 -0.072261 -0.060859 -0.104261 -0.109566 0.150061 0.017497 0.182182 0.231873 0.208371 0.188938 0.269393 0.053445 0.018733 0.014091 0.312082 0.116479 0.257893 0.124502 -0.076360 0.002311 -0.124639 -0.215087 0.098032 -0.214643 0.082115 -0.118000 0.176009 -0.120298 0.104458 -0.105955 -0.101740 0.216561 -0.019898 0.032755 -0.038049 -0.080560 -0.111233 0.197366
-0.077071 -0.083202 0.332804 0.035917 1.000000 0.431228 0.148464 0.100815 0.295216 0.421295 -0.240600 -0.197016 0.033005 -0.201751 -0.113660 -0.104698 -0.242262 -0.044421 0.030955 0.141463 0.290167 0.177910 -0.156264 -0.187161 0.229579 0.210244 0.347017 0.240343 -0.206227 -0.023470 0.072130 -0.055263 -0.126027 0.022762 -0.011620 0.156153 -0.273490 0.043609 -0.354225 -0.141494 -0.294220 -0.193013 -0.079506 0.050190 0.014441 0.314502 -0.082760 0.017924 0.011127 0.062221 -0.142770 0.030957 -0.199236 -0.137060 -0.290874 -0.180149 -0.113549 0.005562 0.077750 0.139345 -0.119611 -0.022150 -0.152542 -0.190077 -0.157991 0.037885 0.043359 0.225112 0.164276 0.289286 0.101156 -0.117991 -0.097110 -0.038253 0.047221 0.081288 -0.088598 0.180777 -0.090804 -0.006001 -0.175711 0.026578 -0.376325 -0.146985 -0.162201 -0.142379 -0.303148 -0.296218 0.102507 -0.117923 0.035705 0.008752 -0.039634 0.168367 -0.093526 -0.186960 -0.240402 -0.210744 -0.022161 -0.005668 0.038911 0.213521 0.246147 0.101192 -0.080414 0.316074 0.157469 0.146496 -0.098567 -0.272040 -0.200692 -0.038092 -0.175654 -0.166951 -0.058418 0.058088
-0.318777 -0.406984 0.353073 0.291171 0.431228 1.000000 -0.058614 0.129335 0.007706 0.555100 -0.334526 -0.031195 -0.174341 0.029549 -0.214823 0.017317 -0.504958 -0.417904 -0.252276 -0.199255 -0.115493 0.165356 0.122824 0.283439 0.428669 0.537063 0.503494 0.655763 -0.548549 -0.401920 0.010852 0.072191 -0.271164 -0.182168 -0.083532 0.510368 -0.395200 -0.017959 -0.140699 -0.013615 -0.128628 -0.251698 -0.045132 0.113458 -0.060209 0.220421 -0.108679 0.145973 0.300720 0.007720 0.235041 0.135262 -0.107724 -0.113123 -0.030240 -0.207544 -0.263958 -0.280752 0.017805 0.062717 -0.291148 -0.086721 -0.371681 -0.575947 -0.052866 0.602234 0.059131 0.456570 0.006571 0.057663 -0.108359 -0.215793 -0.560964 -0.223380 -0.346051 -0.181264 -0.408825 0.002098 -0.260037 -0.393698 -0.411826 -0.472243 -0.270009 -0.285394 -0.048379 0.074755 -0.039056 -0.115359 0.282380 0.093203 0.058381 -0.048464 0.181720 0.142313 0.039068 0.018486 0.232365 0.186900 -0.007411 -0.060453 0.242673 -0.005069 0.244407 0.075901 0.251837 0.081624 0.098595 0.167279 -0.011805 -0.220859 0.121153 -0.084240 -0.159959 0.012611 -0.033217 0.125157
-0.106388 -0.236238 0.334365 0.069244 0.148464 -0.058614 1.000000 0.647583 0.282817 0.006131 -0.143688 -0.054954 0.215887 -0.051893 -0.131024 -0.153030 -0.046014 0.059661 -0.105726 -0.086104 -0.072324 -0.241098 -0.121522 -0.072000 -0.053641 0.081953 -0.300846 -0.369471 0.061438 -0.083370 0.117578 0.200740 0.088914 0.351463 -0.150675 0.005722 -0.036582 -0.390057 -0.250561 -0.364275 -0.285381 -0.301569 -0.250304 -0.202815 -0.094824 0.164724 -0.077522 -0.101940 -0.138732 -0.079746 -0.299789 -0.236988 -0.162842 -0.067870 -0.429287 -0.259060 -0.219868 -0.162690 -0.104682 -0.069530 0.205128 0.286546 -0.028037 0.115452 0.232640 0.076700 -0.179349 0.137763 -0.278346 0.008384 -0.044014 0.071000 0.038918 -0.243463 -0.202570 -0.198483 -0.129777 -0.183527 -0.206193 -0.140031 -0.185475 -0.105161 -0.174290 0.149160 -0.140907 -0.173397 -0.225657 -0.212072 0.016564 -0.177801 0.314053 0.205139 0.166803 0.076147 -0.154853 -0.275135 -0.345999 -0.332104 -0.037732 0.047955 -0.087812 -0.020266 -0.004869 -0.199336 -0.270132 0.090962 -0.125608 0.041119 -0.117810 -0.056322 -0.282901 0.125349 0.203014 -0.024442 -0.006920 -0.238391
-0.293330 -0.204551 0.058175 0.287690 0.100815 0.129335 0.647583 1.000000 0.135652 0.310065 -0.264933 0.299441 0.193794 0.314296 -0.164826 0.206164 -0.110417 0.220332 -0.265412 -0.014316 -0.055840 -0.276524 -0.325856 -0.016051 -0.202999 0.196914 -0.394261 -0.407916 0.001017 0.036927 -0.024649 0.215229 0.037814 0.345184 -0.250460 -0.174376 -0.132181 -0.290874 -0.284030 -0.148956 -0.206675 -0.207931 -0.232614 -0.200474 -0.157784 0.030166 -0.063847 -0.053231 -0.300119 -0.225386 -0.376307 -0.199049 -0.190832 -0.049377 -0.483925 -0.181812 -0.181510 -0.183588 -0.249848 0.025356 0.266034 0.561351 0.017166 0.239495 0.060457 0.245210 -0.302852 0.015847 -0.331289 -0.025656 0.013964 0.159961 0.026442 -0.165093 -0.173032 -0.161847 -0.153708 -0.025266 -0.141110 -0.192226 -0.137445 -0.027749 -0.382062 0.189910 -0.336732 -0.188562 -0.404441 -0.244795 0.045673 -0.123651 0.385071 0.058348 0.419149 -0.078878 -0.112665 -0.252964 -0.254793 -0.234577 -0.072298 -0.124210 -0.129797 -0.156884 -0.011499 -0.153878 -0.128857 0.063535 -0.100871 -0.040473 -0.225339 -0.015356 -0.353556 0.181178 0.245547 -0.010221 -0.110413 -0.097860
0.078375 -0.036726 0.517377 0.153051 0.295216 0.007706 0.282817 0.135652 1.000000 0.382399 0.043112 0.087425 0.252367 0.086893 0.628253 0.226123 -0.190432 -0.122817 0.367061 0.008647 -0.092208 -0.263108 0.218101 -0.115188 -0.046267 -0.186799 -0.012534 -0.139222 0.127069 -0.043073 -0.010868 -0.190432 -0.129735 -0.229808 0.113933 0.029857 -0.165596 -0.218385 0.035232 -0.115592 0.032262 -0.041180 -0.125682 -0.325863 -0.094562 -0.277689 0.080277 -0.238655 0.123731 -0.118211 -0.188261 -0.020001 0.151656 0.221502 -0.112729 -0.240324 -0.061608 -0.088130 0.382960 0.098870 0.215466 0.309380 -0.316610 -0.217385 0.315254 0.044734 0.075920 -0.221536 0.181387 0.076635 0.093933 -0.241353 -0.014297 0.098981 -0.137503 -0.030496 -0.020344 -0.054043 -0.056335 -0.110557 -0.199976 -0.149301 0.322012 0.067925 0.151561 -0.257084 0.138430 0.107330 0.281216 0.093751 0.051229 0.255759 0.189232 0.388072 0.116589 -0.139140 -0.091927 -0.313803 -0.191920 -0.063232 0.117526 0.001863 0.042407 -0.202680 0.122104 -0.146005 0.060926 -0.104357 -0.063911 -0.026401 -0.150560 -0.121282 -0.117167 0.060110 -0.136917 0.064458
-0.188868 -0.191190 0.182377 0.260202 0.421295 0.555100 0.006131 0.310065 0.382399 1.000000 -0.298179 0.286732 0.066449 0.351866 0.092207 0.284746 -0.281374 -0.038836 0.039047 0.009807 0.005030 -0.047068 -0.158375 -0.012851 0.107250 0.232055 0.182252 0.110891 -0.205917 0.039301 -0.023242 0.024359 -0.293241 -0.134768 -0.015351 0.276132 -0.292378 0.058516 -0.037406 -0.007734 0.035218 -0.067669 -0.144774 -0.041514 -0.109480 0.134478 -0.154940 0.066846 0.071470 -0.098650 -0.128456 0.026697 -0.256135 -0.118941 -0.223337 -0.145673 -0.248566 -0.221843 -0.022708 0.065174 -0.117487 0.177246 -0.184005 -0.301195 -0.063121 0.469559 -0.226500 0.217920 0.021326 0.053150 0.029096 -0.118507 -0.183610 0.116251 -0.093874 0.041984 -0.142824 0.242870 -0.099572 -0.113065 -0.166529 -0.189348 -0.164056 -0.002038 -0.191799 -0.107266 -0.099974 0.056737 0.072786 -0.081278 0.088452 -0.001577 0.283598 0.199680 0.163907 0.014063 0.108648 0.062644 -0.114101 -0.104055 0.286585 0.010380 0.252316 -0.076805 0.219327 -0.007247 0.132230 -0.027686 -0.083547 -0.091672 -0.037897 0.032906 -0.073250 0.007255 -0.078408 0.235851
0.444938 0.080750 -0.067432 -0.484711 -0.240600 -0.334526 -0.143688 -0.264933 0.043112 -0.298179 1.000000 0.233961 0.645490 0.267139 0.492207 0.119318 0.401032 0.184110 0.115476 -0.138339 -0.061405 -0.194041 0.001563 -0.418865 -0.283362 -0.414112 -0.318754 -0.200899 0.485310 0.136938 -0.139829 -0.214246 -0.079278 -0.113611 0.122089 -0.244552 0.233907 -0.295419 0.139923 -0.066730 0.102290 0.059546 -0.080327 -0.110367 0.060837 -0.275682 0.060563 -0.270554 0.202824 -0.039685 0.082124 -0.029413 0.351892 0.037414 0.378342 0.082346 0.081393 0.007247 0.292911 -0.076973 0.422079 0.047421 0.088307 0.158121 0.115559 -0.215024 0.212274 -0.295082 -0.040397 -0.130396 0.015312 0.038787 0.295843 0.010048 0.078300 0.137804 0.297759 -0.258531 0.112418 0.050988 0.058459 0.124077 0.269937 -0.002740 0.199821 -0.036278 0.208019 0.063173 0.037128 0.135011 -0.185312 0.032631 -0.242670 0.162810 -0.181865 -0.148613 -0.041688 -0.154233 -0.108243 -0.147321 -0.112104 0.184456 -0.214348 -0.075110 -0.112918 -0.122933 -0.066147 0.033382 0.064890 -0.158655 -0.200073 -0.221682 -0.081090 0.014916 -0.084726 -0.073218
0.128480 0.060278 -0.340532 -0.088162 -0.197016 -0.031195 -0.054954 0.299441 0.087425 0.286732 0.233961 1.000000 0.243539 0.816650 0.355888 0.580037 0.161607 0.329075 -0.065871 -0.133005 -0.232258 -0.275218 -0.289275 -0.168143 -0.318459 -0.183194 -0.347500 -0.270438 0.294446 0.333509 0.014086 0.127944 -0.080217 0.093840 0.002278 -0.247826 0.143190 -0.036064 0.086288 0.099194 0.296534 0.091545 -0.154560 -0.231546 -0.088210 -0.221339 0.007810 -0.160992 -0.180299 -0.293335 -0.249639 -0.135182 0.035490 0.030946 -0.023444 -0.043221 0.025549 -0.251463 -0.056140 -0.186607 0.255008 0.405593 -0.022214 0.173071 0.085919 0.204696 -0.343344 -0.225559 -0.248276 -0.340800 -0.073220 0.104721 0.121833 0.051648 -0.010036 0.124143 0.012973 -0.014060 0.143527 0.038398 0.162351 0.031716 0.131423 0.271619 0.006160 0.132287 -0.111840 0.022583 -0.100755 -0.017409 -0.089105 -0.189177 0.197388 -0.132669 -0.023474 0.055899 0.104378 -0.031973 -0.125894 -0.277325 0.059895 -0.115030 0.009056 -0.145383 0.136949 -0.154580 -0.140418 -0.237593 0.007496 -0.092121 -0.232092 -0.137985 -0.051215 0.131106 -0.048619 0.023405
0.183700 -0.182578 0.142919 -0.441819 0.033005 -0.174341 0.215887 0.193794 0.252367 0.066449 0.645490 0.243539 1.000000 0.467099 0.345304 0.188186 0.237545 0.321853 0.038982 -0.149580 -0.032401 -0.254112 -0.208920 -0.454151 -0.349748 -0.202751 -0.486895 -0.367517 0.466703 0.216586 -0.114023 -0.078074 -0.101489 0.107393 0.097064 -0.167277 0.204377 -0.257319 0.085561 -0.108275 0.064861 -0.011481 -0.252639 -0.221717 -0.146589 -0.163544 -0.072378 -0.294337 0.007778 -0.186452 -0.104479 -0.151748 0.100458 -0.120662 0.131370 0.000516 -0.003814 -0.118671 0.234081 -0.087886 0.655133 0.400556 0.180786 0.178339 0.074214 0.010825 0.032095 -0.186825 -0.154774 -0.086862 0.086586 0.087796 0.405291 -0.044043 0.040806 -0.030385 0.327413 -0.206134 0.086605 -0.055426 -0.047980 0.069319 -0.044213 0.027411 -0.152254 -0.360639 -0.072281 -0.076066 0.134402 0.054605 0.001004 0.019167 -0.010565 0.125563 -0.143062 -0.277121 -0.153454 -0.251630 -0.154682 -0.168779 -0.126181 0.081028 -0.088249 -0.111016 -0.114839 -0.101122 -0.129131 -0.013914 0.031650 -0.192273 -0.259886 -0.135878 -0.017532 -0.014882 -0.088071 -0.083850
0.011115 -0.024440 -0.227029 -0.167780 -0.201751 0.029549 -0.051893 0.314296 0.086893 0.351866 0.267139 0.816650 0.467099 1.000000 0.350285 0.666764 0.103267 0.347093 -0.159427 -0.205555 -0.222381 -0.181738 -0.241159 -0.162348 -0.275669 -0.069684 -0.314815 -0.207662 0.277031 0.351481 -0.011475 0.106416 -0.146448 0.015008 0.024593 -0.166054 0.123276 -0.000754 0.262458 0.208999 0.367890 0.139907 -0.184112 -0.211530 -0.137675 -0.257747 -0.033722 -0.140614 -0.129561 -0.292526 -0.241803 -0.119512 0.014542 -0.012069 0.057511 0.004521 0.001038 -0.208872 0.031181 -0.110742 0.346460 0.455272 -0.017885 0.127117 -0.018883 0.272250 -0.281629 -0.246090 -0.211148 -0.320953 -0.034108 0.139586 0.160607 0.038939 -0.034287 -0.031383 0.057890 -0.057493 0.135420 -0.000644 0.052640 -0.012522 0.093848 0.247184 -0.131030 -0.072704 -0.058567 0.107446 -0.003663 0.097889 0.005431 -0.128129 0.259403 -0.113457 0.036719 0.033500 0.135691 0.032848 -0.187596 -0.218182 0.039376 -0.088047 0.027992 -0.154952 0.167050 -0.266165 -0.077166 -0.179814 0.092863 -0.078750 -0.106555 -0.092923 -0.002594 0.193619 -0.042036 0.084950
0.291348 0.099265 0.233197 -0.087699 -0.113660 -0.214823 -0.131024 -0.164826 0.628253 0.092207 0.492207 0.355888 0.345304 0.350285 1.000000 0.534424 0.135128 -0.054848 0.368227 -0.113341 -0.307714 -0.318126 0.286248 -0.134975 -0.191373 -0.392384 -0.029942 -0.101487 0.488770 0.133412 -0.018470 -0.226290 -0.168393 -0.363935 0.145115 -0.114535 0.092122 -0.182401 0.230557 0.023018 0.245346 0.146778 -0.081470 -0.263387 -0.026540 -0.518151 0.133782 -0.281813 0.133236 -0.149387 -0.103197 -0.018539 0.362014 0.291106 0.196305 -0.136473 0.092067 -0.012948 0.399317 -0.041077 0.309815 0.173468 -0.269818 -0.189255 0.295614 -0.042967 0.042244 -0.466335 0.124455 -0.108982 -0.085543 -0.258686 0.167101 0.102057 -0.017053 -0.054701 0.080544 -0.200107 0.117963 0.052899 0.037617 0.024016 0.669644 0.273900 0.316766 -0.020194 0.358023 0.267063 0.238624 0.216256 -0.143368 0.112977 0.133040 0.280163 0.075222 -0.059412 0.040569 -0.173334 -0.245475 -0.174859 0.100844 0.082558 -0.083734 -0.246849 0.201872 -0.369144 0.044647 -0.139743 0.066857 -0.051838 -0.090201 -0.240297 -0.177857 0.194958 -0.164310 0.099180
-0.057406 0.099225 -0.112682 0.034448 -0.104698 0.017317 -0.153030 0.206164 0.226123 0.284746 0.119318 0.580037 0.188186 0.666764 0.534424 1.000000 0.097449 0.261361 -0.049452 -0.159806 -0.126544 -0.093667 0.027753 0.056463 -0.151080 -0.017149 -0.059589 -0.093497 0.322720 0.378246 0.055384 0.072018 -0.154908 -0.187634 -0.098180 -0.202571 0.000276 0.040742 0.190566 0.266344 0.216604 0.176330 -0.097100 -0.254486 -0.090455 -0.409081 0.092309 -0.197592 -0.189488 -0.274587 -0.315504 -0.027382 0.173363 0.193975 0.018766 -0.132655 0.034733 0.016935 0.054953 0.024312 0.218365 0.331146 -0.158779 0.022551 0.037727 0.059420 -0.277479 -0.470982 -0.134023 -0.210135 0.063563 0.071271 0.207194 0.165926 0.096659 -0.093378 -0.060080 0.037754 0.190688 0.154749 0.083689 0.174991 0.309369 0.569372 -0.051402 0.020534 0.058343 0.161862 0.127667 0.260918 0.120111 0.057905 0.435827 -0.035906 -0.020160 -0.166213 -0.026601 -0.122999 -0.259927 -0.202436 -0.004527 -0.086705 -0.018743 -0.272732 0.178572 -0.309325 -0.024872 -0.217746 -0.146782 -0.187846 -0.171083 -0.056156 0.085778 0.252202 -0.025609 0.088143
0.125226 0.186623 -0.425627 -0.272872 -0.242262 -0.504958 -0.046014 -0.110417 -0.190432 -0.281374 0.401032 0.161607 0.237545 0.103267 0.135128 0.097449 1.000000 0.560962 0.071025 0.000988 0.100933 -0.013712 -0.272237 -0.381527 -0.333445 -0.316023 -0.337782 -0.434734 0.654908 0.613889 0.018660 0.006529 0.008373 0.118499 0.201764 -0.238684 0.452010 0.029406 0.116938 0.001799 0.073874 0.218750 -0.151816 -0.132050 -0.042063 -0.092831 -0.130461 -0.297624 -0.280247 -0.171358 -0.045530 -0.213447 -0.070768 -0.108824 -0.014543 0.016351 0.234321 0.208866 -0.323574 -0.249217 0.115343 -0.088250 0.401433 0.452733 0.149259 -0.294123 -0.203725 -0.199858 -0.077285 -0.077932 0.314867 0.333277 0.650372 0.273503 0.489506 0.221400 0.527091 0.158529 0.425809 0.523520 0.533634 0.480396 0.107514 0.297112 0.084499 0.182517 0.031010 0.054319 -0.243374 -0.124346 -0.230696 -0.189152 -0.247681 -0.232063 -0.099977 -0.189351 -0.230356 -0.128148 -0.145923 -0.153610 -0.236207 0.138319 -0.215011 -0.146061 -0.221460 -0.115555 -0.126013 -0.049698 -0.073130 -0.150214 -0.264670 -0.116150 0.080471 0.054581 -0.137709 -0.066224
0.076010 0.216729 -0.410501 -0.258498 -0.044421 -0.417904 0.059661 0.220332 -0.122817 -0.038836 0.184110 0.329075 0.321853 0.347093 -0.054848 0.261361 0.560962 1.000000 0.042583 0.162930 0.401876 0.101258 -0.388523 -0.379057 -0.336257 -0.110624 -0.499963 -0.525725 0.441280 0.736018 -0.073633 0.058871 0.112453 0.169023 0.025825 -0.399218 0.294425 0.048414 0.022558 0.123489 -0.055804 0.118297 -0.183171 -0.168572 -0.055281 -0.054877 -0.040412 -0.225242 -0.407184 -0.149844 -0.463353 -0.152998 -0.125631 -0.086208 -0.168464 0.132049 0.055576 0.170861 -0.315561 -0.118061 0.156847 0.246249 0.254797 0.592134 -0.152314 -0.357231 -0.330379 -0.356848 -0.152203 -0.121035 0.468605 0.534698 0.627218 0.270016 0.493666 0.250606 0.501230 0.279474 0.379007 0.579934 0.360639 0.582992 -0.247280 0.286949 -0.161571 -0.211140 -0.240207 -0.100176 -0.148481 -0.008787 0.065384 -0.029258 0.037945 -0.162316 -0.058787 -0.257837 -0.353451 -0.159302 -0.152600 -0.016267 -0.400957 -0.023031 -0.174464 -0.093681 -0.393662 0.131568 -0.226749 -0.051365 -0.087530 -0.072962 -0.273556 0.141579 0.221870 0.034744 -0.039189 0.033619
0.287786 0.184175 0.192847 0.046170 0.030955 -0.252276 -0.105726 -0.265412 0.367061 0.039047 0.115476 -0.065871 0.038982 -0.159427 0.368227 -0.049452 0.071025 0.042583 1.000000 0.370842 0.098694 -0.122725 0.122661 -0.123888 -0.208877 -0.384866 -0.026047 -0.081531 0.233321 0.109000 -0.256835 -0.341979 0.006329 -0.203913 0.086888 -0.186747 0.015530 0.097628 0.014443 -0.137013 0.004464 0.151375 0.083315 -0.116545 0.025911 -0.165602 -0.006855 -0.090907 0.048180 0.066110 0.013274 0.061785 0.094465 0.113404 0.121149 -0.082198 0.026957 0.095918 0.163854 0.087185 0.015551 -0.073361 0.081880 -0.024715 0.035929 -0.251808 0.114924 -0.186566 0.258322 0.120962 0.073021 -0.209065 0.174743 0.223677 0.173510 0.051342 0.121004 0.060557 0.052824 0.113565 0.249162 0.058580 0.376350 0.021003 0.277026 -0.180403 0.148299 0.017786 0.104131 0.043152 -0.140068 0.131703 -0.107813 0.197938 0.144415 -0.030293 -0.099798 -0.176526 -0.091175 -0.021854 0.055874 -0.070509 0.050272 -0.084140 -0.038811 -0.070379 0.122673 -0.117229 0.009513 0.041476 -0.093014 -0.105209 -0.273438 -0.124399 -0.172194 0.073515
0.276146 0.629379 -0.166909 0.128359 0.141463 -0.199255 -0.086104 -0.014316 0.008647 0.009807 -0.138339 -0.133005 -0.149580 -0.205555 -0.113341 -0.159806 0.000988 0.162930 0.370842 1.000000 0.339979 -0.018485 -0.290323 -0.272133 -0.289442 -0.272465 -0.132331 -0.149137 -0.086305 0.156376 -0.359304 -0.368027 0.185633 0.015439 -0.261724 -0.398902 -0.061346 0.240269 -0.107234 -0.081931 -0.039041 0.047344 0.020977 -0.118225 0.027046 -0.138274 0.024835 -0.015243 -0.127525 -0.094141 -0.227186 0.051972 -0.081541 0.018283 -0.031505 -0.044236 0.188238 0.457440 0.079306 0.317075 -0.101806 -0.015121 0.111070 0.305664 -0.385847 -0.462642 0.162140 -0.259132 0.600533 0.689903 0.233906 -0.049316 0.164578 0.071994 0.238124 0.149483 0.137864 0.118113 0.144738 0.177069 0.268855 0.277822 -0.174571 -0.099413 -0.163094 -0.319472 -0.236092 -0.154411 0.039751 0.065673 0.121663 0.133222 -0.050150 -0.040109 0.072766 0.058235 -0.307918 -0.011631 -0.028284 0.032443 -0.047526 -0.065365 -0.072005 0.094961 -0.367151 0.276519 0.037592 -0.058150 -0.017423 0.181830 -0.149856 -0.039097 -0.076036 -0.296917 -0.117842 0.016843
0.024080 0.165783 -0.114867 -0.076580 0.290167 -0.115493 -0.072324 -0.055840 -0.092208 0.005030 -0.061405 -0.232258 -0.032401 -0.222381 -0.307714 -0.126544 0.100933 0.401876 0.098694 0.339979 1.000000 0.494974 -0.067799 -0.080400 0.027266 0.161382 -0.096708 -0.044445 -0.051543 0.289842 -0.032049 -0.003366 0.031760 0.048129 -0.181855 -0.178863 -0.076548 0.124424 -0.101270 -0.036763 -0.146893 0.015232 0.031990 0.045275 0.064513 0.142820 0.065449 -0.005440 -0.157847 0.073940 -0.203141 0.059888 -0.047324 -0.023280 -0.128801 0.061787 -0.013175 0.210160 -0.089465 0.123648 -0.160400 -0.119118 0.064888 0.238418 -0.250243 -0.488436 -0.048328 -0.154480 0.045280 0.196594 0.637871 0.475967 0.223223 0.147597 0.432192 0.254273 0.277088 0.296384 0.294720 0.327958 0.093498 0.361106 -0.332776 -0.036513 -0.134844 -0.266861 -0.274419 -0.235193 0.026889 0.061050 0.189560 0.221159 0.005760 0.122554 -0.130105 -0.189089 -0.402334 -0.261814 -0.052361 0.120757 -0.330289 0.076134 -0.127506 0.185670 -0.314932 0.416724 -0.201481 -0.040192 -0.077026 -0.110921 -0.174156 0.168785 0.068112 -0.222123 0.033431 0.032484
-0.108486 -0.035573 0.013623 0.059277 0.177910 0.165356 -0.241098 -0.276524 -0.263108 -0.047068 -0.194041 -0.275218 -0.254112 -0.181738 -0.318126 -0.093667 -0.013712 0.101258 -0.122725 -0.018485 0.494974 1.000000 0.183929 0.199893 0.421608 0.361182 0.314049 0.260486 -0.311826 0.061355 0.337724 0.232706 0.015560 -0.062586 0.060153 0.200294 -0.117307 0.163488 0.176598 0.322036 0.094795 0.139086 -0.042928 0.135530 -0.191186 0.131134 -0.035722 -0.010946 -0.148607 -0.104533 -0.087472 -0.149990 -0.092681 -0.120521 0.000889 0.051411 -0.046990 0.023950 -0.140471 -0.178359 -0.240770 -0.205836 -0.113388 -0.043518 -0.051803 -0.047557 -0.100624 0.067166 -0.015813 -0.023724 0.355751 0.348956 -0.072973 0.076766 0.333940 0.093161 0.051899 0.151114 0.305681 0.195501 0.002074 0.139102 -0.124506 -0.121743 0.179983 0.097053 0.134782 0.171921 0.200615 0.151462 -0.126269 -0.165820 -0.067634 -0.046128 0.082622 -0.080839 -0.100500 -0.035449 -0.155494 -0.100516 -0.308581 -0.086187 -0.161849 0.215608 -0.106117 0.266423 -0.260456 -0.088989 0.158391 -0.058084 0.114918 0.082010 -0.083783 -0.207250 0.097588 0.083221
-0.119750 -0.202922 0.526165 0.381912 -0.156264 0.122824 -0.121522 -0.325856 0.218101 -0.158375 0.001563 -0.289275 -0.208920 -0.241159 0.286248 0.027753 -0.272237 -0.388523 0.122661 -0.290323 -0.067799 0.183929 1.000000 0.630624 0.529087 0.291292 0.375570 0.483391 -0.202193 -0.397651 0.236459 0.037158 -0.149076 -0.413897 0.102726 0.411873 -0.298807 -0.166301 0.115072 -0.045437 -0.033948 -0.037226 -0.022981 -0.089581 -0.013241 -0.207254 0.026030 -0.126375 0.367160 0.058662 0.243772 0.081829 0.390439 0.282800 0.215867 -0.094738 -0.251573 -0.083552 0.158748 -0.113682 -0.235438 -0.250114 -0.558793 -0.489241 0.414254 0.154657 0.104709 -0.033060 0.047298 -0.126851 0.005413 -0.068451 -0.332527 -0.016579 -0.133531 -0.124114 -0.137461 -0.112594 -0.075552 -0.082443 -0.419913 -0.284376 0.558659 -0.086727 0.436276 0.107673 0.616380 0.326841 0.512010 0.408648 0.000427 0.270556 0.249708 0.429593 0.060509 -0.049024 -0.008489 -0.096068 -0.103028 0.059839 0.020966 -0.019397 -0.021106 -0.113802 0.226186 -0.220138 0.043322 0.063609 -0.020455 -0.006500 0.136883 -0.106635 -0.040435 0.131364 -0.040003 0.108168
-0.313564 -0.268348 0.241063 0.469442 -0.187161 0.283439 -0.072000 -0.016051 -0.115188 -0.012851 -0.418865 -0.168143 -0.454151 -0.162348 -0.134975 0.056463 -0.381527 -0.379057 -0.123888 -0.272133 -0.080400 0.199893 0.630624 1.000000 0.486119 0.537553 0.394269 0.508982 -0.399282 -0.353370 0.253377 0.279077 -0.070998 -0.179397 -0.073003 0.427216 -0.356707 0.023536 -0.062726 0.026906 -0.068958 -0.142281 0.041304 0.078491 0.000805 0.073136 0.002917 0.118562 0.119862 0.123672 0.186234 0.123786 0.075896 0.152123 0.004804 -0.050140 -0.213526 -0.211237 -0.102171 -0.102343 -0.393556 -0.264210 -0.319324 -0.501346 0.192606 0.305146 -0.097776 0.186653 -0.189982 -0.254115 0.006719 -0.019632 -0.444671 -0.167716 -0.257987 -0.274624 -0.385693 0.023841 -0.182833 -0.174084 -0.330799 -0.343249 0.237621 0.044912 0.180889 0.245348 0.279165 0.184441 0.270721 0.290473 0.182770 0.169423 0.381336 0.138385 0.063688 0.008084 0.044000 -0.001256 0.001217 0.065876 0.080564 -0.134601 0.058398 -0.187041 0.226629 -0.179453 -0.083634 -0.075659 -0.091300 0.122470 0.202432 0.093805 0.105112 0.087392 0.070411 -0.022845
-0.330606 -0.328976 0.431681 0.276496 0.229579 0.428669 -0.053641 -0.202999 -0.046267 0.107250 -0.283362 -0.318459 -0.349748 -0.275669 -0.191373 -0.151080 -0.333445 -0.336257 -0.208877 -0.289442 0.027266 0.421608 0.529087 0.486119 1.000000 0.725471 0.565712 0.552566 -0.443645 -0.365859 0.562651 0.464533 -0.234208 -0.138601 0.013001 0.563089 -0.404763 -0.052674 -0.005815 -0.072976 -0.034219 -0.167128 -0.028136 0.049713 -0.135774 0.188725 -0.088397 -0.001822 0.215038 -0.012816 0.177395 0.004881 -0.024952 0.025416 -0.120126 -0.193216 -0.267300 -0.229744 -0.038565 -0.097058 -0.353550 -0.248400 -0.383501 -0.383411 0.111547 0.305643 -0.021669 0.350854 -0.107302 -0.089958 -0.072928 -0.030312 -0.441846 -0.118391 -0.141260 -0.076455 -0.302554 0.025515 -0.156390 -0.117242 -0.413809 -0.349069 0.050083 -0.205390 0.091558 0.098265 0.258674 0.044983 0.111839 0.027048 0.013788 0.052023 0.080462 0.299705 0.141684 0.094204 0.033758 -0.017899 -0.071497 0.057556 0.080417 0.124489 0.207946 0.082336 0.146231 0.127783 0.068311 0.141498 0.040765 -0.103645 0.166103 -0.011651 0.045686 0.005997 -0.014554 0.156373
-0.488188 -0.505217 0.271526 0.307953 0.210244 0.537063 0.081953 0.196914 -0.186799 0.232055 -0.414112 -0.183194 -0.202751 -0.069684 -0.392384 -0.017149 -0.316023 -0.110624 -0.384866 -0.272465 0.161382 0.361182 0.291292 0.537553 0.725471 1.000000 0.237156 0.435710 -0.393655 -0.240081 0.423439 0.599289 -0.259771 0.026747 -0.140515 0.494796 -0.318333 -0.061111 -0.097983 -0.069704 -0.096009 -0.227982 -0.109670 0.137885 -0.143913 0.360370 -0.159806 0.103452 0.053362 0.005132 0.076001 0.038061 -0.149725 -0.076636 -0.302659 -0.199095 -0.330911 -0.311912 -0.272544 -0.135968 -0.311815 -0.106570 -0.264001 -0.331090 0.017271 0.370069 -0.230313 0.388970 -0.329377 -0.132568 0.067680 0.169761 -0.296779 -0.240869 -0.112906 -0.179027 -0.285126 0.051631 -0.036195 -0.079494 -0.305558 -0.200128 -0.268039 -0.075145 -0.155316 0.083688 -0.045067 -0.121839 0.131756 0.012021 0.213029 0.045355 0.270928 0.137371 -0.035314 -0.015624 -0.104947 -0.045951 -0.113742 -0.054144 -0.029355 0.020796 0.130788 -0.010661 0.053229 0.132275 -0.063098 0.098684 -0.058180 -0.098602 0.081710 0.088782 0.040124 -0.021088 -0.009183 0.071020
-0.151884 -0.029353 0.287582 0.229956 0.347017 0.503494 -0.300846 -0.394261 -0.012534 0.182252 -0.318754 -0.347500 -0.486895 -0.314815 -0.029942 -0.059589 -0.337782 -0.499963 -0.026047 -0.132331 -0.096708 0.314049 0.375570 0.394269 0.565712 0.237156 1.000000 0.739682 -0.436201 -0.323407 0.185622 -0.011577 -0.154078 -0.300238 0.170643 0.495714 -0.362624 0.238412 -0.047103 0.119194 -0.136502 -0.164903 0.022452 0.164022 -0.065263 0.088575 -0.148264 0.115795 0.185188 0.059019 0.244961 0.071569 -0.057958 -0.007119 0.117963 -0.122325 -0.028428 0.093108 0.073507 0.085022 -0.420374 -0.370994 -0.279859 -0.472074 -0.002884 0.254777 0.098402 0.315778 0.217648 0.096396 -0.165580 -0.374153 -0.509578 -0.065271 -0.206581 -0.156856 -0.355386 0.171898 -0.247140 -0.165706 -0.247226 -0.275148 0.149937 -0.118391 0.198243 0.213003 0.286255 0.169398 0.132873 0.139048 -0.201922 -0.028724 -0.021891 0.186564 0.241340 0.104267 0.242109 0.224921 -0.004944 0.048455 0.295974 0.126019 0.335654 0.122664 0.332990 -0.004141 0.315666 0.155044 0.017278 -0.088692 0.294301 -0.111482 -0.101373 0.158930 0.035300 0.230445
-0.047512 -0.142140 0.340333 0.159622 0.240343 0.655763 -0.369471 -0.407916 -0.139222 0.110891 -0.200899 -0.270438 -0.367517 -0.207662 -0.101487 -0.093497 -0.434734 -0.525725 -0.081531 -0.149137 -0.044445 0.260486 0.483391 0.508982 0.552566 0.435710 0.739682 1.000000 -0.528393 -0.463137 0.009905 -0.027134 -0.199318 -0.359825 0.028997 0.511665 -0.411777 0.079055 -0.088217 0.017854 -0.119369 -0.200601 0.113322 0.244763 0.115996 0.131948 -0.051621 0.216372 0.468432 0.183946 0.398879 0.291482 0.139970 0.027964 0.255905 -0.063275 -0.085222 0.008285 0.188331 0.097866 -0.448029 -0.441553 -0.405135 -0.647158 -0.134030 0.278545 0.296440 0.321438 0.175683 0.040276 -0.103066 -0.302810 -0.578388 -0.174595 -0.286121 -0.189663 -0.331385 0.008167 -0.279837 -0.265479 -0.408098 -0.439370 0.045641 -0.334126 0.136224 0.094743 0.169872 -0.025754 0.295927 0.310977 -0.014760 0.102513 0.013017 0.203227 0.052695 0.108487 0.242154 0.218111 0.080522 0.116136 0.215183 0.132077 0.246563 0.100607 0.259602 -0.000852 0.178079 0.127336 0.052404 -0.154525 0.335716 -0.148758 -0.211180 0.058515 -0.017564 0.113008
0.145221 0.038495 -0.210461 -0.354156 -0.206227 -0.548549 0.061438 0.001017 0.127069 -0.205917 0.485310 0.294446 0.466703 0.277031 0.488770 0.322720 0.654908 0.441280 0.233321 -0.086305 -0.051543 -0.311826 -0.202193 -0.399282 -0.443645 -0.393655 -0.436201 -0.528393 1.000000 0.629915 0.032238 0.026424 0.080539 0.166835 0.163302 -0.368702 0.546022 -0.051583 0.047438 -0.102413 0.088293 0.133613 -0.121617 -0.204385 -0.104358 -0.249143 -0.019466 -0.302401 -0.318915 -0.214199 -0.155387 -0.227873 0.056133 0.016145 -0.034578 0.003838 0.144906 0.064242 -0.123371 -0.219770 0.373857 0.102982 0.372462 0.351200 0.155298 -0.332977 -0.199283 -0.374922 -0.166625 -0.182974 0.075291 0.119431 0.799980 0.153580 0.348098 0.064248 0.430642 -0.058784 0.432051 0.471938 0.530218 0.455366 0.278968 0.485628 -0.020845 0.003035 0.012045 -0.020144 -0.229591 -0.154586 -0.183681 -0.080631 -0.093440 -0.112962 -0.114090 -0.185599 -0.177492 -0.221969 -0.162010 -0.131691 -0.132209 0.091604 -0.155342 -0.155792 -0.094731 -0.200504 -0.000278 -0.086513 -0.098838 -0.110606 -0.232036 -0.029598 0.069167 0.176394 -0.089422 -0.002887
0.022068 0.279781 -0.480247 -0.233446 -0.023470 -0.401920 -0.083370 0.036927 -0.043073 0.039301 0.136938 0.333509 0.216586 0.351481 0.133412 0.378246 0.613889 0.736018 0.109000 0.156376 0.289842 0.061355 -0.397651 -0.353370 -0.365859 -0.240081 -0.323407 -0.463137 0.629915 1.000000 0.128184 0.142900 0.131314 0.229728 0.152951 -0.314794 0.408559 0.273219 0.130678 0.177444 0.144033 0.262664 -0.205671 -0.224795 -0.099991 -0.112973 -0.124936 -0.308605 -0.440273 -0.248606 -0.286099 -0.232338 -0.174719 -0.101812 -0.134968 0.018617 0.122590 0.168708 -0.316212 -0.176523 0.099312 0.016339 0.433838 0.474741 -0.069746 -0.358967 -0.320789 -0.323262 -0.031339 -0.066596 0.371588 0.380243 0.751351 0.480374 0.630228 0.285297 0.497632 0.323424 0.507419 0.719937 0.573084 0.581476 0.011948 0.473813 -0.212519 -0.025151 -0.095808 0.053262 -0.300710 -0.138498 -0.184179 -0.151115 -0.082676 -0.257214 0.014157 -0.138404 -0.213947 -0.147928 -0.208053 -0.135954 -0.205911 0.050302 -0.107230 -0.101250 -0.162406 -0.066213 -0.064683 -0.158591 -0.067396 -0.131952 -0.231058 -0.003722 0.064625 0.046539 0.024610 0.120647
-0.259410 -0.285990 0.078216 0.120336 0.072130 0.010852 0.117578 -0.024649 -0.010868 -0.023242 -0.139829 0.014086 -0.114023 -0.011475 -0.018470 0.055384 0.018660 -0.073633 -0.256835 -0.359304 -0.032049 0.337724 0.236459 0.253377 0.562651 0.423439 0.185622 0.009905 0.032238 0.128184 1.000000 0.789460 -0.000876 0.281279 0.185282 0.322361 0.047734 -0.024643 0.125496 0.019044 0.217283 0.064936 -0.259726 -0.088311 -0.337399 0.143895 -0.198751 -0.211627 -0.224186 -0.248926 -0.033416 -0.282672 -0.185308 -0.062631 -0.273955 -0.233528 -0.168981 -0.315456 -0.274525 -0.417685 -0.059972 -0.095679 -0.045501 -0.028957 0.375673 0.175882 -0.356293 0.214226 -0.249370 -0.275460 -0.104791 0.137216 0.015725 0.032225 0.200656 0.163248 -0.009224 -0.003319 0.184243 0.156731 -0.036803 -0.069928 0.187227 0.192640 -0.006098 0.250784 0.259228 0.140282 -0.124568 -0.265005 -0.272142 -0.239682 -0.025636 0.009285 0.036695 0.100160 -0.071022 -0.173130 -0.225710 -0.236620 -0.046502 -0.016390 -0.020302 -0.029257 0.105326 -0.072476 -0.050277 -0.049871 0.101816 -0.137109 -0.030961 -0.068621 -0.029613 -0.101747 0.130216 0.005065
-0.367873 -0.365987 -0.061318 0.113063 -0.055263 0.072191 0.200740 0.215229 -0.190432 0.024359 -0.214246 0.127944 -0.078074 0.106416 -0.226290 0.072018 0.006529 0.058871 -0.341979 -0.368027 -0.003366 0.232706 0.037158 0.279077 0.464533 0.599289 -0.011577 -0.027134 0.026424 0.142900 0.789460 1.000000 0.002629 0.464240 -0.001157 0.290888 0.097978 -0.063541 0.052569 0.042291 0.142357 -0.072395 -0.195017 0.067406 -0.290206 0.287628 -0.224767 -0.011814 -0.258083 -0.178509 -0.115045 -0.236358 -0.263466 -0.117636 -0.370920 -0.150193 -0.241049 -0.408764 -0.456237 -0.455207 -0.076683 -0.031054 0.063920 0.035234 0.173008 0.245722 -0.473442 0.292137 -0.472336 -0.358004 -0.126544 0.195789 0.029015 -0.106903 0.068211 0.049364 -0.122431 0.016649 0.142374 0.085563 0.016847 -0.049578 -0.040038 0.282700 -0.227331 0.187391 -0.052391 -0.018856 -0.272580 -0.344168 -0.118083 -0.239342 -0.006380 -0.139361 -0.004444 0.132071 -0.024933 -0.027979 -0.075550 -0.155956 -0.094877 -0.050997 -0.024415 -0.021082 0.085027 -0.029521 -0.101621 -0.109803 0.070175 -0.004588 0.073043 0.109766 0.030190 -0.014555 0.071666 -0.032276
0.228200 0.369471 -0.085606 -0.113089 -0.126027 -0.271164 0.088914 0.037814 -0.129735 -0.293241 -0.079278 -0.080217 -0.101489 -0.146448 -0.168393 -0.154908 0.008373 0.112453 0.006329 0.185633 0.031760 0.015560 -0.149076 -0.070998 -0.234208 -0.259771 -0.154078 -0.199318 0.080539 0.131314 -0.000876 0.002629 1.000000 0.612102 -0.041447 -0.288932 0.174264 0.006591 -0.232311 0.053413 -0.127398 -0.015850 -0.046852 -0.099570 -0.151094 -0.127466 -0.116364 -0.131623 -0.282108 -0.178863 -0.079659 -0.335173 -0.180517 -0.246775 -0.054531 0.069647 0.324404 0.281494 -0.030020 0.036678 0.185817 0.182142 0.341665 0.325493 -0.066198 -0.290166 0.192751 -0.094213 0.113326 0.123381 -0.136489 -0.063054 0.230268 0.013883 0.104079 0.026056 0.086505 0.032080 0.143008 0.092560 0.187372 0.182972 -0.187478 0.021394 -0.144358 -0.128080 -0.131559 -0.065522 -0.125585 -0.152414 -0.197394 -0.207806 -0.309722 -0.398338 -0.032346 0.015097 -0.042634 0.068409 0.230597 0.113362 -0.354492 -0.173295 -0.271002 -0.083609 -0.216086 -0.090133 -0.132044 -0.053095 0.015901 0.201896 0.086366 0.153469 0.042029 -0.056281 0.028457 -0.241541
-0.056714 0.030999 -0.203095 -0.119828 0.022762 -0.182168 0.351463 0.345184 -0.229808 -0.134768 -0.113611 0.093840 0.107393 0.015008 -0.363935 -0.187634 0.118499 0.169023 -0.203913 0.015439 0.048129 -0.062586 -0.413897 -0.179397 -0.138601 0.026747 -0.300238 -0.359825 0.166835 0.229728 0.281279 0.464240 0.612102 1.000000 -0.018507 -0.102823 0.283828 -0.033616 -0.239072 -0.156392 -0.089130 -0.126779 -0.274679 -0.113522 -0.358167 0.195418 -0.397931 -0.144974 -0.470964 -0.288960 -0.087046 -0.445184 -0.461511 -0.427899 -0.323461 -0.125803 0.088334 -0.063592 -0.377385 -0.199004 0.272521 0.218774 0.552408 0.432222 0.035814 -0.034155 -0.181060 0.276647 -0.222380 0.054461 -0.195067 0.068386 0.288704 -0.091309 0.115510 0.111092 0.067908 0.042189 0.166026 0.022987 0.267417 0.168010 -0.352604 0.148035 -0.365649 -0.011366 -0.329353 -0.191387 -0.407698 -0.517392 -0.244876 -0.365270 -0.305470 -0.379145 -0.087081 0.065385 -0.137669 -0.025379 0.129041 -0.066365 -0.167933 -0.065465 -0.135634 0.030312 -0.165168 0.039105 -0.039831 -0.003046 0.024740 0.107470 -0.091676 0.065704 0.025317 -0.106819 0.035412 -0.157449
-0.033447 -0.173864 0.058816 -0.033191 -0.011620 -0.083532 -0.150675 -0.250460 0.113933 -0.015351 0.122089 0.002278 0.097064 0.024593 0.145115 -0.098180 0.201764 0.025825 0.086888 -0.261724 -0.181855 0.060153 0.102726 -0.073003 0.013001 -0.140515 0.170643 0.028997 0.163302 0.152951 0.185282 -0.001157 -0.041447 -0.018507 1.000000 0.314751 0.227183 0.159009 0.145529 0.096237 0.112379 0.031805 -0.271558 -0.117660 -0.282069 -0.079592 -0.293405 -0.248419 -0.085072 -0.209531 0.253026 -0.319808 -0.037450 -0.164684 0.196137 0.015211 0.093846 -0.002615 -0.086181 -0.353525 0.105654 -0.114451 0.114439 -0.015243 0.407599 0.175593 0.023481 0.151882 0.069803 -0.153254 0.039575 0.087216 0.116245 0.312894 0.216377 0.136056 0.403771 0.230408 0.118216 0.127522 0.089316 0.004500 0.237519 -0.078795 0.223423 0.189859 0.333901 0.272338 0.025892 -0.036046 -0.502020 -0.307750 -0.247201 0.022431 0.242413 0.038380 0.163791 0.035429 -0.064354 -0.235349 0.182920 0.014275 0.168651 -0.066601 0.238404 -0.279883 0.160048 0.008444 0.071429 -0.084634 -0.007718 -0.315481 -0.156566 -0.028349 -0.009267 0.202419
-0.337387 -0.511428 0.322950 0.275264 0.156153 0.510368 0.005722 -0.174376 0.029857 0.276132 -0.244552 -0.247826 -0.167277 -0.166054 -0.114535 -0.202571 -0.238684 -0.399218 -0.186747 -0.398902 -0.178863 0.200294 0.411873 0.427216 0.563089 0.494796 0.495714 0.511665 -0.368702 -0.314794 0.322361 0.290888 -0.288932 -0.102823 0.314751 1.000000 -0.222916 -0.029333 0.128789 -0.042605 -0.022695 -0.201426 -0.212896 0.116698 -0.234156 0.380042 -0.369601 0.065469 0.285975 0.054841 0.245359 -0.074629 -0.215774 -0.206042 -0.032219 -0.215164 -0.389736 -0.338930 -0.180202 -0.296931 -0.367469 -0.333639 -0.319712 -0.618550 0.316225 0.623285 -0.160052 0.697882 -0.054715 -0.111128 -0.082236 -0.061713 -0.427402 -0.047587 -0.188053 -0.053591 -0.161350 0.182907 -0.218045 -0.163422 -0.363448 -0.414829 0.123716 -0.143383 0.109137 0.229362 0.334416 0.221900 0.143103 -0.073213 -0.156341 -0.067009 0.022891 0.252113 0.118012 0.079408 0.178343 0.164943 -0.118848 -0.034337 0.237562 0.052513 0.265087 -0.030326 0.285464 -0.095219 0.161587 0.215032 0.067220 -0.046859 0.260926 -0.163695 -0.132325 0.072792 -0.006096 0.144713
