1.000000 0.363388 0.134640 -0.219919 -0.125553 -0.096218 0.098380 0.145933 0.108721 -0.025304 0.286413 0.013061 0.084564 -0.127346 0.172338 -0.113059 0.154486 0.070219 0.238889 0.273844 -0.148155 -0.167691 -0.227676 -0.390919 -0.319435 -0.343825 -0.198571 -0.132064 -0.195090 -0.280890 -0.229356 -0.308972 0.092593 0.048805 0.034070 0.066435 0.183313 -0.237866 0.146826 -0.057929 -0.289041 -0.005382 -0.117494 -0.160221 -0.133890 -0.171642 0.049684 -0.011757 0.151910 -0.026663 -0.251853 -0.063135 -0.058298 -0.102754 0.180148 -0.246414 0.458735 0.176027 0.469543 0.258989 0.462717 0.351821 0.065036 0.339405 0.118863 0.204973 -0.065092 0.047066 0.073307 -0.012767 -0.225272 -0.184862 -0.226407 -0.269946 -0.198745 -0.115145 0.033006 -0.018262 -0.216010 -0.040207 -0.260086 0.136369 -0.318359 -0.128483 -0.402760 -0.202534 -0.188536 -0.070427 -0.344934 -0.107274 0.209291 0.215064 0.075976 0.060714 0.085424 0.093347 0.112266 -0.239837 0.235069 -0.034612 -0.105654 -0.122260 -0.067156 -0.142200 0.094801 0.187020 0.132737 0.207334 0.163843 0.245222 0.011623 -0.047814 0.030431 -0.240215 -0.046816 0.208106
0.363388 1.000000 -0.272855 -0.345416 -0.068867 -0.075471 -0.142042 -0.030859 0.169604 -0.095895 0.093626 0.243959 0.125217 0.034865 0.022671 -0.011778 0.039613 0.339091 -0.083241 0.235439 -0.244842 -0.207750 -0.495854 -0.535074 -0.291722 -0.269463 -0.226896 -0.151850 -0.100940 -0.030880 -0.276591 -0.393419 0.333975 0.033631 0.070796 -0.041194 0.083098 -0.230153 0.000657 -0.076383 -0.130255 0.076546 -0.105334 -0.267263 -0.077499 -0.411553 0.061736 -0.149574 0.044762 -0.194708 -0.353717 -0.097637 0.188026 -0.120497 0.213570 -0.282074 0.081386 0.572576 0.537106 0.361777 0.574392 0.540373 0.218887 0.631569 0.214888 0.086520 -0.069525 -0.261707 0.198454 -0.135736 -0.318219 -0.227747 -0.212907 -0.159532 -0.273371 -0.225534 0.075921 -0.075135 -0.028941 0.217850 0.078090 0.234504 -0.309850 -0.049340 -0.097460 -0.267823 -0.163662 -0.155257 -0.207437 -0.145873 0.240118 0.209494 -0.021018 0.018922 0.054985 0.110983 0.072861 -0.265600 0.318542 -0.181958 -0.146651 -0.145917 0.021196 -0.342716 0.187208 0.091306 0.234811 0.185651 0.046581 0.188465 -0.025304 -0.002528 -0.027608 -0.153842 -0.039095 0.176475
0.134640 -0.272855 1.000000 0.262695 0.244952 -0.119439 0.410560 0.050707 -0.023014 0.064481 0.037373 -0.058416 0.121059 0.029042 0.164531 -0.072564 -0.023087 -0.243122 -0.011878 -0.175084 0.078852 0.078258 0.404187 0.273043 0.128665 0.089398 0.154771 0.131405 0.050103 -0.186785 0.052465 0.042429 -0.316984 -0.187640 -0.113653 0.116143 -0.095041 0.145382 -0.007201 0.045208 -0.064093 -0.206008 0.104651 0.197475 0.000625 0.301147 -0.020927 0.214090 0.259735 0.038259 0.319402 0.018925 0.091176 0.040523 -0.080212 0.349162 -0.004497 -0.267455 -0.119131 -0.160000 -0.133286 -0.203426 -0.231467 -0.364786 -0.209696 -0.065896 -0.142352 0.236938 -0.218778 -0.056643 0.038897 0.087484 -0.063603 -0.100635 -0.020544 0.078290 -0.241521 0.101955 -0.239149 -0.294041 -0.137410 -0.270629 0.130629 -0.095550 -0.126102 0.007810 0.261896 0.039000 0.268689 0.266714 -0.018858 0.001315 0.029085 0.140253 -0.254328 -0.128752 -0.249640 0.149528 -0.234306 0.286038 -0.178297 0.296533 -0.082077 0.198533 -0.208774 -0.000014 -0.082985 -0.018928 -0.260896 -0.260918 0.074017 0.159807 0.091943 0.092739 0.083677 -0.081598
-0.219919 -0.345416 0.262695 1.000000 0.073978 0.196720 0.137843 0.128094 -0.119781 0.241458 0.050904 0.151060 -0.207522 0.205215 -0.055006 0.034604 0.162819 -0.176958 0.041634 -0.037339 0.121911 0.119125 0.494251 0.659936 0.128103 0.246825 0.243397 0.228861 0.028603 -0.153260 0.082829 0.204133 -0.168846 -0.224317 -0.174997 -0.105468 -0.177440 0.006494 0.054843 -0.037157 -0.062476 -0.026617 -0.034066 0.040834 -0.122075 0.280495 -0.147919 -0.129803 -0.087257 -0.086256 0.165170 0.012428 -0.048362 0.069887 -0.171907 -0.054666 0.146284 -0.289335 -0.192802 -0.282831 -0.288397 -0.355752 -0.264702 -0.423489 -0.299721 -0.095015 0.067012 0.144529 0.007437 -0.007465 0.038767 0.023041 -0.163114 -0.086385 0.007622 0.116023 -0.059369 -0.094945 -0.135589 -0.209104 0.239993 -0.103388 0.085502 0.375742 0.080871 0.415146 0.008750 0.379372 0.148973 0.363410 -0.132763 -0.212406 0.048528 -0.180423 -0.110334 -0.116235 -0.354866 0.119379 -0.217042 0.178277 0.064160 0.284852 0.098773 0.307333 -0.330545 -0.224845 -0.197783 -0.327592 -0.164763 -0.091007 -0.256934 -0.028077 0.081774 0.286289 0.194669 -0.172825
-0.125553 -0.068867 0.244952 0.073978 1.000000 0.253389 -0.103608 -0.152756 0.022562 -0.173607 -0.166065 0.094986 -0.023334 -0.113899 0.006098 -0.122922 -0.133258 0.058969 -0.076914 -0.137258 0.388315 0.422342 0.123553 0.042335 0.477896 0.434657 0.612348 0.491585 0.055440 0.035693 0.364172 0.208174 -0.286105 -0.304091 -0.269016 -0.121531 0.112696 0.267054 0.166692 0.249852 0.332700 0.268679 -0.047587 -0.023184 -0.394734 -0.085497 -0.083738 -0.026823 -0.321987 -0.365722 0.067155 -0.355137 0.123022 -0.171795 -0.346318 0.292557 -0.191839 -0.228307 -0.159093 -0.231078 -0.014254 -0.163145 -0.054456 -0.108201 0.018248 -0.235995 -0.213091 -0.162719 -0.081182 -0.104509 0.171967 0.375155 0.136361 0.226038 0.225121 0.349589 0.116753 0.105240 0.012893 0.017498 0.091603 0.145260 0.261754 0.372201 0.214019 0.119925 0.022628 0.143881 0.333738 0.133009 -0.211117 -0.263103 -0.196852 -0.241924 -0.311738 -0.289297 -0.412514 0.200126 -0.276793 0.133887 -0.140036 0.024319 0.169071 -0.045940 -0.323949 -0.278093 -0.248747 -0.322338 -0.382758 -0.334731 0.052531 0.240733 -0.017566 0.294285 0.265318 -0.368482
-0.096218 -0.075471 -0.119439 0.196720 0.253389 1.000000 -0.280753 0.021586 0.160111 0.216403 0.008184 0.226969 -0.232847 -0.021020 0.110688 -0.247223 0.120722 0.015573 0.152995 0.010560 0.008408 0.034117 0.015006 0.152643 0.108132 0.444113 0.156691 0.267536 -0.116461 -0.308861 0.160511 0.150374 -0.016369 -0.078965 -0.050139 -0.029807 0.117865 -0.228533 0.043463 -0.055636 0.168219 0.035634 0.003868 -0.047444 -0.200548 0.064717 -0.027882 -0.110044 -0.284626 -0.090871 0.239399 -0.092206 0.003424 0.047724 0.086711 -0.208155 0.091400 -0.057586 -0.251082 -0.203064 -0.091102 -0.159699 -0.066976 -0.092029 -0.029131 0.080870 -0.100142 -0.050970 0.064233 0.165529 -0.336450 -0.202414 -0.277826 -0.136233 -0.089080 -0.148601 0.226801 -0.242382 -0.010509 -0.021055 0.219111 0.172529 0.128260 0.421906 0.208628 0.439073 -0.099671 0.243401 0.096902 0.201508 -0.161402 -0.305266 -0.115758 -0.388627 0.072795 0.086778 -0.046628 -0.110975 -0.018860 -0.212085 0.162145 -0.213488 -0.072724 -0.083109 -0.107856 -0.180538 -0.128007 -0.273099 0.142556 0.021100 -0.158973 -0.088460 -0.066480 0.125396 0.052147 0.009399
0.098380 -0.142042 0.410560 0.137843 -0.103608 -0.280753 1.000000 0.417790 0.084456 0.284062 -0.424471 -0.199916 0.488078 0.143171 -0.402898 0.379174 -0.483238 -0.202878 -0.130528 0.226018 -0.507169 -0.467844 0.000370 0.161630 -0.322127 -0.439900 -0.461625 -0.535113 0.078359 0.326629 -0.317618 -0.175353 0.050457 0.334614 -0.037907 -0.172729 -0.265449 -0.210236 -0.475148 -0.260554 -0.055486 -0.302425 -0.055923 0.099857 0.344609 0.104133 0.082123 0.127692 0.471565 0.316201 -0.107507 0.182890 0.298084 0.024283 -0.141317 0.135545 -0.415967 -0.236166 0.233759 0.272410 0.231293 0.199250 0.248669 -0.132589 0.314148 0.291085 0.103890 0.224644 -0.099190 -0.014632 0.265362 -0.126941 0.267365 -0.021176 0.063639 -0.144219 -0.330806 -0.092194 0.116747 -0.240581 -0.085314 -0.300224 0.309389 -0.298326 0.095088 -0.167112 0.334834 -0.409375 0.320431 -0.018231 0.238332 0.136434 0.089268 0.150277 -0.186412 0.056144 -0.166631 0.064427 -0.210412 0.052049 0.112317 0.209247 -0.034046 0.029342 0.002880 0.001361 0.061708 0.061013 -0.106017 -0.236935 -0.198955 -0.079529 0.019278 -0.155920 -0.225115 0.040911
0.145933 -0.030859 0.050707 0.128094 -0.152756 0.021586 0.417790 1.000000 0.102945 0.277289 -0.124526 0.015693 0.089374 0.327907 -0.182064 0.433794 -0.182550 -0.324287 -0.154069 0.175942 -0.308333 -0.211061 -0.188708 0.130107 -0.435916 -0.382276 -0.328042 -0.351321 -0.126125 0.088525 -0.268565 -0.091096 -0.022846 0.357634 0.004668 0.270550 -0.128815 -0.047585 -0.151948 0.044526 -0.144598 -0.198043 -0.259825 -0.161801 0.164849 0.126569 -0.082902 -0.085790 0.255762 0.302790 -0.152969 0.057306 -0.065731 -0.061787 -0.009714 -0.085912 -0.085370 -0.148233 -0.009188 0.198056 0.047871 0.392172 -0.080019 -0.113990 0.263108 0.671517 -0.241402 0.370492 -0.343801 0.128488 0.054907 -0.155565 -0.083515 -0.171198 -0.117425 -0.164856 -0.404062 0.042747 -0.158397 -0.389534 -0.229492 -0.438348 0.079006 -0.178476 -0.093203 -0.120843 0.170459 -0.200135 -0.020983 -0.078893 0.277689 0.209903 0.443750 0.171759 -0.113603 0.080104 -0.148898 0.090293 -0.181701 0.079684 0.461293 0.106509 -0.037367 0.028367 -0.030656 0.075419 0.065883 0.041137 0.078411 -0.022041 -0.126531 -0.129957 0.127914 -0.168395 -0.078723 -0.020787
0.108721 0.169604 -0.023014 -0.119781 0.022562 0.160111 0.084456 0.102945 1.000000 0.660621 -0.013016 0.059360 0.141661 0.142237 -0.005569 0.215644 -0.064943 0.039045 0.018670 0.309929 -0.455704 -0.464942 -0.198645 -0.038925 -0.473335 -0.238401 -0.465874 -0.492886 0.055773 -0.026064 -0.470237 -0.451885 0.050015 0.094806 -0.107586 -0.103384 -0.214104 -0.298026 -0.241401 -0.235316 -0.026330 -0.145489 0.144515 -0.017163 0.216130 -0.094681 0.194227 0.142446 0.101239 0.224585 0.053974 0.297584 0.173875 0.179006 0.106880 -0.063317 -0.019016 0.032494 0.138488 0.128847 0.188635 0.058762 0.143316 0.001175 0.049229 0.140676 0.058907 -0.010115 0.054684 0.177314 -0.300301 -0.443103 -0.123366 -0.261974 -0.146448 -0.412265 -0.190613 -0.159379 -0.094339 -0.177047 0.259687 0.040048 -0.041917 -0.191378 0.177812 0.043273 0.126641 -0.273932 0.031602 -0.072539 0.141793 0.061961 -0.008709 0.032130 -0.043534 0.021454 0.011833 -0.069685 0.199414 -0.080333 -0.014135 -0.035048 0.043585 -0.127773 0.112507 -0.024051 0.005429 0.119263 0.138840 -0.004477 -0.017302 -0.035688 0.150269 -0.034371 -0.073231 0.116867
-0.025304 -0.095895 0.064481 0.241458 -0.173607 0.216403 0.284062 0.277289 0.660621 1.000000 0.005596 0.009969 0.009864 0.295678 -0.110579 0.341893 0.001719 -0.202170 -0.011716 0.200731 -0.396438 -0.419252 0.042124 0.302366 -0.572154 -0.220774 -0.468006 -0.520548 -0.030546 -0.056700 -0.481828 -0.290173 0.018515 0.179892 -0.092042 -0.071838 -0.230298 -0.193477 -0.189064 -0.177330 -0.018370 -0.253746 0.169113 0.106703 0.261704 0.131211 0.200140 0.131761 0.171146 0.315733 0.089442 0.327996 0.164036 0.157877 0.120867 -0.037231 0.052632 -0.078250 0.009567 0.113085 -0.039654 0.000059 -0.016165 -0.222200 -0.064308 0.290616 0.155485 0.155882 0.006902 0.150381 -0.217275 -0.460336 -0.233044 -0.379007 -0.153013 -0.412858 -0.287323 -0.195480 -0.129543 -0.346922 0.164784 -0.159282 0.028125 -0.058638 0.074080 0.177046 0.111487 -0.074897 0.070780 0.092118 0.103998 -0.008321 0.117908 -0.025394 0.059088 0.092254 0.019951 0.045254 0.096769 -0.040371 0.042268 0.048295 -0.061739 -0.010702 0.008726 -0.045002 -0.023134 -0.001170 0.150630 -0.081506 -0.086852 -0.043834 0.125208 -0.061744 -0.169483 0.118848
0.286413 0.093626 0.037373 0.050904 -0.166065 0.008184 -0.424471 -0.124526 -0.013016 0.005596 1.000000 0.478191 -0.168945 0.207280 0.758166 -0.403297 0.944571 0.279132 0.216538 -0.335100 0.346819 0.192133 0.231312 0.010155 -0.005686 0.125220 0.203943 0.263731 0.259160 -0.541321 0.223097 0.138029 -0.187156 -0.212249 -0.112262 0.204203 -0.088418 -0.036907 0.538224 0.025114 -0.303445 -0.011110 0.150928 -0.061826 0.009914 -0.004163 -0.195609 -0.081787 -0.003902 -0.123331 0.248187 -0.019768 -0.436752 -0.005168 0.068548 -0.139648 0.815728 0.040661 -0.184694 -0.400882 -0.324275 -0.241574 -0.553949 0.076434 -0.414472 -0.188625 -0.224901 -0.141624 -0.109882 -0.227969 -0.472568 0.040476 -0.389962 -0.226334 -0.309707 -0.022127 -0.011340 0.053892 -0.607198 -0.023933 0.158266 0.172818 -0.648282 0.189920 -0.553465 0.134691 -0.322693 0.460405 -0.675377 -0.067451 -0.107245 0.110347 0.119951 0.053567 0.212134 -0.122293 0.095468 -0.298985 0.332538 0.157106 -0.249525 0.232942 0.124512 0.295167 -0.253151 0.062589 -0.120523 0.008158 0.026212 0.378808 0.143764 0.170360 0.137524 0.210356 0.306340 -0.072416
0.013061 0.243959 -0.058416 0.151060 0.094986 0.226969 -0.199916 0.015693 0.059360 0.009969 0.478191 1.000000 -0.005718 0.486782 0.315839 -0.370689 0.528393 0.507224 -0.028184 -0.295442 0.140082 0.151929 0.106422 0.169022 0.142549 0.338212 0.117522 0.187574 0.347294 -0.212044 0.339137 0.337236 -0.146324 -0.208436 -0.187837 -0.056203 -0.218226 -0.201221 0.227795 -0.005659 -0.250472 -0.144186 -0.024470 -0.136770 -0.031058 -0.105371 -0.222376 -0.222817 -0.057473 -0.221606 0.166473 -0.108322 -0.234528 -0.088255 -0.114599 -0.147166 0.332663 -0.105504 -0.190283 -0.477436 -0.182795 -0.248580 -0.317726 0.027278 -0.104563 -0.079471 -0.307296 -0.270332 -0.125407 -0.264354 -0.291145 0.153131 -0.124002 -0.100251 -0.180450 0.010461 0.099475 -0.064206 -0.293615 0.119862 0.368126 0.300150 -0.303703 0.421335 -0.149452 0.286270 -0.187871 0.397159 -0.313873 -0.007475 -0.130810 -0.043763 -0.010725 -0.143722 0.112090 -0.168302 -0.054822 -0.325875 0.125390 -0.121384 -0.277766 0.165830 0.081154 0.028780 -0.371788 -0.195351 -0.234218 -0.200211 -0.142200 0.202892 -0.158640 -0.073596 -0.111472 0.178921 0.208320 -0.217751
0.084564 0.125217 0.121059 -0.207522 -0.023334 -0.232847 0.488078 0.089374 0.141661 0.009864 -0.168945 -0.005718 1.000000 0.282565 0.035215 0.276864 -0.343201 0.168364 -0.101891 0.109951 -0.426380 -0.409509 -0.165998 -0.148391 -0.165263 -0.341597 -0.387301 -0.367821 0.349169 0.364406 -0.211519 -0.240444 -0.054291 0.191770 0.055785 -0.117874 -0.207247 -0.181028 -0.361607 -0.347552 -0.036281 -0.191414 -0.148053 -0.159736 0.243143 -0.156081 -0.097012 -0.028333 0.319648 0.029847 0.081557 -0.011596 0.168697 -0.062941 -0.067259 0.059662 -0.415397 -0.116564 0.147018 0.113774 0.265252 0.202107 0.330184 0.240848 0.394925 0.102119 -0.041648 -0.104295 -0.006398 -0.115931 0.141062 -0.124058 0.346846 0.091612 0.035620 -0.144142 -0.075929 0.006840 0.195569 0.051854 -0.021535 -0.039435 0.099266 -0.250258 0.005407 -0.283261 0.159432 -0.398821 0.126128 -0.141583 0.133327 0.254855 0.053843 0.289973 -0.182774 -0.109653 -0.150120 -0.147642 -0.106614 0.016879 0.007662 0.278635 0.145582 0.055106 -0.063286 -0.149085 0.044021 0.090991 -0.142316 -0.161036 -0.171925 -0.148193 -0.044129 0.013842 -0.006425 -0.078204
-0.127346 0.034865 0.029042 0.205215 -0.113899 -0.021020 0.143171 0.327907 0.142237 0.295678 0.207280 0.486782 0.282565 1.000000 0.066737 0.232308 0.157722 0.107894 -0.150265 -0.101630 -0.171775 -0.149966 0.099674 0.270955 -0.265836 -0.044883 -0.204189 -0.224794 0.380792 0.091435 -0.125664 0.033436 -0.241127 0.064173 -0.075151 0.208031 -0.413978 0.012198 -0.079724 -0.082377 -0.111643 -0.257873 -0.082279 -0.051717 0.250649 -0.020026 -0.222392 -0.092100 0.135319 0.089618 0.090503 0.082400 -0.153604 -0.005202 -0.070563 -0.005670 0.073971 -0.184474 -0.200870 -0.286350 -0.212835 -0.074741 -0.185062 -0.047808 -0.013543 0.245122 -0.191110 -0.064791 -0.095581 -0.109918 -0.020154 -0.081301 0.008499 -0.116981 -0.065713 -0.032894 -0.296561 0.022015 -0.102790 -0.205142 0.230766 -0.229527 -0.041609 0.056420 -0.097470 0.122084 0.146388 0.024395 -0.038204 -0.030865 0.055814 0.156475 0.240532 0.160583 -0.062545 -0.131017 -0.151232 -0.133970 -0.056962 0.071708 0.043808 0.290533 0.138838 0.139586 -0.299200 -0.196215 -0.146120 -0.150419 -0.216700 -0.063496 -0.233551 -0.204101 -0.011025 0.118323 0.053174 -0.200933
0.172338 0.022671 0.164531 -0.055006 0.006098 0.110688 -0.402898 -0.182064 -0.005569 -0.110579 0.758166 0.315839 0.035215 0.066737 1.000000 -0.259486 0.680971 0.218138 0.204906 -0.390073 0.344511 0.212562 0.195410 -0.074954 0.206370 0.243511 0.248001 0.342304 0.349207 -0.382616 0.281045 0.146859 -0.206018 -0.308536 0.066959 0.205087 0.029438 0.020742 0.471309 -0.039658 -0.087464 0.015639 0.170975 -0.083315 -0.074200 -0.013646 -0.077847 -0.088523 -0.026388 -0.223651 0.441217 -0.024827 -0.282383 0.024153 0.155840 -0.009798 0.536624 -0.113129 -0.279685 -0.427779 -0.331962 -0.211563 -0.489703 0.031094 -0.377790 -0.201450 -0.217577 -0.191631 -0.055589 -0.231722 -0.407033 0.056842 -0.244129 -0.091021 -0.224844 -0.075087 0.029194 0.091179 -0.547905 0.017871 -0.057829 0.111831 -0.433034 0.089337 -0.476045 0.122092 -0.178968 0.248157 -0.473324 0.021215 -0.218594 -0.019379 0.057620 0.085748 0.145398 -0.145992 0.033255 -0.207955 0.157945 0.182248 -0.203236 0.213744 0.116932 0.289130 -0.230504 -0.021883 -0.172183 0.019259 0.031531 0.244294 0.110305 0.068518 0.009736 0.264696 0.283275 -0.102911
-0.113059 -0.011778 -0.072564 0.034604 -0.122922 -0.247223 0.379174 0.433794 0.215644 0.341893 -0.403297 -0.370689 0.276864 0.232308 -0.259486 1.000000 -0.522676 -0.414649 -0.158847 0.317944 -0.398399 -0.316016 -0.299948 -0.043800 -0.406994 -0.467672 -0.433388 -0.457468 -0.046861 0.508761 -0.518173 -0.355451 0.096594 0.261618 0.175458 0.057273 -0.058187 0.119879 -0.314693 -0.084268 0.151413 0.011911 -0.039370 -0.091778 0.215426 -0.055806 0.254738 0.009841 0.293067 0.198340 -0.171379 0.302748 0.288422 0.106090 0.132378 0.130137 -0.422238 -0.117426 0.077690 0.334344 0.105425 0.407128 0.178208 -0.052411 0.233860 0.480052 0.196910 0.166190 -0.024631 0.069358 0.248673 -0.169693 0.207159 0.028839 0.101733 -0.226946 -0.335602 0.109616 0.093623 -0.289853 -0.288885 -0.467802 0.295679 -0.385284 0.105200 -0.248051 0.312673 -0.509477 0.219323 -0.038584 0.195865 0.100610 0.243657 0.213008 -0.148104 -0.014844 -0.057370 0.259901 -0.081074 0.130466 0.385318 0.063987 0.031709 -0.005052 0.172990 -0.077991 0.058921 0.031163 0.043143 -0.214989 -0.120911 -0.166175 0.098899 -0.145534 -0.233356 0.011643
0.154486 0.039613 -0.023087 0.162819 -0.133258 0.120722 -0.483238 -0.182550 -0.064943 0.001719 0.944571 0.528393 -0.343201 0.157722 0.680971 -0.522676 1.000000 0.321056 0.228900 -0.362181 0.410737 0.248645 0.304532 0.103350 0.068777 0.241217 0.297921 0.349018 0.241154 -0.577198 0.308710 0.247183 -0.150458 -0.244418 -0.142726 0.137782 -0.077954 -0.054941 0.549299 0.032818 -0.251995 0.006521 0.178239 -0.013787 -0.060144 0.012068 -0.201625 -0.091309 -0.145324 -0.176429 0.226629 -0.091865 -0.463152 -0.003701 0.041252 -0.179372 0.843195 0.036763 -0.242356 -0.477180 -0.351641 -0.366242 -0.537051 0.013462 -0.457737 -0.311788 -0.214131 -0.174896 -0.049238 -0.213845 -0.482507 0.065320 -0.415443 -0.219486 -0.292947 0.022087 0.072210 0.008687 -0.549465 0.024241 0.289623 0.239373 -0.610381 0.328411 -0.461638 0.266591 -0.370046 0.563696 -0.632699 -0.020205 -0.181615 0.010134 0.067286 -0.052940 0.237764 -0.082312 0.064899 -0.277610 0.282053 0.119551 -0.247393 0.190009 0.114051 0.287012 -0.262694 0.063046 -0.134402 -0.048476 0.037886 0.385300 0.119559 0.180539 0.095756 0.241519 0.309378 -0.051235
0.070219 0.339091 -0.243122 -0.176958 0.058969 0.015573 -0.202878 -0.324287 0.039045 -0.202170 0.279132 0.507224 0.168364 0.107894 0.218138 -0.414649 0.321056 1.000000 0.161293 -0.129159 0.113768 0.048344 0.002920 -0.198792 0.231712 0.193641 0.081992 0.068047 0.365957 0.130258 0.303166 0.188967 0.051840 -0.115754 0.131567 -0.287065 0.038056 -0.290318 0.148768 -0.317647 -0.152093 0.103710 -0.113949 -0.267513 -0.139391 -0.346194 -0.160770 -0.310862 -0.311153 -0.352418 -0.018328 -0.309231 -0.239874 -0.258159 -0.158478 -0.321801 0.214563 0.238109 0.000763 -0.275592 0.064609 -0.207233 0.009448 0.498481 0.079057 -0.334420 -0.121713 -0.610032 0.206057 -0.315115 -0.009827 0.193144 0.236310 0.288959 0.174290 0.299894 0.514282 0.063080 0.221282 0.629533 0.275387 0.733196 -0.358561 0.318214 -0.107336 -0.018982 -0.309700 0.150887 -0.294603 -0.206345 -0.154575 -0.026666 -0.164863 -0.051529 0.167580 -0.221561 0.021306 -0.489322 0.122830 -0.240857 -0.336927 0.021989 0.153044 -0.070158 -0.245801 -0.226757 -0.182366 -0.122889 -0.071034 0.247766 -0.213320 -0.121460 -0.253137 0.124537 0.111552 -0.130430
0.238889 -0.083241 -0.011878 0.041634 -0.076914 0.152995 -0.130528 -0.154069 0.018670 -0.011716 0.216538 -0.028184 -0.101891 -0.150265 0.204906 -0.158847 0.228900 0.161293 1.000000 0.236617 -0.005192 -0.082376 0.279436 0.046575 0.035483 0.021811 0.044194 0.049575 0.097428 -0.174922 0.138719 0.081807 0.148295 -0.088246 0.224725 -0.076131 0.121519 -0.317060 0.047267 -0.278255 -0.005935 0.028693 0.149268 -0.032255 -0.102650 -0.178055 0.101336 -0.115079 -0.218764 -0.165765 -0.065211 0.089779 -0.298074 0.158757 -0.027667 -0.379576 0.321853 -0.008183 -0.037554 -0.272101 0.052858 -0.158898 -0.063388 0.031102 -0.167776 -0.195809 0.124435 -0.350358 0.346742 0.079796 -0.046379 -0.013792 -0.019328 -0.070639 0.119910 0.042463 0.352361 0.007046 0.088094 0.085303 0.070179 0.234948 0.005845 0.168612 0.077128 0.222016 -0.086644 0.095553 -0.095407 -0.120403 -0.092472 -0.087321 -0.145796 -0.183918 0.165514 -0.038109 -0.027063 -0.404020 0.038900 -0.205741 -0.003127 -0.238182 -0.058891 0.025334 -0.079383 -0.174987 -0.217294 -0.219539 0.221888 0.173382 -0.238265 -0.134541 -0.128900 0.098848 -0.033730 0.111450
0.273844 0.235439 -0.175084 -0.037339 -0.137258 0.010560 0.226018 0.175942 0.309929 0.200731 -0.335100 -0.295442 0.109951 -0.101630 -0.390073 0.317944 -0.362181 -0.129159 0.236617 1.000000 -0.472294 -0.400631 -0.362275 -0.200698 -0.469537 -0.462259 -0.376448 -0.377893 -0.355244 0.017123 -0.518784 -0.573950 0.198256 0.182630 0.038568 0.013222 0.101589 -0.180825 -0.235076 -0.055892 -0.105237 0.107453 -0.115726 -0.246275 -0.093429 -0.356287 0.222120 -0.009496 0.046994 0.001098 -0.440340 0.195831 0.062762 0.168235 0.124313 -0.292142 -0.146957 0.266741 0.398638 0.453968 0.460640 0.298530 0.369589 0.140534 0.221059 0.206406 0.109098 0.116989 0.170528 0.501614 0.019746 -0.283149 -0.085414 -0.141286 -0.042786 -0.164260 -0.006936 -0.018284 0.138528 -0.105496 -0.071293 -0.016426 0.023307 -0.216983 0.035274 -0.136337 -0.012650 -0.313962 0.086210 -0.089262 0.490064 0.248945 -0.000999 0.030582 -0.097461 0.170207 -0.016063 -0.001268 0.190796 -0.213094 0.279875 -0.213613 0.041701 -0.234031 0.401317 0.207645 0.401061 0.254110 0.283398 0.090221 0.038105 -0.074707 0.140757 -0.239261 -0.137442 0.291170
-0.148155 -0.244842 0.078852 0.121911 0.388315 0.008408 -0.507169 -0.308333 -0.455704 -0.396438 0.346819 0.140082 -0.426380 -0.171775 0.344511 -0.398399 0.410737 0.113768 -0.005192 -0.472294 1.000000 0.911252 0.417220 0.177731 0.647189 0.580670 0.866636 0.791575 0.013020 -0.136010 0.704216 0.596343 -0.280722 -0.319891 -0.050968 0.061192 0.335958 0.507862 0.728079 0.478243 0.137291 0.468299 -0.036012 -0.119961 -0.479258 -0.021089 -0.157031 -0.272560 -0.449534 -0.489077 0.130506 -0.440585 -0.308381 -0.264037 -0.166895 0.143060 0.297983 -0.137453 -0.428180 -0.504243 -0.459260 -0.361356 -0.400039 -0.135114 -0.274491 -0.392775 -0.174313 -0.208009 -0.160655 -0.274841 0.228119 0.625814 0.033314 0.335848 0.246672 0.613427 0.289555 0.173542 -0.178011 0.191987 -0.159924 0.157110 -0.221738 0.438808 -0.267634 0.105633 -0.371856 0.612455 -0.202004 0.142810 -0.384886 -0.282933 -0.107064 -0.135778 0.026276 -0.349799 -0.084185 0.129302 -0.099601 0.166823 -0.315261 0.061521 0.108588 0.129298 -0.360582 -0.144719 -0.301284 -0.264289 -0.274453 -0.015387 0.197047 0.278865 -0.021578 0.291802 0.327034 -0.316212
-0.167691 -0.207750 0.078258 0.119125 0.422342 0.034117 -0.467844 -0.211061 -0.464942 -0.419252 0.192133 0.151929 -0.409509 -0.149966 0.212562 -0.316016 0.248645 0.048344 -0.082376 -0.400631 0.911252 1.000000 0.264461 0.157259 0.614585 0.596594 0.801527 0.748764 -0.123381 -0.080314 0.646745 0.574725 -0.211456 -0.281838 -0.006799 0.111096 0.427768 0.555040 0.683371 0.580625 0.196583 0.521984 -0.098186 -0.151416 -0.485997 -0.103743 -0.082036 -0.308033 -0.423549 -0.479605 0.029732 -0.438557 -0.222469 -0.286287 -0.107636 0.129563 0.193683 -0.043374 -0.372803 -0.404552 -0.415069 -0.284321 -0.355330 -0.123093 -0.176578 -0.250951 -0.129378 -0.180955 -0.135073 -0.150450 0.253078 0.605127 0.008852 0.367771 0.255869 0.632172 0.289168 0.210911 -0.128192 0.229400 -0.253656 0.133447 -0.142080 0.437495 -0.247301 0.091884 -0.364094 0.557876 -0.124405 0.208937 -0.363159 -0.317542 -0.086418 -0.157322 0.024899 -0.292851 -0.060954 0.187016 -0.140469 0.071773 -0.199326 0.045883 0.062809 0.052865 -0.322499 -0.181469 -0.288435 -0.295916 -0.245462 -0.041890 0.171472 0.210475 -0.078525 0.236697 0.303532 -0.307189
-0.227676 -0.495854 0.404187 0.494251 0.123553 0.015006 0.000370 -0.188708 -0.198645 0.042124 0.231312 0.106422 -0.165998 0.099674 0.195410 -0.299948 0.304532 0.002920 0.279436 -0.362275 0.417220 0.264461 1.000000 0.715268 0.416160 0.387999 0.451908 0.337760 0.302324 -0.209843 0.468362 0.489141 -0.301395 -0.133320 -0.104242 0.008425 -0.239106 0.053052 0.129395 0.016551 0.000135 -0.133280 -0.029621 0.017888 -0.135748 0.218723 -0.290097 -0.100752 -0.234657 -0.203071 0.329178 -0.117945 -0.263597 0.070008 -0.310795 0.049649 0.217200 -0.371537 -0.422403 -0.569589 -0.430610 -0.499080 -0.258185 -0.419954 -0.396255 -0.395137 0.006409 -0.047673 -0.001541 -0.132138 0.115466 0.244583 0.044009 0.027398 0.142081 0.232241 -0.014781 -0.088411 -0.049901 -0.122577 0.183538 -0.102389 0.150315 0.276432 0.077401 0.279828 0.141887 0.407632 0.223708 0.229205 -0.334372 -0.193649 -0.117101 -0.086779 -0.101603 -0.203330 -0.322551 0.017423 -0.349285 0.202343 -0.249299 0.168630 0.128740 0.293527 -0.431967 -0.237060 -0.369209 -0.311858 -0.307610 -0.197326 -0.124003 0.093248 -0.008051 0.353661 0.208996 -0.191321
-0.390919 -0.535074 0.273043 0.659936 0.042335 0.152643 0.161630 0.130107 -0.038925 0.302366 0.010155 0.169022 -0.148391 0.270955 -0.074954 -0.043800 0.103350 -0.198792 0.046575 -0.200698 0.177731 0.157259 0.715268 1.000000 0.192584 0.322981 0.187017 0.131312 0.169851 -0.127049 0.300228 0.446740 -0.246761 -0.058087 -0.133319 -0.024713 -0.290405 0.063624 0.016836 0.104666 0.048425 -0.115073 -0.106938 0.037229 -0.024177 0.222394 -0.248854 -0.101910 -0.121223 -0.036580 0.246506 -0.005949 -0.141710 0.038118 -0.247011 0.035698 0.008685 -0.415346 -0.428846 -0.445998 -0.447889 -0.435584 -0.176723 -0.589675 -0.224337 -0.119264 -0.010039 0.147328 -0.235730 -0.009616 0.110969 0.131668 -0.040331 -0.057344 0.061671 0.071442 -0.128018 -0.098889 -0.040977 -0.262508 0.239351 -0.236918 0.217325 0.323189 0.185410 0.435597 0.150412 0.368008 0.225786 0.309706 -0.226178 -0.213511 -0.022081 -0.147303 -0.032166 -0.067894 -0.253427 0.149239 -0.343432 0.092761 -0.011199 0.237023 0.113302 0.260226 -0.386153 -0.282704 -0.330880 -0.363975 -0.206124 -0.157211 -0.183368 0.026548 0.106040 0.345731 0.197585 -0.257208
-0.319435 -0.291722 0.128665 0.128103 0.477896 0.108132 -0.322127 -0.435916 -0.473335 -0.572154 -0.005686 0.142549 -0.165263 -0.265836 0.206370 -0.406994 0.068777 0.231712 0.035483 -0.469537 0.647189 0.614585 0.416160 0.192584 1.000000 0.794873 0.720460 0.690535 0.271902 0.109751 0.827363 0.674070 -0.341596 -0.458299 -0.060785 -0.174040 0.069642 0.203008 0.189141 0.115395 0.250452 0.150898 -0.057170 0.002737 -0.412878 0.053073 -0.284317 -0.143118 -0.426225 -0.453550 0.319801 -0.390683 -0.151550 -0.197231 -0.374758 0.161843 -0.093205 -0.222976 -0.429819 -0.464640 -0.366830 -0.445372 -0.215494 -0.206419 -0.251634 -0.480266 -0.091459 -0.203239 -0.041134 -0.238798 0.337666 0.611093 0.372013 0.481627 0.381205 0.462668 0.348240 0.110758 0.120596 0.353560 0.063823 0.301921 0.239697 0.358697 0.184431 0.256055 0.000062 0.336153 0.134630 0.123417 -0.440251 -0.345942 -0.253953 -0.156376 -0.080352 -0.332376 -0.207668 0.022600 -0.289553 0.095746 -0.202112 0.021610 0.138504 0.161963 -0.370492 -0.288033 -0.402287 -0.379460 -0.339745 -0.152978 -0.044627 0.092834 -0.134924 0.349427 0.245196 -0.366496
-0.343825 -0.269463 0.089398 0.246825 0.434657 0.444113 -0.439900 -0.382276 -0.238401 -0.220774 0.125220 0.338212 -0.341597 -0.044883 0.243511 -0.467672 0.241217 0.193641 0.021811 -0.462259 0.580670 0.596594 0.387999 0.322981 0.794873 1.000000 0.632136 0.648341 0.186957 -0.082332 0.690358 0.628877 -0.315501 -0.434244 -0.068905 -0.112716 0.069104 0.161073 0.279834 0.149843 0.233640 0.141142 0.028407 0.056472 -0.361131 0.059689 -0.224935 -0.133395 -0.476819 -0.369822 0.360312 -0.315503 -0.167058 -0.151720 -0.232769 0.072696 0.095985 -0.151093 -0.472552 -0.547787 -0.441234 -0.580553 -0.300268 -0.241820 -0.306952 -0.383799 -0.096938 -0.241658 0.021237 -0.153860 0.068915 0.377145 0.078538 0.238614 0.236043 0.344724 0.329939 0.021935 0.054016 0.295058 0.220007 0.361776 0.129012 0.575130 0.147960 0.475074 -0.107958 0.522183 0.062063 0.215420 -0.455396 -0.433683 -0.262372 -0.308844 0.083796 -0.281097 -0.079163 -0.052877 -0.178672 0.013150 -0.221900 -0.017374 0.055401 0.138277 -0.430764 -0.351645 -0.486931 -0.500175 -0.278149 -0.025623 -0.091618 0.054880 -0.098501 0.395823 0.284253 -0.349235
-0.198571 -0.226896 0.154771 0.243397 0.612348 0.156691 -0.461625 -0.328042 -0.465874 -0.468006 0.203943 0.117522 -0.387301 -0.204189 0.248001 -0.433388 0.297921 0.081992 0.044194 -0.376448 0.866636 0.801527 0.451908 0.187017 0.720460 0.632136 1.000000 0.903161 -0.005267 -0.199308 0.664219 0.501435 -0.351103 -0.420684 -0.157767 0.004700 0.251807 0.448890 0.572157 0.406753 0.183450 0.395423 -0.026807 -0.071744 -0.557633 0.028775 -0.222136 -0.190446 -0.460478 -0.535481 0.169499 -0.417536 -0.194741 -0.111205 -0.286834 0.165379 0.191975 -0.169968 -0.366584 -0.483406 -0.319046 -0.369771 -0.286158 -0.150645 -0.279070 -0.438629 -0.234274 -0.191142 -0.086994 -0.177441 0.177365 0.571206 -0.003348 0.287836 0.217073 0.572788 0.255925 0.126057 -0.113051 0.117168 0.008347 0.139456 -0.009399 0.521386 -0.032930 0.205145 -0.218985 0.544350 0.050070 0.224918 -0.351484 -0.262016 -0.173192 -0.236056 -0.165380 -0.360916 -0.327008 0.146185 -0.185964 0.219701 -0.215406 0.028358 0.147968 0.116420 -0.373705 -0.193015 -0.260300 -0.325164 -0.383688 -0.184063 0.120879 0.302467 -0.004364 0.357765 0.365049 -0.336393
-0.132064 -0.151850 0.131405 0.228861 0.491585 0.267536 -0.535113 -0.351321 -0.492886 -0.520548 0.263731 0.187574 -0.367821 -0.224794 0.342304 -0.457468 0.349018 0.068047 0.049575 -0.377893 0.791575 0.748764 0.337760 0.131312 0.690535 0.648341 0.903161 1.000000 -0.102748 -0.327532 0.629184 0.439929 -0.293665 -0.455136 -0.119990 0.027181 0.266875 0.354511 0.567929 0.366585 0.127683 0.392230 -0.045390 -0.111391 -0.540475 0.017960 -0.222901 -0.198468 -0.347211 -0.535386 0.248883 -0.419565 -0.185182 -0.091635 -0.105782 0.146996 0.218688 -0.106257 -0.341439 -0.458511 -0.290281 -0.358921 -0.294431 -0.107449 -0.233448 -0.405305 -0.276743 -0.184764 -0.095745 -0.142547 0.001085 0.451652 -0.154375 0.152575 0.061254 0.425563 0.271644 0.039847 -0.162077 0.136532 0.013831 0.146020 -0.084506 0.531067 -0.063755 0.170406 -0.257185 0.600706 -0.022640 0.313333 -0.280809 -0.223989 -0.100722 -0.210149 -0.030817 -0.279735 -0.154424 0.076809 -0.049975 0.153429 -0.135980 0.016186 0.086328 0.131908 -0.305417 -0.134929 -0.176594 -0.262516 -0.243783 -0.058618 0.119195 0.248996 -0.031260 0.311189 0.372611 -0.274157
-0.195090 -0.100940 0.050103 0.028603 0.055440 -0.116461 0.078359 -0.126125 0.055773 -0.030546 0.259160 0.347294 0.349169 0.380792 0.349207 -0.046861 0.241154 0.365957 0.097428 -0.355244 0.013020 -0.123381 0.302324 0.169851 0.271902 0.186957 -0.005267 -0.102748 1.000000 0.346304 0.349501 0.387649 -0.238559 -0.091848 -0.052057 -0.134311 -0.547647 -0.148503 -0.203143 -0.427026 0.198343 -0.275235 0.055085 0.083562 0.174406 0.016671 -0.340344 0.012931 -0.147307 -0.055201 0.197030 -0.043792 -0.208379 -0.102926 -0.486352 -0.003755 0.030060 -0.374264 -0.318010 -0.449968 -0.216431 -0.273316 -0.057662 -0.058136 -0.275340 -0.282357 -0.003384 -0.234998 -0.024333 -0.396661 0.196678 0.276338 0.560710 0.310620 0.286458 0.092386 -0.013168 0.181239 0.069547 0.118983 0.447161 0.065476 0.168385 0.016733 0.114441 0.216786 0.329798 -0.146612 -0.054670 -0.336490 -0.400006 -0.169580 -0.190783 0.062272 -0.139558 -0.329875 -0.342730 -0.228539 -0.270327 0.199352 -0.146675 0.196044 0.324107 0.293542 -0.360556 -0.320876 -0.445644 -0.294661 -0.353105 -0.114629 -0.269777 -0.038366 -0.003141 0.384512 0.172410 -0.267149
-0.280890 -0.030880 -0.186785 -0.153260 0.035693 -0.308861 0.326629 0.088525 -0.026064 -0.056700 -0.541321 -0.212044 0.364406 0.091435 -0.382616 0.508761 -0.577198 0.130258 -0.174922 0.017123 -0.136010 -0.080314 -0.209843 -0.127049 0.109751 -0.082332 -0.199308 -0.327532 0.346304 1.000000 0.002592 0.131683 0.111316 0.217119 0.242800 -0.311992 -0.021755 0.042572 -0.341890 -0.261730 0.299995 0.060953 -0.118651 -0.091368 0.070815 -0.165551 0.052281 -0.163021 -0.090069 -0.004675 -0.258500 -0.035584 0.191899 -0.159851 -0.267239 0.069521 -0.575648 -0.142815 -0.009681 0.111769 0.132157 0.187900 0.335148 0.136454 0.339024 0.099549 0.242100 -0.228183 0.083281 -0.223238 0.657125 0.279237 0.812985 0.633686 0.612427 0.291236 0.181570 0.235003 0.565325 0.351586 -0.097947 0.078929 0.389545 -0.152243 0.299785 -0.180272 0.210891 -0.448259 0.228777 -0.305342 -0.126788 -0.158433 -0.110985 0.068193 -0.113741 -0.256901 -0.108446 -0.007672 -0.270588 -0.050868 0.039834 -0.050536 0.042086 -0.148096 -0.051355 -0.373362 -0.293732 -0.237841 -0.226177 -0.245531 -0.326764 -0.260986 -0.212592 -0.069971 -0.211590 -0.180191
-0.229356 -0.276591 0.052465 0.082829 0.364172 0.160511 -0.317618 -0.268565 -0.470237 -0.481828 0.223097 0.339137 -0.211519 -0.125664 0.281045 -0.518173 0.308710 0.303166 0.138719 -0.518784 0.704216 0.646745 0.468362 0.300228 0.827363 0.690358 0.664219 0.629184 0.349501 0.002592 1.000000 0.887378 -0.228693 -0.225861 -0.041216 -0.108011 0.099999 0.100181 0.346731 0.139378 0.197388 0.203841 -0.116395 -0.058579 -0.330957 0.047049 -0.316181 -0.256645 -0.466858 -0.375221 0.197749 -0.459538 -0.338426 -0.305476 -0.387199 -0.034190 0.115009 -0.237756 -0.526739 -0.609740 -0.431281 -0.413717 -0.289893 -0.165583 -0.212169 -0.384441 -0.159937 -0.211796 -0.201228 -0.318084 0.247226 0.625268 0.309109 0.412617 0.345474 0.493335 0.399467 0.124480 0.013951 0.300763 0.069864 0.296727 0.080883 0.470798 0.017695 0.275262 -0.129580 0.457679 -0.091649 -0.025936 -0.493895 -0.405446 -0.252243 -0.261385 0.031910 -0.290979 -0.163191 -0.155484 -0.285439 -0.017376 -0.233352 -0.021367 0.092492 0.085814 -0.449636 -0.321023 -0.490404 -0.444966 -0.256731 -0.041789 -0.089293 0.056620 -0.148615 0.304908 0.253354 -0.329130
-0.308972 -0.393419 0.042429 0.204133 0.208174 0.150374 -0.175353 -0.091096 -0.451885 -0.290173 0.138029 0.337236 -0.240444 0.033436 0.146859 -0.355451 0.247183 0.188967 0.081807 -0.573950 0.596343 0.574725 0.489141 0.446740 0.674070 0.628877 0.501435 0.439929 0.387649 0.131683 0.887378 1.000000 -0.166302 -0.048695 0.032047 -0.096529 0.023252 0.103300 0.236212 0.111455 0.215504 0.097733 -0.146253 -0.007255 -0.196704 0.144766 -0.318358 -0.270491 -0.408519 -0.222112 0.168448 -0.403983 -0.313590 -0.314134 -0.388280 -0.048910 0.089147 -0.311642 -0.580370 -0.600451 -0.516857 -0.397390 -0.282322 -0.251963 -0.176736 -0.216674 -0.047827 -0.120581 -0.225490 -0.352836 0.313552 0.562116 0.353366 0.354207 0.357355 0.427384 0.295981 0.120991 0.059433 0.211070 0.052167 0.138142 0.195135 0.455020 0.064506 0.325196 -0.034300 0.409816 -0.033307 -0.057400 -0.559655 -0.480956 -0.196004 -0.244364 0.038931 -0.257478 -0.180121 -0.085068 -0.403497 -0.000597 -0.138799 0.035142 0.033756 0.133394 -0.492711 -0.382330 -0.569863 -0.528956 -0.270928 -0.064471 -0.226509 -0.030486 -0.155356 0.285688 0.185068 -0.340808
0.092593 0.333975 -0.316984 -0.168846 -0.286105 -0.016369 0.050457 -0.022846 0.050015 0.018515 -0.187156 -0.146324 -0.054291 -0.241127 -0.206018 0.096594 -0.150458 0.051840 0.148295 0.198256 -0.280722 -0.211456 -0.301395 -0.246761 -0.341596 -0.315501 -0.351103 -0.293665 -0.238559 0.111316 -0.228693 -0.166302 1.000000 0.456980 0.371657 -0.198985 0.331076 -0.246419 -0.033666 -0.097632 -0.000712 0.214026 0.039673 -0.030847 0.184261 -0.155258 0.417215 -0.085864 0.039804 0.182776 -0.471979 0.095206 0.138890 0.053162 0.245019 -0.292084 -0.008410 0.259386 0.469995 0.225890 0.459581 0.443588 0.292440 0.388196 0.312619 0.135248 0.440786 -0.205018 0.378401 -0.049725 -0.178591 -0.315230 -0.109739 -0.160151 -0.073871 -0.153718 0.306440 -0.123627 0.174696 0.221003 -0.140167 0.099444 -0.128867 -0.013721 0.014152 -0.152000 -0.148414 -0.160670 -0.127076 -0.179991 0.018834 -0.226269 -0.190102 -0.212597 0.271992 0.237261 0.340837 -0.197333 0.194668 -0.320883 -0.035430 -0.335046 -0.256439 -0.404645 0.222053 -0.112328 0.015227 -0.030753 0.368881 0.258681 -0.092321 -0.151931 -0.233221 -0.262758 -0.274742 0.303588
0.048805 0.033631 -0.187640 -0.224317 -0.304091 -0.078965 0.334614 0.357634 0.094806 0.179892 -0.212249 -0.208436 0.191770 0.064173 -0.308536 0.261618 -0.244418 -0.115754 -0.088246 0.182630 -0.319891 -0.281838 -0.133320 -0.058087 -0.458299 -0.434244 -0.420684 -0.455136 -0.091848 0.217119 -0.225861 -0.048695 0.456980 1.000000 0.196715 0.103900 0.063546 -0.148397 -0.201144 -0.036698 -0.002349 -0.002207 -0.239591 -0.189653 0.263357 0.012963 0.002544 -0.113516 0.171706 0.355590 -0.302972 -0.011081 0.046319 -0.102773 0.073671 -0.247871 -0.175865 0.085516 0.120200 0.298339 0.244030 0.406032 0.384148 0.222661 0.460911 0.396629 0.249303 0.160376 -0.054805 0.085812 0.002243 -0.258051 0.099514 -0.142671 -0.018660 -0.180479 -0.105204 -0.052259 0.120287 -0.074050 -0.195985 -0.251470 0.129067 -0.188540 -0.003207 -0.300152 0.126642 -0.236141 0.053418 -0.268507 0.031034 -0.054781 -0.047270 -0.043990 0.006254 0.169318 0.055890 -0.086832 -0.143656 -0.201461 0.156813 -0.128015 -0.090914 -0.250390 0.147026 0.031908 0.067634 0.050348 0.153311 0.000301 -0.057772 -0.129073 -0.000463 -0.241146 -0.203409 0.220387
0.034070 0.070796 -0.113653 -0.174997 -0.269016 -0.050139 -0.037907 0.004668 -0.107586 -0.092042 -0.112262 -0.187837 0.055785 -0.075151 0.066959 0.175458 -0.142726 0.131567 0.224725 0.038568 -0.050968 -0.006799 -0.104242 -0.133319 -0.060785 -0.068905 -0.157767 -0.119990 -0.052057 0.242800 -0.041216 0.032047 0.371657 0.196715 1.000000 0.116413 0.312444 -0.080810 0.074271 -0.171915 -0.084063 0.167572 -0.132897 -0.288692 0.050839 -0.069256 0.211324 -0.361029 -0.004973 0.027718 -0.032825 0.013363 -0.165560 -0.075413 0.281301 -0.370801 -0.014415 0.082976 0.084719 -0.020824 0.087480 0.154338 0.041141 0.230248 0.172693 0.190556 0.277397 -0.231950 0.288389 -0.063255 0.176678 0.014911 0.106892 0.105591 0.171428 0.049484 0.324199 0.165501 0.264158 0.300063 -0.409401 0.090550 -0.060859 -0.069359 -0.103173 -0.069157 -0.171669 -0.115639 -0.102462 -0.072430 -0.141728 -0.164644 -0.165329 -0.038460 0.338686 0.113691 0.274062 -0.239493 -0.053852 -0.331833 0.042303 -0.304861 -0.131263 -0.182466 0.126113 -0.142128 -0.100633 -0.084628 0.279232 0.288733 -0.306936 -0.321807 -0.206542 -0.153243 -0.247551 0.109588
0.066435 -0.041194 0.116143 -0.105468 -0.121531 -0.029807 -0.172729 0.270550 -0.103384 -0.071838 0.204203 -0.056203 -0.117874 0.208031 0.205087 0.057273 0.137782 -0.287065 -0.076131 0.013222 0.061192 0.111096 0.008425 -0.024713 -0.174040 -0.112716 0.004700 0.027181 -0.134311 -0.311992 -0.108011 -0.096529 -0.198985 0.103900 0.116413 1.000000 0.003302 0.226742 0.121299 0.357514 -0.151201 -0.070640 -0.088463 -0.069940 0.126839 0.111308 -0.171082 0.071032 0.105284 0.111929 0.110327 0.064394 -0.252011 0.052771 0.114819 0.031562 0.179990 0.027856 -0.128676 0.016533 -0.187582 0.086697 -0.287874 -0.113984 -0.260853 0.340386 -0.282241 0.402047 -0.209097 0.213604 -0.153609 -0.006588 -0.296505 -0.253214 -0.311073 -0.105963 -0.397077 0.167220 -0.326806 -0.300181 -0.257899 -0.419409 -0.130263 -0.257075 -0.299217 -0.142818 0.097322 0.009398 -0.075744 0.055155 0.146134 0.243344 0.203621 0.176550 -0.155607 0.101460 -0.041203 0.201582 -0.111022 0.214337 0.228242 -0.027303 0.110940 0.105341 0.124717 0.330355 0.243183 0.194026 0.003423 0.078311 0.382941 0.135858 0.219098 0.015639 0.212642 0.032171
