1.000000 0.257802 -0.039625 -0.033444 -0.336413 -0.189629 0.087653 -0.162951 0.035870 -0.112567 0.287186 0.047553 0.202776 0.121441 0.101127 -0.150004 0.171390 0.302645 0.407309 0.414529 -0.143007 -0.008963 -0.049773 -0.305664 -0.394893 -0.346831 -0.174724 -0.122425 0.214585 0.158432 -0.118480 -0.206810 0.096609 -0.214225 -0.225483 -0.204434 -0.026033 -0.183854 -0.012279 -0.089427 -0.092207 -0.071232 -0.210264 -0.089150 -0.154535 -0.065990 -0.217254 -0.195560 -0.083752 -0.006230 -0.255508 -0.024573 -0.072936 0.032624 -0.102733 -0.250580 0.685438 0.330437 0.131590 -0.051839 0.168538 0.217941 0.072967 0.058257 -0.227889 0.118282 -0.287676 -0.519659 0.306701 -0.192698 0.030166 0.016452 0.259062 0.125689 0.084148 0.190370 0.431872 0.202436 0.175777 0.258216 0.123036 0.180510 0.144553 -0.002756 0.117382 -0.077881 0.147573 0.079528 -0.069247 0.064858 -0.260469 -0.148363 -0.230147 -0.173486 0.056112 0.046968 -0.210329 -0.280667 -0.144399 -0.026051 -0.009402 -0.419756 -0.220107 -0.203908 -0.168759 -0.103252 -0.182338 -0.134895 -0.057414 -0.075153 -0.422207 -0.129947 0.034861 0.057045 -0.090586 -0.088332
0.257802 1.000000 -0.056931 0.168355 -0.061194 -0.193118 0.144812 0.038209 -0.197269 -0.052567 0.193759 0.187111 -0.051810 0.072544 0.011177 -0.069181 0.181711 0.194833 0.094685 0.377470 0.019249 -0.082536 -0.114971 -0.099580 -0.130459 -0.206452 -0.169650 -0.131574 0.144516 0.115368 -0.038377 -0.106084 0.228421 -0.115797 -0.330953 -0.231412 -0.213846 -0.412404 -0.362391 -0.256759 -0.204228 -0.079744 -0.372749 -0.330332 -0.429547 -0.471101 -0.331788 -0.337456 -0.053279 -0.290497 -0.188255 -0.011328 -0.125186 -0.109477 -0.203482 -0.356215 0.353566 0.644057 0.337486 0.307947 0.214524 0.482509 0.384894 0.438504 -0.364377 -0.354998 0.102053 -0.368149 0.342749 0.267899 0.197879 0.000943 0.081036 0.078405 -0.108085 0.087466 0.216710 0.183524 0.027865 0.178590 0.142658 0.099201 0.096602 -0.029032 -0.170507 -0.150723 0.018569 -0.075975 0.052264 -0.009020 0.080104 0.030243 -0.071248 0.015337 -0.132701 -0.077795 -0.516862 -0.269702 -0.074860 0.126234 0.351397 0.118063 0.182278 0.091470 0.027496 -0.050929 0.083718 -0.053442 0.026162 -0.242604 -0.335033 -0.013868 0.140335 0.072348 -0.029542 -0.040402
-0.039625 -0.056931 1.000000 0.369843 0.440806 0.278502 0.596471 0.387183 0.313473 0.304905 0.018242 -0.110874 0.072799 -0.013462 -0.030766 0.150485 -0.311589 -0.239003 0.350092 0.036773 0.053745 -0.026120 0.357591 0.094356 0.278356 0.192123 0.210854 0.299943 -0.241083 -0.280306 -0.073579 -0.063835 0.012686 -0.070127 0.020454 0.130138 -0.122157 -0.349597 -0.136040 -0.073860 -0.077329 -0.115900 0.106119 0.139892 -0.018683 -0.050718 -0.013572 -0.062205 0.001009 -0.071303 0.258040 0.022493 -0.045603 -0.291362 -0.091442 -0.135210 -0.228015 -0.198456 0.212758 -0.048549 0.249072 -0.032758 -0.117250 -0.083530 0.161060 0.174594 0.306992 0.192515 -0.067498 0.052626 0.027756 -0.122388 -0.171852 -0.118796 -0.212278 -0.006317 -0.140172 -0.068788 -0.283249 -0.324215 -0.128578 -0.238122 -0.027065 -0.195039 -0.044092 -0.079036 -0.001828 -0.193383 0.325910 -0.010576 0.003256 -0.122380 0.049155 0.050130 -0.127547 -0.237796 -0.124807 -0.238580 -0.146938 -0.202376 -0.134617 0.037171 -0.103817 -0.107483 -0.162612 -0.356741 0.035036 -0.259160 -0.107609 -0.350856 -0.208396 -0.364972 -0.003600 -0.097147 -0.314015 -0.195500
-0.033444 0.168355 0.369843 1.000000 0.239538 0.430972 0.402552 0.633708 0.048507 0.345482 -0.183203 0.076991 -0.199783 -0.126329 -0.197919 0.121744 -0.241744 -0.152658 0.385560 0.142507 -0.089968 -0.104145 0.122589 0.038683 -0.032367 0.131718 0.080430 0.206013 -0.278723 -0.172151 -0.146951 0.054776 0.129403 0.060596 -0.135588 0.034533 -0.060936 -0.255821 -0.268020 -0.119009 -0.222402 -0.171555 -0.080965 -0.011703 -0.145757 -0.116384 -0.107235 -0.162576 -0.227561 -0.174157 -0.010600 -0.056521 -0.125636 -0.153655 -0.089206 -0.147339 -0.218924 -0.072526 0.065200 -0.014446 0.180817 0.065471 0.087660 -0.037816 0.070800 0.218397 0.214179 0.043753 0.131935 0.034104 -0.069270 -0.166605 -0.235048 -0.108462 -0.244074 0.068997 0.033165 0.034246 -0.119630 -0.189043 -0.200472 -0.139151 0.113181 0.154208 -0.049610 0.085041 0.061015 -0.169630 0.345464 0.092607 0.053680 -0.210169 0.216498 0.131763 -0.090138 -0.090649 -0.252579 -0.117456 -0.155817 -0.256964 0.182890 -0.021657 0.076232 -0.014708 0.109061 -0.255290 -0.118317 -0.205120 -0.175599 -0.298328 -0.316853 -0.243133 0.118521 0.032410 -0.085537 -0.054091
-0.336413 -0.061194 0.440806 0.239538 1.000000 0.608638 0.269385 0.323726 0.457679 0.588098 -0.046986 0.071558 0.100428 0.127771 0.181674 0.404819 -0.507656 -0.548659 -0.013143 -0.070520 -0.014348 -0.147812 0.298785 0.315560 0.617529 0.314454 0.368187 0.296926 -0.292827 -0.196317 0.159118 0.096385 -0.162330 -0.034467 0.122086 0.301542 -0.055404 -0.218370 -0.099160 -0.241092 -0.137015 -0.211026 0.110007 0.028133 0.067100 0.035331 0.047991 -0.036008 0.123435 -0.007826 0.274706 0.182962 0.164607 0.008216 0.191683 0.095621 -0.459666 -0.381120 0.051787 0.076908 0.003832 -0.022208 -0.237893 -0.197075 0.326713 0.054820 0.267227 0.330626 -0.198170 0.148086 -0.134314 -0.198310 -0.396083 -0.060098 -0.335332 -0.047619 -0.300608 -0.102257 -0.273240 -0.374494 -0.306958 -0.421472 -0.119599 -0.045386 -0.007861 -0.008181 -0.004415 -0.205290 0.410423 -0.002055 0.160019 0.088474 -0.064128 0.163692 -0.052467 -0.163517 -0.107816 -0.241527 0.032013 -0.087390 0.090071 0.092342 0.141594 -0.071161 0.144939 -0.217893 -0.065208 -0.125779 -0.012769 -0.217996 -0.231869 -0.204710 0.062959 -0.095386 -0.138857 -0.144767
-0.189629 -0.193118 0.278502 0.430972 0.608638 1.000000 0.196307 0.442785 0.269426 0.650946 -0.185894 0.047876 0.065843 0.094903 0.082776 0.297613 -0.483788 -0.440118 0.050781 -0.056314 -0.139994 -0.170210 0.112680 0.131721 0.371357 0.141642 0.385824 0.347096 -0.334222 -0.166165 0.034130 0.006806 -0.140380 -0.049245 0.114658 0.282564 0.083062 0.003443 0.013108 -0.090178 -0.109255 -0.126949 0.140527 0.085557 0.063668 0.144093 0.121603 0.033755 0.030380 0.055586 0.147904 0.156530 0.080794 -0.025286 0.212416 0.132610 -0.407496 -0.355425 -0.066747 0.050551 -0.071903 -0.114932 -0.211555 -0.257888 0.152131 0.212048 0.214456 0.386758 -0.093024 0.062935 -0.297884 -0.293698 -0.402272 -0.062454 -0.245733 -0.139184 -0.226576 -0.114771 -0.313616 -0.260061 -0.316491 -0.377773 -0.116404 0.103654 0.035375 0.163987 0.039600 -0.193145 0.388219 0.153867 0.050558 -0.165501 -0.015277 0.086318 -0.022823 -0.071985 0.005820 -0.095750 -0.063880 -0.223353 0.116963 -0.017499 0.145677 -0.134920 0.150152 -0.200191 -0.114821 -0.150622 -0.018862 -0.135058 -0.222835 -0.280429 0.026590 -0.062583 -0.047460 -0.021393
0.087653 0.144812 0.596471 0.402552 0.269385 0.196307 1.000000 0.549784 0.250290 0.344163 0.189747 0.219432 0.137494 0.170951 0.114546 0.151379 -0.062403 -0.018946 0.253270 0.143445 -0.073353 -0.078300 0.235391 0.000540 0.076011 -0.138070 0.131618 -0.061215 0.030548 0.004324 0.078575 0.172758 0.241074 0.245778 -0.031958 0.191068 -0.032372 -0.302654 -0.160483 -0.206734 -0.110253 -0.136234 -0.095562 -0.089183 -0.027006 -0.005885 -0.092230 -0.242396 -0.156130 -0.061689 -0.132809 -0.243848 -0.088060 -0.269503 -0.202633 -0.295306 -0.117706 -0.056156 0.052722 -0.221366 0.422917 0.195211 0.070582 0.077357 0.197425 0.114828 0.010428 -0.016882 -0.159674 -0.141461 0.065722 -0.167359 0.073609 0.002247 -0.043008 0.046122 0.143980 0.104171 -0.010313 -0.169244 -0.084625 -0.173419 0.114879 0.037566 -0.018932 -0.034686 0.037995 -0.265592 0.093345 -0.249030 -0.149706 -0.217863 0.056611 -0.103145 -0.199805 -0.328170 -0.391990 -0.418587 -0.288820 -0.339944 -0.167932 -0.090826 -0.174653 -0.213640 -0.198205 -0.388742 -0.005870 -0.242792 -0.271792 -0.481438 -0.361966 -0.336191 -0.131276 -0.156110 -0.298138 -0.216883
-0.162951 0.038209 0.387183 0.633708 0.323726 0.442785 0.549784 1.000000 0.001576 0.562725 -0.049075 0.244456 -0.029239 0.184732 -0.149610 0.335546 -0.142985 -0.221699 -0.041985 -0.222611 -0.020162 -0.063373 -0.064856 0.001816 0.082310 0.133687 0.153607 0.051835 -0.158159 -0.173002 0.086862 0.271390 0.071335 0.203310 0.060674 0.338489 -0.048709 -0.310073 -0.296679 -0.190680 -0.118523 -0.173386 -0.153144 -0.172304 -0.086139 0.043970 -0.131097 -0.238979 -0.220451 -0.178573 -0.136690 -0.201325 -0.138341 -0.334761 -0.216380 -0.220799 -0.262960 -0.172432 -0.012100 0.002192 0.293278 0.339628 0.096319 0.120030 0.261481 0.410137 0.271416 0.336557 -0.176455 0.021677 -0.019436 -0.101627 -0.129471 -0.180392 -0.245533 0.039626 -0.074096 -0.159428 -0.093741 -0.284183 -0.256728 -0.312268 -0.033362 0.063516 -0.128139 0.043124 0.012298 -0.128136 0.234259 -0.034962 -0.047032 -0.276788 0.123903 -0.099056 -0.237740 -0.318074 -0.251374 -0.170269 -0.173167 -0.243733 0.069196 0.004720 0.046317 -0.148233 0.022337 -0.280283 -0.057956 -0.279034 -0.221798 -0.370942 -0.209384 -0.086456 -0.145266 -0.039693 -0.131989 -0.190570
0.035870 -0.197269 0.313473 0.048507 0.457679 0.269426 0.250290 0.001576 1.000000 0.363612 0.149203 0.073355 0.340946 0.186000 0.596831 0.143842 -0.216480 -0.094473 0.363245 0.097065 -0.243353 -0.187315 0.386592 0.038829 0.168120 -0.106410 -0.095660 0.009541 0.021000 0.150441 -0.021805 -0.123645 -0.128149 -0.196865 -0.113133 -0.185154 0.005049 -0.073732 0.047845 -0.269724 -0.204143 -0.204391 0.107651 0.097860 0.038287 -0.089532 0.065993 -0.035933 0.026099 0.135070 0.191327 0.135789 0.139120 0.146476 0.283550 0.011971 -0.241877 -0.316039 0.001386 -0.232140 0.150176 -0.064730 -0.172619 -0.153534 0.355020 0.150775 -0.149233 -0.155768 -0.067166 -0.115717 -0.115271 -0.139275 -0.076201 0.246154 0.020379 -0.063558 0.120008 0.079823 0.025254 0.058535 -0.033943 -0.144888 0.035398 -0.099857 0.386201 0.043189 -0.051779 -0.165365 0.165421 -0.009999 -0.012911 0.071789 -0.085499 0.100235 0.094078 0.069973 0.031058 -0.331485 0.015843 -0.192760 -0.126450 -0.257947 -0.024084 -0.172282 0.119257 -0.147091 -0.271140 0.004621 -0.140319 -0.141582 -0.360572 -0.296291 -0.059810 -0.262011 -0.110783 -0.011510
-0.112567 -0.052567 0.304905 0.345482 0.588098 0.650946 0.344163 0.562725 0.363612 1.000000 0.171104 0.328066 0.217487 0.423008 0.214004 0.524177 -0.284921 -0.385761 0.048525 -0.033657 -0.142017 -0.179919 -0.041880 -0.013868 0.425644 0.157757 0.124334 -0.046606 -0.003159 0.068740 0.219914 0.149344 -0.193852 -0.071509 -0.034824 0.290123 -0.067152 -0.210151 -0.181211 -0.246154 -0.338355 -0.274719 -0.060780 -0.106515 -0.044489 0.056147 -0.015312 -0.215341 -0.056799 -0.074531 -0.045166 -0.000179 0.031843 -0.091088 0.098243 -0.006728 -0.323859 -0.370532 -0.094388 -0.056324 0.079236 0.176203 -0.066953 0.059580 0.204962 0.221148 0.073966 0.167052 -0.256893 0.015300 -0.022700 -0.052000 -0.168028 0.076583 -0.229830 0.066630 -0.150609 -0.008859 -0.274814 -0.182830 -0.146791 -0.320905 -0.119715 0.080396 0.025395 0.038492 0.047123 -0.192011 0.219278 0.029741 -0.017993 -0.159013 -0.015326 0.071025 -0.080587 -0.100723 -0.168986 -0.159205 -0.042242 -0.099709 0.120454 0.023837 0.133434 -0.088489 0.122979 -0.208075 -0.130700 -0.124728 -0.157368 -0.311331 -0.304448 -0.233276 -0.076665 -0.009345 -0.067625 -0.083251
0.287186 0.193759 0.018242 -0.183203 -0.046986 -0.185894 0.189747 -0.049075 0.149203 0.171104 1.000000 0.518691 0.700401 0.622692 0.480159 0.228181 0.407829 0.118593 0.004792 0.005073 -0.020400 0.119070 -0.005261 -0.220458 -0.100433 -0.168312 -0.111241 -0.246677 0.583430 0.357986 0.394093 0.232980 -0.103778 -0.031442 -0.235859 -0.022231 -0.258589 -0.303372 -0.271311 -0.112568 -0.201840 0.027356 -0.137976 -0.140436 -0.062469 -0.067914 -0.238053 -0.378199 0.090972 -0.055261 -0.178953 -0.049919 -0.000778 -0.145970 -0.187599 -0.158620 0.190706 0.085245 -0.115639 -0.115268 0.015565 0.158612 0.187684 0.376861 0.066172 -0.028076 -0.320143 -0.305309 -0.297285 -0.368503 0.307930 0.220012 0.453083 0.307117 0.154520 0.326507 0.185599 0.057005 0.092736 0.232412 0.365320 0.010614 0.086228 -0.079970 0.050742 -0.119277 0.188972 0.335967 -0.161663 -0.031988 -0.283434 -0.202787 -0.290082 -0.231871 -0.205923 -0.035523 -0.319338 -0.276132 -0.174618 0.093750 -0.113834 -0.014705 -0.068509 -0.165348 -0.355329 -0.255528 0.111855 -0.094716 -0.316940 -0.257432 -0.302221 -0.225075 0.054270 0.056744 -0.270732 -0.332179
0.047553 0.187111 -0.110874 0.076991 0.071558 0.047876 0.219432 0.244456 0.073355 0.328066 0.518691 1.000000 0.335737 0.545301 0.362741 0.389031 0.188489 0.044533 -0.133703 -0.084213 -0.161826 -0.083525 0.033002 -0.078359 0.076725 -0.020471 0.041512 -0.266765 0.422384 0.295487 0.486677 0.516008 -0.024228 0.144075 -0.029450 0.037863 -0.024926 -0.119740 -0.240095 -0.176658 -0.208606 -0.049980 -0.109524 -0.185586 0.005404 0.007314 -0.111202 -0.349556 -0.011594 -0.145231 -0.225521 -0.131771 -0.085234 -0.086655 -0.001187 0.035896 -0.074316 -0.145529 -0.264150 -0.215648 -0.006026 0.215096 0.172371 0.267305 0.123563 -0.003354 -0.271328 -0.107904 -0.323826 -0.346719 0.067863 0.052262 0.257876 0.109196 0.037064 0.109351 0.080154 -0.029599 0.086889 0.137640 0.113940 -0.145122 0.161704 0.301957 0.121324 0.309174 0.110633 0.203207 -0.072525 0.002009 -0.246011 -0.259418 -0.069351 -0.214784 -0.237976 0.025841 -0.242866 -0.082107 -0.171689 -0.109953 -0.075815 -0.074001 -0.045418 -0.162943 -0.165745 -0.259085 -0.124322 -0.175702 -0.392116 -0.147896 -0.212653 -0.234850 0.000137 0.079776 -0.151571 -0.207673
0.202776 -0.051810 0.072799 -0.199783 0.100428 0.065843 0.137494 -0.029239 0.340946 0.217487 0.700401 0.335737 1.000000 0.728274 0.476611 0.202166 0.152817 0.104036 0.010606 -0.104588 -0.252196 -0.035003 0.142852 -0.281008 -0.041435 -0.148274 -0.063184 -0.173644 0.355094 0.343915 0.222803 0.006292 -0.208896 -0.062330 -0.044863 0.083316 -0.241500 -0.123923 -0.013998 -0.087260 -0.119252 -0.082686 0.009159 -0.047783 -0.015831 -0.005663 -0.108498 -0.254829 -0.001944 0.001968 -0.021438 0.000615 0.131818 0.019092 0.120339 -0.071799 0.045358 -0.115901 -0.180227 -0.164555 0.067620 0.087279 -0.003415 0.170019 0.116033 0.269256 -0.319497 -0.189336 -0.255153 -0.393779 0.039046 0.034451 0.241533 0.316348 0.066440 0.090860 0.145318 0.067447 0.131756 0.267709 0.305665 -0.077322 -0.082724 -0.230845 0.153817 -0.127054 0.084571 0.107651 -0.058235 0.019692 -0.267914 -0.171976 -0.289818 -0.178393 -0.002862 0.005941 0.053048 -0.257598 -0.073451 -0.040493 -0.060220 -0.160833 -0.003599 -0.212546 -0.164739 -0.216258 0.049629 -0.008680 -0.212350 -0.082217 -0.171438 -0.225543 0.041693 -0.059853 -0.282410 -0.225783
0.121441 0.072544 -0.013462 -0.126329 0.127771 0.094903 0.170951 0.184732 0.186000 0.423008 0.622692 0.545301 0.728274 1.000000 0.360320 0.463806 0.254786 0.090211 -0.099531 -0.142756 -0.112289 0.078372 -0.067954 -0.350612 0.030012 -0.089213 0.009780 -0.285807 0.449655 0.451403 0.394057 0.177046 -0.251275 -0.043413 -0.049382 0.272758 -0.228795 -0.158876 -0.156672 -0.122043 -0.133837 -0.030381 -0.220133 -0.257908 -0.064780 0.037466 -0.223174 -0.395640 -0.107251 -0.099626 -0.195611 -0.163327 0.023080 -0.076495 -0.010789 -0.105018 0.070735 -0.068597 -0.221939 -0.117367 0.033732 0.273592 0.135046 0.352276 0.066108 0.272023 -0.205809 -0.103861 -0.231477 -0.303069 0.177616 0.247515 0.326769 0.329796 0.083303 0.277184 0.156058 0.094544 0.193321 0.265342 0.267248 -0.004384 -0.070490 -0.122290 0.017358 -0.140778 -0.021722 0.042216 -0.058631 -0.055347 -0.259880 -0.260171 -0.260882 -0.272104 -0.044873 0.034885 -0.083704 -0.110035 -0.099503 0.017614 -0.019728 -0.197964 0.001893 -0.283501 -0.169202 -0.271071 -0.111576 -0.198630 -0.283450 -0.140759 -0.188755 -0.142073 -0.063584 -0.007091 -0.156754 -0.247083
0.101127 0.011177 -0.030766 -0.197919 0.181674 0.082776 0.114546 -0.149610 0.596831 0.214004 0.480159 0.362741 0.476611 0.360320 1.000000 0.238312 -0.009222 -0.076056 0.142056 0.126731 -0.171014 -0.102255 0.254043 0.070668 0.057810 -0.231250 -0.089634 -0.101139 0.333632 0.264185 0.212820 0.048158 -0.128000 -0.144835 -0.060107 -0.160274 0.059876 -0.052115 0.125382 -0.155722 -0.112819 -0.034086 0.108684 -0.026919 0.003652 -0.138509 0.039084 -0.124800 0.115029 0.039206 0.066227 0.096162 0.159496 0.098073 0.171014 -0.003274 -0.114880 -0.184288 -0.161566 -0.265833 -0.146534 -0.112897 -0.156448 -0.069097 0.257942 -0.084681 -0.310273 -0.221799 -0.175418 -0.160770 0.101361 -0.086266 0.088774 0.328104 0.230042 0.003685 0.092817 0.024142 0.034569 0.107670 0.230479 -0.198264 0.287221 0.044647 0.412120 0.130429 0.133229 0.092119 -0.073899 -0.060124 -0.134696 -0.022992 -0.240470 -0.057721 -0.047474 -0.065155 -0.030994 -0.287755 -0.021199 -0.077368 -0.176857 -0.078050 0.037757 -0.110452 -0.177156 -0.201412 -0.043301 -0.019742 -0.230793 -0.136003 -0.291971 -0.146712 0.040440 -0.065176 -0.102943 -0.109551
-0.150004 -0.069181 0.150485 0.121744 0.404819 0.297613 0.151379 0.335546 0.143842 0.524177 0.228181 0.389031 0.202166 0.463806 0.238312 1.000000 0.051040 -0.312498 -0.224309 -0.204676 0.122360 0.163922 -0.084232 -0.058236 0.316683 0.200797 0.231455 0.053315 0.177138 0.164898 0.397331 0.261768 -0.186110 0.006736 0.113848 0.365866 -0.044890 -0.200076 -0.183984 -0.036548 -0.010956 0.003027 -0.017682 -0.124801 0.072707 0.100421 -0.038249 -0.194487 -0.047544 -0.017597 -0.080262 -0.082928 -0.008853 -0.163567 -0.126045 0.006722 -0.088746 -0.205628 -0.204322 -0.020775 -0.071019 0.014744 0.102539 0.111945 0.169540 0.038241 0.095129 0.199924 -0.292813 0.043403 0.196184 0.084347 0.104684 0.079386 -0.018069 0.248112 -0.170852 -0.133499 -0.137829 -0.148301 0.098429 -0.224198 -0.013664 0.076755 -0.137120 0.006701 -0.087165 0.123194 0.038460 -0.139406 -0.143515 -0.261553 -0.037386 -0.154084 -0.137372 -0.135748 -0.087993 0.003187 -0.118017 -0.025937 -0.117572 0.006918 -0.017538 -0.173748 -0.094479 -0.244079 0.048208 -0.189649 -0.238877 -0.067400 -0.034251 -0.041314 -0.064636 0.023845 -0.162865 -0.260719
0.171390 0.181711 -0.311589 -0.241744 -0.507656 -0.483788 -0.062403 -0.142985 -0.216480 -0.284921 0.407829 0.188489 0.152817 0.254786 -0.009222 0.051040 1.000000 0.596880 -0.187418 -0.044339 0.085780 0.292989 -0.220374 -0.436001 -0.373772 -0.197965 -0.228609 -0.362586 0.768688 0.549514 0.312673 0.235663 0.138561 0.191777 -0.096994 -0.054175 -0.180816 -0.134230 -0.227687 0.046859 0.032320 0.125375 -0.357920 -0.308093 -0.066898 -0.028574 -0.407753 -0.371283 -0.217697 -0.159993 -0.414923 -0.360949 -0.287014 -0.174370 -0.422842 -0.339841 0.473412 0.456225 -0.175552 -0.062396 0.147429 0.187798 0.566235 0.568751 0.007882 -0.141344 -0.227454 -0.235641 0.031541 -0.221670 0.376807 0.296424 0.763204 0.334070 0.476172 0.393485 0.457540 0.169766 0.428149 0.481421 0.595151 0.489423 0.040685 0.047737 -0.021713 -0.135017 0.076971 0.318912 -0.369132 -0.188128 -0.379805 -0.298835 -0.130752 -0.348320 -0.201813 0.052158 -0.296567 -0.055169 -0.271896 -0.044912 -0.195043 -0.168514 -0.216480 -0.184187 -0.316269 -0.044356 0.199027 0.056305 -0.198165 0.062709 0.021187 0.048513 -0.220125 -0.000340 -0.094725 -0.150739
0.302645 0.194833 -0.239003 -0.152658 -0.548659 -0.440118 -0.018946 -0.221699 -0.094473 -0.385761 0.118593 0.044533 0.104036 0.090211 -0.076056 -0.312498 0.596880 1.000000 0.066855 0.101007 -0.050353 0.136350 -0.023802 -0.548504 -0.474648 -0.247174 -0.262800 -0.367252 0.440035 0.493428 -0.046440 -0.096310 0.047325 0.046089 -0.158919 -0.246060 0.091214 0.049895 0.054289 0.033503 0.114364 0.105132 -0.295467 -0.211251 -0.168506 -0.144468 -0.287058 -0.325942 -0.201345 -0.091119 -0.206606 -0.223854 -0.170610 -0.097521 -0.073680 -0.236477 0.402063 0.518214 -0.099896 -0.185499 0.126778 0.172324 0.256589 0.383069 -0.103926 0.095583 -0.341153 -0.437816 0.252766 -0.303568 0.224266 0.209547 0.548608 0.391822 0.389093 0.223870 0.596053 0.335604 0.416275 0.705761 0.461581 0.682494 0.023326 -0.059119 0.144115 -0.153626 -0.012389 0.036878 -0.283288 -0.138203 -0.201948 -0.245722 -0.000081 -0.138231 -0.035044 0.082561 -0.032341 -0.105246 -0.207144 -0.167566 -0.017526 -0.264729 -0.176216 -0.122889 -0.181626 -0.036448 0.075219 0.044162 -0.118821 0.117347 -0.032537 -0.083799 -0.160759 -0.125975 -0.112323 -0.101877
0.407309 0.094685 0.350092 0.385560 -0.013143 0.050781 0.253270 -0.041985 0.363245 0.048525 0.004792 -0.133703 0.010606 -0.099531 0.142056 -0.224309 -0.187418 0.066855 1.000000 0.611226 -0.113251 -0.041662 0.137619 -0.069902 -0.221057 -0.229160 -0.169895 0.036792 -0.065110 0.048600 -0.300850 -0.283442 0.046031 -0.209807 -0.319173 -0.304055 -0.076935 -0.099109 -0.017862 -0.005653 -0.207451 -0.051721 0.002424 0.134851 -0.128016 -0.191025 -0.012777 -0.083181 -0.066557 -0.001423 0.068102 0.088593 0.031668 0.075424 0.054748 -0.111757 0.075391 0.016262 0.185977 -0.211650 0.084534 -0.124873 -0.180510 -0.232334 -0.090105 0.082625 -0.055226 -0.411482 0.348715 -0.048625 0.009384 -0.014556 -0.005343 0.198971 0.003166 0.195629 0.273024 0.142833 -0.069702 0.022792 -0.101040 0.016362 0.228227 -0.112859 0.137184 -0.072490 -0.009591 -0.264041 0.169847 0.070396 0.000709 0.007974 -0.025407 0.117559 0.112252 0.103573 -0.079989 -0.172675 0.000862 -0.102079 0.054153 -0.185279 0.048123 -0.052881 -0.023033 -0.152382 -0.207865 -0.157703 -0.091827 -0.134842 -0.433972 -0.228717 0.158321 0.012359 -0.059411 0.058289
0.414529 0.377470 0.036773 0.142507 -0.070520 -0.056314 0.143445 -0.222611 0.097065 -0.033657 0.005073 -0.084213 -0.104588 -0.142756 0.126731 -0.204676 -0.044339 0.101007 0.611226 1.000000 -0.022684 -0.047040 -0.042836 0.067535 -0.134707 -0.318221 -0.200618 -0.076623 0.069633 0.082216 -0.142302 -0.236567 0.189391 -0.097205 -0.335007 -0.280570 0.054367 -0.125723 0.042351 -0.013180 -0.063305 0.164746 -0.257516 -0.181740 -0.314608 -0.359361 -0.187135 -0.198861 -0.201327 -0.248816 -0.185726 -0.117201 -0.187071 -0.047026 0.042934 -0.219754 0.233891 0.263748 0.051039 -0.189002 0.002592 -0.061267 -0.054713 -0.191988 -0.295234 -0.281338 -0.199481 -0.379969 0.452747 0.245220 0.122682 -0.012330 0.038021 0.198121 0.162485 0.205079 0.255713 0.313984 -0.013612 0.096931 0.006800 0.151940 0.314567 0.144072 0.152856 0.051391 0.066810 -0.189040 0.141025 0.029555 0.043470 0.095352 -0.010892 0.105637 0.249762 0.184133 -0.177947 -0.101954 -0.083117 0.016229 0.253608 -0.084072 0.120435 0.085262 0.069887 0.031446 -0.105619 -0.070609 0.151444 -0.202157 -0.246667 -0.108936 0.115220 0.136656 0.141850 0.181816
-0.143007 0.019249 0.053745 -0.089968 -0.014348 -0.139994 -0.073353 -0.020162 -0.243353 -0.142017 -0.020400 -0.161826 -0.252196 -0.112289 -0.171014 0.122360 0.085780 -0.050353 -0.113251 -0.022684 1.000000 0.648204 -0.161639 0.028520 0.066808 0.240953 0.305796 0.173744 0.040098 -0.080794 0.304886 0.131095 -0.167037 -0.110254 -0.069086 0.101450 0.079391 -0.113936 -0.019217 0.336100 0.320322 0.425794 -0.142513 -0.185098 -0.104791 -0.020036 -0.158273 -0.227611 -0.078362 -0.082604 -0.000909 -0.151158 -0.036631 -0.275436 -0.435921 -0.180107 0.099627 0.178118 0.116902 0.075754 -0.035731 -0.081551 0.021360 0.043129 -0.042831 -0.109894 0.255336 0.173288 0.118319 0.215740 0.620306 0.433572 0.227966 0.095140 0.208190 0.391647 -0.124745 -0.193078 -0.030566 -0.187013 -0.062633 0.049060 0.098385 0.050004 -0.246052 -0.049357 -0.036003 0.151590 -0.071705 -0.137245 0.033145 -0.125921 0.041146 -0.157410 -0.129696 -0.184747 -0.148058 0.126714 -0.233648 0.171119 -0.019793 0.097960 -0.008396 -0.017977 -0.274080 -0.066179 0.222652 -0.208247 0.039036 -0.107724 0.090681 0.144444 -0.037476 0.053951 -0.125527 -0.331394
-0.008963 -0.082536 -0.026120 -0.104145 -0.147812 -0.170210 -0.078300 -0.063373 -0.187315 -0.179919 0.119070 -0.083525 -0.035003 0.078372 -0.102255 0.163922 0.292989 0.136350 -0.041662 -0.047040 0.648204 1.000000 -0.119752 -0.225505 -0.081136 0.122227 0.266660 0.076804 0.226085 0.073307 0.308229 0.153217 -0.077967 0.016711 -0.108420 0.127129 0.038146 -0.139069 0.025177 0.510267 0.455646 0.508135 -0.210338 -0.136958 -0.094087 0.057897 -0.296559 -0.305045 -0.194409 -0.111434 -0.145804 -0.335271 -0.214754 -0.316263 -0.484579 -0.100595 0.243992 0.258176 -0.076167 -0.133370 -0.071677 -0.201264 0.072415 0.087397 0.011861 0.006791 0.111579 0.115781 0.118145 0.110679 0.543266 0.591859 0.430872 0.207034 0.354472 0.568273 0.100565 -0.083654 0.249581 0.076120 0.117812 0.247877 0.172062 0.013542 -0.207822 -0.079814 -0.083457 0.231312 -0.200229 -0.241388 -0.285158 -0.264078 -0.125201 -0.334496 -0.182869 -0.145567 -0.063000 0.057061 -0.323137 0.114809 -0.205581 -0.200732 -0.243339 -0.342388 -0.469048 -0.144864 0.070201 -0.411449 -0.122795 -0.095419 0.075228 0.097450 -0.059967 0.027053 -0.144938 -0.423786
-0.049773 -0.114971 0.357591 0.122589 0.298785 0.112680 0.235391 -0.064856 0.386592 -0.041880 -0.005261 0.033002 0.142852 -0.067954 0.254043 -0.084232 -0.220374 -0.023802 0.137619 -0.042836 -0.161639 -0.119752 1.000000 0.380366 0.335965 0.361404 0.293393 0.287204 -0.113609 -0.081448 0.013569 0.084919 -0.082798 0.034507 0.199844 0.027178 0.029020 0.038218 0.124326 -0.041209 0.037658 -0.117403 0.094266 0.105759 0.012175 -0.049430 0.026628 0.000276 0.076879 -0.010256 0.269031 0.122502 0.089319 0.096000 0.268041 0.144069 -0.244725 -0.251127 0.021315 -0.246809 -0.051617 -0.256356 -0.377647 -0.345777 0.265563 0.088899 -0.146205 -0.090303 -0.062575 -0.143528 -0.117417 -0.207571 -0.122003 -0.019799 -0.078649 -0.108298 0.027755 -0.036707 -0.039054 0.002440 -0.004972 -0.166508 0.185247 0.009754 0.292159 0.035039 0.244081 0.092450 0.165716 0.087249 -0.128832 0.092126 -0.037773 0.194500 0.032021 -0.019703 0.035211 -0.158824 -0.150747 -0.211162 -0.194408 -0.027705 -0.175865 -0.021866 -0.100822 -0.233998 -0.059250 0.018456 -0.118812 -0.085593 -0.153111 -0.332160 0.020142 -0.093180 -0.115733 -0.086244
-0.305664 -0.099580 0.094356 0.038683 0.315560 0.131721 0.000540 0.001816 0.038829 -0.013868 -0.220458 -0.078359 -0.281008 -0.350612 0.070668 -0.058236 -0.436001 -0.548504 -0.069902 0.067535 0.028520 -0.225505 0.380366 1.000000 0.318248 0.367754 0.188539 0.408672 -0.358540 -0.361362 -0.010323 0.165899 0.033996 0.168824 0.200067 0.050067 -0.098429 0.047600 0.007137 0.016124 -0.059466 -0.021272 0.099121 -0.015882 0.000257 -0.086227 0.129729 0.192929 0.103032 -0.084842 0.243158 0.172095 0.134168 0.195361 0.107209 0.050920 -0.379968 -0.373479 0.060603 -0.093459 -0.081371 -0.248763 -0.362684 -0.482957 0.296446 -0.135631 0.024214 0.201804 -0.125380 0.279027 -0.196476 -0.268666 -0.475407 -0.419363 -0.342684 -0.232653 -0.470763 -0.228350 -0.284888 -0.421193 -0.330292 -0.412425 0.211117 0.175037 0.009598 0.135109 0.096935 0.060888 0.238534 0.123856 0.240080 0.398420 0.110999 0.318281 0.182464 0.042770 0.009833 0.050072 -0.027867 -0.138891 0.157982 0.340674 0.125549 0.209895 0.191755 0.188916 0.015159 0.091361 0.282595 0.043969 0.046607 0.002962 0.107301 0.073871 0.267372 0.271728
-0.394893 -0.130459 0.278356 -0.032367 0.617529 0.371357 0.076011 0.082310 0.168120 0.425644 -0.100433 0.076725 -0.041435 0.030012 0.057810 0.316683 -0.373772 -0.474648 -0.221057 -0.134707 0.066808 -0.081136 0.335965 0.318248 1.000000 0.574418 0.388363 0.129566 -0.211568 -0.143596 0.400299 0.264837 -0.138026 0.118659 0.245352 0.408527 0.029480 0.016227 0.105382 -0.079882 -0.063833 -0.061824 0.082835 0.021825 0.042653 0.091791 -0.015593 0.000832 0.018120 -0.077777 0.138527 0.029879 0.023352 -0.056669 0.126257 0.199646 -0.284578 -0.315364 -0.131218 0.002162 -0.160372 -0.203595 -0.193304 -0.145724 0.189072 -0.106636 0.143527 0.370131 -0.238065 0.172428 -0.047630 -0.041818 -0.315126 -0.111335 -0.273078 -0.094044 -0.443879 -0.118696 -0.433522 -0.329552 -0.120933 -0.313101 -0.183529 0.039518 -0.048562 0.028443 -0.062431 -0.109386 0.107455 -0.059319 0.051387 0.113833 0.118532 0.234252 -0.016679 -0.154871 0.038625 0.080771 -0.028140 0.069776 -0.061788 0.248429 0.107392 0.187921 0.070470 -0.072259 0.064037 -0.049356 -0.001677 -0.159681 0.120738 -0.085120 -0.022831 0.122068 -0.042145 -0.039486
-0.346831 -0.206452 0.192123 0.131718 0.314454 0.141642 -0.138070 0.133687 -0.106410 0.157757 -0.168312 -0.020471 -0.148274 -0.089213 -0.231250 0.200797 -0.197965 -0.247174 -0.229160 -0.318221 0.240953 0.122227 0.361404 0.367754 0.574418 1.000000 0.263661 0.225176 -0.191431 -0.217308 0.307276 0.390410 -0.303255 0.119241 0.372880 0.378270 -0.001031 -0.061453 -0.075089 -0.017425 -0.022070 -0.160721 0.037929 -0.026459 -0.008773 0.107820 -0.092114 -0.070783 0.005093 -0.168257 0.165652 0.064349 -0.023990 -0.059518 0.019983 0.103105 -0.192261 -0.296114 0.010696 -0.020413 -0.090809 -0.206207 -0.206621 -0.130329 0.253773 0.178756 0.146128 0.332410 -0.098479 0.077304 0.057762 0.098115 -0.231527 -0.218638 -0.304867 -0.007185 -0.387185 -0.230487 -0.261756 -0.231894 -0.070987 -0.179096 -0.174341 -0.071147 -0.103868 -0.063249 -0.041100 0.115244 0.039736 0.034160 0.072457 0.078688 0.152954 0.245027 -0.116136 -0.070963 0.055166 0.123766 -0.099601 0.001817 0.100339 0.284321 0.053781 0.173717 0.012937 -0.035493 0.127128 -0.074421 0.052983 -0.003618 0.157765 -0.059318 0.017917 0.187937 0.051556 -0.077978
-0.174724 -0.169650 0.210854 0.080430 0.368187 0.385824 0.131618 0.153607 -0.095660 0.124334 -0.111241 0.041512 -0.063184 0.009780 -0.089634 0.231455 -0.228609 -0.262800 -0.169895 -0.200618 0.305796 0.266660 0.293393 0.188539 0.388363 0.263661 1.000000 0.366857 -0.177447 -0.196992 0.183498 0.156146 -0.007258 0.109770 0.150283 0.350382 0.169586 0.062109 0.217838 0.313260 0.331650 0.266965 0.021431 -0.002691 0.063246 0.130786 -0.009376 -0.012218 -0.035357 0.005401 0.109661 -0.036814 0.139688 -0.079007 0.030476 0.179803 -0.230619 -0.137579 0.017654 0.010176 -0.097845 -0.151841 -0.263260 -0.218409 -0.043003 0.072843 0.239573 0.323841 -0.121444 0.106090 -0.023198 -0.056250 -0.028015 -0.187180 -0.082146 0.090548 -0.216322 -0.288275 -0.035973 -0.178340 -0.176642 -0.161133 0.083236 0.200935 -0.060915 0.067273 0.106994 0.097328 0.168401 0.078241 -0.174419 -0.160140 -0.017798 -0.058653 0.016437 -0.173154 -0.015652 -0.002276 -0.289356 -0.088858 -0.247975 -0.105961 -0.258111 -0.307459 -0.179758 -0.262682 0.005365 -0.266628 -0.141158 -0.095025 -0.031636 -0.178805 0.082311 -0.110142 -0.288049 -0.331383
-0.122425 -0.131574 0.299943 0.206013 0.296926 0.347096 -0.061215 0.051835 0.009541 -0.046606 -0.246677 -0.266765 -0.173644 -0.285807 -0.101139 0.053315 -0.362586 -0.367252 0.036792 -0.076623 0.173744 0.076804 0.287204 0.408672 0.129566 0.225176 0.366857 1.000000 -0.513478 -0.451703 -0.195248 -0.257974 -0.089519 -0.239135 0.045959 0.020498 -0.067988 -0.036598 0.056922 0.169277 0.087006 0.116370 0.041889 0.022149 -0.118335 -0.119168 -0.025447 0.125888 0.094627 -0.042649 0.329924 0.200734 0.075934 -0.001023 0.044493 0.080740 -0.251632 -0.169911 0.234417 0.190817 -0.125881 -0.212752 -0.262181 -0.386357 0.068612 0.037763 0.256846 0.272401 0.095307 0.284181 -0.080970 -0.175208 -0.422044 -0.227685 -0.177756 -0.027229 -0.246741 -0.163148 -0.266270 -0.350945 -0.256684 -0.288666 0.218224 0.125056 -0.011582 0.162432 0.191350 0.172476 0.377741 0.240623 0.164361 0.060412 0.078870 0.175311 0.128170 0.014267 0.026773 0.127292 -0.064516 -0.051793 -0.039809 0.099074 -0.037058 -0.043162 0.056314 -0.041757 -0.078872 -0.108583 0.225566 -0.030240 0.008359 -0.006995 0.209942 0.070182 0.081860 0.014029
0.214585 0.144516 -0.241083 -0.278723 -0.292827 -0.334222 0.030548 -0.158159 0.021000 -0.003159 0.583430 0.422384 0.355094 0.449655 0.333632 0.177138 0.768688 0.440035 -0.065110 0.069633 0.040098 0.226085 -0.113609 -0.358540 -0.211568 -0.191431 -0.177447 -0.513478 1.000000 0.682517 0.456618 0.311760 0.010970 0.112100 -0.033537 -0.077588 -0.087793 -0.180947 -0.168133 -0.018861 0.004420 0.050540 -0.230258 -0.254990 0.031701 0.010497 -0.277973 -0.399841 -0.094099 -0.109837 -0.314311 -0.241968 -0.101871 -0.111387 -0.244558 -0.245025 0.367596 0.233446 -0.207735 -0.227631 0.048148 0.135089 0.368431 0.461465 0.097724 -0.109144 -0.356329 -0.313247 -0.081415 -0.309561 0.446002 0.332476 0.823847 0.462852 0.499404 0.388603 0.439831 0.245495 0.451959 0.520707 0.610858 0.333830 0.092215 0.041868 0.074047 -0.109165 0.040394 0.198634 -0.382274 -0.228943 -0.413737 -0.317561 -0.294656 -0.443167 -0.243856 0.015609 -0.270665 -0.185797 -0.282362 -0.055599 -0.208950 -0.236676 -0.214058 -0.296084 -0.397872 -0.209905 0.116777 -0.099855 -0.319707 -0.034933 -0.172380 -0.176916 -0.230334 -0.070991 -0.239964 -0.293002
0.158432 0.115368 -0.280306 -0.172151 -0.196317 -0.166165 0.004324 -0.173002 0.150441 0.068740 0.357986 0.295487 0.343915 0.451403 0.264185 0.164898 0.549514 0.493428 0.048600 0.082216 -0.080794 0.073307 -0.081448 -0.361362 -0.143596 -0.217308 -0.196992 -0.451703 0.682517 1.000000 0.275676 0.138386 -0.033136 0.132063 -0.093841 -0.006460 -0.162383 0.047628 -0.166759 -0.095916 -0.155539 -0.027864 -0.205746 -0.217587 0.042348 0.031442 -0.198062 -0.353123 -0.220833 0.000257 -0.301965 -0.204874 -0.095727 -0.005462 -0.150231 -0.313236 0.283674 0.228778 -0.319588 -0.166026 -0.009966 0.074596 0.357176 0.436787 0.130710 -0.077702 -0.359412 -0.314636 -0.044719 -0.379599 0.232565 0.157172 0.570012 0.673062 0.328898 0.333224 0.503286 0.448791 0.233558 0.566899 0.571344 0.473870 -0.040701 0.030847 0.021522 -0.118409 -0.131826 -0.052444 -0.362158 -0.273559 -0.308974 -0.346365 -0.186621 -0.250403 -0.051373 0.161253 -0.196575 -0.167213 -0.252953 -0.194249 -0.001078 -0.176511 0.000278 -0.115799 -0.147411 -0.056919 0.040387 0.070976 -0.234642 0.186166 -0.111768 -0.087116 -0.222308 -0.065603 -0.121618 -0.090984
-0.118480 -0.038377 -0.073579 -0.146951 0.159118 0.034130 0.078575 0.086862 -0.021805 0.219914 0.394093 0.486677 0.222803 0.394057 0.212820 0.397331 0.312673 -0.046440 -0.300850 -0.142302 0.304886 0.308229 0.013569 -0.010323 0.400299 0.307276 0.183498 -0.195248 0.456618 0.275676 1.000000 0.757196 0.030851 0.339984 0.085736 0.358381 -0.044170 -0.164069 -0.036975 -0.012546 0.023032 0.185570 -0.138801 -0.248497 0.039387 0.134465 -0.287203 -0.396902 -0.221841 -0.223627 -0.265966 -0.339375 -0.241123 -0.298204 -0.229810 -0.080544 0.120714 -0.027555 -0.455640 -0.254383 -0.081417 -0.091199 0.242026 0.228369 0.284177 -0.143156 -0.147883 0.198401 -0.272941 -0.179467 0.351722 0.319737 0.378137 0.162674 0.251520 0.268148 -0.014893 -0.033957 0.035448 -0.013288 0.231258 -0.020828 -0.104809 0.187462 -0.046717 0.087687 -0.046437 0.167558 -0.216952 -0.263945 -0.251525 -0.256788 0.029524 -0.239495 -0.287166 -0.178554 -0.199057 -0.032691 -0.328348 -0.022804 -0.109256 0.013964 -0.030015 -0.115990 -0.301840 -0.219324 0.077982 -0.222782 -0.302372 -0.184411 -0.000363 -0.123920 -0.093715 0.132289 -0.193664 -0.325244
-0.206810 -0.106084 -0.063835 0.054776 0.096385 0.006806 0.172758 0.271390 -0.123645 0.149344 0.232980 0.516008 0.006292 0.177046 0.048158 0.261768 0.235663 -0.096310 -0.283442 -0.236567 0.131095 0.153217 0.084919 0.165899 0.264837 0.390410 0.156146 -0.257974 0.311760 0.138386 0.757196 1.000000 0.102522 0.554179 0.242327 0.412460 -0.052803 -0.125219 -0.141632 -0.016101 -0.027541 0.068889 -0.033941 -0.123438 0.185814 0.273393 -0.124201 -0.234778 -0.136172 -0.126471 -0.246890 -0.255861 -0.196489 -0.189097 -0.260547 -0.026257 -0.062655 -0.187323 -0.369121 -0.281008 -0.003010 -0.070670 0.196654 0.157607 0.348295 -0.074132 -0.134259 0.239668 -0.374221 -0.308349 0.143807 0.133987 0.252957 -0.079129 0.066459 0.124951 -0.063717 -0.187895 0.014134 -0.146405 0.044937 -0.100620 -0.021968 0.255364 -0.031887 0.142131 0.009403 0.209674 -0.238704 -0.237505 -0.261093 -0.148024 0.073765 -0.213150 -0.276021 -0.136975 -0.194067 -0.042243 -0.277977 -0.130048 -0.097328 0.061394 -0.091671 -0.079417 -0.297219 -0.205998 0.036525 -0.197459 -0.345035 -0.101281 0.023940 -0.079052 -0.066318 0.101333 -0.144811 -0.224867
0.096609 0.228421 0.012686 0.129403 -0.162330 -0.140380 0.241074 0.071335 -0.128149 -0.193852 -0.103778 -0.024228 -0.208896 -0.251275 -0.128000 -0.186110 0.138561 0.047325 0.046031 0.189391 -0.167037 -0.077967 -0.082798 0.033996 -0.138026 -0.303255 -0.007258 -0.089519 0.010970 -0.033136 0.030851 0.102522 1.000000 0.598852 -0.065389 -0.134402 0.016572 -0.090987 0.059791 -0.031956 -0.053303 0.068046 -0.023654 0.073649 -0.039696 -0.055702 -0.059818 0.068782 -0.236612 -0.045474 -0.259787 -0.201934 -0.273562 -0.061581 -0.118243 -0.120040 0.210965 0.278986 -0.015367 0.033763 0.215078 0.138815 0.259068 0.102406 -0.143002 -0.294955 0.109672 0.035296 0.101669 0.046804 -0.151216 -0.232332 0.051954 -0.135406 0.032123 -0.116678 0.185379 0.132320 0.091086 -0.081071 0.053997 0.082419 0.032385 0.118324 -0.056531 0.074398 -0.011689 -0.077727 -0.138846 -0.251763 -0.100261 -0.089060 -0.003462 -0.199080 0.009895 -0.092792 -0.201023 -0.212118 -0.184894 -0.229404 -0.160123 -0.144019 -0.201019 -0.166316 -0.048571 -0.004344 -0.043268 -0.036127 -0.137649 -0.153790 -0.071431 -0.183062 0.034810 -0.097272 -0.079751 0.002154
-0.214225 -0.115797 -0.070127 0.060596 -0.034467 -0.049245 0.245778 0.203310 -0.196865 -0.071509 -0.031442 0.144075 -0.062330 -0.043413 -0.144835 0.006736 0.191777 0.046089 -0.209807 -0.097205 -0.110254 0.016711 0.034507 0.168824 0.118659 0.119241 0.109770 -0.239135 0.112100 0.132063 0.339984 0.554179 0.598852 1.000000 0.296555 0.369035 0.058372 0.051484 0.089859 0.034289 0.024717 0.103610 -0.039204 -0.050571 0.074152 0.186926 -0.127664 -0.064173 -0.366458 -0.150319 -0.376271 -0.373197 -0.261213 -0.094527 -0.166816 -0.103096 0.027420 -0.030067 -0.344098 -0.240027 0.191416 -0.006305 0.153955 0.076048 0.234599 -0.032847 -0.076003 0.282912 -0.233626 -0.217586 -0.145445 -0.117656 0.080137 -0.151927 0.016888 -0.057603 -0.003440 0.004873 0.031741 -0.064486 0.007402 0.051621 -0.067257 0.141561 -0.167652 -0.022622 -0.104061 0.009444 -0.260160 -0.392894 -0.108326 -0.069283 0.165310 -0.118263 -0.060076 -0.131737 -0.093093 -0.099509 -0.307282 -0.312403 -0.121805 -0.005140 -0.134290 -0.051892 -0.115103 0.024520 0.086200 -0.042686 -0.214746 -0.006119 0.173088 -0.110626 -0.051059 -0.008412 -0.020719 -0.001044
-0.225483 -0.330953 0.020454 -0.135588 0.122086 0.114658 -0.031958 0.060674 -0.113133 -0.034824 -0.235859 -0.029450 -0.044863 -0.049382 -0.060107 0.113848 -0.096994 -0.158919 -0.319173 -0.335007 -0.069086 -0.108420 0.199844 0.200067 0.245352 0.372880 0.150283 0.045959 -0.033537 -0.093841 0.085736 0.242327 -0.065389 0.296555 1.000000 0.441104 0.313457 0.150788 0.165006 -0.020869 0.292283 -0.130577 0.218310 0.119238 0.272329 0.345166 0.171805 0.192096 -0.003143 0.027572 -0.038132 0.009089 -0.079882 -0.059444 0.073094 0.143241 -0.126692 -0.273441 -0.107543 -0.075735 -0.085972 -0.127956 -0.244143 -0.178920 0.231428 0.174380 0.137970 0.423953 -0.160896 -0.044478 -0.166185 -0.137127 -0.072599 -0.147726 -0.098021 -0.201228 -0.150787 -0.146954 -0.099780 -0.161376 -0.015981 -0.170089 -0.193411 -0.052657 -0.059701 -0.021077 -0.070858 0.032948 -0.047750 -0.155670 -0.046598 -0.016277 -0.065711 -0.055170 -0.108396 -0.142738 0.221965 0.073323 0.022775 -0.123013 -0.059910 0.102177 0.004625 0.083735 -0.051613 -0.058491 0.148072 -0.039325 -0.001890 0.210173 0.265338 0.035584 -0.134441 0.149817 0.024951 -0.036452
-0.204434 -0.231412 0.130138 0.034533 0.301542 0.282564 0.191068 0.338489 -0.185154 0.290123 -0.022231 0.037863 0.083316 0.272758 -0.160274 0.365866 -0.054175 -0.246060 -0.304055 -0.280570 0.101450 0.127129 0.027178 0.050067 0.408527 0.378270 0.350382 0.020498 -0.077588 -0.006460 0.358381 0.412460 -0.134402 0.369035 0.441104 1.000000 0.000948 -0.097968 0.071170 0.029261 0.130468 0.043404 -0.065255 -0.136115 0.165075 0.418809 -0.176047 -0.138027 -0.181302 -0.026657 -0.211088 -0.217997 -0.050339 -0.185196 -0.133447 -0.048105 -0.051104 -0.184024 -0.183161 -0.006672 0.031983 -0.016599 -0.033062 0.040938 0.259089 0.264724 0.146663 0.512293 -0.328601 -0.086029 -0.060975 -0.005891 -0.050661 -0.053879 -0.093919 0.171717 -0.210114 -0.067913 -0.138634 -0.282429 -0.085734 -0.108716 -0.164670 0.016084 -0.160844 -0.148023 -0.101742 -0.016260 0.060692 -0.201329 -0.120784 -0.113325 -0.010428 -0.115914 -0.074094 -0.155863 -0.027374 -0.054780 -0.080208 0.014016 -0.036348 -0.015601 0.066482 -0.084446 -0.049493 -0.258659 -0.029298 -0.240908 -0.092698 -0.079627 0.138094 0.098552 0.013456 0.165202 -0.062764 -0.204495
