1.000000 0.463284 0.112441 -0.079350 -0.274615 -0.227910 0.209467 0.443989 -0.238614 -0.202103 0.285828 -0.039588 0.198332 -0.347176 -0.184788 -0.240095 -0.075907 -0.136305 0.649699 0.325790 -0.413133 -0.409511 -0.367557 -0.206728 -0.334692 -0.213634 -0.320726 -0.291033 0.005713 -0.453852 -0.323043 -0.016182 0.623702 0.539929 -0.098609 -0.145879 -0.458796 -0.490831 -0.052250 -0.027782 0.120204 -0.332220 -0.292742 -0.098499 -0.575238 -0.559087 -0.407501 -0.246021 -0.551126 -0.455410 -0.393695 -0.563245 -0.379783 -0.320017 -0.349025 -0.357425 0.891663 0.439371 0.522487 0.508205 0.637807 0.528180 -0.109702 0.489547 0.302739 0.474217 0.584900 0.269080 0.067154 0.232691 -0.439886 -0.242927 -0.284888 -0.351387 -0.239664 -0.225885 -0.318617 -0.374645 -0.098922 -0.167277 -0.380597 -0.286868 -0.267592 -0.127276 -0.596936 -0.552809 0.107846 0.049443 -0.193410 -0.391590 -0.388423 -0.390602 -0.342202 -0.275053 -0.107297 -0.130684 -0.269531 -0.368557 -0.277060 -0.336054 -0.091006 -0.202253 0.035895 -0.373803 0.067412 -0.159270 -0.246239 -0.253761 -0.003810 -0.435753 -0.350442 -0.370928 -0.255629 -0.248249 -0.116977 -0.156923
0.463284 1.000000 -0.377591 0.305814 -0.189386 -0.298662 -0.239922 0.446155 -0.139611 -0.307311 0.051084 -0.053995 0.002235 -0.428459 -0.179695 -0.288109 -0.007684 -0.417528 0.287018 0.292288 -0.131868 -0.264883 -0.417245 -0.143165 -0.143189 -0.113988 -0.211151 -0.279036 -0.110496 -0.522819 -0.088964 -0.194839 0.583678 0.470778 -0.530680 -0.260703 -0.287353 -0.354810 -0.105057 -0.183665 -0.052323 -0.167381 -0.161489 -0.079264 -0.443453 -0.517947 -0.221463 -0.274640 -0.388794 -0.386499 -0.022924 -0.534245 0.041325 -0.113151 -0.085817 -0.200022 0.508360 0.874017 0.380627 0.421235 0.398454 0.679495 -0.213368 0.462332 -0.029342 0.632767 0.327032 -0.008784 0.388946 0.313787 -0.276346 -0.306765 -0.328817 -0.352482 -0.410137 -0.185000 -0.385225 -0.299964 -0.212134 -0.317893 -0.194058 -0.552808 -0.176806 -0.203057 -0.266512 -0.508718 -0.081734 0.123231 0.046443 -0.226355 -0.111022 -0.248637 -0.095783 -0.071404 -0.203229 -0.040676 -0.302120 -0.353430 -0.138789 -0.176788 -0.144337 -0.047761 -0.036665 -0.143726 0.011317 -0.006223 -0.115759 -0.128085 0.053205 -0.314342 -0.333293 -0.244400 -0.108106 -0.018290 -0.020550 -0.007987
0.112441 -0.377591 1.000000 0.131598 0.348155 0.615493 0.725012 0.328172 0.270000 0.450111 -0.256941 -0.032002 -0.178600 0.259105 0.275908 0.304337 -0.332386 0.056232 0.266585 0.026883 -0.045645 0.020211 0.626470 0.410284 0.037373 0.036823 0.322744 0.553749 -0.386498 0.071742 -0.184134 -0.049454 -0.273263 -0.185525 0.371735 0.036992 -0.349956 -0.274057 -0.050936 0.199411 0.001106 0.051375 -0.248704 -0.243953 0.201176 0.226862 0.025228 -0.085934 0.337090 0.282348 -0.117879 0.258849 0.052887 0.148978 -0.037909 -0.395674 -0.137618 -0.389877 0.115349 0.217072 -0.122994 -0.336352 0.070120 -0.483098 0.209453 -0.203053 0.129317 0.252841 -0.172348 0.010861 -0.124541 -0.146325 -0.194316 0.035953 0.012227 -0.083060 -0.183830 -0.245268 -0.153284 -0.130343 -0.176572 0.000675 0.390849 0.383381 -0.030817 -0.029004 0.388713 -0.081197 0.107640 0.126788 -0.118264 -0.307365 -0.262450 -0.291518 -0.125344 -0.182617 0.001455 -0.189178 -0.108880 -0.451582 -0.108584 -0.246974 0.038920 -0.327810 0.162986 -0.172738 -0.049939 0.026623 -0.240981 -0.142950 -0.042619 -0.148498 -0.276833 -0.319500 -0.048823 -0.096826
-0.079350 0.305814 0.131598 1.000000 0.179394 0.242501 0.121089 0.573495 0.018372 -0.070832 0.068995 -0.152863 0.018019 -0.025096 0.064301 0.062284 0.154830 -0.396493 0.339083 0.474481 0.048085 0.105751 0.345680 0.585445 -0.057504 -0.092239 0.313963 0.391942 -0.111167 -0.137820 0.226342 -0.017129 0.136656 0.041295 -0.431770 -0.155666 -0.376730 -0.239894 0.007864 0.179481 -0.211233 0.099965 -0.265337 -0.218670 -0.227956 -0.313568 -0.092544 -0.227487 -0.128128 -0.340416 0.022561 -0.327550 0.248632 0.175664 -0.099917 -0.101065 -0.014119 0.220399 0.210215 0.076887 0.221551 0.407381 -0.070921 -0.001357 0.111612 0.287991 -0.311217 -0.148364 -0.200543 -0.018512 0.042994 -0.188151 -0.088785 -0.011593 -0.280781 0.014720 -0.361155 -0.169209 -0.203371 -0.304605 -0.181889 -0.489457 0.219941 0.067486 -0.024073 -0.225595 0.156678 -0.052208 0.209640 0.102492 -0.029690 -0.127907 -0.032509 0.042471 -0.309886 -0.138370 -0.197658 -0.177355 -0.340747 -0.076776 -0.391836 -0.025280 -0.173299 -0.120054 -0.168138 -0.107598 -0.164659 -0.183860 -0.134386 -0.083900 -0.253793 -0.236100 -0.052983 -0.183886 -0.135775 -0.179053
-0.274615 -0.189386 0.348155 0.179394 1.000000 0.649608 0.196792 0.054237 0.739048 0.759765 -0.355437 -0.185068 -0.179513 0.277266 0.852689 0.619805 0.038875 -0.238645 -0.061557 -0.066906 0.632681 0.553091 0.318301 0.111032 0.647697 0.324260 0.828474 0.683916 -0.052211 0.315028 -0.115400 -0.283190 -0.451576 -0.428866 0.264515 0.050972 0.048480 0.136196 0.068802 0.138429 0.281779 0.542829 -0.426607 -0.382410 0.126995 0.167917 -0.023985 -0.322731 0.216905 0.186514 -0.137271 0.180593 0.237609 0.368296 0.280363 -0.386796 -0.429478 -0.245308 0.057932 0.227053 -0.209310 -0.333047 -0.041248 -0.543123 0.064065 -0.197571 -0.078369 -0.059972 0.117670 0.085525 0.156416 -0.118123 -0.003336 0.317630 -0.090766 0.206195 -0.172814 -0.140317 -0.267092 -0.263179 0.193002 -0.045198 0.589499 0.383731 0.458632 0.233540 -0.056543 0.181122 0.367581 0.440713 -0.058561 -0.312169 -0.178918 -0.318252 -0.106508 -0.076797 -0.121541 -0.089675 -0.103800 -0.210565 -0.059417 -0.281739 -0.106454 -0.275501 0.006167 -0.154611 0.137560 0.111219 -0.090063 -0.066367 -0.101166 0.065830 -0.064555 -0.232420 -0.128199 -0.120567
-0.227910 -0.298662 0.615493 0.242501 0.649608 1.000000 0.403115 0.122934 0.544124 0.662074 -0.571347 -0.036551 -0.500423 0.327901 0.480339 0.638593 -0.086127 -0.121010 0.075458 -0.139404 0.454531 0.413770 0.502795 0.404755 0.301341 0.203523 0.715335 0.872977 -0.388709 0.354752 -0.284466 -0.307630 -0.381502 -0.523312 0.220931 -0.255913 -0.134100 -0.054495 0.109406 0.308925 0.034023 0.363580 -0.208349 -0.342864 0.156543 0.174799 0.149253 -0.325898 0.261405 0.160994 0.013470 0.144518 0.428343 0.216254 0.343169 -0.322005 -0.391153 -0.298677 0.071612 0.066593 -0.105401 -0.372253 0.113435 -0.581117 0.154565 -0.330140 -0.039166 -0.226421 0.060545 -0.066584 -0.108579 -0.200529 -0.215040 0.313356 -0.087175 0.115514 -0.273522 -0.200033 -0.068994 -0.267756 0.144991 -0.064651 0.590386 0.328151 0.390434 0.252252 0.327880 0.029165 0.529493 0.487084 0.046605 -0.238725 -0.021264 -0.152324 -0.174583 -0.081527 -0.099677 -0.085705 -0.091751 -0.220568 -0.093966 -0.115400 -0.028728 -0.106083 0.072571 0.018283 0.173879 0.156747 -0.243861 -0.057279 -0.070366 -0.004139 0.010631 -0.173731 0.062512 -0.002284
0.209467 -0.239922 0.725012 0.121089 0.196792 0.403115 1.000000 0.454601 0.025862 0.135611 -0.166136 0.161409 -0.069516 0.260443 0.158311 0.117028 -0.249526 0.239210 0.114117 0.044093 -0.151955 -0.027628 0.580812 0.414127 -0.224154 -0.310633 0.176269 0.357145 -0.193922 0.079172 -0.190269 0.042571 -0.071443 0.068289 0.211370 -0.146962 -0.449726 -0.311367 0.015142 0.190532 -0.002801 -0.106405 -0.158684 -0.080539 0.119450 0.120357 -0.237209 -0.216335 0.094576 0.097222 -0.046739 0.028154 -0.052829 -0.147449 -0.301360 -0.366905 0.029220 -0.210240 0.003146 0.041633 0.101495 -0.085652 0.243995 -0.153030 0.331945 -0.115729 0.055111 0.047199 -0.156452 -0.055419 -0.073796 -0.062770 -0.011706 0.023537 0.099822 -0.078310 -0.037457 -0.034858 0.062017 -0.015827 -0.171219 -0.003772 0.259874 0.192359 -0.186811 -0.212839 0.423899 -0.189484 0.088314 -0.047598 -0.236380 -0.345048 -0.380753 -0.214575 -0.045860 -0.298012 -0.299275 -0.340828 -0.340022 -0.401281 -0.115409 -0.052958 0.018656 -0.342017 0.115019 -0.247916 -0.139580 -0.156019 -0.250502 -0.353741 -0.302462 -0.414241 -0.337960 -0.340584 -0.164869 -0.255068
0.443989 0.446155 0.328172 0.573495 0.054237 0.122934 0.454601 1.000000 -0.021827 -0.038325 0.058225 -0.044885 0.185590 -0.094984 0.010045 -0.023291 -0.021774 -0.322196 0.382499 0.277626 -0.160484 -0.168530 0.189863 0.379363 -0.194608 -0.262490 0.135965 0.154855 -0.165394 -0.275040 -0.133098 -0.092698 0.333144 0.321052 -0.245196 -0.242518 -0.491523 -0.498040 -0.137733 0.000166 -0.101372 -0.182090 -0.303117 -0.176834 -0.306147 -0.441832 -0.430653 -0.249168 -0.208339 -0.335434 -0.090736 -0.394204 -0.146166 -0.222056 -0.396869 -0.409463 0.295823 0.303498 0.191763 0.300717 0.353024 0.535192 -0.118933 0.116735 0.199076 0.519352 0.072361 0.031823 -0.187780 -0.032721 -0.204117 -0.235275 -0.215852 -0.246042 -0.360727 -0.209057 -0.447501 -0.363569 -0.193501 -0.305208 -0.287322 -0.540097 -0.018256 -0.095527 -0.319942 -0.514527 0.248659 -0.191024 -0.095447 -0.330275 -0.202890 -0.312284 -0.357386 -0.179465 -0.295180 -0.259837 -0.255957 -0.464989 -0.368474 -0.442239 -0.274135 -0.141882 -0.024181 -0.363082 -0.004656 -0.225821 -0.200742 -0.155025 -0.151501 -0.376145 -0.367216 -0.403257 -0.421590 -0.267974 -0.120645 -0.267153
-0.238614 -0.139611 0.270000 0.018372 0.739048 0.544124 0.025862 -0.021827 1.000000 0.821438 -0.325851 -0.102842 -0.260022 0.298965 0.772593 0.686602 -0.043373 -0.303072 -0.121064 -0.181069 0.721881 0.330628 0.142147 -0.096867 0.701028 0.323070 0.684453 0.566444 -0.169196 0.342782 -0.150260 -0.349234 -0.274415 -0.291905 0.265545 0.059967 0.098168 0.212185 -0.128282 -0.096869 0.155429 0.580553 -0.206450 -0.184097 0.155337 0.185315 0.075920 -0.151285 0.272617 0.295787 -0.145868 0.239681 0.083109 0.312133 0.269007 -0.311673 -0.378161 -0.256904 0.179135 0.275204 -0.137253 -0.324651 -0.221279 -0.537225 0.029731 -0.144510 0.086594 0.070743 0.152278 0.119523 0.033940 -0.236571 -0.174401 0.255741 -0.303365 -0.037512 -0.153679 -0.209343 -0.222449 -0.276551 0.325860 -0.025782 0.452615 0.316978 0.380041 0.240327 -0.254895 -0.007750 0.163916 0.267317 -0.048318 -0.327338 -0.219354 -0.352369 0.056858 0.076604 -0.023076 -0.099302 -0.017708 -0.244387 -0.129290 -0.361100 -0.057227 -0.299046 0.098354 -0.146485 0.007429 0.173643 0.058838 -0.023371 -0.034971 0.040155 -0.023606 -0.251688 -0.159416 -0.036854
-0.202103 -0.307311 0.450111 -0.070832 0.759765 0.662074 0.135611 -0.038325 0.821438 1.000000 -0.374512 -0.203017 -0.236329 0.304693 0.748475 0.688072 -0.063623 -0.212959 -0.002828 -0.172074 0.569821 0.383730 0.236498 -0.009230 0.670509 0.486194 0.639795 0.612885 -0.184717 0.293821 -0.322119 -0.317802 -0.332124 -0.363461 0.507884 0.169574 0.015809 0.074397 -0.101932 -0.049840 0.158785 0.503721 -0.285357 -0.228707 0.273057 0.308244 0.107913 -0.168911 0.334288 0.372760 -0.086927 0.372717 0.083131 0.262354 0.267928 -0.440716 -0.403209 -0.386369 0.039956 0.265120 -0.191535 -0.462039 -0.054835 -0.595651 0.214358 -0.210281 0.085136 0.126048 0.139645 0.082019 -0.066681 -0.189124 -0.227476 0.254940 -0.158989 0.082800 -0.227881 -0.279184 -0.273690 -0.251026 0.228484 0.054869 0.397456 0.486618 0.433217 0.338691 -0.181159 0.089124 0.133087 0.252464 -0.018312 -0.342990 -0.219922 -0.444030 -0.003312 -0.110352 0.136175 -0.105457 0.083133 -0.316984 -0.052070 -0.461004 0.003583 -0.340425 0.141087 -0.207466 0.028466 0.135597 -0.118852 -0.043715 0.111396 0.135418 -0.069063 -0.293493 -0.145775 -0.112318
0.285828 0.051084 -0.256941 0.068995 -0.355437 -0.571347 -0.166136 0.058225 -0.325851 -0.374512 1.000000 0.051527 0.728091 -0.159298 -0.185169 -0.347368 0.471739 0.076941 0.317479 0.486258 -0.330425 -0.129450 -0.247621 -0.072415 -0.174417 -0.041228 -0.337625 -0.403001 0.687592 -0.174457 0.287940 0.368784 0.305701 0.296111 0.003406 0.391775 -0.187491 -0.024751 -0.146027 -0.257501 -0.064925 -0.179547 -0.051919 0.226120 -0.370231 -0.329044 -0.240911 0.225918 -0.449552 -0.387575 -0.330473 -0.291157 -0.497916 -0.140912 -0.504311 0.113824 0.320587 0.071986 0.021046 -0.013088 0.298797 0.312341 -0.139037 0.275999 0.080781 0.348607 -0.078494 0.199005 -0.319858 0.030335 0.217472 0.224371 0.338298 -0.163609 0.096715 -0.090230 0.095922 0.144144 0.071987 0.264224 -0.138841 0.105938 -0.447468 -0.133538 -0.409772 -0.049114 -0.218839 -0.007795 -0.575421 -0.468568 -0.422086 -0.063556 -0.232222 -0.138036 -0.056733 -0.086829 0.115051 -0.070501 -0.274207 0.077319 -0.208618 -0.096460 0.121346 -0.153160 -0.120563 -0.256617 -0.461548 -0.383716 -0.015266 -0.024681 0.098005 -0.071309 -0.048397 -0.106296 -0.324143 -0.291202
-0.039588 -0.053995 -0.032002 -0.152863 -0.185068 -0.036551 0.161409 -0.044885 -0.102842 -0.203017 0.051527 1.000000 -0.221192 0.418122 -0.054404 -0.106024 0.043357 0.614085 -0.376471 -0.282973 -0.171269 -0.097670 0.115128 0.096448 -0.231888 -0.236041 -0.116069 -0.097517 0.142681 0.283469 0.236050 0.418294 -0.120842 0.011169 0.055562 -0.054668 0.120134 0.209670 0.050827 -0.094117 -0.069193 -0.248131 0.370264 0.313282 0.089007 0.107040 0.196577 0.260053 -0.057483 0.043299 -0.015128 0.007605 0.008232 -0.134299 -0.013642 0.215331 -0.105425 -0.147135 -0.221922 -0.380763 -0.176041 -0.209869 0.188553 -0.098393 -0.125771 -0.349907 -0.208380 -0.281831 -0.132545 -0.329269 -0.002064 0.273879 0.222045 0.200038 0.430184 -0.007708 0.463816 0.544274 0.697427 0.566912 0.413144 0.458018 0.064700 -0.057805 0.113690 -0.079837 0.185118 0.003423 -0.016357 -0.086111 -0.173035 -0.007919 -0.031683 0.055976 0.024079 0.082791 0.111420 -0.064900 0.016117 0.051955 0.141770 0.187923 0.366504 0.204206 0.172674 -0.114961 -0.266284 -0.298335 -0.003481 -0.042527 0.172784 0.094193 0.111904 0.210863 -0.106643 0.047077
0.198332 0.002235 -0.178600 0.018019 -0.179513 -0.500423 -0.069516 0.185590 -0.260022 -0.236329 0.728091 -0.221192 1.000000 -0.175441 -0.180332 -0.329431 0.331425 0.000081 0.227407 0.226460 -0.221190 0.018183 -0.181988 -0.131641 -0.004555 0.020661 -0.283191 -0.411417 0.609582 -0.181962 0.204804 0.200537 0.144497 0.188919 0.050039 0.371835 -0.015263 -0.073380 -0.198086 -0.217662 -0.056602 -0.169034 -0.052987 0.243334 -0.125061 -0.126108 -0.403477 0.100762 -0.157575 -0.185833 -0.033382 -0.088220 -0.481317 -0.229198 -0.557487 -0.043548 0.160418 -0.049132 -0.155735 -0.035356 0.136882 0.204726 -0.122412 0.197158 0.042412 0.348979 -0.172432 0.249063 -0.298115 -0.120613 0.400968 0.248759 0.406442 -0.237781 0.108882 -0.041371 0.072794 -0.015063 -0.154120 0.129451 -0.156269 -0.023264 -0.450112 -0.221710 -0.304317 -0.009602 -0.150496 -0.064237 -0.541447 -0.497574 -0.229849 0.007996 -0.194487 -0.008557 -0.117042 -0.254907 -0.052183 -0.116583 -0.202660 -0.027904 -0.043441 -0.017292 0.058970 -0.167181 -0.185943 -0.236987 -0.165874 -0.233759 -0.146147 -0.117121 -0.000257 -0.051215 -0.169381 -0.059943 -0.221417 -0.262777
-0.347176 -0.428459 0.259105 -0.025096 0.277266 0.327901 0.260443 -0.094984 0.298965 0.304693 -0.159298 0.418122 -0.175441 1.000000 0.332253 0.584308 0.109624 0.145299 -0.384147 -0.354220 0.328255 0.314074 0.465207 0.357619 0.144246 -0.040113 0.381407 0.292353 -0.040824 0.750488 0.186017 0.285570 -0.327521 -0.281722 0.278279 0.127617 -0.005486 0.310220 -0.134663 -0.044071 -0.023421 0.267136 0.127115 0.181502 0.343536 0.352810 0.205904 0.051833 0.278100 0.272377 0.082095 0.320750 0.000227 0.170930 -0.003762 -0.029756 -0.427274 -0.484078 -0.358634 -0.300889 -0.302390 -0.477406 0.263231 -0.353142 0.021619 -0.553167 -0.281798 -0.151802 -0.156870 -0.351942 0.167682 0.416034 0.237399 0.681309 0.289790 0.363374 0.306432 0.383832 0.360670 0.114384 0.559148 0.169626 0.357388 0.046714 0.362297 0.163758 0.039753 -0.164606 -0.093279 0.171084 -0.150549 -0.229394 -0.250653 -0.189419 0.001970 -0.073012 0.183955 -0.125396 -0.005036 -0.234517 0.053781 -0.021353 0.106838 -0.098522 0.073028 -0.335322 -0.144493 -0.184742 -0.193670 0.025245 0.213325 0.131172 -0.074469 -0.105789 -0.309757 -0.176869
-0.184788 -0.179695 0.275908 0.064301 0.852689 0.480339 0.158311 0.010045 0.772593 0.748475 -0.185169 -0.054404 -0.180332 0.332253 1.000000 0.659251 -0.013672 -0.162116 -0.108955 -0.042332 0.594811 0.418159 0.293640 0.025120 0.659893 0.344465 0.730384 0.564025 0.009673 0.351417 -0.033824 -0.149561 -0.341205 -0.236060 0.368905 0.205842 -0.002225 0.184199 -0.083292 -0.067480 0.268195 0.492220 -0.377817 -0.267167 0.083591 0.142958 -0.039489 -0.194318 0.128446 0.171900 -0.252351 0.190267 0.037063 0.333797 0.142594 -0.440269 -0.345387 -0.224879 0.079326 0.266100 -0.150321 -0.300735 -0.147031 -0.475660 0.147776 -0.148925 0.029138 0.033120 0.177730 0.196108 0.114089 -0.086186 -0.025084 0.335819 -0.095510 0.125302 -0.061503 -0.071624 -0.214203 -0.179130 0.272260 0.053338 0.551231 0.398487 0.368141 0.158861 -0.165560 0.156775 0.136606 0.238122 -0.257059 -0.447117 -0.354762 -0.495380 0.002960 -0.073696 0.011876 -0.182105 -0.135113 -0.322660 -0.183122 -0.377837 0.000419 -0.394262 0.105274 -0.305469 -0.044458 0.040828 -0.029469 -0.088201 -0.041632 0.030014 -0.148626 -0.360752 -0.355247 -0.275817
-0.240095 -0.288109 0.304337 0.062284 0.619805 0.638593 0.117028 -0.023291 0.686602 0.688072 -0.347368 -0.106024 -0.329431 0.584308 0.659251 1.000000 0.134248 -0.360523 -0.082087 -0.218389 0.703557 0.510497 0.279114 0.195827 0.450603 0.152380 0.739703 0.639375 -0.204263 0.700299 -0.181633 -0.288342 -0.227213 -0.394254 0.279640 -0.041548 -0.102141 0.221798 -0.143527 0.008765 0.107564 0.600363 -0.187518 -0.231041 0.095094 0.119875 0.037376 -0.284208 0.196088 0.145819 -0.048877 0.154046 0.101519 0.181407 0.191897 -0.347571 -0.353289 -0.298134 -0.041707 0.036139 -0.048642 -0.304751 0.070419 -0.395580 0.148228 -0.274239 0.005597 -0.141266 0.041523 -0.061673 0.003556 0.053514 -0.052507 0.648179 -0.160955 0.325927 -0.140715 -0.040117 -0.078462 -0.376154 0.386953 -0.156730 0.472564 0.126990 0.376288 0.268754 -0.150152 -0.005553 0.124603 0.349477 -0.079723 -0.346234 -0.199254 -0.349002 -0.023794 0.024108 0.025660 -0.140926 -0.073211 -0.333132 -0.076684 -0.215060 -0.148707 -0.269022 0.004521 -0.160846 0.089768 0.083164 -0.090880 0.043635 0.051811 0.027619 -0.114025 -0.294887 -0.177211 -0.142819
-0.075907 -0.007684 -0.332386 0.154830 0.038875 -0.086127 -0.249526 -0.021774 -0.043373 -0.063623 0.471739 0.043357 0.331425 0.109624 -0.013672 0.134248 1.000000 -0.147943 0.089480 0.197265 0.148736 0.297018 -0.278868 0.040015 -0.027986 -0.115197 0.180670 0.016734 0.640136 0.229949 -0.037348 -0.027322 0.068037 -0.164751 -0.101578 -0.032441 0.056166 0.135001 -0.007551 -0.109103 0.021629 0.071008 0.065562 0.134399 -0.313557 -0.315260 -0.188148 0.028921 -0.355085 -0.435655 0.017282 -0.318833 -0.189093 -0.165832 -0.145666 0.121510 -0.014285 0.000837 -0.129331 -0.220380 0.245278 0.150250 0.184146 0.066014 0.077663 0.106510 -0.250812 -0.182941 -0.266883 -0.177862 0.135913 0.193191 0.336432 0.189680 -0.007497 0.142221 -0.126856 0.173903 0.369786 0.113816 0.372415 -0.068651 -0.125582 -0.248509 0.134692 0.291228 -0.136151 0.013672 -0.113428 -0.080083 -0.119560 0.000016 0.051167 0.024822 -0.091951 0.087230 -0.043735 0.051480 -0.301398 0.220185 -0.002975 0.065517 0.055503 0.091643 -0.155888 -0.055032 -0.085345 -0.145056 -0.057968 0.043049 0.108908 0.073470 0.137931 0.090469 -0.082565 -0.086128
-0.136305 -0.417528 0.056232 -0.396493 -0.238645 -0.121010 0.239210 -0.322196 -0.303072 -0.212959 0.076941 0.614085 0.000081 0.145299 -0.162116 -0.360523 -0.147943 1.000000 -0.353025 -0.226923 -0.389442 -0.115368 0.221781 -0.011449 -0.261231 -0.055743 -0.313382 -0.185286 0.256797 0.156856 0.266133 0.495177 -0.345094 -0.081956 0.324213 0.145680 0.185853 0.194344 0.113895 -0.043245 -0.064059 -0.341189 0.376009 0.347902 0.399402 0.483882 0.119975 0.325687 0.188692 0.316167 0.095237 0.330588 -0.052831 -0.210943 -0.127971 0.241650 -0.186419 -0.378088 -0.412432 -0.468094 -0.364624 -0.438178 0.281636 -0.114043 -0.081212 -0.459897 -0.255651 -0.103781 -0.128809 -0.234294 0.204845 0.307616 0.384809 -0.003221 0.642414 -0.033983 0.624354 0.546018 0.562140 0.787080 0.176005 0.774061 -0.114710 0.135792 0.031829 0.076848 0.279576 0.034892 -0.097938 -0.160677 -0.113221 0.166993 0.030823 0.138522 0.125342 -0.074381 0.126638 0.069426 0.111322 0.133669 0.137432 0.281379 0.288390 0.256396 0.115087 -0.046939 -0.109262 -0.154934 -0.165008 0.010854 0.208720 0.117591 0.023660 0.168797 -0.088243 0.001032
0.649699 0.287018 0.266585 0.339083 -0.061557 0.075458 0.114117 0.382499 -0.121064 -0.002828 0.317479 -0.376471 0.227407 -0.384147 -0.108955 -0.082087 0.089480 -0.353025 1.000000 0.713968 -0.245184 -0.187015 -0.131219 0.106706 -0.203378 0.008334 -0.055472 0.064188 0.004940 -0.438974 -0.251717 -0.139736 0.537497 0.305208 -0.120840 0.030213 -0.552584 -0.466538 -0.052896 0.124235 0.094677 -0.059232 -0.372192 -0.170648 -0.550091 -0.489277 -0.310357 -0.246778 -0.454998 -0.460183 -0.340672 -0.489354 -0.178396 -0.146611 -0.306057 -0.412013 0.629915 0.320165 0.561416 0.495890 0.608425 0.503877 -0.109542 0.286760 0.330863 0.475828 0.341672 0.270013 0.004097 0.303751 -0.275679 -0.309856 -0.328474 -0.321191 -0.380004 -0.179585 -0.528020 -0.490142 -0.311904 -0.348969 -0.506281 -0.425287 -0.057922 0.141799 -0.525791 -0.279104 0.032806 0.024570 -0.107203 -0.227182 -0.267666 -0.361756 -0.204123 -0.264928 -0.267435 -0.141653 -0.207967 -0.261744 -0.315301 -0.289440 -0.237832 -0.308287 -0.073015 -0.370808 -0.037083 -0.130522 -0.252153 -0.231516 -0.181552 -0.277412 -0.249381 -0.288132 -0.155432 -0.329252 -0.043592 -0.217573
0.325790 0.292288 0.026883 0.474481 -0.066906 -0.139404 0.044093 0.277626 -0.181069 -0.172074 0.486258 -0.282973 0.226460 -0.354220 -0.042332 -0.218389 0.197265 -0.226923 0.713968 1.000000 -0.277556 -0.178302 -0.073973 0.139329 -0.210412 -0.020397 -0.087246 0.003935 0.176502 -0.430695 0.055087 -0.025229 0.463992 0.404269 -0.307934 0.197319 -0.496510 -0.300577 -0.059980 -0.010590 0.013384 -0.051605 -0.328853 -0.088909 -0.479918 -0.407630 -0.303992 -0.037960 -0.483878 -0.449698 -0.298682 -0.456792 -0.141391 -0.035233 -0.412876 -0.238962 0.414736 0.364554 0.439466 0.394778 0.458684 0.551535 -0.121141 0.300800 0.197062 0.432123 0.035996 0.275630 -0.073136 0.452646 -0.074774 -0.253483 -0.158905 -0.325035 -0.269541 -0.167813 -0.355487 -0.199701 -0.213025 -0.163348 -0.369537 -0.256285 -0.032489 0.199286 -0.472649 -0.289098 -0.125594 -0.062799 -0.205646 -0.297135 -0.277643 -0.281737 -0.202688 -0.224480 -0.248757 -0.102670 -0.187392 -0.218309 -0.380481 -0.085921 -0.441839 -0.226092 -0.034934 -0.264947 -0.024758 -0.140459 -0.366549 -0.214075 -0.163637 -0.203448 -0.212537 -0.320891 -0.080019 -0.347620 -0.160191 -0.248298
-0.413133 -0.131868 -0.045645 0.048085 0.632681 0.454531 -0.151955 -0.160484 0.721881 0.569821 -0.330425 -0.171269 -0.221190 0.328255 0.594811 0.703557 0.148736 -0.389442 -0.245184 -0.277556 1.000000 0.688735 0.126664 0.029025 0.676399 0.286089 0.714079 0.490932 -0.049960 0.564235 0.044052 -0.317726 -0.302244 -0.488504 0.061844 -0.155588 0.228723 0.448141 0.037898 0.065564 0.260458 0.756998 -0.140368 -0.189567 0.062000 0.083967 0.037707 -0.400236 0.129158 0.087154 -0.067064 0.086083 0.287516 0.294369 0.382257 -0.120167 -0.403832 -0.168650 -0.021150 -0.053103 -0.126816 -0.235075 -0.144903 -0.371561 -0.128123 -0.191190 -0.103642 -0.317555 0.142877 -0.076425 0.367322 0.083118 0.116614 0.589594 -0.110004 0.354707 0.019500 -0.013665 -0.159371 -0.361437 0.432575 -0.062768 0.357277 0.060653 0.477405 0.483374 -0.314970 0.029754 0.293411 0.485379 -0.081595 -0.181960 -0.175705 -0.239147 0.097090 0.186444 -0.155157 0.085790 -0.131525 -0.001032 0.015502 -0.166174 -0.134697 -0.162676 -0.091694 -0.026916 0.100736 0.106583 0.112734 0.149579 -0.038356 0.155167 0.094289 -0.103397 0.008337 -0.050827
-0.409511 -0.264883 0.020211 0.105751 0.553091 0.413770 -0.027628 -0.168530 0.330628 0.383730 -0.129450 -0.097670 0.018183 0.314074 0.418159 0.510497 0.297018 -0.115368 -0.187015 -0.178302 0.688735 1.000000 0.226076 0.221144 0.538736 0.413656 0.616858 0.473976 0.210998 0.525884 0.123413 -0.120933 -0.453644 -0.592611 0.100260 -0.132236 0.183632 0.344878 0.246356 0.265263 0.185467 0.573747 -0.197953 -0.185754 0.113434 0.136623 -0.042444 -0.379951 0.087578 0.029067 0.004926 0.037052 0.347707 0.168373 0.265875 -0.068906 -0.462497 -0.250238 -0.331665 -0.273526 -0.252650 -0.311528 0.028068 -0.333647 -0.131136 -0.219514 -0.396731 -0.403410 -0.113209 -0.285384 0.535662 0.352877 0.414982 0.598705 0.254230 0.590879 0.080307 0.158150 -0.109249 -0.205978 0.277595 0.055834 0.310131 0.036888 0.494389 0.628919 -0.085906 0.242938 0.319929 0.443807 -0.172616 -0.121525 -0.078514 -0.187060 -0.155882 -0.016702 -0.182305 0.121901 -0.199406 0.104267 0.134845 -0.097125 -0.059844 -0.091358 -0.277483 -0.093209 0.109004 -0.108480 -0.187002 0.140398 0.097477 0.318191 0.207879 0.071773 -0.030923 -0.076784
-0.367557 -0.417245 0.626470 0.345680 0.318301 0.502795 0.580812 0.189863 0.142147 0.236498 -0.247621 0.115128 -0.181988 0.465207 0.293640 0.279114 -0.278868 0.221781 -0.131219 -0.073973 0.126664 0.226076 1.000000 0.761839 0.081888 0.058425 0.389239 0.552099 -0.309653 0.304693 0.266157 0.256188 -0.367397 -0.236828 0.260940 0.020545 -0.262118 0.003793 0.009107 0.182197 -0.199424 0.157064 -0.139203 -0.163392 0.410095 0.394247 0.131870 -0.103236 0.432765 0.328060 0.083735 0.333884 0.263763 0.279257 -0.031283 -0.144926 -0.457801 -0.413195 -0.242653 -0.269436 -0.297203 -0.402815 0.215772 -0.471313 0.195203 -0.393096 -0.375811 -0.137873 -0.157148 -0.177787 0.237032 0.168289 0.066038 0.343216 0.242911 0.191670 0.136104 0.201757 -0.000008 0.074526 0.034482 0.106788 0.422678 0.321237 0.188299 0.069000 0.317995 -0.104009 0.123366 0.215675 -0.114875 -0.154223 -0.225067 -0.146513 -0.005129 -0.224668 0.061045 -0.111001 -0.097163 -0.294801 -0.204033 -0.051676 0.011376 -0.197034 0.056926 -0.244876 -0.146836 -0.121509 -0.242368 0.054015 0.028028 -0.106027 -0.254396 -0.242166 -0.154166 -0.201324
-0.206728 -0.143165 0.410284 0.585445 0.111032 0.404755 0.414127 0.379363 -0.096867 -0.009230 -0.072415 0.096448 -0.131641 0.357619 0.025120 0.195827 0.040015 -0.011449 0.106706 0.139329 0.029025 0.221144 0.761839 1.000000 -0.168820 -0.012863 0.316494 0.437924 -0.161447 0.204367 0.231000 0.295327 -0.107151 -0.119807 -0.047165 -0.141805 -0.401552 -0.056443 0.061376 0.253095 -0.184392 0.098585 -0.188396 -0.200597 0.076157 0.011382 -0.009677 -0.164829 0.099730 -0.038905 0.053889 -0.031668 0.275623 0.108125 -0.149272 -0.103506 -0.226697 -0.132312 -0.221800 -0.283705 -0.062444 -0.018010 0.227659 -0.199741 0.166190 -0.090348 -0.370718 -0.235347 -0.226950 -0.215781 0.089709 0.218989 0.049747 0.317583 0.110167 0.286948 -0.054465 0.169846 0.073951 -0.069745 -0.092764 -0.188816 0.256798 0.092694 0.026014 -0.021638 0.306403 -0.131202 0.132024 0.152876 -0.142760 -0.123895 -0.162667 -0.068821 -0.220565 -0.171773 -0.036330 -0.142782 -0.262114 -0.242920 -0.246654 0.009890 -0.079843 -0.136946 -0.162843 -0.208912 -0.222042 -0.230399 -0.281968 -0.019210 0.012344 -0.162577 -0.218645 -0.134182 -0.066206 -0.236532
-0.334692 -0.143189 0.037373 -0.057504 0.647697 0.301341 -0.224154 -0.194608 0.701028 0.670509 -0.174417 -0.231888 -0.004555 0.144246 0.659893 0.450603 -0.027986 -0.261231 -0.203378 -0.210412 0.676399 0.538736 0.081888 -0.168820 1.000000 0.712512 0.483357 0.338980 -0.008387 0.196059 -0.005895 -0.269866 -0.391346 -0.348401 0.233563 0.147827 0.304923 0.249727 -0.041319 -0.072969 0.112558 0.489794 -0.263717 -0.165557 0.270536 0.278182 0.072969 -0.131290 0.307254 0.317699 -0.007714 0.301919 0.123580 0.375724 0.309900 -0.189141 -0.429206 -0.251014 -0.060119 0.125953 -0.292606 -0.365962 -0.206555 -0.456189 -0.016973 -0.105819 -0.177133 0.025221 0.113829 0.009224 0.287061 -0.009580 -0.000077 0.255872 -0.064459 0.226306 -0.030563 -0.129914 -0.376669 -0.243234 0.280793 0.094855 0.333555 0.270463 0.490628 0.489419 -0.249063 0.134341 0.118439 0.264286 -0.022691 -0.188507 -0.096993 -0.264508 -0.019666 -0.070340 0.040597 0.029213 0.063057 0.009421 0.006933 -0.314822 0.097833 -0.207160 -0.045406 -0.172374 0.128975 0.086788 -0.007826 0.091344 0.084784 0.272021 0.194632 -0.066034 -0.113443 -0.086493
-0.213634 -0.113988 0.036823 -0.092239 0.324260 0.203523 -0.310633 -0.262490 0.323070 0.486194 -0.041228 -0.236041 0.020661 -0.040113 0.344465 0.152380 -0.115197 -0.055743 0.008334 -0.020397 0.286089 0.413656 0.058425 -0.012863 0.712512 1.000000 0.153594 0.154419 0.000418 -0.062390 0.004795 -0.030073 -0.240321 -0.195817 0.245912 0.254480 0.137966 0.124945 0.031240 -0.023534 0.048357 0.256681 -0.224583 -0.122142 0.258286 0.296108 0.144093 -0.063183 0.208474 0.267380 0.038211 0.259531 0.174450 0.218805 0.195690 -0.144572 -0.286740 -0.159371 -0.119131 0.112103 -0.288598 -0.291567 -0.138311 -0.302254 0.024756 -0.027129 -0.126596 0.113832 0.093583 0.061908 0.113605 0.082194 -0.114491 0.067991 0.070630 0.287136 -0.042160 -0.074935 -0.338987 -0.130316 -0.003368 0.204838 0.094570 0.377299 0.302631 0.460608 -0.191795 0.182146 -0.003564 0.097355 -0.074115 -0.137901 -0.066118 -0.256418 -0.195512 -0.211294 0.157191 -0.033051 0.128810 -0.008414 -0.071801 -0.318231 0.112017 -0.192600 -0.148479 -0.230849 -0.004051 -0.043121 -0.292787 0.014115 0.203151 0.294864 0.168717 -0.039976 -0.129413 -0.179687
-0.320726 -0.211151 0.322744 0.313963 0.828474 0.715335 0.176269 0.135965 0.684453 0.639795 -0.337625 -0.116069 -0.283191 0.381407 0.730384 0.739703 0.180670 -0.313382 -0.055472 -0.087246 0.714079 0.616858 0.389239 0.316494 0.483357 0.153594 1.000000 0.791393 -0.125468 0.459143 -0.121982 -0.288032 -0.376886 -0.518157 0.142753 -0.165734 -0.015799 0.160630 0.114629 0.252204 0.167662 0.530234 -0.286502 -0.325191 0.034490 0.033425 -0.020984 -0.279111 0.144170 0.033304 -0.121793 0.048002 0.237972 0.299449 0.249604 -0.248437 -0.434520 -0.216276 -0.009647 0.037584 -0.120987 -0.230565 -0.050407 -0.524791 0.036702 -0.206617 -0.152037 -0.268438 0.010036 -0.045116 0.119168 -0.082392 -0.009915 0.438679 -0.169705 0.190045 -0.229927 -0.153210 -0.112394 -0.283714 0.256557 -0.162352 0.564039 0.187594 0.405345 0.274325 0.042475 0.091620 0.369921 0.444536 -0.032360 -0.218552 -0.126196 -0.209004 -0.062219 0.085035 -0.079713 -0.024262 -0.181454 -0.135953 -0.046106 -0.152781 -0.094174 -0.152189 -0.064539 -0.066716 0.107121 0.105340 -0.003983 0.013623 -0.035149 0.096748 -0.004432 -0.115709 -0.011167 -0.061933
-0.291033 -0.279036 0.553749 0.391942 0.683916 0.872977 0.357145 0.154855 0.566444 0.612885 -0.403001 -0.097517 -0.411417 0.292353 0.564025 0.639375 0.016734 -0.185286 0.064188 0.003935 0.490932 0.473976 0.552099 0.437924 0.338980 0.154419 0.791393 1.000000 -0.293115 0.318749 -0.185005 -0.359716 -0.408827 -0.543713 0.172287 -0.233086 -0.137724 -0.042682 0.121324 0.239738 -0.031341 0.423745 -0.327175 -0.411340 0.061991 0.086562 0.129607 -0.296972 0.199203 0.065949 -0.053710 0.092802 0.379426 0.353375 0.323443 -0.300381 -0.427298 -0.260113 0.109561 0.099873 -0.101247 -0.313216 0.026956 -0.608730 0.144323 -0.243187 -0.121728 -0.170451 -0.011217 0.010054 0.015488 -0.260821 -0.129690 0.305432 -0.135057 0.088956 -0.311025 -0.183017 -0.138492 -0.250490 0.174794 -0.115579 0.582902 0.320475 0.449542 0.287220 0.199916 0.080348 0.468655 0.502423 0.043205 -0.215953 0.000109 -0.170492 -0.135683 -0.056438 -0.073598 -0.017187 -0.169914 -0.166190 -0.194934 -0.187727 -0.070223 -0.106530 0.122291 0.069291 0.072884 0.153334 -0.123856 0.049808 -0.044173 -0.015808 0.014196 -0.205733 0.037165 0.055280
0.005713 -0.110496 -0.386498 -0.111167 -0.052211 -0.388709 -0.193922 -0.165394 -0.169196 -0.184717 0.687592 0.142681 0.609582 -0.040824 0.009673 -0.204263 0.640136 0.256797 0.004940 0.176502 -0.049960 0.210998 -0.309653 -0.161447 -0.008387 0.000418 -0.125468 -0.293115 1.000000 0.111567 0.269043 0.280607 -0.095109 -0.048591 0.091602 0.277692 0.186164 0.207483 -0.063736 -0.264670 0.186957 -0.031143 0.036964 0.225312 -0.211559 -0.147973 -0.288991 0.117922 -0.342951 -0.282351 -0.176646 -0.175672 -0.294493 -0.227032 -0.306352 0.069877 0.001336 -0.096967 -0.264096 -0.194970 0.010941 0.059915 -0.031835 0.090772 -0.115853 0.148499 -0.195582 -0.018477 -0.208489 -0.112679 0.448911 0.319984 0.691952 0.011879 0.332313 0.087633 0.264743 0.299017 0.252035 0.366708 0.162474 0.293916 -0.298319 -0.172945 -0.039655 0.211101 -0.223670 0.070330 -0.281723 -0.279126 -0.345839 0.028149 -0.126563 -0.053222 -0.066563 -0.061615 -0.005600 0.070560 -0.249059 0.197614 0.025844 0.056138 0.165345 0.065386 -0.059516 -0.112003 -0.211668 -0.227995 -0.050940 0.007308 0.139180 0.111702 0.047446 0.077215 -0.185795 -0.191587
-0.453852 -0.522819 0.071742 -0.137820 0.315028 0.354752 0.079172 -0.275040 0.342782 0.293821 -0.174457 0.283469 -0.181962 0.750488 0.351417 0.700299 0.229949 0.156856 -0.438974 -0.430695 0.564235 0.525884 0.304693 0.204367 0.196059 -0.062390 0.459143 0.318749 0.111567 1.000000 0.202856 0.112433 -0.422512 -0.486890 0.291641 -0.021666 0.168672 0.567377 -0.076841 -0.027097 0.055925 0.500982 0.194888 0.120590 0.273483 0.300263 0.151045 -0.074714 0.227822 0.225393 0.037891 0.292323 0.111347 0.078085 0.130160 0.053984 -0.500843 -0.518500 -0.441401 -0.474368 -0.310489 -0.485696 0.162951 -0.340981 -0.106160 -0.549970 -0.276123 -0.403613 -0.139198 -0.403184 0.378275 0.499966 0.486876 0.860717 0.374209 0.508341 0.460623 0.500196 0.352579 0.133622 0.575278 0.289797 0.254298 -0.091240 0.442163 0.386920 -0.060727 -0.079053 0.041970 0.304956 -0.148219 -0.055805 -0.163998 -0.115384 0.063471 0.077343 0.078531 0.020351 -0.074090 -0.081266 0.057646 0.066697 -0.071032 0.009658 -0.051395 -0.120836 -0.012148 -0.070461 -0.106396 0.199270 0.200376 0.140547 -0.077689 -0.076306 -0.180258 -0.103204
-0.323043 -0.088964 -0.184134 0.226342 -0.115400 -0.284466 -0.190269 -0.133098 -0.150260 -0.322119 0.287940 0.236050 0.204804 0.186017 -0.033824 -0.181633 -0.037348 0.266133 -0.251717 0.055087 0.044052 0.123413 0.266157 0.231000 -0.005895 0.004795 -0.121982 -0.185005 0.269043 0.202856 1.000000 0.677220 -0.258087 -0.015691 -0.154864 0.327781 0.144817 0.369497 -0.030417 -0.120091 -0.014576 0.124411 -0.006099 0.013864 0.083961 0.153284 0.075178 0.076786 0.038876 0.025762 -0.193211 0.057179 0.124477 0.260558 -0.067478 0.286130 -0.190484 -0.106574 -0.164968 -0.306095 -0.318665 -0.047580 -0.090614 0.023145 -0.386314 -0.153422 -0.413013 -0.111499 -0.158991 -0.144286 0.668683 0.416438 0.509602 0.251606 0.414380 0.211210 0.559222 0.466175 0.059303 0.256053 0.125409 0.242474 0.006814 0.018721 0.006480 -0.033924 -0.101197 0.023103 -0.105266 0.105483 -0.297216 0.067817 -0.104096 0.009142 -0.056527 0.127341 0.068803 0.156084 -0.066691 0.129347 -0.113836 0.195846 0.047175 0.122388 -0.072273 -0.124725 -0.206585 -0.197129 -0.009764 0.254430 0.069362 0.143758 -0.014250 0.076532 -0.193794 -0.104726
-0.016182 -0.194839 -0.049454 -0.017129 -0.283190 -0.307630 0.042571 -0.092698 -0.349234 -0.317802 0.368784 0.418294 0.200537 0.285570 -0.149561 -0.288342 -0.027322 0.495177 -0.139736 -0.025229 -0.317726 -0.120933 0.256188 0.295327 -0.269866 -0.030073 -0.288032 -0.359716 0.280607 0.112433 0.677220 1.000000 -0.076592 0.200959 0.153210 0.398849 -0.039067 0.188542 0.059311 -0.023626 0.017446 -0.151344 0.051642 0.122916 0.136969 0.187823 0.060655 0.204039 -0.011060 0.058216 -0.227690 0.058665 -0.159319 -0.005862 -0.250116 0.266538 0.051096 -0.192624 -0.231025 -0.335425 -0.142812 -0.096232 0.217140 0.164620 0.000409 -0.220430 -0.228583 -0.023828 -0.195036 -0.247465 0.232122 0.496431 0.309646 0.158078 0.435159 0.135751 0.500088 0.444841 0.319134 0.411758 0.003863 0.309491 -0.125551 0.110829 -0.187353 -0.215092 0.090935 0.029755 -0.248962 -0.103836 -0.333916 -0.032809 -0.208679 -0.061174 0.005861 -0.038333 0.206954 -0.038259 0.019913 -0.021148 0.015978 0.126909 0.056487 -0.025811 -0.169492 -0.412988 -0.318012 -0.398814 -0.154531 0.011617 0.110280 0.092585 -0.123301 0.028350 -0.356172 -0.317071
0.623702 0.583678 -0.273263 0.136656 -0.451576 -0.381502 -0.071443 0.333144 -0.274415 -0.332124 0.305701 -0.120842 0.144497 -0.327521 -0.341205 -0.227213 0.068037 -0.345094 0.537497 0.463992 -0.302244 -0.453644 -0.367397 -0.107151 -0.391346 -0.240321 -0.376886 -0.408827 -0.095109 -0.422512 -0.258087 -0.076592 1.000000 0.782010 -0.338992 -0.080015 -0.479278 -0.378416 -0.124605 -0.131468 -0.086987 -0.227549 -0.053540 0.101034 -0.553897 -0.587695 -0.224179 -0.123425 -0.576909 -0.519862 -0.150404 -0.606720 -0.329475 -0.367378 -0.372285 -0.169610 0.757062 0.590365 0.423868 0.282250 0.770367 0.730842 -0.025050 0.681847 0.378290 0.503819 0.334794 0.140218 0.069815 0.252031 -0.469527 -0.188578 -0.408483 -0.277567 -0.412360 -0.169738 -0.348791 -0.199936 -0.054928 -0.226402 -0.329744 -0.446251 -0.331040 -0.164052 -0.559811 -0.534361 -0.231728 -0.181710 -0.348690 -0.487038 -0.152679 -0.233845 -0.219633 -0.155291 -0.010942 -0.089739 -0.134437 -0.350898 -0.124436 -0.188631 -0.222868 -0.203631 -0.131651 -0.311556 -0.095008 -0.179254 -0.373268 -0.303725 0.016262 -0.275346 -0.268114 -0.398631 -0.144984 -0.269849 -0.156539 -0.226990
0.539929 0.470778 -0.185525 0.041295 -0.428866 -0.523312 0.068289 0.321052 -0.291905 -0.363461 0.296111 0.011169 0.188919 -0.281722 -0.236060 -0.394254 -0.164751 -0.081956 0.305208 0.404269 -0.488504 -0.592611 -0.236828 -0.119807 -0.348401 -0.195817 -0.518157 -0.543713 -0.048591 -0.486890 -0.015691 0.200959 0.782010 1.000000 -0.227157 0.206313 -0.365934 -0.295511 -0.182340 -0.242202 -0.045756 -0.365118 -0.084194 0.108703 -0.307090 -0.334344 -0.259622 0.092099 -0.379662 -0.274706 -0.135663 -0.371635 -0.433902 -0.344530 -0.516224 -0.181020 0.636062 0.420434 0.272894 0.265256 0.475966 0.610798 -0.027973 0.653578 0.299092 0.463122 0.231810 0.366100 0.038499 0.296310 -0.385545 -0.162268 -0.330699 -0.401673 -0.284244 -0.255732 -0.104730 -0.042517 -0.059929 -0.060585 -0.356694 -0.260332 -0.262350 -0.062052 -0.552502 -0.691534 -0.206438 -0.282888 -0.468717 -0.601632 -0.144112 -0.206134 -0.270755 -0.143467 0.004840 -0.188472 -0.075702 -0.380479 -0.061257 -0.250855 -0.227634 -0.158387 -0.093575 -0.293310 -0.038275 -0.278280 -0.383181 -0.270104 0.008248 -0.294869 -0.240163 -0.404305 -0.244420 -0.307263 -0.283541 -0.292665
-0.098609 -0.530680 0.371735 -0.431770 0.264515 0.220931 0.211370 -0.245196 0.265545 0.507884 0.003406 0.055562 0.050039 0.278279 0.368905 0.279640 -0.101578 0.324213 -0.120840 -0.307934 0.061844 0.100260 0.260940 -0.047165 0.233563 0.245912 0.142753 0.172287 0.091602 0.291641 -0.154864 0.153210 -0.338992 -0.227157 1.000000 0.464487 0.032198 0.173006 -0.070580 -0.063894 0.173546 0.180454 -0.021936 0.056577 0.417468 0.469541 0.158070 0.171094 0.378562 0.480165 -0.140576 0.559267 -0.216955 0.011068 0.062977 -0.202324 -0.300200 -0.548010 -0.301109 -0.073446 -0.281809 -0.590339 0.198234 -0.398855 0.264551 -0.278328 0.151893 0.167313 0.064626 -0.088717 -0.027949 0.087502 0.053655 0.177276 0.237625 0.018224 0.195273 0.057274 0.069278 0.214124 0.118908 0.376801 0.092460 0.346738 0.186000 0.218738 -0.004047 0.134581 -0.203410 0.014368 -0.145847 -0.222709 -0.247720 -0.424719 0.242263 -0.039138 0.444175 0.064398 0.233949 -0.352512 0.187990 -0.385019 0.075379 -0.292695 0.123883 -0.314146 -0.135325 -0.088760 0.002687 0.157144 0.460238 0.262224 -0.218516 -0.181369 -0.248765 -0.170369
-0.145879 -0.260703 0.036992 -0.155666 0.050972 -0.255913 -0.146962 -0.242518 0.059967 0.169574 0.391775 -0.054668 0.371835 0.127617 0.205842 -0.041548 -0.032441 0.145680 0.030213 0.197319 -0.155588 -0.132236 0.020545 -0.141805 0.147827 0.254480 -0.165734 -0.233086 0.277692 -0.021666 0.327781 0.398849 -0.080015 0.206313 0.464487 1.000000 0.061626 0.166410 -0.252146 -0.283053 0.130659 0.086091 -0.098179 0.133655 0.184828 0.293621 0.033727 0.439653 0.165951 0.240175 -0.164270 0.364919 -0.424155 0.052612 -0.290377 -0.159524 -0.132029 -0.292022 -0.110085 0.110859 -0.219199 -0.204696 -0.017210 -0.073895 0.016863 -0.056312 -0.057834 0.549066 -0.001293 0.229270 0.156221 0.202091 0.052000 -0.098722 0.121614 -0.068823 0.217745 0.105774 -0.124327 0.191952 -0.045620 0.207134 -0.018382 0.350270 -0.108953 -0.067311 -0.300249 0.002460 -0.515056 -0.242835 -0.088683 -0.125241 -0.160026 -0.280020 -0.022343 -0.091781 0.450497 -0.027358 0.280212 -0.182741 0.026472 -0.273611 0.057677 -0.174871 0.036790 -0.396129 -0.173571 -0.109703 -0.091615 0.057744 0.405238 0.270621 -0.098460 -0.208364 -0.380716 -0.299581
