1.000000 0.438304 -0.144582 -0.094172 -0.193841 -0.028535 -0.172512 -0.159099 -0.158257 -0.059166 0.140680 -0.168630 0.098198 -0.188906 -0.133958 -0.139967 0.232692 0.067958 0.318566 0.202918 -0.039356 -0.100439 -0.258297 -0.291197 -0.242635 -0.167509 -0.053234 0.008729 0.113494 0.063954 -0.287065 -0.073946 0.281164 0.052512 -0.215124 -0.259230 0.011508 -0.058816 -0.070040 -0.318647 -0.062582 0.024143 -0.142225 -0.260703 -0.328985 -0.314477 -0.206891 -0.253737 -0.246501 -0.311362 -0.013273 -0.351110 -0.065055 -0.205919 0.086856 -0.176822 0.499871 0.267651 0.244513 0.176433 0.467587 0.220717 0.329196 0.318309 -0.043206 -0.148971 0.086442 -0.277256 0.104355 -0.120954 0.058742 0.005750 0.149496 0.186925 0.059334 0.054955 0.169465 0.001481 0.008371 0.230270 0.256944 0.153045 0.138073 -0.099546 0.122786 0.097885 -0.031672 0.101545 0.073405 0.137382 -0.135983 -0.030669 -0.059107 -0.048792 -0.106977 -0.036940 -0.131087 -0.222792 0.072858 0.212569 -0.037002 0.015256 0.311750 0.161291 0.180139 -0.189870 -0.006435 0.017694 0.028583 -0.091693 -0.063574 0.014257 0.142244 0.114981 0.060763 -0.052461
0.438304 1.000000 -0.202698 -0.287298 -0.398366 -0.214992 -0.217717 0.088480 -0.366527 -0.128375 0.071870 -0.115083 -0.012655 0.053392 -0.484118 -0.235264 0.159965 0.256967 0.054285 0.304606 -0.206140 -0.312429 -0.515237 -0.569940 -0.377375 -0.307497 -0.151055 -0.230957 0.064870 0.175055 -0.544678 -0.465275 0.271781 0.261291 -0.153486 -0.159995 -0.149776 -0.099388 -0.180950 -0.151764 -0.160050 -0.098752 -0.455989 -0.387424 -0.255516 -0.271908 -0.341823 -0.365148 -0.238312 -0.381481 -0.110115 -0.398634 -0.290697 -0.539916 0.219619 -0.253372 0.230370 0.409202 0.488514 0.526622 0.587447 0.571505 0.490898 0.447629 -0.216924 0.101437 0.299168 0.086733 0.401848 0.369474 0.017935 -0.014932 0.069012 0.139453 -0.118899 -0.025768 -0.085419 0.052146 0.004542 0.283983 0.365049 0.368916 0.106076 -0.033020 -0.093871 0.131902 -0.013126 0.147555 0.104966 0.097848 0.116522 -0.149816 -0.170731 -0.109767 -0.080884 0.043841 -0.273485 -0.000768 -0.174429 -0.008336 0.198134 0.258531 0.348771 0.158379 0.018748 -0.018170 0.311466 0.202106 0.053435 -0.081284 -0.028818 -0.064700 -0.000708 0.102562 -0.062184 0.093531
-0.144582 -0.202698 1.000000 0.260331 0.506546 0.071262 0.744835 0.363311 0.392353 0.110323 0.206248 -0.025271 0.188532 0.105188 0.112940 -0.068920 -0.198232 -0.129618 0.004633 -0.290980 -0.081562 -0.129421 0.294473 0.192609 0.088864 0.037403 0.015041 -0.111369 -0.198561 -0.308545 0.132033 0.082108 -0.140377 -0.090110 -0.001734 -0.009354 -0.225576 -0.089220 0.043105 -0.162279 -0.078084 0.133643 0.074045 0.062562 0.160068 0.103462 -0.014515 0.107281 0.336897 0.106127 0.225342 0.047738 0.054828 0.114076 -0.000156 -0.042218 -0.399512 -0.246753 -0.195487 -0.213440 0.027793 -0.009356 -0.164432 -0.186223 0.299518 0.174111 -0.075782 0.078909 -0.330235 -0.215010 -0.008159 -0.100258 -0.095860 -0.116428 0.015931 -0.057235 -0.018745 -0.082346 -0.184637 -0.279775 -0.360905 -0.337125 -0.186715 -0.285636 -0.335321 -0.380274 -0.007397 -0.417770 0.047681 -0.114772 -0.084596 0.184793 0.075552 0.185840 -0.059557 -0.270727 0.014967 -0.124833 0.031286 -0.013001 -0.100393 0.019451 -0.092345 0.051438 0.159482 -0.043738 -0.059749 -0.048669 -0.112040 -0.069412 0.123035 0.108919 0.040468 0.125588 0.138194 0.166547
-0.094172 -0.287298 0.260331 1.000000 0.219317 0.193698 0.298605 0.292685 0.152602 -0.147258 -0.045232 0.249604 0.148482 0.174611 0.468116 0.218595 -0.271373 -0.254726 0.224852 -0.060392 -0.137140 -0.046184 0.557077 0.642588 0.282027 0.227754 0.115991 0.223470 -0.292632 -0.429202 0.368351 0.308278 -0.278422 -0.339772 0.065163 -0.035790 -0.281126 -0.236458 -0.125788 -0.196376 -0.211215 -0.056439 0.204575 0.065250 0.094503 0.000452 0.030630 0.047513 0.245318 0.205602 0.181482 0.184747 0.257625 0.409639 -0.194351 -0.065099 -0.207514 -0.361386 -0.294253 -0.211245 -0.265975 -0.160022 -0.360698 -0.350412 0.294614 0.236925 -0.132227 -0.061309 -0.272739 -0.238830 -0.212283 -0.108338 -0.280542 -0.242986 -0.082144 -0.083961 -0.085396 -0.292562 0.022968 -0.277618 -0.277523 -0.479986 -0.036908 -0.025506 0.093275 -0.059745 0.014303 -0.004805 0.165944 0.114382 -0.124187 0.049449 0.399934 0.110819 -0.079610 -0.182861 -0.143635 -0.186397 0.028181 0.005776 -0.031059 -0.031226 -0.130852 0.057533 -0.019010 -0.277380 -0.303092 -0.307868 -0.080921 -0.149811 -0.066579 -0.071423 0.004209 0.024694 0.235182 -0.095878
-0.193841 -0.398366 0.506546 0.219317 1.000000 0.475213 0.587494 0.170435 0.700192 0.222622 0.327542 0.041786 0.320345 0.150412 0.482408 0.328371 -0.199061 -0.295986 -0.109853 -0.357328 0.147566 0.023000 0.392780 0.312290 0.226451 0.036240 0.530190 0.143792 -0.220165 -0.232802 0.120749 0.046959 -0.213746 -0.193549 -0.028351 -0.035827 0.018170 0.071457 0.080647 -0.116136 0.012493 0.296956 0.443508 0.292584 0.155633 0.071423 0.408224 0.333143 0.287294 0.195362 0.196879 0.315396 0.209240 0.398332 0.033532 0.101590 -0.335256 -0.222315 -0.309939 -0.333386 -0.195542 -0.134202 -0.442359 -0.371878 0.403680 0.212113 -0.268279 -0.138240 -0.400234 -0.304398 -0.104725 -0.198024 -0.081457 -0.161646 -0.051374 -0.030800 0.070007 -0.156079 -0.199272 -0.305681 -0.429855 -0.399600 -0.141917 -0.235058 -0.127166 -0.219527 0.051235 -0.290548 0.092228 0.003268 -0.114841 0.145035 0.199014 0.164450 -0.062682 -0.289396 0.175424 -0.177453 0.164106 0.012081 -0.071302 -0.188978 -0.009536 -0.064716 0.202943 -0.236830 -0.315504 -0.249467 -0.101141 -0.076176 0.154214 0.230413 0.075013 0.146886 0.163818 -0.040423
-0.028535 -0.214992 0.071262 0.193698 0.475213 1.000000 0.187321 0.301806 0.332572 0.295477 0.006748 -0.084939 0.028792 0.152397 0.343034 0.325726 -0.066272 -0.353763 -0.221214 -0.422213 0.125790 0.199355 0.254857 0.288414 0.395489 0.355705 0.590107 0.526948 -0.313225 -0.285676 0.038501 0.040985 -0.191251 -0.209884 -0.011485 0.101790 -0.016882 -0.021610 0.116997 0.001088 -0.080667 0.190515 0.381570 0.276768 -0.131482 0.113358 0.261745 0.111682 0.166497 -0.118046 0.279748 0.128383 0.134491 0.278761 0.095310 0.057587 -0.162613 -0.199743 -0.317878 -0.206543 -0.221760 -0.058503 -0.288630 -0.284239 0.192144 0.395320 -0.136239 0.085454 -0.321736 -0.274048 -0.191455 -0.044099 -0.193638 -0.125054 -0.028587 -0.096888 0.017302 -0.129383 -0.125109 -0.170179 -0.302869 -0.433175 -0.194474 -0.375679 0.002757 0.099371 0.106839 -0.051456 0.270123 0.247530 -0.162086 -0.041522 0.254770 0.158423 -0.064941 -0.282023 0.067607 -0.203227 0.030873 -0.166983 -0.188790 -0.229404 0.139369 0.016165 0.213999 -0.150592 -0.193787 -0.125163 -0.169737 -0.264539 0.021037 0.056698 0.040809 0.158456 0.248391 0.023288
-0.172512 -0.217717 0.744835 0.298605 0.587494 0.187321 1.000000 0.479332 0.505030 0.184423 0.471261 0.274053 0.444655 0.381398 0.302750 0.180628 -0.084541 -0.160145 -0.165037 -0.380022 -0.134238 -0.141866 0.369077 0.269769 -0.050214 -0.113638 0.152471 -0.071107 -0.122626 -0.180704 0.046918 0.056817 -0.135866 -0.070738 -0.166470 -0.130548 -0.217092 -0.159949 0.065044 -0.159505 -0.066196 0.085433 0.196168 0.092129 0.245776 0.057585 0.106200 0.222110 0.361766 0.195104 0.241162 0.089879 0.223427 0.245638 -0.008250 0.007495 -0.454439 -0.263730 -0.348785 -0.374867 -0.017187 0.100910 -0.207989 -0.220860 0.504534 0.402178 -0.279994 -0.121630 -0.444693 -0.362338 -0.079842 -0.221141 0.003324 -0.044245 0.008720 -0.010398 0.001656 -0.167333 -0.244982 -0.356882 -0.451600 -0.378901 -0.144823 -0.248222 -0.187007 -0.246350 0.007929 -0.324058 0.145014 -0.012468 -0.075242 0.103869 0.210033 0.148395 -0.220825 -0.418162 -0.036424 -0.215428 0.020126 -0.030849 -0.073559 -0.135624 0.024419 0.132433 0.175474 -0.113032 -0.150984 -0.130725 -0.290580 -0.156151 0.144034 0.262346 0.140188 0.232907 0.251122 0.115461
-0.159099 0.088480 0.363311 0.292685 0.170435 0.301806 0.479332 1.000000 0.126142 0.326836 0.198406 0.299337 0.077162 0.548897 -0.102384 0.146577 0.047464 -0.142375 -0.438418 -0.478127 -0.086881 0.007912 -0.000755 0.083309 -0.053668 0.052475 -0.012234 -0.133055 -0.137651 -0.064400 -0.069765 0.060696 -0.061355 0.078415 -0.168216 0.063311 -0.244513 -0.056708 -0.066541 0.032968 -0.039571 0.074802 0.024376 0.027333 -0.029799 0.136349 -0.031525 -0.026525 0.125637 -0.082039 0.146637 -0.102321 0.010151 0.017383 -0.115909 -0.074276 -0.196436 -0.369726 -0.184606 -0.150382 0.205059 0.429787 -0.030263 -0.061029 0.264798 0.708832 -0.223328 0.222379 -0.376745 -0.234283 -0.066868 0.029344 -0.003114 0.063536 0.010032 -0.047495 -0.041621 -0.079922 -0.100631 -0.203570 -0.169464 -0.264329 -0.368267 -0.260554 -0.252707 -0.017819 -0.238584 -0.252882 -0.056590 -0.100516 -0.175846 -0.221015 0.131418 -0.140634 -0.175783 -0.245609 -0.213536 -0.071212 -0.243791 -0.244888 -0.051875 0.047521 0.123221 0.236088 0.081506 -0.063789 -0.063053 -0.084106 -0.250946 -0.204952 -0.053484 0.037417 -0.080998 0.146075 0.268110 0.092340
-0.158257 -0.366527 0.392353 0.152602 0.700192 0.332572 0.505030 0.126142 1.000000 0.443301 0.316733 0.128365 0.270848 0.158682 0.488076 0.238162 -0.313160 -0.454774 0.052881 -0.230187 0.059534 -0.024997 0.342325 0.309445 0.159372 0.041513 0.352893 0.045549 -0.270838 -0.193117 0.104488 0.119669 -0.122364 -0.108749 -0.046513 -0.099504 0.018128 0.049014 0.196692 -0.047034 0.004360 0.124747 0.380021 0.241360 -0.061923 -0.109618 0.360291 0.376929 0.250402 0.052534 0.192101 0.210028 0.210264 0.450697 -0.069978 0.107098 -0.221102 -0.245732 -0.371336 -0.391279 -0.216977 -0.152179 -0.409577 -0.432779 0.472227 0.147143 -0.309058 -0.212164 -0.306671 -0.234917 0.025700 -0.005962 -0.112656 -0.002437 0.054193 0.195522 0.099840 0.003073 -0.335239 -0.373687 -0.465600 -0.431019 -0.016750 -0.241218 -0.045052 -0.305071 0.184031 -0.203954 0.044696 0.002296 -0.094186 0.262838 0.325503 0.252874 0.157860 -0.105175 0.248773 -0.011448 0.220490 0.092269 0.068563 -0.201928 0.045773 -0.095863 0.110860 -0.177029 -0.257924 -0.157608 -0.009402 0.085621 0.216040 0.233118 0.110651 0.083848 0.138003 -0.008437
-0.059166 -0.128375 0.110323 -0.147258 0.222622 0.295477 0.184423 0.326836 0.443301 1.000000 0.042552 0.217096 -0.071915 0.234056 -0.091370 0.232924 0.090274 -0.124466 -0.215608 -0.259382 0.158303 0.048590 -0.199963 -0.151067 -0.096035 -0.110604 -0.098820 -0.204238 0.067012 0.198429 -0.099380 0.080755 0.084702 0.110001 -0.198800 -0.033130 0.032520 0.014338 -0.054288 -0.006804 0.010483 0.003908 0.165834 0.118339 -0.061410 0.043533 0.123114 0.119189 -0.005709 -0.067738 -0.025013 -0.027171 0.073833 0.113528 -0.225545 -0.043021 0.018621 -0.135033 -0.173924 -0.132000 0.034440 0.132582 0.107250 0.003925 0.018130 0.060071 -0.103274 -0.015129 -0.092210 -0.046753 0.222465 0.311570 0.232190 0.200659 0.098978 0.176251 0.123438 0.084118 -0.127849 -0.021147 -0.029862 -0.062596 -0.115009 -0.143244 -0.169024 -0.026946 -0.089113 -0.239650 -0.230572 -0.081574 -0.060707 -0.011910 0.127402 -0.082892 0.074655 -0.111281 0.006607 0.089417 0.004036 0.017188 -0.043785 0.027080 0.055463 0.086843 0.138681 0.005076 0.007980 0.081200 -0.077632 -0.066788 0.133486 0.155657 0.092791 0.073843 0.215952 0.082836
0.140680 0.071870 0.206248 -0.045232 0.327542 0.006748 0.471261 0.198406 0.316733 0.042552 1.000000 0.320130 0.834908 0.516391 0.263824 0.262636 0.229284 0.046999 -0.173188 -0.276820 -0.154764 -0.079237 0.089762 -0.044450 -0.125590 -0.229620 0.128306 -0.190990 0.278955 0.174809 0.076435 0.056565 0.116064 0.110135 -0.306238 -0.225678 -0.042047 -0.067578 0.159894 -0.137622 0.105485 0.064191 -0.013484 -0.121542 -0.031984 -0.187964 0.004227 0.007717 0.038068 -0.089211 0.152976 -0.041785 0.082001 -0.009389 0.128590 0.085681 -0.121243 -0.080958 -0.136478 -0.255399 0.323141 0.245420 -0.013054 0.038626 0.489729 0.359985 -0.381965 -0.327258 -0.333898 -0.389697 -0.040128 -0.127009 0.295857 0.267721 0.154916 0.174532 0.183093 -0.176513 -0.035377 0.085300 -0.128503 -0.002654 -0.167073 -0.168388 0.017921 -0.030667 -0.002902 -0.116049 -0.061893 -0.054474 -0.244821 -0.185631 0.001006 -0.121208 -0.254016 -0.215144 0.028561 -0.187688 -0.125328 -0.000461 -0.092028 -0.236111 0.174394 0.083882 0.266094 -0.259163 -0.300728 -0.125850 -0.203990 -0.225455 -0.069513 0.155949 -0.036230 0.183230 0.305521 0.016880
-0.168630 -0.115083 -0.025271 0.249604 0.041786 -0.084939 0.274053 0.299337 0.128365 0.217096 0.320130 1.000000 0.354428 0.651165 0.092699 0.455165 0.095385 0.111875 -0.236685 -0.200484 -0.192778 -0.023923 0.104479 0.167653 -0.157225 -0.223310 -0.086084 -0.263994 0.302555 0.301707 0.259520 0.206353 0.066521 0.135963 -0.000555 -0.036307 -0.003576 -0.150972 0.015147 -0.013899 0.016821 -0.199797 -0.028178 -0.154444 0.089368 -0.048460 -0.090734 -0.023110 0.000415 0.195366 -0.061267 0.084495 0.001247 0.099666 -0.288676 -0.065990 -0.159571 -0.358353 -0.210387 -0.262359 0.065520 0.179451 0.058136 0.096630 0.347683 0.343210 -0.356360 -0.227873 -0.276343 -0.228567 -0.179198 -0.007378 0.222651 0.174731 0.077096 0.118426 0.104670 -0.040207 0.046797 0.016229 -0.115050 -0.065039 -0.140575 0.165018 -0.045573 -0.004471 -0.098890 -0.110912 -0.230812 -0.169906 -0.038381 -0.099211 0.240235 -0.160141 -0.229169 -0.016342 -0.104039 -0.102937 -0.043271 -0.062941 0.078544 -0.023179 0.066168 0.127280 -0.038998 -0.043915 -0.124681 -0.255333 -0.153381 -0.057862 -0.241534 -0.022567 -0.035403 -0.016260 0.142719 -0.063747
0.098198 -0.012655 0.188532 0.148482 0.320345 0.028792 0.444655 0.077162 0.270848 -0.071915 0.834908 0.354428 1.000000 0.461657 0.400196 0.253150 0.115988 0.094749 -0.020798 -0.147381 -0.314215 -0.196064 0.275135 0.114158 0.036258 -0.156335 0.152304 -0.072058 0.271998 0.124940 0.222584 0.112578 0.122020 0.093754 -0.083871 -0.064916 -0.077256 -0.181961 0.162894 -0.157558 0.005634 -0.010979 -0.058987 -0.148240 0.015873 -0.101237 -0.119207 -0.083446 0.018057 0.009236 0.061337 -0.044548 0.036622 -0.002933 0.094410 -0.024602 -0.161018 -0.072893 -0.193550 -0.257100 0.191923 0.113646 -0.142178 -0.012258 0.536164 0.311322 -0.346274 -0.299267 -0.294817 -0.313576 -0.218805 -0.267289 0.200964 0.126788 0.059941 0.074509 0.124804 -0.274436 0.108705 0.133860 -0.119929 -0.047198 -0.048379 -0.110204 0.129368 -0.044514 0.137053 -0.068690 0.097849 -0.070695 -0.245346 -0.184394 0.027895 -0.091951 -0.179150 -0.276865 -0.013728 -0.325223 -0.158749 -0.096232 -0.039640 -0.166248 0.081007 -0.031751 0.178023 -0.323183 -0.361555 -0.308227 -0.120915 -0.317413 -0.119488 0.044583 -0.044913 0.144428 0.260921 -0.064604
-0.188906 0.053392 0.105188 0.174611 0.150412 0.152397 0.381398 0.548897 0.158682 0.234056 0.516391 0.651165 0.461657 1.000000 0.029835 0.452452 0.033815 -0.114458 -0.441497 -0.448608 -0.099474 -0.012262 0.007642 0.104329 -0.133228 -0.086055 -0.031933 -0.202075 0.121877 0.048889 0.096548 0.102045 -0.001862 0.150117 -0.193782 0.011729 -0.150626 -0.145004 0.091342 0.106482 0.069544 -0.139221 0.027797 -0.032784 0.045228 0.086807 -0.035528 -0.021083 0.074271 -0.017120 0.099192 0.016612 0.023549 0.037227 -0.143044 0.066859 -0.275167 -0.454362 -0.203596 -0.231083 0.124840 0.329808 -0.028575 -0.084646 0.326775 0.665174 -0.316041 -0.052343 -0.305607 -0.224452 -0.129526 -0.003928 0.107490 0.119371 0.109592 0.003363 0.072143 -0.081253 -0.103743 -0.031589 -0.233540 -0.264187 -0.290005 -0.153951 -0.242684 0.008244 -0.061336 -0.155706 -0.192594 -0.120072 -0.081816 -0.234250 0.252813 -0.122281 -0.166668 -0.035920 -0.019051 0.051350 -0.116161 -0.100519 0.054133 -0.046531 0.224029 0.256118 0.172152 -0.054380 -0.069494 -0.112564 -0.132633 -0.138660 -0.124873 0.058056 -0.076390 0.256756 0.348884 0.145968
-0.133958 -0.484118 0.112940 0.468116 0.482408 0.343034 0.302750 -0.102384 0.488076 -0.091370 0.263824 0.092699 0.400196 0.029835 1.000000 0.420852 -0.186677 -0.280900 0.068391 -0.286985 0.026696 0.156303 0.755047 0.683976 0.415457 0.325279 0.396355 0.503370 -0.249387 -0.302618 0.413169 0.338558 -0.292151 -0.337739 0.046756 -0.123153 0.104568 -0.012186 0.213475 -0.043920 0.085375 0.175970 0.473438 0.248945 0.031770 -0.207044 0.369488 0.297576 0.268630 0.147911 0.332306 0.295494 0.365336 0.578601 0.065351 0.177202 -0.230792 -0.111196 -0.477775 -0.434929 -0.439263 -0.374208 -0.592043 -0.440896 0.408504 0.105094 -0.317740 -0.375697 -0.453336 -0.418853 -0.250939 -0.203051 -0.150682 -0.222724 0.002115 0.000437 0.079075 -0.237973 0.033299 -0.238631 -0.423779 -0.400141 0.025801 -0.131353 0.325865 -0.059897 0.187708 0.009949 0.338260 0.163246 -0.232944 0.033414 0.240317 0.168671 -0.062529 -0.201701 0.197156 -0.228563 0.202491 0.033550 -0.128555 -0.355771 -0.082596 -0.056061 0.098825 -0.285048 -0.514044 -0.401844 -0.051388 -0.122762 0.100892 0.176218 0.099627 0.087874 0.223122 -0.199121
-0.139967 -0.235264 -0.068920 0.218595 0.328371 0.325726 0.180628 0.146577 0.238162 0.232924 0.262636 0.455165 0.253150 0.452452 0.420852 1.000000 0.150100 -0.011635 -0.321302 -0.453572 0.248528 0.351821 0.227435 0.261228 0.164539 0.114715 0.264783 0.178324 0.087911 0.171985 0.222077 0.139526 -0.150568 -0.248942 -0.097783 -0.159223 0.221052 0.100682 0.087260 0.054521 0.198615 0.046681 0.353445 0.087484 0.037444 -0.176371 0.342703 0.074369 0.094057 0.045103 0.298730 0.185813 0.302119 0.264270 0.044913 0.067180 -0.178525 -0.234389 -0.310724 -0.296964 -0.138302 -0.086786 -0.154408 -0.049973 0.085612 0.185107 -0.243532 -0.352764 -0.448622 -0.395095 -0.053246 0.073318 0.202931 0.173310 0.155452 0.156138 0.161237 -0.165523 0.174553 0.108430 -0.084939 -0.090125 -0.245169 -0.068822 0.092267 0.321444 -0.042044 0.080518 -0.007178 0.085318 -0.174008 -0.210917 0.149760 -0.129277 -0.335855 -0.167199 0.040606 -0.275152 0.001737 -0.155752 -0.074706 -0.220403 -0.025629 0.169466 0.156503 -0.112434 -0.334502 -0.310863 -0.201589 -0.048653 -0.126946 -0.041708 0.017523 0.123592 0.315487 -0.086207
0.232692 0.159965 -0.198232 -0.271373 -0.199061 -0.066272 -0.084541 0.047464 -0.313160 0.090274 0.229284 0.095385 0.115988 0.033815 -0.186677 0.150100 1.000000 0.570561 -0.238606 -0.059321 0.068392 0.120509 -0.257458 -0.377365 -0.177647 -0.267652 -0.168856 -0.270289 0.524383 0.606947 -0.033256 -0.038244 0.255865 0.178625 -0.194807 -0.142777 0.268613 0.085916 -0.035090 -0.193370 0.222052 0.214714 -0.153234 -0.133821 0.009237 -0.102993 -0.101655 -0.222088 -0.296306 -0.064460 -0.053745 -0.250737 -0.021198 -0.251008 -0.012600 -0.113566 0.411776 0.358396 0.104847 -0.056389 0.322851 0.121956 0.424556 0.432558 -0.137617 -0.071222 0.013314 -0.235217 0.006979 -0.203725 0.014274 0.006778 0.581051 0.484379 0.322564 0.209095 0.333504 -0.069338 0.556751 0.538828 0.646660 0.623762 -0.078074 0.128991 0.252725 0.456697 -0.028291 0.197025 -0.253624 -0.120031 -0.351497 -0.544018 -0.415726 -0.556980 -0.397134 -0.152453 -0.171473 -0.301416 -0.288147 -0.102229 -0.108580 -0.076263 0.127833 0.206485 0.176387 -0.217296 -0.226025 -0.129041 -0.270346 -0.208378 -0.216504 -0.089842 -0.050601 0.030430 0.226563 -0.183596
0.067958 0.256967 -0.129618 -0.254726 -0.295986 -0.353763 -0.160145 -0.142375 -0.454774 -0.124466 0.046999 0.111875 0.094749 -0.114458 -0.280900 -0.011635 0.570561 1.000000 -0.116554 0.118279 -0.130763 -0.114794 -0.219686 -0.385861 -0.046105 -0.249209 -0.298287 -0.295554 0.518565 0.507188 -0.075868 -0.300087 -0.017803 -0.054701 0.233337 -0.023523 0.190241 0.074821 -0.191535 -0.148859 0.051893 -0.004068 -0.308157 -0.237694 0.319659 0.104144 -0.226762 -0.249167 -0.148156 0.283579 -0.042854 -0.045688 -0.145839 -0.417113 0.120515 -0.280091 0.131198 0.377623 0.287439 0.235366 0.279023 0.121034 0.484195 0.643450 -0.328724 -0.240188 0.271382 -0.074751 0.244103 0.119299 -0.077190 -0.105684 0.353629 0.291809 0.062559 0.029127 0.037780 -0.155331 0.605027 0.525585 0.572996 0.740906 -0.043071 0.262702 0.086410 0.224083 -0.127307 0.086518 -0.083923 -0.137822 -0.139458 -0.359269 -0.480738 -0.335785 -0.212169 -0.114961 -0.261136 -0.185403 -0.350766 -0.212521 0.115087 0.199719 -0.135736 -0.064492 -0.174413 -0.126468 0.025710 -0.154379 -0.033412 -0.013768 -0.136139 -0.204776 -0.153777 -0.193677 -0.090561 -0.186283
0.318566 0.054285 0.004633 0.224852 -0.109853 -0.221214 -0.165037 -0.438418 0.052881 -0.215608 -0.173188 -0.236685 -0.020798 -0.441497 0.068391 -0.321302 -0.238606 -0.116554 1.000000 0.584924 -0.090814 -0.305145 0.068090 0.010077 -0.013719 -0.073044 -0.019588 0.032405 -0.126050 -0.154377 0.034861 0.022958 0.226618 0.000405 0.077756 -0.086094 -0.046420 -0.114607 -0.037606 -0.387588 -0.256715 0.090379 -0.083059 -0.229154 -0.174235 -0.225936 -0.028660 -0.166791 -0.101392 -0.079016 -0.067215 -0.034498 0.168130 0.090332 0.068874 -0.082146 0.158429 0.194607 0.121938 0.192004 -0.079777 -0.155718 -0.002030 -0.037107 -0.004073 -0.425593 0.263926 -0.087799 0.333161 0.237894 -0.013842 -0.075757 -0.162870 -0.084858 -0.118653 0.051301 -0.013823 -0.060111 -0.052930 -0.011383 0.060574 -0.056633 0.237959 0.119271 0.260632 -0.080597 0.156057 0.069116 0.113346 0.153446 0.073948 0.212294 0.088786 0.132479 0.252966 -0.012291 0.001398 -0.167762 0.080283 0.094571 0.100212 0.091645 -0.001050 -0.299956 -0.092593 -0.194598 -0.091003 -0.048026 0.184713 -0.016114 -0.104131 -0.185016 -0.062135 -0.133738 -0.162633 -0.212252
0.202918 0.304606 -0.290980 -0.060392 -0.357328 -0.422213 -0.380022 -0.478127 -0.230187 -0.259382 -0.276820 -0.200484 -0.147381 -0.448608 -0.286985 -0.453572 -0.059321 0.118279 0.584924 1.000000 -0.216493 -0.353519 -0.244200 -0.214263 -0.198222 -0.252411 -0.149055 -0.154914 0.075971 0.076195 -0.219576 -0.228123 0.234725 0.170279 0.001833 -0.009362 -0.094856 -0.133853 -0.258411 -0.184001 -0.236163 -0.207889 -0.351539 -0.165039 -0.080175 -0.126403 -0.277209 -0.153589 -0.228473 -0.001058 -0.483459 -0.135401 -0.177120 -0.236309 -0.050369 -0.146386 0.290500 0.368999 0.289793 0.316455 -0.003943 -0.110244 0.154304 -0.046099 -0.192657 -0.501190 0.191876 0.067324 0.641944 0.603473 0.088115 0.051992 -0.155092 -0.023666 -0.133431 0.053763 -0.075052 0.150046 0.015545 0.003480 0.339372 0.262158 0.483561 0.412856 0.194487 -0.073964 0.166179 0.280494 0.061044 -0.011543 0.341695 0.267714 0.031147 0.134287 0.129634 0.245361 -0.202825 0.127115 -0.035751 0.237770 0.243267 0.352651 -0.066181 -0.097367 -0.297523 0.055114 0.305607 0.168290 0.182422 0.090675 -0.078622 -0.177545 -0.046359 -0.210953 -0.301012 0.010322
-0.039356 -0.206140 -0.081562 -0.137140 0.147566 0.125790 -0.134238 -0.086881 0.059534 0.158303 -0.154764 -0.192778 -0.314215 -0.099474 0.026696 0.248528 0.068392 -0.130763 -0.090814 -0.216493 1.000000 0.654409 -0.068573 -0.008579 0.057878 0.160702 0.247260 0.218568 0.005759 0.067123 0.067202 0.117138 -0.123453 -0.219645 -0.093512 -0.190896 0.453590 0.389623 0.146602 0.141803 0.372944 0.195023 0.385642 0.264995 0.079009 -0.056779 0.524172 0.219142 -0.030200 0.049372 0.160645 0.170353 0.153796 0.228736 0.051261 0.277244 0.026002 0.055109 -0.205969 -0.158352 -0.271398 -0.301002 -0.108299 -0.051744 -0.373251 -0.224450 -0.034748 -0.266445 -0.150289 -0.232620 0.382181 0.215407 0.141300 0.127709 0.225052 0.162996 0.277033 0.186397 -0.036977 0.042128 -0.007355 0.009039 -0.200969 -0.173428 -0.088992 0.157491 -0.197505 0.034471 -0.246032 0.046474 -0.190120 -0.102681 -0.152005 -0.123339 -0.042715 0.182820 0.388068 0.196924 0.235154 0.027042 -0.196885 -0.264616 0.039336 -0.004684 0.260758 0.098946 -0.110915 0.062360 0.046536 0.450749 0.199259 0.146322 0.184886 0.089646 0.091883 0.007977
-0.100439 -0.312429 -0.129421 -0.046184 0.023000 0.199355 -0.141866 0.007912 -0.024997 0.048590 -0.079237 -0.023923 -0.196064 -0.012262 0.156303 0.351821 0.120509 -0.114794 -0.305145 -0.353519 0.654409 1.000000 0.157829 0.272328 0.228482 0.488376 0.186221 0.452943 0.047690 0.066457 0.375233 0.491949 -0.128433 -0.172405 -0.114467 -0.154240 0.353334 0.354370 0.233077 0.457231 0.386538 0.091366 0.288791 0.230732 -0.077744 -0.118560 0.345546 0.154466 -0.057699 -0.071051 0.142352 0.052214 0.117525 0.215746 -0.076864 0.221063 -0.089003 -0.060122 -0.431970 -0.411671 -0.304762 -0.389580 -0.148224 -0.090191 -0.152759 -0.045688 -0.300960 -0.303210 -0.455845 -0.487588 0.324176 0.380355 0.153835 0.185358 0.280137 0.240614 0.303390 0.254690 0.000206 0.045794 -0.138973 -0.067938 -0.266608 -0.168898 -0.071184 0.157066 -0.317706 0.101413 -0.107504 0.106662 -0.266038 -0.122947 -0.120821 -0.137432 -0.164905 0.200062 0.383934 0.159359 0.180560 -0.057541 -0.377960 -0.390127 -0.008312 0.091593 0.309478 0.183242 -0.170902 -0.056748 -0.084916 0.366707 0.041619 0.086920 0.177800 0.093887 0.245954 0.097277
-0.258297 -0.515237 0.294473 0.557077 0.392780 0.254857 0.369077 -0.000755 0.342325 -0.199963 0.089762 0.104479 0.275135 0.007642 0.755047 0.227435 -0.257458 -0.219686 0.068090 -0.244200 -0.068573 0.157829 1.000000 0.882873 0.523815 0.496659 0.323173 0.566542 -0.397422 -0.465231 0.649884 0.510171 -0.405528 -0.330404 0.202051 0.126545 -0.091837 -0.151669 0.118539 0.021578 -0.003587 0.066007 0.289760 0.232758 0.104284 -0.014783 0.150096 0.281296 0.277465 0.182587 0.303609 0.244427 0.251855 0.517063 -0.130920 0.056300 -0.350704 -0.143619 -0.519630 -0.499166 -0.540178 -0.478566 -0.574667 -0.355554 0.424404 0.185121 -0.330129 -0.190959 -0.447439 -0.395807 -0.305948 -0.189786 -0.360819 -0.301612 -0.001235 -0.024456 0.031086 -0.156214 0.021378 -0.256301 -0.493870 -0.437617 -0.144914 -0.218972 0.121768 -0.275317 0.061663 -0.065014 0.412293 0.030058 -0.130562 0.153753 0.270619 0.234861 -0.150335 -0.237149 0.120210 -0.254214 0.184349 0.037918 -0.101033 -0.240591 -0.144634 -0.034173 0.054559 -0.280849 -0.382902 -0.445225 -0.158613 -0.035910 0.090560 0.072651 0.100214 0.063996 0.214223 -0.140286
-0.291197 -0.569940 0.192609 0.642588 0.312290 0.288414 0.269769 0.083309 0.309445 -0.151067 -0.044450 0.167653 0.114158 0.104329 0.683976 0.261228 -0.377365 -0.385861 0.010077 -0.214263 -0.008579 0.272328 0.882873 1.000000 0.443549 0.551044 0.293691 0.583171 -0.424689 -0.543009 0.595533 0.555545 -0.423553 -0.347317 0.097147 0.086029 -0.149194 -0.200803 0.040005 0.110956 -0.001763 -0.039833 0.319870 0.227974 0.082641 -0.011689 0.169530 0.267122 0.324705 0.187928 0.242431 0.280855 0.216009 0.575688 -0.264447 0.116989 -0.349060 -0.316013 -0.536009 -0.468834 -0.642468 -0.501337 -0.619339 -0.501783 0.361364 0.193092 -0.332090 -0.126469 -0.420605 -0.318080 -0.189572 -0.093193 -0.446432 -0.352277 -0.047215 -0.055675 -0.046101 -0.133491 -0.093900 -0.397913 -0.551694 -0.569851 -0.135580 -0.175729 0.058696 -0.250390 -0.057906 -0.016934 0.317603 0.036500 -0.003622 0.253041 0.454113 0.328785 -0.080798 -0.072920 0.113420 -0.046967 0.254226 0.096431 -0.123035 -0.203254 -0.172399 -0.003050 0.025483 -0.108387 -0.255269 -0.357529 -0.065292 0.071984 0.072007 0.067888 0.110525 0.071819 0.191377 -0.047002
-0.242635 -0.377375 0.088864 0.282027 0.226451 0.395489 -0.050214 -0.053668 0.159372 -0.096035 -0.125590 -0.157225 0.036258 -0.133228 0.415457 0.164539 -0.177647 -0.046105 -0.013719 -0.198222 0.057878 0.228482 0.523815 0.443549 1.000000 0.748265 0.279648 0.507327 -0.250884 -0.282625 0.487839 0.226333 -0.355383 -0.405271 0.454282 0.273469 0.084991 0.214199 0.245787 0.210927 0.080563 0.130607 0.184865 0.218748 -0.046387 0.177367 0.073093 0.021895 -0.008937 0.003527 0.104012 0.088848 0.021705 0.172445 0.124756 -0.072620 -0.174599 -0.109060 -0.319269 -0.298200 -0.339285 -0.444817 -0.382855 -0.178768 0.056854 0.062299 -0.063392 0.151590 -0.216712 -0.193401 -0.194799 0.005395 -0.299340 -0.100966 0.172986 0.099654 0.045333 -0.069376 0.244413 0.021500 -0.175617 -0.186349 -0.090525 -0.148111 0.129508 -0.019700 0.175800 -0.032064 0.271824 0.076467 -0.340379 -0.136825 -0.080537 0.052550 0.164598 -0.088956 0.133775 -0.132488 -0.198848 -0.381291 -0.054997 -0.150168 -0.195679 -0.111604 0.062785 -0.123551 -0.246573 -0.144739 -0.042171 -0.042596 0.073317 -0.200649 -0.164738 -0.058507 0.185356 0.011381
-0.167509 -0.307497 0.037403 0.227754 0.036240 0.355705 -0.113638 0.052475 0.041513 -0.110604 -0.229620 -0.223310 -0.156335 -0.086055 0.325279 0.114715 -0.267652 -0.249209 -0.073044 -0.252411 0.160702 0.488376 0.496659 0.551044 0.748265 1.000000 0.135208 0.731593 -0.399899 -0.431232 0.455624 0.444935 -0.295468 -0.298403 0.250130 0.193938 -0.021831 0.173255 0.198449 0.408285 0.146924 0.096867 0.156383 0.254727 -0.173005 0.067834 0.045771 0.030950 0.040520 -0.162590 0.141304 -0.015608 0.009529 0.168297 -0.006246 0.005401 -0.214965 -0.155555 -0.410530 -0.334060 -0.407248 -0.417370 -0.354145 -0.242795 0.000260 0.160421 -0.086734 0.158726 -0.314142 -0.246552 -0.055992 0.201718 -0.356639 -0.117395 0.170028 0.047911 0.018726 0.107502 0.030537 -0.106539 -0.304511 -0.350311 -0.161822 -0.252661 -0.041823 -0.066970 -0.039415 -0.002001 0.294423 0.111285 -0.246548 -0.034658 0.024854 0.146061 0.153362 0.054968 0.247901 0.035181 0.003295 -0.262343 -0.176620 -0.191100 -0.044494 -0.007281 0.128736 0.013233 -0.100820 -0.147731 0.004852 0.077244 0.096242 -0.064493 -0.002526 0.059243 0.234342 0.117491
-0.053234 -0.151055 0.015041 0.115991 0.530190 0.590107 0.152471 -0.012234 0.352893 -0.098820 0.128306 -0.086084 0.152304 -0.031933 0.396355 0.264783 -0.168856 -0.298287 -0.019588 -0.149055 0.247260 0.186221 0.323173 0.293691 0.279648 0.135208 1.000000 0.493021 -0.256437 -0.232292 0.093435 -0.033137 -0.152571 -0.186436 0.048729 -0.055328 0.099788 0.013703 0.224028 -0.054304 -0.015968 0.182699 0.262143 0.095941 -0.077332 -0.146886 0.355360 0.102017 0.130823 -0.024670 0.183754 0.192937 0.155312 0.308443 0.290962 0.187316 -0.160477 -0.007904 -0.178362 -0.111657 -0.220078 -0.140929 -0.378660 -0.287555 0.198278 0.184837 -0.149587 -0.140487 -0.214067 -0.160215 -0.213556 -0.308434 -0.249690 -0.196095 -0.091120 -0.016474 -0.073589 -0.231770 -0.175291 -0.219133 -0.301459 -0.307808 -0.068592 -0.207278 0.075417 -0.005607 0.096816 0.033860 0.343241 0.291396 0.018213 0.073112 0.157342 0.200395 -0.090274 -0.138495 0.181310 -0.179502 0.165136 -0.075263 -0.167452 -0.277685 0.061914 -0.119535 0.154141 -0.098327 -0.227293 -0.091352 -0.050519 -0.041525 -0.019035 0.093809 0.030194 0.139448 -0.014448 -0.047780
0.008729 -0.230957 -0.111369 0.223470 0.143792 0.526948 -0.071107 -0.133055 0.045549 -0.204238 -0.190990 -0.263994 -0.072058 -0.202075 0.503370 0.178324 -0.270289 -0.295554 0.032405 -0.154914 0.218568 0.452943 0.566542 0.583171 0.507327 0.731593 0.493021 1.000000 -0.440336 -0.501805 0.243316 0.264309 -0.250704 -0.329312 0.135286 0.005458 0.013879 0.025405 0.130214 0.216577 0.005727 0.077879 0.284305 0.241044 -0.111768 -0.109169 0.213426 0.108416 0.207267 -0.084264 0.284992 0.141966 0.146140 0.303230 0.109027 0.078169 -0.197531 0.042171 -0.413208 -0.228897 -0.495402 -0.420729 -0.426217 -0.288633 0.020812 0.077417 -0.069596 -0.053049 -0.268055 -0.209897 -0.144038 -0.060660 -0.396527 -0.303004 -0.090668 -0.117715 -0.040759 -0.027548 -0.119669 -0.189607 -0.374142 -0.398772 -0.086684 -0.308248 0.064625 0.007096 -0.009428 0.087748 0.525805 0.333173 -0.062565 0.132555 0.212213 0.299928 -0.025275 -0.058418 0.243864 -0.049251 0.229222 -0.068569 -0.201966 -0.280337 0.059032 -0.085256 0.129842 -0.019830 -0.103453 -0.186043 -0.059862 0.056067 0.116462 0.091635 0.151962 0.123680 0.087865 0.010125
0.113494 0.064870 -0.198561 -0.292632 -0.220165 -0.313225 -0.122626 -0.137651 -0.270838 0.067012 0.278955 0.302555 0.271998 0.121877 -0.249387 0.087911 0.524383 0.518565 -0.126050 0.075971 0.005759 0.047690 -0.397422 -0.424689 -0.250884 -0.399899 -0.256437 -0.440336 1.000000 0.673407 0.008784 -0.010778 0.345880 0.246969 -0.020646 -0.030779 0.315722 0.016731 -0.056734 -0.145607 0.179343 -0.204135 -0.200052 -0.182466 0.172900 0.060808 -0.121363 -0.252989 -0.307557 0.075380 -0.303887 -0.181050 -0.266281 -0.329193 -0.130271 -0.195852 0.078470 0.009409 0.169402 0.060929 0.342527 0.203720 0.403962 0.374284 -0.114926 -0.144833 -0.001697 -0.180010 0.013442 -0.094199 0.108964 0.021441 0.787220 0.354248 0.256591 0.115663 0.277313 0.009287 0.335395 0.521173 0.425857 0.510536 0.020361 0.237827 0.088887 0.241497 -0.085476 -0.088262 -0.480936 -0.346928 -0.316272 -0.400775 -0.426555 -0.475630 -0.119382 0.105073 0.049331 -0.079251 -0.285717 -0.163022 -0.147766 -0.061572 0.057377 0.029486 0.233647 0.129324 0.058126 0.119303 0.025961 -0.020618 -0.258287 -0.003997 -0.031650 0.070283 0.148498 0.075535
0.063954 0.175055 -0.308545 -0.429202 -0.232802 -0.285676 -0.180704 -0.064400 -0.193117 0.198429 0.174809 0.301707 0.124940 0.048889 -0.302618 0.171985 0.606947 0.507188 -0.154377 0.076195 0.067123 0.066457 -0.465231 -0.543009 -0.282625 -0.431232 -0.232292 -0.501805 0.673407 1.000000 -0.078683 -0.069878 0.364157 0.339068 -0.079615 -0.115226 0.384325 0.153978 0.077771 -0.035616 0.242901 0.074290 -0.217394 -0.224975 -0.084070 -0.157119 -0.039710 -0.224390 -0.448928 -0.085075 -0.239874 -0.296644 -0.111472 -0.327045 0.028205 -0.119381 0.254898 0.219661 0.156628 0.033522 0.308920 0.230576 0.442927 0.442895 -0.135559 -0.221897 -0.051982 -0.271038 0.079800 -0.037281 0.208697 0.224466 0.686235 0.581135 0.260028 0.317485 0.272840 0.147637 0.395838 0.534175 0.543012 0.651907 0.063173 0.285285 0.225881 0.386728 0.000312 0.178960 -0.355106 -0.199605 -0.201300 -0.393234 -0.381700 -0.463336 -0.148031 0.009680 -0.055334 -0.205524 -0.288326 -0.195335 -0.042847 0.061374 0.012677 0.043518 0.014567 0.053043 -0.063964 0.011750 -0.082665 -0.071611 -0.275316 -0.171940 -0.100177 -0.141546 0.016464 -0.126395
-0.287065 -0.544678 0.132033 0.368351 0.120749 0.038501 0.046918 -0.069765 0.104488 -0.099380 0.076435 0.259520 0.222584 0.096548 0.413169 0.222077 -0.033256 -0.075868 0.034861 -0.219576 0.067202 0.375233 0.649884 0.595533 0.487839 0.455624 0.093435 0.243316 0.008784 -0.078683 1.000000 0.795477 -0.113081 -0.029700 0.184100 0.202005 0.054109 -0.016324 0.235172 0.137927 0.203056 0.041362 0.094571 0.089603 -0.026741 0.041334 -0.005359 0.075672 -0.079822 0.090592 0.039007 0.099572 0.097920 0.297875 -0.276803 0.072292 -0.211432 -0.218197 -0.425288 -0.522474 -0.360765 -0.464008 -0.303405 -0.150992 0.292213 0.070825 -0.386124 -0.199226 -0.416736 -0.458263 -0.133129 0.125678 -0.034652 0.007263 0.253583 0.180027 0.226149 0.041171 0.182195 0.075588 -0.255635 -0.213538 -0.250419 -0.061818 0.056055 -0.191553 -0.023994 -0.074194 -0.064260 -0.148249 -0.281735 -0.123066 0.022098 -0.120099 -0.132582 -0.036035 0.167872 -0.198092 0.010043 -0.052753 -0.251677 -0.250593 -0.208376 0.017021 0.111414 -0.184251 -0.426486 -0.374700 -0.140601 0.036886 -0.135948 -0.116637 -0.009891 0.036138 0.270649 -0.100747
-0.073946 -0.465275 0.082108 0.308278 0.046959 0.040985 0.056817 0.060696 0.119669 0.080755 0.056565 0.206353 0.112578 0.102045 0.338558 0.139526 -0.038244 -0.300087 0.022958 -0.228123 0.117138 0.491949 0.510171 0.555545 0.226333 0.444935 -0.033137 0.264309 -0.010778 -0.069878 0.795477 1.000000 0.100350 0.144983 -0.125560 0.128052 0.035689 -0.010805 0.125997 0.208282 0.219555 0.004652 0.135927 0.158376 -0.187361 -0.079042 0.030588 0.101336 -0.183419 -0.132881 -0.090103 -0.130589 0.118931 0.298393 -0.425597 0.043570 -0.105520 -0.235633 -0.478932 -0.583903 -0.273745 -0.333058 -0.265622 -0.175741 0.327850 0.080150 -0.432947 -0.277822 -0.514496 -0.570304 0.060448 0.328325 0.091237 0.078165 0.271870 0.241987 0.336855 0.201626 -0.087980 -0.063026 -0.307037 -0.291428 -0.188943 -0.090205 0.014405 -0.159460 -0.213656 -0.099050 -0.122521 -0.163740 -0.311235 -0.079347 0.077170 -0.152926 -0.083954 0.016636 0.248445 -0.071557 0.143273 0.036262 -0.389254 -0.335706 0.001383 0.104910 0.303412 -0.094064 -0.349721 -0.276842 -0.136784 0.032446 -0.067240 0.060151 0.166141 0.154558 0.404858 0.003731
0.281164 0.271781 -0.140377 -0.278422 -0.213746 -0.191251 -0.135866 -0.061355 -0.122364 0.084702 0.116064 0.066521 0.122020 -0.001862 -0.292151 -0.150568 0.255865 -0.017803 0.226618 0.234725 -0.123453 -0.128433 -0.405528 -0.423553 -0.355383 -0.295468 -0.152571 -0.250704 0.345880 0.364157 -0.113081 0.100350 1.000000 0.783583 -0.294584 0.047182 0.084299 -0.015534 -0.037079 -0.037720 0.046422 -0.001113 -0.415378 -0.312598 -0.382099 -0.221929 -0.313346 -0.366860 -0.423710 -0.447381 -0.344964 -0.562556 -0.298696 -0.446381 -0.171277 -0.188526 0.268320 0.072172 0.191869 0.124065 0.410527 0.276726 0.366098 0.267032 0.086592 -0.063995 0.143014 0.067291 0.149782 0.052827 -0.110298 -0.006244 0.436527 0.201368 0.068943 0.082239 0.234709 0.113609 -0.061232 0.179192 0.379566 0.239655 0.174978 0.109926 0.053675 0.179703 0.141107 0.008201 -0.240537 -0.219310 -0.196672 -0.255437 -0.189513 -0.394693 -0.016224 -0.023732 -0.033393 -0.059856 -0.242091 -0.114507 -0.147667 -0.073062 0.250467 -0.085982 0.113681 0.008972 0.027511 0.133555 -0.082947 -0.131964 -0.177859 -0.143278 -0.091973 0.000722 0.026659 -0.013727
0.052512 0.261291 -0.090110 -0.339772 -0.193549 -0.209884 -0.070738 0.078415 -0.108749 0.110001 0.110135 0.135963 0.093754 0.150117 -0.337739 -0.248942 0.178625 -0.054701 0.000405 0.170279 -0.219645 -0.172405 -0.330404 -0.347317 -0.405271 -0.298403 -0.186436 -0.329312 0.246969 0.339068 -0.029700 0.144983 0.783583 1.000000 -0.257502 0.262420 -0.000761 -0.116913 0.028865 0.040017 0.076136 -0.082607 -0.492188 -0.280120 -0.386967 -0.037638 -0.418256 -0.286811 -0.436982 -0.413020 -0.420143 -0.517519 -0.364834 -0.430898 -0.200042 -0.159609 0.167015 0.073564 0.196823 0.081920 0.339036 0.338791 0.277756 0.148120 0.188672 0.152669 -0.028709 0.211902 0.230973 0.173522 -0.132059 0.036982 0.283410 0.076399 0.033647 -0.003321 0.137085 0.274350 -0.085382 0.143486 0.221731 0.195077 0.141816 0.158900 -0.080709 -0.038976 0.142044 -0.070509 -0.209189 -0.299078 -0.054085 -0.244483 -0.155397 -0.321824 -0.048380 0.006721 -0.098076 0.023988 -0.265291 -0.061298 0.032620 0.072868 0.249067 0.017861 -0.016404 0.034628 0.181298 0.124384 -0.099929 -0.167553 -0.184827 -0.117106 -0.099298 0.013275 -0.099905 -0.008970
-0.215124 -0.153486 -0.001734 0.065163 -0.028351 -0.011485 -0.166470 -0.168216 -0.046513 -0.198800 -0.306238 -0.000555 -0.083871 -0.193782 0.046756 -0.097783 -0.194807 0.233337 0.077756 0.001833 -0.093512 -0.114467 0.202051 0.097147 0.454282 0.250130 0.048729 0.135286 -0.020646 -0.079615 0.184100 -0.125560 -0.294584 -0.257502 1.000000 0.474346 0.063465 0.027005 -0.013142 0.008327 -0.145523 -0.120776 0.010688 0.066663 0.162875 0.349514 -0.064041 -0.097187 0.018801 0.182721 0.042797 0.109562 -0.216540 -0.122119 0.003101 -0.295719 -0.205815 -0.090884 0.015099 0.104459 -0.198576 -0.180827 -0.126207 0.052509 -0.039374 0.014247 0.281967 0.315140 0.061302 0.175689 -0.208096 -0.132812 -0.192971 -0.216332 -0.159433 -0.126227 -0.100040 -0.029235 0.272047 0.179693 -0.033977 -0.038335 0.019132 -0.062315 0.022327 -0.090725 0.204641 -0.062287 0.071165 -0.123194 -0.141247 -0.096271 -0.184453 0.045102 0.327656 0.212830 0.059197 -0.044057 -0.116616 -0.410576 0.191059 0.106015 -0.128500 -0.269999 -0.172700 0.030419 0.035288 -0.125286 0.282757 0.120261 -0.015878 -0.132015 -0.106103 -0.182651 -0.184537 -0.033200
-0.259230 -0.159995 -0.009354 -0.035790 -0.035827 0.101790 -0.130548 0.063311 -0.099504 -0.033130 -0.225678 -0.036307 -0.064916 0.011729 -0.123153 -0.159223 -0.142777 -0.023523 -0.086094 -0.009362 -0.190896 -0.154240 0.126545 0.086029 0.273469 0.193938 -0.055328 0.005458 -0.030779 -0.115226 0.202005 0.128052 0.047182 0.262420 0.474346 1.000000 -0.106226 -0.153063 -0.192767 0.062754 -0.150136 -0.240969 -0.176053 0.153102 0.011895 0.650110 -0.296322 -0.093001 -0.202161 -0.070202 -0.192609 -0.135969 -0.336940 -0.253943 -0.225332 -0.293137 -0.155319 -0.209350 0.022229 -0.037387 -0.074391 -0.054305 -0.093738 -0.055109 0.143383 0.243148 0.053359 0.613313 0.028372 0.133116 -0.278811 0.022857 -0.162049 -0.234531 -0.152206 -0.176890 -0.045872 0.192555 0.040357 0.026734 -0.062863 -0.067822 -0.021976 -0.084715 -0.085040 -0.074926 0.130032 -0.119671 -0.035464 -0.365420 -0.107403 -0.138012 -0.150258 -0.107528 0.130040 0.015634 -0.113327 -0.018560 -0.340586 -0.341459 0.109624 0.017757 -0.033296 -0.204168 -0.147071 0.050655 0.077471 -0.048845 0.031125 -0.079480 -0.042188 -0.230987 -0.089523 -0.040772 -0.074318 0.030607
