1.000000 0.435194 0.195917 -0.436236 0.195971 -0.143082 0.023662 -0.350322 -0.021948 -0.062054 0.355213 -0.173136 0.532904 0.004672 0.059731 -0.101688 0.427174 0.132200 0.362629 0.136489 -0.278018 -0.057077 -0.186166 -0.501814 -0.205962 -0.319300 -0.072017 0.024312 0.263852 0.087144 -0.407070 -0.333677 -0.054858 -0.319171 0.055678 -0.413251 0.154484 0.035911 -0.000655 -0.085526 0.123833 0.026695 -0.109579 -0.199471 -0.260139 -0.617509 -0.108879 -0.158071 0.414387 -0.368776 0.269934 0.089331 0.257136 -0.164067 0.442817 -0.148740 0.468579 0.275635 0.593815 0.227091 0.611215 0.102153 0.242223 0.213280 -0.050061 0.050796 0.413012 -0.433328 0.348644 -0.090209 -0.130506 -0.116514 0.134273 0.089073 0.191160 -0.044052 0.189682 -0.276373 0.156152 -0.063718 0.159390 0.078430 0.051338 0.066729 -0.001169 0.049998 -0.037248 -0.002079 0.185789 0.204859 -0.019663 0.182746 -0.354369 -0.077472 -0.049921 -0.111805 0.101573 -0.096231 0.019470 -0.061868 -0.150766 0.034506 -0.196953 -0.043000 -0.226578 -0.177529 -0.206122 -0.072303 -0.043846 0.058739 -0.092061 -0.367657 -0.039209 -0.243754 -0.093919 -0.169155
0.435194 1.000000 -0.230542 -0.012800 -0.176603 -0.172085 -0.322858 -0.132354 -0.196276 -0.033962 0.091571 0.177357 0.069170 0.054243 -0.157987 0.054047 0.206437 0.241001 0.129786 0.237883 -0.307148 -0.245776 -0.309266 -0.236869 -0.277290 -0.265231 -0.138065 0.011194 0.091970 0.114893 -0.329594 -0.245613 0.128485 -0.015023 -0.035730 -0.270756 -0.007872 0.134167 -0.143044 -0.014673 0.110323 0.062520 0.007000 -0.187791 -0.129289 -0.356556 0.010807 -0.282018 0.232316 -0.051986 0.117752 0.241492 0.461734 0.012807 0.179525 -0.182239 0.470489 0.506857 0.294932 0.326673 0.254036 0.395638 0.056781 0.493812 -0.167332 0.225026 -0.041969 -0.308117 0.377040 -0.020308 -0.221363 -0.184887 0.027314 0.041989 0.063561 -0.033606 0.127973 -0.226406 0.129586 0.014745 0.199400 0.196362 0.112830 0.169467 0.089883 0.203121 -0.015064 -0.168857 0.068792 0.143795 -0.166184 -0.193782 -0.225661 -0.245708 -0.156014 -0.128642 -0.039121 -0.221063 -0.080833 -0.235001 -0.143458 -0.084855 -0.053539 -0.249358 -0.153693 -0.237085 0.062839 0.108711 -0.096140 -0.064317 -0.310764 -0.384550 -0.009085 -0.098110 -0.110366 -0.149179
0.195917 -0.230542 1.000000 0.094701 0.267479 0.174089 0.513454 -0.047952 0.304070 -0.096976 0.359750 -0.133264 0.345980 -0.194079 0.306529 0.020467 -0.120322 -0.192900 0.227037 -0.102992 0.106806 0.246837 0.612948 0.313736 0.429221 0.210651 0.235922 0.352920 -0.221122 -0.252617 0.290147 0.254017 0.011128 0.074629 0.227838 0.043203 -0.156155 -0.199137 0.014130 -0.096687 -0.179479 -0.048867 -0.107344 -0.150494 -0.246393 -0.306864 -0.073007 -0.119063 0.086218 -0.465796 0.254512 -0.218116 -0.133900 -0.213506 0.114931 -0.178102 -0.289744 -0.152447 0.065041 -0.315247 0.179466 -0.245770 -0.089911 -0.272197 0.400417 0.077875 0.182391 -0.011191 0.095245 -0.078273 0.176216 0.167018 -0.155633 -0.004029 0.102278 0.156405 -0.028308 -0.041002 -0.169698 -0.129065 -0.450451 -0.342243 -0.165912 -0.285523 -0.141432 -0.111555 0.078824 -0.113220 0.267598 0.059364 -0.137019 0.018177 -0.078680 0.183170 0.181707 -0.020549 0.127809 0.048936 -0.099761 -0.116179 -0.167998 -0.016042 -0.261956 -0.058561 -0.107052 -0.171946 -0.329386 -0.255432 0.047208 0.056280 0.157986 -0.214483 0.015012 -0.060333 0.167979 0.089703
-0.436236 -0.012800 0.094701 1.000000 -0.189186 -0.094309 0.181837 0.550028 0.144970 0.107884 0.094538 0.422494 -0.095106 0.214612 0.100686 0.305266 -0.134021 -0.108575 -0.088103 -0.153624 0.132593 -0.021623 0.276099 0.603003 -0.000373 0.113533 -0.049549 -0.062573 -0.204117 -0.080094 0.360086 0.450348 0.163573 0.442338 0.017897 0.304598 -0.247264 -0.103595 -0.139601 -0.072586 -0.200994 -0.054015 0.096011 0.075516 0.178538 0.312439 0.084398 -0.047001 -0.346195 0.001882 -0.070308 -0.196087 -0.106836 0.000521 -0.370684 -0.069333 -0.362381 -0.129673 -0.461082 -0.474963 -0.214025 0.076883 -0.123891 -0.229262 0.377638 0.325919 -0.375482 0.053315 -0.149009 -0.148602 0.176057 0.147449 -0.091011 -0.007221 -0.025866 0.123336 -0.131718 0.084098 -0.159527 -0.050110 -0.227113 -0.207756 -0.095581 0.082047 -0.031782 -0.110672 -0.055287 -0.059292 -0.062138 -0.176148 -0.258531 -0.476354 0.031802 -0.069770 -0.052327 -0.041464 -0.119553 -0.180304 -0.311091 -0.187687 -0.051818 -0.254837 -0.113204 -0.305007 -0.071641 -0.141203 -0.005638 -0.102220 -0.112943 -0.055461 -0.043448 -0.117357 0.091429 0.008590 0.130058 0.075441
0.195971 -0.176603 0.267479 -0.189186 1.000000 0.351347 0.257820 -0.057069 0.426555 0.314881 0.417838 0.104346 0.518085 0.078981 0.133808 0.107077 -0.014799 -0.002646 0.040426 -0.177066 -0.078235 0.078418 0.146000 0.030301 0.099822 -0.215924 0.266427 0.053241 0.071864 -0.070398 -0.208785 -0.197118 -0.294367 -0.219505 0.084156 -0.000646 0.131745 -0.160585 -0.149747 -0.315509 -0.082761 -0.186691 -0.082232 -0.020951 -0.010735 -0.015396 -0.145529 0.003241 0.065555 -0.072308 0.176842 -0.036699 -0.153524 -0.198799 0.142168 -0.161411 -0.179965 -0.224065 0.159494 -0.088121 0.239262 -0.089876 0.069199 -0.206453 0.261879 0.099416 0.117218 -0.049436 -0.154366 -0.116101 0.044014 -0.177110 -0.009373 -0.075040 -0.078103 0.196666 0.133380 -0.064713 0.028148 0.010029 -0.098444 -0.144222 -0.177308 -0.048641 -0.094254 -0.142860 -0.122311 -0.095110 0.199918 0.088647 -0.064473 0.103245 -0.044595 0.239248 -0.145065 -0.046591 -0.012374 -0.104519 0.030028 -0.037244 0.105045 0.042390 -0.073406 0.100874 0.034546 -0.015114 -0.070223 -0.157394 -0.020546 0.126954 0.138272 -0.137361 -0.135944 -0.009375 0.148763 0.046468
-0.143082 -0.172085 0.174089 -0.094309 0.351347 1.000000 0.016865 0.092711 -0.006926 0.233103 0.071399 0.070739 0.137343 0.012172 0.166687 0.207889 -0.109767 -0.095565 -0.161321 -0.221363 0.150191 0.260438 0.074290 0.097547 0.198099 0.082716 0.361996 0.514723 -0.115543 -0.193486 -0.037040 -0.088319 -0.185427 -0.114463 0.129174 0.142340 -0.063778 -0.091329 -0.116423 -0.157270 0.057567 0.075024 -0.070629 0.032512 -0.111651 0.022380 -0.112202 0.027060 0.037158 0.018129 0.074418 -0.009116 -0.221851 -0.163806 0.070076 -0.134001 -0.222056 -0.191803 0.060667 -0.028873 0.016627 0.049962 -0.052146 -0.119482 0.045606 0.066795 0.081061 0.199567 -0.206620 0.020255 0.136459 -0.034034 -0.009098 0.061807 0.016472 0.094403 0.090046 0.009298 -0.087086 -0.057870 -0.190525 -0.159163 0.031680 -0.307934 -0.127083 -0.151819 -0.221611 -0.103065 0.192182 0.045203 -0.067384 -0.075308 0.027376 0.025445 -0.112785 0.015113 -0.057504 -0.060453 -0.021161 -0.108691 0.038511 -0.081438 0.009544 0.023157 0.142006 0.108166 -0.061328 -0.053298 0.046693 -0.149545 0.008379 -0.036073 -0.127984 -0.003621 0.134111 0.096296
0.023662 -0.322858 0.513454 0.181837 0.257820 0.016865 1.000000 0.307681 0.312437 0.151107 0.224064 0.110875 0.289719 0.076773 -0.004647 -0.007936 -0.096518 -0.033651 0.124674 0.022544 0.225947 0.178176 0.392968 0.244377 0.098563 0.104937 -0.077097 -0.013143 0.014752 0.005056 0.280321 0.308551 0.041770 0.209375 0.007898 0.240032 -0.064650 -0.136539 -0.163766 -0.064171 -0.071444 0.013739 -0.221745 -0.153680 -0.135462 -0.001606 -0.170287 -0.086980 -0.270381 -0.272610 -0.106604 -0.418654 -0.333892 -0.253439 -0.214924 -0.334164 -0.331122 -0.330194 -0.175296 -0.437449 0.120172 -0.202299 0.174075 -0.287659 0.419872 0.091680 -0.134329 0.042472 -0.222531 -0.067518 0.304293 0.216609 0.169628 0.131693 0.159253 0.301351 0.179791 0.252967 -0.035212 -0.180535 -0.234806 -0.190144 -0.223642 -0.016898 -0.335941 -0.148794 0.033604 0.138567 -0.000611 -0.066176 -0.096377 0.028336 0.149095 0.231674 -0.085591 -0.112542 -0.274972 -0.175506 -0.356913 -0.174117 -0.122849 -0.186551 -0.193755 -0.019239 -0.207754 0.064974 -0.313159 -0.273753 -0.030488 -0.106877 0.235109 -0.127610 0.005110 -0.135478 0.234558 0.215058
-0.350322 -0.132354 -0.047952 0.550028 -0.057069 0.092711 0.307681 1.000000 0.131146 0.484355 0.084531 0.626976 0.147325 0.585365 -0.121428 0.407987 -0.052788 -0.099372 -0.355720 -0.359007 0.261134 -0.066563 -0.129195 0.220395 -0.203117 0.052653 -0.229870 -0.233139 -0.037687 -0.000619 0.156903 0.233199 -0.026024 0.312812 -0.100637 0.321998 -0.087704 -0.147120 -0.219189 -0.142292 -0.035735 -0.041910 -0.087770 0.059940 0.004046 0.323339 -0.071975 0.020225 -0.248253 -0.033551 -0.108680 -0.262136 -0.290523 -0.213085 -0.306523 -0.222848 -0.384338 -0.384644 -0.334301 -0.353709 0.034364 0.352352 0.027144 -0.184846 0.217539 0.549063 -0.272996 0.320918 -0.390086 -0.140132 0.359649 0.111974 0.041875 0.133181 -0.022395 0.246909 0.151086 0.308277 -0.183449 -0.056776 -0.223196 -0.345144 -0.176021 -0.026852 -0.308254 -0.256490 -0.080003 -0.037970 -0.185813 -0.031861 -0.184289 -0.381878 0.100903 -0.134646 -0.209097 -0.170794 -0.260232 -0.271170 -0.508674 -0.269100 -0.061838 -0.279509 -0.041294 -0.140491 -0.053696 -0.040306 -0.003431 -0.019953 -0.143931 -0.189160 0.047654 -0.039500 -0.033116 -0.089202 0.139019 0.078472
-0.021948 -0.196276 0.304070 0.144970 0.426555 -0.006926 0.312437 0.131146 1.000000 0.285981 0.337227 0.179456 0.337816 0.165460 0.416618 0.329232 0.058662 0.007029 0.159635 -0.078556 -0.023462 -0.055273 0.283519 0.175593 -0.142821 -0.252893 0.041722 -0.130326 0.132130 0.018705 -0.040168 -0.022067 -0.021908 -0.035475 0.020467 -0.178900 0.173289 -0.160027 0.037625 -0.231459 -0.002528 -0.159655 0.147404 -0.030674 0.053310 -0.101276 0.103356 -0.155361 -0.099610 -0.181580 0.049171 -0.082389 0.024612 0.049252 0.009503 -0.128653 -0.236015 -0.242383 -0.070881 -0.396614 0.181561 -0.029824 0.237788 -0.197031 0.387249 0.118587 -0.011354 -0.306756 -0.005488 -0.156489 0.135323 -0.104710 0.042432 0.125942 0.070296 0.133942 0.099460 0.017438 0.067489 -0.038876 -0.003730 -0.090349 -0.131645 0.067380 0.076563 -0.134571 0.096768 -0.058633 0.159254 -0.006209 -0.167746 0.066674 -0.120331 0.302638 -0.158240 -0.086890 -0.067226 -0.269944 -0.119568 -0.141725 0.018464 0.006602 -0.195470 0.002700 -0.078284 -0.248055 -0.036104 -0.143162 -0.222654 0.033153 -0.079227 -0.226593 -0.021258 0.223298 0.098655 -0.033476
-0.062054 -0.033962 -0.096976 0.107884 0.314881 0.233103 0.151107 0.484355 0.285981 1.000000 0.412488 0.536235 0.389465 0.518483 0.053306 0.430126 0.077828 0.101090 -0.365663 -0.292506 -0.077071 -0.240882 -0.121407 0.064386 -0.332545 -0.345793 -0.096787 -0.183334 0.057178 0.031242 -0.310890 -0.296583 -0.260570 -0.107619 0.025380 -0.000008 0.042984 -0.182946 -0.241076 -0.261998 -0.078214 -0.148080 -0.106879 -0.132524 -0.138386 0.054311 -0.198886 -0.138369 -0.009048 -0.060534 0.143437 -0.081366 -0.137655 -0.186338 -0.078323 -0.366355 -0.192576 -0.284907 0.121960 -0.101223 0.377366 0.427032 0.210032 -0.031463 0.395865 0.502518 -0.109778 0.061105 -0.263663 -0.001353 0.126311 -0.172567 0.006942 -0.013078 -0.041856 0.141455 0.192758 0.006239 -0.000909 -0.009082 0.056316 -0.127167 -0.062269 0.071449 -0.046746 -0.227219 -0.059742 -0.005819 0.123832 0.201676 -0.008678 -0.091819 0.183807 0.243191 -0.279077 -0.205362 -0.384497 -0.360164 -0.381040 -0.259110 0.066379 -0.117185 -0.107582 -0.016921 -0.058402 -0.095148 -0.113994 -0.128224 -0.217387 -0.179672 0.005003 -0.166670 0.103209 0.027406 -0.014758 -0.012827
0.355213 0.091571 0.359750 0.094538 0.417838 0.071399 0.224064 0.084531 0.337227 0.412488 1.000000 0.465832 0.760667 0.323741 0.352115 0.352367 0.289660 -0.019060 -0.092002 -0.340192 -0.322925 -0.187028 0.256602 0.097717 -0.154127 -0.401068 0.003974 -0.002675 0.042566 -0.154709 -0.256395 -0.131441 -0.234392 -0.084753 0.108122 -0.073068 -0.149620 -0.275614 -0.200987 -0.349262 -0.135699 -0.206852 -0.171408 -0.257848 -0.167526 -0.264812 -0.328918 -0.260951 0.202501 -0.316186 0.473996 -0.098534 -0.059357 -0.251420 0.122664 -0.363447 -0.154421 -0.154558 0.219239 -0.175471 0.625552 0.254541 0.296438 -0.068225 0.644267 0.481260 0.100510 -0.207765 -0.010962 -0.039199 -0.076225 0.014673 -0.120292 -0.113910 -0.011438 0.172857 0.050069 -0.148633 -0.014747 -0.076047 -0.102094 -0.237664 -0.124290 0.062650 0.044435 -0.303747 -0.062710 -0.145907 0.338381 0.220163 -0.071168 -0.093332 -0.059472 0.226767 -0.147316 -0.073834 -0.111721 -0.230712 -0.304990 -0.276691 0.082069 -0.041964 -0.105042 -0.114399 -0.068458 -0.273581 -0.215101 -0.310658 -0.277654 0.081155 0.006357 -0.451914 0.086090 -0.171110 0.041963 -0.083110
-0.173136 0.177357 -0.133264 0.422494 0.104346 0.070739 0.110875 0.626976 0.179456 0.536235 0.465832 1.000000 0.342998 0.687073 -0.035715 0.619907 0.070539 0.012579 -0.394359 -0.414416 -0.028328 -0.221515 -0.103548 0.237848 -0.356447 -0.243247 -0.217416 -0.244892 0.029559 0.073423 -0.102868 0.052839 -0.227648 0.120555 -0.198227 0.107156 -0.121534 -0.083419 -0.318216 -0.196300 -0.045685 -0.091954 -0.106296 -0.085540 -0.035700 0.171526 -0.189136 -0.141790 -0.067207 -0.019400 0.109982 -0.069454 -0.119057 -0.133626 -0.197622 -0.272029 -0.310342 -0.331512 -0.158007 -0.281989 0.257338 0.474973 0.116258 -0.088856 0.379993 0.720114 -0.391803 0.023853 -0.368476 -0.140646 0.201113 0.044170 -0.086029 -0.005827 -0.029408 0.291428 0.083299 0.199078 -0.113461 -0.074748 -0.128990 -0.289676 -0.066843 0.251525 -0.129404 -0.206075 0.003958 -0.034667 0.001665 0.139106 -0.089149 -0.284204 0.132867 0.028646 -0.316563 -0.156086 -0.322709 -0.351969 -0.476240 -0.274403 0.026490 -0.220841 -0.037326 -0.176759 -0.042150 -0.115558 0.018342 -0.195408 -0.311764 -0.173701 -0.040715 -0.188073 0.077263 -0.024617 0.137176 0.048954
0.532904 0.069170 0.345980 -0.095106 0.518085 0.137343 0.289719 0.147325 0.337816 0.389465 0.760667 0.342998 1.000000 0.364417 0.198815 0.276247 0.399506 0.079318 -0.053581 -0.390729 -0.230557 -0.106990 0.052500 -0.141583 -0.182446 -0.352263 -0.006772 -0.027615 0.217758 -0.010415 -0.319215 -0.222345 -0.291880 -0.239597 0.133723 -0.135424 0.020803 -0.287873 -0.263365 -0.366287 -0.044339 -0.215283 -0.055948 -0.113068 -0.174621 -0.338264 -0.294787 -0.213455 0.306362 -0.316115 0.478381 -0.012249 0.002335 -0.276855 0.203030 -0.336809 -0.107461 -0.169813 0.326509 -0.096048 0.679649 0.218955 0.316441 -0.010551 0.329349 0.402823 0.208469 -0.217985 -0.092481 -0.177284 0.049893 0.019660 0.049477 0.067927 0.133752 0.175273 0.228995 -0.128286 0.068820 -0.030982 -0.042712 -0.214794 -0.268123 -0.018386 -0.135971 -0.259589 -0.157125 -0.162017 0.208287 0.196261 -0.121560 -0.034256 -0.168518 0.098154 -0.224969 -0.184812 -0.091400 -0.306907 -0.295562 -0.259575 0.007160 0.042290 -0.164411 -0.023479 -0.104376 -0.258034 -0.293750 -0.290840 -0.260788 0.035414 -0.026116 -0.468809 -0.021504 -0.176702 0.119305 -0.055768
0.004672 0.054243 -0.194079 0.214612 0.078981 0.012172 0.076773 0.585365 0.165460 0.518483 0.323741 0.687073 0.364417 1.000000 -0.168846 0.477831 0.337383 0.319696 -0.210886 -0.241189 0.098161 -0.061726 -0.246633 -0.057559 -0.412634 -0.108566 -0.350977 -0.350826 0.396742 0.395656 -0.083935 0.026807 -0.144725 0.005085 -0.197547 0.012782 0.134627 -0.092818 -0.118355 -0.177096 0.138233 -0.011513 -0.188179 -0.145990 -0.120119 -0.018858 -0.228243 -0.185155 -0.105631 -0.188696 -0.083073 -0.201446 -0.115619 -0.191086 -0.145598 -0.231142 -0.165471 -0.329230 -0.010486 -0.148955 0.320790 0.506426 0.353125 0.059547 0.132080 0.534731 -0.182684 -0.091866 -0.346709 -0.179966 0.256035 0.076055 0.256932 0.220248 0.260501 0.265280 0.222708 0.219644 0.145074 0.190915 0.157053 -0.067029 -0.192953 0.298932 -0.199709 -0.278925 -0.031907 0.102513 -0.144273 0.138881 -0.059644 -0.242870 -0.011346 -0.110655 -0.264230 -0.183441 -0.320866 -0.319096 -0.511005 -0.235847 -0.151900 -0.203174 -0.108549 -0.111955 -0.099558 -0.035042 -0.005429 -0.233244 -0.284508 -0.170437 -0.127617 -0.119459 0.133904 -0.009628 0.067397 -0.009674
0.059731 -0.157987 0.306529 0.100686 0.133808 0.166687 -0.004647 -0.121428 0.416618 0.053306 0.352115 -0.035715 0.198815 -0.168846 1.000000 0.290648 -0.033829 -0.250525 0.240503 -0.146736 -0.154425 -0.044899 0.353466 0.165896 -0.066194 -0.257590 0.332566 0.323143 -0.042630 -0.167593 -0.042941 -0.057555 -0.083290 -0.202530 0.227037 -0.278768 0.112865 -0.121718 0.136766 -0.097832 0.057606 0.050308 0.142405 -0.010901 -0.041322 -0.237267 0.181646 -0.104784 0.072241 -0.238458 0.158862 0.133960 0.058481 0.136397 0.119430 0.027201 -0.186082 -0.095151 -0.032957 -0.231901 0.084998 -0.102653 0.008054 -0.264450 0.320378 0.036044 0.082261 -0.302368 0.166476 -0.060446 -0.113981 -0.111648 -0.030710 0.027227 0.024512 -0.024010 0.075758 -0.068631 -0.067821 -0.013904 -0.177198 -0.178319 0.407283 -0.092711 0.304326 -0.066910 0.063638 -0.073801 0.373741 0.078797 -0.085814 0.040695 -0.131026 0.166634 -0.023264 0.053093 0.019571 -0.045059 0.053656 0.048394 0.025125 0.107280 -0.089432 -0.097452 -0.084760 -0.198249 -0.000798 0.079413 -0.059096 0.095107 -0.111500 -0.221388 0.006509 0.109294 -0.046367 0.009346
-0.101688 0.054047 0.020467 0.305266 0.107077 0.207889 -0.007936 0.407987 0.329232 0.430126 0.352367 0.619907 0.276247 0.477831 0.290648 1.000000 0.089041 0.009952 -0.210175 -0.374673 -0.009902 -0.195310 -0.097753 0.126360 -0.378980 -0.347369 -0.045420 -0.059049 0.091254 0.154832 -0.220423 -0.162027 -0.236336 -0.156087 -0.072703 -0.144916 0.171441 0.049495 -0.086698 -0.089571 0.247105 0.181068 0.007043 -0.073224 -0.092819 -0.055709 0.057885 -0.210217 0.028677 -0.113496 0.086134 0.048814 0.062363 0.033138 0.068116 -0.092271 -0.284474 -0.348041 -0.015791 -0.218559 0.307984 0.430095 0.129152 -0.086889 0.254337 0.533867 -0.136097 -0.188473 -0.205027 -0.184060 0.113154 -0.102462 0.018927 0.119481 0.042289 0.162006 0.069405 0.125437 -0.115361 0.031183 -0.110110 -0.250741 0.116944 0.204311 -0.005395 -0.028480 0.016292 -0.047380 0.148203 0.290258 -0.129965 -0.179213 -0.008094 0.034479 -0.299686 -0.079519 -0.300060 -0.336388 -0.331939 -0.202117 -0.047010 -0.097623 -0.125357 -0.174877 -0.024913 -0.146882 0.026456 -0.018560 -0.250247 -0.174930 -0.196764 -0.194194 0.207277 0.104044 -0.013026 -0.049076
0.427174 0.206437 -0.120322 -0.134021 -0.014799 -0.109767 -0.096518 -0.052788 0.058662 0.077828 0.289660 0.070539 0.399506 0.337383 -0.033829 0.089041 1.000000 0.504605 0.034608 -0.019269 -0.136930 -0.135592 -0.328152 -0.430223 -0.438862 -0.248263 -0.314820 -0.189935 0.661534 0.397374 -0.362307 -0.219025 0.065048 -0.259377 0.016030 -0.333725 0.228531 -0.275663 -0.169029 -0.284114 0.324100 -0.021974 -0.065025 -0.148740 -0.159987 -0.387244 -0.180545 -0.313453 0.200332 -0.242708 0.115303 -0.032970 0.115657 -0.236195 0.040798 -0.332243 0.247851 0.159945 0.304325 0.207697 0.451897 0.275700 0.673432 0.425995 -0.163337 -0.030172 0.352665 -0.314241 0.070228 -0.142347 -0.000627 0.018320 0.503457 0.397154 0.346493 0.070979 0.291153 -0.141660 0.503151 0.388571 0.602338 0.399590 -0.145037 0.202418 0.047086 -0.078785 -0.232621 0.125897 -0.111453 0.017512 -0.027559 -0.073082 -0.192733 -0.030863 -0.323998 -0.226195 -0.232070 -0.406287 -0.217363 -0.191424 0.030761 0.118936 0.036682 0.032122 -0.031028 -0.118613 0.025898 -0.065423 -0.239214 -0.042734 -0.378085 -0.344450 -0.016854 -0.129060 -0.239619 -0.159110
0.132200 0.241001 -0.192900 -0.108575 -0.002646 -0.095565 -0.033651 -0.099372 0.007029 0.101090 -0.019060 0.012579 0.079318 0.319696 -0.250525 0.009952 0.504605 1.000000 -0.005744 0.224473 0.054858 0.160684 -0.168904 -0.233408 -0.257000 0.004078 -0.164179 -0.155256 0.655971 0.634893 -0.134022 -0.061782 -0.070494 -0.122549 0.084813 -0.096772 0.313064 -0.016926 -0.173713 -0.083555 0.322728 0.051156 -0.044450 -0.146752 -0.189836 -0.260993 -0.112516 -0.340422 -0.119409 -0.178370 -0.064759 -0.151934 0.182560 -0.171643 -0.105679 -0.306418 0.248499 0.264255 0.154704 0.196774 0.083087 0.134797 0.360176 0.452333 -0.234337 -0.163777 -0.007004 -0.314366 0.045900 -0.183616 0.111501 0.114012 0.618810 0.535826 0.460969 0.198759 0.411730 0.016731 0.567784 0.577053 0.698407 0.645717 -0.219889 0.259704 0.047879 0.092581 -0.194445 0.077545 -0.204865 0.032670 -0.126684 -0.224262 -0.137173 -0.134235 -0.369195 -0.277924 -0.381175 -0.359077 -0.197124 -0.191762 -0.189946 -0.049488 -0.012317 -0.128442 -0.080182 -0.101749 0.037702 -0.169676 -0.252880 -0.259771 -0.364336 -0.166896 0.060973 -0.077253 -0.204507 -0.067434
0.362629 0.129786 0.227037 -0.088103 0.040426 -0.161321 0.124674 -0.355720 0.159635 -0.365663 -0.092002 -0.394359 -0.053581 -0.210886 0.240503 -0.210175 0.034608 -0.005744 1.000000 0.430357 -0.030044 0.126257 0.064504 -0.168873 0.005552 0.032622 0.113948 0.070312 0.199259 0.158994 0.123179 0.109480 0.364549 -0.016367 0.026430 -0.268708 0.192818 0.179020 0.240065 0.203343 0.217757 0.255862 0.092928 0.013185 0.039378 -0.250532 0.351229 0.022860 -0.102804 -0.220011 -0.221328 -0.089230 0.068121 0.142342 0.089207 0.135065 0.185904 0.191651 -0.002408 -0.082638 -0.101619 -0.206641 0.068688 0.029986 -0.069756 -0.268023 0.190047 -0.421232 0.365152 -0.170261 0.038371 -0.057434 0.256986 0.193930 0.266078 -0.023055 0.133868 0.022167 0.108773 0.044478 0.078455 0.166596 0.197206 0.197883 -0.017198 0.091135 0.053136 0.054208 0.021221 -0.207983 -0.176179 0.139841 -0.410026 -0.125897 0.163003 0.193485 0.182942 0.111274 0.111944 0.155661 -0.302356 -0.112148 -0.303647 -0.202427 -0.317349 -0.181615 -0.096809 0.001585 0.212166 0.168385 -0.030953 -0.102958 -0.098466 0.085423 -0.113545 -0.176564
0.136489 0.237883 -0.102992 -0.153624 -0.177066 -0.221363 0.022544 -0.359007 -0.078556 -0.292506 -0.340192 -0.414416 -0.390729 -0.241189 -0.146736 -0.374673 -0.019269 0.224473 0.430357 1.000000 0.061406 0.141990 0.054007 -0.045286 0.037003 0.172673 -0.080781 -0.072487 0.130949 0.189575 0.092953 0.080429 0.260086 0.131947 -0.064005 -0.096227 0.090134 0.258941 0.208680 0.252063 0.090297 0.198140 -0.241341 -0.251810 -0.271382 -0.211160 0.032733 -0.100153 -0.321468 -0.211730 -0.459268 -0.254239 -0.043112 -0.096520 0.018716 -0.107392 0.345827 0.318231 -0.022066 0.140922 -0.188724 -0.237220 0.017764 0.118071 -0.170687 -0.492455 -0.111357 -0.073534 0.456132 0.323439 0.028450 -0.010743 0.253788 0.138466 0.185084 0.001989 0.146832 0.121648 0.209813 0.098032 0.227694 0.388334 0.197118 0.204024 0.048945 0.115735 0.156544 0.233091 -0.062501 -0.068179 0.143313 0.256394 0.125199 0.118909 0.125328 0.162968 -0.061740 0.036323 0.111237 -0.034556 -0.039659 -0.008933 0.080657 0.103227 -0.059984 0.211927 0.033713 0.005915 0.206853 0.078169 -0.003562 0.062539 0.054632 0.038871 -0.176596 0.009417
-0.278018 -0.307148 0.106806 0.132593 -0.078235 0.150191 0.225947 0.261134 -0.023462 -0.077071 -0.322925 -0.028328 -0.230557 0.098161 -0.154425 -0.009902 -0.136930 0.054858 -0.030044 0.061406 1.000000 0.585771 0.063313 0.177895 0.196321 0.442185 0.159833 0.048526 0.042247 0.161264 0.514485 0.508270 0.041326 0.235438 -0.053607 0.222697 0.187464 0.028838 0.097695 0.182653 0.123905 0.103046 -0.264916 -0.099564 -0.178262 0.055020 -0.141701 -0.122996 -0.339700 -0.125741 -0.349634 -0.291481 -0.197576 -0.170758 -0.284018 -0.152893 -0.109670 -0.157565 -0.281980 -0.149025 -0.342625 -0.143848 -0.105992 -0.210982 -0.170813 -0.102300 -0.203734 0.224691 -0.145422 0.013550 0.635482 0.405445 0.273263 0.405255 0.335322 0.459809 0.194686 0.540557 0.026966 0.116696 -0.068556 0.069266 -0.107207 -0.204161 -0.285579 -0.016028 0.075461 0.222720 -0.327185 -0.049537 -0.114629 -0.126852 0.070051 -0.137860 -0.062127 -0.041209 -0.217371 -0.065468 -0.318041 -0.061598 -0.224463 -0.153136 0.060271 0.205950 0.105577 0.396695 0.003055 -0.194370 0.157339 -0.324040 0.006096 0.151059 0.073827 0.029825 0.065839 0.389202
-0.057077 -0.245776 0.246837 -0.021623 0.078418 0.260438 0.178176 -0.066563 -0.055273 -0.240882 -0.187028 -0.221515 -0.106990 -0.061726 -0.044899 -0.195310 -0.135592 0.160684 0.126257 0.141990 0.585771 1.000000 0.296901 0.138411 0.396390 0.483140 0.303743 0.267910 0.075035 0.114735 0.502989 0.459135 -0.042845 0.128591 0.030636 0.188189 0.101932 0.072338 0.116300 0.175887 0.084597 -0.051141 -0.168230 -0.012993 -0.206444 -0.124784 -0.138095 -0.088169 -0.228249 -0.213038 -0.103960 -0.136520 -0.157127 -0.124749 -0.146765 0.029277 -0.067046 0.018478 -0.115425 -0.115540 -0.325566 -0.344143 -0.172922 -0.149944 -0.203991 -0.261105 -0.097593 0.007698 -0.059946 -0.104976 0.422182 0.416597 0.308895 0.344080 0.412342 0.425008 0.190166 0.279000 0.170974 0.203154 0.000635 0.198103 -0.051057 -0.296825 -0.104089 0.009186 0.029873 0.217292 -0.144484 -0.025291 -0.132249 -0.171101 -0.115661 -0.179063 0.062016 -0.066807 0.070734 0.104286 -0.154956 -0.048787 -0.288120 -0.156815 -0.080165 0.054941 -0.033848 0.267693 -0.142765 -0.342279 0.167315 -0.116720 0.017082 -0.008101 -0.114648 -0.044489 0.059040 0.196134
-0.186166 -0.309266 0.612948 0.276099 0.146000 0.074290 0.392968 -0.129195 0.283519 -0.121407 0.256602 -0.103548 0.052500 -0.246633 0.353466 -0.097753 -0.328152 -0.168904 0.064504 0.054007 0.063313 0.296901 1.000000 0.700168 0.491400 0.270525 0.297355 0.299346 -0.285179 -0.295348 0.480191 0.422906 -0.064028 0.226626 0.225836 0.273483 -0.323691 -0.161435 0.001180 -0.104625 -0.351224 -0.198228 -0.017212 -0.035433 -0.062305 0.012378 -0.076319 -0.019578 -0.278501 -0.229247 0.131287 -0.244829 -0.191555 -0.083055 -0.205771 -0.135834 -0.299816 -0.070072 -0.217174 -0.433283 -0.198772 -0.470222 -0.250220 -0.365382 0.529043 -0.108503 -0.185516 0.032714 0.087840 0.117806 0.040172 0.296660 -0.210667 -0.124181 0.006995 0.193908 -0.148885 0.006975 -0.065620 -0.106044 -0.382159 -0.191519 -0.113986 -0.164877 0.068440 -0.193660 0.169427 -0.082379 0.308745 -0.078381 -0.087639 -0.063208 0.089450 0.252488 0.204830 0.032073 0.056379 0.082509 -0.044233 -0.081345 -0.086954 -0.070579 -0.181596 -0.027983 -0.007709 -0.003632 -0.270520 -0.374965 -0.026096 0.119813 0.253710 -0.055427 -0.023764 0.053988 0.142390 0.191317
-0.501814 -0.236869 0.313736 0.603003 0.030301 0.097547 0.244377 0.220395 0.175593 0.064386 0.097717 0.237848 -0.141583 -0.057559 0.165896 0.126360 -0.430223 -0.233408 -0.168873 -0.045286 0.177895 0.138411 0.700168 1.000000 0.321566 0.294218 0.186962 0.187527 -0.389396 -0.250721 0.490513 0.471575 -0.121091 0.297223 -0.001611 0.366449 -0.354280 -0.069954 0.012325 -0.034685 -0.352266 -0.146821 -0.044621 -0.047335 -0.067559 0.221144 -0.090633 0.003697 -0.275569 -0.085169 0.021229 -0.171485 -0.224520 0.010433 -0.258331 -0.120113 -0.440280 -0.204770 -0.328431 -0.414512 -0.342187 -0.244348 -0.367782 -0.373244 0.450451 0.140778 -0.447928 0.229694 -0.115057 0.151652 0.200187 0.231097 -0.305850 -0.172966 -0.129721 0.211441 -0.222428 0.218268 -0.196010 -0.159406 -0.427765 -0.290866 -0.025460 -0.013932 0.002424 -0.148533 0.246401 -0.018037 0.045037 -0.010392 0.024897 -0.146178 0.314645 0.160705 0.104272 -0.000903 -0.081517 0.010713 -0.100026 -0.169733 0.001411 -0.109732 -0.183965 -0.116727 0.069147 0.010598 -0.186833 -0.328571 -0.083412 0.003855 0.252678 -0.002409 0.046120 0.045957 0.213293 0.165188
-0.205962 -0.277290 0.429221 -0.000373 0.099822 0.198099 0.098563 -0.203117 -0.142821 -0.332545 -0.154127 -0.356447 -0.182446 -0.412634 -0.066194 -0.378980 -0.438862 -0.257000 0.005552 0.037003 0.196321 0.396390 0.491400 0.321566 1.000000 0.584337 0.375820 0.305685 -0.405897 -0.401501 0.483790 0.366480 0.001014 0.133191 0.244490 0.367897 -0.337996 -0.075380 0.071800 -0.059546 -0.322378 -0.256543 -0.005306 0.091981 -0.030877 0.133079 -0.104248 0.180275 -0.085573 0.007471 0.098154 -0.095331 -0.128813 -0.055347 -0.019560 0.035354 -0.192702 -0.031299 -0.186055 -0.167869 -0.402036 -0.474699 -0.426526 -0.239975 -0.015958 -0.251572 -0.000042 0.362735 0.092009 0.177261 0.065724 0.281556 -0.320319 -0.204549 -0.051323 0.098443 -0.210926 -0.033412 -0.186170 -0.159550 -0.387450 -0.234107 -0.285507 -0.334146 -0.034791 -0.099938 0.092841 -0.191508 0.084171 -0.184003 -0.003245 0.074458 0.156214 0.113963 0.412741 0.219578 0.323179 0.382671 0.192779 0.069541 0.108019 0.106280 0.150379 0.221558 0.261479 0.080773 -0.092159 -0.155630 0.269323 0.107221 0.336208 0.197944 -0.138316 -0.039581 0.160716 0.104799
-0.319300 -0.265231 0.210651 0.113533 -0.215924 0.082716 0.104937 0.052653 -0.252893 -0.345793 -0.401068 -0.243247 -0.352263 -0.108566 -0.257590 -0.347369 -0.248263 0.004078 0.032622 0.172673 0.442185 0.483140 0.270525 0.294218 0.584337 1.000000 -0.092448 0.176974 -0.094678 0.041896 0.717064 0.695501 0.164202 0.374408 -0.080826 0.361523 -0.213236 0.009352 0.050208 0.137199 -0.167148 -0.046131 -0.077987 0.045798 -0.104553 0.108612 -0.021086 0.147963 -0.254646 -0.110386 -0.179258 -0.299702 -0.208258 -0.129755 -0.201793 0.031521 -0.082901 -0.019850 -0.317196 -0.143727 -0.494077 -0.307202 -0.246458 -0.107589 -0.250133 -0.263233 -0.179848 0.325732 -0.062096 0.012296 0.230177 0.294087 0.069834 0.093180 0.177056 0.197069 -0.091717 0.241343 -0.012273 0.059696 -0.157631 -0.006851 -0.197219 -0.120885 -0.178224 -0.052736 0.077604 0.005962 -0.290275 -0.232462 0.006668 -0.111287 0.083969 -0.149131 0.349900 0.151146 0.199005 0.273966 -0.011006 0.071446 -0.108669 0.030670 0.037813 0.002881 0.085039 0.175300 0.023547 -0.127681 0.247823 -0.047244 0.156844 0.249293 -0.112276 -0.088017 0.064684 0.202040
-0.072017 -0.138065 0.235922 -0.049549 0.266427 0.361996 -0.077097 -0.229870 0.041722 -0.096787 0.003974 -0.217416 -0.006772 -0.350977 0.332566 -0.045420 -0.314820 -0.164179 0.113948 -0.080781 0.159833 0.303743 0.297355 0.186962 0.375820 -0.092448 1.000000 0.498166 -0.182340 -0.220020 0.065176 -0.072703 -0.190380 -0.171319 0.346265 0.047788 0.027961 -0.047567 0.081623 -0.054255 -0.019919 -0.091714 0.044279 0.076152 0.019852 0.051546 0.038472 -0.044279 -0.036196 0.056083 0.156182 0.176857 -0.018863 0.048906 0.037064 0.037068 -0.093868 0.050062 -0.055599 -0.072987 -0.268958 -0.333083 -0.375614 -0.197446 0.098776 -0.126022 0.133892 0.070308 0.129668 0.015264 0.071914 0.028912 -0.146709 -0.004535 -0.059565 0.029274 0.058940 0.039719 -0.006309 0.052179 -0.162137 -0.043626 0.097863 -0.336347 0.217804 0.061183 -0.011696 -0.038276 0.325668 0.022412 -0.108675 -0.023940 -0.112469 -0.016641 0.059815 0.046526 0.062235 0.017708 0.159203 -0.064784 -0.133821 0.012481 -0.088511 0.053339 0.063767 0.022027 -0.076755 -0.124424 0.114359 0.041939 0.014342 -0.024025 -0.160514 0.144077 0.101873 0.020496
0.024312 0.011194 0.352920 -0.062573 0.053241 0.514723 -0.013143 -0.233139 -0.130326 -0.183334 -0.002675 -0.244892 -0.027615 -0.350826 0.323143 -0.059049 -0.189935 -0.155256 0.070312 -0.072487 0.048526 0.267910 0.299346 0.187527 0.305685 0.176974 0.498166 1.000000 -0.220952 -0.311880 0.035146 -0.018355 -0.102665 -0.106840 0.168659 -0.004789 -0.197283 -0.056264 -0.055653 -0.065751 -0.030927 0.081261 0.031204 -0.029916 -0.147928 -0.210983 0.057543 -0.049482 0.225550 -0.113931 0.218716 0.207997 0.115171 0.068398 0.130256 0.013898 0.020246 0.148713 0.149955 0.092416 -0.130229 -0.177410 -0.268899 -0.019176 0.025107 -0.061067 0.132651 0.015722 0.089923 0.056304 -0.093770 -0.081280 -0.103795 -0.039555 -0.035166 -0.198841 -0.039702 -0.065769 -0.149681 -0.128229 -0.281889 -0.123294 0.218790 -0.402824 -0.026912 -0.021680 -0.116514 -0.247869 0.268580 0.098914 0.010369 -0.088483 -0.110160 -0.084968 -0.057778 -0.098472 0.135033 0.022336 0.226845 -0.076057 -0.215889 0.019708 -0.160801 -0.103449 -0.042001 0.094086 -0.074255 0.086858 -0.046461 -0.170573 0.033563 -0.066203 -0.164604 -0.027693 0.082146 0.051485
0.263852 0.091970 -0.221122 -0.204117 0.071864 -0.115543 0.014752 -0.037687 0.132130 0.057178 0.042566 0.029559 0.217758 0.396742 -0.042630 0.091254 0.661534 0.655971 0.199259 0.130949 0.042247 0.075035 -0.285179 -0.389396 -0.405897 -0.094678 -0.182340 -0.220952 1.000000 0.724174 -0.129043 -0.025696 -0.054007 -0.255186 -0.074885 -0.276289 0.457220 -0.036571 -0.141656 -0.159172 0.482877 0.077793 -0.084595 -0.131895 -0.202862 -0.290346 -0.089195 -0.324577 -0.066086 -0.227057 -0.116104 -0.104946 0.033279 -0.170506 -0.056544 -0.248065 0.158852 0.052408 0.058879 0.052200 0.156078 0.050601 0.553063 0.286031 -0.271806 -0.137670 0.101970 -0.386544 -0.005602 -0.319961 0.166957 0.108482 0.803804 0.581337 0.553117 0.214714 0.530629 0.203103 0.650626 0.576516 0.682943 0.540481 -0.035931 0.394183 0.076957 0.040140 -0.115874 0.199697 -0.145634 0.020028 -0.058449 -0.063433 -0.196122 -0.108931 -0.299513 -0.167911 -0.377894 -0.351502 -0.261623 -0.069783 -0.127614 -0.014588 -0.012120 -0.032510 -0.093941 -0.005061 0.037320 -0.155446 -0.217557 -0.093846 -0.388464 -0.257202 0.020443 0.076860 -0.274829 -0.172801
0.087144 0.114893 -0.252617 -0.080094 -0.070398 -0.193486 0.005056 -0.000619 0.018705 0.031242 -0.154709 0.073423 -0.010415 0.395656 -0.167593 0.154832 0.397374 0.634893 0.158994 0.189575 0.161264 0.114735 -0.295348 -0.250721 -0.401501 0.041896 -0.220020 -0.311880 0.724174 1.000000 0.016638 0.056755 -0.055846 -0.163960 -0.151955 -0.220786 0.500041 0.237847 0.055157 0.143154 0.511367 0.252882 -0.000410 -0.095706 -0.157562 -0.191395 0.090770 -0.276653 -0.149092 -0.155879 -0.246087 -0.079380 0.170654 0.031597 -0.070864 -0.043418 0.079852 0.012431 -0.034917 0.065096 -0.028340 0.088986 0.331931 0.226634 -0.312841 -0.125649 -0.076598 -0.376218 -0.100603 -0.415989 0.167391 0.011390 0.748018 0.530382 0.454696 0.215325 0.459315 0.281560 0.479814 0.509672 0.538713 0.546060 0.064987 0.427420 -0.001639 0.139598 0.003179 0.333650 -0.210132 0.063029 -0.116181 -0.124865 -0.148625 -0.241625 -0.234903 -0.102688 -0.352748 -0.301101 -0.225380 0.046593 -0.261874 -0.108288 -0.138059 -0.202755 -0.148655 0.020920 0.052374 -0.122509 -0.086070 -0.202236 -0.395016 -0.098700 0.178068 0.045473 -0.217826 -0.076944
-0.407070 -0.329594 0.290147 0.360086 -0.208785 -0.037040 0.280321 0.156903 -0.040168 -0.310890 -0.256395 -0.102868 -0.319215 -0.083935 -0.042941 -0.220423 -0.362307 -0.134022 0.123179 0.092953 0.514485 0.502989 0.480191 0.490513 0.483790 0.717064 0.065176 0.035146 -0.129043 0.016638 1.000000 0.893741 0.240264 0.551299 -0.007438 0.348830 -0.180602 0.091468 0.092426 0.200997 -0.196204 -0.016320 -0.060006 0.057965 -0.013310 0.199312 0.009730 0.053096 -0.442965 -0.147003 -0.258464 -0.344058 -0.225394 -0.050767 -0.393840 0.043748 -0.215037 -0.015048 -0.541645 -0.437138 -0.509214 -0.341060 -0.212878 -0.295626 0.010732 -0.144675 -0.327324 0.149206 -0.033712 -0.107135 0.363338 0.442957 0.062783 0.106306 0.202210 0.313323 -0.031875 0.363408 -0.018994 0.023546 -0.243877 -0.049817 -0.103478 -0.066943 -0.100293 -0.104127 0.172735 0.055032 -0.217697 -0.299775 -0.160141 -0.196350 0.004966 -0.184019 0.359538 0.242949 0.088814 0.221115 -0.196252 0.031487 -0.199392 -0.137195 -0.098909 -0.111815 -0.084214 0.152964 -0.116019 -0.256925 0.257828 0.076517 0.144302 0.118282 0.024812 0.088912 0.134437 0.299173
-0.333677 -0.245613 0.254017 0.450348 -0.197118 -0.088319 0.308551 0.233199 -0.022067 -0.296583 -0.131441 0.052839 -0.222345 0.026807 -0.057555 -0.162027 -0.219025 -0.061782 0.109480 0.080429 0.508270 0.459135 0.422906 0.471575 0.366480 0.695501 -0.072703 -0.018355 -0.025696 0.056755 0.893741 1.000000 0.198427 0.548292 -0.076463 0.315907 -0.252719 -0.010866 -0.034195 0.029466 -0.186306 -0.066548 -0.093674 0.040172 -0.038081 0.172209 -0.051581 0.033393 -0.480960 -0.180891 -0.229296 -0.410042 -0.246030 -0.111961 -0.456509 -0.096781 -0.205146 -0.023200 -0.555833 -0.461203 -0.425811 -0.290664 -0.097320 -0.205505 0.024493 -0.073412 -0.390490 0.122302 -0.097461 -0.156002 0.395691 0.466876 0.122818 0.188282 0.258173 0.418309 0.035790 0.400859 0.002128 0.056905 -0.169614 -0.058060 -0.149408 0.054352 -0.123731 -0.100917 0.082782 0.051347 -0.262011 -0.348692 -0.169702 -0.254245 -0.023699 -0.185681 0.219175 0.148766 -0.011044 0.080820 -0.262221 -0.018362 -0.198286 -0.169431 -0.008269 -0.095372 -0.057146 0.133243 -0.116769 -0.309950 0.102347 -0.026331 0.107780 0.055499 0.015391 0.044513 0.148667 0.269204
-0.054858 0.128485 0.011128 0.163573 -0.294367 -0.185427 0.041770 -0.026024 -0.021908 -0.260570 -0.234392 -0.227648 -0.291880 -0.144725 -0.083290 -0.236336 0.065048 -0.070494 0.364549 0.260086 0.041326 -0.042845 -0.064028 -0.121091 0.001014 0.164202 -0.190380 -0.102665 -0.054007 -0.055846 0.240264 0.198427 1.000000 0.607750 -0.002753 0.060125 0.071006 0.013246 -0.003383 0.136612 -0.058029 0.185254 0.012512 -0.014586 0.202168 0.049123 0.167347 0.031217 -0.276185 0.016288 -0.423724 -0.234407 -0.064440 -0.029289 -0.199856 0.006823 0.200634 0.326995 -0.272302 -0.067421 -0.108593 -0.022037 0.211917 0.163356 -0.123099 -0.241705 0.094713 -0.018587 0.249575 -0.033671 -0.078787 -0.095851 0.082062 -0.060335 0.046136 0.015357 -0.096382 -0.142314 0.054695 -0.093032 0.082337 0.181451 -0.001834 -0.055300 -0.106118 -0.023069 -0.079367 -0.015646 -0.163132 -0.444798 -0.211500 -0.180391 -0.203100 -0.171197 0.288223 0.180491 0.156633 0.181926 -0.131725 0.102909 -0.174415 -0.123919 -0.016951 -0.116616 -0.116044 0.058086 0.186800 0.254236 0.316728 0.224309 0.028293 0.037150 -0.099730 0.110551 -0.013687 -0.001760
-0.319171 -0.015023 0.074629 0.442338 -0.219505 -0.114463 0.209375 0.312812 -0.035475 -0.107619 -0.084753 0.120555 -0.239597 0.005085 -0.202530 -0.156087 -0.259377 -0.122549 -0.016367 0.131947 0.235438 0.128591 0.226626 0.297223 0.133191 0.374408 -0.171319 -0.106840 -0.255186 -0.163960 0.551299 0.548292 0.607750 1.000000 -0.130986 0.519710 -0.189951 0.024645 -0.129536 0.147614 -0.305329 0.047647 -0.097803 -0.004310 0.158713 0.312279 -0.056464 0.092118 -0.522067 0.002065 -0.299366 -0.481494 -0.270533 -0.248947 -0.449055 -0.102478 0.057147 0.249783 -0.500402 -0.348947 -0.203961 -0.099806 -0.060821 -0.111658 0.236228 -0.008082 -0.327998 0.225606 0.095950 0.021260 0.161630 0.143101 -0.050048 -0.079614 0.034590 0.229422 -0.106026 0.078236 -0.041837 -0.102723 -0.195402 0.038253 -0.133149 -0.134516 -0.185560 -0.213914 -0.017361 -0.081072 -0.061927 -0.421012 -0.329439 -0.348251 -0.043742 -0.158109 0.225393 0.122851 0.064780 0.135354 -0.330579 -0.029610 -0.167282 -0.266685 -0.038379 -0.193604 -0.131340 0.056811 0.073053 0.023027 0.119990 0.061811 0.181793 0.019598 -0.005555 0.035235 0.149650 0.207628
0.055678 -0.035730 0.227838 0.017897 0.084156 0.129174 0.007898 -0.100637 0.020467 0.025380 0.108122 -0.198227 0.133723 -0.197547 0.227037 -0.072703 0.016030 0.084813 0.026430 -0.064005 -0.053607 0.030636 0.225836 -0.001611 0.244490 -0.080826 0.346265 0.168659 -0.074885 -0.151955 -0.007438 -0.076463 -0.002753 -0.130986 1.000000 0.023054 -0.118123 -0.025308 -0.057244 -0.147257 -0.082346 0.027114 0.070986 0.013247 0.031942 -0.019947 0.003817 -0.118258 -0.041173 -0.152981 0.178430 -0.118263 0.022700 -0.146581 0.068208 -0.119835 -0.086614 0.072058 -0.020005 -0.055841 0.039570 -0.136211 -0.046254 -0.046671 0.151412 -0.102426 0.398817 0.092804 0.268863 0.033855 -0.118177 0.094107 -0.062423 0.094661 0.040426 0.028165 0.146177 -0.133941 0.025677 0.166927 -0.077588 -0.001166 -0.135126 -0.253697 0.193685 0.017479 -0.230912 -0.297081 0.251659 -0.159714 -0.270662 -0.199097 -0.151994 0.040038 0.021610 0.067286 0.006744 0.061826 -0.056320 -0.144609 0.060160 -0.026971 0.069305 -0.047071 0.056189 -0.165303 0.053905 -0.008512 0.031369 0.227886 0.060595 -0.107087 -0.102004 0.001541 -0.157922 -0.127983
-0.413251 -0.270756 0.043203 0.304598 -0.000646 0.142340 0.240032 0.321998 -0.178900 -0.000008 -0.073068 0.107156 -0.135424 0.012782 -0.278768 -0.144916 -0.333725 -0.096772 -0.268708 -0.096227 0.222697 0.188189 0.273483 0.366449 0.367897 0.361523 0.047788 -0.004789 -0.276289 -0.220786 0.348830 0.315907 0.060125 0.519710 0.023054 1.000000 -0.297833 -0.091047 -0.144281 -0.065256 -0.275026 -0.136636 -0.178374 0.015260 0.151704 0.529017 -0.266022 0.124794 -0.400311 0.182346 -0.065589 -0.355929 -0.341487 -0.244310 -0.329429 -0.172498 -0.262996 -0.105979 -0.350969 -0.251186 -0.298017 -0.211217 -0.240989 -0.213222 0.234926 -0.020058 -0.182431 0.525329 -0.180468 0.114035 0.142358 0.186464 -0.100693 -0.156859 -0.039764 0.176215 -0.116634 0.124312 -0.145752 -0.068166 -0.267369 -0.078553 -0.326069 -0.210850 -0.128660 -0.208074 -0.074307 -0.201717 -0.049379 -0.263201 -0.221021 -0.195217 0.221183 0.033046 0.200348 0.050970 -0.020424 0.145139 -0.210865 -0.077598 0.112766 -0.198279 0.083657 -0.021096 0.118480 0.091102 0.024939 -0.089911 -0.027565 0.081544 0.222995 0.075389 -0.118485 -0.159462 0.191802 0.213470
