1.000000 0.008994 0.159879 0.044981 0.009082 0.015737 0.181070 -0.005516 0.177531 -0.017047 -0.012489 -0.096538 0.060455 0.091198 0.087865 -0.194968 -0.328628 -0.094226 0.263338 0.087699 -0.340324 -0.452911 -0.102463 -0.043675 -0.353370 -0.536815 0.025310 0.114960 -0.342629 -0.479265 -0.452407 -0.461869 0.105227 -0.076312 0.341274 0.280521 -0.112494 -0.256076 0.153719 -0.439951 -0.372642 -0.223725 0.211696 0.051982 0.247843 0.055575 0.221874 -0.028260 0.292229 0.284732 -0.053440 0.408453 0.121025 0.115781 -0.010760 -0.175571 0.288645 -0.121558 0.403015 0.225925 -0.067222 0.069660 0.169302 0.001996 -0.338001 0.094247 0.474696 0.122532 0.488526 0.138758 -0.196007 -0.205113 -0.343571 -0.320023 -0.313418 -0.400680 -0.142089 -0.138576 -0.217588 -0.242695 -0.513241 -0.299501 -0.507929 -0.490619 -0.338290 0.052312 -0.333029 -0.340434 -0.347878 0.060886 0.126001 0.232299 0.141518 0.215435 -0.054969 -0.292241 0.034384 -0.396085 0.028379 -0.021129 0.003316 0.088136 0.001489 0.125726 0.052977 -0.081060 0.028208 -0.033825 -0.258603 -0.113595 -0.217975 -0.056397 0.070451 -0.151031 -0.259949 -0.402224
0.008994 1.000000 0.091266 0.364525 -0.048682 0.085796 -0.007751 0.209841 0.057676 -0.172180 0.250884 0.272529 0.126345 0.286394 -0.008906 0.022181 0.187577 0.126838 0.430936 0.387376 0.047102 0.016138 -0.013157 -0.015518 -0.002977 0.015460 0.116216 -0.011063 0.125400 0.082650 0.074124 -0.003217 0.166119 0.203981 -0.364898 -0.338957 -0.228506 -0.096853 -0.295315 -0.079411 -0.125841 0.109049 -0.240985 -0.327551 -0.200548 -0.344685 -0.215218 -0.307728 -0.058193 -0.216056 0.040568 -0.208933 0.104875 -0.256561 -0.161226 -0.196773 0.148801 0.689804 0.140061 0.188588 0.407998 0.354508 0.149964 0.326458 0.042624 0.042436 0.023583 -0.154329 0.072542 0.085034 -0.009662 -0.073462 0.045012 0.080484 0.066919 0.105308 -0.101390 -0.152250 0.107973 0.112623 0.286335 0.135835 0.011155 0.126090 -0.047282 -0.144086 -0.047828 0.241568 0.128497 0.051824 -0.065920 -0.088985 -0.127101 -0.165634 -0.127213 -0.229420 -0.292382 -0.096641 -0.216170 -0.264999 -0.066684 0.055623 -0.114934 -0.115025 0.008875 -0.121884 0.013352 -0.070845 -0.098603 -0.223699 -0.156978 -0.145036 -0.014216 -0.121249 -0.236416 0.036807
0.159879 0.091266 1.000000 0.473788 0.469334 0.369041 0.538546 0.408361 0.190732 0.256578 -0.253061 -0.405825 0.042949 -0.129159 -0.357289 -0.215426 -0.440978 -0.611197 0.556046 0.445407 -0.171509 -0.242242 0.484037 0.468446 0.098693 -0.071705 0.331325 0.287247 -0.487462 -0.602750 -0.292961 -0.326730 -0.345698 -0.140378 -0.122842 0.297155 -0.530450 -0.503509 -0.298500 -0.285750 -0.350333 -0.330499 -0.239826 -0.250388 0.052005 -0.073777 -0.197096 -0.209556 0.609756 0.090812 0.146746 0.120411 0.165736 -0.177533 -0.201616 -0.514499 -0.319025 -0.130095 0.382567 0.527122 -0.248479 -0.212880 -0.362779 -0.430817 -0.145213 -0.281354 -0.020711 0.581161 0.131986 0.673834 -0.297063 -0.300364 -0.590899 -0.605864 -0.537237 -0.449449 -0.579394 -0.561026 -0.382085 -0.562005 -0.227654 -0.480223 -0.064051 -0.135395 -0.197458 -0.526666 -0.209972 -0.020750 0.167619 -0.013504 0.625644 0.570496 0.433514 0.541115 -0.330311 -0.241173 -0.413687 -0.339360 -0.018435 -0.151541 0.224464 0.065566 0.071725 0.069539 -0.072399 0.027705 -0.228236 -0.026928 -0.333589 -0.182894 -0.054856 -0.038603 0.166646 -0.284340 -0.378961 -0.335907
0.044981 0.364525 0.473788 1.000000 0.283543 0.503354 0.378038 0.675628 0.207645 0.340650 0.064750 0.138240 -0.017469 0.212060 -0.078639 0.073608 -0.193967 -0.436255 0.358656 0.257969 -0.065997 -0.082068 0.510883 0.441641 0.225339 0.148495 0.484739 0.482187 -0.255685 -0.292427 -0.019781 -0.039554 0.007187 0.128286 -0.187198 0.018683 -0.464041 -0.402867 -0.381650 -0.307209 -0.255087 0.039517 -0.107386 -0.150498 -0.089128 0.010098 -0.294840 -0.226464 0.198110 0.000284 0.253353 -0.048802 0.082295 -0.135931 -0.232527 -0.400478 -0.070156 0.027957 0.241226 0.242225 0.026780 0.060284 -0.183008 -0.217270 0.126083 0.129621 -0.042302 0.197790 0.008651 0.241253 -0.259734 -0.263789 -0.344757 -0.165936 -0.159857 -0.217831 -0.372643 -0.398227 -0.155389 -0.309529 -0.059659 -0.316255 0.023816 0.019694 0.034578 -0.169066 0.041299 0.191231 0.281255 0.162531 0.140357 0.068967 0.153478 0.050952 -0.312626 -0.424845 -0.374136 -0.417072 -0.235043 -0.362000 -0.020943 -0.160351 -0.185965 -0.210514 -0.228956 -0.306744 -0.142432 -0.114824 -0.338834 -0.488542 -0.223215 -0.392536 -0.104927 -0.274601 -0.289816 -0.173237
0.009082 -0.048682 0.469334 0.283543 1.000000 0.492391 0.263062 0.174856 0.500677 0.466220 -0.212993 -0.202896 -0.046794 -0.089062 0.226275 0.203009 -0.289110 -0.369904 0.275104 0.140004 0.253776 0.063171 0.413225 0.412273 0.281375 -0.022107 0.514894 0.403371 -0.237894 -0.294615 -0.114088 -0.258362 -0.318116 -0.261062 -0.097188 0.081826 -0.197631 -0.107587 -0.204585 -0.058747 -0.166871 0.048624 -0.192652 -0.169367 -0.070777 -0.104990 -0.261207 -0.254867 0.330815 0.134856 0.077849 0.202377 0.134008 0.134478 0.039311 -0.131751 -0.261183 -0.238804 0.102323 0.293456 -0.275349 -0.088955 -0.110662 -0.236765 -0.098690 -0.083311 -0.078859 0.209749 -0.027557 0.260346 -0.000946 -0.062708 -0.261956 -0.208590 -0.244382 -0.098693 -0.327116 -0.303123 -0.267099 -0.435257 -0.206893 -0.373789 0.037322 -0.061549 -0.066003 -0.132964 0.085677 0.028113 0.233169 0.257744 0.305155 0.169857 0.127500 0.237936 -0.354584 -0.143223 -0.226422 -0.284147 -0.082214 -0.172915 0.027792 0.008115 -0.090655 -0.131208 -0.239751 -0.083386 -0.054460 0.079224 -0.167579 -0.217267 -0.116169 -0.185519 0.067556 -0.351469 -0.286255 -0.194793
0.015737 0.085796 0.369041 0.503354 0.492391 1.000000 0.254360 0.206010 0.317254 0.457217 -0.286508 0.053890 -0.209639 0.211133 0.026204 0.292766 -0.288537 -0.372086 0.184726 0.014247 0.199371 0.070666 0.370913 0.433147 0.212045 0.019237 0.718775 0.663627 -0.482670 -0.373622 -0.248781 -0.318294 -0.415514 -0.402108 -0.253645 0.004448 -0.404103 -0.262352 -0.180821 -0.159918 -0.263013 0.112357 -0.001702 -0.178966 0.022738 -0.085725 -0.133938 -0.209965 0.361682 0.053213 0.354789 0.107553 0.330622 0.195714 0.098387 -0.269987 -0.198986 -0.231380 0.203086 0.175621 -0.092577 -0.071353 -0.069954 -0.221818 0.149506 0.019237 -0.051853 0.159106 0.003122 0.229860 -0.181604 -0.056495 -0.498298 -0.241477 -0.380076 -0.198225 -0.512017 -0.532242 -0.232231 -0.472993 -0.269930 -0.431048 -0.087776 0.074299 -0.005604 -0.140338 0.053630 0.289301 0.353425 0.385881 0.307812 0.219437 0.344047 0.237711 -0.304632 -0.257738 -0.259399 -0.384433 -0.106555 -0.220761 0.039334 0.008161 -0.200236 0.022318 -0.146961 0.115774 0.094841 0.053449 -0.320164 -0.270241 -0.115155 -0.259948 0.028088 -0.321930 -0.345200 -0.229687
0.181070 -0.007751 0.538546 0.378038 0.263062 0.254360 1.000000 0.477950 0.185451 0.363122 -0.171871 -0.092671 0.337006 0.116503 -0.141683 -0.036122 -0.378500 -0.368014 0.407597 0.118937 -0.339652 -0.383371 0.279899 0.116127 -0.208561 -0.281365 0.133742 0.272060 -0.284064 -0.413932 -0.364004 -0.335304 0.147133 0.011251 0.112211 0.235774 -0.087736 -0.277707 -0.142266 -0.215732 -0.337385 -0.198703 0.017631 -0.229097 0.123088 -0.000710 -0.037746 -0.341883 0.322773 0.156160 0.038812 0.344519 0.277893 0.205734 0.020766 -0.368960 -0.271759 -0.153503 0.428312 0.302024 -0.048324 0.181987 -0.135512 -0.109859 0.032513 0.095626 0.301272 0.107143 0.168133 0.194950 -0.409287 -0.406261 -0.317281 -0.306416 -0.317413 -0.346463 -0.207810 -0.203804 -0.281133 -0.415806 -0.298258 -0.373895 -0.110398 -0.295051 -0.097623 -0.147920 0.004756 -0.290633 0.261631 0.218202 0.255819 0.285924 0.385524 0.379408 -0.301021 -0.331591 -0.112360 -0.482718 0.126734 -0.101681 0.236308 0.123858 0.129837 0.144945 0.110333 -0.227130 -0.257918 -0.400483 -0.250709 -0.322184 -0.471410 -0.285055 0.064065 0.082931 -0.156956 -0.450403
-0.005516 0.209841 0.408361 0.675628 0.174856 0.206010 0.477950 1.000000 0.087756 0.550632 0.013310 0.107995 0.262287 0.342002 -0.055659 0.161389 -0.163537 -0.335658 0.165276 0.094587 -0.275480 -0.222863 0.220467 0.222516 -0.050430 0.067541 0.007422 0.045335 -0.183119 -0.168661 -0.022566 -0.005325 -0.014174 0.213675 -0.217480 0.102037 -0.310762 -0.352575 -0.493619 -0.308814 -0.244761 -0.051392 -0.231818 -0.233672 -0.095451 0.165690 -0.299024 -0.383142 0.125479 0.002728 0.041276 -0.132251 0.004014 -0.242255 -0.365538 -0.568505 -0.170842 -0.055372 0.262752 0.378866 0.032244 0.339524 -0.112001 -0.136225 0.088395 0.291010 0.003370 0.257735 -0.108607 0.162072 -0.199848 -0.300504 -0.222734 -0.190588 -0.171834 -0.218693 -0.311018 -0.274261 -0.247262 -0.315362 0.027998 -0.241726 -0.066923 -0.023356 0.029845 -0.205042 -0.021464 -0.138236 0.240937 0.058771 0.091923 0.001277 0.165579 0.107632 -0.455055 -0.315832 -0.353072 -0.372552 -0.181697 -0.395641 0.291640 -0.000286 0.122665 -0.111840 -0.052289 -0.319827 -0.184741 -0.101432 -0.190965 -0.501137 -0.327409 -0.294691 0.004317 -0.145077 -0.225482 -0.222499
0.177531 0.057676 0.190732 0.207645 0.500677 0.317254 0.185451 0.087756 1.000000 0.291624 -0.110147 0.070857 0.005933 0.266059 0.439433 0.156497 -0.180400 -0.129891 0.269252 0.052787 0.041531 -0.055348 0.246889 0.164126 0.024346 -0.232221 0.435058 0.334605 -0.025126 -0.167674 -0.123538 -0.190240 0.039966 -0.139850 0.002604 -0.040070 -0.049288 -0.204489 0.104006 -0.395384 -0.234926 0.127642 0.099733 0.073747 -0.001150 -0.051086 -0.059027 -0.234056 0.087081 0.063552 0.134154 0.274640 0.099264 0.248745 -0.095199 -0.064236 -0.174267 -0.138779 0.008041 -0.037134 -0.145594 0.166423 0.145618 0.045681 0.069834 0.201352 0.004253 -0.158327 0.106083 -0.044166 0.038500 0.002472 -0.080664 0.044362 0.038455 0.047188 0.060010 -0.064628 0.019867 -0.197294 -0.235452 -0.190733 -0.227305 -0.093054 0.037295 0.229552 -0.091712 0.099661 0.035454 0.330773 -0.104866 -0.034397 -0.083608 -0.005342 -0.157477 -0.461142 -0.084088 -0.388918 -0.291907 -0.282455 -0.115932 -0.083518 -0.259415 -0.189618 -0.252814 -0.170293 0.223509 0.117392 -0.389823 -0.295776 -0.210271 -0.200092 0.062868 -0.337259 -0.248948 -0.152108
-0.017047 -0.172180 0.256578 0.340650 0.466220 0.457217 0.363122 0.550632 0.291624 1.000000 -0.254973 0.015796 0.142018 0.288594 0.117859 0.499441 -0.249263 -0.300324 -0.001214 -0.116168 0.072108 -0.006627 0.326766 0.229216 0.144889 0.098298 0.120451 0.204609 -0.325601 -0.222055 -0.036818 -0.071442 -0.231856 -0.171332 -0.186007 0.104346 -0.251555 -0.244451 -0.324060 -0.232157 -0.218268 -0.010260 -0.102170 -0.142624 0.105681 0.147504 -0.231721 -0.283644 0.268469 0.163289 0.234587 0.058347 0.152118 0.094578 -0.102109 -0.335051 -0.280787 -0.321736 0.081841 0.163901 -0.158788 0.133142 -0.015601 -0.205808 0.106809 0.133343 -0.101828 0.136814 -0.067687 0.085532 -0.015159 -0.097451 -0.284127 -0.117213 -0.232536 -0.171545 -0.309074 -0.210335 -0.227516 -0.437216 -0.152710 -0.300899 -0.122326 -0.093285 0.081072 -0.123998 0.129423 -0.075723 0.205083 0.253198 0.167026 0.098929 0.207195 0.226304 -0.526386 -0.256236 -0.271339 -0.384878 -0.037910 -0.186629 0.306344 0.116409 0.077368 0.026004 -0.071750 -0.149711 -0.144524 -0.070373 -0.178430 -0.363130 -0.303537 -0.150701 0.153208 -0.161361 -0.303875 -0.310037
-0.012489 0.250884 -0.253061 0.064750 -0.212993 -0.286508 -0.171871 0.013310 -0.110147 -0.254973 1.000000 0.414801 0.491086 0.220356 0.123317 0.074014 0.439277 0.244527 -0.114200 -0.101697 0.083700 0.269280 0.022164 -0.033051 0.205273 0.328151 -0.224055 -0.146851 0.541040 0.419478 0.483379 0.514075 0.250254 0.447728 -0.071498 -0.309230 0.113304 0.213997 -0.224291 0.178260 0.499690 0.154743 -0.232513 -0.070439 -0.200468 -0.201874 -0.261538 -0.003908 -0.239071 -0.153218 -0.057775 -0.155120 -0.188797 -0.170710 0.022135 0.223214 0.305330 0.223564 -0.121470 -0.182144 0.326041 0.220917 0.008407 0.266754 0.008731 0.287051 -0.045896 -0.362184 -0.234782 -0.329491 0.345737 0.316126 0.549446 0.391042 0.459645 0.450445 0.215867 0.260219 0.323950 0.418070 0.401460 0.208485 0.273777 0.112796 0.103622 0.013878 0.190811 0.134605 0.036062 -0.099022 -0.392352 -0.426618 -0.455717 -0.402384 0.099214 0.200864 0.093424 0.304420 -0.104394 0.090682 -0.151492 -0.148453 0.023495 -0.279909 -0.086600 -0.383557 -0.175983 -0.256438 0.309474 0.121187 0.048610 -0.017881 -0.162290 0.211678 0.299767 0.393336
-0.096538 0.272529 -0.405825 0.138240 -0.202896 0.053890 -0.092671 0.107995 0.070857 0.015796 0.414801 1.000000 0.149312 0.607889 0.304938 0.455813 0.383216 0.519984 -0.280950 -0.428423 0.176866 0.311141 -0.029004 -0.127076 0.101667 0.147303 -0.016733 0.063350 0.306212 0.398178 0.252314 0.309879 0.169442 0.006703 -0.248490 -0.538533 0.136457 0.198753 -0.150061 -0.032341 0.153201 0.306842 0.237056 0.181824 0.085902 -0.013190 0.076688 -0.046154 -0.218119 0.000068 0.306432 -0.038352 0.078108 0.066471 0.087462 0.266595 0.201773 0.092865 -0.184054 -0.400246 0.329793 0.339791 0.363100 0.430716 0.145192 0.417014 -0.009528 -0.596059 -0.281280 -0.553761 0.207269 0.250346 0.401240 0.560364 0.403403 0.412066 0.229656 0.175543 0.201403 0.363057 0.266589 0.255637 -0.148371 -0.000929 0.157456 0.433062 0.078068 0.206569 -0.009333 0.218424 -0.420872 -0.473188 -0.222244 -0.394459 -0.194533 -0.206339 0.050058 0.002660 -0.054153 -0.051807 -0.082763 -0.058664 -0.108979 -0.199635 -0.015023 -0.248798 0.079481 -0.147111 0.008883 -0.250384 -0.224875 -0.153985 -0.035103 0.116512 0.156956 0.221163
0.060455 0.126345 0.042949 -0.017469 -0.046794 -0.209639 0.337006 0.262287 0.005933 0.142018 0.491086 0.149312 1.000000 0.316044 0.119487 0.213544 0.068796 0.077596 0.038940 -0.041960 -0.261670 -0.110694 -0.076804 -0.146401 -0.187287 -0.001024 -0.380926 -0.148817 0.275289 0.131879 0.063206 0.126406 0.179464 0.238653 0.040341 -0.080304 0.156852 0.187683 -0.327420 0.044755 0.233370 0.078660 -0.184036 -0.228857 -0.134190 -0.230083 -0.115276 -0.210126 -0.013707 -0.073725 -0.180127 0.013508 -0.047551 0.067616 0.090151 -0.125726 0.151357 -0.016547 0.176510 0.004343 0.208978 0.268680 -0.018727 0.124057 -0.085107 0.189083 0.269299 -0.235081 -0.059143 -0.165638 0.013044 -0.150323 0.225332 0.086435 0.068853 0.059934 0.057589 0.091156 0.008980 0.030950 0.128633 -0.039833 0.142254 -0.082415 0.090654 -0.056271 0.191668 -0.276059 0.180869 0.149646 -0.121891 -0.121234 -0.121007 -0.022321 -0.149333 -0.027732 0.149885 -0.043066 0.159089 -0.099496 0.237931 0.088740 0.292980 -0.014453 0.169686 -0.317056 -0.349673 -0.270107 0.109109 0.040851 -0.243083 -0.005430 -0.015905 0.224018 0.061303 -0.010144
0.091198 0.286394 -0.129159 0.212060 -0.089062 0.211133 0.116503 0.342002 0.266059 0.288594 0.220356 0.607889 0.316044 1.000000 0.189677 0.434698 0.180373 0.243928 -0.021583 -0.306384 -0.013753 0.018210 -0.059580 -0.097218 -0.005799 -0.146922 -0.034713 -0.000160 0.030383 0.040567 0.063864 0.032959 0.053033 -0.110466 -0.272691 -0.338947 -0.102820 -0.204848 -0.134178 -0.349504 -0.117958 0.052959 0.175893 0.120862 0.253364 0.112910 0.069050 -0.131973 0.099135 0.206794 0.321757 0.114960 0.186078 0.015876 -0.181569 -0.060647 -0.036083 0.035506 0.037457 -0.050712 0.174093 0.473847 0.363681 0.384287 0.042554 0.409783 0.071241 -0.358389 -0.068462 -0.315696 0.247305 0.167606 0.100707 0.249271 0.105343 0.157112 0.012441 -0.056413 0.071247 0.048249 0.078620 0.068658 -0.368134 -0.069199 -0.045323 0.126791 -0.115691 0.172107 -0.095100 0.229507 -0.167228 -0.189877 -0.059550 -0.123837 -0.354549 -0.389139 -0.071957 -0.316696 -0.037842 -0.117053 0.190451 0.123399 -0.007653 -0.138608 0.012113 -0.253256 0.063649 -0.188781 -0.183710 -0.371927 -0.302291 -0.035528 0.163669 -0.033464 -0.100760 -0.057603
0.087865 -0.008906 -0.357289 -0.078639 0.226275 0.026204 -0.141683 -0.055659 0.439433 0.117859 0.123317 0.304938 0.119487 0.189677 1.000000 0.373427 0.031559 0.164226 -0.149762 -0.149795 0.078162 0.083938 -0.029818 0.006528 -0.144042 -0.118343 0.148227 0.226384 0.240217 0.178588 0.002850 0.036966 0.125042 -0.104095 0.113712 -0.214089 0.330747 0.395562 0.082310 -0.017700 0.154278 0.459475 0.106397 0.049767 -0.142322 -0.181123 0.087551 -0.154164 -0.198262 -0.102745 -0.161633 0.144943 -0.041634 0.316064 0.293432 0.294777 0.075626 -0.223746 -0.232759 -0.272836 -0.130898 0.172200 0.338121 0.135439 -0.052489 0.283770 0.119628 -0.445710 -0.227501 -0.409788 0.165011 0.124972 0.217955 0.369289 0.259335 0.256185 0.279091 0.326459 -0.064596 0.009119 -0.163390 -0.070456 -0.040664 0.080720 0.130638 0.514033 0.224922 -0.040040 0.080399 0.400463 -0.376262 -0.379045 -0.248311 -0.204473 -0.039462 -0.149154 0.331896 -0.136433 -0.038659 -0.170730 -0.103276 -0.085156 -0.031956 -0.160971 -0.051097 -0.181096 0.149561 0.106728 -0.088005 -0.117256 -0.160686 -0.236939 -0.124091 -0.048306 0.040328 -0.018470
-0.194968 0.022181 -0.215426 0.073608 0.203009 0.292766 -0.036122 0.161389 0.156497 0.499441 0.074014 0.455813 0.213544 0.434698 0.373427 1.000000 0.022417 0.235274 -0.188795 -0.207965 0.361793 0.437307 0.061246 -0.033817 0.246669 0.264072 0.097856 0.204528 0.067516 0.368885 0.254135 0.215891 -0.217260 -0.225907 -0.271169 -0.395886 0.149022 0.279737 -0.284070 0.091315 0.230686 0.454308 0.042307 -0.033606 -0.072967 -0.093165 -0.034690 -0.153035 -0.105560 -0.089090 0.142820 -0.158473 0.023931 0.087018 0.140600 0.094737 0.031139 -0.098570 -0.175088 -0.242987 0.021346 0.128534 0.046989 0.096024 0.023430 0.027218 -0.118274 -0.376566 -0.292653 -0.325301 0.357046 0.210784 0.188226 0.462371 0.240451 0.309699 0.102691 0.052044 0.050695 0.012051 0.060307 0.109688 0.040555 0.387539 0.186047 0.223279 0.289004 0.224863 0.257359 0.373105 -0.236910 -0.397740 -0.210457 -0.237474 -0.347226 -0.049060 0.051831 -0.007499 0.019152 -0.165610 0.152738 0.055060 0.011742 -0.182085 -0.109156 -0.151270 0.043961 0.112867 0.078835 -0.196392 -0.104433 -0.103497 0.015478 -0.089397 -0.098435 0.087090
-0.328628 0.187577 -0.440978 -0.193967 -0.289110 -0.288537 -0.378500 -0.163537 -0.180400 -0.249263 0.439277 0.383216 0.068796 0.180373 0.031559 0.022417 1.000000 0.546707 -0.259102 -0.236361 0.341195 0.399195 -0.109399 -0.144180 0.197052 0.270741 -0.244373 -0.306175 0.701905 0.538793 0.505158 0.499985 0.117796 0.202080 -0.250905 -0.455829 0.047446 0.205578 -0.069127 0.251705 0.318675 0.128154 -0.082718 0.076350 -0.006203 -0.043867 -0.199320 0.096749 -0.281484 -0.078446 0.111700 -0.171278 -0.108354 -0.154102 -0.082078 0.325594 0.436377 0.301678 -0.307825 -0.319740 0.384111 0.159470 0.393551 0.379060 0.085862 0.223106 -0.201950 -0.398517 -0.247893 -0.437467 0.467579 0.418662 0.667003 0.508595 0.511455 0.529165 0.266793 0.273686 0.358145 0.539139 0.785399 0.457586 0.250618 0.113720 0.031017 0.033579 0.175725 0.255659 -0.080832 -0.213856 -0.458739 -0.526980 -0.461833 -0.554040 0.107540 0.232438 -0.062862 0.403653 -0.202594 0.091791 -0.298308 -0.198693 -0.144211 -0.304355 -0.148011 -0.225928 -0.019886 -0.088212 0.399196 0.106277 0.024839 -0.018102 -0.295204 0.217340 0.389542 0.452414
-0.094226 0.126838 -0.611197 -0.436255 -0.369904 -0.372086 -0.368014 -0.335658 -0.129891 -0.300324 0.244527 0.519984 0.077596 0.243928 0.164226 0.235274 0.546707 1.000000 -0.290845 -0.384107 0.266422 0.323973 -0.396716 -0.464756 -0.033939 0.079380 -0.347577 -0.408572 0.532596 0.679828 0.320764 0.325530 0.172206 0.041748 -0.082298 -0.551125 0.425462 0.443085 0.148333 0.217184 0.263348 0.309763 0.214666 0.260840 0.077157 -0.038105 0.132133 0.105321 -0.443458 -0.060547 0.007020 -0.129005 -0.090652 0.021750 0.048910 0.399353 0.401459 0.313589 -0.424715 -0.512927 0.339788 0.212823 0.402037 0.595566 0.054415 0.134585 -0.066505 -0.663390 -0.080926 -0.629768 0.446763 0.365566 0.645992 0.705357 0.567605 0.583224 0.565665 0.443067 0.451376 0.756699 0.415475 0.666363 -0.021665 0.037786 0.098772 0.468983 0.106001 0.134475 -0.225023 -0.014144 -0.576054 -0.556016 -0.435494 -0.495291 0.150021 0.025058 0.195302 0.338666 -0.068284 0.079589 -0.211447 0.070065 -0.108804 -0.150606 0.006934 -0.072339 0.251352 0.012613 0.203495 0.044639 -0.072274 0.144731 -0.036669 0.170650 0.260439 0.356235
0.263338 0.430936 0.556046 0.358656 0.275104 0.184726 0.407597 0.165276 0.269252 -0.001214 -0.114200 -0.280950 0.038940 -0.021583 -0.149762 -0.188795 -0.259102 -0.290845 1.000000 0.650806 -0.160895 -0.319783 0.273750 0.163558 0.024588 -0.164872 0.322910 0.176155 -0.122652 -0.304709 -0.193250 -0.281822 0.097315 0.015659 0.054147 0.111135 -0.341038 -0.420170 -0.159284 -0.299479 -0.367846 -0.246992 -0.105995 -0.194176 -0.005516 -0.132306 -0.154772 -0.257323 0.227484 0.036970 0.049784 0.086436 0.079610 -0.192745 -0.257698 -0.370762 -0.102590 0.266395 0.335628 0.383665 0.086575 0.031731 -0.163705 -0.034764 -0.042923 -0.209373 0.187137 0.173294 0.369644 0.418978 -0.209354 -0.310833 -0.248554 -0.277943 -0.177034 -0.261044 -0.191545 -0.377708 -0.069513 -0.186400 -0.122084 -0.185349 -0.049422 -0.053987 -0.086253 -0.273674 -0.189514 0.019277 0.078363 -0.068794 0.184184 0.196275 0.087168 0.209853 -0.228246 -0.460075 -0.374475 -0.376658 -0.171457 -0.283923 -0.012270 -0.040974 -0.001642 0.029300 -0.104573 -0.115281 -0.121490 -0.046706 -0.369383 -0.313836 -0.192530 -0.191702 -0.016676 -0.306826 -0.407263 -0.316858
0.087699 0.387376 0.445407 0.257969 0.140004 0.014247 0.118937 0.094587 0.052787 -0.116168 -0.101697 -0.428423 -0.041960 -0.306384 -0.149795 -0.207965 -0.236361 -0.384107 0.650806 1.000000 -0.164135 -0.242434 0.222536 0.255909 0.031574 0.054335 0.128106 0.101868 0.017696 -0.189972 -0.078757 -0.093242 -0.073634 0.171905 0.072948 0.278134 -0.233347 -0.273482 -0.154408 -0.076761 -0.160936 -0.122512 -0.332147 -0.312681 -0.296892 -0.168800 -0.208213 -0.166263 0.116719 -0.228112 -0.192081 -0.157802 -0.224820 -0.355518 -0.281022 -0.465457 -0.107778 0.282799 0.204270 0.319411 -0.111896 -0.252750 -0.403111 -0.389822 -0.053774 -0.404106 -0.003310 0.410028 0.328363 0.667162 -0.177184 -0.255923 -0.221325 -0.351286 -0.135823 -0.316890 -0.196817 -0.266787 -0.096331 -0.240155 -0.028749 -0.207504 0.254003 0.251785 0.062282 -0.342248 -0.135966 -0.053224 0.100121 -0.382251 0.245454 0.206810 0.000467 0.145114 -0.036741 -0.081033 -0.279119 -0.159962 -0.102085 -0.349143 0.027787 -0.094293 0.020780 -0.070201 -0.142768 -0.059457 -0.266329 0.152566 -0.155400 -0.019238 0.166287 -0.052410 -0.107596 -0.213307 -0.378200 -0.274233
-0.340324 0.047102 -0.171509 -0.065997 0.253776 0.199371 -0.339652 -0.275480 0.041531 0.072108 0.083700 0.176866 -0.261670 -0.013753 0.078162 0.361793 0.341195 0.266422 -0.160895 -0.164135 1.000000 0.747267 0.146911 0.077006 0.500975 0.342483 0.309360 0.124445 0.121320 0.350983 0.463991 0.307555 -0.276924 -0.226374 -0.413689 -0.498049 -0.050964 0.215242 -0.008380 0.337123 0.295660 0.257612 -0.096269 0.015500 0.022563 -0.222513 -0.176288 0.034060 -0.055468 -0.072140 0.237979 -0.106091 0.069255 -0.013936 0.167642 0.392442 0.098845 0.117661 -0.394568 -0.245371 -0.002560 -0.089837 0.101651 0.104051 -0.030132 -0.099562 -0.358851 -0.281835 -0.257091 -0.216193 0.523774 0.537392 0.238376 0.413843 0.235322 0.544150 0.006162 0.036707 0.120383 0.225404 0.230015 0.167424 0.160003 0.309037 -0.058037 0.034451 0.283010 0.563102 0.135922 0.161282 -0.124327 -0.288453 -0.267615 -0.323608 0.036750 0.324182 -0.119179 0.448622 -0.162846 0.167547 -0.290361 -0.060257 -0.254238 -0.247852 -0.259847 0.064115 0.249423 0.197223 0.386684 0.180312 0.189018 0.058203 -0.094895 -0.141085 0.141913 0.407651
-0.452911 0.016138 -0.242242 -0.082068 0.063171 0.070666 -0.383371 -0.222863 -0.055348 -0.006627 0.269280 0.311141 -0.110694 0.018210 0.083938 0.437307 0.399195 0.323973 -0.319783 -0.242434 0.747267 1.000000 0.151956 0.081203 0.579033 0.579269 0.097906 0.075657 0.262538 0.539550 0.628842 0.573245 -0.140782 -0.068820 -0.338529 -0.562755 -0.018753 0.371842 -0.138257 0.444066 0.429934 0.427532 -0.063793 0.009000 -0.172239 -0.247139 -0.112643 0.077831 -0.280727 -0.280304 0.136351 -0.346894 -0.142680 -0.057559 0.173204 0.387292 0.157771 0.064559 -0.360428 -0.433650 0.155114 -0.077477 0.049050 0.178168 0.101308 -0.106039 -0.368497 -0.368181 -0.392040 -0.331316 0.509456 0.593394 0.373048 0.549765 0.366861 0.630856 0.111596 0.129492 0.241344 0.391479 0.372465 0.347875 0.247781 0.462466 0.110534 0.066621 0.314119 0.624254 0.128450 0.109828 -0.283892 -0.392494 -0.374985 -0.486852 0.090134 0.357194 -0.018995 0.442864 -0.208616 0.089850 -0.326838 -0.183758 -0.334471 -0.352289 -0.365995 0.018246 0.168267 0.178203 0.370230 0.178869 0.197922 -0.020155 -0.225744 -0.150784 0.131182 0.530084
-0.102463 -0.013157 0.484037 0.510883 0.413225 0.370913 0.279899 0.220467 0.246889 0.326766 0.022164 -0.029004 -0.076804 -0.059580 -0.029818 0.061246 -0.109399 -0.396716 0.273750 0.222536 0.146911 0.151956 1.000000 0.804659 0.535311 0.390837 0.435806 0.550903 -0.100745 -0.238079 0.299977 0.293510 -0.070760 0.043818 -0.080743 -0.010845 -0.388920 -0.235643 -0.242815 -0.055211 0.038773 -0.036051 -0.140717 -0.116304 -0.078967 -0.157178 -0.310352 -0.036725 0.235084 -0.080679 0.307971 -0.001293 0.122524 0.005189 -0.012386 -0.162965 -0.211401 -0.160061 0.009191 -0.072534 -0.108000 -0.266425 -0.256246 -0.343216 0.224577 -0.252004 -0.295731 0.126932 -0.135091 0.226262 -0.078934 0.107829 -0.192797 -0.157088 -0.106925 -0.057125 -0.300985 -0.241842 -0.102861 -0.334795 -0.022702 -0.327378 0.344470 0.078810 0.208280 -0.260118 0.234868 0.152043 0.381892 0.041111 0.147754 0.103658 0.051730 0.096009 -0.246797 -0.144033 -0.285450 -0.226671 -0.152708 -0.114311 -0.117727 -0.147671 -0.226888 -0.234654 -0.346837 -0.224976 -0.240108 -0.185237 -0.209694 -0.151045 -0.020000 -0.171616 -0.121740 -0.201506 -0.089284 -0.062657
-0.043675 -0.015518 0.468446 0.441641 0.412273 0.433147 0.116127 0.222516 0.164126 0.229216 -0.033051 -0.127076 -0.146401 -0.097218 0.006528 -0.033817 -0.144180 -0.464756 0.163558 0.255909 0.077006 0.081203 0.804659 1.000000 0.402025 0.294263 0.427769 0.523053 -0.191600 -0.342021 0.137975 0.157612 -0.261382 -0.069095 -0.060160 0.099972 -0.424324 -0.214175 -0.291140 -0.074941 0.022694 -0.095337 -0.213136 -0.223322 -0.151369 -0.201569 -0.237183 -0.061101 0.310117 -0.116499 0.175256 0.006862 0.088893 0.032692 0.031111 -0.228873 -0.222848 -0.219450 0.011165 0.032943 -0.226656 -0.315236 -0.254164 -0.432114 0.193504 -0.240745 -0.240947 0.301662 -0.186496 0.333352 -0.159719 0.068339 -0.341553 -0.360968 -0.291511 -0.176672 -0.492632 -0.351688 -0.262125 -0.455740 -0.072981 -0.456604 0.286384 0.093078 0.144472 -0.272263 0.155373 0.062646 0.372235 0.051069 0.306241 0.241655 0.193809 0.207040 -0.094937 -0.025743 -0.202324 -0.206402 -0.100607 -0.150886 0.003933 -0.125745 -0.092853 -0.107259 -0.179763 -0.058430 -0.268704 -0.119657 -0.163481 -0.029763 0.060786 -0.151827 -0.089686 -0.130654 -0.053977 -0.125830
-0.353370 -0.002977 0.098693 0.225339 0.281375 0.212045 -0.208561 -0.050430 0.024346 0.144889 0.205273 0.101667 -0.187287 -0.005799 -0.144042 0.246669 0.197052 -0.033939 0.024588 0.031574 0.500975 0.579033 0.535311 0.402025 1.000000 0.749727 0.230234 0.203534 0.151113 0.239169 0.618090 0.516279 -0.181161 -0.013028 -0.216936 -0.266131 -0.302332 -0.084932 -0.240088 0.110265 0.242081 0.019862 -0.127561 0.036205 -0.081214 -0.127762 -0.349456 0.030286 0.033808 -0.081017 0.319854 -0.207367 -0.098748 -0.200182 -0.105391 0.127451 0.012868 0.006294 -0.181048 -0.174037 0.070444 -0.220034 -0.280192 -0.065540 0.117541 -0.219981 -0.329066 -0.052362 -0.149515 0.001126 0.406285 0.459968 0.198762 0.213699 0.236013 0.291372 -0.117055 -0.197455 0.165861 0.127765 0.312077 0.060090 0.311601 0.294497 0.214989 -0.159193 0.183270 0.480443 0.129456 -0.071886 -0.071168 -0.150269 -0.234166 -0.258789 -0.083914 0.071412 -0.295851 0.145979 -0.256360 -0.029531 -0.190057 -0.223615 -0.271871 -0.352478 -0.438915 -0.140466 -0.116102 0.004014 0.051650 -0.048888 0.156358 -0.050320 -0.122751 -0.192665 0.029811 0.320977
-0.536815 0.015460 -0.071705 0.148495 -0.022107 0.019237 -0.281365 0.067541 -0.232221 0.098298 0.328151 0.147303 -0.001024 -0.146922 -0.118343 0.264072 0.270741 0.079380 -0.164872 0.054335 0.342483 0.579269 0.390837 0.294263 0.749727 1.000000 -0.032820 -0.014785 0.351049 0.538548 0.724213 0.769852 -0.081638 0.313384 -0.206969 -0.249271 -0.084265 0.144818 -0.346441 0.376857 0.422591 0.177367 -0.308286 -0.110082 -0.335844 -0.144151 -0.419849 0.019380 -0.269451 -0.402319 0.110822 -0.553360 -0.330730 -0.347349 -0.069287 0.027456 0.079403 0.092826 -0.252363 -0.311999 0.188252 -0.178546 -0.406292 -0.099238 0.377555 -0.137625 -0.430328 -0.077175 -0.295385 -0.047485 0.271037 0.320157 0.345968 0.305415 0.341167 0.352225 0.035947 0.004000 0.263396 0.315246 0.494657 0.225929 0.550817 0.487768 0.496837 -0.130111 0.334746 0.367695 0.320709 -0.205928 -0.246933 -0.345981 -0.310126 -0.374779 -0.003242 0.243541 -0.151803 0.316990 -0.204625 -0.125046 -0.131067 -0.248451 -0.115384 -0.347826 -0.376011 -0.176904 -0.207837 0.018337 0.204795 0.057030 0.219051 -0.079446 -0.295122 -0.020983 0.140968 0.409213
0.025310 0.116216 0.331325 0.484739 0.514894 0.718775 0.133742 0.007422 0.435058 0.120451 -0.224055 -0.016733 -0.380926 -0.034713 0.148227 0.097856 -0.244373 -0.347577 0.322910 0.128106 0.309360 0.097906 0.435806 0.427769 0.230234 -0.032820 1.000000 0.743818 -0.319381 -0.326030 -0.174001 -0.269922 -0.200781 -0.329918 -0.189230 -0.075899 -0.335185 -0.214489 -0.049943 -0.192745 -0.207008 0.104888 0.047351 -0.008794 0.037090 -0.108229 -0.124524 -0.102566 0.240488 0.055427 0.306138 0.169476 0.274131 0.186236 0.093461 -0.064091 -0.119174 -0.104798 0.082657 0.081544 -0.098529 -0.165941 -0.068807 -0.182604 0.107803 -0.070100 -0.074245 0.060676 -0.013677 0.195485 -0.176002 -0.078954 -0.390175 -0.166911 -0.266404 -0.116073 -0.334689 -0.416061 -0.138453 -0.350744 -0.271536 -0.365556 -0.006359 0.084049 -0.003594 0.003373 0.039484 0.325536 0.318593 0.343719 0.172221 0.102349 0.128863 0.085432 -0.164495 -0.271004 -0.254829 -0.273169 -0.211292 -0.208860 -0.263911 -0.152975 -0.344283 -0.090581 -0.228050 0.093521 0.196453 0.137056 -0.318105 -0.237195 -0.057725 -0.295992 -0.035811 -0.373883 -0.228697 -0.087195
0.114960 -0.011063 0.287247 0.482187 0.403371 0.663627 0.272060 0.045335 0.334605 0.204609 -0.146851 0.063350 -0.148817 -0.000160 0.226384 0.204528 -0.306175 -0.408572 0.176155 0.101868 0.124445 0.075657 0.550903 0.523053 0.203534 -0.014785 0.743818 1.000000 -0.351307 -0.396757 -0.216984 -0.235482 -0.153355 -0.333077 0.057874 -0.019883 -0.240162 -0.051586 -0.107513 -0.115450 -0.086643 0.189741 0.212333 -0.034070 -0.046500 -0.229980 0.039840 -0.050785 0.254828 -0.053391 0.311458 0.253548 0.371800 0.395835 0.353192 -0.057480 -0.057682 -0.322042 0.205193 -0.080915 -0.148691 -0.183114 -0.138003 -0.334871 0.014349 -0.085586 0.082401 -0.009005 0.010161 0.123561 -0.305341 -0.115939 -0.435331 -0.188564 -0.309968 -0.226056 -0.368350 -0.368018 -0.295583 -0.468666 -0.360575 -0.521389 0.102265 -0.038632 0.114053 0.038368 0.199733 0.090336 0.462123 0.454659 0.180768 0.145307 0.262778 0.151828 -0.115787 -0.240072 -0.058316 -0.380746 0.021129 -0.138551 -0.170287 -0.185107 -0.269530 -0.031337 -0.060149 -0.016257 -0.074781 -0.083968 -0.304764 -0.110581 -0.155832 -0.361623 -0.071669 -0.166468 -0.123342 -0.201796
-0.342629 0.125400 -0.487462 -0.255685 -0.237894 -0.482670 -0.284064 -0.183119 -0.025126 -0.325601 0.541040 0.306212 0.275289 0.030383 0.240217 0.067516 0.701905 0.532596 -0.122652 0.017696 0.121320 0.262538 -0.100745 -0.191600 0.151113 0.351049 -0.319381 -0.351307 1.000000 0.736380 0.584738 0.616099 0.342005 0.421993 -0.004005 -0.346528 0.405149 0.355409 -0.018812 0.311359 0.484766 0.252746 -0.159037 0.032391 -0.246830 -0.080926 -0.220122 0.004863 -0.565595 -0.249714 -0.218442 -0.249378 -0.418426 -0.177649 -0.070495 0.291772 0.307316 0.252467 -0.361391 -0.376479 0.321956 0.127835 0.131240 0.345799 0.183350 0.160665 -0.128930 -0.474959 -0.153340 -0.415392 0.428237 0.297714 0.879832 0.600839 0.732245 0.551712 0.565285 0.436701 0.526150 0.593896 0.671132 0.478925 0.428498 0.258965 0.294633 0.212156 0.213043 0.069448 -0.025607 -0.281570 -0.638891 -0.658208 -0.650940 -0.632078 0.183303 0.156914 0.117291 0.348493 -0.193832 -0.086672 -0.290791 -0.290128 -0.113528 -0.399010 -0.222679 -0.402471 -0.165681 -0.116678 0.310415 0.120174 0.023718 -0.089957 -0.380887 0.211232 0.336239 0.383347
-0.479265 0.082650 -0.602750 -0.292427 -0.294615 -0.373622 -0.413932 -0.168661 -0.167674 -0.222055 0.419478 0.398178 0.131879 0.040567 0.178588 0.368885 0.538793 0.679828 -0.304709 -0.189972 0.350983 0.539550 -0.238079 -0.342021 0.239169 0.538548 -0.326030 -0.396757 0.736380 1.000000 0.669964 0.695702 0.207308 0.319312 -0.140422 -0.520775 0.476879 0.533995 -0.070031 0.478208 0.542900 0.447039 -0.075121 0.033210 -0.289279 -0.099254 -0.128535 0.007570 -0.661238 -0.350766 -0.188044 -0.421102 -0.368645 -0.163152 0.017710 0.380418 0.262662 0.289075 -0.444446 -0.492205 0.312614 0.194745 -0.003885 0.391426 0.261216 0.144014 -0.200058 -0.567865 -0.338016 -0.570921 0.505100 0.376519 0.818756 0.807598 0.754008 0.678968 0.606629 0.448503 0.499146 0.750163 0.551215 0.628950 0.345420 0.495575 0.358076 0.315676 0.280541 0.258359 0.053752 -0.123283 -0.691121 -0.749912 -0.619348 -0.684531 0.171425 0.273434 0.156604 0.513581 -0.171746 -0.037974 -0.221760 -0.180180 -0.099840 -0.347463 -0.207333 -0.186571 0.092547 0.114798 0.410192 0.097689 0.090235 -0.011570 -0.289265 0.151743 0.319276 0.571757
-0.452407 0.074124 -0.292961 -0.019781 -0.114088 -0.248781 -0.364004 -0.022566 -0.123538 -0.036818 0.483379 0.252314 0.063206 0.063864 0.002850 0.254135 0.505158 0.320764 -0.193250 -0.078757 0.463991 0.628842 0.299977 0.137975 0.618090 0.724213 -0.174001 -0.216984 0.584738 0.669964 1.000000 0.920057 0.125328 0.371642 -0.251081 -0.467609 0.050674 0.220483 -0.179471 0.385515 0.499375 0.226996 -0.245889 0.011132 -0.216832 -0.062448 -0.343487 0.079577 -0.462013 -0.264641 -0.036417 -0.463590 -0.365320 -0.343004 -0.149550 0.229670 0.155454 0.225478 -0.440302 -0.362701 0.239669 0.049151 -0.090635 0.250329 0.264205 -0.047398 -0.435163 -0.322870 -0.354003 -0.333126 0.587266 0.556067 0.652474 0.562907 0.601388 0.647387 0.339109 0.278863 0.457947 0.491615 0.556127 0.432316 0.450237 0.458856 0.295571 -0.039872 0.342131 0.385944 0.080036 -0.245959 -0.499656 -0.594381 -0.618883 -0.591581 0.080302 0.280906 -0.075696 0.451276 -0.265558 0.037721 -0.218555 -0.149051 -0.192259 -0.504200 -0.408974 -0.307654 -0.022398 -0.013342 0.404239 0.082868 0.159490 0.026397 -0.292563 -0.011127 0.274223 0.558439
-0.461869 -0.003217 -0.326730 -0.039554 -0.258362 -0.318294 -0.335304 -0.005325 -0.190240 -0.071442 0.514075 0.309879 0.126406 0.032959 0.036966 0.215891 0.499985 0.325530 -0.281822 -0.093242 0.307555 0.573245 0.293510 0.157612 0.516279 0.769852 -0.269922 -0.235482 0.616099 0.695702 0.920057 1.000000 0.159747 0.446341 -0.142942 -0.382845 0.115200 0.252129 -0.208134 0.365170 0.521474 0.227108 -0.202293 0.016748 -0.243075 -0.029804 -0.281198 0.096762 -0.478871 -0.320002 -0.051838 -0.464293 -0.400446 -0.317054 -0.123501 0.192860 0.164989 0.140611 -0.426753 -0.465976 0.218896 -0.012983 -0.136130 0.171501 0.335570 -0.019060 -0.385420 -0.323431 -0.389151 -0.346172 0.458516 0.497015 0.653513 0.552228 0.602472 0.599491 0.379555 0.315546 0.397435 0.498314 0.554933 0.412511 0.478509 0.436276 0.406521 0.005822 0.323667 0.261223 0.119282 -0.298523 -0.508341 -0.575816 -0.555021 -0.557068 0.099869 0.255600 0.019685 0.395415 -0.181094 -0.008494 -0.152479 -0.198782 -0.081017 -0.448787 -0.325278 -0.314305 -0.098843 -0.050500 0.344381 0.091452 0.168345 0.009573 -0.336878 0.141889 0.342431 0.537794
0.105227 0.166119 -0.345698 0.007187 -0.318116 -0.415514 0.147133 -0.014174 0.039966 -0.231856 0.250254 0.169442 0.179464 0.053033 0.125042 -0.217260 0.117796 0.172206 0.097315 -0.073634 -0.276924 -0.140782 -0.070760 -0.261382 -0.181161 -0.081638 -0.200781 -0.153355 0.342005 0.207308 0.125328 0.159747 1.000000 0.564177 0.273235 -0.030442 0.252522 0.101021 0.155680 -0.007675 0.023843 0.012197 0.151683 0.124100 0.003812 0.038616 0.067749 0.101873 -0.439985 0.002604 -0.218624 0.059173 -0.173038 0.114558 -0.042006 0.203036 0.165504 0.304934 0.010371 -0.259117 0.327801 0.337110 0.211282 0.419318 0.222132 0.273086 0.297914 -0.390475 0.172804 -0.382498 -0.175891 -0.134063 0.345818 0.229445 0.278746 0.087290 0.452086 0.389666 0.340963 0.277366 0.034256 0.229559 -0.003407 -0.129473 0.090844 0.285368 0.068716 -0.141510 -0.161981 -0.013448 -0.505981 -0.312228 -0.334830 -0.297672 0.152112 -0.142138 0.278435 -0.111331 -0.032779 0.036282 -0.306875 -0.185487 -0.188077 -0.058361 -0.025595 -0.287602 -0.094663 -0.376029 -0.058589 -0.074182 -0.200753 -0.197885 -0.149931 0.107356 0.153238 -0.004728
-0.076312 0.203981 -0.140378 0.128286 -0.261062 -0.402108 0.011251 0.213675 -0.139850 -0.171332 0.447728 0.006703 0.238653 -0.110466 -0.104095 -0.225907 0.202080 0.041748 0.015659 0.171905 -0.226374 -0.068820 0.043818 -0.069095 -0.013028 0.313384 -0.329918 -0.333077 0.421993 0.319312 0.371642 0.446341 0.564177 1.000000 0.046601 0.164688 0.112790 0.042857 -0.110292 0.211638 0.195837 0.010864 -0.399903 -0.214506 -0.331339 0.134392 -0.397285 -0.052205 -0.468735 -0.238469 -0.405836 -0.416395 -0.533444 -0.413861 -0.289122 -0.151953 0.131939 0.403880 -0.019410 -0.063941 0.256149 0.172381 -0.069745 0.128061 0.340476 0.226739 -0.147204 0.031674 0.051391 -0.029932 -0.061839 -0.076620 0.385879 0.103007 0.305017 0.103127 0.275459 0.284318 0.328629 0.279756 0.296021 0.209666 0.291733 0.111764 0.143564 -0.132786 0.118822 -0.150963 -0.031062 -0.391542 -0.398894 -0.319513 -0.367880 -0.312812 0.152997 0.124348 0.021194 0.124984 -0.174568 -0.151418 -0.127403 -0.225427 -0.013097 -0.151197 -0.067859 -0.294809 -0.208922 -0.246323 0.138612 0.033003 0.049368 -0.116817 -0.308895 0.073708 0.145756 0.125576
0.341274 -0.364898 -0.122842 -0.187198 -0.097188 -0.253645 0.112211 -0.217480 0.002604 -0.186007 -0.071498 -0.248490 0.040341 -0.272691 0.113712 -0.271169 -0.250905 -0.082298 0.054147 0.072948 -0.413689 -0.338529 -0.080743 -0.060160 -0.216936 -0.206969 -0.189230 0.057874 -0.004005 -0.140422 -0.251081 -0.142942 0.273235 0.046601 1.000000 0.422617 0.383320 0.061984 0.305020 0.007277 -0.095201 -0.035851 0.300690 0.073747 -0.050180 0.030723 0.334002 0.072197 -0.072148 -0.031538 -0.268289 0.219147 -0.069167 0.249176 0.176428 -0.009491 0.000897 -0.258325 0.238322 -0.091591 -0.155700 -0.111047 -0.172114 -0.102239 -0.083929 -0.031334 0.403597 0.006746 0.234652 -0.022580 -0.278471 -0.201010 -0.015118 -0.114605 0.012088 -0.217803 0.283094 0.191822 0.004473 0.011072 -0.273938 -0.007445 0.024174 -0.208044 0.121189 0.185901 -0.057135 -0.436708 -0.048113 -0.089083 -0.049151 0.049310 0.056411 0.122130 0.266536 -0.040841 0.413130 -0.212896 0.234029 0.063046 0.007263 -0.145056 0.093282 0.007392 -0.050011 -0.184936 -0.131756 -0.115492 -0.116969 0.153229 -0.097228 -0.154793 -0.161643 0.134115 0.094917 -0.207975
0.280521 -0.338957 0.297155 0.018683 0.081826 0.004448 0.235774 0.102037 -0.040070 0.104346 -0.309230 -0.538533 -0.080304 -0.338947 -0.214089 -0.395886 -0.455829 -0.551125 0.111135 0.278134 -0.498049 -0.562755 -0.010845 0.099972 -0.266131 -0.249271 -0.075899 -0.019883 -0.346528 -0.520775 -0.467609 -0.382845 -0.030442 0.164688 0.422617 1.000000 -0.101872 -0.351064 0.142499 -0.225800 -0.293063 -0.395842 -0.156646 -0.115734 0.060364 0.384731 -0.024741 0.033894 0.273217 0.195110 -0.259867 0.168692 -0.174356 -0.026505 -0.194075 -0.369735 -0.294078 -0.308174 0.334962 0.351387 -0.403090 -0.286908 -0.204633 -0.483889 -0.072245 -0.053621 0.177256 0.700416 0.342578 0.527927 -0.431963 -0.360588 -0.422343 -0.644862 -0.404234 -0.583039 -0.237322 -0.164269 -0.262063 -0.485962 -0.388275 -0.409509 -0.054336 -0.222197 -0.185859 -0.257224 -0.204585 -0.461308 -0.165312 -0.290044 0.385863 0.450445 0.297033 0.421584 0.027511 0.045605 0.031753 -0.265507 0.093176 -0.029733 0.228259 0.048680 0.251902 0.235891 0.092302 0.070356 -0.170656 0.015114 -0.164743 0.128186 0.197842 0.095698 0.090980 0.057884 -0.151957 -0.462761
