1.000000 0.230478 -0.074469 -0.274373 -0.207114 -0.105624 0.147875 -0.280585 0.083277 -0.121097 0.531747 0.226542 0.357929 0.191923 0.382702 0.019235 0.393467 0.270682 0.366840 -0.070780 -0.122158 -0.023920 0.115088 0.025256 -0.361615 -0.144629 -0.013142 0.074889 0.319718 -0.100503 -0.210339 -0.214937 0.351652 -0.059306 -0.253855 -0.444482 0.281442 -0.180631 0.031144 -0.011873 -0.081256 -0.115943 -0.267064 -0.218023 -0.303736 -0.508972 -0.133112 -0.284667 0.064978 -0.198343 -0.033330 -0.064087 0.089621 -0.063680 0.234158 0.100682 0.325579 0.227994 0.260360 0.205132 0.279949 -0.011035 0.353698 0.344902 0.118940 -0.157781 0.185204 -0.339585 0.160611 -0.069474 -0.239526 -0.161550 0.086483 -0.203429 -0.029854 -0.115660 0.058968 -0.319612 0.318185 0.219564 0.106128 0.323918 0.035840 0.119970 0.258254 0.119810 0.147040 0.161468 0.136577 0.048389 -0.232914 0.016624 -0.273210 0.074770 -0.077721 -0.261534 0.074785 -0.087807 0.063756 0.017307 -0.051901 0.051869 -0.081369 -0.057622 -0.039109 -0.302443 -0.009014 -0.148398 -0.249719 -0.042071 -0.128453 -0.080737 -0.027762 -0.006752 -0.137085 -0.279325
0.230478 1.000000 -0.553063 -0.163502 -0.006093 -0.113892 -0.314201 0.092769 -0.049963 0.085460 -0.135745 0.226518 0.013682 0.259936 -0.144121 0.155424 0.167569 0.329289 -0.135692 0.169699 0.057193 -0.161036 -0.530724 -0.423370 0.022198 -0.297526 0.042689 -0.234863 -0.050996 0.137983 -0.218808 -0.412366 0.312713 -0.075761 -0.061630 -0.212829 0.021155 -0.007662 -0.041545 -0.012274 -0.021588 -0.041717 -0.260154 -0.287554 0.003103 -0.078635 -0.109357 -0.079203 -0.124485 0.116375 -0.280065 0.227768 -0.096668 -0.156126 -0.120641 -0.058017 0.465802 0.480822 0.161320 0.379685 0.002411 0.358096 -0.056165 0.256842 -0.363828 0.007042 0.222099 0.014337 0.465842 0.429218 -0.137382 -0.156388 0.040804 -0.017170 -0.156798 -0.090788 -0.117979 -0.197258 0.086905 0.064366 0.425617 0.346427 -0.160694 0.133735 -0.002826 0.259256 -0.304434 -0.109524 -0.289925 -0.022476 -0.059428 -0.426026 -0.019575 -0.252444 0.025678 0.023724 -0.262828 0.210486 -0.147693 -0.029583 -0.116549 0.089032 0.115131 -0.200998 -0.052879 0.056694 -0.084977 -0.034764 0.103075 -0.035841 -0.357006 -0.054959 0.177790 -0.202781 -0.085962 0.029153
-0.074469 -0.553063 1.000000 0.361805 -0.000562 0.053760 0.573359 0.159498 -0.014441 0.055449 0.150226 -0.108527 0.093168 -0.022669 -0.040280 -0.053163 -0.179389 -0.242213 0.215056 -0.284589 -0.129270 0.182130 0.462252 0.319495 0.010732 0.437468 -0.139607 0.223471 -0.159347 -0.204369 0.207939 0.331679 -0.057746 0.282289 -0.022301 0.244197 -0.147375 -0.124752 -0.123637 -0.066979 -0.170549 -0.098653 -0.050126 -0.034663 -0.082651 -0.034457 -0.208378 -0.240892 0.263666 -0.253812 0.307583 -0.226684 0.113757 -0.112661 0.067901 -0.030850 -0.289429 -0.341333 0.050968 -0.334529 0.206558 -0.132718 -0.008616 -0.167743 0.336389 0.175325 -0.236386 0.073338 -0.405996 -0.370372 0.033196 0.166803 -0.124311 -0.114389 -0.093024 0.045145 0.057192 0.012479 0.040874 -0.100772 -0.386800 -0.128165 -0.015482 -0.237347 -0.136401 -0.171000 0.231875 0.107400 0.269561 0.010398 0.015382 0.259708 0.092221 0.249570 -0.087755 -0.243379 0.181963 -0.254696 -0.074970 -0.224583 0.119563 -0.121451 -0.129592 0.034176 -0.045130 -0.228997 -0.051781 -0.070890 -0.163500 -0.152139 0.237484 -0.190752 -0.270553 0.091684 0.006152 -0.220132
-0.274373 -0.163502 0.361805 1.000000 -0.134969 0.061325 0.052123 0.492969 -0.227827 0.479630 -0.070061 0.077895 -0.145258 -0.019590 -0.354513 0.050652 -0.254936 -0.210229 -0.126600 -0.223173 -0.078916 0.221040 0.238136 0.354902 0.058505 0.110406 -0.107993 0.144010 -0.367878 0.016301 -0.079483 0.234101 -0.211850 0.140136 0.124039 0.285030 -0.188240 -0.063721 -0.212142 -0.086041 -0.162933 -0.034569 -0.096120 -0.034828 -0.254760 0.000288 -0.192274 -0.210040 0.141947 -0.307566 0.259187 -0.292201 0.018940 -0.221973 0.019838 -0.233540 -0.124372 -0.322357 -0.092935 -0.408991 0.118823 0.159371 -0.146612 -0.269172 0.360148 0.524031 -0.318856 0.116960 -0.415379 -0.363592 -0.011165 0.163549 -0.268156 -0.073498 -0.177379 0.053534 -0.028027 0.213230 -0.000363 -0.165085 -0.230850 -0.229475 -0.152279 -0.335244 -0.026073 0.048143 0.217778 -0.011264 0.361095 0.258267 0.078270 0.230208 0.495187 0.090156 -0.149441 -0.025947 0.090830 -0.250792 -0.130927 -0.289178 0.266487 -0.099229 -0.030458 -0.049158 0.086635 -0.180999 0.125000 0.059114 -0.027251 0.048422 0.012820 -0.201367 -0.080314 0.106717 0.097159 -0.154197
-0.207114 -0.006093 -0.000562 -0.134969 1.000000 0.380263 0.109476 0.212460 0.326137 0.223663 -0.278604 -0.050578 -0.054710 0.072928 -0.099676 0.324351 -0.171960 -0.097071 -0.208917 0.128419 0.020056 -0.188429 -0.294486 -0.241585 0.389032 0.091026 0.182920 -0.216079 -0.036903 0.034875 0.223335 0.135975 -0.044377 0.180838 0.019460 0.263259 -0.201173 -0.186136 -0.136566 -0.049085 -0.078293 -0.005992 -0.099447 -0.007673 0.250902 0.354893 -0.096149 0.089325 -0.131621 0.139930 -0.252835 0.078940 0.029594 -0.035503 -0.367348 -0.034878 -0.064084 -0.016119 0.150358 0.054224 -0.018340 0.237697 -0.235188 -0.209864 -0.187053 0.151347 0.001470 0.208451 0.190454 0.296713 -0.006506 0.080911 -0.057603 0.077823 0.057944 0.087722 -0.025047 0.079994 -0.130448 -0.156888 -0.079405 -0.176915 -0.079220 0.018641 -0.277679 -0.152622 -0.424753 -0.382789 -0.327165 -0.252839 0.212671 -0.113603 0.159641 0.088407 -0.044562 0.046993 -0.425721 -0.005269 -0.134748 0.005734 0.062286 0.229287 0.065093 0.021532 -0.014764 0.094142 -0.022984 -0.028313 0.091786 -0.037463 -0.171506 -0.027148 0.026423 0.109960 0.015723 0.086012
-0.105624 -0.113892 0.053760 0.061325 0.380263 1.000000 -0.139625 -0.090006 0.255014 0.146228 -0.159405 -0.139736 -0.160733 -0.070373 0.047486 0.231043 -0.313901 -0.196824 -0.144700 0.021957 0.082412 -0.063063 0.002940 0.053548 0.016232 0.217824 0.397511 0.229337 -0.253772 -0.171893 0.009502 0.089710 -0.147253 0.116862 0.079673 0.290542 -0.262769 -0.075924 0.086525 0.098697 -0.097326 -0.013743 -0.016292 0.185485 0.018419 0.240715 -0.068853 0.153541 0.062378 0.000295 -0.021121 -0.058692 0.007113 -0.052047 -0.038088 -0.001904 -0.203389 -0.019350 0.040906 0.000446 -0.123635 0.030077 -0.264269 -0.248902 -0.047923 0.183895 -0.136887 0.337120 -0.019926 0.035849 -0.072364 0.060704 -0.252116 -0.119598 -0.013511 -0.099682 -0.017717 0.142893 0.028018 -0.070077 -0.238384 -0.234229 0.124885 -0.069587 -0.072982 -0.234127 -0.094731 0.138287 0.011081 -0.031033 0.077507 0.098854 0.154647 0.088517 0.120573 0.028031 -0.028396 -0.019820 -0.045218 -0.033531 0.116091 0.217151 -0.040311 0.134356 0.001257 0.062904 0.032512 0.001600 0.048182 -0.032916 0.164200 -0.036196 -0.098125 -0.041981 0.006027 0.065752
0.147875 -0.314201 0.573359 0.052123 0.109476 -0.139625 1.000000 0.418786 0.184286 0.130087 0.377669 0.419964 0.454150 0.433387 0.031367 0.139473 0.185116 0.019035 0.199096 -0.078284 -0.051635 0.142583 0.037489 0.012757 -0.110832 -0.039708 -0.168920 -0.162878 0.302164 0.157422 0.142643 0.169611 0.040201 0.342211 -0.110264 -0.006134 0.104200 -0.298622 -0.293554 -0.111514 -0.147595 -0.210409 -0.258507 -0.316582 -0.116627 -0.159710 -0.257596 -0.398648 0.061847 -0.239623 -0.054420 -0.209557 0.037444 -0.183292 -0.238963 -0.209361 -0.296987 -0.474864 0.195604 -0.226225 0.513387 0.143522 0.301699 0.145770 0.231070 0.138791 -0.146864 -0.302096 -0.365289 -0.375100 0.027660 0.106596 0.237873 0.112049 0.044380 0.190517 0.095090 -0.056142 0.083610 -0.063373 -0.248504 -0.007499 -0.045146 -0.052704 -0.055286 -0.078347 0.012912 -0.058309 0.019796 -0.200500 0.055001 0.330053 0.133859 0.145942 -0.136899 -0.270025 -0.056767 -0.257203 -0.066544 -0.173656 0.041841 -0.013361 0.053373 0.080551 0.110485 -0.273909 -0.112998 -0.144634 -0.284198 -0.102825 -0.133340 -0.213983 0.026971 0.144440 -0.044820 -0.255498
-0.280585 0.092769 0.159498 0.492969 0.212460 -0.090006 0.418786 1.000000 -0.116088 0.542142 -0.264313 0.355610 -0.054642 0.336755 -0.568963 0.243788 -0.134105 -0.043799 -0.276467 0.088695 -0.033457 -0.027750 -0.452439 -0.160795 0.043864 -0.268869 -0.224560 -0.492408 -0.130007 0.321851 0.054002 0.145350 -0.061179 0.465950 0.109336 0.326126 -0.202338 -0.151573 -0.393895 -0.139820 0.011446 0.028005 -0.246988 -0.362065 -0.120409 0.191678 -0.280572 -0.184493 -0.248091 -0.112172 -0.414626 -0.226378 -0.183796 -0.317537 -0.443378 -0.408469 -0.128655 -0.440785 0.011032 -0.314636 0.317840 0.528034 -0.096329 -0.022867 -0.048163 0.526310 -0.282596 0.046542 -0.318640 -0.161005 0.015736 0.255156 0.055305 0.231855 -0.032142 0.257358 0.126680 0.283502 -0.069449 -0.247040 -0.126887 -0.202962 -0.062444 -0.003034 -0.246690 -0.119902 -0.195023 -0.301133 -0.193874 -0.186933 0.323421 0.215631 0.563224 0.013622 -0.055502 0.136273 -0.297030 -0.141584 -0.095422 -0.120758 0.210809 0.133431 0.226609 0.042240 0.163784 0.035332 0.033656 0.072980 -0.026931 -0.109596 -0.254425 -0.080058 0.191703 0.228496 0.098597 0.041285
0.083277 -0.049963 -0.014441 -0.227827 0.326137 0.255014 0.184286 -0.116088 1.000000 0.130847 0.215688 0.146908 0.324800 0.381959 0.407867 0.505958 0.103684 0.084358 0.175973 0.108988 -0.030363 -0.184567 -0.011828 -0.205029 -0.150332 0.031902 0.250706 0.227341 0.186479 0.032361 0.016979 -0.102242 -0.171601 -0.146605 -0.218260 -0.207326 0.066081 -0.144036 0.019640 0.114813 -0.192844 -0.227654 0.011203 0.105208 -0.044000 -0.104188 0.092318 -0.005675 0.239380 -0.013762 0.221302 0.105666 0.118011 0.056886 -0.049421 0.039882 -0.038384 -0.000391 0.122080 -0.057006 0.174661 -0.026497 0.031245 -0.202448 0.154394 -0.071349 -0.009414 -0.243173 0.097453 0.022252 -0.095776 -0.244359 0.054155 0.070221 0.063076 0.006629 -0.031948 -0.086513 0.024541 0.056253 -0.145430 -0.000111 -0.039170 -0.054905 0.035136 -0.013742 -0.051045 0.085464 0.127434 0.057064 -0.019124 -0.030531 -0.043161 -0.121572 -0.075493 -0.182643 -0.032546 -0.012756 0.036941 0.029303 -0.046220 -0.021669 0.041666 -0.087279 0.026877 -0.197678 0.012980 -0.200107 -0.085779 0.212872 -0.092630 0.075614 0.009463 -0.130055 -0.230827 -0.138975
-0.121097 0.085460 0.055449 0.479630 0.223663 0.146228 0.130087 0.542142 0.130847 1.000000 -0.043084 0.352054 0.044074 0.420436 -0.359773 0.436006 -0.001991 0.091480 -0.226606 -0.093932 -0.144929 -0.046465 -0.207914 -0.076299 0.099031 -0.155008 -0.115276 -0.170406 -0.084062 0.289165 0.083475 0.074690 -0.117895 0.160079 0.010804 0.093885 -0.036274 -0.362688 -0.360104 -0.300925 -0.198181 -0.200903 -0.210852 -0.126148 -0.027266 0.074685 -0.203890 -0.270286 0.089534 -0.076663 0.008934 0.013424 -0.085445 -0.228118 -0.259550 -0.257958 0.034119 -0.198647 0.007548 -0.305261 0.233698 0.394852 -0.057633 -0.171078 0.245151 0.451536 -0.270993 -0.065787 -0.205183 -0.069311 -0.132703 0.029711 0.006171 0.066412 -0.034934 -0.010546 0.033366 0.095959 0.134883 -0.012757 -0.008642 -0.008942 -0.282014 -0.341030 -0.025467 0.086933 -0.120127 -0.168120 -0.006178 0.034892 0.024664 0.052084 0.390028 -0.083575 -0.235026 -0.089585 -0.106173 -0.279241 -0.059423 -0.192421 0.257368 0.062404 0.181183 -0.065787 0.232612 -0.128839 0.058421 -0.132786 -0.080398 0.129723 -0.331462 -0.111898 0.080932 0.075645 -0.169505 -0.216752
0.531747 -0.135745 0.150226 -0.070061 -0.278604 -0.159405 0.377669 -0.264313 0.215688 -0.043084 1.000000 0.362597 0.765901 0.320736 0.459517 0.034030 0.403312 0.179288 0.309086 -0.274375 -0.341142 0.039999 0.370621 0.197868 -0.290404 -0.044430 -0.194769 0.144888 0.417966 -0.010921 -0.084274 -0.054950 -0.027104 -0.107323 -0.296472 -0.379567 0.175125 -0.382664 -0.161501 -0.241722 -0.312160 -0.445013 -0.085048 -0.015996 -0.090856 -0.370346 -0.091531 -0.364871 0.434949 -0.160921 0.389077 -0.085729 0.175027 -0.077813 0.224006 -0.025606 -0.116850 -0.187672 0.223774 -0.115095 0.496667 -0.037849 0.461518 0.248407 0.532420 -0.014137 -0.076331 -0.478805 -0.204347 -0.345903 -0.243810 -0.229017 0.078078 -0.185927 -0.084124 -0.138503 -0.114522 -0.351540 0.249024 0.179676 -0.108660 0.204279 -0.147431 -0.208235 0.458077 0.227255 0.218444 0.294132 0.352741 0.014826 -0.293443 0.146552 -0.147720 0.152629 -0.229759 -0.363240 0.233609 -0.339076 0.038745 -0.248727 0.041558 -0.041704 -0.087551 -0.070442 0.071583 -0.426971 -0.115270 -0.236314 -0.291187 0.141056 -0.145509 -0.222503 -0.126592 0.023947 -0.156653 -0.357834
0.226542 0.226518 -0.108527 0.077895 -0.050578 -0.139736 0.419964 0.355610 0.146908 0.352054 0.362597 1.000000 0.422015 0.733097 -0.041267 0.285539 0.340716 0.364176 -0.107785 -0.073718 0.015294 0.171806 -0.146396 -0.037097 -0.029485 -0.321226 -0.065160 -0.248651 0.377323 0.543989 0.239036 0.145575 0.125048 0.182101 -0.240146 -0.129674 0.243966 -0.261752 -0.200985 -0.099089 -0.245879 -0.393352 -0.283896 -0.256009 -0.074863 -0.046122 -0.313033 -0.463806 -0.083311 0.033133 -0.179028 -0.056042 -0.088230 -0.364803 -0.084780 -0.267588 0.010173 -0.205449 0.035178 -0.219008 0.288324 0.296570 0.231730 0.194122 0.164078 0.165751 -0.267620 -0.392956 -0.324148 -0.329747 -0.091924 0.025942 0.301792 0.109377 -0.006852 0.137269 -0.058611 -0.043425 0.339394 0.164319 0.057359 0.142920 -0.082784 -0.089832 0.138834 0.081695 -0.003031 -0.063309 -0.093781 -0.242346 -0.134416 0.151424 0.228163 0.025323 -0.182302 -0.092645 -0.043607 -0.241076 -0.056343 -0.236566 0.175174 0.068684 -0.019992 0.020427 0.185065 -0.274116 -0.003307 -0.131090 -0.334122 -0.035102 -0.335215 -0.278109 0.157263 0.045152 -0.042334 -0.343756
0.357929 0.013682 0.093168 -0.145258 -0.054710 -0.160733 0.454150 -0.054642 0.324800 0.044074 0.765901 0.422015 1.000000 0.534478 0.372695 0.146469 0.361136 0.183749 0.265073 -0.204175 -0.238992 -0.056265 0.025158 -0.200128 -0.144282 -0.165741 -0.116952 -0.093302 0.439385 0.177618 -0.078573 -0.163528 -0.010550 -0.000573 -0.237409 -0.311032 0.106331 -0.305983 -0.168350 -0.190665 -0.273007 -0.345973 -0.047806 -0.081196 0.028296 -0.200642 -0.057710 -0.311358 0.401806 -0.038355 0.267621 0.020726 0.150557 -0.084687 0.036938 0.002674 -0.150946 -0.179528 0.296561 -0.115178 0.547740 0.131225 0.285934 0.128392 0.317804 0.088261 -0.108740 -0.455449 -0.107687 -0.275524 -0.204686 -0.288673 0.226594 -0.069934 0.076051 -0.043587 -0.075860 -0.276128 0.076017 0.169664 -0.099665 0.104647 -0.177944 -0.150412 0.314836 0.124505 -0.051544 0.109160 0.137946 -0.091236 -0.200515 -0.004041 -0.126694 -0.011498 -0.062292 -0.222005 -0.017396 -0.155761 -0.036209 -0.097295 0.005001 -0.017362 -0.135922 -0.188594 -0.041506 -0.336064 -0.048314 -0.144529 -0.122804 0.127463 -0.292905 -0.145094 0.015890 -0.018853 -0.194804 -0.266899
0.191923 0.259936 -0.022669 -0.019590 0.072928 -0.070373 0.433387 0.336755 0.381959 0.420436 0.320736 0.733097 0.534478 1.000000 0.009291 0.499374 0.235228 0.282317 -0.013137 -0.132002 0.000881 -0.003962 -0.316219 -0.405859 -0.082859 -0.258354 -0.001572 -0.226282 0.207794 0.383220 0.110554 -0.122116 0.074529 0.149456 -0.219855 -0.167318 0.134102 -0.291456 -0.166035 -0.078283 -0.221273 -0.295642 -0.233430 -0.228543 -0.117446 -0.103486 -0.246511 -0.330148 0.139470 -0.067067 -0.055176 -0.011659 -0.030547 -0.300196 -0.165819 -0.173522 0.012838 -0.220210 0.258239 -0.164659 0.445298 0.396918 0.101472 0.095945 0.027677 0.210335 -0.118638 -0.409132 -0.130432 -0.214195 -0.094884 -0.069842 0.227834 0.144255 0.128535 0.156513 0.023804 -0.077545 0.139921 0.031833 -0.021664 0.071214 -0.125316 -0.139054 -0.001286 -0.038004 -0.141540 -0.063755 -0.080382 -0.159439 -0.017908 0.049396 0.198040 -0.048300 -0.068355 -0.095252 -0.072924 -0.050069 -0.050974 -0.048164 0.013480 0.179366 0.081507 -0.018761 0.122607 -0.202465 0.087419 -0.107988 -0.176770 0.047325 -0.317481 -0.152910 0.180345 -0.007786 -0.151905 -0.191939
0.382702 -0.144121 -0.040280 -0.354513 -0.099676 0.047486 0.031367 -0.568963 0.407867 -0.359773 0.459517 -0.041267 0.372695 0.009291 1.000000 0.139238 0.189425 0.083281 0.503028 0.113299 0.010407 0.002562 0.420230 0.064245 -0.216540 0.054657 0.255229 0.437263 0.363174 -0.176652 -0.005178 -0.144715 0.001046 -0.296772 -0.288648 -0.473856 0.187871 0.025500 0.265642 0.159067 -0.046127 -0.091353 0.084895 0.113353 -0.113779 -0.360338 0.176703 0.047983 0.198002 -0.103797 0.366954 0.059863 0.189055 0.250397 0.297247 0.334993 -0.077992 0.075064 -0.016827 0.097856 -0.012813 -0.421513 0.173804 -0.000982 0.327540 -0.368191 0.068510 -0.311177 0.134269 -0.136416 -0.067780 -0.317909 0.132371 -0.088732 0.112417 -0.070865 0.009088 -0.230221 0.006972 0.195553 -0.078414 0.114080 0.204405 0.099372 0.366972 0.099073 0.131496 0.305218 0.261980 0.124163 -0.232287 -0.080665 -0.379404 -0.087473 -0.102252 -0.217510 0.110025 0.120349 0.129114 0.260134 -0.159272 -0.062919 -0.210955 -0.164022 -0.187329 -0.226244 0.062293 -0.110840 -0.151920 0.080550 0.081570 0.059834 -0.094872 -0.178571 -0.132414 -0.114679
0.019235 0.155424 -0.053163 0.050652 0.324351 0.231043 0.139473 0.243788 0.505958 0.436006 0.034030 0.285539 0.146469 0.499374 0.139238 1.000000 -0.018934 0.095066 -0.094384 0.167383 0.063150 -0.098085 -0.199641 -0.225636 -0.146728 -0.082581 0.234026 0.045587 -0.021505 0.166880 0.106206 -0.040040 -0.035002 0.033717 -0.279836 -0.158129 0.075434 -0.317348 -0.167707 -0.126053 -0.188710 -0.189282 -0.286944 -0.191220 -0.170343 -0.136530 -0.128052 -0.152784 0.129908 -0.003586 0.001834 0.065087 0.105957 -0.094979 -0.190507 -0.060636 0.070224 -0.065907 0.150082 0.007143 0.143997 0.334084 -0.156474 -0.187495 0.134335 0.248038 -0.133943 -0.212570 0.096278 0.085272 -0.009747 -0.091378 -0.007472 0.146826 0.112855 0.029291 0.011192 -0.080469 0.128137 -0.070265 0.004052 0.030064 -0.074154 0.020021 0.026013 0.115485 -0.236325 -0.049831 0.015224 0.136061 0.121437 -0.007047 0.221879 -0.149937 -0.214788 -0.198821 -0.198309 -0.079829 -0.022018 0.049647 0.073524 0.089851 0.193827 -0.098682 0.059304 -0.127882 -0.057362 -0.224416 -0.137674 -0.019306 -0.318446 -0.074080 -0.024285 -0.065735 -0.262466 -0.167287
0.393467 0.167569 -0.179389 -0.254936 -0.171960 -0.313901 0.185116 -0.134105 0.103684 -0.001991 0.403312 0.340716 0.361136 0.235228 0.189425 -0.018934 1.000000 0.646493 0.174931 -0.096625 0.015425 0.106801 0.031490 -0.069846 -0.123120 -0.251493 -0.162255 -0.082992 0.649403 0.332957 -0.050391 -0.116937 0.220680 -0.015071 -0.132927 -0.398724 0.391993 -0.241005 -0.051511 -0.170839 -0.133796 -0.258805 -0.241833 -0.221536 0.060368 -0.280734 -0.129497 -0.414651 -0.106718 0.083972 0.007840 0.040769 -0.042775 -0.095111 -0.106324 -0.140256 0.452571 0.248842 -0.114816 0.028368 0.193492 -0.021640 0.616611 0.436543 0.171093 -0.244376 0.141483 -0.451700 0.077056 -0.030916 0.109743 -0.121493 0.576033 0.114354 0.147879 0.011223 0.081814 -0.166838 0.386876 0.466458 0.372729 0.534695 -0.374892 -0.088069 0.196247 0.231543 0.068061 -0.043585 -0.027210 -0.167037 -0.417827 -0.171775 -0.204154 -0.187022 -0.264245 -0.325089 -0.199950 -0.207505 -0.159601 -0.116980 -0.030532 -0.139872 -0.032397 -0.088499 0.063150 -0.325009 -0.152503 -0.233329 -0.314649 0.064213 -0.391325 -0.246920 -0.014756 -0.140481 -0.088304 -0.306445
0.270682 0.329289 -0.242213 -0.210229 -0.097071 -0.196824 0.019035 -0.043799 0.084358 0.091480 0.179288 0.364176 0.183749 0.282317 0.083281 0.095066 0.646493 1.000000 0.012842 0.021458 -0.004511 0.227704 -0.030249 -0.120334 0.004089 -0.178091 -0.158011 -0.092964 0.488317 0.532544 0.197759 0.056428 0.205721 0.065666 -0.179137 -0.279014 0.337391 -0.225807 -0.130679 -0.170328 -0.132426 -0.198372 -0.242558 -0.181300 0.086298 -0.085870 -0.187462 -0.420893 -0.238915 0.275402 -0.063444 0.093123 -0.198509 -0.151010 -0.178115 -0.130862 0.443522 0.333787 -0.211801 0.002284 -0.037042 -0.053337 0.328577 0.394457 0.060071 -0.227918 -0.023291 -0.394753 0.134203 0.028258 0.122390 0.091117 0.506887 0.273089 0.182873 0.150001 0.039675 -0.154393 0.446637 0.603283 0.405126 0.618766 -0.300534 -0.197939 0.062099 0.184345 0.059698 -0.044905 -0.164038 -0.216733 -0.452046 -0.279223 -0.161606 -0.236426 -0.319685 -0.259272 -0.215961 -0.197856 -0.183991 -0.150166 0.139098 -0.119582 0.013218 -0.132615 0.176667 -0.267929 -0.141361 -0.315311 -0.380381 -0.025106 -0.382173 -0.239463 -0.107532 -0.087883 -0.040040 -0.318111
0.366840 -0.135692 0.215056 -0.126600 -0.208917 -0.144700 0.199096 -0.276467 0.175973 -0.226606 0.309086 -0.107785 0.265073 -0.013137 0.503028 -0.094384 0.174931 0.012842 1.000000 0.263372 -0.063779 -0.084004 0.267596 -0.093257 -0.282356 -0.059457 -0.140108 0.205448 0.379068 -0.088740 -0.136360 -0.272032 -0.006838 -0.142004 0.023972 -0.273654 0.199106 0.151365 0.128592 0.101164 0.089230 0.130639 0.179977 0.034978 -0.129513 -0.364539 0.195149 -0.068130 0.086200 -0.309925 0.290609 -0.178107 0.029224 0.101451 0.214659 0.084541 -0.139017 -0.079453 -0.093068 -0.125975 0.114679 -0.364891 0.283041 0.061230 0.179022 -0.406272 0.230983 -0.388923 0.082117 -0.302156 0.125672 -0.246309 0.261714 0.041044 0.215714 0.037923 0.328403 0.072496 -0.174949 0.179787 -0.050535 0.021753 0.094758 0.197547 0.274137 0.019998 0.101264 0.114554 0.331642 0.130695 -0.163872 -0.110042 -0.337904 -0.161587 -0.057121 -0.024046 0.014018 0.077973 -0.044634 0.086313 -0.221290 -0.213417 -0.140531 -0.188792 -0.196298 -0.146838 0.149115 0.015730 0.089355 0.327871 0.074040 0.147937 -0.046560 -0.211363 -0.172188 -0.090616
-0.070780 0.169699 -0.284589 -0.223173 0.128419 0.021957 -0.078284 0.088695 0.108988 -0.093932 -0.274375 -0.073718 -0.204175 -0.132002 0.113299 0.167383 -0.096625 0.021458 0.263372 1.000000 0.196576 -0.187554 -0.241569 -0.142774 -0.136145 -0.379360 0.148372 -0.131276 0.124359 0.087554 -0.032693 -0.134769 -0.016012 0.031088 0.173615 0.103790 0.025355 0.289004 0.160976 0.245213 0.335954 0.260454 0.035336 -0.108188 -0.086142 0.045166 0.132545 0.237633 -0.385075 -0.021579 -0.370130 -0.151879 -0.233916 0.003825 -0.241341 -0.201609 -0.112776 -0.006263 -0.149740 0.032514 -0.241731 -0.103176 -0.147562 -0.070117 -0.209700 -0.210853 0.057916 0.050772 0.201820 0.224873 0.143829 -0.060149 0.136029 0.238693 0.134480 0.122045 0.180505 0.254022 -0.327645 -0.048304 0.000693 -0.218041 0.333495 0.479201 -0.011846 -0.172987 -0.119879 -0.173606 -0.218065 -0.024994 0.200763 -0.091877 -0.033078 -0.371070 0.175870 0.254808 -0.315306 0.271289 -0.018845 0.111303 -0.166860 -0.034005 0.172480 -0.068811 -0.088811 0.337474 -0.051392 0.060935 0.219783 0.001725 -0.003647 0.267653 0.068672 -0.133685 -0.087471 0.292263
-0.122158 0.057193 -0.129270 -0.078916 0.020056 0.082412 -0.051635 -0.033457 -0.030363 -0.144929 -0.341142 0.015294 -0.238992 0.000881 0.010407 0.063150 0.015425 -0.004511 -0.063779 0.196576 1.000000 0.382558 -0.021592 0.066932 0.172071 -0.002599 0.483847 0.062069 0.069936 0.174183 0.074842 0.085313 0.057027 0.004078 0.187379 0.026707 0.162487 0.316114 0.203427 0.420354 0.136468 0.329379 -0.041754 -0.077722 -0.162121 0.011980 -0.077841 0.073877 -0.354402 -0.050395 -0.209342 -0.056124 -0.151931 -0.036874 -0.140502 -0.013296 0.092133 0.097819 -0.081863 0.070424 -0.228310 -0.146444 -0.200685 -0.079420 -0.211952 -0.177764 0.121282 0.001934 0.028096 -0.006699 0.366459 0.228829 0.252126 0.307004 0.280452 0.245005 0.136236 0.259726 -0.074912 -0.012760 0.067897 -0.048186 0.186849 0.201695 -0.252989 -0.158991 -0.015192 -0.157017 -0.102824 0.012904 -0.020073 -0.039216 -0.030011 -0.116572 0.101083 0.135658 -0.155298 0.271081 -0.110207 0.224509 -0.246142 0.028450 -0.074197 0.196789 -0.122338 0.083340 0.003494 0.086969 0.021292 -0.142735 0.116600 0.131407 0.177752 -0.145727 0.042853 0.108603
-0.023920 -0.161036 0.182130 0.221040 -0.188429 -0.063063 0.142583 -0.027750 -0.184567 -0.046465 0.039999 0.171806 -0.056265 -0.003962 0.002562 -0.098085 0.106801 0.227704 -0.084004 -0.187554 0.382558 1.000000 0.382953 0.461218 0.257457 0.275936 0.189684 0.228973 0.045990 0.180737 0.297394 0.500380 0.069801 0.158495 -0.055759 0.079017 0.165030 -0.009775 -0.079229 0.100060 -0.111649 -0.023410 -0.194674 -0.119765 -0.143373 0.004890 -0.351427 -0.336393 -0.240942 -0.082229 -0.017588 -0.181453 -0.313415 -0.256553 -0.043968 -0.013471 0.035832 -0.009063 -0.055448 -0.060531 -0.064072 -0.188691 0.030559 0.043359 0.251135 0.061891 -0.092807 -0.021622 -0.233170 -0.208996 0.212574 0.457350 0.087113 0.090373 -0.011438 0.257134 -0.063263 0.024008 0.238369 0.178238 -0.074825 0.165880 -0.053223 -0.237786 -0.267034 0.097264 0.216324 -0.060735 0.127842 0.027671 -0.429514 0.025952 -0.151464 0.021607 -0.185030 -0.229593 0.134566 -0.074691 -0.259663 -0.176524 0.017043 -0.139394 -0.154667 0.260909 0.193190 -0.212641 -0.049496 -0.249279 -0.381108 -0.170807 0.164928 -0.147862 -0.068625 0.060214 0.264107 -0.206629
0.115088 -0.530724 0.462252 0.238136 -0.294486 0.002940 0.037489 -0.452439 -0.011828 -0.207914 0.370621 -0.146396 0.025158 -0.316219 0.420230 -0.199641 0.031490 -0.030249 0.267596 -0.241569 -0.021592 0.382953 1.000000 0.749868 0.046443 0.495876 0.054535 0.673615 0.083048 -0.201321 0.205920 0.405535 -0.130281 -0.153676 -0.107034 -0.027938 0.051079 -0.023119 0.095007 0.101994 -0.226828 -0.137786 0.119839 0.221683 -0.161323 -0.196490 0.010080 -0.170532 0.224109 -0.149761 0.570901 -0.113397 0.148474 0.179065 0.324308 0.105934 -0.110812 -0.007396 -0.121604 -0.150572 -0.125221 -0.521719 0.085950 -0.133515 0.604849 -0.144908 -0.091879 -0.079893 -0.280108 -0.363887 0.010431 -0.006597 -0.081181 -0.182669 -0.110997 -0.089365 -0.035715 -0.117484 0.162532 0.181606 -0.269678 0.024839 0.043411 -0.266448 0.194992 0.023593 0.544166 0.280785 0.570597 0.298259 -0.317729 0.077701 -0.235100 0.101352 -0.238818 -0.290427 0.388145 -0.218903 0.040216 -0.154019 0.067324 -0.294254 -0.227661 -0.019861 -0.055419 -0.397549 -0.078085 -0.224443 -0.248844 0.020819 0.337684 -0.097839 -0.241573 0.011964 0.043252 -0.275353
0.025256 -0.423370 0.319495 0.354902 -0.241585 0.053548 0.012757 -0.160795 -0.205029 -0.076299 0.197868 -0.037097 -0.200128 -0.405859 0.064245 -0.225636 -0.069846 -0.120334 -0.093257 -0.142774 0.066932 0.461218 0.749868 1.000000 0.088747 0.401544 0.045833 0.457370 -0.040693 -0.146707 0.221826 0.602379 -0.094815 -0.023212 -0.001506 0.151114 -0.017615 -0.077921 -0.114097 0.043055 -0.228775 -0.185526 -0.062398 0.078702 -0.190993 -0.021684 -0.131265 -0.178858 -0.033554 -0.104551 0.142150 -0.169394 0.052981 0.056666 0.162083 -0.085331 -0.108761 -0.067664 -0.072312 -0.106799 -0.112642 -0.306213 0.037390 -0.070639 0.503960 0.051255 -0.157904 0.123590 -0.357961 -0.243811 -0.032630 0.245471 -0.232410 -0.188835 -0.276337 -0.071318 -0.124734 -0.047374 0.271532 0.005319 -0.217272 -0.010527 0.101905 -0.231277 0.082281 0.081477 0.422681 0.184942 0.359714 0.254715 -0.191180 0.271016 0.009318 0.251901 -0.223859 -0.293014 0.336111 -0.316835 0.072663 -0.317139 0.203215 -0.168164 -0.094500 0.198620 0.118503 -0.335894 -0.149800 -0.188979 -0.319298 -0.157318 0.262104 -0.146824 -0.220369 0.143132 0.180759 -0.224803
-0.361615 0.022198 0.010732 0.058505 0.389032 0.016232 -0.110832 0.043864 -0.150332 0.099031 -0.290404 -0.029485 -0.144282 -0.082859 -0.216540 -0.146728 -0.123120 0.004089 -0.282356 -0.136145 0.172071 0.257457 0.046443 0.088747 1.000000 0.280078 0.072772 -0.173487 -0.074212 0.232138 0.355071 0.341105 -0.113632 0.071280 0.081874 0.350353 -0.082695 0.031556 0.025226 0.037542 -0.094694 0.077427 0.141110 0.153531 0.269098 0.459960 -0.008501 0.096376 -0.180725 0.188022 -0.068411 0.116014 -0.047620 -0.033003 -0.172794 -0.006199 -0.012769 0.052084 0.005372 -0.095781 -0.185965 -0.001907 -0.219231 -0.197417 -0.112773 0.054663 -0.074429 0.206109 -0.080994 0.084988 0.184429 0.252960 0.039271 0.141962 0.073025 0.215340 -0.013803 0.253272 -0.110546 0.018377 -0.146932 -0.139044 -0.118596 -0.244181 -0.358975 -0.144231 0.019178 -0.252303 -0.263168 -0.205505 0.006683 -0.213647 -0.014049 -0.036723 -0.027231 0.193220 -0.035901 0.132155 -0.157575 -0.066693 0.068138 -0.163614 -0.045958 0.035885 0.003912 -0.038050 -0.013921 -0.087196 0.165777 0.024718 0.129942 0.010908 -0.054113 0.077440 0.183449 0.019968
-0.144629 -0.297526 0.437468 0.110406 0.091026 0.217824 -0.039708 -0.268869 0.031902 -0.155008 -0.044430 -0.321226 -0.165741 -0.258354 0.054657 -0.082581 -0.251493 -0.178091 -0.059457 -0.379360 -0.002599 0.275936 0.495876 0.401544 0.280078 1.000000 -0.037840 0.514611 -0.264814 -0.348977 0.312342 0.484605 -0.056416 0.000444 -0.071119 0.154728 -0.273862 -0.215447 -0.150774 -0.067300 -0.306954 -0.141715 0.046559 0.265956 0.073100 0.129581 -0.115596 0.017821 0.153737 -0.008717 0.299350 0.005050 0.041589 0.039619 -0.032234 0.040713 -0.001246 0.117915 0.081815 0.037093 -0.147148 -0.301502 -0.132606 -0.232473 0.189697 -0.014090 0.025447 0.276608 0.035133 0.073275 0.004067 0.211641 -0.312864 -0.237324 -0.203494 -0.109070 -0.197489 -0.184643 0.116627 -0.014202 -0.198368 0.084569 -0.194430 -0.265949 -0.232908 0.038302 0.110171 0.160692 0.193456 -0.056253 -0.182168 -0.043322 -0.030438 0.298597 -0.150332 -0.303029 0.177127 -0.117739 -0.155423 -0.303262 0.005331 -0.095646 -0.078947 0.063435 0.071846 -0.189549 -0.054270 -0.092297 -0.082970 -0.075616 0.372933 -0.162759 -0.298113 0.126902 0.097169 -0.092622
-0.013142 0.042689 -0.139607 -0.107993 0.182920 0.397511 -0.168920 -0.224560 0.250706 -0.115276 -0.194769 -0.065160 -0.116952 -0.001572 0.255229 0.234026 -0.162255 -0.158011 -0.140108 0.148372 0.483847 0.189684 0.054535 0.045833 0.072772 -0.037840 1.000000 0.282039 -0.114904 -0.117871 0.017996 -0.024296 -0.016122 -0.130961 -0.090205 0.008931 0.025012 0.190003 0.319693 0.414180 0.069409 0.122518 -0.006321 -0.003325 -0.154919 0.020867 0.117995 0.117401 -0.099309 0.032421 -0.019577 0.045367 0.162205 0.079917 0.164483 0.238131 -0.026278 0.139756 0.034966 0.242898 -0.219055 -0.147058 -0.246529 -0.237511 -0.156575 -0.042279 -0.032506 0.247316 0.057473 0.096382 0.061677 -0.017636 -0.058383 -0.086087 0.093472 -0.017153 -0.112838 0.011313 -0.031147 -0.158999 -0.011731 -0.137121 0.302004 0.095865 -0.035956 -0.142230 -0.004809 -0.013595 0.000306 0.162290 -0.031559 -0.015314 -0.113092 -0.036103 0.151258 -0.054497 0.004056 0.215071 0.061251 0.245704 -0.103862 0.168384 -0.204493 0.093107 -0.191768 0.037741 -0.008082 0.003927 -0.102406 -0.222104 0.138680 0.108419 0.099666 -0.079206 0.049866 0.080942
0.074889 -0.234863 0.223471 0.144010 -0.216079 0.229337 -0.162878 -0.492408 0.227341 -0.170406 0.144888 -0.248651 -0.093302 -0.226282 0.437263 0.045587 -0.082992 -0.092964 0.205448 -0.131276 0.062069 0.228973 0.673615 0.457370 -0.173487 0.514611 0.282039 1.000000 -0.131070 -0.436360 0.035916 0.133561 -0.061648 -0.223496 -0.087091 -0.102042 -0.021756 0.050038 0.087643 0.182133 -0.175545 -0.109746 0.041572 0.177696 -0.207117 -0.255384 0.082300 -0.069085 0.263688 -0.170875 0.554463 -0.101828 0.125593 0.151500 0.314050 0.167080 0.032107 0.252657 -0.083816 0.052523 -0.209823 -0.474492 -0.085530 -0.274175 0.415336 -0.146730 0.083089 0.143527 0.097341 -0.023122 -0.148943 -0.209257 -0.216506 -0.329392 -0.244641 -0.288062 -0.158802 -0.228014 0.182219 0.029890 -0.097231 0.087368 0.053497 -0.141637 0.148999 0.074114 0.274741 0.374292 0.520346 0.371632 -0.210452 -0.075854 -0.156967 0.018705 -0.032483 -0.330426 0.334081 -0.092214 0.099577 -0.072947 0.032753 -0.163401 -0.102443 -0.092667 -0.119964 -0.254252 -0.053453 -0.198152 -0.164293 -0.036108 0.313831 -0.088292 -0.163673 -0.100757 -0.072279 -0.183729
0.319718 -0.050996 -0.159347 -0.367878 -0.036903 -0.253772 0.302164 -0.130007 0.186479 -0.084062 0.417966 0.377323 0.439385 0.207794 0.363174 -0.021505 0.649403 0.488317 0.379068 0.124359 0.069936 0.045990 0.083048 -0.040693 -0.074212 -0.264814 -0.114904 -0.131070 1.000000 0.530782 0.218612 0.063855 0.196507 0.020862 -0.056196 -0.404536 0.459832 -0.132926 -0.082521 -0.069313 -0.068271 -0.196039 -0.048262 -0.101000 0.054241 -0.238779 0.092370 -0.379532 -0.242357 -0.002088 -0.088198 -0.051550 -0.011355 -0.046752 -0.072669 -0.160843 0.083698 0.011746 -0.181603 -0.109669 0.132126 -0.175083 0.520367 0.262739 0.197969 -0.427116 0.197388 -0.617451 0.035996 -0.199901 0.181178 -0.191861 0.764210 0.206066 0.309444 0.101224 0.208256 0.001876 0.283404 0.433675 0.239323 0.368523 -0.124133 -0.004801 0.365177 0.107187 0.025468 -0.074279 0.001983 -0.217908 -0.375390 -0.147129 -0.270585 -0.157367 -0.203431 -0.132343 -0.227758 -0.184370 -0.142929 -0.061849 -0.082668 -0.092962 -0.100184 -0.139971 0.002896 -0.316756 -0.092844 -0.087514 -0.255373 0.190312 -0.351350 -0.107651 0.103977 -0.089418 -0.112374 -0.239953
-0.100503 0.137983 -0.204369 0.016301 0.034875 -0.171893 0.157422 0.321851 0.032361 0.289165 -0.010921 0.543989 0.177618 0.383220 -0.176652 0.166880 0.332957 0.532544 -0.088740 0.087554 0.174183 0.180737 -0.201321 -0.146707 0.232138 -0.348977 -0.117871 -0.436360 0.530782 1.000000 0.341024 0.243123 0.026030 0.197158 0.031355 0.047738 0.370487 -0.016182 -0.094346 -0.090434 -0.056420 -0.055201 0.014883 -0.072053 0.103613 0.136652 -0.027314 -0.282354 -0.372058 0.171685 -0.264761 -0.043213 -0.281069 -0.236233 -0.245125 -0.290126 0.079914 -0.109590 -0.249753 -0.368109 -0.030618 0.056814 0.073614 0.054130 0.020706 -0.100113 -0.184394 -0.460529 -0.177300 -0.289861 0.279730 0.197055 0.627398 0.593722 0.459243 0.509098 0.297565 0.406743 0.156980 0.449162 0.141822 0.165688 -0.218091 -0.171287 0.011098 -0.014891 -0.015221 -0.284094 -0.264181 -0.264070 -0.208037 -0.114969 0.045263 -0.254942 -0.135040 0.152779 -0.160363 -0.096101 -0.203066 -0.060563 0.106533 -0.101925 0.026833 0.027634 0.205140 -0.159403 -0.070764 -0.047600 -0.148106 0.099725 -0.245049 0.001568 0.127423 0.063438 0.021818 -0.073128
-0.210339 -0.218808 0.207939 -0.079483 0.223335 0.009502 0.142643 0.054002 0.016979 0.083475 -0.084274 0.239036 -0.078573 0.110554 -0.005178 0.106206 -0.050391 0.197759 -0.136360 -0.032693 0.074842 0.297394 0.205920 0.221826 0.355071 0.312342 0.017996 0.035916 0.218612 0.341024 1.000000 0.752217 0.148756 0.287996 -0.189577 0.171120 0.007559 -0.152775 -0.103485 -0.091622 -0.130379 -0.202582 -0.002318 0.057431 0.229349 0.355246 -0.113303 -0.128787 -0.283816 0.270652 -0.119667 0.010796 -0.171003 -0.153579 -0.092155 -0.043590 -0.079217 -0.067142 -0.257682 -0.233576 -0.215213 -0.160479 -0.021846 -0.089852 0.122360 -0.063929 -0.253066 -0.025810 -0.190400 -0.188544 0.108159 0.281694 0.233377 0.046110 0.069823 0.199114 0.033439 0.083310 0.164803 0.166481 -0.098190 0.010288 0.026667 -0.187549 -0.188426 -0.161813 0.026778 -0.096381 -0.269970 -0.389297 -0.229855 -0.113831 -0.074523 0.083004 -0.236118 -0.035065 -0.042877 -0.094767 -0.077355 -0.130349 0.129196 -0.034511 -0.103329 -0.001328 -0.012065 -0.140256 -0.071174 -0.080577 -0.157402 -0.105701 0.037627 -0.186181 -0.151527 0.088100 0.040403 -0.181551
-0.214937 -0.412366 0.331679 0.234101 0.135975 0.089710 0.169611 0.145350 -0.102242 0.074690 -0.054950 0.145575 -0.163528 -0.122116 -0.144715 -0.040040 -0.116937 0.056428 -0.272032 -0.134769 0.085313 0.500380 0.405535 0.602379 0.341105 0.484605 -0.024296 0.133561 0.063855 0.243123 0.752217 1.000000 0.051785 0.382107 -0.066202 0.340356 -0.104808 -0.194809 -0.225645 -0.060202 -0.217231 -0.180440 -0.065576 0.073342 0.033820 0.329246 -0.277228 -0.172398 -0.318978 0.095657 -0.135116 -0.185158 -0.194477 -0.185183 -0.175568 -0.181574 -0.078535 -0.135263 -0.144300 -0.307821 -0.110294 -0.171082 -0.061478 -0.180347 0.304884 0.156685 -0.291269 0.110748 -0.312398 -0.243208 0.030264 0.440353 0.013530 -0.014190 -0.077664 0.179035 -0.041515 0.144403 0.198175 0.057622 -0.279994 -0.094474 -0.037592 -0.296679 -0.264706 -0.146873 0.205359 -0.032086 -0.057232 -0.220901 -0.229905 0.120681 0.105772 0.248067 -0.208254 -0.137566 0.019475 -0.206178 -0.162286 -0.296525 0.167470 -0.010958 -0.141744 0.157407 0.108084 -0.269146 -0.010286 -0.046973 -0.224302 -0.184071 0.178948 -0.232825 -0.223724 0.262521 0.181652 -0.168415
0.351652 0.312713 -0.057746 -0.211850 -0.044377 -0.147253 0.040201 -0.061179 -0.171601 -0.117895 -0.027104 0.125048 -0.010550 0.074529 0.001046 -0.035002 0.220680 0.205721 -0.006838 -0.016012 0.057027 0.069801 -0.130281 -0.094815 -0.113632 -0.056416 -0.016122 -0.061648 0.196507 0.026030 0.148756 0.051785 1.000000 0.421319 -0.072702 -0.278753 0.208921 0.023071 0.081088 0.120011 0.144613 -0.040955 -0.365445 -0.396520 -0.160921 -0.327332 -0.209594 -0.308665 -0.232993 -0.144808 -0.308110 -0.083461 0.056167 -0.234391 0.138334 0.037573 0.374999 0.396847 0.130492 0.274737 0.109681 0.094521 0.250866 0.303347 -0.103993 -0.114700 0.367639 -0.020670 0.275334 0.162244 -0.079573 -0.051055 0.207208 -0.136629 0.018329 -0.064725 0.040006 -0.222474 0.320499 0.146136 0.330611 0.296190 0.015364 0.113319 0.001165 0.062875 -0.108567 -0.072654 -0.204133 -0.147651 -0.234719 -0.269987 -0.199459 -0.007100 0.085393 -0.234062 -0.169837 0.111831 -0.186396 0.024793 -0.148877 0.183601 -0.218207 -0.222940 -0.291019 -0.216884 -0.061275 0.137359 -0.039653 -0.161922 -0.191359 -0.311177 -0.027354 -0.195686 -0.125222 -0.181774
-0.059306 -0.075761 0.282289 0.140136 0.180838 0.116862 0.342211 0.465950 -0.146605 0.160079 -0.107323 0.182101 -0.000573 0.149456 -0.296772 0.033717 -0.015071 0.065666 -0.142004 0.031088 0.004078 0.158495 -0.153676 -0.023212 0.071280 0.000444 -0.130961 -0.223496 0.020862 0.197158 0.287996 0.382107 0.421319 1.000000 0.103639 0.376657 -0.189132 -0.023300 -0.112434 0.059329 0.142813 0.054024 -0.295667 -0.393942 -0.210597 0.121496 -0.451520 -0.327812 -0.384838 -0.282027 -0.408354 -0.576190 -0.257140 -0.566697 -0.183752 -0.398657 -0.015372 -0.144083 0.039923 -0.249250 0.346811 0.269376 0.087128 0.132902 0.040099 0.299699 -0.197791 0.234709 -0.183226 -0.118151 -0.009938 0.249501 0.147772 0.106619 0.021037 0.149192 0.192855 0.261736 0.061019 -0.031892 -0.138971 -0.180308 0.045267 0.033162 -0.268286 -0.391628 0.002386 -0.070212 -0.230173 -0.368412 -0.002091 0.053923 0.240281 0.102003 0.159876 -0.016606 -0.286488 -0.097698 -0.365358 -0.174929 0.167188 0.293766 -0.083917 -0.065149 -0.179091 -0.023202 0.094865 0.174366 0.021369 -0.346418 -0.058663 -0.360779 -0.150653 0.180259 0.092502 0.054714
-0.253855 -0.061630 -0.022301 0.124039 0.019460 0.079673 -0.110264 0.109336 -0.218260 0.010804 -0.296472 -0.240146 -0.237409 -0.219855 -0.288648 -0.279836 -0.132927 -0.179137 0.023972 0.173615 0.187379 -0.055759 -0.107034 -0.001506 0.081874 -0.071119 -0.090205 -0.087091 -0.056196 0.031355 -0.189577 -0.066202 -0.072702 0.103639 1.000000 0.432464 -0.115712 0.325272 0.077501 0.140354 0.186290 0.327786 0.114519 -0.070444 0.070636 0.128189 0.048290 0.101117 -0.249812 -0.183494 -0.139933 -0.225334 -0.183104 0.104578 -0.144123 -0.284186 -0.090588 -0.083071 -0.061662 -0.210041 -0.085285 -0.102280 -0.202679 -0.160893 -0.017802 -0.125462 0.219432 0.163589 -0.000095 0.034611 0.167623 0.068230 0.036472 0.123879 -0.028931 0.060606 0.132332 0.332836 -0.359450 -0.128455 -0.190821 -0.266390 0.011551 0.153042 -0.126530 -0.188750 -0.100221 -0.156660 -0.043513 0.001593 0.178139 0.048315 0.146540 0.072466 0.238926 0.357281 0.004008 0.135824 -0.061657 -0.049578 -0.134432 0.055174 0.070644 0.026943 -0.005945 0.216896 0.139039 0.380187 0.267304 0.183586 0.200995 0.229390 0.023416 0.119191 0.244659 0.413076
-0.444482 -0.212829 0.244197 0.285030 0.263259 0.290542 -0.006134 0.326126 -0.207326 0.093885 -0.379567 -0.129674 -0.311032 -0.167318 -0.473856 -0.158129 -0.398724 -0.279014 -0.273654 0.103790 0.026707 0.079017 -0.027938 0.151114 0.350353 0.154728 0.008931 -0.102042 -0.404536 0.047738 0.171120 0.340356 -0.278753 0.376657 0.432464 1.000000 -0.436160 0.133983 -0.041620 0.013378 0.000577 0.236397 0.120228 0.080725 0.150172 0.618276 -0.169346 0.159129 -0.226812 0.088189 -0.238745 -0.299346 -0.277261 -0.177074 -0.231612 -0.335155 -0.247696 -0.234601 -0.061056 -0.320607 -0.165237 0.034589 -0.419752 -0.314158 -0.117301 0.270393 -0.352487 0.477944 -0.277788 -0.041202 0.007325 0.328502 -0.227851 0.127400 -0.093762 0.173887 -0.005797 0.448365 -0.317696 -0.210632 -0.381493 -0.500650 0.014765 -0.052008 -0.366617 -0.470535 0.019226 -0.177970 -0.174175 -0.197838 0.346554 0.220280 0.343968 0.137690 0.143211 0.294984 -0.045515 -0.129953 -0.078970 -0.168564 0.228991 0.100592 0.108742 0.204600 0.053200 0.304368 0.106319 0.155068 0.104483 -0.155038 0.339445 0.028347 -0.100092 0.241498 0.283592 0.291408
