1.000000 0.267332 -0.006608 -0.517772 0.269737 -0.142915 0.415595 -0.132446 0.007032 -0.005334 -0.020522 0.032919 0.092999 0.353038 -0.127804 -0.183692 -0.170776 -0.092062 0.318116 0.442379 -0.064230 -0.152583 -0.129303 -0.455682 -0.188870 -0.316999 0.285307 -0.167715 0.211245 0.221541 -0.276916 -0.322603 0.204722 0.121168 -0.110129 -0.193842 -0.039399 -0.210125 -0.130570 -0.087724 -0.117350 -0.114222 -0.295128 -0.326271 -0.148093 -0.200869 -0.214523 -0.385096 -0.172566 -0.312647 -0.217212 -0.296892 0.146813 -0.151312 -0.102972 -0.269840 0.001258 0.067471 0.567446 0.460085 0.523563 0.435275 -0.134330 0.003422 -0.049231 0.091824 0.459788 0.131597 0.450234 0.218797 0.091775 -0.150792 0.225389 -0.018526 0.095650 -0.121744 0.165183 -0.096668 -0.017999 -0.034249 -0.217612 -0.060967 -0.276819 -0.156785 -0.163953 -0.338851 -0.254693 -0.315672 0.176463 -0.068297 0.002751 0.300197 -0.203747 0.159825 0.131645 0.105238 -0.124887 -0.154597 -0.203336 0.031935 0.153173 0.158301 0.144622 0.016803 0.097946 -0.159479 0.224988 0.030088 0.055414 0.097026 -0.320969 -0.146606 0.199993 0.014375 -0.148359 0.001625
0.267332 1.000000 -0.291227 0.014352 0.157095 0.027172 -0.142764 0.002971 0.131677 0.116199 -0.307694 0.114738 -0.089709 0.142274 -0.040992 0.130741 -0.007069 0.241576 0.036953 0.534681 -0.003817 -0.037830 -0.280832 -0.345204 -0.263959 -0.207933 0.123110 0.003780 -0.015026 0.180617 -0.160184 -0.225634 0.270053 0.089477 -0.174855 -0.164854 -0.011056 0.040401 0.042399 0.086960 0.179179 0.153251 -0.180831 -0.302755 -0.274547 -0.376174 -0.048264 -0.276317 -0.312794 -0.404479 -0.034703 -0.321608 -0.019028 -0.087934 0.010028 -0.213095 0.266023 0.604694 0.072618 0.135343 0.079300 0.328799 -0.066594 0.320393 -0.123083 -0.166530 0.126309 -0.146948 0.549287 0.299662 -0.211594 -0.263238 -0.124717 0.047554 -0.000759 0.151323 0.098754 0.019080 -0.063004 0.124958 0.039058 0.268316 -0.108587 0.017193 0.024933 -0.023045 -0.236007 -0.155003 0.129177 -0.074403 -0.078657 -0.002448 -0.055221 -0.065184 0.146993 0.138182 0.050419 0.060206 -0.158661 0.165379 0.188343 -0.033013 0.026319 -0.081225 -0.006468 0.055637 0.005343 -0.058595 0.029330 0.208983 -0.136850 -0.129163 -0.025421 0.037475 -0.076151 0.113695
-0.006608 -0.291227 1.000000 0.155713 0.220830 0.146152 0.416568 0.071693 0.288879 -0.087765 0.431586 -0.004521 0.218062 -0.087215 0.426700 -0.050274 -0.267423 -0.447950 0.427092 -0.308392 0.012086 0.105218 0.679228 0.221270 0.113246 0.111352 0.240428 0.291526 -0.266955 -0.363076 0.052834 0.045131 -0.240088 -0.080925 0.305914 0.178782 -0.214560 -0.112438 -0.135231 -0.159582 -0.155346 -0.086539 0.094295 -0.040688 0.128712 0.054106 0.135915 -0.127106 0.381518 0.004258 0.235705 0.117513 0.157794 0.078938 0.056118 0.031400 -0.335642 -0.373293 0.253064 0.036616 0.082147 -0.204911 -0.300013 -0.386439 0.330338 0.058185 0.174456 0.037105 -0.314238 -0.207926 -0.082471 -0.107253 -0.296393 -0.195607 -0.183060 -0.012136 -0.122010 -0.188903 -0.288066 -0.224106 -0.327713 -0.221970 0.277251 -0.006415 0.057958 -0.013755 0.143585 0.131817 0.300534 0.124684 -0.083102 -0.061250 0.078074 0.030452 -0.191459 -0.160063 -0.105577 -0.034737 -0.049336 -0.164678 0.069796 -0.030899 0.010587 -0.078368 0.095351 0.037193 -0.002768 -0.129749 0.022363 -0.153860 0.052776 -0.134715 -0.059479 -0.060298 -0.032300 -0.062952
-0.517772 0.014352 0.155713 1.000000 -0.170879 0.269660 -0.308270 0.298162 0.037372 0.129087 -0.207038 -0.005176 -0.330898 -0.413199 0.098826 0.222960 0.119275 -0.124013 -0.067029 -0.306512 0.008065 0.055251 0.222565 0.358025 0.041842 0.298032 -0.225488 0.134823 -0.356721 -0.271039 0.428455 0.426981 0.079660 0.048235 0.249262 0.297800 -0.100084 0.144792 0.016238 -0.078930 -0.023742 0.265711 0.016103 -0.015813 0.101606 0.083867 -0.077864 0.014907 -0.038193 0.027789 0.221814 0.005887 -0.108500 -0.078941 0.041720 -0.027255 0.165707 0.070582 -0.358240 -0.300675 -0.374225 -0.115286 0.083909 0.093541 0.332491 0.083563 -0.204085 -0.137269 -0.195146 -0.250305 -0.193238 0.091910 -0.304102 0.049609 -0.099449 0.189209 -0.105980 0.014817 -0.087612 -0.027778 0.196683 0.156501 0.327002 0.354726 0.400852 0.380090 0.330874 0.315493 0.093855 0.197486 -0.220776 -0.363508 0.427935 -0.259506 -0.215918 -0.109845 -0.051806 -0.042602 -0.045362 -0.081807 -0.057603 -0.112990 -0.078670 -0.041572 -0.029918 -0.048895 -0.190689 -0.117353 -0.047935 -0.215174 -0.017967 -0.036905 -0.172246 -0.073712 0.003748 0.013005
0.269737 0.157095 0.220830 -0.170879 1.000000 0.471128 0.443392 0.210918 0.453925 0.440479 0.189094 0.204837 0.173636 0.361620 0.099641 -0.037659 -0.256447 -0.204480 0.524641 0.246389 -0.061072 -0.005801 -0.298447 -0.390391 -0.279675 -0.605416 0.572888 0.276907 -0.115031 -0.176996 -0.455104 -0.444735 0.002363 -0.170645 0.147683 -0.091629 -0.271701 -0.219644 -0.205596 -0.184305 -0.105286 -0.023924 -0.059884 -0.237393 -0.150596 -0.127388 0.043542 -0.208572 -0.110360 -0.277035 -0.126774 -0.208219 0.183345 -0.011129 0.059351 -0.292934 -0.188230 0.016859 0.675261 0.466387 0.421128 0.418747 -0.292502 -0.063322 0.028749 -0.023707 0.572371 0.168731 0.282310 0.231542 -0.138115 -0.306692 -0.276981 -0.303376 -0.195277 -0.072121 -0.086490 -0.122460 -0.378196 -0.204255 -0.298109 -0.177301 -0.031659 -0.078099 -0.315654 -0.395203 -0.309296 -0.471489 0.328823 0.072312 0.183235 0.306781 -0.046496 0.046441 0.042761 0.057259 0.146159 -0.025932 -0.012869 -0.162427 0.266529 0.017150 0.171489 -0.083263 0.258997 -0.115855 0.236942 -0.029911 0.245593 0.119694 0.015260 -0.093954 0.217817 -0.088098 -0.197634 0.131809
-0.142915 0.027172 0.146152 0.269660 0.471128 1.000000 0.048596 0.156133 0.242934 0.550471 0.056542 0.050488 -0.118070 0.004431 0.014540 0.057917 -0.252805 -0.228943 0.239345 0.134426 0.014609 0.188757 -0.079033 0.056894 0.104702 -0.018045 0.434589 0.515287 -0.361235 -0.346327 -0.128502 0.058924 -0.099694 -0.135415 0.226943 0.112798 -0.305322 -0.115208 -0.183701 -0.138018 -0.120216 0.082106 0.016036 -0.131745 -0.132970 -0.043139 0.069640 -0.040821 0.036332 -0.131064 0.048953 -0.033546 0.081127 0.086764 0.111379 -0.213592 0.018393 0.024412 0.292544 0.224262 0.020861 0.138954 -0.220380 -0.170856 0.051379 -0.073065 0.291012 0.212869 -0.007871 0.160136 -0.179759 -0.105317 -0.492586 -0.227397 -0.359953 -0.020738 -0.278387 -0.147263 -0.323633 -0.214464 -0.112514 -0.086728 0.206027 0.144472 -0.154819 -0.163945 -0.003508 -0.168097 0.197296 0.120586 0.117651 0.020014 0.033864 -0.221225 0.125083 -0.104529 0.161103 -0.028413 -0.027138 -0.378958 0.068919 -0.156825 -0.083481 -0.127171 0.174108 -0.109803 0.299334 -0.058834 0.170339 0.083540 0.094943 -0.055393 0.099841 -0.173456 -0.246557 0.065521
0.415595 -0.142764 0.416568 -0.308270 0.443392 0.048596 1.000000 0.353462 0.415768 0.198230 0.376854 0.288958 0.464626 0.446123 0.110864 -0.035940 -0.238606 -0.349754 0.471747 -0.009098 -0.169038 -0.168370 0.045398 -0.283565 -0.084369 -0.346722 0.155763 -0.170691 0.061413 -0.115649 -0.150290 -0.177703 0.072539 0.175145 0.004551 0.074549 -0.306694 -0.428327 -0.186913 -0.321175 -0.309981 -0.266086 -0.140339 -0.091336 0.052601 0.109898 -0.055757 -0.157533 -0.123353 -0.148209 -0.109282 -0.217354 -0.019968 -0.117435 -0.264310 -0.301882 -0.445359 -0.331363 0.524008 0.223228 0.509355 0.331649 -0.194085 -0.121030 0.227749 0.131639 0.349086 0.310007 0.098277 0.088268 -0.148815 -0.217281 -0.000024 -0.305459 -0.205179 -0.178728 -0.124893 -0.169463 -0.346946 -0.326226 -0.324188 -0.364185 -0.139069 -0.248161 -0.324822 -0.483949 -0.141310 -0.391476 -0.013774 -0.229075 -0.060909 0.325736 -0.022261 0.336002 -0.069264 -0.019223 -0.054996 -0.245279 -0.212125 -0.208542 0.275354 0.143403 0.217319 -0.011759 0.133708 0.000828 0.125568 0.057257 0.082561 0.008200 -0.027677 -0.157967 0.006659 -0.154446 -0.109042 0.087181
-0.132446 0.002971 0.071693 0.298162 0.210918 0.156133 0.353462 1.000000 0.165329 0.481645 0.141833 0.425232 0.076468 0.423957 -0.124602 0.082216 0.000824 -0.074757 0.190105 -0.213314 -0.062611 -0.081959 -0.253928 -0.098028 -0.177579 -0.155729 -0.124649 -0.259140 -0.063017 0.070974 0.108622 0.088165 0.240548 0.157919 -0.128363 0.125360 -0.239873 0.045811 -0.107827 -0.202443 -0.078713 0.118638 0.090776 0.098925 0.018524 0.023332 0.039582 0.107155 -0.198935 -0.130997 -0.119466 -0.161448 -0.041750 -0.142479 -0.238447 -0.108178 -0.075476 -0.077649 0.107714 -0.010601 0.166068 0.486086 -0.092534 0.129814 0.009056 0.264011 -0.029556 -0.063523 -0.000695 -0.246717 -0.254937 0.000696 -0.059329 -0.057415 -0.048630 0.198581 -0.072610 0.112945 -0.124976 -0.082657 0.125986 0.083299 -0.094516 -0.065357 -0.047005 -0.103717 -0.052115 -0.200849 -0.045381 -0.021519 -0.263176 -0.173821 0.184154 -0.018335 -0.276808 -0.118709 0.026262 -0.165978 -0.028263 -0.070646 0.233824 0.041947 0.075790 -0.111445 0.119856 -0.058998 -0.214640 -0.048771 -0.025160 -0.117210 -0.043675 -0.077052 -0.070737 -0.222343 -0.077665 0.169540
0.007032 0.131677 0.288879 0.037372 0.453925 0.242934 0.415768 0.165329 1.000000 0.331515 0.201948 0.304079 0.354711 0.171216 0.415248 0.101503 -0.021566 -0.263486 0.263968 0.039565 -0.229843 -0.034192 0.094630 -0.114927 0.142873 -0.158211 0.152141 0.058741 0.057710 -0.145093 -0.012295 -0.048673 -0.010719 0.134020 0.080287 0.027721 -0.205214 -0.338049 -0.067921 -0.256015 -0.070342 -0.094244 -0.114622 -0.028909 -0.024859 -0.031080 -0.039115 -0.112385 -0.000753 -0.100289 0.013732 -0.008132 0.060229 0.026831 -0.045094 -0.247486 -0.247167 -0.134022 0.231677 0.077751 0.200897 0.024965 -0.150608 -0.056288 0.166128 -0.195039 0.205506 0.036845 0.082055 0.142999 -0.207671 -0.278912 -0.122542 -0.100157 -0.104921 -0.062573 -0.023793 -0.202302 -0.190783 -0.214462 -0.090122 -0.206627 0.115588 -0.107995 -0.092504 -0.298477 -0.062727 -0.223213 -0.031033 -0.273383 -0.144552 0.095496 -0.130719 0.016444 -0.158697 -0.136044 0.011651 -0.207107 -0.186157 -0.218481 0.056403 0.044845 0.041223 0.064570 -0.054832 -0.044066 0.052493 -0.140351 -0.059577 -0.101127 -0.073992 -0.122389 0.099311 0.055092 -0.048546 0.005904
-0.005334 0.116199 -0.087765 0.129087 0.440479 0.550471 0.198230 0.481645 0.331515 1.000000 0.020520 0.489673 -0.011788 0.484254 0.036840 0.209242 -0.134587 -0.038557 0.302024 0.090646 0.096940 0.097602 -0.428601 -0.312921 -0.102524 -0.261407 0.114592 0.008693 -0.147703 0.016845 -0.207901 -0.140282 0.049643 -0.132556 0.041703 -0.011047 -0.276321 0.029419 -0.149457 -0.230326 -0.140694 0.213492 0.031854 -0.048452 -0.219132 -0.092849 0.024550 -0.027937 -0.189236 -0.218492 -0.129939 -0.131752 0.103170 -0.037317 -0.156055 -0.284671 -0.096479 -0.074946 0.382212 0.287245 0.190406 0.469304 -0.285296 0.017570 -0.084547 -0.005196 0.226465 0.018475 0.149606 -0.001822 -0.108218 -0.018731 -0.209848 0.090086 -0.116452 0.276050 -0.107508 0.122896 -0.295118 -0.185556 -0.036321 0.054900 -0.074355 -0.022387 -0.165110 -0.160491 -0.200337 -0.352062 -0.037803 -0.027301 -0.069386 0.122277 0.140966 0.038632 -0.010615 -0.046593 -0.005350 -0.092850 -0.063698 -0.123720 0.161026 -0.039428 0.127461 0.012172 0.206599 -0.135674 0.123751 -0.113430 0.084256 0.093514 -0.048699 -0.032065 0.154573 -0.113597 -0.277931 0.304145
-0.020522 -0.307694 0.431586 -0.207038 0.189094 0.056542 0.376854 0.141833 0.201948 0.020520 1.000000 0.205147 0.609483 0.252720 0.433694 -0.034270 0.002982 -0.082755 0.344859 -0.124742 -0.058292 0.119440 0.303546 0.218636 -0.047644 -0.071116 0.137862 0.039530 0.151245 -0.149204 -0.153318 -0.055690 -0.205443 -0.029336 0.019461 -0.129912 -0.060786 -0.082347 0.147028 -0.045924 -0.102195 -0.079521 -0.008874 0.016082 -0.032382 -0.153925 0.101455 0.032426 0.247530 -0.026409 -0.112443 0.205507 0.141601 0.155314 0.071816 0.078928 -0.350895 -0.404720 0.245879 -0.023414 0.225777 -0.140665 -0.069476 -0.311190 0.040115 -0.149336 0.052590 -0.142601 -0.277917 -0.078387 0.035004 0.019103 -0.060362 -0.132375 -0.130926 0.063746 0.023457 -0.059044 -0.057385 -0.077088 -0.136305 -0.127205 0.226934 -0.089164 -0.090480 -0.200965 0.117722 0.082017 -0.001623 -0.013285 0.008626 0.014430 -0.106472 0.065773 -0.085748 -0.166193 -0.053525 -0.017327 -0.038126 -0.145107 0.030482 0.048696 -0.083611 -0.079773 0.042859 0.047476 -0.063657 -0.015846 -0.120358 -0.119328 0.040533 -0.017716 0.030600 -0.025918 0.036795 -0.026916
0.032919 0.114738 -0.004521 -0.005176 0.204837 0.050488 0.288958 0.425232 0.304079 0.489673 0.205147 1.000000 0.231602 0.670439 0.312965 0.330585 0.129680 0.277016 0.317560 -0.049844 0.048697 0.071672 -0.190422 -0.144464 -0.260303 -0.174323 -0.104100 -0.255550 0.222959 0.322322 -0.001151 -0.047651 0.159047 0.084959 0.087209 -0.086318 -0.039670 -0.082728 -0.120019 -0.254411 -0.112913 0.120626 0.013546 -0.045054 -0.018558 -0.146041 -0.007053 -0.062973 -0.191841 -0.243632 -0.160923 -0.163598 -0.132482 -0.190946 -0.277251 -0.210746 -0.262964 -0.221069 0.192436 -0.090694 0.155554 0.409262 -0.186049 0.175928 0.132157 0.096984 -0.004096 -0.287746 0.026254 -0.263148 -0.052490 0.001436 0.132684 0.213526 0.149339 0.371992 0.163954 0.127890 -0.168657 0.086674 0.024953 0.201172 0.023451 0.069266 0.036045 0.072727 -0.036691 -0.338703 -0.165655 -0.099914 -0.320233 -0.095776 0.078677 0.066908 -0.278095 -0.171132 -0.174486 -0.267267 -0.129929 -0.059563 0.070388 -0.003536 0.076984 -0.115589 0.140261 0.063567 -0.167806 -0.052463 -0.083423 -0.024228 -0.128985 -0.000594 0.013682 -0.017540 -0.161094 0.224566
0.092999 -0.089709 0.218062 -0.330898 0.173636 -0.118070 0.464626 0.076468 0.354711 -0.011788 0.609483 0.231602 1.000000 0.382115 0.429136 0.202027 0.179468 0.030067 0.244777 -0.045311 -0.092690 0.141121 0.141067 0.027092 -0.028750 -0.131353 0.074282 -0.199617 0.338382 0.062975 -0.181511 -0.080093 -0.005424 0.218893 -0.042311 -0.083382 0.072273 -0.206751 0.075810 -0.166865 -0.004035 -0.227375 -0.082596 0.019246 -0.009125 -0.096307 -0.008493 -0.017404 0.003397 -0.100234 0.048474 0.059557 0.086476 0.055660 -0.076185 -0.059868 -0.341673 -0.224508 0.199662 -0.045558 0.499123 0.000321 0.214411 0.053212 0.096687 -0.120017 0.063391 -0.127061 -0.044393 -0.013805 -0.011534 -0.117986 0.201751 -0.032252 0.076693 -0.023219 0.159261 -0.072936 0.018825 -0.062956 0.064547 -0.114091 0.008779 -0.212161 -0.255657 -0.247620 -0.011815 -0.189311 -0.174017 -0.319041 -0.098625 0.012068 -0.272682 0.140531 -0.203641 -0.256766 -0.016365 -0.319715 -0.222893 -0.303353 0.111102 0.191045 -0.119887 -0.066204 -0.106323 -0.021490 -0.020028 -0.095721 -0.219377 -0.085851 -0.109136 -0.179960 -0.151285 -0.003272 -0.029743 -0.116671
0.353038 0.142274 -0.087215 -0.413199 0.361620 0.004431 0.446123 0.423957 0.171216 0.484254 0.252720 0.670439 0.382115 1.000000 0.094386 0.108011 -0.140979 0.216320 0.397044 0.191556 -0.019497 -0.030306 -0.369433 -0.362993 -0.288435 -0.388846 0.108399 -0.297031 0.281788 0.345159 -0.290817 -0.317473 0.078951 -0.045038 -0.125078 -0.236709 -0.114919 -0.010100 -0.127814 -0.116542 -0.040369 -0.021662 0.077841 -0.015138 -0.105907 -0.241901 0.057754 -0.002090 -0.124332 -0.272733 -0.228892 -0.141677 0.118143 -0.058542 -0.206012 -0.153266 -0.304817 -0.120172 0.477766 0.301189 0.394201 0.586000 -0.325378 0.109722 -0.227847 0.035451 0.210061 -0.158416 0.219952 -0.070597 0.080101 0.008109 0.200374 0.119029 0.121003 0.197554 0.174615 0.144792 -0.158556 0.022183 -0.175251 0.061729 -0.319018 -0.232259 -0.315780 -0.325775 -0.366535 -0.514415 -0.128952 -0.180238 -0.067233 0.076604 -0.094933 0.086185 -0.101142 -0.073136 -0.012924 -0.173309 -0.056983 -0.028275 0.228498 0.046012 0.067349 -0.155937 0.190755 -0.093804 -0.034597 -0.055689 -0.004393 0.046348 -0.121338 -0.036188 0.087595 -0.033984 -0.182081 0.169793
-0.127804 -0.040992 0.426700 0.098826 0.099641 0.014540 0.110864 -0.124602 0.415248 0.036840 0.433694 0.312965 0.429136 0.094386 1.000000 0.319206 0.113798 -0.029772 0.404005 -0.162443 0.024749 0.126993 0.437680 0.208147 -0.009263 0.056126 0.071112 0.134578 0.124875 -0.038505 0.044059 0.078464 0.015629 0.078085 0.324224 -0.060192 0.049011 -0.065501 0.174230 -0.177052 0.157302 0.172827 -0.002248 -0.132393 0.021022 -0.149099 0.066354 -0.181573 0.097146 -0.107082 0.144927 0.015241 0.023318 -0.062166 0.126281 -0.075994 -0.286460 -0.289656 0.048267 -0.283968 0.045017 -0.239736 -0.092369 -0.189052 0.294199 -0.172444 0.083592 -0.345246 -0.173568 -0.184063 0.050298 -0.100487 0.002107 0.037159 0.036790 0.145941 0.215941 -0.139694 -0.117818 -0.093414 -0.070763 0.015833 0.451630 0.260787 0.275580 0.171948 0.131669 0.059508 0.073694 -0.103578 -0.202145 -0.216402 -0.001870 -0.149667 -0.147856 -0.192113 -0.171961 -0.145055 -0.162587 -0.188206 -0.227516 -0.117775 -0.120330 -0.146876 -0.116714 -0.037990 -0.129417 -0.185506 -0.160573 -0.196103 -0.085318 -0.033683 -0.128732 0.020361 -0.047609 -0.141550
-0.183692 0.130741 -0.050274 0.222960 -0.037659 0.057917 -0.035940 0.082216 0.101503 0.209242 -0.034270 0.330585 0.202027 0.108011 0.319206 1.000000 0.063687 0.095548 0.081523 -0.035258 0.172634 0.218959 -0.043947 -0.015239 0.005639 0.011387 0.020418 -0.096704 0.100352 0.313551 0.114870 0.104559 0.187419 0.217343 0.173135 -0.010627 0.250460 0.200317 0.120542 -0.148186 0.244808 0.279434 0.091752 -0.065916 -0.044766 -0.153622 0.069090 -0.116074 -0.179774 -0.171257 0.272480 -0.121560 -0.056321 -0.140756 -0.022373 -0.068561 -0.027223 -0.047454 -0.140085 -0.313335 0.041744 0.035693 0.170761 0.293933 0.234430 -0.022622 -0.044268 -0.354062 -0.066625 -0.221084 -0.133583 0.001461 0.079059 0.306702 0.076117 0.174192 0.113369 0.172141 -0.223679 -0.173642 0.202186 0.183993 0.202485 0.463713 0.096839 0.445429 -0.020236 -0.144225 -0.085933 -0.265619 -0.295422 -0.305448 -0.011011 -0.119726 -0.153462 -0.234075 -0.083340 -0.219834 -0.262138 -0.226942 0.079028 0.089599 -0.110463 -0.090869 0.001950 -0.087380 0.007046 -0.355771 -0.082205 0.006987 -0.198634 -0.295270 -0.405662 0.018326 -0.122961 0.013494
-0.170776 -0.007069 -0.267423 0.119275 -0.256447 -0.252805 -0.238606 0.000824 -0.021566 -0.134587 0.002982 0.129680 0.179468 -0.140979 0.113798 0.063687 1.000000 0.333373 -0.305346 -0.198848 0.135482 0.126516 -0.083498 0.065693 0.028536 0.106126 -0.316045 -0.301327 0.412512 0.198042 0.287134 0.289960 0.274421 0.286756 -0.122339 0.068077 0.352549 -0.107797 0.130404 -0.131330 0.140723 -0.131094 -0.342553 -0.094925 0.046909 0.051687 -0.374767 -0.126191 -0.242314 0.051159 -0.050964 -0.006441 -0.231462 -0.121648 -0.129805 -0.084152 0.354648 0.141210 -0.307758 -0.357031 0.098587 -0.091127 0.626658 0.274260 0.230726 0.150074 -0.315620 -0.185648 -0.046888 -0.116951 0.063277 0.001534 0.473560 0.139067 0.335740 0.178999 0.281913 0.058717 0.561908 0.256623 0.706563 0.240821 -0.008547 0.108652 0.257188 0.152744 0.145444 0.047096 -0.292233 -0.096585 -0.346375 -0.270373 -0.145316 -0.137466 -0.285989 -0.205878 -0.327862 -0.227357 -0.211868 -0.013151 -0.226463 0.050797 -0.088358 0.016897 -0.305810 0.092353 -0.300253 0.094595 -0.240717 -0.176786 -0.256887 -0.046611 -0.107278 -0.032114 0.029781 -0.142038
-0.092062 0.241576 -0.447950 -0.124013 -0.204480 -0.228943 -0.349754 -0.074757 -0.263486 -0.038557 -0.082755 0.277016 0.030067 0.216320 -0.029772 0.095548 0.333373 1.000000 -0.197358 0.063132 0.148840 0.258873 -0.197587 0.026726 -0.165588 0.090059 -0.186601 -0.263077 0.336252 0.502170 0.082930 0.108542 0.077041 0.028147 -0.067382 -0.257256 0.232313 0.066556 -0.020711 0.028144 0.061747 0.062119 -0.013024 -0.056209 -0.200370 -0.267971 -0.080681 -0.021377 -0.224279 -0.286895 -0.162598 -0.141361 -0.188510 -0.127995 -0.192703 -0.034885 0.196628 0.350321 -0.239562 -0.294341 -0.045217 0.126456 0.175025 0.510536 -0.102464 -0.087608 -0.257801 -0.444544 0.221050 -0.190222 0.178190 0.219177 0.340626 0.362099 0.300339 0.373450 0.284623 0.221828 0.404556 0.558603 0.409824 0.638604 -0.139072 0.055661 0.192166 0.219683 -0.045191 -0.013180 -0.143815 0.011142 -0.078646 -0.169299 0.032195 0.020105 -0.063693 -0.098287 -0.185845 -0.086306 -0.057495 0.123601 -0.031338 -0.098219 -0.040027 -0.110118 -0.027971 0.145878 -0.185855 0.022972 -0.098336 0.176069 -0.127064 0.060219 -0.125347 0.114965 0.019798 0.137504
0.318116 0.036953 0.427092 -0.067029 0.524641 0.239345 0.471747 0.190105 0.263968 0.302024 0.344859 0.317560 0.244777 0.397044 0.404005 0.081523 -0.305346 -0.197358 1.000000 0.232641 -0.106192 0.082610 0.095933 -0.143936 -0.234089 -0.255779 0.290665 0.172743 -0.026191 -0.137051 -0.291270 -0.238070 0.029505 -0.122170 0.347675 -0.031154 -0.267609 -0.120833 -0.036083 -0.165950 -0.165588 0.186642 -0.027330 -0.265000 -0.227180 -0.341233 0.136920 -0.288981 -0.026449 -0.449266 -0.045874 -0.226723 0.199110 -0.049799 -0.021790 -0.249085 -0.334192 -0.254655 0.558416 0.188900 0.325742 0.282385 -0.417035 -0.264289 0.110451 -0.148031 0.485563 -0.069126 0.140398 -0.009860 -0.111682 -0.189296 -0.250144 -0.136701 -0.180635 0.079409 -0.005193 -0.026573 -0.444375 -0.212471 -0.428292 -0.117858 0.124003 0.061304 -0.066649 -0.162907 -0.215248 -0.317897 0.210276 0.074245 0.046811 0.218251 0.071177 0.130750 0.008986 0.019642 -0.056857 -0.157774 -0.141635 -0.134847 0.078752 -0.056179 0.101630 -0.184073 0.254661 -0.105075 0.194956 -0.144201 0.128067 0.066907 -0.042126 -0.076736 -0.001566 -0.112736 -0.233082 0.074146
0.442379 0.534681 -0.308392 -0.306512 0.246389 0.134426 -0.009098 -0.213314 0.039565 0.090646 -0.124742 -0.049844 -0.045311 0.191556 -0.162443 -0.035258 -0.198848 0.063132 0.232641 1.000000 -0.042662 -0.157326 -0.229486 -0.293485 -0.166338 -0.310187 0.343650 0.088980 0.047479 -0.003436 -0.372302 -0.330351 0.045474 -0.021909 -0.046130 -0.112290 -0.074056 -0.127617 0.022536 0.176091 0.070087 -0.015463 -0.266931 -0.323179 -0.357648 -0.378419 -0.041457 -0.210975 -0.199586 -0.392309 -0.204672 -0.284086 0.044505 0.040194 -0.093137 -0.288181 0.021741 0.265438 0.348980 0.288213 0.128906 0.289437 -0.192802 0.010725 -0.194009 -0.341190 0.306687 0.170915 0.481082 0.699160 0.093189 -0.132082 -0.118195 -0.176749 -0.142208 -0.137251 0.043578 0.108321 -0.150294 -0.145359 -0.124323 -0.049589 -0.082132 0.026219 -0.201694 -0.229124 -0.268956 -0.233180 0.132077 -0.136838 0.269631 0.335730 -0.207258 -0.015292 0.445274 0.189348 0.105703 0.083721 -0.147196 -0.068935 0.021890 -0.067914 -0.160247 -0.233740 -0.003015 -0.180116 0.406869 0.045255 0.068464 0.200596 0.028761 -0.106291 0.125694 -0.102004 -0.188008 0.030179
-0.064230 -0.003817 0.012086 0.008065 -0.061072 0.014609 -0.169038 -0.062611 -0.229843 0.096940 -0.058292 0.048697 -0.092690 -0.019497 0.024749 0.172634 0.135482 0.148840 -0.106192 -0.042662 1.000000 0.343880 -0.014738 0.052201 -0.030652 0.048437 0.205310 0.028772 -0.091593 0.174727 0.067258 0.047398 -0.030909 -0.113816 -0.051941 -0.046197 0.249212 0.263463 0.261874 0.282936 0.133706 0.173156 -0.056645 -0.012567 -0.131305 0.047918 -0.173968 -0.034756 -0.252832 0.040890 -0.242029 -0.053005 -0.216341 -0.086114 0.000224 0.090638 0.015586 -0.021650 -0.057301 -0.091519 -0.087329 0.018823 -0.003767 0.050733 -0.035751 0.056523 -0.039929 -0.034681 -0.034812 -0.025255 0.297843 0.204646 0.095945 0.115535 0.217376 0.220392 0.007283 0.056818 0.074238 -0.001224 0.181738 0.123317 0.148792 0.190865 -0.079558 0.316849 0.040025 0.052170 0.082670 0.153092 -0.067615 -0.106294 -0.030539 -0.199798 0.050362 0.150676 -0.296706 0.164978 -0.183734 0.007574 -0.257673 0.057967 -0.148416 -0.006430 -0.155607 -0.183154 0.009430 -0.029248 -0.019567 -0.054490 -0.084137 -0.117715 -0.010064 -0.136655 -0.033089 -0.067250
-0.152583 -0.037830 0.105218 0.055251 -0.005801 0.188757 -0.168370 -0.081959 -0.034192 0.097602 0.119440 0.071672 0.141121 -0.030306 0.126993 0.218959 0.126516 0.258873 0.082610 -0.157326 0.343880 1.000000 0.124882 0.183038 0.166336 0.347760 0.175189 0.240184 0.143305 0.213048 0.072385 0.284584 -0.168349 -0.044087 0.148324 -0.030735 0.387485 0.108241 0.037880 0.101571 -0.037667 0.076297 -0.044798 -0.080502 -0.234459 -0.148097 -0.110951 -0.147718 -0.101098 -0.212978 -0.008922 0.017415 -0.029560 -0.047794 0.046510 -0.088627 0.055480 -0.037983 -0.023783 -0.118883 0.010996 -0.079045 0.028690 0.049617 -0.054951 0.013488 -0.072524 -0.271933 -0.107994 -0.285196 0.139298 0.230549 0.097075 0.278046 0.128218 0.239582 0.091954 0.106009 0.201710 0.200535 0.193595 0.253239 0.098129 0.113632 0.104129 0.225888 0.013784 0.098873 0.054604 0.155097 -0.154426 -0.127784 -0.059869 -0.050138 -0.182954 -0.215373 -0.294842 -0.208749 -0.275403 -0.172262 -0.118859 0.044599 -0.028342 0.072401 -0.061845 -0.005364 0.061358 -0.125368 -0.038210 0.153694 -0.254117 -0.184644 -0.086630 0.027260 0.021298 0.074258
-0.129303 -0.280832 0.679228 0.222565 -0.298447 -0.079033 0.045398 -0.253928 0.094630 -0.428601 0.303546 -0.190422 0.141067 -0.369433 0.437680 -0.043947 -0.083498 -0.197587 0.095933 -0.229486 -0.014738 0.124882 1.000000 0.596189 0.250001 0.436475 0.037475 0.192515 -0.149142 -0.259704 0.297761 0.314041 -0.168895 0.123788 0.273999 0.192558 -0.016868 -0.101058 0.065965 0.009479 -0.123405 -0.104965 -0.061379 -0.071626 0.126145 0.009621 0.018509 -0.095848 0.370889 0.096387 0.204868 0.161844 -0.014198 0.067174 0.056041 0.123539 -0.179220 -0.295412 -0.177946 -0.312748 -0.184993 -0.473932 -0.074400 -0.324531 0.317471 -0.098262 -0.155637 -0.107934 -0.430615 -0.142370 0.072519 0.117371 -0.170606 -0.113460 -0.165102 -0.066162 -0.073413 -0.174211 -0.070297 -0.046276 -0.109450 -0.023488 0.374483 0.203132 0.304253 0.172663 0.340949 0.408022 0.159585 0.017555 -0.064014 -0.127126 0.073092 -0.038752 -0.023383 -0.146827 -0.208186 -0.034968 -0.104384 -0.111170 -0.135655 -0.108985 -0.249030 -0.134143 -0.143892 0.092867 -0.027020 -0.069544 -0.139215 -0.245626 0.017937 -0.146132 -0.176901 -0.019227 0.134984 -0.185930
-0.455682 -0.345204 0.221270 0.358025 -0.390391 0.056894 -0.283565 -0.098028 -0.114927 -0.312921 0.218636 -0.144464 0.027092 -0.362993 0.208147 -0.015239 0.065693 0.026726 -0.143936 -0.293485 0.052201 0.183038 0.596189 1.000000 0.288046 0.554146 -0.015769 0.220316 -0.035969 -0.176173 0.400694 0.554147 -0.140307 0.174622 0.173331 0.122447 0.011845 0.032025 0.028944 0.101027 -0.058371 -0.034314 -0.008085 0.078907 -0.071573 -0.018579 0.005392 0.157126 0.271359 0.134886 0.030657 0.221419 -0.030051 0.146304 0.104202 0.206556 -0.061603 -0.294882 -0.392132 -0.438905 -0.317138 -0.393986 0.100392 -0.183707 0.084512 -0.063410 -0.377383 -0.155370 -0.569104 -0.167062 0.109167 0.277652 -0.072830 -0.063694 -0.148968 0.029948 -0.122760 -0.115676 0.138927 0.069278 0.100762 0.031164 0.352694 0.259571 0.244773 0.216347 0.402020 0.422138 0.073220 0.168494 0.069344 -0.251907 0.188005 -0.228005 -0.143816 -0.095150 -0.048740 0.031046 0.035961 -0.147594 -0.110654 -0.181834 -0.272135 -0.176939 -0.022697 0.020175 -0.128729 -0.143486 -0.076151 -0.213824 0.125963 0.042472 0.000485 -0.076281 0.177662 -0.151555
-0.188870 -0.263959 0.113246 0.041842 -0.279675 0.104702 -0.084369 -0.177579 0.142873 -0.102524 -0.047644 -0.260303 -0.028750 -0.288435 -0.009263 0.005639 0.028536 -0.165588 -0.234089 -0.166338 -0.030652 0.166336 0.250001 0.288046 1.000000 0.576829 0.045454 0.192443 0.077872 -0.030040 0.355278 0.428710 -0.266682 0.037317 -0.017341 0.015599 0.048595 -0.006709 -0.112602 -0.051822 -0.125928 -0.092806 0.034325 0.151417 -0.072327 0.114409 -0.057634 0.073896 0.256053 0.174299 0.067909 0.276267 0.010309 0.125249 0.004118 0.032316 0.093422 -0.120616 -0.234782 -0.057134 -0.233314 -0.407624 0.136424 -0.139561 -0.026549 -0.107874 -0.093522 0.097224 -0.162283 -0.036310 0.071431 0.082100 0.066224 0.119446 -0.057845 -0.129345 -0.142624 -0.108561 0.145573 -0.046962 0.187770 -0.080687 0.165841 -0.025248 0.021561 -0.026027 0.207457 0.197713 -0.134658 -0.076577 -0.072625 -0.200237 -0.154230 -0.099742 0.051135 -0.115727 -0.033191 -0.043649 -0.074930 -0.169000 -0.038308 0.037761 -0.015853 0.197497 -0.089270 0.097892 0.065898 -0.157244 -0.096154 0.019370 -0.047313 -0.011303 0.023709 0.135856 0.128635 -0.062092
-0.316999 -0.207933 0.111352 0.298032 -0.605416 -0.018045 -0.346722 -0.155729 -0.158211 -0.261407 -0.071116 -0.174323 -0.131353 -0.388846 0.056126 0.011387 0.106126 0.090059 -0.255779 -0.310187 0.048437 0.347760 0.436475 0.554146 0.576829 1.000000 -0.186160 0.220685 0.019629 0.047773 0.576065 0.698026 -0.156857 0.150863 0.024081 0.110694 0.142326 0.097185 0.000251 0.101902 -0.074229 0.120202 0.030206 0.119201 -0.095843 0.057108 -0.089183 0.039467 0.136991 0.020086 0.041258 0.147602 -0.112321 -0.030140 -0.082837 0.071101 0.178748 -0.047089 -0.460576 -0.408446 -0.375557 -0.422433 0.097557 -0.056640 0.002119 -0.018272 -0.321535 -0.150289 -0.217076 -0.319714 0.091028 0.222037 0.083605 0.250224 0.103242 0.176276 0.022159 -0.048505 0.353210 0.214132 0.181259 0.192945 0.246600 0.108328 0.303786 0.282394 0.386036 0.517304 -0.013336 0.172962 -0.242468 -0.360673 0.121819 -0.089807 -0.153973 -0.136094 -0.225255 -0.023211 -0.114134 -0.011950 -0.273402 -0.039671 -0.076439 0.137950 -0.005645 0.135593 -0.205932 -0.146261 -0.089926 -0.052139 -0.067062 0.069564 -0.096209 0.105934 0.151793 0.026352
0.285307 0.123110 0.240428 -0.225488 0.572888 0.434589 0.155763 -0.124649 0.152141 0.114592 0.137862 -0.104100 0.074282 0.108399 0.071112 0.020418 -0.316045 -0.186601 0.290665 0.343650 0.205310 0.175189 0.037475 -0.015769 0.045454 -0.186160 1.000000 0.527055 -0.080160 -0.080311 -0.262843 -0.162873 -0.110940 -0.096484 0.116010 -0.186084 -0.090919 -0.032469 -0.057666 0.046560 0.102415 -0.120428 -0.016204 -0.307104 -0.319839 -0.258768 0.102162 -0.262085 0.019652 -0.238768 0.011712 -0.155559 0.243632 0.057718 0.158560 -0.111506 -0.055291 -0.005017 0.486159 0.391265 0.277794 0.164272 -0.140464 -0.185985 -0.128078 0.011572 0.520634 0.082405 0.128483 0.279405 0.056052 -0.079081 -0.200189 -0.213751 -0.137032 -0.166092 -0.094396 -0.210375 -0.275078 -0.143991 -0.270544 -0.146272 0.136286 0.054212 -0.269783 -0.147146 -0.142841 -0.248363 0.426696 0.093295 0.176855 0.036314 -0.185725 -0.256666 0.194340 0.030853 0.067675 0.102735 -0.119692 -0.255864 0.107231 -0.058154 -0.264230 -0.247034 0.118958 -0.180900 0.284516 -0.217067 0.141916 0.092327 -0.104228 -0.266937 0.023055 -0.207133 -0.228374 -0.037741
-0.167715 0.003780 0.291526 0.134823 0.276907 0.515287 -0.170691 -0.259140 0.058741 0.008693 0.039530 -0.255550 -0.199617 -0.297031 0.134578 -0.096704 -0.301327 -0.263077 0.172743 0.088980 0.028772 0.240184 0.192515 0.220316 0.192443 0.220685 0.527055 1.000000 -0.399276 -0.460729 -0.222794 -0.019630 -0.200277 -0.173644 0.282997 0.015384 -0.223340 0.004719 -0.018035 0.168060 0.045260 0.156951 0.040118 -0.218782 -0.164835 -0.147935 0.210820 -0.159009 0.226539 -0.143864 0.125097 0.026654 0.211862 0.174863 0.381694 -0.014499 0.124593 0.011870 0.196572 0.175617 -0.137966 -0.147669 -0.256797 -0.448208 -0.119532 -0.045456 0.309301 0.117420 -0.048967 0.165736 -0.124156 -0.209527 -0.519257 -0.265338 -0.332838 -0.189160 -0.270518 -0.334107 -0.288131 -0.161609 -0.372890 -0.246341 0.375960 0.157833 -0.044863 0.064406 0.085844 0.175916 0.483347 0.438876 0.259806 0.032242 0.034993 -0.217958 0.320452 0.189392 0.215284 0.316666 0.084585 -0.108699 -0.111742 -0.264688 -0.063348 -0.106309 0.158606 0.026037 0.158426 -0.155303 0.342407 0.138888 0.197598 0.063304 0.132614 -0.045619 -0.080735 0.061387
0.211245 -0.015026 -0.266955 -0.356721 -0.115031 -0.361235 0.061413 -0.063017 0.057710 -0.147703 0.151245 0.222959 0.338382 0.281788 0.124875 0.100352 0.412512 0.336252 -0.026191 0.047479 -0.091593 0.143305 -0.149142 -0.035969 0.077872 0.019629 -0.080160 -0.399276 1.000000 0.643181 0.227810 0.201344 0.171630 0.331838 -0.153163 -0.355896 0.527234 -0.187709 0.010004 -0.193007 0.125772 -0.241157 -0.124190 -0.129411 -0.126277 -0.156238 -0.231867 -0.244473 -0.113305 -0.146486 -0.062100 -0.021376 -0.015272 -0.113855 -0.136484 -0.188928 -0.105930 -0.115485 -0.039149 -0.118735 0.161719 0.103004 0.298453 0.250099 0.004593 0.055756 0.004239 -0.294061 0.187571 -0.218044 0.279065 0.115530 0.820186 0.352814 0.463749 0.056889 0.397931 0.062121 0.511488 0.262741 0.388659 0.164685 -0.172788 -0.042971 0.171906 -0.073795 -0.239424 -0.333364 -0.319151 -0.332061 -0.253611 -0.211216 -0.317382 -0.132220 -0.310745 -0.248554 -0.292554 -0.391392 -0.343706 -0.194137 -0.000462 0.114571 -0.102604 -0.018818 -0.215118 -0.086172 0.000552 -0.083724 -0.225968 -0.062830 -0.528693 -0.262803 -0.046033 -0.004810 -0.020376 -0.232479
0.221541 0.180617 -0.363076 -0.271039 -0.176996 -0.346327 -0.115649 0.070974 -0.145093 0.016845 -0.149204 0.322322 0.062975 0.345159 -0.038505 0.313551 0.198042 0.502170 -0.137051 -0.003436 0.174727 0.213048 -0.259704 -0.176173 -0.030040 0.047773 -0.080311 -0.460729 0.643181 1.000000 0.199771 0.142787 0.233334 0.240588 -0.257262 -0.376391 0.463693 0.161221 -0.044529 -0.102932 0.138695 0.054953 0.097472 -0.092953 -0.127373 -0.182929 -0.045891 -0.203182 -0.184868 -0.181401 -0.063293 -0.147315 -0.034620 -0.209345 -0.217187 -0.041631 -0.019818 0.059258 -0.094096 -0.157594 0.080320 0.276398 0.176108 0.425725 -0.103653 0.142558 -0.044452 -0.476193 0.224053 -0.396789 0.156941 0.190691 0.681106 0.588299 0.528333 0.250221 0.413789 0.210036 0.364783 0.369501 0.364886 0.480245 -0.193163 0.123220 0.159493 0.247202 -0.156435 -0.263705 -0.194785 -0.259111 -0.339480 -0.335240 -0.176365 -0.069224 -0.202512 -0.163169 -0.285466 -0.182662 -0.197522 0.023839 0.047149 0.046066 -0.000112 -0.004635 -0.038067 0.034789 -0.153248 -0.144489 -0.167554 0.079095 -0.543337 -0.214797 -0.182306 0.117325 -0.007814 0.050662
-0.276916 -0.160184 0.052834 0.428455 -0.455104 -0.128502 -0.150290 0.108622 -0.012295 -0.207901 -0.153318 -0.001151 -0.181511 -0.290817 0.044059 0.114870 0.287134 0.082930 -0.291270 -0.372302 0.067258 0.072385 0.297761 0.400694 0.355278 0.576065 -0.262843 -0.222794 0.227810 0.199771 1.000000 0.846936 0.191460 0.467919 0.000960 0.126559 0.194843 -0.033458 -0.081675 -0.197730 0.007426 -0.077032 -0.068870 0.050276 0.081172 0.185910 -0.201836 -0.055046 -0.048703 0.065559 0.067442 -0.075238 -0.287758 -0.238893 -0.283765 -0.082215 0.072269 -0.035089 -0.523431 -0.470983 -0.374999 -0.236479 0.273000 0.283158 0.338156 0.118333 -0.359577 -0.126396 -0.148093 -0.366444 0.085140 0.173237 0.324940 0.239612 0.217468 0.228898 0.096539 0.047757 0.369238 0.206476 0.410538 0.226572 0.164704 0.259366 0.377806 0.170375 0.252250 0.185178 -0.178090 -0.205143 -0.396190 -0.472871 0.165068 -0.219675 -0.361340 -0.202163 -0.322565 -0.243184 -0.271251 -0.142359 -0.104337 -0.066557 -0.145973 -0.030836 -0.108658 0.040890 -0.276126 -0.157791 -0.127443 -0.237591 -0.317726 -0.158484 -0.264549 0.068999 0.133155 -0.099060
-0.322603 -0.225634 0.045131 0.426981 -0.444735 0.058924 -0.177703 0.088165 -0.048673 -0.140282 -0.055690 -0.047651 -0.080093 -0.317473 0.078464 0.104559 0.289960 0.108542 -0.238070 -0.330351 0.047398 0.284584 0.314041 0.554147 0.428710 0.698026 -0.162873 -0.019630 0.201344 0.142787 0.846936 1.000000 0.084331 0.470992 0.101363 0.187805 0.141565 -0.126026 -0.104152 -0.197527 -0.037785 -0.079357 -0.126921 -0.089419 -0.004259 0.150741 -0.159176 -0.153981 -0.055297 -0.087335 0.091175 -0.144932 -0.252040 -0.245632 -0.285493 -0.216971 0.081873 -0.075590 -0.422003 -0.473172 -0.309762 -0.224255 0.292381 0.170869 0.293412 0.102034 -0.264988 -0.076949 -0.183238 -0.320268 0.080694 0.194115 0.261074 0.157682 0.074250 0.131568 0.032319 -0.004199 0.409414 0.178340 0.440223 0.242302 0.247535 0.274226 0.388206 0.166042 0.304345 0.238841 -0.086956 -0.084601 -0.316995 -0.466645 0.168320 -0.218335 -0.252858 -0.207300 -0.315321 -0.259863 -0.321459 -0.317019 -0.144318 -0.215190 -0.155566 -0.149015 -0.068107 0.035026 -0.138810 -0.145081 -0.053181 -0.126372 -0.290743 -0.152505 -0.210666 -0.053836 0.049531 -0.067749
0.204722 0.270053 -0.240088 0.079660 0.002363 -0.099694 0.072539 0.240548 -0.010719 0.049643 -0.205443 0.159047 -0.005424 0.078951 0.015629 0.187419 0.274421 0.077041 0.029505 0.045474 -0.030909 -0.168349 -0.168895 -0.140307 -0.266682 -0.156857 -0.110940 -0.200277 0.171630 0.233334 0.191460 0.084331 1.000000 0.633752 -0.134246 -0.085535 0.114350 -0.034577 0.102949 -0.178403 0.214461 0.049154 -0.175858 -0.195847 -0.004510 -0.060984 -0.118615 -0.246010 -0.329196 -0.164576 -0.044560 -0.378425 -0.201832 -0.336739 -0.054525 -0.141320 0.223881 0.181296 -0.079893 -0.246380 0.224031 0.335683 0.235472 0.265707 0.181993 0.206582 0.027633 -0.140166 0.140037 -0.058992 -0.275384 -0.240952 0.242555 0.027832 0.151686 0.091969 0.126483 -0.078431 0.116960 -0.045801 0.240196 0.136241 -0.092452 0.202874 0.125059 0.097710 -0.098552 -0.193184 -0.049065 -0.157349 -0.382402 -0.249418 -0.059796 -0.134425 -0.105832 -0.044600 0.026477 -0.185864 -0.218040 -0.057477 0.001152 0.070674 0.010421 -0.111829 -0.065005 -0.074338 -0.209444 -0.105827 -0.017087 -0.104265 -0.360466 -0.119957 -0.155670 -0.008822 -0.046696 0.040294
0.121168 0.089477 -0.080925 0.048235 -0.170645 -0.135415 0.175145 0.157919 0.134020 -0.132556 -0.029336 0.084959 0.218893 -0.045038 0.078085 0.217343 0.286756 0.028147 -0.122170 -0.021909 -0.113816 -0.044087 0.123788 0.174622 0.037317 0.150863 -0.096484 -0.173644 0.331838 0.240588 0.467919 0.470992 0.633752 1.000000 -0.078779 0.144936 0.112153 -0.278005 0.035424 -0.245390 0.065523 -0.165999 -0.380308 -0.313396 0.033996 0.038210 -0.207896 -0.363526 -0.253976 -0.207125 0.071134 -0.392278 -0.197853 -0.332337 -0.188521 -0.256002 0.033196 -0.002485 -0.196825 -0.334084 0.184195 0.214343 0.346260 0.250683 0.358544 0.328597 -0.127276 0.003982 0.037778 -0.055871 -0.248187 -0.222225 0.352231 -0.038891 0.054502 -0.054623 0.055416 -0.091695 0.228206 -0.044564 0.303472 0.066914 0.014931 0.194218 0.212204 0.006457 0.024022 -0.119483 -0.054868 -0.347371 -0.383380 -0.274432 -0.109322 -0.132247 -0.143951 -0.114704 -0.129090 -0.322307 -0.411699 -0.294503 0.040972 -0.022594 -0.130252 -0.190694 -0.182522 -0.050977 -0.116950 -0.195932 -0.032085 -0.121429 -0.407059 -0.289658 -0.263747 -0.004376 0.048481 -0.042959
-0.110129 -0.174855 0.305914 0.249262 0.147683 0.226943 0.004551 -0.128363 0.080287 0.041703 0.019461 0.087209 -0.042311 -0.125078 0.324224 0.173135 -0.122339 -0.067382 0.347675 -0.046130 -0.051941 0.148324 0.273999 0.173331 -0.017341 0.024081 0.116010 0.282997 -0.153163 -0.257262 0.000960 0.101363 -0.134246 -0.078779 1.000000 0.270054 -0.041242 -0.076018 0.054374 -0.193319 -0.038499 0.180833 -0.078766 -0.261315 0.051848 -0.018941 0.019304 -0.212888 -0.008547 -0.266893 0.205848 -0.177865 -0.083194 -0.205717 0.038102 -0.339801 -0.155784 -0.127695 0.122455 -0.160007 -0.099369 -0.038866 -0.152142 -0.052004 0.439140 -0.124387 0.246969 -0.016801 -0.144928 -0.115551 0.038302 0.071170 -0.249734 0.001595 -0.147960 0.075181 0.032893 0.048306 -0.268894 -0.078593 -0.138401 0.078079 0.298647 0.293817 0.333216 0.247761 -0.005406 -0.003237 0.237054 0.175942 -0.054951 -0.065956 0.175092 -0.058965 0.036067 -0.035417 -0.053579 -0.202177 -0.059697 -0.322680 -0.083040 -0.194113 -0.096134 -0.261762 0.055966 -0.174342 0.238003 -0.058724 0.055679 0.011516 0.145956 0.005704 -0.041539 -0.158505 -0.211552 -0.104505
-0.193842 -0.164854 0.178782 0.297800 -0.091629 0.112798 0.074549 0.125360 0.027721 -0.011047 -0.129912 -0.086318 -0.083382 -0.236709 -0.060192 -0.010627 0.068077 -0.257256 -0.031154 -0.112290 -0.046197 -0.030735 0.192558 0.122447 0.015599 0.110694 -0.186084 0.015384 -0.355896 -0.376391 0.126559 0.187805 -0.085535 0.144936 0.270054 1.000000 -0.161162 -0.246802 -0.057766 -0.118904 -0.223718 0.026414 -0.330530 -0.105289 0.384778 0.558036 -0.127801 -0.059132 -0.131256 0.158164 0.171077 -0.239498 -0.208625 -0.269351 -0.260333 -0.216039 -0.146432 0.003553 -0.103678 -0.124583 -0.140242 -0.006226 0.015002 -0.004786 0.447909 0.224856 -0.124936 0.470269 -0.122065 0.078563 -0.209436 -0.101732 -0.238246 -0.186096 -0.282578 -0.082108 -0.245042 0.104723 -0.147273 -0.185805 -0.025756 -0.076982 -0.022163 0.087834 0.137465 0.148505 0.024591 0.066269 -0.036605 -0.147619 -0.081290 0.045011 0.113158 0.075208 0.042945 -0.064410 -0.120862 -0.174474 -0.136359 -0.150530 -0.192558 -0.080659 0.026621 -0.093245 -0.117711 -0.062245 0.030177 0.140388 0.060955 -0.076687 0.331930 -0.104329 -0.091040 -0.049256 0.042798 -0.085056
