1.000000 0.481155 0.208071 0.004935 0.244825 0.195008 0.390466 0.153411 0.404693 0.043243 0.595223 0.148232 0.363546 0.108928 0.349504 0.153461 0.166614 -0.034341 0.397030 0.321266 -0.000885 -0.087511 -0.014692 -0.152646 -0.039003 -0.247833 0.091593 -0.011886 0.106928 -0.168636 -0.340652 -0.409475 0.111713 0.091260 -0.271339 -0.265799 -0.420468 -0.083944 -0.223845 -0.243403 -0.101299 -0.151358 -0.459707 -0.394825 -0.231611 -0.165904 -0.302093 -0.324135 0.193280 -0.185814 -0.077335 -0.096284 0.061632 -0.049683 0.046302 -0.150676 0.377441 0.209567 0.473237 -0.098018 0.565240 0.310451 -0.063109 -0.029408 0.180303 0.220959 0.009899 -0.297117 0.288478 0.029862 0.042441 -0.159522 -0.073443 -0.212833 -0.086899 -0.070311 -0.253319 -0.296607 -0.223179 -0.154528 -0.232312 -0.271008 0.281306 -0.014037 -0.044264 -0.184696 0.251158 0.004090 -0.024008 -0.022794 0.015698 0.072837 0.089583 -0.039971 -0.269749 0.015517 -0.261721 -0.059281 -0.139994 0.150698 -0.103051 -0.140720 -0.181405 -0.067471 -0.186214 -0.131923 -0.037848 0.037565 -0.032274 -0.037303 -0.313366 -0.366476 0.067569 -0.224035 -0.304290 -0.182936
0.481155 1.000000 -0.357368 0.105593 0.158249 -0.007350 -0.191369 0.073124 0.158574 0.272409 0.319586 0.282451 0.159135 0.308530 0.194534 0.347438 0.049133 -0.038435 0.286854 0.339652 0.006358 -0.201821 -0.367574 -0.380897 -0.324400 -0.331170 -0.079818 -0.216332 0.253210 0.188802 -0.388680 -0.391439 0.080386 0.064662 -0.410111 -0.321334 -0.181199 0.056367 -0.191374 -0.185175 0.037364 0.124033 -0.138623 -0.352980 -0.157962 -0.321586 0.137539 -0.336568 0.334856 -0.024737 -0.234080 0.276939 0.313552 0.322977 0.013528 -0.069259 0.409567 0.440018 0.417734 0.112346 0.227670 0.487403 0.002903 0.216736 -0.327520 0.100753 0.045254 -0.592489 0.380780 0.197267 -0.005024 -0.223107 0.159337 0.044627 -0.030982 0.102583 -0.102990 -0.119139 -0.128413 -0.084550 -0.070601 0.008287 0.177808 0.064545 -0.157023 -0.160728 0.037881 -0.173647 -0.225419 0.127628 0.087809 -0.199305 0.120528 -0.042579 -0.200175 0.229163 -0.029064 -0.056909 0.084739 0.056690 0.026504 -0.235626 0.086373 -0.293378 0.001840 -0.040976 0.104709 -0.039908 0.185539 0.159420 -0.211046 -0.206943 0.192051 -0.124714 -0.130294 -0.055020
0.208071 -0.357368 1.000000 -0.120705 0.070406 0.105338 0.685234 0.005244 0.219742 -0.428275 0.174741 -0.171964 0.284086 -0.244224 -0.069988 -0.256164 0.095042 -0.028240 0.108714 -0.069983 -0.026527 0.079634 0.513119 0.175588 0.222203 0.161545 0.219180 0.302353 -0.196661 -0.440760 0.252597 0.086317 0.117564 0.049030 0.136017 -0.086335 -0.141799 -0.319033 0.145920 -0.075538 -0.120071 -0.275270 -0.245131 0.023263 -0.045972 0.031785 -0.393523 0.015484 -0.099884 -0.195024 0.284374 -0.338574 -0.291400 -0.381233 0.088184 -0.049866 -0.083334 -0.048903 -0.014746 -0.074386 0.206345 -0.333845 -0.112131 -0.235951 0.434178 -0.052703 0.143507 0.394077 -0.088130 -0.091595 0.030094 0.001855 -0.216468 -0.276857 -0.126158 -0.098619 0.011614 -0.228598 0.018476 -0.074776 -0.201426 -0.234287 -0.091852 -0.284520 -0.121988 -0.181530 0.027161 0.072185 0.223693 -0.294111 -0.148180 0.113788 -0.237308 -0.086859 0.022556 -0.279290 -0.051266 -0.050907 -0.176034 0.093882 -0.115455 0.120645 -0.183689 0.234278 -0.226545 -0.196111 -0.200983 -0.021942 -0.228708 -0.190990 -0.100047 -0.033744 -0.013118 -0.030544 0.011213 -0.106740
0.004935 0.105593 -0.120705 1.000000 0.000705 0.437748 -0.108733 0.366738 -0.031955 0.221029 -0.121257 -0.158815 -0.344340 -0.102399 -0.089982 0.150754 -0.001481 -0.084606 0.057394 -0.146960 0.251912 0.159564 0.286483 0.243505 0.134503 0.305916 0.248751 0.402631 -0.477160 -0.188334 -0.024968 -0.047796 -0.237306 -0.067224 -0.141408 -0.102808 -0.155065 0.242752 0.008808 0.266143 -0.028919 0.026351 -0.201060 0.033806 -0.271252 -0.174180 -0.034867 0.074324 0.056854 -0.116832 -0.081763 0.045539 0.146974 -0.004415 0.101323 0.279752 0.210908 -0.049656 0.142033 0.163308 -0.191549 0.141130 -0.144053 -0.114016 0.001797 0.330293 -0.249233 -0.179670 0.057435 -0.160382 0.045756 0.135520 -0.184347 -0.043911 0.054770 0.030200 -0.161756 -0.040698 0.016406 -0.106830 0.164957 -0.031620 0.010120 -0.093607 0.297554 0.123094 0.138660 0.219456 0.247250 0.303818 0.018593 -0.188838 0.163842 -0.078722 -0.201997 -0.015253 -0.173431 0.201830 -0.020877 0.148999 0.217028 0.042638 -0.185825 -0.049863 -0.314171 -0.227666 -0.001166 0.050363 -0.166333 -0.132519 -0.051112 -0.025900 -0.007933 -0.010970 -0.038078 0.055713
0.244825 0.158249 0.070406 0.000705 1.000000 0.304477 0.326437 0.139368 0.321259 0.353130 0.141038 0.077413 0.007804 -0.065052 0.242903 -0.073567 -0.062720 -0.218544 0.146443 0.190065 0.265982 0.015698 0.082028 -0.033139 0.103727 0.025486 0.311325 0.016093 -0.027370 -0.070238 0.071566 -0.016632 0.014697 0.132215 -0.230397 0.050829 -0.305532 -0.106807 -0.444628 -0.387510 -0.139002 0.049970 -0.291294 -0.153352 0.192274 0.117704 -0.059986 -0.150540 0.064988 0.117850 -0.102088 -0.066847 0.189622 0.081590 0.006607 -0.089465 -0.004172 -0.077128 0.287417 -0.109698 0.317665 0.233996 -0.242932 -0.160997 0.329695 0.214531 -0.086314 -0.039898 -0.054786 -0.019748 0.171412 -0.042261 -0.146784 -0.044496 0.072993 0.293922 -0.232153 -0.302956 -0.180350 -0.332463 -0.180059 -0.228834 0.038286 0.004680 0.096350 -0.118632 0.085600 -0.265653 0.027186 -0.050803 0.086806 0.058899 0.068153 0.020159 -0.132961 -0.104261 -0.241101 -0.148089 0.004830 -0.015914 -0.073313 -0.111939 -0.273531 -0.120272 -0.230667 -0.166687 -0.222574 -0.047259 -0.033173 -0.151570 -0.289596 -0.189637 -0.006591 -0.320070 -0.256520 -0.113568
0.195008 -0.007350 0.105338 0.437748 0.304477 1.000000 0.004925 0.038390 0.294672 0.210512 0.084440 -0.313770 -0.335678 -0.448029 0.080965 0.121306 0.150566 -0.173409 0.190753 -0.045688 0.524373 0.480523 0.262360 0.243366 0.453204 0.251531 0.697503 0.638481 -0.440125 -0.278343 0.060776 -0.170117 -0.251988 -0.268232 -0.205733 -0.242136 -0.304099 0.247413 0.036001 0.108889 -0.138043 0.177644 -0.326024 -0.006959 -0.309816 -0.138274 -0.224918 -0.000927 0.072224 -0.225908 -0.018279 -0.089705 0.118465 -0.126524 0.349088 0.291344 0.168524 -0.084314 0.281883 -0.038476 -0.039497 -0.031160 -0.264425 -0.253563 0.062396 0.161647 -0.180379 -0.014857 0.058749 -0.085308 0.352847 0.292301 -0.231622 0.048354 0.157308 0.253280 -0.283201 -0.150788 -0.215028 -0.272364 0.008632 -0.259817 0.214786 -0.121312 0.416194 0.205510 0.280387 0.078006 0.315366 0.392254 -0.004088 0.002966 0.131840 -0.033658 -0.172437 -0.194444 -0.258440 0.047717 -0.179430 0.046054 0.161593 0.005302 -0.354204 0.132983 -0.237949 -0.018467 0.027540 0.057691 -0.235699 -0.354656 -0.270785 -0.097256 -0.039862 -0.105572 -0.174094 0.035354
0.390466 -0.191369 0.685234 -0.108733 0.326437 0.004925 1.000000 0.374106 0.263814 -0.058591 0.300045 0.234146 0.465901 0.142023 0.137330 -0.170529 0.078102 0.048516 0.018320 0.088928 -0.023032 -0.174308 0.359586 0.105665 -0.029751 -0.127854 0.067624 -0.044731 0.022777 -0.236507 0.192390 0.132432 0.219332 0.394010 0.045498 0.163968 -0.294804 -0.424157 -0.248195 -0.380019 -0.085910 -0.266337 -0.412443 -0.218946 0.164526 0.217716 -0.437441 -0.216122 -0.174401 0.064581 -0.020767 -0.351897 -0.325690 -0.295764 -0.187650 -0.233389 -0.125505 -0.230382 0.023768 -0.234110 0.508330 0.017274 -0.065289 -0.146458 0.644472 0.220305 -0.060375 0.239922 -0.213258 -0.175563 -0.011920 -0.088513 -0.129284 -0.290788 -0.094411 -0.155802 -0.014886 -0.300391 -0.026268 -0.070013 -0.252089 -0.265208 0.003937 0.017278 -0.251726 -0.304506 0.053519 -0.029802 0.005756 -0.447740 -0.089133 0.155126 -0.059823 0.007324 -0.140595 -0.205130 -0.299756 -0.220268 -0.222022 -0.009515 -0.160910 -0.022231 -0.204076 0.151932 -0.337064 -0.326696 -0.315628 -0.109886 -0.208017 -0.201374 -0.327516 -0.256197 -0.082762 -0.193147 -0.222735 -0.252965
0.153411 0.073124 0.005244 0.366738 0.139368 0.038390 0.374106 1.000000 -0.143552 0.443140 0.027579 0.441748 0.127278 0.493033 -0.096977 -0.106175 0.007762 0.085966 -0.217494 0.014963 0.073046 -0.138204 -0.047201 0.021552 -0.272653 -0.232565 -0.111684 -0.212014 -0.114088 0.144508 -0.001033 0.154287 0.118792 0.462346 -0.057796 0.304685 -0.344758 -0.276302 -0.299275 -0.232606 -0.097074 -0.092797 -0.205881 -0.145757 0.283088 0.372945 -0.260351 -0.345939 -0.309706 0.381515 -0.411659 -0.204473 -0.249376 -0.153842 -0.438779 -0.272462 0.110955 -0.211992 -0.085019 -0.101320 0.200262 0.441878 -0.025392 0.077909 0.182742 0.552833 -0.232825 0.116875 -0.126653 -0.129181 -0.100414 0.058647 -0.057337 -0.144560 -0.207772 -0.164369 -0.137708 -0.155666 -0.022324 -0.173252 -0.010622 -0.117365 0.026064 0.118443 -0.208851 -0.200365 -0.023886 -0.056141 -0.263895 -0.137443 0.033414 -0.075161 0.227967 -0.054406 -0.165439 -0.028023 -0.423919 -0.199715 -0.206715 -0.079770 0.020152 -0.089403 -0.029725 -0.113447 -0.294825 -0.248006 -0.169784 -0.039737 -0.171037 -0.191683 -0.278148 -0.165797 -0.024675 -0.061066 -0.064448 -0.105806
0.404693 0.158574 0.219742 -0.031955 0.321259 0.294672 0.263814 -0.143552 1.000000 0.102477 0.386888 -0.073555 0.248390 -0.079259 0.401426 0.260382 0.124508 -0.158226 0.264017 0.154562 0.114829 0.037955 0.140202 -0.208605 0.165016 -0.110142 0.232433 0.128333 0.079861 -0.164783 -0.087878 -0.306487 -0.184231 -0.112287 -0.254984 -0.217308 -0.292608 0.055848 -0.192573 -0.127553 -0.008662 -0.199846 -0.346027 -0.118311 -0.277048 -0.131422 -0.236775 -0.099179 0.164652 -0.317318 0.202422 -0.028671 0.061110 0.019953 0.065196 0.157449 -0.021966 0.099511 0.279357 -0.378569 0.424415 0.034891 -0.361557 -0.284221 0.361482 0.148155 -0.232895 -0.203467 0.225240 0.095583 0.191092 -0.041460 -0.109142 -0.108433 0.036047 0.129166 -0.191503 -0.105298 -0.046600 -0.087718 -0.177234 -0.106374 0.080110 -0.190999 0.092736 0.128215 0.148446 -0.200598 0.154727 0.100513 -0.026279 0.155427 0.064801 0.011099 -0.118455 -0.002406 -0.216823 0.023925 -0.157718 0.190880 -0.047851 0.025452 -0.350123 -0.032580 -0.055415 0.001539 -0.037731 0.018313 0.030334 0.034286 -0.227284 -0.235811 0.036325 -0.392469 -0.340802 -0.128720
0.043243 0.272409 -0.428275 0.221029 0.353130 0.210512 -0.058591 0.443140 0.102477 1.000000 -0.015276 0.269827 -0.099934 0.362203 0.124998 0.108719 0.038447 -0.113539 -0.076674 0.034403 0.285017 0.107639 -0.334890 -0.249317 -0.079263 -0.231735 -0.016664 -0.271816 0.029533 0.324282 -0.007697 0.084677 -0.177263 0.142806 -0.233976 0.117135 -0.221446 0.054379 -0.363109 -0.254802 -0.036300 0.077975 -0.069335 -0.106113 0.133354 0.117285 0.060839 -0.307768 -0.084065 0.288986 -0.350899 0.049560 0.136508 0.206548 -0.172662 -0.003699 0.073074 -0.168493 0.107914 -0.225107 0.135195 0.518814 -0.223219 0.048299 0.021610 0.438152 -0.329532 -0.284434 -0.018536 0.013335 0.219002 0.180913 0.056488 0.189665 -0.013233 0.269401 -0.180706 0.047230 -0.038890 -0.171825 0.110966 0.016337 0.025650 0.123850 0.034591 0.076692 -0.041571 -0.265274 -0.285019 0.218413 0.058240 -0.109485 0.286801 -0.068188 -0.068022 0.098737 -0.290197 -0.145494 -0.111010 -0.122301 0.034806 -0.109712 -0.131077 -0.207488 -0.136475 -0.088814 -0.046206 0.015395 0.045145 0.001649 -0.278259 -0.167593 -0.067674 -0.168379 -0.178831 -0.013335
0.595223 0.319586 0.174741 -0.121257 0.141038 0.084440 0.300045 0.027579 0.386888 -0.015276 1.000000 0.226571 0.607904 0.206700 0.362070 0.097593 0.360450 -0.001291 0.197445 0.234061 -0.013838 -0.029330 -0.147171 -0.248105 -0.075115 -0.393033 0.046371 -0.174570 0.246047 -0.058962 -0.037329 -0.162698 0.022735 0.081042 -0.378157 -0.220940 -0.274941 -0.282385 -0.184780 -0.292090 0.079184 -0.076416 -0.521721 -0.304984 -0.193454 -0.057102 -0.443195 -0.202244 0.147255 -0.110299 -0.173228 -0.072163 -0.063836 -0.192180 0.036014 -0.127139 0.108655 0.070340 0.147437 -0.151159 0.536092 0.143736 0.074329 0.055420 0.060944 0.110650 -0.203538 -0.222834 0.072875 -0.092965 0.132994 0.089747 0.123946 -0.023182 0.013084 0.069305 -0.073018 0.015036 -0.103468 0.011521 0.074573 -0.095558 0.301861 0.042312 -0.139114 -0.201615 0.213142 -0.120571 -0.182799 -0.008746 0.068337 0.155465 0.084830 0.063062 -0.243239 -0.146168 -0.279808 -0.268741 -0.225157 -0.008101 -0.188281 -0.021259 -0.161620 0.024315 -0.082303 0.018889 0.107836 0.012945 -0.188799 -0.160317 -0.316135 -0.307691 0.031931 -0.219604 -0.261714 -0.267544
0.148232 0.282451 -0.171964 -0.158815 0.077413 -0.313770 0.234146 0.441748 -0.073555 0.269827 0.226571 1.000000 0.494863 0.763141 0.149322 0.228603 0.119241 0.428904 -0.308390 0.106844 -0.156297 -0.261187 -0.310576 -0.247272 -0.449888 -0.441562 -0.421990 -0.545940 0.486604 0.546605 0.012603 0.224055 0.159333 0.373881 -0.128964 0.116612 0.026512 -0.373773 -0.278373 -0.254056 0.101766 0.073565 -0.162407 -0.302377 0.273662 0.191890 -0.139581 -0.361878 -0.014852 0.301402 -0.315173 0.011278 -0.064609 -0.005600 -0.381508 -0.405295 0.016170 -0.262644 -0.130731 -0.181022 0.328837 0.428634 0.258946 0.384588 -0.032010 0.282655 -0.290920 -0.269104 -0.288099 -0.242472 -0.093452 0.016553 0.400676 0.138796 0.033872 0.038098 0.116094 0.034463 0.146447 0.143125 0.050746 0.201249 0.010262 0.327802 -0.302616 -0.140117 -0.191718 -0.190677 -0.447915 -0.295733 -0.088689 -0.203279 0.156946 -0.030812 0.030981 -0.007864 -0.210274 -0.342931 -0.094464 -0.283295 -0.174288 -0.125054 0.197565 -0.142908 -0.177375 -0.238189 -0.309322 -0.250010 -0.116259 -0.084978 -0.328844 -0.322526 -0.063191 -0.071539 -0.186352 -0.344534
0.363546 0.159135 0.284086 -0.344340 0.007804 -0.335678 0.465901 0.127278 0.248390 -0.099934 0.607904 0.494863 1.000000 0.523173 0.203622 0.103271 0.157747 0.134185 -0.006373 0.118245 -0.385258 -0.348485 -0.142080 -0.322361 -0.273023 -0.475206 -0.352680 -0.448968 0.421775 0.089011 -0.106626 -0.075010 0.202907 0.214620 -0.109917 0.019231 -0.071698 -0.496970 -0.199201 -0.393586 0.060992 -0.263370 -0.219231 -0.265055 0.136121 0.156400 -0.311410 -0.254979 0.090915 0.182786 -0.037118 -0.061342 -0.198589 -0.111707 -0.255924 -0.359829 -0.134222 -0.072244 -0.011943 -0.104327 0.595795 0.206036 0.153050 0.140518 0.135065 0.117536 -0.061247 -0.139527 -0.079559 -0.083316 -0.098169 -0.163938 0.137839 -0.108978 -0.232093 -0.100800 0.021505 0.011994 0.186764 0.169561 -0.153649 0.007072 -0.032386 0.035729 -0.361306 -0.338327 -0.058194 -0.242239 -0.275673 -0.351846 -0.002164 0.106953 0.021439 0.082826 0.008428 -0.107118 -0.140645 -0.342598 -0.139067 -0.153796 -0.267898 0.017113 0.094867 -0.004214 0.010802 -0.075030 -0.111635 -0.155651 -0.126953 -0.000380 -0.295342 -0.327928 0.026657 -0.137860 -0.202285 -0.271945
0.108928 0.308530 -0.244224 -0.102399 -0.065052 -0.448029 0.142023 0.493033 -0.079259 0.362203 0.206700 0.763141 0.523173 1.000000 0.125402 0.235315 0.032927 0.276302 -0.379809 -0.041559 -0.263649 -0.368721 -0.326083 -0.344393 -0.455720 -0.529550 -0.508042 -0.666259 0.429084 0.501427 -0.108595 0.141151 0.149933 0.428984 -0.092719 0.212228 0.064100 -0.358417 -0.292302 -0.285109 0.144689 -0.125611 -0.070336 -0.227015 0.237433 0.222063 -0.085581 -0.326867 -0.053474 0.432681 -0.380851 0.065343 -0.113515 0.052051 -0.432680 -0.352410 -0.077544 -0.190240 -0.103823 -0.157019 0.345797 0.630084 0.212093 0.399184 -0.040295 0.442675 -0.258266 -0.280904 -0.257335 -0.160497 -0.248126 -0.101049 0.278397 -0.020162 -0.140703 -0.080525 0.021807 0.126987 0.260176 0.103771 0.016640 0.163295 -0.036013 0.168601 -0.410395 -0.289305 -0.154976 -0.258497 -0.511477 -0.229824 0.038066 -0.106483 0.204398 -0.068224 0.067952 0.101540 -0.154862 -0.249617 -0.012559 -0.110134 -0.137207 -0.076004 0.162529 -0.134559 0.029083 -0.102230 -0.199773 -0.154068 -0.009920 0.045416 -0.198094 -0.243041 -0.042433 -0.061508 -0.131443 -0.215072
0.349504 0.194534 -0.069988 -0.089982 0.242903 0.080965 0.137330 -0.096977 0.401426 0.124998 0.362070 0.149322 0.203622 0.125402 1.000000 0.318255 0.000682 -0.008100 0.242826 0.288031 0.046283 -0.128097 0.011146 0.008600 0.078733 -0.311516 0.148753 -0.143827 0.373633 0.170610 0.107204 -0.002466 -0.008916 0.205468 -0.144145 -0.177834 -0.069662 0.093497 -0.250408 -0.151521 0.188859 -0.088347 -0.214620 -0.162097 -0.159334 -0.040614 -0.037725 -0.040766 -0.055848 -0.108031 -0.093126 0.026454 0.033822 0.107357 0.052846 -0.054267 -0.147696 -0.151122 0.058292 -0.271045 0.245340 0.157869 -0.105799 -0.093540 0.190199 0.032224 -0.217420 -0.303127 -0.043273 -0.113270 0.141314 -0.049450 0.086072 0.003461 0.018693 0.194935 -0.110915 0.008777 -0.158444 -0.001495 -0.066965 -0.136559 0.457343 0.272676 0.140571 -0.007578 0.283936 -0.101624 -0.060561 -0.053039 -0.171844 0.014272 -0.073922 -0.003092 -0.017775 0.108760 -0.072690 -0.013585 -0.083932 -0.068348 -0.170216 -0.233033 -0.270736 -0.181068 -0.228356 -0.099977 -0.072258 0.045946 0.129544 0.042674 -0.110256 -0.300575 -0.145331 -0.288357 -0.329662 -0.255256
0.153461 0.347438 -0.256164 0.150754 -0.073567 0.121306 -0.170529 -0.106175 0.260382 0.108719 0.097593 0.228603 0.103271 0.235315 0.318255 1.000000 0.006956 0.088803 -0.063001 -0.159723 0.124550 0.022894 -0.089639 -0.240285 -0.094832 -0.176618 0.024594 0.024660 0.285563 0.217162 -0.177164 -0.243815 -0.142281 -0.068793 -0.253074 -0.255489 0.139480 0.254461 0.061330 0.221400 0.290721 0.143635 -0.078021 -0.235447 -0.301234 -0.325121 0.082230 -0.162768 0.160850 -0.203017 -0.010730 0.078280 0.210906 0.124546 0.184547 0.134289 0.060094 -0.075577 0.144171 0.007219 0.156597 0.268176 0.160528 0.237056 -0.186940 0.024134 -0.150277 -0.431833 -0.004128 -0.128929 0.001918 -0.112554 0.183939 0.041396 0.068276 0.110406 -0.034950 0.134312 0.015679 0.075521 0.029513 0.103513 0.112554 0.151123 0.102163 0.082208 0.000321 0.003771 0.084815 0.210397 -0.132235 -0.220403 0.055015 -0.045295 -0.013093 0.212639 0.131928 0.061014 0.011358 -0.011419 -0.008850 0.028510 0.042541 -0.062110 -0.044872 -0.033885 0.101919 -0.075640 0.165854 0.107631 -0.077959 -0.148543 0.066094 -0.127637 -0.203957 -0.074680
0.166614 0.049133 0.095042 -0.001481 -0.062720 0.150566 0.078102 0.007762 0.124508 0.038447 0.360450 0.119241 0.157747 0.032927 0.000682 0.006956 1.000000 0.528760 0.047431 -0.044738 0.214483 0.357274 -0.152382 -0.271519 0.098856 -0.214422 0.058321 -0.094540 0.312571 0.337335 0.188000 0.059956 -0.058780 -0.083672 -0.277507 -0.146022 0.153275 -0.002339 0.091345 -0.050902 0.339963 0.066199 -0.354189 -0.053485 -0.094268 -0.013012 -0.408270 -0.177537 -0.112489 -0.005151 -0.271374 -0.122328 -0.056608 -0.273962 -0.013660 -0.180358 0.390114 0.101643 -0.201022 -0.157402 0.174968 -0.138629 0.330477 0.292193 -0.025376 -0.049660 -0.255128 -0.215075 -0.043437 -0.284741 0.453751 0.306368 0.558928 0.444939 0.377618 0.270150 0.362981 0.154564 0.223524 0.341298 0.502934 0.381855 0.007117 -0.014253 0.146227 0.149908 -0.008601 -0.152685 -0.292544 -0.011488 -0.328359 -0.251083 -0.207511 -0.344142 -0.132000 -0.143223 -0.382195 -0.257084 -0.439837 -0.060045 -0.093617 -0.017083 -0.246629 0.046225 -0.283783 -0.133839 -0.163795 0.068757 -0.326830 -0.137742 -0.429261 -0.298775 -0.071663 -0.089231 -0.162417 -0.151396
-0.034341 -0.038435 -0.028240 -0.084606 -0.218544 -0.173409 0.048516 0.085966 -0.158226 -0.113539 -0.001291 0.428904 0.134185 0.276302 -0.008100 0.088803 0.528760 1.000000 -0.212568 -0.071677 0.017551 0.066984 -0.124659 -0.073429 -0.155970 -0.173483 -0.223557 -0.236760 0.414851 0.525589 0.119265 0.228942 0.126519 0.039044 -0.011865 0.023467 0.392007 -0.088672 0.020355 0.070896 0.340650 0.081290 -0.176433 -0.080645 0.059169 0.037785 -0.224775 -0.146492 -0.142342 0.138278 -0.232836 -0.080699 -0.143036 -0.244622 -0.291765 -0.334538 0.076882 -0.191500 -0.387608 -0.093822 0.081558 -0.081495 0.565552 0.489730 -0.050905 -0.068959 -0.240539 -0.182210 -0.257637 -0.386397 0.171066 0.173152 0.618304 0.339109 0.319773 0.124920 0.333450 0.206093 0.443413 0.540105 0.430758 0.574833 -0.047247 0.149394 0.012969 0.059156 -0.131032 -0.053697 -0.232313 -0.252684 -0.307072 -0.237511 -0.124182 -0.249672 0.105279 -0.064501 -0.174410 -0.277394 -0.235128 -0.212507 -0.048958 -0.131107 -0.050696 0.005059 -0.204183 -0.261802 -0.364912 -0.127402 -0.249895 -0.017822 -0.193714 -0.122874 -0.058557 0.015858 -0.214064 -0.350097
0.397030 0.286854 0.108714 0.057394 0.146443 0.190753 0.018320 -0.217494 0.264017 -0.076674 0.197445 -0.308390 -0.006373 -0.379809 0.242826 -0.063001 0.047431 -0.212568 1.000000 0.569371 0.083886 -0.037948 0.013736 0.041266 0.091667 -0.056479 0.203959 0.053831 0.002651 -0.224251 -0.146254 -0.289488 0.028433 -0.171283 -0.164722 -0.243919 -0.386168 0.155587 -0.081138 -0.146716 -0.270473 -0.044213 -0.070841 -0.155382 -0.170390 -0.183603 0.044252 -0.059936 -0.028623 -0.224289 0.100111 -0.131167 0.042305 0.113121 0.100326 0.058575 0.201390 0.352041 0.190323 0.049119 0.153570 -0.067928 -0.165254 -0.192100 0.088581 -0.150044 0.125836 -0.142765 0.471425 0.247299 0.274708 -0.172900 -0.094154 0.003244 0.013460 0.056107 -0.141482 -0.181762 -0.154827 -0.113779 -0.224150 -0.173713 0.257830 0.000366 0.117262 -0.036734 0.117104 -0.071470 0.191062 0.066731 0.066860 0.102633 0.092551 0.059757 -0.230207 0.078320 -0.081075 0.068249 -0.019082 0.074719 0.036290 0.016496 0.035520 -0.082653 -0.035316 -0.098415 0.081679 0.125823 0.125292 0.214087 -0.021844 -0.024336 0.167193 -0.163222 -0.070925 0.062995
0.321266 0.339652 -0.069983 -0.146960 0.190065 -0.045688 0.088928 0.014963 0.154562 0.034403 0.234061 0.106844 0.118245 -0.041559 0.288031 -0.159723 -0.044738 -0.071677 0.569371 1.000000 -0.033062 -0.252974 -0.240599 -0.009888 -0.238072 -0.312648 0.037121 -0.243034 0.255747 -0.011158 -0.113886 -0.154082 0.086155 0.089037 -0.166038 -0.126492 -0.368589 0.072006 -0.249052 -0.302674 -0.219616 0.042118 -0.086768 -0.203646 -0.017042 -0.047971 -0.107127 -0.079597 -0.130180 -0.089610 -0.193073 -0.115113 -0.097584 -0.057888 -0.282056 -0.170972 0.033018 0.290180 0.090932 0.036629 0.194283 0.066515 -0.081795 -0.057903 0.014429 -0.132145 0.003634 -0.075640 0.325933 0.444740 0.208655 -0.159404 0.027326 -0.037473 0.022866 0.052548 -0.008664 -0.087799 -0.211097 -0.055480 -0.167361 -0.111125 0.340289 0.364487 -0.187739 -0.202457 -0.045177 -0.219406 -0.226449 -0.134718 0.266822 0.210203 0.083336 -0.079306 -0.230443 0.056206 -0.277220 -0.055783 -0.004423 -0.000215 -0.028760 -0.254732 0.022385 -0.199678 0.084345 0.050014 0.024743 0.175910 0.090702 0.149819 0.044345 -0.000270 0.104782 -0.073077 -0.030834 -0.052396
-0.000885 0.006358 -0.026527 0.251912 0.265982 0.524373 -0.023032 0.073046 0.114829 0.285017 -0.013838 -0.156297 -0.385258 -0.263649 0.046283 0.124550 0.214483 0.017551 0.083886 -0.033062 1.000000 0.500645 0.078402 0.081184 0.182894 0.187805 0.522286 0.310224 -0.234648 -0.014307 0.283201 0.136640 -0.223435 -0.175550 -0.170099 -0.160627 -0.066683 0.294836 -0.084991 0.065971 0.055014 0.182802 -0.210873 0.019689 -0.208562 -0.113557 -0.128001 -0.118588 -0.144713 -0.115895 -0.109896 -0.133178 0.029750 -0.054730 0.151737 0.122401 0.176084 -0.075332 -0.041809 -0.113969 0.002126 -0.025062 -0.027818 0.052359 0.103873 0.015939 -0.259088 -0.022478 -0.072297 -0.216310 0.528578 0.453622 0.046001 0.220357 0.293393 0.409346 -0.017125 0.064054 -0.122755 -0.151924 0.208961 -0.008969 0.072380 0.083805 0.232523 0.178147 -0.002967 0.052431 0.093502 0.181067 -0.034359 -0.058196 0.090272 -0.189834 -0.267865 -0.140643 -0.269030 -0.100182 -0.149539 -0.061121 -0.080354 -0.063654 -0.286281 0.100368 -0.262926 -0.097207 0.008656 0.126786 -0.171861 -0.255895 -0.169170 -0.028757 0.016764 -0.088491 -0.123247 0.014610
-0.087511 -0.201821 0.079634 0.159564 0.015698 0.480523 -0.174308 -0.138204 0.037955 0.107639 -0.029330 -0.261187 -0.348485 -0.368721 -0.128097 0.022894 0.357274 0.066984 -0.037948 -0.252974 0.500645 1.000000 0.015147 -0.127000 0.364741 0.250445 0.390415 0.338702 -0.189214 0.067081 0.204859 0.106134 -0.254234 -0.377028 -0.070100 -0.082078 0.245113 0.196777 0.202053 0.280688 0.235172 0.252411 -0.067324 0.170852 -0.169986 -0.083611 -0.196497 -0.011215 0.030450 -0.205934 0.071324 -0.011346 -0.030145 -0.131838 0.245509 0.050306 0.155822 -0.080858 -0.166786 -0.103575 -0.195465 -0.336098 -0.030010 -0.043635 -0.037722 -0.109220 -0.136557 0.054171 -0.001258 -0.263082 0.369236 0.438516 0.205627 0.430555 0.326381 0.419733 0.182653 0.362752 0.016668 0.060659 0.390270 0.206530 -0.145331 -0.161231 0.285813 0.420217 -0.029796 0.037108 -0.010183 0.219954 -0.133294 -0.181692 -0.112566 -0.233172 0.207514 -0.185565 -0.175898 -0.087732 -0.255870 -0.100821 0.048869 0.163468 -0.247027 0.156553 -0.228586 -0.055508 -0.099596 0.189655 -0.295170 -0.194173 -0.148495 -0.032569 -0.107026 0.157802 0.041457 0.143427
-0.014692 -0.367574 0.513119 0.286483 0.082028 0.262360 0.359586 -0.047201 0.140202 -0.334890 -0.147171 -0.310576 -0.142080 -0.326083 0.011146 -0.089639 -0.152382 -0.124659 0.013736 -0.240599 0.078402 0.015147 1.000000 0.596591 0.439279 0.646432 0.308917 0.619380 -0.502316 -0.513083 0.411491 0.297051 -0.027378 0.054399 0.224732 -0.004308 -0.128229 -0.081588 0.057672 0.091621 -0.137065 -0.199636 -0.173653 0.039666 -0.211442 -0.114362 -0.124837 0.190023 0.091702 -0.307470 0.319965 -0.066425 0.000560 -0.077222 0.204941 0.131224 -0.210742 -0.186670 0.158764 -0.153754 -0.117694 -0.279432 -0.292628 -0.386275 0.550968 0.075457 -0.020926 0.166546 -0.238973 -0.292197 -0.118524 0.103784 -0.475008 -0.368422 -0.038832 -0.048010 -0.172192 -0.230367 -0.017361 -0.140359 -0.225235 -0.281570 -0.084039 -0.206601 0.213179 0.000493 0.253226 0.338035 0.573600 -0.121171 -0.018864 0.104410 -0.036372 0.158730 0.079801 -0.336665 0.115072 0.112986 0.164383 0.178559 0.001684 0.191427 -0.132924 0.222975 -0.287231 -0.318931 -0.238842 -0.163066 -0.143783 -0.280600 -0.001588 0.068324 0.050056 0.003329 -0.043974 -0.137971
-0.152646 -0.380897 0.175588 0.243505 -0.033139 0.243366 0.105665 0.021552 -0.208605 -0.249317 -0.248105 -0.247272 -0.322361 -0.344393 0.008600 -0.240285 -0.271519 -0.073429 0.041266 -0.009888 0.081184 -0.127000 0.596591 1.000000 0.259906 0.476230 0.318316 0.516224 -0.493903 -0.411294 0.298722 0.356441 -0.010341 0.076242 0.228891 0.078965 -0.123064 0.062734 -0.035824 0.092664 -0.268874 -0.058667 -0.007545 0.115320 -0.056567 0.016638 0.033232 0.353001 -0.165201 -0.191189 0.093923 -0.192670 -0.067078 -0.206969 0.084589 0.065724 -0.263629 -0.256040 -0.026792 0.000551 -0.287793 -0.247445 -0.068163 -0.236525 0.289321 -0.033536 0.046105 0.333483 -0.196751 -0.129292 -0.078575 0.187398 -0.450002 -0.359352 -0.079542 -0.109941 -0.264959 -0.237641 -0.151618 -0.271305 -0.118859 -0.304265 0.165288 0.124238 0.274131 0.045747 0.302710 0.399056 0.427268 0.000904 0.105420 0.151170 -0.003441 0.211567 -0.104580 -0.318223 0.083325 0.068176 0.174870 0.044277 0.085210 0.005334 -0.102404 0.089412 -0.175568 -0.132376 -0.106253 -0.196585 -0.113097 -0.349301 0.170542 0.193048 -0.053346 0.058447 0.072479 -0.143433
-0.039003 -0.324400 0.222203 0.134503 0.103727 0.453204 -0.029751 -0.272653 0.165016 -0.079263 -0.075115 -0.449888 -0.273023 -0.455720 0.078733 -0.094832 0.098856 -0.155970 0.091667 -0.238072 0.182894 0.364741 0.439279 0.259906 1.000000 0.522135 0.438297 0.452054 -0.376512 -0.279516 0.365097 0.141727 -0.292799 -0.191714 0.120790 -0.023142 -0.072218 0.163877 0.173947 0.055666 -0.209730 -0.063562 0.024024 0.271389 -0.211849 0.034364 0.002433 0.330768 -0.083260 -0.218794 0.210094 -0.151807 0.061715 -0.058127 0.382874 0.288901 -0.156872 -0.126458 -0.055378 -0.222178 -0.241526 -0.308582 -0.403662 -0.402245 0.264815 -0.016667 -0.116723 0.174455 0.022552 -0.036982 0.306794 0.183755 -0.261574 -0.062016 0.063704 0.203536 -0.097534 -0.060194 -0.053928 -0.092810 -0.015856 -0.117181 0.069568 -0.356431 0.566228 0.352446 0.157992 0.067784 0.370841 0.106231 -0.227615 -0.022332 -0.082622 -0.002057 0.087985 -0.213772 0.062895 0.285492 -0.108273 0.082701 -0.021002 0.252443 -0.290520 0.166339 -0.125454 -0.050511 -0.065900 0.030874 -0.077872 -0.062784 0.146619 0.013915 -0.098864 -0.015799 -0.150796 0.109988
-0.247833 -0.331170 0.161545 0.305916 0.025486 0.251531 -0.127854 -0.232565 -0.110142 -0.231735 -0.393033 -0.441562 -0.475206 -0.529550 -0.311516 -0.176618 -0.214422 -0.173483 -0.056479 -0.312648 0.187805 0.250445 0.646432 0.476230 0.522135 1.000000 0.316154 0.662792 -0.635393 -0.488719 0.276037 0.240297 -0.231297 -0.263634 0.124316 -0.107313 0.008942 0.165289 0.135921 0.225966 -0.276978 0.035650 0.112650 0.314338 -0.163203 -0.156456 0.174296 0.411982 0.197413 -0.283471 0.387548 0.100538 0.150160 0.057422 0.314265 0.360622 -0.169168 -0.146304 0.103938 -0.002558 -0.340428 -0.347439 -0.323408 -0.375619 0.214444 0.021863 0.018891 0.176015 -0.113790 -0.113741 0.030911 0.213688 -0.440057 -0.218157 0.099852 0.086582 -0.157750 -0.152440 -0.028929 -0.220590 -0.124646 -0.085443 -0.259277 -0.418321 0.356514 0.239732 0.066859 0.302550 0.577970 0.050637 -0.001829 0.061000 -0.001343 0.127060 0.126843 -0.298854 0.267066 0.307270 0.236162 0.133108 0.000959 0.241223 -0.081658 0.267110 -0.067625 -0.151119 -0.148251 -0.109979 -0.074622 -0.184421 0.189452 0.186752 0.023979 0.095520 0.081158 0.084782
0.091593 -0.079818 0.219180 0.248751 0.311325 0.697503 0.067624 -0.111684 0.232433 -0.016664 0.046371 -0.421990 -0.352680 -0.508042 0.148753 0.024594 0.058321 -0.223557 0.203959 0.037121 0.522286 0.390415 0.308917 0.318316 0.438297 0.316154 1.000000 0.608747 -0.345356 -0.360318 0.169361 -0.064719 -0.122989 -0.160343 -0.175129 -0.260050 -0.212662 0.193392 0.001562 -0.016377 -0.099104 0.095359 -0.317957 0.053170 -0.335935 -0.150204 -0.231402 0.104710 -0.039661 -0.304806 -0.007557 -0.118156 -0.000627 -0.213737 0.286523 0.231508 0.035156 0.035732 0.175208 0.065846 -0.028868 -0.138767 -0.209853 -0.216161 0.171516 -0.006214 -0.082131 0.102356 0.000892 0.002990 0.347554 0.256510 -0.258983 -0.088314 0.076725 0.221448 -0.229961 -0.177423 -0.331461 -0.233186 -0.078193 -0.274643 0.175162 -0.152753 0.365759 0.029569 0.305419 0.116296 0.393359 0.207782 0.063383 0.128506 0.014070 -0.102520 -0.130867 -0.217571 -0.155438 0.036848 -0.147097 0.133557 -0.031729 0.022740 -0.386847 0.140909 -0.137575 0.073650 0.091591 0.117916 -0.104146 -0.329607 -0.128493 0.012003 -0.097338 -0.166762 -0.139826 -0.010534
-0.011886 -0.216332 0.302353 0.402631 0.016093 0.638481 -0.044731 -0.212014 0.128333 -0.271816 -0.174570 -0.545940 -0.448968 -0.666259 -0.143827 0.024660 -0.094540 -0.236760 0.053831 -0.243034 0.310224 0.338702 0.619380 0.516224 0.452054 0.662792 0.608747 1.000000 -0.653902 -0.583505 0.131267 -0.070228 -0.164836 -0.297789 0.036634 -0.281258 -0.112316 0.254207 0.230763 0.356450 -0.152102 0.105003 -0.140218 0.128100 -0.432290 -0.311621 -0.052003 0.241706 0.202127 -0.485252 0.362985 -0.037226 0.157848 -0.091260 0.502326 0.394894 0.041933 0.041271 0.278780 0.035203 -0.293941 -0.387392 -0.289610 -0.415438 0.126366 -0.065894 0.104135 0.155153 0.046548 -0.077297 0.031222 0.257396 -0.456354 -0.201437 0.011586 0.019453 -0.295059 -0.228004 -0.192078 -0.270095 -0.089633 -0.282922 -0.013664 -0.288113 0.431385 0.282611 0.266168 0.395231 0.639398 0.349116 0.011050 0.017278 -0.029680 0.096170 -0.032463 -0.202293 0.131315 0.263137 0.047301 0.197486 0.125225 0.073575 -0.257331 0.194382 -0.173203 -0.016399 0.041253 -0.043696 -0.056495 -0.311685 0.031841 0.104166 -0.008323 0.082730 0.030367 0.057990
0.106928 0.253210 -0.196661 -0.477160 -0.027370 -0.440125 0.022777 -0.114088 0.079861 0.029533 0.246047 0.486604 0.421775 0.429084 0.373633 0.285563 0.312571 0.414851 0.002651 0.255747 -0.234648 -0.189214 -0.502316 -0.493903 -0.376512 -0.635393 -0.345356 -0.653902 1.000000 0.681055 -0.099374 -0.026243 0.252629 0.301238 -0.247426 0.071274 0.273664 -0.095148 -0.063245 -0.152324 0.433187 0.123863 -0.086796 -0.122673 0.144552 0.120687 -0.131339 -0.139684 -0.176478 0.237001 -0.358349 0.008618 -0.147955 0.021835 -0.342827 -0.377151 0.006852 0.022604 -0.236165 -0.040779 0.278612 0.115500 0.420844 0.404271 -0.219832 -0.169973 -0.105627 -0.274114 -0.028635 -0.047976 0.057074 -0.242197 0.709571 0.360119 0.221852 0.069545 0.456520 0.288496 0.155219 0.463030 0.243157 0.430288 0.165130 0.397001 -0.224092 -0.134986 -0.162581 -0.335529 -0.494439 -0.366286 -0.239337 -0.278759 -0.186701 -0.288632 0.023519 0.297294 -0.115830 -0.194927 -0.279851 -0.159049 -0.196620 -0.204254 0.082430 -0.241053 0.014613 0.019523 -0.055871 0.055071 0.130922 0.254662 -0.122838 -0.262011 -0.095376 -0.138014 -0.140628 -0.194210
-0.168636 0.188802 -0.440760 -0.188334 -0.070238 -0.278343 -0.236507 0.144508 -0.164783 0.324282 -0.058962 0.546605 0.089011 0.501427 0.170610 0.217162 0.337335 0.525589 -0.224251 -0.011158 -0.014307 0.067081 -0.513083 -0.411294 -0.279516 -0.488719 -0.360318 -0.583505 0.681055 1.000000 0.015045 0.219805 0.128072 0.231700 -0.052612 0.141986 0.373929 0.034726 -0.083146 -0.046949 0.425089 0.312066 0.143897 -0.021079 0.228209 0.120994 0.113467 -0.194048 -0.239680 0.277500 -0.395963 0.010222 -0.048784 0.114634 -0.307672 -0.373970 0.089957 -0.092835 -0.325724 -0.157885 -0.014681 0.180496 0.371025 0.497823 -0.284530 -0.075669 -0.155277 -0.302165 -0.114876 -0.252398 0.094313 0.036801 0.716061 0.603553 0.293597 0.248299 0.382357 0.352751 0.277061 0.405905 0.434344 0.582094 0.023146 0.395432 -0.002532 0.141416 -0.208044 -0.244474 -0.549744 -0.144118 -0.307485 -0.507846 -0.129148 -0.312882 0.107331 0.132628 -0.126117 -0.190466 -0.255801 -0.307216 -0.027140 -0.112227 0.173412 -0.299821 -0.147982 -0.120607 -0.200835 -0.004828 0.034429 0.056891 -0.141917 -0.139693 -0.098765 -0.036300 -0.043484 -0.040753
-0.340652 -0.388680 0.252597 -0.024968 0.071566 0.060776 0.192390 -0.001033 -0.087878 -0.007697 -0.037329 0.012603 -0.106626 -0.108595 0.107204 -0.177164 0.188000 0.119265 -0.146254 -0.113886 0.283201 0.204859 0.411491 0.298722 0.365097 0.276037 0.169361 0.131267 -0.099374 0.015045 1.000000 0.823075 -0.044877 0.143677 0.143247 0.096032 0.107693 -0.189237 -0.009014 -0.109668 0.060621 -0.025884 -0.015286 0.086813 0.080078 0.101243 -0.053176 0.078221 -0.210421 -0.056745 0.061500 -0.110449 -0.076991 -0.076355 0.013899 -0.096323 -0.243543 -0.296248 -0.326693 -0.298892 -0.215573 -0.249989 -0.102635 -0.014241 0.374227 -0.047863 -0.220959 0.172860 -0.462409 -0.395237 0.244882 0.432825 0.033106 0.128461 0.218882 0.259336 0.160666 0.068963 0.081672 -0.019619 0.171638 -0.013122 -0.085952 0.091178 0.123851 0.108865 -0.078896 -0.007109 0.021359 -0.233858 -0.210468 -0.127440 -0.198574 -0.097569 0.071789 -0.411042 -0.073375 -0.244789 -0.075700 -0.198015 -0.107235 0.110601 -0.063038 0.071908 -0.364281 -0.281186 -0.276500 -0.138143 -0.226846 -0.306743 -0.105571 -0.043833 -0.159350 0.072250 -0.036431 -0.172075
-0.409475 -0.391439 0.086317 -0.047796 -0.016632 -0.170117 0.132432 0.154287 -0.306487 0.084677 -0.162698 0.224055 -0.075010 0.141151 -0.002466 -0.243815 0.059956 0.228942 -0.289488 -0.154082 0.136640 0.106134 0.297051 0.356441 0.141727 0.240297 -0.064719 -0.070228 -0.026243 0.219805 0.823075 1.000000 -0.041828 0.252634 0.236424 0.264790 0.220469 -0.264489 -0.133757 -0.125393 0.092215 -0.006251 0.105899 0.081769 0.244372 0.196812 0.024152 0.074078 -0.262083 0.120783 -0.048086 -0.090337 -0.153527 -0.043092 -0.208180 -0.313939 -0.314835 -0.402091 -0.401919 -0.275982 -0.225037 -0.157841 0.067707 0.126608 0.305591 -0.001126 -0.188340 0.169662 -0.559760 -0.460689 0.048379 0.395261 0.113025 0.129947 0.170316 0.182766 0.127206 0.164676 0.159583 0.001792 0.218221 0.128979 -0.176657 0.212551 0.016978 0.063380 -0.154893 0.045556 -0.081247 -0.295368 -0.132378 -0.175794 -0.161721 -0.102602 0.160619 -0.399668 -0.051543 -0.325597 -0.005994 -0.289376 -0.040575 0.074516 0.094281 -0.025358 -0.312024 -0.295423 -0.355972 -0.208411 -0.217302 -0.332026 -0.093189 -0.013806 -0.205450 0.091696 -0.015206 -0.210765
0.111713 0.080386 0.117564 -0.237306 0.014697 -0.251988 0.219332 0.118792 -0.184231 -0.177263 0.022735 0.159333 0.202907 0.149933 -0.008916 -0.142281 -0.058780 0.126519 0.028433 0.086155 -0.223435 -0.254234 -0.027378 -0.010341 -0.292799 -0.231297 -0.122989 -0.164836 0.252629 0.128072 -0.044877 -0.041828 1.000000 0.522609 0.023035 0.138343 0.010702 -0.283148 -0.146540 -0.207200 0.026066 -0.112799 -0.111349 -0.169134 0.143937 0.126388 -0.046132 -0.116709 -0.068535 0.179446 -0.158809 -0.064244 -0.235640 -0.139620 -0.157946 -0.209439 0.048718 0.111995 -0.046712 0.175750 0.162344 0.134518 0.156366 0.130107 -0.054775 -0.024662 0.164822 0.075942 -0.006353 -0.033401 -0.233927 -0.170460 0.097986 -0.049743 -0.073861 -0.231783 0.189949 -0.164580 -0.091832 0.190537 -0.141523 -0.011843 0.004898 0.032427 -0.214572 -0.435013 0.121314 0.159263 -0.071093 -0.390660 0.001473 -0.090568 -0.036728 -0.044850 0.092007 0.002894 0.143192 -0.099279 0.036185 0.031330 -0.141198 -0.077507 0.099244 -0.135334 -0.012848 -0.091997 -0.068046 -0.129541 0.135469 -0.139867 -0.052472 -0.075448 0.041396 -0.107531 0.045356 -0.206599
0.091260 0.064662 0.049030 -0.067224 0.132215 -0.268232 0.394010 0.462346 -0.112287 0.142806 0.081042 0.373881 0.214620 0.428984 0.205468 -0.068793 -0.083672 0.039044 -0.171283 0.089037 -0.175550 -0.377028 0.054399 0.076242 -0.191714 -0.263634 -0.160343 -0.297789 0.301238 0.231700 0.143677 0.252634 0.522609 1.000000 -0.072783 0.416411 -0.154710 -0.260734 -0.304006 -0.355691 0.112737 -0.089986 -0.240200 -0.085012 0.239209 0.419396 -0.189983 -0.066452 -0.370176 0.379368 -0.394942 -0.204190 -0.366838 -0.109058 -0.390091 -0.275806 -0.117062 -0.197084 -0.190292 -0.196111 0.244846 0.270722 -0.014516 0.004237 0.193126 0.224283 -0.192861 0.114007 -0.185399 -0.162951 -0.252301 -0.141520 0.100580 -0.170784 -0.090253 -0.161898 0.102536 -0.053925 -0.067489 0.033631 0.016199 0.026133 0.146953 0.256032 -0.202344 -0.303912 0.080631 -0.011578 -0.235390 -0.432217 -0.087412 -0.123089 0.000521 -0.062770 -0.027704 0.063222 -0.079780 -0.074656 -0.152924 -0.051645 -0.161827 -0.174738 -0.055369 -0.210257 -0.218724 -0.214663 -0.175438 -0.114013 0.080051 -0.155859 -0.091305 -0.246255 -0.094889 -0.178477 -0.115462 -0.269814
-0.271339 -0.410111 0.136017 -0.141408 -0.230397 -0.205733 0.045498 -0.057796 -0.254984 -0.233976 -0.378157 -0.128964 -0.109917 -0.092719 -0.144145 -0.253074 -0.277507 -0.011865 -0.164722 -0.166038 -0.170099 -0.070100 0.224732 0.228891 0.120790 0.124316 -0.175129 0.036634 -0.247426 -0.052612 0.143247 0.236424 0.023035 -0.072783 1.000000 0.364572 0.141653 -0.074128 0.200440 0.118991 -0.077111 -0.149071 0.406451 -0.017458 0.125209 0.020849 0.255501 -0.006997 -0.073186 -0.064986 0.298967 -0.112931 -0.042013 0.046964 -0.034571 -0.138093 -0.201831 -0.082799 -0.049881 -0.011941 -0.270324 -0.128409 -0.030688 -0.031077 0.176199 -0.151960 0.347894 0.294458 -0.132517 -0.059884 -0.263324 -0.138785 -0.192605 -0.114144 -0.220269 -0.308098 -0.037640 -0.016578 0.015942 -0.024436 -0.179542 -0.121524 -0.139314 0.057303 0.057178 0.122599 -0.057825 0.230120 0.199672 -0.037923 -0.074010 0.042581 -0.125752 0.072534 0.188784 -0.132757 0.186232 0.062256 0.104630 -0.123168 0.107813 -0.029821 0.230457 -0.081148 0.002885 -0.051071 -0.078264 0.028055 0.003903 0.063050 0.227001 0.194120 -0.042726 0.074065 0.298017 0.221649
-0.265799 -0.321334 -0.086335 -0.102808 0.050829 -0.242136 0.163968 0.304685 -0.217308 0.117135 -0.220940 0.116612 0.019231 0.212228 -0.177834 -0.255489 -0.146022 0.023467 -0.243919 -0.126492 -0.160627 -0.082078 -0.004308 0.078965 -0.023142 -0.107313 -0.260050 -0.281258 0.071274 0.141986 0.096032 0.264790 0.138343 0.416411 0.364572 1.000000 -0.016155 -0.261487 -0.175968 -0.158055 0.056881 -0.086712 0.055737 0.048360 0.539020 0.685810 -0.115053 -0.060870 -0.391224 0.548937 -0.215418 -0.248393 -0.396853 -0.092041 -0.446055 -0.327484 -0.299618 -0.336932 -0.288809 -0.158626 0.084217 0.082134 0.044964 -0.039803 0.288306 0.164813 -0.074242 0.495840 -0.187554 -0.097855 -0.269366 -0.139809 0.040023 -0.019089 -0.087500 -0.253761 0.101136 0.107054 0.066739 0.121485 0.060856 0.097510 -0.127521 0.171070 -0.175670 -0.039093 -0.077265 -0.032809 -0.135500 -0.320543 0.005843 0.002221 -0.002165 0.073807 0.160474 0.016893 -0.136788 -0.190239 -0.135179 -0.170672 0.071727 -0.004006 -0.004830 -0.100123 -0.031918 -0.170130 -0.119990 0.095272 -0.143832 0.010494 0.071476 0.024483 -0.106560 -0.064055 0.147804 0.021235
