1.000000 0.388782 0.215824 -0.464189 -0.246462 -0.278844 0.287197 -0.069514 -0.342618 -0.257145 0.316525 0.254384 0.383923 0.160299 -0.085822 -0.100324 0.024231 0.022621 0.063750 -0.216880 -0.104041 -0.051513 -0.182095 -0.286798 -0.113521 -0.133697 -0.174349 -0.206274 0.124072 0.256033 -0.001112 -0.041507 0.229223 0.283530 0.016150 0.061514 -0.230520 -0.279769 -0.127106 -0.223126 -0.001976 -0.212949 -0.160065 -0.156999 -0.024302 0.016958 -0.156253 -0.285434 0.130173 -0.042787 0.028238 0.001349 0.028182 -0.171193 0.116314 -0.094398 0.406439 0.073810 0.449779 0.112700 0.480456 0.392903 0.449648 0.156912 0.016057 0.273092 0.271787 0.079148 0.137272 -0.120322 -0.206495 -0.090957 0.192835 -0.076024 0.084736 0.092459 -0.018402 -0.061127 -0.009575 0.064193 0.183517 0.103676 0.006931 -0.076429 0.058775 0.031036 0.048484 -0.083843 -0.055763 -0.077663 -0.195797 -0.237042 -0.310718 -0.456450 -0.242007 0.110657 -0.125422 -0.027194 -0.067224 -0.198994 -0.028194 -0.149886 -0.087770 -0.083136 -0.316905 -0.271643 -0.349966 -0.260134 -0.167469 0.034989 -0.363924 -0.006322 0.013869 -0.113853 -0.003508 0.003466
0.388782 1.000000 0.149451 -0.403774 -0.029708 -0.032706 0.192159 0.122465 0.018357 -0.121092 0.352363 0.183404 0.112774 0.344040 0.039618 0.001481 0.361191 0.365199 -0.050445 0.065069 -0.092686 -0.076211 -0.257456 -0.339759 -0.091965 -0.189001 0.014339 0.023754 0.170705 0.338208 -0.114286 -0.222289 0.201622 0.311336 0.080169 -0.112147 -0.077090 -0.160811 -0.188502 -0.139832 -0.132501 -0.236082 -0.308770 -0.279103 -0.218675 -0.187416 -0.229258 -0.288819 -0.057906 -0.206579 -0.156682 -0.249051 -0.003214 -0.324293 0.113992 -0.134294 0.306990 0.278389 0.404472 0.071574 0.508265 0.287808 0.194285 0.252013 0.224450 -0.073500 0.273562 -0.014294 0.398709 0.161287 -0.302856 -0.229262 0.032379 0.055504 -0.132647 -0.010790 -0.326884 -0.243299 0.268668 0.169295 0.266183 0.287088 -0.048306 0.069358 0.185562 0.209446 0.018272 -0.199039 0.208826 -0.032123 -0.359373 -0.273677 -0.486455 -0.372569 -0.206965 -0.090143 -0.038060 0.020713 -0.212611 -0.156022 -0.085161 -0.026331 -0.113618 -0.036251 -0.232762 -0.044154 -0.177972 -0.107271 -0.176179 0.113435 -0.124006 0.187127 -0.134478 -0.253026 -0.048496 -0.125078
0.215824 0.149451 1.000000 -0.062150 0.228442 -0.056419 0.582426 0.319293 0.278023 0.006945 0.112957 0.019986 0.408852 0.038584 0.059838 -0.045000 -0.173432 0.015412 0.055872 -0.002843 -0.242821 -0.127562 0.273593 0.100930 0.023860 0.020541 -0.087253 -0.028377 -0.040825 0.067667 0.150402 0.078421 0.064782 0.118103 0.133209 0.216124 -0.152931 -0.157789 0.077196 0.092844 -0.224950 -0.042703 -0.164851 -0.196735 -0.198657 -0.162768 -0.362162 -0.173497 -0.001818 -0.093995 0.159184 0.075615 -0.143054 -0.259323 -0.103170 -0.130490 -0.247796 -0.355617 -0.059737 -0.134856 0.019264 -0.032359 -0.017725 -0.132757 0.506821 0.164247 -0.051561 -0.043628 -0.184781 -0.085052 -0.069377 0.080105 -0.028182 0.055076 -0.056196 0.047171 0.060666 0.192836 -0.216905 -0.165778 -0.318348 -0.211202 0.093869 -0.062038 -0.172495 -0.218717 -0.066175 -0.198958 0.173529 -0.015941 0.010615 0.106539 0.013235 0.176560 -0.081157 -0.014229 -0.372179 -0.120026 -0.199513 -0.002912 -0.124521 0.135236 0.038590 0.190936 -0.029190 0.099445 0.012248 -0.187917 -0.182556 0.025371 -0.053844 0.039696 -0.094977 0.036333 0.051467 -0.092735
-0.464189 -0.403774 -0.062150 1.000000 0.167845 0.155677 -0.087326 0.354763 0.285136 0.357725 -0.037080 0.004447 -0.224934 -0.065494 0.188516 0.313034 -0.173357 -0.022110 0.167875 0.228585 0.174021 0.086046 0.339864 0.639698 0.248976 0.329375 0.069776 0.185471 -0.177114 -0.182348 0.295872 0.494873 -0.020159 0.062168 0.043566 0.190883 0.067683 0.200758 0.129486 0.174041 -0.099059 0.150052 -0.082685 -0.132283 -0.239741 -0.125515 -0.147735 -0.098639 -0.271052 -0.155422 0.013679 -0.112956 -0.153641 0.067238 0.063242 -0.258261 -0.398015 -0.239445 -0.522763 -0.456408 -0.418858 -0.354669 -0.491049 -0.361687 0.080043 -0.076548 -0.414145 0.014091 -0.176235 0.043024 0.339617 0.193175 -0.272168 0.273749 0.152074 0.162619 0.262777 0.228322 -0.082051 -0.059653 -0.313923 -0.253038 0.159592 0.046805 -0.048886 -0.040254 0.013857 0.111708 0.103930 -0.062389 0.153925 0.098462 0.463277 0.382002 0.089246 -0.030441 -0.139898 -0.192019 -0.104084 0.044062 0.070124 0.014285 -0.021768 0.029282 0.179733 0.032539 0.141174 0.119189 0.003005 -0.092769 0.157814 -0.218430 -0.146148 0.143019 -0.067918 -0.012365
-0.246462 -0.029708 0.228442 0.167845 1.000000 0.578829 0.065906 0.106393 0.594529 0.324599 -0.066335 -0.059173 -0.073419 0.014503 0.408174 0.175802 -0.006277 -0.128813 0.047772 0.034339 -0.002097 -0.074217 0.299676 0.252825 0.219220 0.050253 0.397350 0.333566 -0.009797 -0.102726 0.225673 0.037781 -0.139452 -0.039601 0.114729 -0.070392 0.086997 -0.128670 0.055845 0.022331 0.038595 -0.019189 -0.270268 -0.287672 -0.242501 -0.241287 -0.402302 -0.208797 -0.079357 -0.105786 0.074036 -0.031178 -0.232609 -0.127553 -0.182503 -0.261639 -0.196142 -0.147718 -0.046699 -0.010493 0.017669 0.027861 -0.247989 0.110476 0.156582 -0.018386 -0.083606 -0.061596 -0.070258 0.054059 0.058197 -0.094582 -0.138516 0.103594 -0.003971 -0.086889 0.108348 -0.022837 -0.123835 -0.168184 -0.183409 -0.173404 0.078475 0.059223 -0.094532 0.012014 -0.172811 -0.092371 0.143603 0.216217 0.001031 0.119514 -0.110317 0.215595 0.018697 0.080301 -0.153563 -0.012200 -0.442559 0.146718 -0.262869 0.005024 -0.287258 0.001744 -0.081243 0.081302 0.096349 0.079022 -0.058290 -0.113526 -0.000504 -0.071615 0.053003 0.166625 -0.028946 -0.034416
-0.278844 -0.032706 -0.056419 0.155677 0.578829 1.000000 -0.169283 0.051631 0.297732 0.425935 -0.186431 -0.009735 -0.291622 -0.017429 0.096409 0.221587 -0.009631 -0.139494 -0.149096 0.093902 -0.106245 -0.045212 0.052597 0.133042 -0.014500 0.123822 0.144046 0.332525 -0.034525 -0.142363 0.108449 0.145150 -0.171807 0.003380 0.117127 -0.091641 0.132249 -0.081343 -0.313017 -0.090503 -0.023556 0.021865 -0.047888 -0.084247 -0.084875 -0.102727 -0.108538 -0.026839 0.011248 0.065768 -0.108671 0.149747 -0.207373 0.171556 -0.282934 -0.247622 -0.201381 -0.102449 0.049228 0.048630 -0.150229 -0.054364 -0.492956 0.050209 -0.219862 -0.115588 0.003873 -0.064770 -0.099031 0.037452 0.067122 0.107740 -0.221585 0.130344 0.078474 -0.111319 0.205704 0.137409 -0.065264 -0.229511 -0.249327 -0.228253 -0.194579 0.189584 -0.245815 -0.008175 -0.373891 0.080838 -0.156758 0.203727 0.220447 0.121368 0.069492 0.080245 0.044190 0.118156 -0.013681 0.062436 -0.157204 0.080686 0.024490 -0.145426 -0.172425 -0.086344 0.004991 0.236468 0.263411 0.272563 0.063539 0.052346 0.125612 -0.228674 0.217626 0.026470 0.027296 -0.026133
0.287197 0.192159 0.582426 -0.087326 0.065906 -0.169283 1.000000 0.538213 0.106958 -0.272639 0.030802 0.500977 0.582154 0.163232 -0.297925 -0.149514 -0.350545 0.077782 0.004333 -0.219358 -0.134965 -0.071546 -0.030209 -0.165396 -0.142236 -0.056405 -0.174918 -0.218709 -0.246004 0.077883 0.222584 0.081272 -0.073325 0.051914 -0.075088 0.225076 -0.290040 -0.181304 -0.004476 -0.087179 -0.195980 -0.085049 0.103726 0.058434 0.095348 0.109068 -0.100160 -0.011774 0.026243 0.151961 0.076177 0.174352 -0.117599 -0.170149 -0.132264 -0.040885 -0.224895 -0.508937 0.058507 -0.180412 -0.039449 -0.113957 0.173905 -0.309531 0.508686 0.099406 0.042568 -0.181912 -0.300547 -0.301191 0.070458 0.151616 0.064959 0.137098 0.299274 0.221914 0.177757 0.382993 -0.272186 -0.165923 -0.356649 -0.403711 0.075917 -0.290455 -0.328628 -0.284953 -0.155664 -0.259834 0.008970 -0.140132 0.076667 0.153561 0.163832 0.058308 -0.019593 0.224537 -0.214500 0.003005 -0.155939 0.111954 -0.020704 -0.007318 0.175009 0.255298 -0.023738 0.098398 -0.070574 -0.242170 -0.089249 0.040533 0.057782 0.063631 -0.008739 0.191422 0.141276 0.084264
-0.069514 0.122465 0.319293 0.354763 0.106393 0.051631 0.538213 1.000000 0.179755 0.255228 -0.071838 0.540653 0.079166 0.351411 -0.210847 0.290710 -0.169005 0.081400 -0.232485 -0.076902 0.022976 -0.031107 -0.153781 0.049453 -0.027495 0.120766 -0.133624 -0.010323 -0.237044 0.129766 0.168487 0.336424 -0.119475 0.070319 -0.065466 0.266601 -0.144047 0.039495 -0.019915 0.038608 -0.226452 0.069250 0.011457 -0.024408 0.024743 0.113519 -0.052685 -0.012226 -0.194914 0.085960 -0.148236 0.039788 -0.241002 -0.090152 0.016581 -0.318592 -0.440858 -0.537381 -0.119923 -0.219022 -0.061046 -0.137214 -0.244559 -0.342568 0.345041 0.125100 -0.112090 -0.129847 -0.393564 -0.303344 0.229109 0.196677 -0.224623 0.250518 0.217728 0.267484 0.203894 0.360385 -0.153734 -0.231514 -0.432119 -0.400979 0.045548 -0.043389 -0.355288 -0.145827 -0.127441 -0.132279 0.005506 -0.299859 0.167499 0.054551 0.361045 0.160879 0.067119 0.029221 -0.091296 -0.042811 -0.083809 0.006336 0.082954 0.052195 0.209730 0.222338 -0.025484 0.173732 0.130705 -0.226013 -0.049075 0.018457 0.169575 -0.021773 -0.151192 0.083570 0.049842 0.186225
-0.342618 0.018357 0.278023 0.285136 0.594529 0.297732 0.106958 0.179755 1.000000 0.392493 0.101816 -0.145688 -0.115376 -0.036177 0.486276 0.270325 0.007219 0.189177 -0.028781 0.207856 0.026104 -0.046885 0.465208 0.476404 0.361255 0.121330 0.211101 0.212028 -0.017388 0.016961 0.363668 0.239526 0.102371 0.242731 0.216184 0.122114 0.202261 0.055459 0.118469 0.150078 0.051845 -0.010172 -0.333442 -0.401094 -0.368949 -0.366849 -0.374651 -0.306457 -0.325885 -0.249662 -0.018383 -0.273811 -0.184667 -0.072535 -0.011558 -0.152275 -0.303657 -0.154442 -0.269867 -0.318489 -0.143006 -0.077467 -0.358143 -0.022995 0.357751 -0.014466 -0.311435 -0.293148 -0.051881 0.231680 0.121106 -0.008614 -0.189154 0.163391 -0.111285 0.085031 0.083489 0.169429 -0.051513 -0.058871 -0.218175 -0.107562 0.257890 0.112400 0.037194 -0.103999 0.031963 -0.095335 0.291652 0.059167 -0.081375 0.045191 0.090803 0.366575 0.074171 0.115568 -0.200267 0.033959 -0.268108 0.068824 -0.072479 -0.034159 -0.098005 0.080253 0.056933 0.165611 0.081430 -0.091625 -0.059416 0.085990 0.073903 -0.004249 0.016005 0.144308 0.157141 0.029450
-0.257145 -0.121092 0.006945 0.357725 0.324599 0.425935 -0.272639 0.255228 0.392493 1.000000 0.137853 -0.221840 -0.358864 0.051659 0.464855 0.692545 0.160436 0.024621 -0.176010 -0.100466 -0.022924 -0.077215 0.138179 0.347849 0.400826 0.363673 0.096609 0.243437 0.239420 0.152280 0.164912 0.357138 0.051187 0.194354 0.196664 0.187530 0.121632 -0.033078 -0.087401 -0.056851 -0.030382 -0.094018 -0.257521 -0.373171 -0.298172 -0.237698 -0.267106 -0.311369 -0.302309 -0.224445 -0.168970 -0.196449 -0.202596 0.031986 0.025070 -0.362080 -0.136754 -0.041851 -0.258927 -0.199324 0.052463 0.151859 -0.437826 0.199410 -0.003334 0.296726 -0.267973 -0.088555 -0.143979 -0.040916 0.081808 -0.116924 -0.165735 0.114199 -0.083856 0.080595 0.076224 -0.021136 0.223281 -0.009763 -0.091649 0.091759 0.040015 0.380955 0.091338 0.079097 -0.108991 -0.024960 0.116102 0.092327 -0.043272 -0.186856 0.068761 -0.012085 -0.093997 0.007225 -0.217013 -0.045117 -0.141498 -0.108344 0.067785 -0.201579 -0.037179 -0.240522 -0.187398 -0.078667 -0.081202 -0.048373 0.003479 -0.175416 -0.151510 -0.272048 -0.076971 -0.072499 0.015939 -0.005647
0.316525 0.352363 0.112957 -0.037080 -0.066335 -0.186431 0.030802 -0.071838 0.101816 0.137853 1.000000 0.011538 0.146325 0.242153 0.406329 0.213487 0.390386 0.299618 0.174880 0.015722 -0.065010 0.121764 0.088373 0.158493 0.207907 0.161448 0.113279 0.122075 0.466428 0.353879 0.090079 0.186501 0.441116 0.380002 0.190064 0.180847 0.123816 -0.167293 0.076621 -0.242445 -0.065703 -0.220398 -0.373391 -0.427873 -0.453573 -0.418600 -0.373631 -0.528403 -0.326919 -0.467610 -0.111657 -0.391843 -0.184488 -0.237276 0.084838 -0.316557 0.282725 0.149316 -0.009397 -0.375535 0.320271 0.309771 0.146057 0.252240 0.139065 0.185028 -0.165143 -0.019772 0.109874 0.007119 -0.176024 -0.147333 0.104344 0.075928 -0.014887 0.060915 -0.080860 -0.123735 0.359183 0.190319 0.282686 0.364654 0.276898 0.223230 0.405322 0.323233 0.263546 0.037035 0.352526 0.018159 -0.418869 -0.391177 -0.352832 -0.207172 -0.131714 -0.096507 -0.241704 -0.047898 -0.251238 -0.106507 -0.039162 -0.111606 -0.051657 -0.132803 -0.113483 -0.248330 -0.357957 -0.084163 -0.049072 -0.060374 -0.281881 0.007959 -0.003568 -0.139806 0.109838 -0.038432
0.254384 0.183404 0.019986 0.004447 -0.059173 -0.009735 0.500977 0.540653 -0.145688 -0.221840 0.011538 1.000000 0.295022 0.376766 -0.315845 0.009525 -0.128093 0.119303 -0.110625 -0.103114 -0.110637 0.017509 -0.360602 -0.248405 -0.297543 -0.186226 -0.184058 -0.130069 -0.088791 0.207566 0.083840 0.277761 -0.116347 0.093333 -0.312529 0.086499 -0.109751 -0.072932 -0.082142 -0.187044 -0.088904 0.139350 0.091707 0.075909 0.142869 0.138971 0.031789 0.010113 0.007703 0.136887 -0.044180 0.104788 -0.082651 -0.015024 -0.108414 -0.281203 -0.172845 -0.459720 0.284356 -0.072415 0.064449 -0.043333 0.085426 -0.308536 0.155429 0.123065 0.051898 -0.141926 -0.276042 -0.354539 0.151234 0.230873 0.069977 0.223049 0.448401 0.276837 0.319882 0.361155 -0.157216 -0.209829 -0.228929 -0.400316 -0.019469 -0.115817 -0.371015 -0.092858 -0.195926 -0.065987 -0.097774 -0.307267 0.168638 0.045458 0.216508 -0.068738 0.179746 0.171020 0.017434 0.074009 -0.079627 0.106289 0.082578 -0.134682 0.125942 0.164463 0.035257 0.073848 0.066057 0.017589 0.097138 0.080970 0.091172 0.092758 0.131619 0.096094 0.016046 0.160800
0.383923 0.112774 0.408852 -0.224934 -0.073419 -0.291622 0.582154 0.079166 -0.115376 -0.358864 0.146325 0.295022 1.000000 0.237221 -0.199111 -0.327177 -0.203439 0.026280 0.109199 -0.198173 -0.150270 -0.088909 -0.007211 -0.149766 -0.078877 -0.031933 -0.128528 -0.250842 -0.133490 0.056814 0.046176 -0.029265 -0.067548 -0.046811 -0.021439 0.085382 -0.319520 -0.196901 0.061886 -0.112793 -0.147334 -0.070390 0.145795 0.103567 0.112022 0.062005 -0.077120 0.018033 0.209990 0.086660 0.325784 0.268988 0.122282 0.015909 -0.092589 0.033416 0.109437 -0.221185 0.018317 -0.187962 -0.004068 0.022108 0.346560 -0.120441 0.375645 0.062879 -0.071913 -0.133326 -0.196975 -0.170477 -0.142529 0.041719 0.165225 -0.070202 0.237449 0.022067 0.053016 0.213304 -0.115173 -0.091106 -0.113011 -0.274441 -0.039967 -0.333969 -0.222573 -0.334860 -0.105277 -0.293279 -0.020951 0.023898 0.140656 0.155355 0.028666 -0.033579 -0.151250 0.080671 -0.232037 -0.048199 -0.264784 0.139310 -0.178398 -0.070226 0.039231 0.135275 0.023451 -0.070527 -0.196100 -0.235529 -0.057729 -0.055268 -0.172857 0.215467 0.025387 0.153592 -0.116224 0.042898
0.160299 0.344040 0.038584 -0.065494 0.014503 -0.017429 0.163232 0.351411 -0.036177 0.051659 0.242153 0.376766 0.237221 1.000000 0.071583 0.242912 0.243294 0.325131 -0.005825 -0.198446 -0.177847 -0.149866 -0.342736 -0.301320 -0.161277 -0.134686 -0.172703 -0.206532 0.280232 0.407235 -0.092773 0.066328 0.055928 0.187539 -0.004109 -0.003583 -0.090160 -0.143996 -0.013783 -0.216777 -0.127079 -0.093339 -0.222678 -0.221248 -0.147397 -0.146837 -0.269652 -0.240778 -0.206158 -0.206242 -0.181434 -0.201135 -0.069563 -0.103253 0.191781 -0.310316 0.066655 -0.046990 0.027354 -0.164310 0.374079 0.418279 0.128727 0.269186 0.101355 0.182576 -0.073706 -0.149204 -0.062272 -0.235375 -0.099568 -0.054906 0.288452 -0.084574 0.236057 0.030925 0.059101 -0.031805 0.108144 0.177625 0.091437 0.077167 0.016414 0.029612 0.006336 0.185080 -0.229787 -0.266336 0.065061 0.019159 -0.159002 -0.211697 -0.336744 -0.286175 -0.147358 -0.130458 -0.217500 -0.011376 -0.292156 -0.032290 -0.354184 -0.008862 -0.041433 -0.003297 -0.074484 0.089385 -0.189316 -0.205907 0.069703 -0.045377 -0.149334 0.252412 -0.174229 -0.115223 -0.032687 0.150924
-0.085822 0.039618 0.059838 0.188516 0.408174 0.096409 -0.297925 -0.210847 0.486276 0.464855 0.406329 -0.315845 -0.199111 0.071583 1.000000 0.466552 0.329585 0.194349 0.183541 -0.004491 -0.073168 -0.104148 0.297749 0.325119 0.442321 0.020966 0.262040 0.116261 0.462102 0.199275 0.122162 0.066709 0.314395 0.300979 0.189073 0.072072 0.271744 -0.023283 0.245860 0.020350 0.240490 -0.038396 -0.526301 -0.555547 -0.556686 -0.508934 -0.470091 -0.547605 -0.447944 -0.571992 -0.202407 -0.520837 -0.192927 -0.212229 0.189876 -0.298425 0.095029 0.229323 -0.222146 -0.306232 0.297175 0.316729 -0.136913 0.392448 0.142261 0.198129 -0.300721 -0.080623 0.101689 0.133614 -0.033448 -0.242668 0.078798 0.032269 -0.278092 0.054731 -0.055245 -0.226051 0.290200 0.219113 0.177652 0.356941 0.373738 0.363037 0.395568 0.269599 0.135511 -0.046138 0.381945 0.224630 -0.287432 -0.263506 -0.304433 0.041914 -0.034701 -0.034293 -0.232352 -0.101249 -0.352274 0.008017 -0.213459 -0.007109 -0.275897 -0.218911 -0.115744 -0.196811 -0.242430 -0.002958 -0.044953 -0.139049 -0.238348 0.045547 -0.039716 -0.107998 0.061566 -0.188579
-0.100324 0.001481 -0.045000 0.313034 0.175802 0.221587 -0.149514 0.290710 0.270325 0.692545 0.213487 0.009525 -0.327177 0.242912 0.466552 1.000000 0.137231 0.127094 -0.175701 -0.153190 0.103461 -0.078047 -0.020808 0.209593 0.241817 0.275675 0.025807 0.163443 0.377207 0.384727 0.256996 0.455403 0.182166 0.327581 0.101730 0.246689 0.183353 -0.032502 0.057757 -0.081353 0.234478 -0.029126 -0.245052 -0.407668 -0.373801 -0.250369 -0.179043 -0.368594 -0.379462 -0.343891 -0.287849 -0.365516 -0.164241 -0.104011 0.058038 -0.471032 -0.107936 -0.026770 -0.235127 -0.350103 0.207212 0.165230 -0.297865 0.149290 -0.012395 0.274592 -0.268965 -0.152114 -0.128078 -0.145499 0.149248 -0.063882 -0.067478 0.086378 -0.064887 0.130449 0.088024 -0.036715 0.217284 0.134700 0.011272 0.216629 0.202990 0.513758 0.220657 0.300029 -0.051539 0.104783 0.089696 0.045357 -0.196615 -0.398868 -0.087961 -0.160148 -0.025113 -0.036591 -0.236406 -0.090869 -0.112442 -0.146621 -0.094847 -0.219360 -0.217524 -0.234004 -0.174657 -0.105494 -0.301920 -0.184076 -0.161449 -0.049580 -0.139657 -0.030033 -0.144234 -0.186739 0.181549 -0.044923
0.024231 0.361191 -0.173432 -0.173357 -0.006277 -0.009631 -0.350545 -0.169005 0.007219 0.160436 0.390386 -0.128093 -0.203439 0.243294 0.329585 0.137231 1.000000 0.434918 0.060410 -0.043995 0.083798 -0.020438 -0.159111 -0.164488 0.246708 0.084436 0.061735 0.057478 0.540184 0.279002 -0.190421 -0.114661 0.363987 0.204771 -0.029360 -0.084806 0.243381 0.028022 0.006460 -0.143290 0.078888 -0.220365 -0.183641 -0.141689 -0.129056 -0.185999 -0.053391 -0.181775 -0.087590 -0.218676 -0.220791 -0.337186 -0.111677 -0.091914 -0.086122 -0.138447 0.479132 0.500070 0.162829 -0.035570 0.349779 0.230306 0.245175 0.382638 -0.183806 -0.063874 -0.061491 -0.042918 0.209686 0.052023 -0.205441 -0.242021 0.083020 0.026162 -0.172959 -0.037055 -0.226315 -0.301662 0.586290 0.436580 0.530543 0.622580 -0.092191 0.220772 0.198767 0.152743 0.114556 0.057021 0.092017 -0.119792 -0.361680 -0.403018 -0.461063 -0.345213 -0.142230 -0.215841 0.034652 -0.100954 -0.114592 -0.088470 -0.068037 0.005317 0.015140 -0.214714 -0.066251 -0.062863 -0.240098 0.072591 -0.006423 -0.063427 -0.313623 0.104388 -0.157218 -0.286226 -0.141676 -0.071061
0.022621 0.365199 0.015412 -0.022110 -0.128813 -0.139494 0.077782 0.081400 0.189177 0.024621 0.299618 0.119303 0.026280 0.325131 0.194349 0.127094 0.434918 1.000000 0.149395 0.080216 -0.166056 -0.191709 -0.056629 -0.089785 0.085039 0.003329 -0.119867 -0.093757 0.278608 0.509688 -0.038964 0.027866 0.242980 0.212027 -0.153256 0.013370 0.136762 0.128394 0.195946 -0.162681 -0.070814 -0.096277 -0.230977 -0.199517 -0.249647 -0.271728 -0.159911 -0.274126 -0.261673 -0.298450 -0.183571 -0.404716 0.018479 -0.075180 0.081764 -0.187409 0.114891 0.219952 -0.048358 -0.269634 0.187627 0.171006 0.220041 0.190634 0.131012 -0.135426 -0.188025 -0.219567 0.103598 0.101165 -0.055958 -0.000032 0.046624 0.194062 -0.072466 0.178137 -0.076925 0.073497 0.354925 0.383315 0.356458 0.352181 0.238796 0.070222 0.136352 -0.038217 0.084930 -0.213082 0.147691 -0.261267 -0.129619 -0.231517 -0.173054 -0.094610 -0.041829 -0.159794 -0.213557 -0.187458 -0.190767 0.041218 0.042554 -0.061286 0.093161 -0.111812 0.024823 0.015017 -0.109682 0.057699 -0.001471 -0.019534 -0.147561 0.068294 -0.208839 -0.036101 -0.162561 -0.246800
0.063750 -0.050445 0.055872 0.167875 0.047772 -0.149096 0.004333 -0.232485 -0.028781 -0.176010 0.174880 -0.110625 0.109199 -0.005825 0.183541 -0.175701 0.060410 0.149395 1.000000 0.170301 -0.207174 -0.104899 0.137782 0.000659 -0.073032 -0.274438 -0.070691 -0.221954 0.159839 -0.059916 -0.060758 -0.099290 0.200354 -0.052878 -0.156161 -0.285084 0.080898 -0.078660 0.269041 0.014542 -0.063677 -0.052509 -0.181850 -0.119790 -0.171205 -0.194658 -0.247173 -0.127854 -0.111502 -0.150731 0.076024 -0.135639 -0.054652 -0.140172 -0.020173 0.036377 0.126705 0.133388 -0.174584 -0.125949 -0.093518 0.138327 0.146104 0.109907 0.071120 -0.010105 -0.194726 -0.021630 0.223789 0.092263 -0.060229 -0.050354 0.190846 0.091117 0.106333 0.089350 0.024177 -0.043508 -0.013221 0.056446 0.200631 0.049055 0.177950 -0.230290 0.147405 0.017971 0.014420 -0.152050 0.106298 -0.005585 -0.151183 0.104800 -0.207734 0.068761 0.072767 -0.167138 -0.193187 -0.037789 -0.207734 0.192896 -0.202374 0.067286 -0.091868 -0.063156 0.069189 -0.129362 -0.103041 0.177728 0.080559 -0.142943 -0.154428 -0.081194 -0.055759 -0.007321 -0.065536 -0.234885
-0.216880 0.065069 -0.002843 0.228585 0.034339 0.093902 -0.219358 -0.076902 0.207856 -0.100466 0.015722 -0.103114 -0.198173 -0.198446 -0.004491 -0.153190 -0.043995 0.080216 0.170301 1.000000 0.009398 0.175364 0.221857 0.398714 -0.087652 -0.094196 0.226815 0.237985 -0.230130 -0.267203 0.057288 0.021797 0.146961 0.072122 0.161518 -0.100658 0.156102 0.150099 -0.027293 0.256107 -0.175302 0.022939 -0.267473 -0.215679 -0.286205 -0.245790 -0.212930 -0.115273 -0.229423 -0.236932 -0.097141 -0.289051 -0.024780 -0.171623 -0.086109 -0.188952 -0.036112 0.138565 -0.102337 -0.078451 -0.239208 -0.124786 -0.190318 -0.162985 -0.065013 -0.215131 -0.009048 0.087629 0.458574 0.655611 -0.080084 0.118435 -0.203651 -0.083856 -0.241815 -0.170282 -0.064092 -0.019636 -0.118577 -0.151475 0.037115 -0.000112 0.136681 0.144806 0.066253 0.064646 0.137931 0.279843 0.185671 -0.093796 0.053955 0.147783 0.219049 0.329667 0.120992 -0.098799 0.058879 -0.011099 -0.093016 0.031955 0.099486 0.126442 -0.144620 -0.013126 0.121435 0.081907 0.395163 0.222801 -0.033977 0.174311 0.386263 -0.046940 -0.062161 -0.071583 0.029699 -0.177873
-0.104041 -0.092686 -0.242821 0.174021 -0.002097 -0.106245 -0.134965 0.022976 0.026104 -0.022924 -0.065010 -0.110637 -0.150270 -0.177847 -0.073168 0.103461 0.083798 -0.166056 -0.207174 0.009398 1.000000 0.439582 0.137081 0.262068 0.090695 0.355839 0.295773 0.261062 -0.234012 -0.163169 0.248899 0.247279 0.101307 0.128166 0.082950 0.119269 0.099649 -0.014774 0.144530 -0.019430 0.047723 -0.037984 0.105842 0.100144 0.083493 0.103226 0.235170 0.068854 0.036808 0.048445 -0.054399 0.007399 0.111128 0.037421 0.082797 0.089092 0.109740 0.112308 -0.051281 -0.097073 -0.027952 -0.279147 -0.003024 -0.144868 -0.156866 -0.159519 0.024689 0.005869 0.004211 0.018941 0.312608 0.052466 -0.229499 0.135144 0.003222 0.069848 0.135154 -0.018802 0.113833 0.098305 0.020841 -0.000942 -0.120615 -0.017364 0.048536 -0.017706 0.116140 0.227683 0.028915 -0.147306 -0.037332 -0.119569 0.019936 -0.053449 -0.004826 -0.045544 0.212000 -0.040370 0.112250 -0.185749 -0.063377 -0.022937 -0.064270 0.028899 0.008866 -0.074455 -0.153853 -0.172152 -0.053857 0.062160 -0.024601 0.068099 -0.184560 0.135150 0.080348 0.009080
-0.051513 -0.076211 -0.127562 0.086046 -0.074217 -0.045212 -0.071546 -0.031107 -0.046885 -0.077215 0.121764 0.017509 -0.088909 -0.149866 -0.104148 -0.078047 -0.020438 -0.191709 -0.104899 0.175364 0.439582 1.000000 0.147440 0.251151 -0.117471 0.122867 0.254241 0.331240 -0.163384 -0.100601 0.261694 0.245485 0.023542 0.052556 0.093049 0.027117 -0.076924 -0.102831 0.047440 -0.049709 -0.144808 0.080516 -0.085798 -0.070431 -0.055240 0.007466 -0.007718 -0.123213 -0.019295 -0.052334 0.120158 -0.024561 -0.005569 -0.167188 -0.035245 -0.069015 0.040406 0.033385 0.025093 -0.078422 0.010886 -0.150619 -0.102291 -0.156255 -0.124687 0.040308 0.084495 0.060310 0.119305 0.086966 0.075275 0.092014 -0.204387 0.064570 -0.056164 -0.017606 -0.052405 -0.111067 0.084084 -0.002373 -0.044994 -0.042422 -0.089981 0.002266 0.149559 0.181059 0.285518 0.345262 0.214483 -0.051970 -0.123022 -0.102979 0.034938 -0.090849 0.119696 -0.021676 0.291953 0.102862 -0.006837 -0.098391 0.127350 -0.097115 0.024931 0.103827 -0.040623 0.094309 0.022964 0.074832 0.022380 0.161180 0.059841 -0.025443 -0.028539 0.191975 0.182074 0.063819
-0.182095 -0.257456 0.273593 0.339864 0.299676 0.052597 -0.030209 -0.153781 0.465208 0.138179 0.088373 -0.360602 -0.007211 -0.342736 0.297749 -0.020808 -0.159111 -0.056629 0.137782 0.221857 0.137081 0.147440 1.000000 0.745449 0.284649 0.200570 0.357370 0.411366 -0.171920 -0.127353 0.367335 0.208542 0.056525 0.034291 0.315929 0.078778 -0.001997 0.106449 0.170580 0.209013 -0.208233 -0.025133 -0.124279 -0.220158 -0.247793 -0.221936 -0.270298 -0.116051 -0.078225 -0.177324 0.330216 -0.090872 -0.119126 -0.077940 -0.077721 -0.088829 -0.066176 -0.107367 -0.128228 -0.178421 -0.284220 -0.259176 -0.267305 -0.198340 0.203202 -0.017776 -0.102448 -0.025802 -0.047606 0.261792 0.011818 0.109789 -0.298485 0.122358 -0.189215 0.109545 -0.022347 0.064748 -0.202698 -0.004879 -0.182858 -0.114308 0.300211 0.006332 0.155555 -0.219548 0.304913 0.168019 0.470814 0.135012 -0.067334 0.173452 0.069889 0.424444 -0.041374 -0.071326 -0.204473 -0.217595 -0.289793 -0.092324 -0.126851 0.053572 -0.169335 0.002649 0.152633 -0.083615 0.026576 -0.138201 -0.225566 -0.105825 -0.062148 -0.258379 -0.092420 0.020106 0.029032 -0.175138
-0.286798 -0.339759 0.100930 0.639698 0.252825 0.133042 -0.165396 0.049453 0.476404 0.347849 0.158493 -0.248405 -0.149766 -0.301320 0.325119 0.209593 -0.164488 -0.089785 0.000659 0.398714 0.262068 0.251151 0.745449 1.000000 0.324718 0.434245 0.408617 0.532579 -0.219022 -0.225318 0.504153 0.492513 0.155067 0.059375 0.319895 0.184242 0.049440 0.188182 0.120757 0.214863 -0.160936 0.028577 -0.193418 -0.309357 -0.381910 -0.283855 -0.289333 -0.241580 -0.275782 -0.243234 0.152042 -0.205028 -0.063897 -0.039241 0.073187 -0.302707 -0.224027 -0.165698 -0.323990 -0.329343 -0.296806 -0.241448 -0.430052 -0.295989 0.029453 -0.031299 -0.261680 0.015673 -0.129051 0.251887 0.227232 0.171375 -0.389361 0.251359 -0.135913 0.084433 0.131838 0.146861 -0.157275 -0.120039 -0.274373 -0.211810 0.289542 0.163816 0.184612 -0.041580 0.276416 0.317529 0.409762 0.062641 0.027278 0.083776 0.323845 0.448739 -0.041249 -0.084964 -0.166097 -0.226624 -0.241126 -0.071541 0.040555 -0.040911 -0.130497 -0.019098 0.109451 -0.129265 0.119642 -0.043932 -0.184800 -0.103140 0.065241 -0.273816 -0.126023 0.027404 0.037075 -0.108327
-0.113521 -0.091965 0.023860 0.248976 0.219220 -0.014500 -0.142236 -0.027495 0.361255 0.400826 0.207907 -0.297543 -0.078877 -0.161277 0.442321 0.241817 0.246708 0.085039 -0.073032 -0.087652 0.090695 -0.117471 0.284649 0.324718 1.000000 0.536266 0.212893 0.227645 0.184114 0.113792 0.096075 0.125963 0.117982 0.171133 0.184723 0.328516 0.041088 0.078645 0.059830 0.091083 0.114819 -0.059651 -0.052528 -0.208180 -0.147972 -0.051876 -0.044520 -0.149988 -0.121758 -0.248448 0.049570 -0.193386 -0.052048 0.068373 0.048887 -0.019090 -0.001782 0.059587 -0.181104 -0.308027 0.044814 0.020966 -0.119035 0.069568 0.126034 0.102125 -0.295654 0.064582 -0.063411 0.093543 -0.078284 -0.186869 -0.035377 0.042094 -0.241997 0.030994 -0.032231 -0.103155 0.187595 0.250161 -0.044957 0.206283 0.151390 0.093105 0.139230 -0.124299 0.226220 -0.133034 0.114506 -0.011204 -0.100618 -0.087926 0.004123 0.029357 -0.169721 0.010028 -0.168947 -0.089094 -0.039668 0.049725 0.053485 -0.136004 -0.090855 -0.134612 -0.045911 -0.221039 -0.275483 -0.266604 -0.161590 -0.225362 -0.227957 -0.001590 -0.150406 0.013740 -0.132777 -0.010794
-0.133697 -0.189001 0.020541 0.329375 0.050253 0.123822 -0.056405 0.120766 0.121330 0.363673 0.161448 -0.186226 -0.031933 -0.134686 0.020966 0.275675 0.084436 0.003329 -0.274438 -0.094196 0.355839 0.122867 0.200570 0.434245 0.536266 1.000000 0.156986 0.460191 0.032930 0.086253 0.439620 0.525666 0.183143 0.103676 0.134690 0.303211 -0.004537 0.005900 -0.024635 -0.140330 -0.026455 -0.019111 0.196752 -0.009504 0.018365 0.043330 0.155278 -0.039673 0.000163 0.014242 0.024679 0.055174 0.089647 0.226687 -0.094817 -0.089972 -0.049709 -0.042123 -0.262543 -0.364364 -0.135093 -0.188838 -0.089965 -0.110257 -0.217493 -0.097244 -0.273722 -0.060782 -0.248810 -0.135909 0.192205 -0.032600 -0.088518 0.180581 0.111855 0.039111 0.148525 0.079709 0.155570 0.152630 -0.063890 0.007198 -0.005675 0.081812 0.088908 -0.065686 -0.000613 0.138863 -0.073934 -0.077605 -0.105915 -0.267685 0.095277 -0.161529 -0.156231 0.030884 -0.160874 -0.072099 0.042951 -0.096033 0.116129 -0.270786 0.004980 -0.169714 -0.018944 -0.171401 -0.345968 -0.244674 -0.105462 -0.140980 -0.183056 -0.133932 -0.228936 0.063365 -0.090990 0.114424
-0.174349 0.014339 -0.087253 0.069776 0.397350 0.144046 -0.174918 -0.133624 0.211101 0.096609 0.113279 -0.184058 -0.128528 -0.172703 0.262040 0.025807 0.061735 -0.119867 -0.070691 0.226815 0.295773 0.254241 0.357370 0.408617 0.212893 0.156986 1.000000 0.654064 -0.282236 -0.189621 0.130236 -0.081180 0.107249 -0.122033 0.263600 -0.038255 0.031719 -0.150113 0.070461 0.076071 -0.005247 -0.125132 -0.076693 -0.089316 -0.201943 -0.069773 -0.120543 -0.123054 -0.191425 -0.100001 0.058313 -0.108935 -0.068337 -0.071456 0.072219 -0.150485 0.143804 0.123982 0.044584 0.075962 0.159652 0.017178 -0.197891 0.053865 0.007850 -0.101706 0.105673 0.156512 0.155763 0.252753 -0.151725 -0.195247 -0.343574 -0.089797 -0.347751 -0.176315 -0.195446 -0.263662 0.000419 -0.233964 0.005254 -0.038494 0.078554 0.059496 0.258135 0.210783 0.294137 0.198988 0.437878 0.192086 -0.131315 0.008895 -0.099561 0.065501 -0.114120 -0.176554 0.014600 -0.155115 -0.280138 0.067391 -0.040223 -0.040112 -0.329350 -0.072685 -0.061619 -0.073881 -0.012139 0.012171 -0.137515 -0.132140 0.017552 -0.064816 -0.181593 0.095625 -0.056950 -0.207706
-0.206274 0.023754 -0.028377 0.185471 0.333566 0.332525 -0.218709 -0.010323 0.212028 0.243437 0.122075 -0.130069 -0.250842 -0.206532 0.116261 0.163443 0.057478 -0.093757 -0.221954 0.237985 0.261062 0.331240 0.411366 0.532579 0.227645 0.460191 0.654064 1.000000 -0.082506 -0.019053 0.261354 0.174143 0.093386 -0.066983 0.301013 -0.015202 0.048361 0.033137 -0.067835 0.074417 -0.100606 -0.051471 -0.087158 -0.189952 -0.248646 -0.146864 -0.089589 -0.133100 -0.111782 -0.178319 0.149842 -0.142985 -0.041402 -0.050546 -0.114273 -0.287335 -0.055565 0.047934 0.035045 -0.070999 0.062623 -0.117422 -0.273869 -0.088348 -0.125313 -0.135851 0.051698 0.152766 0.078179 0.165890 -0.094945 -0.066154 -0.326711 0.071124 -0.231484 -0.201599 -0.155711 -0.179499 -0.041985 -0.061159 -0.035209 0.005188 0.067236 0.209427 0.284948 0.257872 0.216976 0.341223 0.325862 0.154352 -0.168401 -0.123215 -0.044444 0.026488 -0.048190 -0.184049 -0.040684 -0.094959 -0.200656 -0.094295 0.037979 -0.087287 -0.315585 -0.034896 -0.051979 -0.051989 -0.011540 -0.089310 -0.214104 -0.012083 0.042089 -0.157857 -0.173594 -0.008928 -0.040265 -0.047105
0.124072 0.170705 -0.040825 -0.177114 -0.009797 -0.034525 -0.246004 -0.237044 -0.017388 0.239420 0.466428 -0.088791 -0.133490 0.280232 0.462102 0.377207 0.540184 0.278608 0.159839 -0.230130 -0.234012 -0.163384 -0.171920 -0.219022 0.184114 0.032930 -0.282236 -0.082506 1.000000 0.441298 -0.118489 0.051475 0.278789 0.250184 -0.113930 0.000301 0.332509 0.043527 0.122530 -0.106320 0.305631 0.089101 -0.335163 -0.376656 -0.340660 -0.447520 -0.217437 -0.348524 -0.262580 -0.483098 -0.212463 -0.483476 -0.083590 -0.090374 -0.015039 -0.189619 0.180181 0.216279 -0.063899 -0.251286 0.293383 0.328246 0.192919 0.430115 -0.110466 0.193898 -0.260257 -0.232960 0.088931 -0.206937 -0.079714 -0.093284 0.543914 0.021347 0.057745 0.029100 -0.031117 -0.249328 0.359008 0.505413 0.434699 0.638052 0.260749 0.438695 0.353217 0.351526 -0.101766 -0.036060 0.083297 0.058419 -0.358193 -0.429120 -0.501478 -0.343083 0.132241 -0.020748 -0.097023 0.062758 -0.052017 -0.025142 -0.128752 -0.036477 -0.095474 -0.137050 -0.053318 -0.126771 -0.349329 -0.072232 0.037404 0.043687 -0.263309 0.059858 -0.002561 -0.295986 0.163722 0.121922
0.256033 0.338208 0.067667 -0.182348 -0.102726 -0.142363 0.077883 0.129766 0.016961 0.152280 0.353879 0.207566 0.056814 0.407235 0.199275 0.384727 0.279002 0.509688 -0.059916 -0.267203 -0.163169 -0.100601 -0.127353 -0.225318 0.113792 0.086253 -0.189621 -0.019053 0.441298 1.000000 -0.070553 0.077960 0.220679 0.326692 -0.091625 0.213168 0.091255 0.076280 0.190817 -0.063539 0.035608 0.023526 -0.116331 -0.203454 -0.173012 -0.108140 -0.118122 -0.308814 -0.087061 -0.280707 -0.150302 -0.236784 -0.010394 -0.195572 -0.031773 -0.194308 0.086804 0.045876 0.051178 -0.302619 0.408632 0.219941 0.217944 0.205872 0.036648 0.187713 -0.172782 -0.169928 -0.093216 -0.265639 -0.146201 -0.207809 0.281749 0.049021 0.060620 0.123946 -0.042183 0.002160 0.285852 0.373268 0.235442 0.318211 0.203852 0.220853 0.091723 0.065221 0.040733 -0.120056 0.117316 -0.196403 -0.326609 -0.338882 -0.352113 -0.324986 -0.075973 -0.014436 -0.324317 0.005405 -0.174818 0.002588 -0.111335 -0.191989 -0.106469 0.008990 -0.073124 0.015292 -0.387355 -0.173184 -0.048279 -0.058987 -0.294315 0.127200 -0.123625 -0.148682 0.014250 0.058623
-0.001112 -0.114286 0.150402 0.295872 0.225673 0.108449 0.222584 0.168487 0.363668 0.164912 0.090079 0.083840 0.046176 -0.092773 0.122162 0.256996 -0.190421 -0.038964 -0.060758 0.057288 0.248899 0.261694 0.367335 0.504153 0.096075 0.439620 0.130236 0.261354 -0.118489 -0.070553 1.000000 0.721288 0.170268 0.284659 0.135223 0.156022 -0.006259 -0.172702 0.019017 -0.237943 0.021456 -0.096083 -0.068788 -0.225592 -0.122227 -0.127695 -0.234255 -0.264754 -0.168287 -0.014458 0.038823 -0.039888 0.019146 0.008856 -0.019274 -0.191812 -0.042363 -0.183438 -0.069462 -0.355965 -0.110701 -0.137611 -0.152145 -0.196304 0.019817 0.090655 -0.107057 -0.298096 -0.138158 -0.010730 0.348205 0.163744 -0.044081 0.369834 0.306809 0.280204 0.331090 0.229344 -0.161968 0.047571 -0.194729 -0.250154 0.101443 -0.104141 0.072904 -0.003163 -0.074106 0.098942 0.051550 0.013896 -0.194639 -0.235309 0.057324 -0.054804 -0.115133 0.136049 -0.127784 -0.085994 -0.176431 -0.139984 -0.107462 -0.316861 -0.002726 -0.133802 -0.186970 -0.173195 -0.272557 -0.213423 -0.121553 -0.015617 -0.105271 -0.156164 -0.085934 0.065176 0.184251 0.160954
-0.041507 -0.222289 0.078421 0.494873 0.037781 0.145150 0.081272 0.336424 0.239526 0.357138 0.186501 0.277761 -0.029265 0.066328 0.066709 0.455403 -0.114661 0.027866 -0.099290 0.021797 0.247279 0.245485 0.208542 0.492513 0.125963 0.525666 -0.081180 0.174143 0.051475 0.077960 0.721288 1.000000 0.183929 0.399776 0.044214 0.353642 0.132224 -0.055754 -0.005794 -0.246991 -0.015304 0.077294 -0.056116 -0.228626 -0.156417 -0.132776 -0.154216 -0.249636 -0.235784 -0.127575 -0.071688 -0.099041 -0.056976 0.072976 -0.021693 -0.406921 -0.202745 -0.298863 -0.173421 -0.459004 -0.185345 -0.173363 -0.280687 -0.209335 -0.060927 0.129745 -0.268881 -0.263165 -0.311463 -0.191671 0.462377 0.340878 -0.084624 0.430603 0.366771 0.367686 0.472007 0.386109 0.003730 -0.025357 -0.188175 -0.245810 0.076744 0.108853 -0.032436 -0.038134 -0.172638 0.140207 0.000120 -0.157635 -0.047573 -0.261582 0.211094 -0.058698 0.005492 0.038482 -0.146708 -0.088333 -0.010916 -0.224060 0.053066 -0.372988 0.066473 -0.173001 -0.076807 -0.172787 -0.188572 -0.098523 0.022410 -0.006768 -0.135552 -0.205873 -0.015579 0.043968 0.141892 0.176187
0.229223 0.201622 0.064782 -0.020159 -0.139452 -0.171807 -0.073325 -0.119475 0.102371 0.051187 0.441116 -0.116347 -0.067548 0.055928 0.314395 0.182166 0.363987 0.242980 0.200354 0.146961 0.101307 0.023542 0.056525 0.155067 0.117982 0.183143 0.107249 0.093386 0.278789 0.220679 0.170268 0.183929 1.000000 0.459952 0.220051 0.069240 0.182094 0.026342 0.104604 0.021946 0.116580 -0.127153 -0.329240 -0.339538 -0.359793 -0.319382 -0.176425 -0.404683 -0.320514 -0.402032 -0.354810 -0.405343 -0.094216 -0.224258 0.076422 -0.167597 0.360584 0.323300 -0.060628 -0.239000 0.264297 0.274367 0.134899 0.283275 -0.066439 0.058830 -0.048109 -0.018437 0.244541 0.107859 -0.074455 -0.088342 0.171210 0.035442 -0.085018 0.070804 -0.060140 -0.094330 0.248417 0.200995 0.337265 0.403741 0.124363 0.200851 0.420477 0.228956 0.123556 0.207812 0.210750 -0.061006 -0.489244 -0.453651 -0.281439 -0.306580 -0.026870 -0.079303 -0.143200 0.062059 -0.039779 -0.262982 0.000991 -0.164968 -0.111316 -0.178030 -0.194614 -0.275199 -0.426928 -0.254107 -0.139958 0.085672 -0.168137 -0.116111 -0.355692 -0.318978 0.207639 -0.055583
0.283530 0.311336 0.118103 0.062168 -0.039601 0.003380 0.051914 0.070319 0.242731 0.194354 0.380002 0.093333 -0.046811 0.187539 0.300979 0.327581 0.204771 0.212027 -0.052878 0.072122 0.128166 0.052556 0.034291 0.059375 0.171133 0.103676 -0.122033 -0.066983 0.250184 0.326692 0.284659 0.399776 0.459952 1.000000 0.235477 0.426620 0.103088 -0.179993 -0.055918 -0.097280 0.107001 -0.166133 -0.406334 -0.429979 -0.276628 -0.200225 -0.330176 -0.551955 -0.311318 -0.382642 -0.377987 -0.423471 -0.321367 -0.298877 0.012881 -0.254094 0.239766 0.215212 0.011064 -0.326870 0.155888 0.166089 0.006163 0.185042 0.087905 0.230796 -0.015045 -0.094638 0.242221 0.099120 -0.049506 -0.105202 0.170085 0.096139 0.047805 0.178691 0.105312 -0.039711 0.358398 0.278880 0.196049 0.303733 -0.006022 0.334028 0.152062 0.122949 -0.184440 -0.029275 0.083090 -0.067068 -0.457755 -0.482381 -0.201384 -0.343517 -0.054965 0.086418 -0.309309 0.063959 -0.065961 -0.387242 -0.152427 -0.225320 -0.167449 -0.164233 -0.228697 -0.077089 -0.333899 -0.114187 -0.153364 0.036736 -0.257812 0.026825 -0.012421 -0.111450 0.188233 0.037357
0.016150 0.080169 0.133209 0.043566 0.114729 0.117127 -0.075088 -0.065466 0.216184 0.196664 0.190064 -0.312529 -0.021439 -0.004109 0.189073 0.101730 -0.029360 -0.153256 -0.156161 0.161518 0.082950 0.093049 0.315929 0.319895 0.184723 0.134690 0.263600 0.301013 -0.113930 -0.091625 0.135223 0.044214 0.220051 0.235477 1.000000 0.349201 -0.236764 -0.219868 -0.243494 -0.000299 -0.136180 -0.424575 -0.389008 -0.394673 -0.195360 -0.095647 -0.371312 -0.239392 -0.024593 -0.256865 -0.046252 -0.114366 -0.206901 -0.374938 0.093833 -0.132981 0.253061 0.219349 0.057517 0.019122 0.218766 0.233961 -0.154272 0.244269 0.175920 0.125535 0.295455 0.396328 0.231786 0.400237 -0.183702 -0.106656 -0.100844 -0.196710 -0.311008 -0.104436 -0.119180 -0.139429 -0.084590 0.003225 -0.044341 0.131852 0.088002 -0.041711 0.222774 0.075141 0.047255 0.016160 0.264165 0.327289 -0.349211 -0.177421 -0.145935 -0.037122 -0.414169 -0.059961 -0.254187 -0.032253 -0.317635 -0.284691 -0.139839 -0.228380 -0.191083 -0.176016 -0.322981 -0.196780 -0.062509 -0.216751 -0.284920 -0.076144 -0.151883 -0.117700 -0.222403 -0.060471 0.039703 -0.023783
0.061514 -0.112147 0.216124 0.190883 -0.070392 -0.091641 0.225076 0.266601 0.122114 0.187530 0.180847 0.086499 0.085382 -0.003583 0.072072 0.246689 -0.084806 0.013370 -0.285084 -0.100658 0.119269 0.027117 0.078778 0.184242 0.328516 0.303211 -0.038255 -0.015202 0.000301 0.213168 0.156022 0.353642 0.069240 0.426620 0.349201 1.000000 -0.008746 0.034189 0.066676 0.045793 0.169403 0.011170 -0.037190 -0.142670 -0.099322 0.024198 -0.158642 -0.181559 -0.179773 -0.270906 -0.179415 -0.145795 -0.153514 -0.110105 -0.014543 -0.087666 -0.193357 -0.273098 -0.135167 -0.340446 -0.019255 -0.176990 -0.196078 -0.189137 0.159866 0.134907 -0.120205 0.038495 -0.256616 -0.145138 0.123501 0.121186 -0.032278 0.115526 0.053138 0.203845 0.244249 0.290014 -0.013427 0.011684 -0.276710 -0.079492 0.183693 0.171670 -0.208222 -0.214692 -0.194583 -0.105242 0.014655 0.066463 -0.011098 0.015972 0.226958 0.100180 -0.066376 0.211732 -0.207159 -0.057874 -0.014025 0.009593 0.110979 -0.233881 0.074423 0.085031 -0.075367 -0.029715 -0.070941 -0.184579 -0.157194 -0.105459 0.077203 -0.052815 0.063775 0.181199 0.176471 0.118334
