1.000000 0.619264 -0.326562 -0.307979 -0.007374 0.045735 -0.167752 -0.357335 -0.202280 -0.399723 0.355062 -0.170414 0.155689 0.063168 0.064196 -0.053724 0.289321 0.124688 0.116475 -0.175788 0.189524 0.026947 -0.051632 -0.375427 -0.091593 -0.145575 0.247376 0.288201 0.036727 0.019520 -0.341593 -0.506176 0.013222 -0.369211 -0.393531 -0.450511 -0.079226 -0.213545 -0.121205 -0.148306 0.037775 -0.223785 0.087503 0.043615 -0.053274 -0.269784 0.285704 0.129385 0.290196 0.107335 0.213940 0.176829 0.418623 0.201594 0.141201 0.329301 0.434282 0.456010 0.212788 0.309844 0.049969 0.267849 0.252908 0.355291 -0.184999 -0.270944 0.149638 -0.394697 0.301043 -0.024407 -0.261574 -0.324961 0.126160 -0.254528 -0.125435 -0.206862 -0.036945 -0.296835 0.144015 0.082201 0.104170 0.259396 -0.088159 -0.184224 0.138596 0.051602 0.061080 0.151739 0.011951 0.222566 -0.308413 -0.247753 -0.326147 -0.251105 -0.143192 0.030233 0.049291 -0.040607 0.053448 0.132901 -0.013755 0.041330 0.049102 0.052112 -0.186968 -0.172261 -0.076594 -0.126050 0.398578 -0.069348 -0.027462 0.018238 -0.001666 -0.011754 -0.314370 -0.169253
0.619264 1.000000 -0.385486 -0.196921 0.110865 0.143849 -0.215015 -0.267856 -0.092273 -0.277417 0.176267 0.013145 0.081555 0.166366 0.125207 0.149644 0.364383 0.123887 0.123593 -0.087021 0.189335 0.165680 -0.217441 -0.344330 -0.235043 -0.182533 0.236760 0.195197 0.035204 0.141274 -0.209781 -0.389093 0.138317 -0.295628 -0.316495 -0.379689 -0.069705 -0.038775 0.087235 0.077035 -0.002806 -0.077890 -0.054039 -0.150108 -0.262351 -0.335304 0.185284 -0.046436 0.006641 -0.104339 -0.056641 -0.062102 0.214923 0.010696 0.231799 0.248245 0.413996 0.519973 0.051796 0.135361 0.153036 0.307972 0.308682 0.482626 -0.082816 -0.341040 0.034654 -0.428115 0.436376 0.085701 -0.123529 -0.182145 0.146660 -0.226394 -0.187980 -0.163852 -0.123774 -0.200111 0.400431 0.255713 0.329869 0.460092 0.112217 -0.013968 0.134045 0.056331 0.205380 0.106725 -0.011408 0.288742 -0.247257 -0.185264 -0.206579 -0.278236 -0.164643 -0.140021 0.015945 -0.061739 0.069444 0.118875 -0.143744 0.016537 0.062693 -0.072932 -0.227657 -0.203547 -0.040949 -0.248862 0.265481 -0.073452 -0.053414 -0.038277 0.071428 -0.034678 -0.277590 -0.301335
-0.326562 -0.385486 1.000000 0.523227 -0.095582 -0.163745 0.610178 0.481456 0.332396 0.325980 -0.088558 0.279009 0.125026 0.000705 0.129198 0.100599 -0.498099 -0.441941 0.230419 0.287366 -0.077376 -0.123295 0.545751 0.568519 0.018257 0.083419 -0.231034 -0.185354 -0.307766 -0.277081 0.253214 0.295455 -0.356573 0.148580 0.163105 0.191823 -0.187293 -0.092844 -0.099409 -0.008124 -0.279379 -0.074884 -0.178346 -0.103223 0.117700 0.178319 -0.323648 -0.058394 -0.052495 -0.000870 0.107304 -0.080513 -0.220672 0.000785 -0.256331 -0.020229 -0.529561 -0.548730 0.023193 -0.149845 -0.123737 -0.281938 -0.301713 -0.475106 0.147741 0.157553 -0.044198 0.334978 -0.395860 0.084586 0.169414 0.313268 -0.397227 0.172971 0.082421 -0.001928 -0.031562 0.110977 -0.582208 -0.514825 -0.557004 -0.605157 -0.052167 0.141392 -0.182654 -0.034791 -0.198038 0.026608 0.163609 -0.148236 0.284153 0.227048 0.340145 0.334735 -0.024439 -0.023560 -0.077363 0.005154 -0.097558 -0.110118 0.339505 0.022299 0.166284 0.033760 0.052131 0.055657 0.015740 0.200964 -0.251197 0.174804 -0.033753 -0.007031 -0.118909 0.059215 0.231517 0.089329
-0.307979 -0.196921 0.523227 1.000000 0.112326 -0.014606 0.329315 0.572967 0.149853 0.483215 -0.146161 0.423484 0.000145 0.053743 0.229238 0.346023 -0.412185 -0.350114 0.515625 0.484782 -0.006770 -0.088758 0.278784 0.653083 -0.118854 0.183125 -0.105449 -0.184398 0.067541 -0.003516 0.397838 0.496418 -0.049301 0.306953 0.070129 0.087357 -0.036557 0.144683 0.051277 0.138910 -0.003885 0.234267 -0.237882 -0.246522 -0.178219 -0.056147 -0.201020 -0.159303 -0.356891 -0.116443 -0.139594 -0.172578 -0.179072 0.049775 -0.144018 -0.000809 -0.556783 -0.555168 -0.474747 -0.500057 -0.309591 -0.305175 -0.298088 -0.396384 0.250073 -0.099079 -0.525498 -0.149263 -0.329496 -0.152039 0.173887 0.357513 -0.128049 0.257071 0.151869 -0.037903 0.157367 0.487416 -0.266981 -0.379314 -0.235817 -0.347131 0.204925 0.364013 -0.280741 0.022002 -0.011385 0.001238 -0.093731 -0.143211 0.281292 0.225043 0.393677 0.288214 0.005931 -0.060723 -0.105563 -0.037217 -0.013941 -0.032196 0.162679 0.109378 0.110145 -0.017792 -0.078804 -0.105941 -0.206729 -0.079349 -0.214267 0.277240 -0.094951 -0.159213 -0.180579 0.096653 0.106696 -0.105068
-0.007374 0.110865 -0.095582 0.112326 1.000000 0.617546 -0.071054 -0.116354 0.592970 0.516469 0.180459 0.160725 0.266992 0.044724 0.490801 0.345142 0.165648 0.002802 0.165747 0.111347 0.285413 0.325838 -0.085222 -0.043625 0.269878 0.258599 0.619672 0.319193 0.044659 -0.011061 0.148608 0.021184 0.052243 0.014856 -0.057718 -0.046592 -0.170132 -0.276508 -0.257432 -0.059464 -0.022414 -0.123248 -0.183341 -0.279963 0.124205 0.036715 -0.182911 -0.328545 -0.047555 0.077180 0.020040 -0.080319 -0.057670 -0.077578 0.018464 -0.257384 0.116961 0.088899 -0.064978 -0.133451 0.090491 0.145038 0.033274 0.169449 0.254779 -0.011329 -0.223363 -0.084271 -0.027484 0.093251 0.077947 -0.085562 -0.049641 0.009192 -0.158126 -0.049263 0.038827 -0.039870 0.069719 0.044805 0.113476 -0.024132 0.324218 0.297075 0.207491 0.018375 0.360599 -0.140040 0.172191 0.181092 -0.089453 0.045700 0.019740 -0.010078 -0.079420 -0.200376 -0.256829 -0.146260 -0.179882 -0.088766 -0.047446 0.010158 -0.037892 -0.356392 -0.113500 -0.110363 -0.333066 -0.327212 -0.013678 -0.080644 -0.344419 -0.241597 -0.307731 0.050637 -0.102240 -0.123008
0.045735 0.143849 -0.163745 -0.014606 0.617546 1.000000 -0.171144 -0.366509 0.310096 0.139583 0.359015 -0.046251 0.368943 0.024181 0.605417 0.440563 0.247137 0.081129 0.167489 -0.065487 0.526591 0.472948 0.231294 0.039145 0.303391 0.350307 0.811452 0.720165 -0.197334 -0.174261 0.051990 -0.022750 0.045117 -0.011719 -0.106615 0.042122 -0.253164 -0.287570 -0.122999 -0.145659 -0.005181 -0.237737 -0.080096 -0.057747 -0.023249 -0.021400 -0.099699 -0.192209 -0.049946 -0.024126 0.050803 -0.051699 -0.043392 -0.113293 0.135337 -0.099158 0.281949 0.287412 0.198347 -0.072414 0.257306 0.227375 -0.074997 0.181029 0.190640 0.134815 -0.021650 -0.057424 0.104123 0.183310 -0.211911 -0.325079 -0.110979 -0.156795 -0.283275 -0.086251 -0.135493 -0.229727 0.143441 0.096706 0.033231 -0.056828 0.222602 0.069943 0.447513 0.007403 0.529298 -0.003507 0.385862 0.368739 -0.278454 -0.071123 -0.071749 -0.160626 -0.132115 -0.202382 -0.158679 -0.375169 -0.330327 -0.099895 -0.300815 -0.170235 -0.250763 -0.275622 -0.259728 -0.199176 -0.256080 -0.320403 0.103704 -0.164295 -0.198970 -0.174832 -0.183974 -0.115347 -0.365600 -0.142243
-0.167752 -0.215015 0.610178 0.329315 -0.071054 -0.171144 1.000000 0.551571 0.211852 0.278228 0.025605 0.373743 0.217991 0.015830 -0.047754 -0.020006 -0.235194 -0.286775 0.232665 0.188918 0.050833 -0.253316 0.197421 0.202006 -0.245777 -0.230552 -0.249245 -0.301152 -0.061816 -0.101500 0.138958 0.127657 -0.145719 0.130241 0.147219 0.091389 -0.164285 -0.188445 -0.231948 -0.116327 -0.231002 -0.044016 -0.101232 -0.144672 0.194853 0.239120 -0.106248 -0.053754 -0.043026 -0.018388 0.015563 -0.045326 -0.184452 0.007171 -0.214997 0.001901 -0.385582 -0.399219 -0.003555 -0.173752 0.077257 -0.116266 -0.202474 -0.378889 0.503601 0.180748 -0.025487 0.222961 -0.318246 -0.076311 0.189946 0.239836 -0.136242 0.209136 0.138517 0.057751 0.027175 0.187809 -0.426537 -0.292311 -0.443587 -0.394215 0.046217 0.116031 -0.125257 -0.014004 -0.091393 -0.010694 -0.028732 -0.325427 0.068618 0.176929 0.263622 0.261278 -0.145439 0.084152 -0.190850 -0.021537 0.070817 0.001194 0.213146 0.174434 0.082515 0.115330 -0.000545 -0.084518 0.000834 0.130908 0.015330 0.055542 -0.099115 0.087228 -0.041956 0.134147 0.173643 0.126678
-0.357335 -0.267856 0.481456 0.572967 -0.116354 -0.366509 0.551571 1.000000 0.224737 0.573740 -0.211789 0.512659 -0.079160 0.070103 -0.212757 -0.015515 -0.342621 -0.293432 0.159948 0.305155 -0.238864 -0.314288 -0.060786 0.303036 -0.274386 -0.110476 -0.546544 -0.621192 0.131092 0.066245 0.192705 0.333877 -0.174811 0.181314 0.124305 0.043764 -0.028124 0.082136 -0.025976 0.135880 -0.102944 0.228295 -0.211602 -0.254014 0.076008 0.210154 -0.178742 -0.117751 -0.206709 0.067923 -0.205503 -0.134265 -0.248441 -0.059875 -0.352570 -0.027288 -0.545989 -0.640474 -0.312210 -0.324948 -0.151545 -0.079566 -0.230795 -0.362454 0.225925 0.173183 -0.390040 -0.021547 -0.405548 -0.199297 0.276288 0.461067 -0.107863 0.348198 0.231909 0.013335 0.146297 0.413460 -0.358774 -0.347766 -0.251023 -0.297771 0.051485 0.321850 -0.296770 0.064381 -0.272430 -0.092559 -0.331718 -0.315133 0.380009 0.194920 0.496037 0.303827 0.159884 0.032907 -0.110742 0.256618 0.271767 -0.054611 0.218929 0.008664 0.229485 -0.021717 -0.016316 -0.079101 -0.139030 0.007597 -0.328439 0.296955 -0.111157 0.016139 -0.086280 0.107181 0.311433 -0.048428
-0.202280 -0.092273 0.332396 0.149853 0.592970 0.310096 0.211852 0.224737 1.000000 0.673745 0.076716 0.290454 0.378104 0.051036 0.451784 0.188637 0.056969 -0.223462 0.072252 0.149716 0.115998 0.029817 0.149138 0.108807 0.334085 0.179933 0.187491 0.039996 -0.100776 -0.162498 -0.015507 0.018253 -0.085702 0.049002 -0.044254 0.023926 -0.338111 -0.325025 -0.218123 -0.027072 -0.325568 -0.247368 -0.220153 -0.215773 0.198024 0.270827 -0.316758 -0.280208 -0.018874 0.092980 -0.004927 -0.197617 -0.259559 -0.259587 -0.126930 -0.226299 -0.110354 -0.170317 0.207129 0.006515 0.211871 0.117013 0.007615 0.002569 0.233021 0.232244 0.011466 0.248099 -0.149446 0.215553 0.015443 0.018530 -0.197730 -0.038121 -0.210120 -0.042377 -0.106042 -0.092770 -0.222111 -0.144325 -0.121622 -0.249064 0.154276 0.211302 0.127269 -0.078713 0.128744 -0.172986 0.214375 0.101825 0.105818 0.235846 0.239864 0.196448 -0.256778 -0.283755 -0.263554 -0.174113 -0.074149 -0.064720 0.082116 -0.192452 -0.011826 -0.287941 0.010609 -0.111655 -0.342034 -0.315411 -0.253906 -0.114377 -0.313088 -0.061826 -0.150877 -0.008081 -0.031853 0.013737
-0.399723 -0.277417 0.325980 0.483215 0.516469 0.139583 0.278228 0.573740 0.673745 1.000000 -0.069242 0.462012 0.153562 0.023989 0.251827 0.279790 -0.154242 -0.246152 0.130394 0.368502 -0.084998 -0.058161 -0.027634 0.324301 0.141619 0.205861 -0.003742 -0.196339 -0.004045 -0.025706 0.163456 0.312234 -0.112437 0.260027 0.087403 0.049726 -0.241233 -0.163996 -0.183557 0.063403 -0.254326 0.060615 -0.143962 -0.267134 0.194938 0.321242 -0.290737 -0.198207 -0.271301 0.104075 -0.266246 -0.269349 -0.337281 -0.133382 -0.349652 -0.274735 -0.404835 -0.483968 -0.279685 -0.368749 -0.147453 -0.047555 -0.164445 -0.276395 0.319925 0.160283 -0.380943 0.074473 -0.284399 0.096719 0.201602 0.278627 -0.277914 0.181564 -0.018139 0.048374 0.086063 0.243624 -0.238211 -0.234674 -0.080865 -0.237045 0.297147 0.478333 -0.070483 0.076182 0.086933 -0.179814 -0.055424 -0.131547 0.305078 0.285726 0.434210 0.313560 0.021231 -0.146212 -0.202270 0.090711 0.054696 -0.105216 0.086488 -0.132296 0.032787 -0.292377 0.039359 -0.054099 -0.303865 -0.234563 -0.354531 0.119428 -0.223858 -0.086288 -0.205837 0.060934 0.192402 0.026970
0.355062 0.176267 -0.088558 -0.146161 0.180459 0.359015 0.025605 -0.211789 0.076716 -0.069242 1.000000 0.278445 0.640560 0.464214 0.482398 0.449340 0.201446 0.012038 0.058339 -0.106267 0.161396 0.334625 0.137266 -0.045775 0.026281 -0.080690 0.405639 0.360884 -0.028957 0.088445 -0.103155 -0.109134 -0.053657 -0.036802 -0.137286 -0.097617 -0.141872 -0.394569 -0.097162 -0.209721 -0.028570 -0.345888 -0.116309 -0.159859 -0.088296 -0.233911 -0.123120 -0.072850 0.178356 -0.106517 0.186508 0.069478 0.160276 0.134523 0.206083 0.087707 0.125480 0.210952 0.442581 0.052389 0.390106 0.430698 -0.091102 0.131954 0.260819 0.289550 0.013405 -0.015220 0.042329 0.110032 -0.351986 -0.279755 0.018511 -0.293564 -0.174749 -0.103148 -0.198711 -0.379338 0.072064 0.084180 -0.203820 -0.092452 0.143455 0.062469 0.523980 0.092993 0.279963 0.090078 0.382058 0.207169 -0.337834 -0.211743 -0.216573 -0.218150 -0.235261 -0.180649 -0.276660 -0.289715 -0.343376 -0.173541 -0.230394 -0.145053 -0.282944 -0.150946 -0.267913 -0.230772 -0.249317 -0.150502 0.274013 -0.154868 -0.192541 -0.071071 -0.058657 0.013554 -0.407513 0.004969
-0.170414 0.013145 0.279009 0.423484 0.160725 -0.046251 0.373743 0.512659 0.290454 0.462012 0.278445 1.000000 0.321479 0.583618 0.220992 0.455885 -0.141933 -0.003204 0.296620 0.154684 -0.077640 -0.006351 -0.007258 0.134716 -0.226136 -0.155528 -0.103306 -0.331625 0.300234 0.353130 0.197266 0.241111 0.059455 0.206707 0.009085 0.087331 0.042059 -0.093577 0.048483 0.144450 -0.035429 0.099558 -0.341476 -0.400389 -0.164908 -0.065898 -0.249233 -0.178077 -0.197959 -0.178048 -0.149497 -0.186926 -0.092877 0.003395 -0.150296 -0.090009 -0.464710 -0.437052 -0.163009 -0.376389 0.132936 0.166204 -0.213407 -0.127934 0.512274 0.358109 -0.358678 -0.163355 -0.309198 -0.243182 -0.035921 0.260938 0.112251 0.241642 0.175232 0.042759 0.043367 0.137579 -0.139195 -0.023892 -0.223038 -0.103635 0.341043 0.541216 0.081509 0.194105 0.118354 0.026526 -0.178370 -0.137601 -0.049847 0.031005 0.191591 0.054230 -0.043447 0.036738 -0.295445 -0.019909 -0.159239 -0.278862 -0.125046 -0.024897 -0.086290 -0.125007 -0.178633 -0.285418 -0.389539 -0.106504 -0.107327 0.209459 -0.141341 -0.190500 -0.208091 0.137968 -0.022533 -0.061721
0.155689 0.081555 0.125026 0.000145 0.266992 0.368943 0.217991 -0.079160 0.378104 0.153562 0.640560 0.321479 1.000000 0.290061 0.623543 0.395783 0.185608 -0.045318 0.152023 0.061670 0.168153 0.110682 0.194715 0.036161 0.109721 -0.193365 0.354228 0.269177 -0.117877 -0.155076 -0.240051 -0.191912 -0.161801 -0.177784 -0.108815 -0.050573 -0.215961 -0.377773 -0.152312 -0.081601 -0.184815 -0.258198 -0.218225 -0.248329 -0.022831 -0.071222 -0.294143 -0.221928 0.241164 -0.020245 0.106548 0.083774 0.106020 0.038489 0.125075 0.034467 -0.066990 0.038332 0.433430 0.050837 0.472508 0.377783 -0.068707 0.079888 0.364621 0.281139 -0.022946 0.013395 -0.163449 0.189656 -0.078083 -0.203144 -0.169697 -0.125544 -0.179160 -0.119390 -0.042494 -0.202670 -0.158355 -0.067886 -0.299502 -0.276383 0.145989 0.003293 0.347374 -0.127055 0.269465 0.074282 0.490564 0.311388 -0.130984 0.058620 -0.096087 0.116578 -0.306070 -0.119138 -0.378579 -0.230869 -0.323325 -0.043772 -0.136766 -0.086975 -0.131453 -0.058873 -0.025445 -0.105583 -0.165425 -0.146200 0.030132 -0.145723 -0.241491 0.000862 0.073071 0.090947 -0.222976 0.161530
0.063168 0.166366 0.000705 0.053743 0.044724 0.024181 0.015830 0.070103 0.051036 0.023989 0.464214 0.583618 0.290061 1.000000 0.252823 0.434850 0.067896 0.118808 0.058355 0.017994 -0.090411 0.085440 -0.057740 -0.006596 -0.144429 -0.207854 0.094541 -0.057919 0.249739 0.402277 -0.006098 0.006794 -0.072160 0.002662 -0.044972 -0.075330 0.133155 -0.068976 0.081247 0.082369 0.103492 0.022764 -0.179399 -0.173559 -0.285994 -0.274570 -0.162445 -0.179941 0.008556 -0.238298 0.022333 -0.021467 0.047975 0.004236 0.036674 -0.100062 -0.102816 -0.067367 0.077156 -0.025017 0.224376 0.205435 0.019185 0.151730 0.156741 0.179089 -0.186122 -0.130342 -0.159229 -0.174165 -0.157054 -0.000848 0.269827 0.065812 0.075582 -0.032148 -0.061205 -0.131283 0.092558 0.032682 -0.042460 0.072581 0.248076 0.252126 0.155793 0.030941 0.055171 0.034079 0.050399 0.029691 -0.130213 -0.109739 0.014245 -0.041919 -0.027747 -0.047451 -0.183081 -0.215178 -0.173994 -0.225908 -0.000442 -0.138656 0.018949 -0.138677 -0.173839 -0.156132 -0.300552 -0.105290 -0.042866 0.047632 -0.131318 -0.258092 -0.071530 0.028010 -0.130628 -0.057473
0.064196 0.125207 0.129198 0.229238 0.490801 0.605417 -0.047754 -0.212757 0.451784 0.251827 0.482398 0.220992 0.623543 0.252823 1.000000 0.712364 0.144948 -0.156473 0.387411 0.293708 0.340798 0.358551 0.443920 0.299345 0.191369 0.236509 0.650130 0.573838 -0.101773 -0.072619 0.091797 0.144113 -0.146190 -0.004887 -0.153003 -0.150096 -0.192212 -0.350491 -0.038823 0.063248 -0.080592 -0.099405 -0.278667 -0.298003 -0.255375 -0.211858 -0.301108 -0.370392 -0.140734 -0.191735 -0.034255 -0.191073 -0.089001 -0.159041 0.100056 -0.086218 -0.010264 0.023429 0.145914 -0.160649 0.171345 0.149217 -0.042506 0.103072 0.276427 0.009333 -0.211911 -0.126151 -0.024831 0.223783 -0.038993 -0.196810 -0.171018 -0.189360 -0.183706 -0.130464 -0.130655 -0.179090 -0.040482 -0.083428 -0.071298 -0.193902 0.465357 0.273425 0.471061 -0.024363 0.417598 0.133034 0.556604 0.329528 -0.118034 0.092721 0.033409 0.116197 -0.203401 -0.236218 -0.234791 -0.349129 -0.459663 -0.059381 -0.122666 -0.133673 -0.147665 -0.230904 -0.153155 -0.137069 -0.271966 -0.278622 0.003413 -0.172443 -0.263709 -0.143552 -0.148412 -0.024958 -0.325647 -0.047158
-0.053724 0.149644 0.100599 0.346023 0.345142 0.440563 -0.020006 -0.015515 0.188637 0.279790 0.449340 0.455885 0.395783 0.434850 0.712364 1.000000 -0.003442 -0.068756 0.361468 0.218089 0.249893 0.484608 0.226291 0.287038 0.005802 0.157583 0.488238 0.335584 0.053943 0.287255 0.275006 0.323414 -0.051923 0.207703 -0.098873 -0.045289 -0.059351 -0.161121 0.123616 0.168349 0.076367 0.129685 -0.239426 -0.343434 -0.347083 -0.279760 -0.165976 -0.295301 -0.277160 -0.294450 -0.218384 -0.248379 -0.084300 -0.205881 -0.063970 -0.076211 -0.193701 -0.084174 -0.058033 -0.360446 0.058085 0.141790 -0.235527 -0.038803 0.301492 0.074892 -0.337319 -0.278989 -0.097278 0.046152 0.002102 0.061938 -0.015938 0.087973 0.035801 0.117475 0.037370 0.005206 0.104610 0.072993 -0.058107 -0.087867 0.506230 0.487407 0.282297 0.066245 0.343413 0.166304 0.261035 0.196089 -0.217033 -0.083534 0.050288 -0.062588 -0.043508 -0.128918 -0.113379 -0.282548 -0.382946 -0.283538 -0.208770 -0.136312 -0.156172 -0.236217 -0.273738 -0.196134 -0.283009 -0.157972 0.033893 0.076850 -0.192610 -0.158019 -0.256652 0.007632 -0.378627 -0.159203
0.289321 0.364383 -0.498099 -0.412185 0.165648 0.247137 -0.235194 -0.342621 0.056969 -0.154242 0.201446 -0.141933 0.185608 0.067896 0.144948 -0.003442 1.000000 0.393155 -0.066538 -0.208336 0.146042 0.101780 -0.334320 -0.457520 -0.066031 -0.165864 0.288047 0.228510 0.270679 0.142387 -0.253167 -0.234108 0.164002 -0.144370 -0.173704 -0.308263 0.036109 -0.147721 0.146349 0.067832 -0.061999 -0.212527 -0.050464 -0.092620 -0.154960 -0.227104 0.043547 -0.233105 0.101577 -0.085129 -0.108054 -0.020999 -0.008039 -0.040191 0.330694 -0.102685 0.568490 0.538571 0.222267 0.142054 0.358769 0.258921 0.631806 0.627073 -0.023789 -0.087035 0.191307 -0.178020 0.305422 0.132426 -0.100993 -0.362547 0.429756 -0.193562 -0.211463 -0.145950 -0.238524 -0.337053 0.501461 0.401235 0.546131 0.545477 0.036714 -0.112739 0.268832 -0.118572 0.208786 -0.076001 0.069745 0.251625 -0.281654 -0.162747 -0.200837 -0.164851 -0.223416 -0.208223 -0.231849 -0.295349 -0.065462 0.039197 -0.238031 -0.144026 -0.107459 -0.023854 0.008536 -0.101118 -0.023783 -0.203757 0.119402 -0.420660 -0.288439 -0.044532 0.110526 -0.097856 -0.252332 0.070162
0.124688 0.123887 -0.441941 -0.350114 0.002802 0.081129 -0.286775 -0.293432 -0.223462 -0.246152 0.012038 -0.003204 -0.045318 0.118808 -0.156473 -0.068756 0.393155 1.000000 -0.102957 -0.395974 0.013794 -0.037186 -0.331762 -0.398349 -0.036873 -0.200571 0.071115 0.021842 0.294060 0.269620 -0.140726 -0.240111 0.254997 -0.166535 0.010196 0.036756 0.204733 0.159698 0.209802 0.121588 0.127544 0.035979 0.113434 0.013505 -0.118879 -0.244747 0.118074 0.017119 0.243110 0.042011 -0.007575 0.171807 0.314216 0.134130 0.066046 -0.005462 0.248486 0.315115 0.035122 0.097883 0.173172 0.189601 0.131879 0.352981 -0.072495 0.147732 0.132761 -0.255180 0.163172 -0.214783 -0.244795 -0.140067 0.388278 0.050874 0.043793 0.062301 0.060247 -0.154410 0.375346 0.490623 0.292240 0.413754 -0.006593 0.008743 0.065822 -0.132520 0.189035 0.137899 -0.144802 0.017475 -0.247943 -0.303665 -0.295369 -0.307521 -0.041071 0.118452 0.040278 -0.091226 0.018267 -0.176023 -0.254795 -0.114068 -0.179293 -0.101013 -0.190837 -0.205263 -0.126550 0.067366 0.210372 -0.122346 -0.092252 -0.064409 0.023617 -0.045829 -0.192330 -0.020650
0.116475 0.123593 0.230419 0.515625 0.165747 0.167489 0.232665 0.159948 0.072252 0.130394 0.058339 0.296620 0.152023 0.058355 0.387411 0.361468 -0.066538 -0.102957 1.000000 0.309340 0.322448 0.051333 0.279157 0.296607 -0.132294 0.168812 0.186931 0.148480 0.330356 0.156958 0.372197 0.248203 0.150153 0.112155 -0.019986 -0.013123 -0.000731 -0.035814 0.037792 0.075465 0.014121 0.265284 -0.213063 -0.237924 -0.235538 -0.128537 0.008197 -0.214729 -0.293922 -0.170200 -0.225706 -0.266508 0.001569 -0.087826 -0.048072 0.021387 -0.270416 -0.246287 -0.261638 -0.387690 -0.151291 -0.117825 -0.099653 -0.153974 0.302457 -0.117421 -0.313198 -0.426112 -0.191832 -0.295870 0.089972 0.168559 0.141918 0.264054 0.144355 0.023127 0.150174 0.263013 -0.025404 -0.049635 -0.130010 -0.110140 0.282043 0.359604 0.029224 0.063624 0.226055 0.214275 0.060506 -0.096517 -0.071412 0.056929 0.112455 0.147991 -0.049765 -0.088893 -0.005414 -0.221878 -0.089977 -0.169826 -0.019273 0.079368 -0.108829 -0.054280 -0.301286 -0.285223 -0.287895 -0.112541 0.021424 0.002247 -0.139349 -0.195105 -0.229780 -0.018523 -0.198752 -0.238022
-0.175788 -0.087021 0.287366 0.484782 0.111347 -0.065487 0.188918 0.305155 0.149716 0.368502 -0.106267 0.154684 0.061670 0.017994 0.293708 0.218089 -0.208336 -0.395974 0.309340 1.000000 -0.040991 -0.103923 0.095757 0.528186 -0.238455 -0.002484 -0.083363 -0.186592 0.044877 -0.064356 0.085969 0.369411 -0.251816 0.113939 0.070840 -0.122235 0.169672 0.098062 -0.122129 0.029563 0.019573 0.397471 -0.305201 -0.246730 -0.200263 -0.112719 -0.315242 -0.289663 -0.286733 -0.220433 -0.393079 -0.171507 -0.307977 -0.248571 -0.317054 -0.270731 -0.408919 -0.406699 -0.380655 -0.206817 -0.410577 -0.373534 0.063234 -0.289516 0.005449 -0.344068 -0.418354 0.057470 -0.192562 0.172963 0.388424 0.232982 -0.199623 0.148679 0.118106 -0.055250 0.362121 0.467123 -0.198477 -0.337278 0.036405 -0.201755 0.468334 0.338597 -0.135487 -0.211840 -0.135995 -0.134312 -0.016474 -0.271742 0.499103 0.514552 0.359562 0.454089 0.037542 -0.117886 -0.152140 -0.002155 -0.051472 0.143745 0.216579 -0.028042 0.091449 0.050767 0.191815 0.366171 0.050349 0.142299 -0.296157 0.076594 -0.101648 -0.105540 0.062408 0.029968 0.384967 0.088194
0.189524 0.189335 -0.077376 -0.006770 0.285413 0.526591 0.050833 -0.238864 0.115998 -0.084998 0.161396 -0.077640 0.168153 -0.090411 0.340798 0.249893 0.146042 0.013794 0.322448 -0.040991 1.000000 0.428743 0.310686 -0.041489 0.257704 0.359077 0.555668 0.505093 0.027283 -0.068124 0.241871 0.088422 0.171318 0.164484 -0.077658 -0.060497 -0.075001 -0.118127 -0.043403 -0.067035 0.230716 -0.046487 0.119969 0.122144 0.075875 0.143962 0.140706 -0.045713 -0.172791 0.057233 -0.032954 -0.160955 -0.143574 -0.286429 -0.014018 0.017071 0.253739 0.153505 -0.021771 -0.148798 0.025191 0.000685 0.061156 0.072607 0.139303 -0.070992 -0.001904 -0.247686 0.054139 -0.025350 -0.128277 -0.235950 0.147491 -0.008523 -0.054291 0.079194 -0.008736 -0.067715 0.196703 0.164520 0.097684 0.035620 0.177313 0.070483 0.259442 0.073297 0.289507 0.075780 0.111307 0.054468 -0.460764 -0.190660 -0.111750 -0.123345 -0.207738 -0.109443 0.019421 -0.313182 -0.234597 -0.094016 -0.237759 0.004936 -0.190035 -0.125231 -0.280688 -0.294725 -0.143722 -0.261956 0.240376 -0.149183 -0.113697 -0.035638 -0.122786 -0.043811 -0.457558 -0.279547
0.026947 0.165680 -0.123295 -0.088758 0.325838 0.472948 -0.253316 -0.314288 0.029817 -0.058161 0.334625 -0.006351 0.110682 0.085440 0.358551 0.484608 0.101780 -0.037186 0.051333 -0.103923 0.428743 1.000000 0.172459 0.034865 0.258740 0.449114 0.527510 0.551420 -0.035507 0.167676 0.429430 0.278117 0.164352 0.190046 -0.060096 -0.014326 -0.114444 -0.310148 -0.030009 -0.101382 0.180837 -0.058632 -0.104561 -0.021629 -0.087846 -0.105057 -0.083853 -0.069619 -0.159973 -0.155656 -0.062161 -0.189910 -0.244813 -0.243869 -0.012480 -0.119208 0.176211 0.227192 0.025217 -0.146045 0.071044 0.113939 0.076987 0.208874 0.092644 0.070892 0.030865 -0.072949 0.166106 0.112829 -0.071012 -0.145432 0.077887 -0.020945 0.039248 0.182024 -0.165102 -0.215902 0.421904 0.211639 0.210366 0.157962 0.156505 0.223073 0.380730 0.245925 0.190949 -0.030342 0.078781 0.139117 -0.466339 -0.325619 -0.197621 -0.342742 -0.181380 -0.058653 -0.110360 -0.134016 -0.470592 -0.243415 -0.232595 -0.094242 -0.200871 -0.308997 -0.238386 -0.094009 -0.251491 -0.143870 0.264401 -0.023256 -0.120128 -0.127992 -0.227351 -0.059746 -0.360209 -0.221651
-0.051632 -0.217441 0.545751 0.278784 -0.085222 0.231294 0.197421 -0.060786 0.149138 -0.027634 0.137266 -0.007258 0.194715 -0.057740 0.443920 0.226291 -0.334320 -0.331762 0.279157 0.095757 0.310686 0.172459 1.000000 0.613214 0.353307 0.485550 0.272409 0.483436 -0.354628 -0.285560 0.294111 0.275151 -0.232109 0.155254 0.011927 0.166167 -0.229444 -0.213349 -0.011948 -0.085560 -0.104713 -0.112591 -0.159473 -0.003431 -0.090279 -0.019312 -0.182538 0.021605 -0.214248 -0.148234 0.109389 -0.220302 -0.146571 -0.093281 -0.089818 0.083985 -0.137004 -0.148005 0.060840 -0.141814 -0.120656 -0.132128 -0.350373 -0.209039 0.120418 0.087076 -0.057754 0.081405 -0.003482 0.235895 -0.078422 -0.007742 -0.309192 -0.037558 -0.062364 -0.007777 -0.124009 -0.141037 -0.276618 -0.301208 -0.375192 -0.392291 0.036768 0.006541 0.212095 0.135956 0.082782 0.219310 0.382216 0.079846 -0.054074 -0.014405 0.049698 0.043415 -0.084502 -0.025856 0.087336 -0.135436 -0.294808 -0.039433 0.051964 -0.052935 -0.102825 -0.067330 -0.132039 -0.191753 -0.008924 0.048754 0.105563 -0.092567 0.136260 -0.080271 -0.115135 -0.069402 -0.176308 -0.095610
-0.375427 -0.344330 0.568519 0.653083 -0.043625 0.039145 0.202006 0.303036 0.108807 0.324301 -0.045775 0.134716 0.036161 -0.006596 0.299345 0.287038 -0.457520 -0.398349 0.296607 0.528186 -0.041489 0.034865 0.613214 1.000000 0.069953 0.437524 0.016073 0.099777 -0.184322 -0.150555 0.387623 0.563452 -0.270191 0.224393 0.152524 0.121682 -0.061781 0.010688 0.014526 0.040936 -0.076694 0.220476 -0.216544 -0.132962 -0.171847 -0.031804 -0.269826 -0.092492 -0.342449 -0.167168 -0.157733 -0.224900 -0.274627 -0.058581 -0.250040 -0.027711 -0.495209 -0.478534 -0.337858 -0.335716 -0.380165 -0.394575 -0.314876 -0.471956 0.080871 -0.094280 -0.348760 0.168861 -0.178054 0.217096 0.165841 0.241355 -0.341516 0.129317 0.027660 -0.090069 0.091153 0.183999 -0.281125 -0.454718 -0.262597 -0.455952 0.233291 0.288945 -0.045863 0.093795 -0.022885 0.108547 0.132099 -0.071621 0.361880 0.254520 0.330794 0.247790 0.012834 -0.061446 -0.065773 -0.018104 -0.139396 -0.025129 0.136382 -0.131793 0.028258 -0.108094 -0.016257 0.058002 0.023939 0.170384 -0.202475 0.117122 0.033138 -0.157341 -0.034224 0.039630 0.153763 -0.057679
-0.091593 -0.235043 0.018257 -0.118854 0.269878 0.303391 -0.245777 -0.274386 0.334085 0.141619 0.026281 -0.226136 0.109721 -0.144429 0.191369 0.005802 -0.066031 -0.036873 -0.132294 -0.238455 0.257704 0.258740 0.353307 0.069953 1.000000 0.611574 0.339413 0.355519 -0.216335 -0.152262 0.102020 0.062212 0.084627 0.132048 0.067923 0.177324 -0.251252 -0.192095 0.053392 -0.026896 -0.095320 -0.129054 0.028184 0.094996 0.201142 0.248952 -0.145153 -0.038960 -0.008372 0.064779 0.089913 -0.163258 -0.074207 -0.208708 0.039983 -0.187883 0.026480 0.062868 0.158162 0.126133 0.014548 0.025158 -0.084786 0.054178 -0.036223 0.120813 0.165416 0.181670 0.051948 0.138155 -0.178665 -0.074218 -0.117016 -0.002326 -0.041799 0.142054 -0.091663 -0.144038 0.017244 -0.067511 0.041447 -0.031466 -0.108784 -0.044285 0.156652 0.122556 0.160811 0.098825 0.288901 0.085648 -0.158189 -0.193601 -0.129153 -0.110176 -0.118439 -0.162994 0.212305 -0.113863 -0.182635 -0.237099 0.009843 -0.071819 -0.034087 -0.223477 -0.050364 -0.177409 -0.066174 -0.143884 -0.073232 -0.244289 -0.031684 -0.048721 -0.117929 -0.123776 -0.207684 -0.090968
-0.145575 -0.182533 0.083419 0.183125 0.258599 0.350307 -0.230552 -0.110476 0.179933 0.205861 -0.080690 -0.155528 -0.193365 -0.207854 0.236509 0.157583 -0.165864 -0.200571 0.168812 -0.002484 0.359077 0.449114 0.485550 0.437524 0.611574 1.000000 0.397838 0.482074 -0.078488 -0.015280 0.557290 0.507481 0.116791 0.412621 0.032263 0.179549 -0.161815 -0.140336 0.033839 0.016052 0.099226 0.092387 0.028287 0.107874 0.098157 0.227496 -0.097127 0.011569 -0.380210 -0.008559 -0.070477 -0.338357 -0.310377 -0.193632 -0.099136 -0.101033 0.014262 -0.005923 -0.233989 -0.251011 -0.248645 -0.154981 -0.120983 -0.074541 0.013563 -0.006532 -0.146167 -0.020229 0.125245 0.132319 -0.096199 -0.061275 -0.037896 0.007227 -0.029408 0.091330 -0.132233 -0.120287 0.169897 -0.043087 0.140730 0.002129 0.104914 0.224677 0.188284 0.327192 0.071135 0.057551 0.078479 0.012547 -0.256120 -0.214205 -0.030199 -0.196178 -0.042175 -0.119517 0.086000 -0.105487 -0.316828 -0.253855 -0.056072 -0.207421 -0.181199 -0.439689 -0.224080 -0.205578 -0.171817 -0.233309 0.007553 -0.098009 -0.080673 -0.263155 -0.191903 -0.173482 -0.231508 -0.256721
0.247376 0.236760 -0.231034 -0.105449 0.619672 0.811452 -0.249245 -0.546544 0.187491 -0.003742 0.405639 -0.103306 0.354228 0.094541 0.650130 0.488238 0.288047 0.071115 0.186931 -0.083363 0.555668 0.527510 0.272409 0.016073 0.339413 0.397838 1.000000 0.824147 -0.148362 -0.110638 0.114427 -0.027037 -0.010215 -0.010467 -0.136795 -0.056203 -0.166878 -0.378776 -0.169497 -0.146093 0.114554 -0.214900 -0.028754 -0.040967 -0.077230 -0.103317 -0.052495 -0.135257 -0.047699 -0.027375 0.060012 -0.056322 0.002359 -0.105204 0.226149 -0.034022 0.359227 0.371418 0.117113 -0.084910 0.242739 0.203076 0.025482 0.292028 0.148520 -0.023758 -0.098298 -0.192676 0.120001 0.191782 -0.173504 -0.401223 -0.014239 -0.199586 -0.252337 -0.077852 -0.131993 -0.273807 0.221132 0.118466 0.100110 0.006092 0.234595 0.028337 0.434675 0.042822 0.470671 0.042685 0.413025 0.358500 -0.368136 -0.140066 -0.184490 -0.166567 -0.203498 -0.059200 -0.141082 -0.363211 -0.416250 0.001674 -0.188231 -0.102146 -0.197160 -0.230019 -0.185710 -0.164429 -0.129967 -0.281772 0.317160 -0.187622 -0.140479 -0.138797 -0.111334 -0.005774 -0.438606 -0.115173
0.288201 0.195197 -0.185354 -0.184398 0.319193 0.720165 -0.301152 -0.621192 0.039996 -0.196339 0.360884 -0.331625 0.269177 -0.057919 0.573838 0.335584 0.228510 0.021842 0.148480 -0.186592 0.505093 0.551420 0.483436 0.099777 0.355519 0.482074 0.824147 1.000000 -0.250751 -0.223657 0.078232 -0.067756 -0.028252 -0.049203 -0.145941 -0.025971 -0.287847 -0.330709 -0.072405 -0.161909 0.042147 -0.253612 0.081860 0.143804 -0.121978 -0.106518 0.064559 0.058415 -0.096685 -0.107689 0.138010 -0.104430 0.019230 -0.053379 0.166475 0.067528 0.411802 0.441953 0.191092 -0.018396 0.143720 0.129562 -0.029972 0.227316 0.080934 -0.009563 0.064364 -0.129584 0.313703 0.288272 -0.280924 -0.411827 -0.085551 -0.284034 -0.315186 -0.013102 -0.272678 -0.422607 0.224671 0.106067 0.083053 0.000494 0.083003 -0.097287 0.506103 0.094386 0.376764 0.130248 0.484479 0.354673 -0.386760 -0.198307 -0.227533 -0.254980 -0.163997 -0.058297 0.006348 -0.265429 -0.383182 0.013436 -0.158900 -0.130085 -0.232826 -0.202271 -0.203772 -0.179816 -0.079497 -0.247999 0.370282 -0.216546 0.032394 -0.143890 -0.060969 -0.102628 -0.451905 -0.135344
0.036727 0.035204 -0.307766 0.067541 0.044659 -0.197334 -0.061816 0.131092 -0.100776 -0.004045 -0.028957 0.300234 -0.117877 0.249739 -0.101773 0.053943 0.270679 0.294060 0.330356 0.044877 0.027283 -0.035507 -0.354628 -0.184322 -0.216335 -0.078488 -0.148362 -0.250751 1.000000 0.563053 0.135119 0.181245 0.337672 0.104052 -0.035648 -0.015054 0.388309 0.191109 0.284134 0.282782 0.330866 0.394289 -0.156147 -0.233796 -0.196575 -0.221493 0.115213 -0.213427 -0.123158 -0.165048 -0.208515 -0.084916 0.012189 -0.047654 -0.034701 -0.111268 -0.157216 -0.180097 -0.332048 -0.186856 -0.133392 -0.118760 0.234385 0.009377 0.127562 -0.102471 -0.169998 -0.344187 -0.176154 -0.565596 0.120181 0.186046 0.697070 0.295197 0.275061 0.144124 0.162490 0.188620 0.326053 0.228960 0.329747 0.348607 0.334620 0.438328 0.003294 0.103878 0.097519 0.134389 -0.416878 -0.165502 -0.115896 -0.191600 -0.111329 -0.125199 0.167825 -0.021475 -0.006828 -0.008462 0.077860 -0.329296 -0.090629 -0.076693 -0.116995 -0.066486 -0.250679 -0.227309 -0.185908 0.004364 -0.002141 -0.042776 -0.146148 -0.281754 -0.228959 -0.082358 -0.166296 -0.207201
0.019520 0.141274 -0.277081 -0.003516 -0.011061 -0.174261 -0.101500 0.066245 -0.162498 -0.025706 0.088445 0.353130 -0.155076 0.402277 -0.072619 0.287255 0.142387 0.269620 0.156958 -0.064356 -0.068124 0.167676 -0.285560 -0.150555 -0.152262 -0.015280 -0.110638 -0.223657 0.563053 1.000000 0.244984 0.255515 0.343510 0.222518 -0.117952 -0.017315 0.356895 0.135092 0.175651 0.094383 0.223026 0.372030 -0.078133 -0.177213 -0.210509 -0.275169 0.114685 -0.116642 -0.130882 -0.179933 -0.278792 -0.132027 0.023675 -0.060950 -0.013666 -0.100208 -0.141380 -0.027956 -0.255040 -0.159554 -0.115654 0.093965 0.068373 0.108892 0.073582 -0.059530 -0.164265 -0.361614 -0.005997 -0.297681 0.072105 0.146049 0.602104 0.403641 0.418928 0.312332 0.192371 0.165398 0.412628 0.500146 0.290519 0.505041 0.176900 0.291830 -0.092895 0.006539 0.057049 0.062763 -0.314617 -0.190845 -0.271843 -0.201423 -0.084243 -0.190928 -0.050721 -0.054495 0.074545 -0.175696 0.025966 -0.345437 -0.130651 -0.041253 -0.051585 -0.160910 -0.191967 -0.266468 -0.354169 -0.105802 0.044123 -0.023390 -0.176692 -0.141619 -0.250305 -0.005538 -0.227624 -0.216904
-0.341593 -0.209781 0.253214 0.397838 0.148608 0.051990 0.138958 0.192705 -0.015507 0.163456 -0.103155 0.197266 -0.240051 -0.006098 0.091797 0.275006 -0.253167 -0.140726 0.372197 0.085969 0.241871 0.429430 0.294111 0.387623 0.102020 0.557290 0.114427 0.078232 0.135119 0.244984 1.000000 0.760040 0.181253 0.592493 0.258517 0.255346 0.089245 -0.023290 0.051414 -0.015169 0.231218 0.271036 -0.205661 -0.141001 -0.014925 0.043762 -0.238395 -0.209539 -0.479198 -0.114552 -0.176755 -0.332646 -0.423625 -0.132127 -0.168397 -0.087332 -0.185607 -0.185673 -0.438525 -0.524739 -0.236927 -0.154485 -0.171271 -0.097354 0.293529 0.076843 -0.301596 -0.143284 -0.086754 -0.134829 0.183964 0.132621 0.152396 0.293388 0.349599 0.274033 0.015504 0.125344 0.104437 0.029350 -0.017196 -0.016170 0.136066 0.417419 0.028435 0.336755 -0.103315 -0.037285 -0.232486 -0.255087 -0.277373 -0.144349 0.162101 -0.063949 -0.069718 0.105913 -0.220196 -0.095033 -0.325574 -0.200566 -0.029840 0.068786 -0.155076 -0.250201 -0.229112 -0.099662 -0.203110 -0.079440 0.111140 0.104375 -0.225155 -0.139072 -0.214349 0.060071 -0.082636 -0.164085
-0.506176 -0.389093 0.295455 0.496418 0.021184 -0.022750 0.127657 0.333877 0.018253 0.312234 -0.109134 0.241111 -0.191912 0.006794 0.144113 0.323414 -0.234108 -0.240111 0.248203 0.369411 0.088422 0.278117 0.275151 0.563452 0.062212 0.507481 -0.027037 -0.067756 0.181245 0.255515 0.760040 1.000000 0.071981 0.702731 0.178495 0.209415 0.201135 0.050968 0.118512 0.134991 0.228180 0.432264 -0.268474 -0.219780 -0.134554 -0.008632 -0.307063 -0.283833 -0.537779 -0.276980 -0.377152 -0.366628 -0.481677 -0.268728 -0.272948 -0.237305 -0.356366 -0.382604 -0.450964 -0.544243 -0.335741 -0.295382 -0.158002 -0.261176 0.220612 0.071493 -0.327272 0.020790 -0.195409 -0.041912 0.222840 0.210634 0.153170 0.354901 0.425325 0.272081 0.082964 0.283025 0.086092 -0.081067 0.069689 -0.040185 0.320678 0.478807 0.027556 0.233107 -0.048778 -0.030482 -0.125904 -0.314152 -0.010912 -0.039547 0.219250 0.079564 0.045734 0.001038 -0.170935 -0.120147 -0.300005 -0.259766 -0.055857 -0.036312 -0.154315 -0.279264 -0.061937 0.022119 -0.136943 -0.024686 -0.183227 0.002728 -0.234117 -0.131985 -0.144996 -0.092735 0.072814 0.003069
0.013222 0.138317 -0.356573 -0.049301 0.052243 0.045117 -0.145719 -0.174811 -0.085702 -0.112437 -0.053657 0.059455 -0.161801 -0.072160 -0.146190 -0.051923 0.164002 0.254997 0.150153 -0.251816 0.171318 0.164352 -0.232109 -0.270191 0.084627 0.116791 -0.010215 -0.028252 0.337672 0.343510 0.181253 0.071981 1.000000 0.348843 0.116314 0.191146 0.095293 0.119879 0.120125 0.015190 0.058782 0.097676 0.144911 0.127437 -0.012765 0.044347 0.258430 0.153908 -0.192215 -0.005677 -0.179758 -0.247012 -0.017923 -0.109657 0.007893 -0.144990 0.083050 0.204306 -0.118716 -0.112651 0.019799 0.111321 0.050178 0.170536 0.154925 0.016387 0.154838 -0.151961 0.287336 -0.229701 -0.176313 -0.036432 0.394568 0.071436 0.105709 0.119155 0.044518 0.131528 0.402492 0.451071 0.326132 0.487350 0.017997 0.085013 0.039306 0.159726 0.233888 0.098573 -0.285408 -0.233121 -0.420655 -0.408282 -0.342746 -0.375609 -0.125222 -0.176975 0.079909 -0.179340 -0.083128 -0.348539 -0.293931 0.057929 -0.353019 -0.094952 -0.271792 -0.268260 -0.213076 -0.149311 0.090733 -0.187760 -0.115572 -0.241568 -0.310042 -0.109472 -0.310143 -0.118512
-0.369211 -0.295628 0.148580 0.306953 0.014856 -0.011719 0.130241 0.181314 0.049002 0.260027 -0.036802 0.206707 -0.177784 0.002662 -0.004887 0.207703 -0.144370 -0.166535 0.112155 0.113939 0.164484 0.190046 0.155254 0.224393 0.132048 0.412621 -0.010467 -0.049203 0.104052 0.222518 0.592493 0.702731 0.348843 1.000000 0.237260 0.371933 0.089850 -0.001059 -0.000726 -0.049535 0.170090 0.139512 -0.114231 -0.099496 -0.015826 0.130864 -0.249635 -0.127327 -0.491302 -0.260463 -0.275572 -0.397586 -0.374293 -0.153445 -0.224107 -0.200604 -0.108634 -0.050782 -0.257678 -0.465270 -0.121223 -0.070703 -0.139415 -0.072192 0.327476 0.248794 -0.168795 0.085758 0.032313 0.073520 -0.144357 0.023056 0.196926 0.111103 0.218944 0.314615 -0.019201 0.215420 0.179346 0.136549 0.093777 0.121996 0.125570 0.204730 0.013700 0.213683 -0.061558 -0.120870 -0.156428 -0.300147 -0.290618 -0.166571 0.116515 -0.056822 -0.137667 -0.050780 -0.181571 -0.196438 -0.375172 -0.184574 -0.142721 -0.001307 -0.274511 -0.200026 -0.033948 -0.096450 -0.228746 -0.257249 0.004103 0.008208 -0.210688 -0.025024 -0.154257 -0.003541 -0.125317 0.082968
-0.393531 -0.316495 0.163105 0.070129 -0.057718 -0.106615 0.147219 0.124305 -0.044254 0.087403 -0.137286 0.009085 -0.108815 -0.044972 -0.153003 -0.098873 -0.173704 0.010196 -0.019986 0.070840 -0.077658 -0.060096 0.011927 0.152524 0.067923 0.032263 -0.136795 -0.145941 -0.035648 -0.117952 0.258517 0.178495 0.116314 0.237260 1.000000 0.627200 0.160299 0.220392 0.069752 -0.136397 -0.027873 0.164678 -0.198228 -0.168740 0.006086 0.070339 -0.347911 -0.049638 -0.268827 -0.185403 -0.222522 -0.235383 -0.316834 -0.151085 -0.222982 -0.267882 -0.243815 -0.168819 -0.129687 -0.218416 -0.021285 0.052522 -0.237587 -0.111851 0.225143 0.284670 -0.109888 0.191946 -0.263045 -0.133252 0.136668 0.273769 -0.065910 0.170239 0.114391 0.259242 0.179667 0.264766 -0.173023 -0.136316 -0.031995 -0.125172 0.008930 0.139533 -0.221730 -0.154774 -0.087877 -0.062207 -0.015496 -0.239940 0.178943 0.143324 0.255811 0.227096 0.098179 0.052692 -0.087931 0.222873 -0.100358 -0.063042 0.104067 0.222674 0.063590 0.232717 0.161724 0.272934 0.238035 0.240913 -0.053682 0.181981 0.187772 0.042738 -0.040131 0.216362 0.276468 0.110085
-0.450511 -0.379689 0.191823 0.087357 -0.046592 0.042122 0.091389 0.043764 0.023926 0.049726 -0.097617 0.087331 -0.050573 -0.075330 -0.150096 -0.045289 -0.308263 0.036756 -0.013123 -0.122235 -0.060497 -0.014326 0.166167 0.121682 0.177324 0.179549 -0.056203 -0.025971 -0.015054 -0.017315 0.255346 0.209415 0.191146 0.371933 0.627200 1.000000 0.139055 0.135294 0.108026 -0.173565 -0.020576 0.060876 -0.096880 -0.053618 0.066857 0.145296 -0.262717 0.149998 -0.256508 -0.188206 -0.165861 -0.235948 -0.168026 -0.034500 -0.142243 -0.136379 -0.319497 -0.136916 -0.080753 -0.341121 0.025325 0.000351 -0.443786 -0.245574 0.319163 0.487690 -0.162876 0.117414 -0.228756 -0.189160 -0.100702 0.272641 0.029111 0.232813 0.081400 0.337121 0.188342 0.261892 -0.075581 0.028244 -0.177818 -0.168911 -0.017361 0.048485 -0.155959 -0.108100 0.016741 -0.020383 -0.044655 -0.212428 0.019890 0.080066 0.118139 0.069055 0.113930 0.130928 -0.011816 0.100066 -0.123673 -0.155349 -0.151538 0.096819 -0.212159 0.084535 0.088891 0.081809 0.049153 0.175895 -0.029722 0.173016 0.289439 -0.095952 -0.081250 0.054270 0.070042 0.071322
