1.000000 0.491294 0.057204 -0.052504 -0.054706 -0.216571 0.160578 0.058618 -0.135490 -0.355650 0.144706 0.178491 0.175759 0.145858 0.089473 -0.033119 0.236364 0.010861 0.351896 0.344652 -0.013181 -0.068121 -0.062372 -0.150730 -0.336768 -0.307148 -0.125710 -0.313313 0.298846 0.024544 0.159659 0.011626 0.299640 0.218958 -0.252597 -0.490904 -0.017409 -0.084081 0.028597 0.089044 -0.133973 -0.025496 -0.179173 -0.013379 -0.034068 -0.309541 -0.145377 -0.161533 0.033514 0.074612 -0.058626 0.039431 0.032712 -0.244962 0.207030 -0.030257 0.405562 0.261163 -0.040893 0.082602 0.301848 0.237152 -0.056455 0.034811 -0.273641 -0.057931 -0.030592 -0.365402 0.315783 0.158004 0.061272 0.176338 0.322769 -0.155992 0.055354 0.053161 -0.262994 -0.332523 0.089303 0.049747 0.135140 0.120440 0.301726 -0.077468 0.064472 -0.237615 0.135128 0.134098 -0.079089 0.196292 -0.315307 0.100775 -0.199902 -0.125316 0.000958 -0.044296 0.078391 -0.180568 -0.055443 0.016275 -0.089746 0.109158 -0.216207 0.043133 -0.097101 -0.119821 -0.092177 -0.092978 0.031117 -0.189417 -0.169090 -0.192276 -0.144662 0.065801 0.062410 0.077957
0.491294 1.000000 -0.190052 -0.023372 -0.013400 -0.368554 -0.243471 0.102186 -0.117523 -0.468033 0.209623 0.274596 0.328273 0.439616 0.157500 0.197498 0.229921 -0.096774 0.072929 0.247370 0.230305 0.129144 -0.449966 -0.413656 -0.474069 -0.560350 0.147138 -0.217970 0.423469 0.127975 0.271927 -0.041985 0.388071 0.355187 -0.462794 -0.520467 0.100470 -0.199130 -0.228042 0.064349 0.061238 0.011953 -0.264897 -0.138873 0.053673 -0.226432 -0.033198 -0.262698 0.114406 0.077219 -0.070590 0.077561 0.090354 -0.136345 0.081632 -0.158057 0.398162 0.300680 0.206547 0.364755 0.477464 0.305635 0.404008 0.287731 -0.461690 -0.232115 0.049828 -0.401846 0.233186 0.052681 0.018098 0.227791 0.404931 -0.336249 -0.012493 0.037046 -0.235531 -0.415102 0.083543 0.092667 0.513678 0.351483 0.232367 0.051549 -0.109709 -0.053240 -0.040486 -0.023576 -0.428103 0.177180 -0.238267 -0.137313 -0.365664 -0.262050 -0.153016 -0.003192 0.152519 -0.176754 -0.029842 0.042690 -0.114210 -0.109423 -0.113760 0.001199 -0.070469 -0.230762 -0.034296 -0.083745 0.300451 -0.123053 -0.170730 -0.072216 -0.094125 -0.030055 -0.032312 -0.040434
0.057204 -0.190052 1.000000 0.089577 0.033421 0.464516 0.368180 0.148979 0.339881 0.274638 0.164036 0.141603 0.087272 -0.084177 -0.051317 -0.235215 -0.411516 0.034852 -0.015049 -0.099569 -0.278041 -0.218299 0.194479 0.191850 0.019105 0.040358 -0.018519 0.283535 -0.254314 -0.135282 -0.308085 -0.181809 -0.320459 -0.261134 0.245901 0.192046 -0.016769 0.319992 -0.038884 0.017036 -0.250903 0.193852 0.226192 0.107870 -0.152163 -0.011739 -0.138688 0.084722 -0.015493 -0.150109 0.081254 -0.057377 -0.078876 0.106642 -0.017406 -0.141973 -0.461815 -0.479880 -0.115075 -0.309887 0.059976 0.169588 -0.440184 -0.320657 0.105927 0.350571 -0.133861 0.133742 -0.489648 -0.420586 -0.055573 -0.102157 -0.247342 0.262456 -0.083310 0.117891 0.133044 0.415916 -0.399185 -0.206079 -0.460948 -0.387317 -0.048812 -0.101536 -0.130324 0.077870 0.031061 0.097748 0.309397 -0.103891 0.154764 0.024410 0.203992 0.258013 0.060270 0.272062 -0.113180 -0.019838 -0.290043 -0.225220 0.085553 0.169000 0.105168 0.167819 0.107197 0.261732 -0.082570 0.074404 -0.020578 0.207378 0.110577 -0.044664 0.041379 0.120973 0.078020 -0.124964
-0.052504 -0.023372 0.089577 1.000000 0.102365 -0.024960 0.421779 0.699181 -0.086226 0.126278 0.204245 0.277726 -0.067792 0.290117 0.303521 0.349721 -0.329096 -0.363817 0.143255 0.157601 -0.083281 -0.002525 0.213956 0.523486 -0.154209 0.086018 0.246910 -0.064862 -0.128139 -0.320296 0.312861 0.439744 -0.150469 -0.052960 0.041656 0.128991 -0.167231 -0.086905 -0.336260 -0.347984 -0.164506 -0.248750 -0.095720 -0.275350 -0.330092 -0.261372 -0.218273 -0.363897 -0.225891 -0.225251 -0.151253 -0.276518 0.047943 -0.151507 -0.294344 -0.235585 -0.258794 -0.347542 -0.244936 -0.291277 -0.003218 0.158598 -0.146835 -0.412601 0.369425 0.476870 -0.494576 -0.137684 -0.046517 -0.109442 0.208924 0.297842 -0.178585 -0.037640 -0.190778 0.262626 0.203502 0.132461 -0.117050 -0.197414 -0.163232 -0.300211 -0.052186 -0.041494 0.075819 0.112279 -0.231629 0.173240 0.215327 0.167297 0.016436 0.068578 0.218381 0.136091 -0.016346 0.070276 -0.272219 0.011567 -0.213885 -0.075141 0.158641 -0.084748 0.048834 -0.186289 -0.321944 -0.059652 0.027316 -0.056933 0.073118 -0.018214 -0.336608 -0.034790 0.032437 0.003853 -0.163386 -0.051456
-0.054706 -0.013400 0.033421 0.102365 1.000000 -0.192394 0.260626 0.270928 0.148216 -0.132065 0.125311 0.128587 -0.103471 0.263011 0.304735 0.367594 -0.271466 -0.455636 -0.138001 -0.031860 0.236795 0.124686 0.018440 0.105097 -0.017219 0.056483 0.523454 -0.277055 -0.143309 -0.410147 0.358027 0.058007 0.042872 -0.165283 -0.026132 -0.167637 0.078158 -0.277654 -0.130594 0.044870 -0.037765 -0.276488 0.031130 -0.106997 -0.105565 -0.214915 -0.038182 -0.139153 0.112361 0.082249 -0.282271 0.077676 0.144980 -0.251763 0.121870 0.193976 -0.163483 -0.258334 0.013276 -0.056102 0.061005 0.057633 0.057346 -0.281365 -0.109770 -0.036829 -0.225429 -0.240087 -0.122077 0.002192 0.272282 0.223930 0.010817 -0.185360 -0.273768 0.033159 0.075844 0.076324 -0.224988 -0.211926 -0.194399 -0.337531 0.223781 -0.269380 -0.181399 -0.368839 -0.168564 -0.197790 0.064510 0.496133 0.192983 0.363235 0.155834 0.327096 0.054088 -0.061434 -0.144996 0.070710 0.138139 0.283228 0.180945 0.123071 0.128918 0.180174 0.045255 -0.029501 -0.037370 0.039169 0.108737 0.137878 0.002790 0.134057 0.129506 0.034701 -0.070084 0.074462
-0.216571 -0.368554 0.464516 -0.024960 -0.192394 1.000000 0.189604 -0.176106 0.227536 0.679739 0.095998 0.074514 -0.041253 -0.245908 -0.204164 -0.274883 -0.220614 0.286775 -0.174470 -0.289115 -0.440661 -0.236900 0.200246 0.281793 0.293630 0.211421 -0.257339 0.625247 -0.200357 0.028122 -0.581715 -0.322089 -0.432966 -0.450861 0.332241 0.460879 -0.289776 0.436487 -0.117487 0.035632 -0.333690 0.256467 0.206691 0.120469 -0.182069 0.053800 -0.133609 0.223091 0.059263 -0.137942 0.134117 0.109307 -0.110486 0.388251 -0.284056 -0.225979 -0.470172 -0.342161 -0.024738 -0.312649 -0.141335 0.032792 -0.323801 -0.232501 0.286270 0.397125 -0.127499 0.292189 -0.373905 -0.234313 -0.314123 -0.159051 -0.508815 0.469327 0.150841 0.166198 0.219597 0.494746 -0.219198 -0.201238 -0.394801 -0.194196 -0.318353 0.228759 -0.183159 0.375802 0.099675 -0.101961 0.252359 -0.512493 0.224547 0.078753 0.466079 0.272680 -0.045055 0.353273 -0.332405 -0.135314 -0.280227 -0.390394 0.278803 0.294212 0.163963 0.075045 0.062371 0.233000 0.032155 0.023366 0.036399 0.219673 0.106002 -0.065061 0.062701 0.172805 0.029042 -0.215938
0.160578 -0.243471 0.368180 0.421779 0.260626 0.189604 1.000000 0.415082 -0.126413 0.174483 0.185355 0.193321 -0.225528 0.064234 0.178671 0.086053 -0.401972 -0.256085 0.211501 0.077579 -0.140264 -0.023987 0.373019 0.454757 -0.225237 0.197659 0.112019 -0.055075 -0.211329 -0.296801 0.238587 0.275732 -0.211662 -0.245284 0.190660 0.083811 -0.316352 -0.058698 -0.180936 -0.235695 -0.517333 -0.060367 0.225206 0.045760 -0.174434 -0.109441 -0.089769 -0.026591 0.037673 -0.017668 -0.168553 -0.009499 -0.034905 0.008690 -0.219829 -0.071276 -0.329345 -0.442754 -0.120224 -0.356624 -0.060605 0.040358 -0.283930 -0.405692 0.340891 0.317765 -0.453407 -0.142655 -0.248332 -0.221519 0.050787 0.034364 -0.078369 0.122000 -0.129800 0.122572 0.122374 0.078251 -0.244550 -0.264250 -0.565137 -0.550979 -0.056255 -0.022720 -0.151585 0.049036 -0.121939 0.103720 0.329033 0.041265 0.079177 0.221365 0.293471 0.235517 0.015363 -0.038182 -0.307858 -0.111506 -0.106319 -0.050863 0.140799 0.168880 0.017115 0.023731 -0.091993 0.136985 0.004298 0.050068 -0.007151 0.020838 -0.232539 0.201740 0.047647 0.122262 0.020065 -0.162115
0.058618 0.102186 0.148979 0.699181 0.270928 -0.176106 0.415082 1.000000 -0.021673 0.041131 0.337726 0.393024 0.058408 0.540091 0.268889 0.438378 -0.371287 -0.541772 0.056797 -0.009203 0.160633 0.106649 -0.114555 0.210553 -0.383417 -0.096843 0.452836 -0.120634 -0.158335 -0.373701 0.485474 0.483644 -0.075499 0.016621 -0.203600 -0.075301 -0.095641 -0.158566 -0.443550 -0.277263 -0.197001 -0.091939 0.028309 -0.161691 -0.202405 -0.163471 -0.050029 -0.332535 -0.122424 -0.137969 -0.109920 -0.249657 0.069098 -0.178253 -0.203778 -0.183017 -0.275565 -0.526729 -0.032518 -0.154085 0.290235 0.458934 -0.038676 -0.266513 0.110292 0.510315 -0.493681 -0.209688 -0.161481 -0.164813 0.191896 0.092189 -0.084593 -0.097724 -0.258009 0.158851 0.101521 0.074950 -0.163316 -0.438073 -0.201411 -0.414302 -0.028557 -0.142682 -0.327055 -0.038158 -0.298814 0.143150 -0.036840 0.376394 0.073167 0.023145 0.105910 0.110730 -0.030751 -0.092083 -0.173917 -0.004736 -0.071174 0.063347 0.220167 -0.082021 0.088055 -0.092665 -0.272106 -0.128163 0.016058 -0.031012 0.153566 0.076534 -0.242607 0.069032 -0.008756 -0.011668 -0.075392 -0.182380
-0.135490 -0.117523 0.339881 -0.086226 0.148216 0.227536 -0.126413 -0.021673 1.000000 0.144939 0.222150 0.266629 0.272752 0.083552 0.144569 0.139615 -0.098797 0.116643 -0.319309 -0.369080 -0.104426 -0.171175 -0.043969 -0.103307 0.199200 -0.052509 0.146329 0.244306 -0.009899 0.192977 -0.354371 -0.401785 -0.094176 -0.241644 0.060578 0.162525 0.239319 0.305663 -0.029250 -0.068248 0.030967 0.095917 -0.240844 -0.201143 -0.334182 -0.165508 -0.208630 -0.159806 -0.045718 -0.178923 0.047517 -0.036947 -0.003824 0.124116 -0.113991 0.060799 -0.375458 -0.230972 0.053976 -0.047083 0.187118 0.211263 0.021753 -0.165101 0.004912 0.284205 -0.028890 0.027520 -0.217898 -0.153680 -0.306003 0.007825 -0.110259 0.170162 0.022275 0.130717 0.136405 0.371118 -0.022413 -0.105845 -0.037285 0.029935 -0.089035 0.035518 0.033235 0.240047 -0.099106 -0.071678 0.086214 0.032192 0.096619 0.105222 0.160042 0.282686 -0.010251 0.105905 -0.164016 -0.114309 -0.135829 -0.096374 0.217722 0.085660 -0.023318 0.122993 0.013583 0.075336 -0.287975 -0.189830 -0.045672 0.091083 -0.014529 -0.021134 0.170882 0.109625 0.054351 -0.048389
-0.355650 -0.468033 0.274638 0.126278 -0.132065 0.679739 0.174483 0.041131 0.144939 1.000000 0.131046 0.123613 -0.060479 -0.141895 -0.112629 0.009470 -0.231279 0.204075 -0.050808 -0.164916 -0.204291 -0.144667 0.178882 0.346524 0.340998 0.362811 -0.257513 0.471768 -0.303147 -0.074692 -0.399975 -0.078725 -0.460052 -0.288618 0.299679 0.404001 -0.290832 0.223700 -0.140919 0.040762 -0.217848 0.188057 0.118880 -0.008972 -0.296962 -0.020400 -0.193553 0.105542 -0.152597 -0.311616 0.104648 -0.110174 -0.042605 0.309713 -0.341952 -0.229345 -0.490725 -0.364558 -0.081340 -0.393068 -0.210603 0.004857 -0.197162 -0.322132 0.377854 0.442180 -0.161897 0.292479 -0.305075 -0.149052 -0.197077 -0.254337 -0.538687 0.395438 0.195437 0.180777 0.231661 0.425352 -0.174276 -0.279072 -0.332447 -0.255375 -0.311028 0.368228 -0.122117 0.330456 -0.017175 -0.098379 0.183702 -0.417930 0.316548 0.051321 0.468008 0.282430 -0.035196 0.081416 -0.387465 -0.142463 -0.266035 -0.341284 0.164720 0.220644 0.148479 -0.088111 -0.144060 0.095215 -0.079341 -0.019963 -0.071858 0.257471 0.098953 -0.068731 0.091572 0.118116 0.040153 -0.281506
0.144706 0.209623 0.164036 0.204245 0.125311 0.095998 0.185355 0.337726 0.222150 0.131046 1.000000 0.437871 0.343320 0.456177 0.361571 0.394681 -0.030108 -0.179222 -0.140923 -0.204017 0.066358 0.026743 0.029273 -0.060314 -0.231865 -0.091946 0.120465 0.132483 0.065894 -0.182813 0.092588 -0.058301 -0.163469 -0.173533 -0.222168 -0.037834 -0.291849 -0.153080 -0.310585 -0.246717 -0.259779 -0.011437 -0.121543 -0.109065 -0.257539 -0.172618 -0.255057 -0.150413 0.147036 0.003450 0.033137 0.062231 0.233947 0.123270 -0.222453 -0.218150 -0.275489 -0.356030 0.232399 0.007879 0.447785 0.311959 0.237797 -0.180692 0.154443 0.305111 -0.258863 -0.190431 -0.056137 -0.090330 -0.141997 -0.061975 -0.049613 -0.041688 -0.066709 0.238898 0.002875 0.037014 -0.187785 -0.090375 -0.148962 -0.268589 0.063534 0.036174 -0.211956 0.153807 0.027319 0.010343 -0.097279 -0.045102 -0.014249 0.101584 -0.006977 0.150366 -0.100825 0.146210 -0.217399 -0.352058 -0.272111 -0.149083 0.185477 -0.019895 0.161441 0.047048 0.003277 -0.116559 0.015887 -0.085010 0.162943 -0.031165 -0.154171 -0.103036 0.004072 0.121590 0.091603 -0.225135
0.178491 0.274596 0.141603 0.277726 0.128587 0.074514 0.193321 0.393024 0.266629 0.123613 0.437871 1.000000 0.308525 0.568283 0.329825 0.544407 -0.084898 -0.133064 -0.137119 -0.113377 -0.022267 -0.078633 -0.123395 0.052296 -0.219697 -0.185311 0.039621 -0.010010 0.154672 -0.023512 0.027455 0.065457 -0.119445 -0.133845 -0.249379 -0.121622 -0.121388 -0.011988 -0.433506 -0.126053 -0.202444 0.124498 -0.282331 -0.238266 -0.390270 -0.301104 -0.261284 -0.414638 0.132671 -0.126768 0.060977 0.047721 0.187161 0.019715 -0.263209 -0.190639 -0.328568 -0.401761 0.077987 -0.115319 0.410064 0.284163 0.196388 -0.059549 0.037119 0.407999 -0.492956 -0.286492 -0.133788 -0.344081 -0.096363 -0.029953 -0.022682 0.072151 0.096964 0.210321 0.102658 0.190414 -0.089741 -0.201104 -0.055915 -0.181286 -0.202220 0.135827 -0.097006 0.208612 -0.307864 -0.076744 -0.036657 -0.000658 -0.124211 0.179733 0.110148 0.210123 -0.009753 -0.024255 -0.391198 -0.184605 -0.315153 -0.212001 0.219627 0.049421 -0.156914 -0.003680 -0.157098 0.014893 -0.070686 -0.025620 0.379782 -0.030423 -0.394133 -0.086938 0.021880 0.084413 -0.027166 -0.093386
0.175759 0.328273 0.087272 -0.067792 -0.103471 -0.041253 -0.225528 0.058408 0.272752 -0.060479 0.343320 0.308525 1.000000 0.395314 0.047125 0.292240 0.214290 0.114152 -0.282346 -0.212475 0.141101 -0.000255 -0.341792 -0.430340 -0.154143 -0.440800 -0.022674 -0.021407 0.416677 0.153571 -0.108718 -0.198557 0.035036 0.030207 -0.350664 -0.036242 0.088674 -0.002399 -0.207245 -0.018283 0.081738 0.179390 -0.059437 0.116193 0.013540 0.054239 0.064180 -0.109964 0.148425 0.042514 0.164949 0.118688 0.009154 0.009827 0.039683 -0.220389 -0.072162 -0.172673 0.195154 0.090103 0.418985 0.137810 0.328716 0.255175 -0.326768 -0.040992 0.069412 -0.096012 -0.129434 -0.270075 -0.129712 0.017273 0.150373 -0.045041 -0.019063 0.018240 -0.022730 0.101438 0.068904 -0.001166 0.297738 0.231148 0.148254 -0.029658 -0.050125 0.089329 0.133047 -0.082020 -0.335755 -0.118719 -0.277874 -0.127959 -0.339799 0.023817 -0.294447 -0.006294 0.015151 -0.361386 -0.237525 -0.190528 -0.089520 0.150843 -0.016644 0.245953 0.057282 0.022473 -0.096030 -0.095461 0.245694 0.067502 -0.102538 -0.116913 0.070093 -0.079206 0.031925 -0.127364
0.145858 0.439616 -0.084177 0.290117 0.263011 -0.245908 0.064234 0.540091 0.083552 -0.141895 0.456177 0.568283 0.395314 1.000000 0.271779 0.615129 -0.019571 -0.317995 -0.072901 -0.098300 0.180848 0.128071 -0.351402 -0.247916 -0.491274 -0.390730 0.345470 -0.156522 0.229075 -0.039442 0.401722 0.157528 0.104923 0.111997 -0.479220 -0.317813 0.025569 -0.136143 -0.373294 -0.102332 -0.101818 0.146893 -0.260369 -0.221469 -0.138796 -0.188074 -0.152846 -0.413384 0.100734 0.035434 -0.072819 -0.050474 0.156946 -0.025042 -0.093268 -0.187867 -0.090591 -0.295109 0.173440 0.157318 0.521143 0.394148 0.433307 0.119940 -0.187171 0.222554 -0.275946 -0.359224 -0.156265 -0.225993 0.029382 0.109705 0.125604 -0.018037 -0.119238 0.202260 0.006678 0.016796 -0.129546 -0.268213 0.121098 -0.040029 0.097429 -0.085656 -0.287004 0.042747 -0.287468 0.108592 -0.279059 0.360482 -0.179217 0.007916 -0.151741 0.044921 -0.149460 -0.091600 -0.083344 -0.116414 -0.161917 0.011246 0.141280 -0.130253 0.028850 -0.015731 -0.139734 -0.128593 0.055178 -0.096284 0.345975 0.010786 -0.300662 0.064105 -0.002843 0.002292 -0.128534 -0.070161
0.089473 0.157500 -0.051317 0.303521 0.304735 -0.204164 0.178671 0.268889 0.144569 -0.112629 0.361571 0.329825 0.047125 0.271779 1.000000 0.446051 -0.029995 -0.152245 0.239979 0.121329 0.150057 0.083963 0.236757 0.171149 -0.171780 -0.017209 0.238443 -0.128008 0.168649 -0.184114 0.289466 0.267959 0.054902 0.011383 -0.021339 -0.063975 -0.132419 -0.346117 -0.249779 -0.228730 -0.153156 -0.251859 -0.397830 -0.344328 -0.408705 -0.420057 -0.225866 -0.520682 -0.105144 -0.129453 -0.201326 -0.022714 0.209097 -0.133230 -0.206438 -0.118458 -0.174220 -0.107445 -0.065165 -0.019787 0.143366 0.060653 0.214452 -0.138324 0.294036 0.114232 -0.350646 -0.326318 0.150201 -0.082097 0.073174 0.124698 0.074311 -0.058381 -0.095710 0.228303 0.081185 -0.076325 -0.060648 -0.022210 -0.041529 -0.184705 0.276848 0.146530 0.121366 0.050654 -0.110250 -0.097401 0.040248 0.115314 -0.070738 0.234697 0.022676 0.139663 -0.030908 -0.163604 -0.298944 -0.239902 -0.189124 0.029854 0.079401 0.046056 -0.033585 0.044452 -0.093347 0.015494 0.133591 0.077397 0.134513 -0.174318 -0.345314 -0.088520 0.035434 0.127701 -0.063949 0.052140
-0.033119 0.197498 -0.235215 0.349721 0.367594 -0.274883 0.086053 0.438378 0.139615 0.009470 0.394681 0.544407 0.292240 0.615129 0.446051 1.000000 -0.022431 -0.331453 -0.111196 -0.043784 0.298548 0.263304 -0.179172 0.039701 -0.205364 -0.120801 0.269078 -0.168355 0.176736 -0.132850 0.345259 0.235503 0.031373 -0.079165 -0.238416 -0.320820 -0.038244 -0.288423 -0.312471 -0.170637 0.045222 -0.115849 -0.315701 -0.363370 -0.252789 -0.335532 -0.254215 -0.517234 0.035275 -0.050605 -0.093397 -0.121923 0.247388 -0.298286 -0.132585 -0.175433 -0.237158 -0.310638 0.075168 0.006140 0.419528 0.166159 0.436608 -0.046117 -0.062872 0.174502 -0.259686 -0.365487 -0.016903 -0.058247 0.110125 0.206428 0.079476 -0.079585 -0.153416 0.161421 0.097976 0.066086 0.014446 -0.178795 0.057184 -0.160101 0.101419 0.184017 -0.122728 -0.000955 -0.332564 -0.165475 -0.210195 0.228297 0.041102 0.168755 -0.103634 0.079399 -0.186429 -0.270321 -0.280145 -0.209759 -0.100225 -0.094128 0.074083 -0.033237 0.015294 0.053319 -0.060363 -0.150149 0.023336 -0.069315 0.208834 -0.004940 -0.230550 0.020450 0.114387 -0.023900 -0.077111 0.023145
0.236364 0.229921 -0.411516 -0.329096 -0.271466 -0.220614 -0.401972 -0.371287 -0.098797 -0.231279 -0.030108 -0.084898 0.214290 -0.019571 -0.029995 -0.022431 1.000000 0.371090 -0.013526 0.143829 -0.107965 0.013455 -0.061872 -0.305435 0.107986 -0.136375 -0.302585 -0.009043 0.565271 0.355102 -0.098214 -0.170022 0.254586 0.255389 -0.209268 -0.329544 0.048577 -0.179379 0.346623 0.064248 0.082862 -0.084631 -0.259566 -0.025492 0.200934 0.055709 0.050383 0.011862 0.046302 0.124595 0.055258 0.151536 0.015565 -0.044296 0.105280 0.012568 0.548700 0.558848 -0.062769 0.156330 0.016758 -0.175085 0.202317 0.270429 -0.084137 -0.320429 0.231087 -0.167006 0.501002 0.285417 0.056413 -0.091526 0.397543 -0.062419 0.173099 -0.024442 -0.254600 -0.325825 0.444142 0.428564 0.581227 0.498530 0.135779 0.071493 0.145598 -0.073221 0.157779 0.101213 -0.342231 -0.220811 -0.261240 -0.159530 -0.346536 -0.371355 -0.119472 -0.196754 0.137342 0.007202 0.081495 0.072004 -0.131105 -0.205451 -0.082995 -0.076815 0.130736 0.018065 0.039666 0.036051 -0.079039 -0.219015 -0.053632 -0.168069 -0.029836 -0.068411 0.078592 0.062831
0.010861 -0.096774 0.034852 -0.363817 -0.455636 0.286775 -0.256085 -0.541772 0.116643 0.204075 -0.179222 -0.133064 0.114152 -0.317995 -0.152245 -0.331453 0.371090 1.000000 -0.089144 -0.029856 -0.371494 -0.225384 0.091902 -0.173486 0.251946 0.028832 -0.515356 0.278403 0.219054 0.410409 -0.600831 -0.375870 -0.021662 0.128486 0.177745 0.168325 0.053336 0.200440 0.289816 0.141756 0.125313 0.172894 -0.110492 0.002917 -0.047429 0.034038 -0.018318 0.172436 -0.107387 -0.082773 0.096469 0.066063 -0.047351 0.238922 -0.066666 -0.124564 0.194417 0.376017 -0.011165 0.038688 -0.151991 -0.231449 -0.056576 0.221609 0.059796 -0.092207 0.179809 0.166310 0.104827 0.033314 -0.204058 -0.244351 0.070858 0.312102 0.320214 0.025426 0.068624 0.084179 0.311747 0.368247 0.198988 0.402251 -0.056175 0.262113 0.217499 0.134264 0.163516 -0.029436 0.011995 -0.516672 -0.164414 -0.073409 -0.021221 -0.100072 0.038523 0.067348 0.097623 -0.122069 -0.006705 -0.193130 -0.133007 0.121549 -0.061527 -0.126210 -0.030224 0.114007 -0.121849 -0.126825 -0.119467 0.042318 0.054704 -0.126994 0.052318 -0.055165 0.090397 0.056656
0.351896 0.072929 -0.015049 0.143255 -0.138001 -0.174470 0.211501 0.056797 -0.319309 -0.050808 -0.140923 -0.137119 -0.282346 -0.072901 0.239979 -0.111196 -0.013526 -0.089144 1.000000 0.564926 0.061557 0.139978 0.196276 0.168252 -0.089088 0.083545 -0.033492 -0.231574 0.137960 -0.144311 0.208083 0.358697 0.330316 0.371575 0.109355 -0.224053 -0.124636 -0.163047 0.077865 -0.024714 -0.050785 -0.046935 -0.080870 -0.067445 -0.079884 -0.243501 -0.134247 -0.233666 -0.315051 -0.208006 -0.212568 -0.241185 -0.167384 -0.124563 -0.107062 -0.164785 0.187073 0.186903 -0.324788 -0.116893 -0.207553 0.034089 -0.149281 -0.061223 0.009268 -0.032994 -0.105372 -0.174945 0.204305 0.087424 0.145218 0.132786 0.173992 0.072642 0.094074 0.056388 -0.072948 -0.238121 0.082966 0.011953 0.057694 0.025937 0.174958 0.083632 0.162153 -0.140932 -0.025083 0.181391 0.079893 0.120736 -0.111758 -0.122213 0.027271 -0.246895 0.103700 -0.071781 -0.022215 -0.088895 -0.052270 -0.063365 -0.191047 -0.124023 -0.099580 -0.129496 -0.149598 0.017494 0.180669 0.158495 -0.098869 -0.180812 -0.087322 -0.106843 -0.230801 0.059058 -0.127010 0.146723
0.344652 0.247370 -0.099569 0.157601 -0.031860 -0.289115 0.077579 -0.009203 -0.369080 -0.164916 -0.204017 -0.113377 -0.212475 -0.098300 0.121329 -0.043784 0.143829 -0.029856 0.564926 1.000000 -0.107222 0.009537 0.126221 0.281498 -0.043549 0.036109 -0.095665 -0.343355 0.264885 -0.092331 0.219696 0.253820 0.210503 0.293454 0.027722 -0.401095 -0.086955 -0.289944 0.062789 0.041437 -0.011157 -0.141244 -0.138183 -0.286829 -0.111509 -0.304102 -0.170117 -0.228533 -0.359651 -0.295010 -0.427446 -0.348147 -0.246383 -0.288927 -0.006257 -0.194335 0.296434 0.349768 -0.333638 -0.006545 -0.124236 -0.169244 -0.015528 -0.092901 -0.015632 -0.267620 -0.010439 -0.170723 0.332026 0.313857 0.254516 0.242686 0.182400 -0.128709 -0.108213 -0.014171 -0.111770 -0.143748 0.143034 0.224800 0.332641 0.199070 0.203738 0.141209 0.208693 -0.319670 0.021618 0.108595 0.058213 0.075679 0.038796 -0.000888 -0.083705 -0.250457 0.078604 -0.226304 0.005287 0.031638 0.055019 0.075162 -0.197756 -0.096756 -0.043505 -0.016392 -0.039290 -0.012437 0.104856 0.194046 -0.042861 -0.105017 0.038353 -0.020132 -0.138732 -0.149484 -0.025466 0.101627
-0.013181 0.230305 -0.278041 -0.083281 0.236795 -0.440661 -0.140264 0.160633 -0.104426 -0.204291 0.066358 -0.022267 0.141101 0.180848 0.150057 0.298548 -0.107965 -0.371494 0.061557 -0.107222 1.000000 0.457783 -0.336779 -0.277262 -0.213222 -0.075448 0.312333 -0.319285 0.030107 -0.193336 0.383329 0.280739 0.248597 0.210455 -0.241340 -0.212424 0.057754 -0.280321 -0.145451 -0.031502 0.249727 -0.119161 0.094699 0.089995 0.115967 0.047727 0.171267 -0.103643 0.029679 0.114291 -0.072829 -0.134239 0.092802 -0.275722 0.171787 -0.013093 0.066980 -0.031875 0.198252 0.132826 0.273976 0.129704 0.339353 0.209414 -0.262366 -0.228175 0.020426 -0.164732 0.025895 -0.013997 0.112566 -0.015399 0.248498 -0.273739 -0.134226 -0.147458 -0.147498 -0.290550 -0.037418 -0.109467 0.163007 0.011775 0.197585 0.008040 -0.157201 -0.126957 -0.173879 -0.147143 -0.382293 0.257955 -0.022886 -0.080013 -0.256130 -0.121148 -0.074662 -0.184450 0.135106 -0.072991 0.121024 0.176611 -0.160222 0.065530 0.048601 0.132441 0.004200 -0.079574 0.019909 0.026057 -0.094688 -0.087282 -0.055115 0.097847 -0.154002 -0.112389 -0.190894 0.009134
-0.068121 0.129144 -0.218299 -0.002525 0.124686 -0.236900 -0.023987 0.106649 -0.171175 -0.144667 0.026743 -0.078633 -0.000255 0.128071 0.083963 0.263304 0.013455 -0.225384 0.139978 0.009537 0.457783 1.000000 -0.153956 -0.113751 -0.095194 0.073971 0.211618 -0.157496 0.174916 -0.062838 0.336247 0.333206 0.154096 0.242037 -0.127239 -0.131378 0.047064 -0.280365 0.062154 0.026482 0.114912 -0.242234 0.017153 -0.033851 0.141157 0.096007 0.071121 -0.192722 -0.094918 -0.057589 0.037144 -0.191808 -0.122675 -0.333030 0.019952 -0.104647 0.092596 -0.021917 0.093961 -0.079223 0.267082 0.070941 0.263390 0.136159 0.020568 -0.072986 0.041218 -0.066460 0.138448 0.082439 0.246508 0.165600 0.179852 -0.152852 -0.138904 -0.134011 -0.143686 -0.270162 0.141682 0.244848 0.203555 0.031525 0.110337 -0.040497 -0.024734 -0.179731 -0.250253 -0.059417 -0.209654 0.092103 -0.022316 -0.235083 -0.246038 -0.260953 -0.113776 -0.098984 0.029738 -0.128388 0.085748 -0.051918 -0.317996 -0.249144 -0.083766 -0.146621 -0.058716 -0.174676 0.043647 -0.083054 0.006830 -0.171724 0.117120 0.184433 -0.057673 -0.057091 -0.119981 0.071254
-0.062372 -0.449966 0.194479 0.213956 0.018440 0.200246 0.373019 -0.114555 -0.043969 0.178882 0.029273 -0.123395 -0.341792 -0.351402 0.236757 -0.179172 -0.061872 0.091902 0.196276 0.126221 -0.336779 -0.153956 1.000000 0.615999 0.281949 0.586043 -0.211501 0.167887 -0.193841 -0.204446 -0.046962 0.170144 -0.284011 -0.244031 0.447337 0.294986 -0.150352 0.058941 0.331621 -0.079748 -0.194283 -0.223074 -0.046661 -0.155924 -0.292020 -0.173556 -0.238477 -0.012261 -0.271367 -0.197852 -0.214577 -0.117399 -0.156483 0.163005 -0.159411 0.028326 -0.158407 -0.045620 -0.390135 -0.429963 -0.466449 -0.353712 -0.427752 -0.412805 0.579075 0.018345 -0.308751 0.044519 0.127301 0.085929 0.017180 -0.126272 -0.271015 0.123394 0.076603 0.138615 0.064306 0.134634 -0.099832 0.120173 -0.318176 -0.287175 0.058300 0.116298 0.413291 0.178329 0.132833 0.070580 0.603392 -0.169675 0.051438 0.238597 0.400839 0.285281 0.113935 0.047929 -0.265574 0.117888 -0.091268 0.002009 0.046961 0.069607 0.124417 0.027596 -0.020209 0.142565 0.089612 0.063673 -0.105782 0.002618 -0.113080 -0.099371 0.025618 0.132494 -0.026928 0.050314
-0.150730 -0.413656 0.191850 0.523486 0.105097 0.281793 0.454757 0.210553 -0.103307 0.346524 -0.060314 0.052296 -0.430340 -0.247916 0.171149 0.039701 -0.305435 -0.173486 0.168252 0.281498 -0.277262 -0.113751 0.615999 1.000000 0.187799 0.548706 -0.085203 0.118444 -0.314773 -0.352056 0.083838 0.420057 -0.404693 -0.294406 0.375897 0.292736 -0.355012 -0.025047 0.002342 -0.193125 -0.314571 -0.271137 0.078253 -0.210718 -0.335433 -0.167165 -0.270148 -0.159110 -0.292169 -0.325124 -0.246487 -0.282255 -0.217052 -0.158078 -0.251858 -0.147676 -0.306053 -0.203800 -0.475213 -0.531820 -0.368633 -0.248067 -0.449340 -0.614328 0.525277 0.226694 -0.325640 0.210963 0.019287 0.071502 0.104402 0.022966 -0.432078 0.038956 -0.193646 0.237311 0.036244 0.237229 -0.065404 -0.120640 -0.364074 -0.414100 -0.082583 0.149525 0.224571 0.076151 -0.023200 0.015646 0.484568 -0.043881 0.326433 0.267356 0.498583 0.239509 0.102472 -0.000040 -0.464471 0.171767 -0.169536 -0.121772 0.068817 0.091748 0.021940 -0.026667 -0.147204 0.093418 0.053884 0.085732 -0.066778 0.126392 0.005860 -0.170057 -0.040922 0.062851 -0.043203 0.036849
-0.336768 -0.474069 0.019105 -0.154209 -0.017219 0.293630 -0.225237 -0.383417 0.199200 0.340998 -0.231865 -0.219697 -0.154143 -0.491274 -0.171780 -0.205364 0.107986 0.251946 -0.089088 -0.043549 -0.213222 -0.095194 0.281949 0.187799 1.000000 0.506101 -0.307559 0.155575 -0.143690 0.128259 -0.422403 -0.215679 -0.174216 -0.151870 0.354720 0.335640 0.006757 0.121351 0.244814 0.145751 0.110634 -0.055604 -0.110785 -0.082451 -0.152492 0.006109 -0.113735 0.123041 -0.237385 -0.253331 0.083760 -0.066721 -0.073613 -0.010514 0.056059 0.072619 -0.178617 0.071530 -0.296582 -0.286730 -0.485547 -0.221580 -0.297327 -0.179375 0.171992 0.004830 0.190126 0.393787 0.001531 0.239115 0.012609 -0.152095 -0.291213 0.126616 0.215482 0.015131 0.128557 0.281230 0.134582 0.239398 -0.018920 0.044664 -0.158171 0.110086 0.254899 0.001010 0.208551 -0.177596 0.158793 -0.178293 0.217691 0.126129 0.305147 0.201633 -0.007171 0.188188 -0.069071 -0.037091 0.065550 -0.002117 0.073568 0.125839 -0.048271 0.014024 0.223998 0.175562 -0.049746 -0.010543 -0.173836 0.098391 0.321981 -0.169068 0.212165 0.002375 0.175723 0.103558
-0.307148 -0.560350 0.040358 0.086018 0.056483 0.211421 0.197659 -0.096843 -0.052509 0.362811 -0.091946 -0.185311 -0.440800 -0.390730 -0.017209 -0.120801 -0.136375 0.028832 0.083545 0.036109 -0.075448 0.073971 0.586043 0.548706 0.506101 1.000000 -0.145030 0.193829 -0.341968 -0.109844 -0.039459 0.232117 -0.285875 -0.116656 0.438214 0.354231 -0.223132 -0.140441 0.155777 -0.163783 -0.211366 -0.287416 0.110319 -0.046493 -0.143424 0.090164 -0.186712 0.088224 -0.340260 -0.309707 -0.036464 -0.271937 -0.187292 -0.089909 -0.113913 -0.113055 -0.176590 -0.031251 -0.414035 -0.495344 -0.425804 -0.271094 -0.355463 -0.342580 0.476480 0.086812 -0.059273 0.424976 0.091024 0.157757 0.069357 -0.217403 -0.334807 0.103176 0.020723 -0.011248 0.028716 0.044933 0.068216 0.164400 -0.225081 -0.196640 -0.154638 0.102323 0.265002 0.003923 -0.073658 0.012157 0.268880 -0.156755 0.224831 0.255750 0.375385 0.200096 -0.027261 -0.028213 -0.235439 0.053815 -0.001187 -0.009203 -0.026267 0.096833 0.011638 -0.088617 -0.061010 0.001675 -0.073432 -0.076518 -0.230217 0.010194 0.190254 -0.046044 0.055353 -0.062348 0.030438 0.067831
-0.125710 0.147138 -0.018519 0.246910 0.523454 -0.257339 0.112019 0.452836 0.146329 -0.257513 0.120465 0.039621 -0.022674 0.345470 0.238443 0.269078 -0.302585 -0.515356 -0.033492 -0.095665 0.312333 0.211618 -0.211501 -0.085203 -0.307559 -0.145030 1.000000 -0.034373 -0.087445 -0.288599 0.437778 0.132662 0.269143 0.049462 -0.253685 -0.167651 0.140821 -0.131881 -0.233078 -0.124260 -0.068263 -0.144415 0.083290 0.000202 0.093820 -0.061922 0.147670 -0.232516 0.165406 0.182214 -0.161317 0.067321 0.108020 -0.017276 -0.043468 0.137011 -0.013765 -0.186921 0.112078 0.117831 0.171203 0.166521 0.118511 -0.114760 -0.207003 0.001773 -0.256599 -0.303769 -0.065984 -0.121249 0.274320 0.222405 0.087101 -0.195275 -0.284475 -0.012876 -0.082192 -0.149639 -0.158183 -0.198099 -0.049837 -0.177374 0.042348 -0.243650 -0.354972 -0.114747 -0.231838 0.097427 -0.162365 0.410178 0.007609 -0.095544 -0.036389 0.090215 -0.021739 -0.049479 -0.087896 0.019798 0.084820 0.246159 0.091794 -0.134033 0.080198 0.056831 0.061233 -0.005435 0.159243 0.085562 0.126257 -0.115459 -0.149770 0.234138 -0.108475 -0.063242 -0.178594 -0.011476
-0.313313 -0.217970 0.283535 -0.064862 -0.277055 0.625247 -0.055075 -0.120634 0.244306 0.471768 0.132483 -0.010010 -0.021407 -0.156522 -0.128008 -0.168355 -0.009043 0.278403 -0.231574 -0.343355 -0.319285 -0.157496 0.167887 0.118444 0.155575 0.193829 -0.034373 1.000000 -0.084945 0.069186 -0.505481 -0.226553 -0.228024 -0.253978 0.195871 0.395285 -0.051142 0.421227 0.084302 0.014888 -0.100940 0.169529 0.093349 0.074215 -0.040230 0.067795 -0.075034 0.107158 -0.023081 -0.132740 0.093774 0.039342 -0.056655 0.414785 -0.175989 -0.089630 -0.242899 -0.089430 0.007924 -0.203129 -0.066201 -0.029312 -0.178471 -0.232026 0.221858 0.184334 -0.050878 0.252768 -0.149473 -0.121752 -0.370083 -0.200452 -0.382164 0.240366 0.176667 0.258223 -0.062020 0.185036 -0.121801 0.013425 -0.076678 0.010836 -0.352330 0.316746 -0.125118 0.487535 0.135847 0.103206 0.154395 -0.503588 0.075527 -0.199302 0.112097 0.138820 -0.065795 0.272952 -0.240878 -0.032705 -0.275228 -0.305844 -0.014846 0.015586 0.041866 0.000567 0.024805 0.067595 0.162159 -0.013814 0.096150 0.078064 0.082686 -0.129769 -0.076988 0.011631 -0.102401 -0.226903
0.298846 0.423469 -0.254314 -0.128139 -0.143309 -0.200357 -0.211329 -0.158335 -0.009899 -0.303147 0.065894 0.154672 0.416677 0.229075 0.168649 0.176736 0.565271 0.219054 0.137960 0.264885 0.030107 0.174916 -0.193841 -0.314773 -0.143690 -0.341968 -0.087445 -0.084945 1.000000 0.384784 0.004165 0.013903 0.383384 0.240504 -0.235329 -0.328116 0.139536 -0.092032 0.029596 0.027402 0.139642 0.043878 -0.217316 -0.066510 0.005453 -0.145176 -0.073107 -0.284559 -0.002095 -0.088023 -0.244332 0.018904 -0.136651 -0.098319 -0.094485 -0.246080 0.339806 0.285974 -0.113591 0.110980 0.297216 0.013742 0.403794 0.291676 -0.169029 -0.195341 0.003781 -0.395390 0.239354 -0.049135 0.017844 0.143614 0.567778 0.071690 0.162768 0.083940 -0.046937 -0.143812 0.362049 0.361481 0.604664 0.531174 0.026394 0.164606 0.088266 0.043417 0.013641 0.148562 -0.239191 -0.128393 -0.404587 -0.301237 -0.397763 -0.405910 -0.036215 -0.019696 -0.021265 -0.153859 -0.200850 -0.077917 -0.229407 -0.167510 -0.212568 -0.096152 -0.034499 -0.031302 0.047078 -0.028299 0.166981 -0.193285 -0.249312 -0.129226 -0.138030 -0.161553 -0.024750 0.026049
0.024544 0.127975 -0.135282 -0.320296 -0.410147 0.028122 -0.296801 -0.373701 0.192977 -0.074692 -0.182813 -0.023512 0.153571 -0.039442 -0.184114 -0.132850 0.355102 0.410409 -0.144311 -0.092331 -0.193336 -0.062838 -0.204446 -0.352056 0.128259 -0.109844 -0.288599 0.069186 0.384784 1.000000 -0.198371 -0.201220 0.060832 0.178844 -0.080679 -0.034109 0.336060 0.180447 0.186823 -0.047920 0.096862 0.271966 -0.242168 -0.005721 0.041493 0.076486 -0.049297 -0.019491 -0.053066 -0.072211 0.025725 -0.082672 -0.203462 0.056551 -0.083679 -0.102162 0.122870 0.275408 -0.086021 0.112556 0.143451 0.149387 0.157318 0.346899 -0.119164 -0.080950 0.267582 0.031027 0.005101 -0.092168 -0.197793 0.012226 0.306757 0.331583 0.335094 -0.018722 0.038612 -0.026392 0.164951 0.270289 0.263201 0.461200 -0.324930 0.097323 0.165021 0.205824 -0.051866 0.211808 -0.112849 -0.114714 -0.272668 -0.200135 -0.084044 -0.132739 -0.062950 0.099437 0.113521 -0.029969 -0.042978 -0.076953 -0.097971 -0.047639 -0.207204 -0.081692 0.016472 0.002739 -0.192054 -0.277854 -0.056196 -0.116407 -0.004971 0.069358 0.048636 0.040346 0.122216 0.137559
0.159659 0.271927 -0.308085 0.312861 0.358027 -0.581715 0.238587 0.485474 -0.354371 -0.399975 0.092588 0.027455 -0.108718 0.401722 0.289466 0.345259 -0.098214 -0.600831 0.208083 0.219696 0.383329 0.336247 -0.046962 0.083838 -0.422403 -0.039459 0.437778 -0.505481 0.004165 -0.198371 1.000000 0.619422 0.215682 0.225694 -0.242784 -0.324890 -0.022357 -0.508127 -0.147409 -0.168229 -0.084565 -0.304938 -0.081340 -0.097293 0.108419 -0.013633 -0.008768 -0.342330 -0.025477 0.077943 -0.206924 -0.149448 -0.015464 -0.393583 -0.047514 -0.037794 0.190957 -0.075183 -0.101314 -0.035368 0.150323 0.086629 0.206617 -0.006417 -0.034797 -0.136039 -0.145618 -0.264515 0.151888 0.037737 0.402334 0.241665 0.283500 -0.339409 -0.375841 -0.086260 -0.219467 -0.361906 -0.042113 -0.114577 0.051019 -0.164701 0.250470 -0.212681 -0.071214 -0.316138 -0.088606 0.203991 -0.215901 0.477825 -0.046897 0.088041 -0.146136 -0.070419 -0.127533 -0.283166 -0.001100 0.085847 0.116115 0.315307 -0.044454 -0.125185 0.057080 -0.002846 -0.030947 -0.225791 0.089904 -0.065278 0.128164 -0.060677 -0.150236 0.250032 0.017008 0.014330 -0.127994 0.135626
0.011626 -0.041985 -0.181809 0.439744 0.058007 -0.322089 0.275732 0.483644 -0.401785 -0.078725 -0.058301 0.065457 -0.198557 0.157528 0.267959 0.235503 -0.170022 -0.375870 0.358697 0.253820 0.280739 0.333206 0.170144 0.420057 -0.215679 0.232117 0.132662 -0.226553 0.013903 -0.201220 0.619422 1.000000 0.053520 0.338079 0.000479 0.058762 -0.207067 -0.327310 -0.050992 -0.152426 -0.081176 -0.243434 0.055953 -0.064981 -0.109894 -0.003313 -0.070905 -0.341230 -0.344410 -0.244646 -0.299535 -0.436216 -0.206235 -0.395114 -0.219346 -0.239003 0.033248 -0.123858 -0.323037 -0.374124 0.000931 0.027535 -0.010178 -0.120937 0.267584 0.061287 -0.256231 -0.006157 0.131719 -0.030342 0.285637 0.047904 0.060931 -0.203547 -0.175037 0.025619 -0.032507 -0.203692 -0.076055 -0.095497 -0.027188 -0.235840 0.110519 0.010929 0.125962 -0.125816 -0.182325 0.130684 -0.006828 0.175223 -0.051712 -0.048823 0.031912 0.006192 0.119309 -0.117622 -0.162587 0.234286 -0.092349 0.032990 -0.176590 -0.064183 -0.018339 -0.113270 -0.244901 -0.145370 0.124557 0.045083 -0.018012 0.034236 -0.150353 -0.005185 -0.166804 -0.050109 -0.248458 0.161265
0.299640 0.388071 -0.320459 -0.150469 0.042872 -0.432966 -0.211662 -0.075499 -0.094176 -0.460052 -0.163469 -0.119445 0.035036 0.104923 0.054902 0.031373 0.254586 -0.021662 0.330316 0.210503 0.248597 0.154096 -0.284011 -0.404693 -0.174216 -0.285875 0.269143 -0.228024 0.383384 0.060832 0.215682 0.053520 1.000000 0.526543 -0.047588 -0.376122 0.160246 -0.183196 0.078032 0.155555 0.234570 0.046429 -0.104783 0.061350 0.235752 -0.021992 0.051833 -0.135115 0.051777 0.284205 -0.171281 0.091452 -0.127223 -0.126548 0.122154 0.127578 0.613358 0.431422 0.042502 0.165263 0.128365 0.064256 0.303267 0.227723 -0.366893 -0.297663 0.160074 -0.279679 0.271762 0.178837 0.101308 0.279175 0.489825 -0.300447 0.085451 -0.123606 -0.128849 -0.412863 0.270047 0.221811 0.513032 0.402560 0.213739 0.013846 0.007542 -0.121210 0.031557 0.074030 -0.414573 0.252295 -0.466751 -0.332554 -0.497543 -0.379039 0.053454 -0.057726 0.105922 -0.065981 -0.026100 0.042098 -0.384969 -0.267649 -0.309880 -0.206282 -0.155405 -0.153511 0.060122 0.006196 0.083702 -0.274671 -0.267756 -0.009055 -0.181717 -0.264418 -0.170340 0.001264
0.218958 0.355187 -0.261134 -0.052960 -0.165283 -0.450861 -0.245284 0.016621 -0.241644 -0.288618 -0.173533 -0.133845 0.030207 0.111997 0.011383 -0.079165 0.255389 0.128486 0.371575 0.293454 0.210455 0.242037 -0.244031 -0.294406 -0.151870 -0.116656 0.049462 -0.253978 0.240504 0.178844 0.225694 0.338079 0.526543 1.000000 -0.157176 -0.215968 0.153478 -0.179015 0.071798 0.042296 0.225387 -0.022441 -0.207286 -0.066845 0.055917 0.016169 -0.058978 -0.195004 -0.298909 -0.128904 -0.108482 -0.276723 -0.093780 -0.225580 -0.010952 -0.233219 0.580373 0.437310 -0.095115 0.031792 0.080613 0.191137 0.180009 0.364616 -0.185705 -0.129086 0.108793 -0.022318 0.304911 0.060742 0.179211 0.116341 0.478009 -0.163276 0.094738 -0.099426 -0.047114 -0.367332 0.126892 0.295956 0.537189 0.411461 0.218440 -0.035345 0.113970 -0.229960 -0.062136 0.134058 -0.353403 0.108214 -0.454802 -0.370889 -0.277951 -0.254270 0.035785 -0.159372 0.346681 -0.004203 -0.080705 -0.080785 -0.272806 -0.162715 -0.092543 -0.198264 -0.228850 -0.172229 -0.019930 -0.043179 -0.067078 -0.169370 -0.096281 -0.071560 -0.228168 -0.223171 -0.118411 0.111840
-0.252597 -0.462794 0.245901 0.041656 -0.026132 0.332241 0.190660 -0.203600 0.060578 0.299679 -0.222168 -0.249379 -0.350664 -0.479220 -0.021339 -0.238416 -0.209268 0.177745 0.109355 0.027722 -0.241340 -0.127239 0.447337 0.375897 0.354720 0.438214 -0.253685 0.195871 -0.235329 -0.080679 -0.242784 0.000479 -0.047588 -0.157176 1.000000 0.438758 -0.065969 0.041472 0.236220 0.122040 -0.027784 0.049778 0.082296 -0.042038 -0.167876 0.071854 -0.143379 0.144961 -0.339122 -0.168558 -0.123760 -0.188978 -0.255949 0.019047 -0.098839 -0.064594 -0.178914 -0.069379 -0.338850 -0.311937 -0.366485 -0.194082 -0.319341 -0.272380 0.407427 0.166412 0.055489 0.344291 -0.176512 -0.052291 0.028812 0.116730 -0.310181 0.171255 0.007930 -0.033684 0.353472 0.293368 -0.011776 0.046564 -0.250787 -0.213638 -0.143744 0.185258 0.167070 0.099134 0.024493 -0.072419 0.363004 -0.257014 0.075257 0.134849 0.258460 0.217178 0.050807 0.137378 -0.157655 0.141331 -0.085242 -0.208338 -0.008824 0.078542 -0.077745 -0.106666 -0.085487 -0.062758 0.074424 0.008079 -0.072838 0.197810 0.081812 0.006870 0.082372 -0.026638 0.046708 -0.003370
-0.490904 -0.520467 0.192046 0.128991 -0.167637 0.460879 0.083811 -0.075301 0.162525 0.404001 -0.037834 -0.121622 -0.036242 -0.317813 -0.063975 -0.320820 -0.329544 0.168325 -0.224053 -0.401095 -0.212424 -0.131378 0.294986 0.292736 0.335640 0.354231 -0.167651 0.395285 -0.328116 -0.034109 -0.324890 0.058762 -0.376122 -0.215968 0.438758 1.000000 -0.187973 0.210308 0.091649 -0.077231 -0.044625 0.035595 0.260457 0.220976 -0.069782 0.406882 0.037893 0.324502 -0.116831 -0.085034 0.100280 -0.026131 -0.187016 0.302813 -0.214584 0.028639 -0.362407 -0.260480 -0.078565 -0.385139 -0.345882 -0.219383 -0.236973 -0.209762 0.470893 0.249715 -0.017904 0.615295 -0.257871 -0.226311 -0.215121 -0.125909 -0.490044 0.075582 0.046915 0.034464 0.183572 0.305581 -0.127052 -0.054567 -0.287116 -0.201719 -0.249923 0.068762 0.180964 0.343655 0.168799 -0.095229 0.285665 -0.371647 0.045707 -0.030256 0.243721 0.273031 0.022177 0.303880 -0.121363 0.015197 -0.163873 -0.187971 0.036023 0.198581 0.003169 -0.112131 -0.187152 0.021735 -0.091440 -0.123083 -0.045032 0.239814 0.165885 -0.084252 -0.023542 -0.014221 -0.024349 -0.141426
