1.000000 0.457348 -0.119538 -0.093621 -0.078747 -0.303605 -0.147960 -0.366938 0.736887 0.187808 0.364452 -0.027786 0.074015 -0.241101 0.167232 -0.265130 0.447720 0.006599 -0.076204 0.355619 -0.086913 0.302209 -0.160167 0.109079 0.277531 0.061336 -0.075827 -0.123002 0.041932 0.220480 -0.096897 0.267509 0.004534 0.305232 -0.160735 -0.501483 -0.010768 -0.434472 -0.597739 -0.229965 0.054579 -0.451023 0.346281 -0.073640 -0.097716 -0.083923 -0.047886 -0.049234 -0.062163 0.136447 0.031609 0.015352 0.429871 0.292229 0.044807 0.189253 0.243643 0.095009 0.266485 0.210892 0.518134 0.265984 0.444288 0.451306 -0.088857 -0.207285 -0.334139 -0.282091 0.151629 0.279591 -0.344017 0.240464 0.071747 0.102299 -0.232106 -0.220505 -0.265869 -0.330321 0.156851 0.146953 0.223595 0.304686 -0.044714 -0.022909 -0.350212 -0.167572 -0.421611 -0.300286 -0.288966 0.224972 -0.035068 -0.111136 -0.391663 -0.255933 -0.034103 -0.491155 -0.000931 0.126845 0.040328 0.589758 0.106070 0.373213 -0.149931 -0.103742 -0.344833 -0.154916 -0.183789 -0.078674 -0.198715 0.119875 -0.039504 -0.091369 -0.243318 0.146777 0.025961 -0.357271
0.457348 1.000000 -0.285058 0.004984 -0.003163 -0.341744 -0.205066 0.204000 0.244842 0.514241 -0.050075 0.119201 0.646017 0.336084 0.116883 0.161095 0.108908 0.480143 0.343595 0.390614 -0.332428 -0.301344 -0.713308 -0.542612 -0.222569 -0.410926 -0.271738 -0.552941 -0.107900 0.579685 -0.498751 -0.242545 -0.160983 -0.199145 -0.025884 -0.529723 -0.395956 -0.074688 -0.510635 -0.363038 -0.160211 -0.771970 0.075871 -0.150710 -0.107818 -0.124873 -0.375571 -0.347795 0.162497 0.478110 0.037843 0.384173 0.267420 0.243727 -0.469574 0.108564 -0.170972 0.010730 0.514231 0.753766 0.402785 0.585608 0.323060 0.543835 -0.359387 -0.002888 0.127572 0.151299 0.175304 0.046675 -0.441187 -0.272312 0.043119 0.127071 -0.024114 0.020589 -0.499612 -0.113941 0.068702 0.361207 0.248541 0.267182 -0.149112 -0.163161 -0.568989 -0.345981 -0.300220 -0.386747 -0.047904 0.279587 0.604235 -0.205305 0.280645 -0.169889 0.135507 -0.018967 -0.364505 -0.233999 0.253097 0.056450 0.485713 0.079276 0.530373 -0.456270 -0.434801 -0.607915 -0.319119 -0.253356 -0.164341 0.395889 -0.373812 -0.303621 -0.148128 0.024005 -0.422786 -0.493630
-0.119538 -0.285058 1.000000 0.582309 0.609312 0.148276 0.569003 0.566744 0.268053 0.105232 0.378882 0.474701 0.198352 0.151205 -0.602725 -0.236231 -0.182426 -0.618305 0.447020 -0.080584 -0.370313 -0.399978 0.016598 -0.025860 -0.186392 -0.214019 0.069087 -0.191479 -0.240806 -0.506889 0.545093 0.134150 0.340318 0.364446 -0.238763 -0.112626 -0.048149 -0.162240 -0.152055 0.122957 -0.395734 0.040843 -0.279837 -0.091071 -0.103907 0.131225 0.076007 0.203805 0.287612 0.109697 -0.147067 -0.089988 -0.542191 -0.093468 0.197259 0.076965 -0.360304 -0.627383 -0.396463 -0.205528 -0.179647 -0.368783 -0.235791 -0.583975 -0.078722 0.337165 0.487299 0.543187 -0.626984 -0.430516 0.085269 -0.042229 -0.610406 -0.502424 -0.244343 -0.136219 -0.016595 -0.025975 -0.516251 -0.482691 -0.504536 -0.744890 -0.282235 -0.118099 -0.230695 -0.030414 -0.323445 -0.325210 0.067454 -0.208320 -0.147645 0.280967 0.055458 0.492267 -0.032860 0.161457 0.286276 0.521931 -0.218700 0.317330 0.121918 0.192436 0.353455 0.656172 0.454676 0.387652 0.433400 0.132345 0.031241 0.020315 0.319571 0.199496 -0.238723 -0.341474 0.463883 0.183762
-0.093621 0.004984 0.582309 1.000000 0.176005 -0.219357 0.185137 0.419983 -0.062445 -0.005802 0.352969 0.253334 0.083647 -0.049778 -0.800084 -0.381521 -0.154979 -0.082792 0.367524 0.264462 -0.437408 -0.345342 -0.148091 -0.110161 -0.101642 -0.188213 -0.135624 -0.198375 0.160320 -0.188606 0.596443 0.456478 0.359415 0.190901 -0.224671 -0.473540 -0.178319 -0.100517 -0.303178 -0.148372 -0.063805 -0.154579 -0.288635 -0.219660 -0.579038 -0.541627 -0.431945 -0.369573 -0.119519 -0.303023 -0.549278 -0.470524 -0.158837 -0.459799 -0.179789 -0.402861 -0.339745 -0.337313 -0.105145 0.170792 0.262174 -0.295796 0.190055 0.027498 0.038167 -0.179871 0.553186 0.429049 -0.615697 -0.131162 0.037458 0.023485 -0.084502 0.123097 0.067544 0.117628 0.001072 0.430127 -0.323311 -0.063442 -0.069860 -0.157006 0.074691 0.320375 -0.186980 -0.003694 -0.261540 -0.311879 0.272382 0.020197 -0.134484 0.120331 -0.068043 0.118555 0.272223 0.360404 0.091042 0.421505 -0.195307 0.030251 0.262696 0.234534 0.390901 0.436151 0.099628 0.111047 -0.108056 0.024906 0.205179 0.519525 -0.307790 -0.342660 -0.395814 -0.190029 0.431761 0.052466
-0.078747 -0.003163 0.609312 0.176005 1.000000 0.241041 0.650709 0.688641 0.129365 0.257969 -0.117963 0.371986 0.510325 0.608800 -0.325250 -0.107987 -0.287202 -0.375457 0.659585 -0.192499 -0.377614 -0.604545 -0.452678 -0.498750 -0.228821 -0.496832 -0.014495 -0.385898 -0.284126 -0.191252 -0.187332 -0.521276 0.085353 -0.261544 -0.099889 -0.033977 -0.034055 -0.190668 0.017015 -0.149050 -0.580875 -0.095659 -0.062728 0.205550 0.434630 0.491969 0.040297 0.510249 0.702404 0.451429 0.122140 0.309222 -0.329883 0.464803 0.272976 0.210471 -0.511387 -0.854906 0.114468 0.290029 -0.297432 -0.111687 -0.107763 -0.245564 -0.508265 0.278336 0.447283 0.537270 -0.570058 -0.777621 -0.028147 -0.539552 -0.335316 -0.504797 -0.191988 -0.314484 -0.235473 -0.190192 -0.545765 -0.587787 -0.361102 -0.633594 -0.644844 -0.617119 -0.502399 -0.230028 -0.118473 -0.501691 0.194162 0.071132 0.159220 0.135805 0.108593 0.299124 -0.333081 0.043267 -0.108551 -0.046894 0.049816 0.006767 0.507552 -0.085852 0.400238 0.274345 0.292432 0.029954 0.613771 -0.261797 0.094936 0.007084 0.049849 0.096324 0.047290 -0.327792 0.096108 -0.199718
-0.303605 -0.341744 0.148276 -0.219357 0.241041 1.000000 0.239524 0.021874 -0.284969 -0.141563 -0.175556 -0.171352 0.024732 0.129454 0.124636 0.110529 -0.576272 -0.284658 -0.298617 -0.624252 0.500711 -0.026980 0.244400 0.258306 0.359308 0.490884 0.577104 0.475573 -0.532082 -0.266283 -0.029550 -0.142337 -0.170409 0.112848 0.020336 0.812605 0.429738 0.235071 0.454569 0.576922 -0.310558 0.480534 -0.391259 -0.407791 0.072503 0.152541 -0.171544 0.189629 -0.022251 -0.130091 0.390052 0.239363 0.007665 0.094210 0.221292 0.102937 -0.124827 -0.089286 -0.004450 -0.158974 -0.639132 -0.043581 -0.498931 -0.345738 0.003592 0.399277 0.228661 0.412802 -0.302529 -0.414637 0.267219 0.253962 -0.370110 -0.051803 -0.178142 -0.304675 0.002860 -0.269487 -0.510672 -0.326471 -0.199931 -0.286891 -0.365969 -0.549026 0.368567 -0.053194 -0.038892 0.054463 0.029944 0.050479 -0.341836 0.019992 -0.297681 0.151102 -0.020498 -0.060099 -0.303789 0.172172 -0.524007 0.217871 -0.309563 -0.483625 -0.118783 0.224534 0.262274 0.335835 -0.051726 0.236542 0.172794 -0.510313 0.591749 0.345016 0.292683 0.274944 0.079051 0.321932
-0.147960 -0.205066 0.569003 0.185137 0.650709 0.239524 1.000000 0.581850 0.046255 0.027495 0.060945 0.060881 0.262565 0.087057 -0.189260 -0.198281 -0.550732 -0.320911 0.452781 -0.051533 -0.112754 -0.326277 -0.044622 -0.197313 0.081421 -0.034681 0.481818 -0.035107 -0.401487 -0.368674 0.034940 -0.145024 -0.316589 -0.084205 -0.094708 0.070229 0.341715 -0.238091 -0.086254 -0.061044 -0.203147 0.240735 0.092089 0.170042 0.315050 0.419243 0.254222 0.557944 0.418176 0.210675 0.412999 0.276546 -0.551723 0.062537 0.448975 0.187598 -0.635127 -0.479750 -0.259706 -0.146336 -0.378685 -0.568671 -0.431477 -0.457688 -0.002156 0.264367 0.114949 0.402624 -0.675971 -0.695659 0.259182 -0.445066 -0.392181 -0.068575 -0.058624 0.120905 -0.077311 0.182975 -0.713717 -0.434082 -0.760576 -0.758072 -0.398352 -0.316018 -0.018270 -0.051369 -0.225135 -0.052826 0.074018 0.156858 0.089302 0.219520 0.063472 0.164166 -0.271125 -0.000038 -0.125227 0.180881 0.208561 0.092082 0.176444 -0.218256 0.335761 0.162592 0.199390 -0.058902 0.346983 -0.149996 -0.163041 -0.001598 0.398367 0.176616 -0.308753 -0.145815 0.019101 -0.177843
-0.366938 0.204000 0.566744 0.419983 0.688641 0.021874 0.581850 1.000000 -0.193470 0.192072 -0.108894 0.335570 0.732841 0.709766 -0.423850 0.243374 -0.440937 -0.008557 0.811029 -0.085119 -0.522650 -0.682368 -0.497301 -0.737974 -0.381660 -0.558062 -0.062608 -0.568159 -0.301033 0.039834 -0.150309 -0.477939 -0.019651 -0.295108 -0.015035 -0.117169 -0.078788 -0.029851 0.062347 -0.189875 -0.527443 -0.164869 -0.281209 -0.003826 0.151325 0.207252 -0.100789 0.049894 0.571591 0.324488 0.126878 0.218520 -0.422886 0.119067 -0.139179 0.071648 -0.588297 -0.582819 0.132233 0.307658 -0.208180 0.015750 -0.107735 -0.167868 -0.343558 0.366421 0.552377 0.681661 -0.538645 -0.717712 -0.076265 -0.675737 -0.355729 -0.236010 0.180888 0.130003 -0.245292 0.235813 -0.423184 -0.134052 -0.437089 -0.585386 -0.314196 -0.393354 -0.438800 -0.232690 -0.008623 -0.218588 0.224293 -0.044789 0.325969 -0.066602 0.448206 0.264238 -0.144127 0.405724 -0.013919 -0.181260 0.093748 -0.316062 0.648626 -0.217076 0.727870 0.002451 0.218633 -0.207712 0.251369 -0.401306 -0.153089 0.263482 0.014182 -0.048260 -0.266476 -0.524093 -0.140386 -0.233902
0.736887 0.244842 0.268053 -0.062445 0.129365 -0.284969 0.046255 -0.193470 1.000000 0.354521 0.296189 0.146613 0.063189 -0.212358 0.037640 -0.251808 0.516206 -0.289161 0.109173 0.284146 -0.202264 0.087385 -0.066255 0.098352 0.051614 -0.053572 -0.159744 -0.218820 -0.037001 -0.079086 0.193330 0.286976 0.122302 0.485640 -0.292663 -0.492250 -0.156403 -0.204963 -0.596558 0.010042 -0.128582 -0.361839 0.244142 0.035811 0.035250 0.119096 0.180958 0.152850 0.201448 0.370965 0.007762 0.139270 0.024002 0.149356 0.089326 0.236930 0.197440 -0.068677 -0.147854 0.038787 0.313504 0.088396 0.231404 -0.024616 -0.203768 -0.077204 -0.204022 -0.282690 0.222204 0.222326 -0.450381 0.198051 -0.245116 -0.382241 -0.475143 -0.430657 -0.097245 -0.487361 0.083359 -0.108029 0.006724 -0.058335 -0.032719 0.005079 -0.419878 -0.169385 -0.540256 -0.322258 -0.236295 -0.030598 0.089161 0.236134 -0.142330 0.112793 -0.015740 -0.425744 0.253393 0.378802 0.229458 0.691251 -0.015828 0.442066 -0.018845 0.213849 0.014423 0.075127 0.195442 0.175686 -0.178709 0.081453 0.150660 -0.013092 -0.169018 -0.072733 0.144887 -0.075174
0.187808 0.514241 0.105232 -0.005802 0.257969 -0.141563 0.027495 0.192072 0.354521 1.000000 -0.056590 0.218192 0.353265 0.309742 0.028927 0.150078 0.236698 0.319089 0.267009 0.407079 -0.419960 -0.535948 -0.582218 -0.279209 -0.147289 -0.389511 -0.308277 -0.507084 0.057725 0.463645 -0.093432 -0.174813 0.158515 0.094499 -0.071992 -0.448228 -0.404574 0.095712 -0.551277 -0.246256 -0.014449 -0.669254 0.418728 0.373661 0.293846 0.140056 0.229775 0.126395 0.540602 0.800114 0.212023 0.465516 -0.136890 0.448291 -0.483640 0.479588 -0.420383 -0.339168 -0.038948 0.429051 0.015287 0.088915 -0.031484 0.072143 -0.471324 -0.200220 0.319963 0.091649 0.097742 -0.111540 -0.539885 -0.306291 -0.055341 -0.150164 0.053676 0.014806 -0.089117 -0.064689 -0.154512 0.103514 0.092285 0.055043 -0.569011 -0.401392 -0.562107 -0.762786 -0.203516 -0.581829 -0.354001 0.012671 0.474788 -0.064318 0.075819 -0.133573 0.564507 0.435057 -0.078518 0.266863 0.066725 0.140767 0.217817 -0.134487 0.333690 -0.161598 -0.413702 -0.428509 0.250488 -0.075162 0.254349 0.368992 -0.232391 0.284636 0.065252 0.149503 -0.122460 -0.147730
0.364452 -0.050075 0.378882 0.352969 -0.117963 -0.175556 0.060945 -0.108894 0.296189 -0.056590 1.000000 0.486880 -0.191467 -0.365441 -0.350087 -0.337370 0.016703 -0.464321 -0.228530 0.056968 -0.298861 0.331291 0.415743 0.418419 -0.109927 0.093169 0.215796 0.277323 0.005594 -0.210659 0.434091 0.479836 0.215412 0.465481 -0.444760 -0.271584 0.174631 -0.301393 -0.311111 0.187058 0.300517 -0.171230 -0.068611 -0.294984 -0.497573 -0.376503 0.112233 -0.262067 -0.250009 -0.239936 -0.211668 -0.297299 -0.066238 -0.045219 0.338212 0.209914 0.066698 -0.118547 -0.436627 -0.420556 0.255611 -0.216090 -0.228618 -0.113102 0.367630 0.215924 -0.179854 0.008726 -0.269619 0.148774 0.306241 0.472726 -0.293437 -0.072859 -0.237977 0.337627 -0.281845 0.043443 -0.214696 -0.210664 -0.378219 -0.207730 0.162717 0.316757 0.245025 0.153382 -0.128521 -0.041151 0.099251 0.319163 -0.350917 -0.017189 -0.089034 -0.083395 0.087667 -0.209429 0.004748 0.454071 -0.249614 0.432051 -0.069871 0.251722 -0.133674 0.434160 0.231165 0.441970 -0.009949 0.075620 0.006372 -0.207953 0.069376 0.166788 -0.430349 0.157249 0.368753 -0.019587
-0.027786 0.119201 0.474701 0.253334 0.371986 -0.171352 0.060881 0.335570 0.146613 0.218192 0.486880 1.000000 0.275263 0.336543 -0.602571 -0.315397 -0.117207 -0.488753 0.305663 -0.020084 -0.451745 -0.310510 -0.148578 -0.217701 -0.659395 -0.508987 -0.098468 -0.192178 -0.135159 -0.267985 0.092231 -0.200277 0.448199 -0.037721 -0.254918 -0.259023 -0.244734 -0.249313 -0.229097 -0.084408 -0.323057 -0.491704 -0.101179 0.016289 -0.014306 0.098616 0.062030 0.048738 0.267592 0.331136 -0.358587 0.039832 -0.226952 0.134804 0.268112 0.418204 -0.267848 -0.656337 -0.235487 0.080055 -0.062000 -0.066858 -0.220358 -0.282077 -0.198150 0.464149 0.383403 0.363500 -0.209971 -0.166703 0.195318 -0.102424 -0.345110 -0.559188 -0.400399 0.107675 -0.405658 -0.068535 -0.264890 -0.473350 -0.407652 -0.435808 -0.256514 -0.025132 -0.269301 0.150854 -0.098581 -0.191876 0.237406 0.126877 0.280061 0.248049 0.454657 0.283839 -0.017674 -0.003505 -0.099029 0.068289 -0.015188 -0.056498 0.370354 0.285824 0.359324 0.526684 0.396466 0.325208 0.518139 0.021690 0.205965 -0.072898 -0.179016 -0.023891 -0.214705 0.069698 0.164312 -0.168598
0.074015 0.646017 0.198352 0.083647 0.510325 0.024732 0.262565 0.732841 0.063189 0.353265 -0.191467 0.275263 1.000000 0.763833 -0.152008 0.312883 -0.332289 0.205930 0.659258 -0.040433 -0.263095 -0.505965 -0.688911 -0.780455 -0.240551 -0.451775 -0.015904 -0.626690 -0.548690 0.280298 -0.483360 -0.524009 -0.015711 -0.208402 -0.014143 -0.160244 -0.134785 -0.091278 -0.130122 -0.280859 -0.655719 -0.511855 -0.149853 -0.170295 0.133286 0.234803 -0.275524 -0.091583 0.462389 0.497021 0.234356 0.379629 -0.032502 0.331451 -0.306755 0.301609 -0.352208 -0.309633 0.534018 0.610508 -0.036934 0.487266 0.084079 0.135208 -0.486367 0.428668 0.504080 0.609439 -0.151028 -0.468363 -0.336970 -0.540393 -0.362563 -0.141149 -0.009951 -0.107328 -0.568346 -0.120827 -0.241548 0.179917 -0.174621 -0.210764 -0.362785 -0.546332 -0.630140 -0.320061 -0.236996 -0.217657 -0.048787 0.035020 0.494485 -0.250408 0.339340 0.060683 -0.096305 0.161181 -0.094146 -0.320472 0.155998 -0.133841 0.660370 -0.195133 0.707524 -0.289554 -0.076896 -0.480244 -0.044730 -0.348777 -0.333164 0.221068 0.032252 -0.108329 -0.280262 -0.259833 -0.512980 -0.426708
-0.241101 0.336084 0.151205 -0.049778 0.608800 0.129454 0.087057 0.709766 -0.212358 0.309742 -0.365441 0.336543 0.763833 1.000000 -0.141442 0.499287 -0.185180 0.156513 0.592889 -0.247637 -0.380677 -0.568119 -0.639519 -0.796346 -0.400252 -0.611406 -0.304903 -0.600442 -0.201527 0.370257 -0.511417 -0.805517 0.091553 -0.429037 0.152539 0.045415 -0.139061 0.034093 0.269622 -0.176603 -0.647692 -0.366315 -0.225675 0.050139 0.419988 0.313383 -0.087792 0.011990 0.645607 0.470938 0.182169 0.298798 0.032600 0.520864 -0.297025 0.308446 -0.286597 -0.520072 0.482337 0.524276 -0.209205 0.494597 0.116540 0.130178 -0.579544 0.328157 0.491786 0.486779 -0.118960 -0.550668 -0.297181 -0.628023 -0.133457 -0.357032 0.219816 -0.134153 -0.270773 -0.078620 -0.055679 -0.014600 -0.045138 -0.170787 -0.444243 -0.703400 -0.581288 -0.399664 0.259854 -0.244860 0.120118 -0.125357 0.366232 -0.279127 0.365567 0.140167 -0.129974 0.365179 -0.056689 -0.545824 -0.085066 -0.442507 0.719562 -0.317972 0.432209 -0.191709 0.079144 -0.250026 0.286852 -0.545216 -0.060561 0.125486 -0.139095 -0.003440 0.057848 -0.355466 -0.310948 -0.295760
0.167232 0.116883 -0.602725 -0.800084 -0.325250 0.124636 -0.189260 -0.423850 0.037640 0.028927 -0.350087 -0.602571 -0.152008 -0.141442 1.000000 0.485507 0.307199 0.260150 -0.354437 -0.024192 0.404158 0.326425 0.080039 0.227691 0.182041 0.171786 0.032318 0.087915 -0.021963 0.306574 -0.486156 -0.264035 -0.531092 -0.105626 0.338002 0.331450 -0.015268 0.077958 0.183169 0.062460 0.311132 0.218253 0.210041 0.123985 0.300389 0.383109 0.313346 0.181010 -0.124327 0.174392 0.470591 0.351597 0.103840 0.325822 -0.078382 0.053040 0.330899 0.539580 0.165820 -0.176544 0.048654 0.335405 -0.049641 0.069662 0.195079 0.007837 -0.608525 -0.382900 0.492240 0.281006 -0.039874 0.022249 0.114173 0.080798 0.126411 -0.075383 0.112639 -0.380139 0.399948 0.279679 0.271885 0.253784 -0.011054 -0.138572 0.178009 -0.060154 0.195579 0.067855 -0.349549 -0.125792 0.065648 -0.231883 0.013202 -0.089771 -0.245424 -0.230694 -0.057745 -0.290634 0.122988 0.161449 -0.396815 -0.109063 -0.363192 -0.634630 -0.387537 -0.219138 -0.142329 0.019254 -0.335473 -0.432629 0.342324 0.468109 0.511898 0.015719 -0.249333 0.139553
-0.265130 0.161095 -0.236231 -0.381521 -0.107987 0.110529 -0.198281 0.243374 -0.251808 0.150078 -0.337370 -0.315397 0.312883 0.499287 0.485507 1.000000 0.116737 0.454644 0.013553 -0.287416 -0.094857 0.004226 -0.088318 -0.277917 -0.068046 -0.108947 -0.219180 -0.266150 -0.036459 0.619265 -0.382039 -0.446388 -0.195194 -0.089417 0.200233 0.293539 0.049747 0.405996 0.497244 0.193925 -0.028357 0.046390 -0.195830 -0.069155 0.207667 0.091526 0.181952 -0.273727 0.242734 0.146040 0.480428 0.208816 0.049778 0.346232 -0.552838 0.137779 0.232089 0.304604 0.256462 -0.030028 -0.091943 0.595260 0.001384 0.150410 -0.111299 0.148928 -0.120201 -0.048671 0.361502 -0.075370 -0.373081 -0.210972 -0.033637 -0.041731 0.533377 0.115637 0.052599 -0.048136 0.378761 0.498604 0.169168 0.164912 0.103252 -0.379075 -0.036527 -0.437020 0.516547 0.145871 -0.167598 -0.296653 0.006630 -0.599725 0.204252 -0.117885 0.037443 0.385100 0.239307 -0.434230 -0.121343 -0.290676 0.104557 -0.513959 -0.038776 -0.609631 -0.098704 -0.271876 -0.188287 -0.382468 -0.322734 -0.106929 0.156890 0.331512 0.180520 -0.414343 -0.416882 0.071241
0.447720 0.108908 -0.182426 -0.154979 -0.287202 -0.576272 -0.550732 -0.440937 0.516206 0.236698 0.016703 -0.117207 -0.332289 -0.185180 0.307199 0.116737 1.000000 0.120301 -0.061251 0.434470 -0.268705 0.154055 -0.081414 0.157958 -0.091357 -0.266003 -0.755221 -0.348794 0.658982 0.308483 0.121148 0.154115 0.254384 0.240658 0.169470 -0.486953 -0.496892 -0.089542 -0.266759 -0.211414 0.258720 -0.263127 0.278364 0.332442 0.060491 -0.019422 0.273970 -0.062479 -0.010902 0.163239 -0.267936 -0.172244 0.169084 0.145756 -0.311359 -0.112058 0.478539 0.197805 -0.033412 -0.021021 0.528200 0.277869 0.575462 0.246836 -0.062709 -0.475408 -0.367402 -0.610701 0.544788 0.588517 -0.463802 0.136650 0.359554 -0.239919 0.113517 -0.229326 0.364157 -0.234560 0.759812 0.245422 0.602654 0.438791 0.199611 0.282242 -0.332472 -0.163732 0.067636 -0.300514 -0.301569 -0.369473 -0.001653 -0.003925 -0.077856 0.042330 0.053465 -0.041820 0.447700 0.016923 0.046605 0.232958 -0.092499 0.519709 -0.340986 -0.104278 -0.294435 -0.017206 0.166162 -0.014392 -0.034654 0.163785 -0.270821 0.064764 0.291709 -0.252736 0.260620 0.079256
0.006599 0.480143 -0.618305 -0.082792 -0.375457 -0.284658 -0.320911 -0.008557 -0.289161 0.319089 -0.464321 -0.488753 0.205930 0.156513 0.260150 0.454644 0.120301 1.000000 0.023924 0.333925 -0.047991 -0.093384 -0.420335 -0.371674 0.268325 0.006102 -0.265437 -0.308892 0.270637 0.819976 -0.371489 -0.086431 -0.131593 -0.230455 0.222107 -0.225453 -0.074194 0.281436 -0.088247 -0.375284 0.248757 -0.278214 0.362184 0.213179 0.090220 -0.261958 -0.131327 -0.320861 0.073604 0.114637 0.272364 0.131546 0.307766 0.077220 -0.745684 -0.058184 -0.043973 0.417987 0.452083 0.474886 0.149537 0.309029 0.356447 0.655458 -0.231409 -0.552737 -0.004596 -0.230427 0.372534 0.098505 -0.541263 -0.308605 0.569972 0.674176 0.651454 0.332652 0.095386 0.440459 0.323666 0.797475 0.493893 0.673975 0.109418 -0.070946 -0.176235 -0.521817 0.186328 0.097543 -0.301404 0.041842 0.256323 -0.487884 -0.110298 -0.597697 0.482674 0.463908 -0.031158 -0.306906 0.165813 -0.448144 0.209358 -0.411847 0.126238 -0.782641 -0.670257 -0.822593 -0.516117 -0.356734 0.005440 0.583005 -0.451098 -0.207868 -0.073926 0.051925 -0.577094 -0.324844
-0.076204 0.343595 0.447020 0.367524 0.659585 -0.298617 0.452781 0.811029 0.109173 0.267009 -0.228530 0.305663 0.659258 0.592889 -0.354437 0.013553 -0.061251 0.023924 1.000000 0.346380 -0.575166 -0.783039 -0.730902 -0.817095 -0.364208 -0.729946 -0.397451 -0.839146 -0.021370 0.042676 -0.189310 -0.452516 0.047950 -0.254686 0.255415 -0.476043 -0.391886 -0.328999 -0.278132 -0.550133 -0.605473 -0.374208 -0.051405 0.235091 0.288821 0.312512 -0.104760 0.203446 0.586863 0.491733 -0.044490 0.216569 -0.350213 0.064085 -0.145365 -0.041867 -0.579569 -0.573968 0.153828 0.509716 -0.004851 0.018880 0.281323 -0.068200 -0.445081 0.114761 0.447423 0.456021 -0.345874 -0.494341 -0.241374 -0.794113 -0.068114 -0.308894 0.138108 -0.120456 -0.035708 0.183491 -0.128194 -0.080586 -0.196071 -0.415362 -0.325004 -0.229661 -0.706332 -0.177034 -0.259451 -0.358992 0.062782 -0.140974 0.577299 0.254710 0.439113 0.410409 -0.251749 0.224755 0.015873 -0.221994 0.285779 -0.185847 0.743743 0.190951 0.742184 0.036605 -0.034157 -0.354029 0.439140 -0.415517 -0.215366 0.469655 -0.139053 -0.246696 -0.156315 -0.504362 -0.028945 -0.445131
0.355619 0.390614 -0.080584 0.264462 -0.192499 -0.624252 -0.051533 -0.085119 0.284146 0.407079 0.056968 -0.020084 -0.040433 -0.247637 -0.024192 -0.287416 0.434470 0.333925 0.346380 1.000000 -0.280919 -0.329897 -0.461175 -0.130405 0.005877 -0.297988 -0.437952 -0.513275 0.493403 0.214196 0.148164 0.231932 0.025116 0.165852 0.425242 -0.786488 -0.510936 -0.506584 -0.817485 -0.702317 0.166739 -0.537053 0.449535 0.376998 0.011518 -0.083879 0.064020 0.014162 -0.047385 0.300370 -0.199812 -0.061567 -0.041126 -0.223455 -0.323787 -0.070271 -0.382536 0.005199 -0.138153 0.302264 0.421508 -0.201787 0.449737 0.175930 0.074081 -0.480693 0.004820 -0.140867 0.030363 0.337734 -0.204948 -0.286351 0.403218 0.229075 0.280879 0.123401 0.336720 0.373231 0.249551 0.333869 0.183229 0.262886 -0.125293 0.330069 -0.386625 -0.179086 -0.399497 -0.295576 -0.367176 -0.117279 0.511180 0.345267 0.060209 0.063995 0.268874 0.205146 -0.030678 0.175653 0.164263 0.152368 0.203072 0.478300 0.237079 -0.087140 -0.710413 -0.460710 0.101298 -0.124127 -0.091670 0.614508 -0.291456 -0.146173 -0.135210 0.175217 0.197070 -0.349046
-0.086913 -0.332428 -0.370313 -0.437408 -0.377614 0.500711 -0.112754 -0.522650 -0.202264 -0.419960 -0.298861 -0.451745 -0.263095 -0.380677 0.404158 -0.094857 -0.268705 -0.047991 -0.575166 -0.280919 1.000000 0.473224 0.405652 0.500786 0.424888 0.669248 0.588916 0.585953 -0.425933 -0.372889 -0.001138 0.186158 -0.217590 0.100066 0.176879 0.655961 0.292413 0.035632 0.276440 0.228502 0.050660 0.466035 -0.023078 -0.209997 -0.042104 0.185303 -0.050697 0.125696 -0.585784 -0.341758 0.111988 -0.124309 0.213289 -0.258879 0.184517 -0.016000 0.292221 0.539069 0.124022 -0.278151 -0.170203 -0.037709 -0.197937 -0.196196 0.433743 0.160923 -0.099500 -0.021738 0.195179 0.326213 0.351960 0.382068 -0.128438 0.270758 -0.215783 -0.252706 0.051659 -0.280408 0.020536 0.133640 0.040561 0.208938 0.045080 0.044089 0.456110 0.418765 -0.079671 0.454556 -0.230619 -0.207114 -0.185025 0.030934 -0.258485 0.000338 -0.102763 -0.241560 0.016463 -0.000358 -0.094883 0.105407 -0.626877 -0.091223 -0.396576 -0.120329 -0.116934 0.077567 -0.370305 0.475384 -0.193422 -0.409784 0.491730 0.145914 0.167538 0.470509 -0.163097 0.376980
0.302209 -0.301344 -0.399978 -0.345342 -0.604545 -0.026980 -0.326277 -0.682368 0.087385 -0.535948 0.331291 -0.310510 -0.505965 -0.568119 0.326425 0.004226 0.154055 -0.093384 -0.783039 -0.329897 0.473224 1.000000 0.745796 0.623366 0.293036 0.610225 0.366868 0.687463 -0.020126 -0.077555 0.109583 0.443551 -0.151572 0.194618 -0.315347 0.288757 0.524574 0.074512 0.294414 0.399852 0.520833 0.353836 0.046434 -0.248247 -0.278542 -0.243454 0.181289 -0.252956 -0.567845 -0.604854 0.026343 -0.413342 0.425087 -0.071261 0.279869 0.027157 0.779372 0.647379 0.009497 -0.560375 0.290542 0.095146 -0.017628 0.196787 0.532837 -0.036070 -0.674030 -0.564127 0.364236 0.536681 0.192978 0.649637 0.014158 0.266325 -0.114809 0.109964 -0.108122 -0.207600 0.323055 0.185510 0.052156 0.376996 0.586041 0.337167 0.561864 0.360727 0.301566 0.531926 0.025856 0.079357 -0.576646 -0.361209 -0.337839 -0.405562 -0.127947 -0.439592 0.254955 -0.053417 -0.022872 0.127663 -0.493021 -0.023125 -0.762713 -0.156686 0.130200 0.279587 -0.474389 0.137953 -0.259562 -0.400909 0.173468 0.042240 -0.181934 0.164376 -0.107980 0.240044
-0.160167 -0.713308 0.016598 -0.148091 -0.452678 0.244400 -0.044622 -0.497301 -0.066255 -0.582218 0.415743 -0.148578 -0.688911 -0.639519 0.080039 -0.088318 -0.081414 -0.420335 -0.730902 -0.461175 0.405652 0.745796 1.000000 0.784924 0.253853 0.689899 0.488499 0.836557 -0.045438 -0.445314 0.449964 0.512807 -0.013438 0.377721 -0.307543 0.508180 0.538001 0.241473 0.411970 0.659249 0.454347 0.685550 -0.145760 -0.247939 -0.295139 -0.210064 0.260948 -0.056658 -0.475275 -0.635145 0.027007 -0.325130 -0.079495 -0.316262 0.474389 -0.071379 0.515115 0.430619 -0.537415 -0.879500 -0.177992 -0.339044 -0.454019 -0.358555 0.562601 0.128348 -0.495782 -0.384490 0.117016 0.271189 0.440414 0.700767 -0.157897 0.050344 -0.185959 0.184177 0.166223 -0.027622 0.012002 -0.164151 -0.240188 -0.088848 0.547093 0.413091 0.851619 0.453547 0.222359 0.590890 0.097277 0.045357 -0.696868 0.006903 -0.257248 -0.100058 -0.051804 -0.312292 0.228950 0.309975 -0.155069 0.181444 -0.702436 -0.089357 -0.622158 0.296341 0.480417 0.643632 -0.179684 0.417932 0.012660 -0.591408 0.415557 0.230843 -0.059984 0.142822 0.190666 0.477228
0.109079 -0.542612 -0.025860 -0.110161 -0.498750 0.258306 -0.197313 -0.737974 0.098352 -0.279209 0.418419 -0.217701 -0.780455 -0.796346 0.227691 -0.277917 0.157958 -0.371674 -0.817095 -0.130405 0.500786 0.623366 0.784924 1.000000 0.337657 0.647048 0.366741 0.741442 0.055629 -0.412015 0.533399 0.648761 0.085434 0.534577 -0.157862 0.333065 0.186884 0.059868 0.045077 0.452190 0.561984 0.472471 0.022866 -0.172204 -0.379879 -0.181478 0.195003 0.009525 -0.647425 -0.471394 -0.136955 -0.318068 -0.018712 -0.242504 0.309263 -0.098553 0.418568 0.399052 -0.475414 -0.721393 0.029503 -0.329471 -0.328330 -0.317227 0.597657 -0.053044 -0.363883 -0.306613 0.081586 0.490600 0.410809 0.823537 -0.111930 0.093031 -0.270488 0.001160 0.222856 -0.206687 0.012496 -0.132817 0.053124 0.087123 0.218842 0.415083 0.661384 0.327174 -0.043289 0.147301 -0.183751 -0.045998 -0.624080 0.086013 -0.439171 -0.043850 0.133864 -0.257368 0.136432 0.577574 -0.339224 0.520209 -0.879009 0.175856 -0.645435 0.300350 0.066850 0.551696 -0.174552 0.637988 0.177165 -0.517285 0.357531 0.431581 0.208223 0.389493 0.443563 0.590575
0.277531 -0.222569 -0.186392 -0.101642 -0.228821 0.359308 0.081421 -0.381660 0.051614 -0.147289 -0.109927 -0.659395 -0.240551 -0.400252 0.182041 -0.068046 -0.091357 0.268325 -0.364208 0.005877 0.424888 0.293036 0.253853 0.337657 1.000000 0.785926 0.365344 0.356343 -0.017153 0.119473 0.083064 0.417373 -0.051104 0.426126 0.084253 0.211980 0.518804 0.060114 -0.040876 0.089515 0.121959 0.368581 0.284764 -0.076179 0.005074 -0.199456 -0.113464 0.097235 -0.146370 -0.307913 0.467111 0.022655 0.232291 -0.069436 -0.009081 -0.087280 0.091621 0.403840 0.041880 -0.109841 -0.266792 -0.194729 0.072832 0.183996 -0.022952 -0.417597 -0.209470 -0.264019 0.039359 -0.074084 -0.225468 0.309866 0.309247 0.618282 0.209532 -0.084694 0.317818 0.196474 -0.092717 0.309420 0.201694 0.310286 0.074905 -0.121276 0.313969 -0.254257 -0.269846 0.263109 -0.464581 0.166099 -0.487137 -0.106898 -0.868180 -0.451139 0.270540 -0.139647 0.020539 0.313753 -0.222271 0.297135 -0.314758 -0.344719 -0.301817 -0.111163 -0.302945 -0.267076 -0.461393 0.050040 0.079509 0.112806 0.260533 0.001625 -0.097940 0.322874 -0.137884 -0.177432
0.061336 -0.410926 -0.214019 -0.188213 -0.496832 0.490884 -0.034681 -0.558062 -0.053572 -0.389511 0.093169 -0.508987 -0.451775 -0.611406 0.171786 -0.108947 -0.266003 0.006102 -0.729946 -0.297988 0.669248 0.610225 0.689899 0.647048 0.785926 1.000000 0.656743 0.788653 -0.218524 -0.180449 0.274757 0.577193 -0.151371 0.450876 -0.162516 0.509534 0.665815 0.265147 0.177043 0.525477 0.270046 0.552124 0.017735 -0.359193 -0.242885 -0.307315 -0.076407 -0.077342 -0.462147 -0.546820 0.331155 -0.107281 0.229260 -0.326060 0.188922 -0.048337 0.311867 0.584062 -0.188113 -0.442410 -0.288353 -0.238641 -0.271837 -0.045519 0.328378 -0.116493 -0.306942 -0.285759 0.122315 0.162379 0.116655 0.659779 0.013933 0.514751 -0.072597 0.024596 0.181299 0.058901 -0.140511 0.154081 -0.026435 0.214217 0.327933 0.110443 0.703129 0.110668 -0.130255 0.558770 -0.191158 0.168045 -0.582653 -0.052949 -0.646077 -0.353972 0.253942 -0.266053 -0.006705 0.374043 -0.238900 0.286070 -0.636021 -0.344757 -0.469782 0.055790 0.052147 0.165855 -0.570500 0.381295 0.054779 -0.243244 0.444891 0.033979 -0.152463 0.483685 -0.089258 0.217885
-0.075827 -0.271738 0.069087 -0.135624 -0.014495 0.577104 0.481818 -0.062608 -0.159744 -0.308277 0.215796 -0.098468 -0.015904 -0.304903 0.032318 -0.219180 -0.755221 -0.265437 -0.397451 -0.437952 0.588916 0.366868 0.488499 0.366741 0.365344 0.656743 1.000000 0.695757 -0.718906 -0.435271 0.033778 0.197605 -0.343724 0.088173 -0.325195 0.569003 0.683601 0.033042 0.155759 0.390927 0.084465 0.424928 -0.027554 -0.324666 -0.114154 0.085449 0.027441 0.172343 -0.258311 -0.264619 0.393389 0.101447 -0.089953 -0.115057 0.504303 0.259331 -0.110258 0.147853 -0.130174 -0.382458 -0.376559 -0.357903 -0.667855 -0.321255 0.364962 0.422329 -0.063538 0.249295 -0.310613 -0.227311 0.500476 0.275978 -0.466820 0.300258 -0.318394 0.190853 -0.349984 -0.039459 -0.645568 -0.194301 -0.600845 -0.321890 -0.067408 -0.130295 0.563566 0.267753 -0.155631 0.426598 0.029515 0.330075 -0.265495 -0.056768 -0.202647 -0.190817 -0.058098 -0.273243 -0.240108 0.232531 -0.022017 0.166079 -0.379637 -0.394021 -0.090240 0.057067 0.220795 0.140546 -0.301255 0.279434 -0.121955 -0.424481 0.560804 0.200823 -0.317310 0.425658 -0.224075 0.119693
-0.123002 -0.552941 -0.191479 -0.198375 -0.385898 0.475573 -0.035107 -0.568159 -0.218820 -0.507084 0.277323 -0.192178 -0.626690 -0.600442 0.087915 -0.266150 -0.348794 -0.308892 -0.839146 -0.513275 0.585953 0.687463 0.836557 0.741442 0.356343 0.788653 0.695757 1.000000 -0.180023 -0.399218 0.255103 0.430041 -0.184139 0.129226 -0.368637 0.609854 0.634526 0.269748 0.376119 0.651725 0.439686 0.607121 -0.097183 -0.309827 -0.266554 -0.252484 0.031308 -0.022234 -0.506613 -0.612196 0.069722 -0.194108 0.161117 -0.232881 0.522526 -0.028617 0.332820 0.340310 -0.298693 -0.582184 -0.235320 -0.344040 -0.503951 -0.158121 0.479513 0.068292 -0.361692 -0.247606 -0.018800 0.160365 0.524427 0.686870 -0.088914 0.269548 -0.292057 0.140962 -0.020273 -0.062390 -0.253338 -0.269633 -0.198051 0.028358 0.298942 0.209727 0.853714 0.395969 0.176406 0.479015 0.236968 0.321986 -0.603710 -0.011101 -0.373867 -0.264363 0.037935 -0.359769 -0.185133 0.258057 -0.192434 0.130921 -0.659047 -0.258141 -0.595315 0.234879 0.363241 0.526189 -0.305783 0.414372 0.225970 -0.533531 0.271653 0.094348 -0.005300 0.482991 0.096608 0.397512
0.041932 -0.107900 -0.240806 0.160320 -0.284126 -0.532082 -0.401487 -0.301033 -0.037001 0.057725 0.005594 -0.135159 -0.548690 -0.201527 -0.021963 -0.036459 0.658982 0.270637 -0.021370 0.493403 -0.425933 -0.020126 -0.045438 0.055629 -0.017153 -0.218524 -0.718906 -0.180023 1.000000 0.353165 0.206435 0.164372 0.173210 -0.024262 0.293068 -0.468292 -0.272428 -0.070552 -0.117204 -0.276513 0.420835 -0.101092 0.237472 0.419970 0.058706 -0.344603 0.144492 -0.122640 -0.000809 -0.134552 -0.313005 -0.321913 0.167640 -0.079740 -0.226644 -0.329577 0.094530 0.019010 -0.194153 0.020953 0.311808 -0.127020 0.513114 0.360851 0.011919 -0.742173 -0.294416 -0.578645 0.181411 0.320288 -0.189666 -0.042711 0.773611 0.121067 0.504946 0.148296 0.635474 0.420169 0.555202 0.130729 0.480761 0.448508 0.241309 0.374907 -0.033297 -0.171294 0.329368 -0.148611 0.039414 -0.078615 -0.069032 0.109207 -0.139221 -0.113296 0.199002 0.227951 0.089805 -0.051168 -0.085730 -0.180203 0.104771 0.240441 -0.332185 0.029416 -0.271448 -0.021144 0.195648 -0.297557 0.310091 0.410931 -0.601460 -0.197455 0.201378 -0.084005 0.404853 -0.116492
0.220480 0.579685 -0.506889 -0.188606 -0.191252 -0.266283 -0.368674 0.039834 -0.079086 0.463645 -0.210659 -0.267985 0.280298 0.370257 0.306574 0.619265 0.308483 0.819976 0.042676 0.214196 -0.372889 -0.077555 -0.445314 -0.412015 0.119473 -0.180449 -0.435271 -0.399218 0.353165 1.000000 -0.476897 -0.269997 -0.094664 -0.173908 0.121801 -0.288956 -0.044895 0.212207 -0.053719 -0.233253 0.182338 -0.447810 0.270554 0.146757 0.180250 -0.246559 -0.009960 -0.355921 0.312128 0.261090 0.367684 0.233804 0.401079 0.463461 -0.675337 0.157829 0.043614 0.192493 0.438973 0.455477 0.194526 0.535352 0.377659 0.735240 -0.372216 -0.423432 -0.149860 -0.280456 0.363951 -0.005743 -0.644537 -0.267261 0.493795 0.372365 0.626755 0.269631 -0.012926 0.232190 0.369292 0.621572 0.465382 0.589393 0.002071 -0.312899 -0.293009 -0.728807 0.324718 -0.124047 -0.215766 0.150483 0.160038 -0.610470 -0.101992 -0.577783 0.382621 0.355766 -0.084851 -0.366575 -0.026494 -0.279765 0.397932 -0.419906 0.015791 -0.695755 -0.527853 -0.633965 -0.311963 -0.594722 0.023721 0.411993 -0.450019 -0.043102 -0.010742 -0.071274 -0.443845 -0.424141
-0.096897 -0.498751 0.545093 0.596443 -0.187332 -0.029550 0.034940 -0.150309 0.193330 -0.093432 0.434091 0.092231 -0.483360 -0.511417 -0.486156 -0.382039 0.121148 -0.371489 -0.189310 0.148164 -0.001138 0.109583 0.449964 0.533399 0.083064 0.274757 0.033778 0.255103 0.206435 -0.476897 1.000000 0.788155 0.334571 0.634177 -0.202709 -0.147737 0.014168 0.001821 -0.198689 0.292408 0.173804 0.166238 -0.200790 -0.170020 -0.466413 -0.404780 0.055977 -0.188748 -0.358643 -0.407019 -0.437040 -0.601339 -0.151839 -0.611268 -0.006497 -0.189110 0.035074 -0.017711 -0.590590 -0.441443 0.149684 -0.491552 -0.029002 -0.354977 0.419160 -0.187280 0.191743 -0.001146 -0.270782 0.314681 0.132232 0.496485 -0.226367 -0.063123 -0.088758 -0.043900 0.403797 0.172882 -0.096620 -0.132579 -0.144119 -0.100507 0.210110 0.455716 0.194429 0.123078 -0.190655 -0.010834 0.039516 -0.339508 -0.382777 0.319910 -0.234807 0.250841 0.374432 0.234367 0.408757 0.720791 -0.349561 0.340141 -0.368613 0.293740 -0.206545 0.640024 0.210625 0.535111 0.004688 0.435240 0.147677 0.178900 0.153399 0.011751 -0.271769 0.079128 0.684145 0.550465
0.267509 -0.242545 0.134150 0.456478 -0.521276 -0.142337 -0.145024 -0.477939 0.286976 -0.174813 0.479836 -0.200277 -0.524009 -0.805517 -0.264035 -0.446388 0.154115 -0.086431 -0.452516 0.231932 0.186158 0.443551 0.512807 0.648761 0.417373 0.577193 0.197605 0.430041 0.164372 -0.269997 0.788155 1.000000 0.207084 0.668764 -0.337005 -0.227580 0.146899 0.049899 -0.346701 0.234248 0.430322 0.137656 0.017906 -0.286061 -0.663384 -0.628836 -0.139795 -0.357833 -0.595413 -0.555707 -0.327519 -0.538259 0.107165 -0.609634 -0.027814 -0.286398 0.268985 0.402758 -0.367404 -0.340838 0.327449 -0.352897 0.079752 0.009222 0.436406 -0.381309 -0.104299 -0.269683 -0.018342 0.505676 0.015412 0.705115 -0.009480 0.363471 -0.141254 0.045926 0.202935 0.160483 -0.009798 0.170056 0.089191 0.253160 0.464420 0.616931 0.338077 0.149168 -0.343468 0.134542 -0.092747 0.004252 -0.472311 0.120143 -0.497782 -0.177722 0.433472 -0.070226 0.273654 0.706027 -0.155637 0.455249 -0.497610 0.250219 -0.293608 0.331173 -0.026200 0.258452 -0.475782 0.490183 0.092555 0.201032 0.039126 -0.167402 -0.372397 0.271980 0.364713 0.338393
0.004534 -0.160983 0.340318 0.359415 0.085353 -0.170409 -0.316589 -0.019651 0.122302 0.158515 0.215412 0.448199 -0.015711 0.091553 -0.531092 -0.195194 0.254384 -0.131593 0.047950 0.025116 -0.217590 -0.151572 -0.013438 0.085434 -0.051104 -0.151371 -0.343724 -0.184139 0.173210 -0.094664 0.334571 0.207084 1.000000 0.398907 -0.129165 -0.230637 -0.350754 0.034896 -0.126512 -0.179993 -0.143637 -0.216143 0.085730 0.133342 -0.197034 -0.155478 -0.091796 -0.068919 0.043719 0.009397 -0.463621 -0.254476 -0.162486 0.048831 -0.145118 0.017169 0.149453 -0.222208 -0.108786 0.011018 -0.057406 -0.000547 0.123034 -0.120925 -0.349762 -0.099591 0.445968 0.066694 0.118607 0.060268 -0.206290 0.218468 0.061633 -0.247234 -0.131823 -0.127251 0.005127 0.006668 0.098659 0.016914 0.306491 0.081131 0.013223 0.176645 -0.201500 -0.038251 -0.163536 -0.156296 -0.296723 -0.140430 -0.249173 0.007614 -0.235352 -0.030771 0.315641 0.197861 0.426401 0.340862 -0.196610 0.024063 -0.009942 0.240100 0.076301 0.405028 0.096315 0.112640 0.204769 0.285171 0.485265 0.120291 -0.371352 0.029966 0.069786 -0.034119 0.142510 -0.017414
0.305232 -0.199145 0.364446 0.190901 -0.261544 0.112848 -0.084205 -0.295108 0.485640 0.094499 0.465481 -0.037721 -0.208402 -0.429037 -0.105626 -0.089417 0.240658 -0.230455 -0.254686 0.165852 0.100066 0.194618 0.377721 0.534577 0.426126 0.450876 0.088173 0.129226 -0.024262 -0.173908 0.634177 0.668764 0.398907 1.000000 -0.050832 -0.097345 0.050377 -0.076562 -0.332086 0.260599 0.009522 0.007280 -0.058540 -0.301984 -0.370527 -0.282275 0.045703 -0.181577 -0.265969 -0.161136 0.005738 -0.223855 -0.077646 -0.257006 -0.109871 0.076235 0.194796 0.251203 -0.458350 -0.389052 0.000615 -0.105370 -0.022084 -0.286660 0.193761 -0.016037 -0.000205 -0.091540 0.095482 0.303674 -0.177880 0.595704 -0.232751 -0.055774 -0.106584 -0.208416 0.272731 -0.084622 0.047383 0.195758 0.013411 0.040448 0.153771 0.191636 0.157543 -0.129374 -0.480917 0.038836 -0.495742 -0.211802 -0.394827 0.157092 -0.456345 0.086013 0.372944 -0.028132 0.386695 0.723823 -0.409205 0.703494 -0.397668 0.170603 -0.185086 0.398248 -0.050977 0.254442 -0.141624 0.404838 -0.077641 -0.061972 0.464828 0.292028 -0.172315 0.198735 0.348068 0.201527
-0.160735 -0.025884 -0.238763 -0.224671 -0.099889 0.020336 -0.094708 -0.015035 -0.292663 -0.071992 -0.444760 -0.254918 -0.014143 0.152539 0.338002 0.200233 0.169470 0.222107 0.255415 0.425242 0.176879 -0.315347 -0.307543 -0.157862 0.084253 -0.162516 -0.325195 -0.368637 0.293068 0.121801 -0.202709 -0.337005 -0.129165 -0.050832 1.000000 0.057105 -0.296118 -0.457205 -0.000561 -0.472770 -0.228710 0.011250 0.023150 0.226823 0.357832 0.318686 0.057459 0.198331 -0.073029 0.125527 0.082353 0.013066 -0.003942 -0.097240 -0.200996 -0.119900 -0.252350 0.088045 0.058969 0.093434 -0.116201 0.050503 0.309967 -0.082079 0.136390 -0.044719 0.001280 0.061065 0.061484 0.094429 0.094862 -0.389869 0.396840 0.054178 0.514241 -0.123541 0.596441 0.227294 0.424073 0.278318 0.197554 0.141605 -0.233835 -0.064052 -0.098237 0.027827 0.007206 0.048844 -0.383141 -0.458526 0.341039 0.284610 0.126728 0.392703 -0.190872 0.208007 -0.059541 -0.339710 -0.225913 -0.128748 0.117940 0.173453 0.021934 -0.173871 -0.535595 -0.269252 0.221911 -0.244717 -0.249813 0.081648 0.164741 0.124911 0.349048 0.065396 0.139616 -0.204732
-0.501483 -0.529723 -0.112626 -0.473540 -0.033977 0.812605 0.070229 -0.117169 -0.492250 -0.448228 -0.271584 -0.259023 -0.160244 0.045415 0.331450 0.293539 -0.486953 -0.225453 -0.476043 -0.786488 0.655961 0.288757 0.508180 0.333065 0.211980 0.509534 0.569003 0.609854 -0.468292 -0.288956 -0.147737 -0.227580 -0.230637 -0.097345 0.057105 1.000000 0.474643 0.355784 0.779321 0.591376 -0.080501 0.718457 -0.335641 -0.268018 0.127746 0.264320 0.048655 0.184299 -0.172175 -0.289508 0.357234 0.126747 -0.039966 0.039071 0.298205 0.046166 0.205409 0.208062 -0.006583 -0.441226 -0.603075 0.004331 -0.556033 -0.380826 0.201597 0.456292 -0.064713 0.148742 -0.000094 -0.206569 0.416085 0.249998 -0.274147 -0.032221 -0.094423 -0.087037 0.021719 -0.239887 -0.190043 -0.196617 -0.176991 -0.205410 -0.024189 -0.295758 0.600566 0.257439 0.320761 0.437406 0.060952 -0.082511 -0.388237 -0.133210 -0.087432 0.078549 -0.224122 -0.114840 -0.080856 -0.132488 -0.289630 -0.109655 -0.476948 -0.477295 -0.315853 -0.009256 0.366428 0.343361 -0.103288 0.246730 0.013177 -0.690659 0.564094 0.369076 0.341211 0.117675 -0.133738 0.420871
