1.000000 0.295242 0.284162 -0.029261 0.179541 -0.280887 0.395991 0.229108 0.239279 0.274231 0.408835 0.257870 0.289284 0.150426 0.253435 0.060543 0.474822 -0.032589 0.192207 0.381022 -0.326768 -0.183717 -0.258195 -0.162373 -0.405444 -0.315006 -0.042491 -0.270987 0.462195 0.060428 0.156384 0.098364 0.236692 -0.020653 -0.035917 -0.499212 -0.159402 -0.383987 -0.216853 -0.325701 -0.099702 -0.076544 -0.187679 -0.321060 -0.229262 -0.387740 -0.189627 -0.341328 -0.266214 -0.311655 -0.351682 -0.322343 0.071721 -0.230634 -0.131023 -0.302838 0.110595 -0.164252 0.329537 0.074449 0.546333 0.190800 0.437832 0.349457 -0.042501 -0.112512 0.040241 -0.357853 0.007231 -0.244016 0.078773 0.065659 0.303190 0.010311 0.175120 0.068082 0.216609 0.082287 0.186494 -0.019895 0.198384 0.123808 0.081159 0.093545 -0.210278 -0.071999 -0.252375 -0.084419 -0.250270 -0.202921 -0.169912 0.093534 -0.212967 -0.006827 0.009037 -0.005275 0.011311 -0.074233 -0.129123 0.064264 -0.033268 0.157351 0.027558 -0.063772 0.029705 -0.138628 0.041680 -0.041778 0.036108 -0.081246 -0.284574 -0.039226 -0.028868 0.091984 -0.166659 0.101641
0.295242 1.000000 -0.290496 -0.420096 -0.002972 -0.304317 -0.172819 -0.073106 0.002883 0.127377 -0.195262 -0.050227 0.135532 0.387595 0.023343 0.015624 0.225043 0.434034 -0.115693 0.229711 -0.349555 -0.280176 -0.444375 -0.565776 -0.341036 -0.432457 -0.169198 -0.345028 -0.060503 0.364483 -0.366042 -0.423408 0.270048 -0.040140 -0.024890 -0.284071 -0.006439 -0.040799 -0.206938 -0.035455 -0.152667 -0.248525 -0.125443 -0.366699 -0.022069 -0.228183 0.058516 -0.149429 0.000196 0.068161 -0.283466 -0.003333 0.028061 -0.101484 -0.205906 -0.127780 0.456478 0.487249 0.343175 0.446809 0.229831 0.399394 0.238973 0.535914 -0.350957 -0.355771 0.194364 -0.201569 0.474571 0.317832 -0.106436 -0.084075 -0.030418 -0.025707 -0.118191 -0.151753 -0.209452 -0.241870 0.104694 0.407456 0.385585 0.484705 -0.139785 0.061824 -0.219572 -0.058749 -0.178353 -0.051107 -0.011705 0.109661 0.126551 -0.165310 -0.098027 -0.141988 -0.048079 0.036918 0.050576 0.108615 0.155489 0.065531 0.053383 0.120894 0.158287 -0.158124 -0.135360 -0.104957 0.041904 0.015301 0.040896 -0.066574 -0.013883 0.092393 0.040599 -0.141970 -0.152162 -0.148686
0.284162 -0.290496 1.000000 0.457780 0.401096 0.201040 0.537444 0.435539 0.348558 0.054871 0.363657 0.219201 0.288087 -0.096094 -0.052282 -0.253888 -0.086679 -0.326935 0.520341 -0.074576 0.066555 0.038577 0.170159 0.331129 0.031846 0.216957 0.248174 0.087401 0.116038 -0.393455 0.581448 0.447493 -0.014840 0.003098 0.148192 -0.043676 -0.203116 -0.258063 -0.033256 -0.208034 -0.219053 -0.004203 -0.231176 -0.176518 -0.336494 -0.246037 -0.399064 -0.182966 -0.223218 -0.259848 -0.137085 -0.198608 -0.231987 -0.226965 -0.016208 -0.312532 -0.431557 -0.480634 -0.033954 -0.139460 0.069885 -0.325923 0.025834 -0.285597 0.182569 0.181711 0.228553 0.286750 -0.480380 -0.453511 0.357767 0.339619 -0.117880 0.102771 0.013629 0.054685 0.179365 0.297529 -0.401679 -0.389993 -0.389756 -0.498398 0.120351 -0.176064 -0.038363 0.144273 -0.002365 0.037615 0.029165 -0.154269 -0.237526 0.244475 0.074486 0.307497 0.069510 0.134293 0.008170 0.065098 -0.419203 -0.137959 0.102095 0.092247 0.235467 0.307849 0.222475 -0.022390 0.103344 0.005463 0.025695 0.010640 -0.075958 -0.221725 -0.211053 0.074585 -0.049799 0.105619
-0.029261 -0.420096 0.457780 1.000000 0.110503 0.217522 0.193941 0.287628 -0.019627 -0.119471 0.388162 0.156485 0.122884 -0.218284 0.116350 -0.004982 -0.051352 -0.333339 0.366507 -0.021225 0.231529 0.128210 0.435511 0.666800 0.191940 0.267104 0.345987 0.383283 0.206941 -0.341193 0.489618 0.572877 -0.247033 -0.013795 -0.143043 0.035234 -0.076745 0.015141 0.082746 -0.127685 0.086517 0.220010 -0.314405 -0.141503 -0.517248 -0.385628 -0.462787 -0.313833 -0.468600 -0.518977 -0.018458 -0.306509 -0.039019 -0.256218 0.055744 -0.302671 -0.325478 -0.388699 -0.363523 -0.340599 0.009508 -0.389177 -0.061648 -0.295435 0.345760 0.079879 -0.187507 0.252183 -0.397709 -0.252670 0.274159 0.141263 0.059621 0.100185 0.364424 0.250928 0.332518 0.319627 -0.168657 -0.218660 -0.286661 -0.354458 0.338515 0.119423 0.212025 0.251355 0.306121 0.101082 0.300487 -0.035684 -0.251519 0.100392 0.058976 0.124977 0.086263 -0.057173 -0.062721 -0.057885 -0.447688 -0.123464 0.161216 0.098199 0.088949 0.209722 0.166118 0.054406 -0.059412 -0.133877 0.155486 0.117407 -0.051513 -0.269270 -0.280529 0.047897 0.161846 0.118803
0.179541 -0.002972 0.401096 0.110503 1.000000 0.273779 0.526707 0.444288 0.427909 0.345847 0.135545 -0.003315 0.274243 0.270024 0.037827 -0.078024 -0.146964 -0.110205 0.383199 -0.109118 -0.010017 -0.338673 -0.136380 -0.008388 -0.127383 -0.236907 0.240128 -0.142463 -0.031478 -0.205402 0.061934 -0.125813 -0.180906 -0.144064 -0.016275 0.026056 -0.136155 -0.191106 0.074969 -0.040622 -0.130373 -0.155731 -0.258229 -0.164438 -0.179489 -0.173780 -0.223019 -0.136634 -0.000120 -0.136841 0.034575 0.048758 -0.116469 -0.006217 -0.025979 -0.231523 -0.256080 -0.211854 0.276820 0.121577 0.131514 0.041870 -0.123431 -0.161804 0.093798 0.073212 0.031402 0.166328 -0.270110 -0.349614 0.177890 0.120949 -0.132564 -0.093765 -0.074419 -0.082156 0.043325 -0.087464 -0.252865 -0.141123 -0.194840 -0.227383 0.009228 -0.109319 -0.251407 -0.149658 -0.168804 -0.022356 0.158176 -0.010102 0.094815 0.259418 0.207607 0.246631 0.017494 -0.087333 0.113429 -0.091680 -0.102255 -0.012425 0.009903 0.025494 0.294173 0.200357 0.273297 0.138941 0.216235 0.231121 0.193395 -0.061027 -0.147300 0.063084 -0.030750 -0.135515 -0.069359 0.152155
-0.280887 -0.304317 0.201040 0.217522 0.273779 1.000000 -0.000944 0.022145 -0.061614 0.014057 -0.002087 -0.304177 -0.078516 -0.148482 -0.072276 -0.030517 -0.402773 -0.063362 -0.094276 -0.307119 0.361767 0.161062 0.402109 0.440600 0.326862 0.444500 0.504353 0.531817 -0.347904 -0.267649 0.059784 0.144173 -0.419659 -0.085252 0.047603 0.524463 0.067973 0.166510 0.448431 0.366082 -0.253757 0.042975 -0.217391 -0.072284 -0.223169 -0.030529 -0.194229 0.049231 -0.188433 -0.231473 0.220904 0.065942 0.099191 -0.087812 0.249323 -0.086969 -0.373923 -0.236923 -0.099704 -0.155753 -0.236336 -0.139371 -0.279620 -0.357148 0.210319 0.192050 -0.142750 0.329413 -0.299977 -0.220536 0.052038 0.101584 -0.437514 0.045862 -0.171669 -0.134184 -0.025577 -0.037390 -0.298352 -0.240315 -0.335060 -0.340662 0.204066 0.003057 0.260350 0.017542 0.275245 0.205392 0.336799 0.263785 -0.019501 0.262963 0.136497 0.254608 0.060637 0.003993 -0.153455 0.027549 -0.224108 -0.059756 -0.033839 -0.138913 0.191565 0.347956 0.262390 0.328581 0.011352 0.190741 0.052894 0.007625 0.329502 0.026733 0.024956 0.322188 0.079096 0.130645
0.395991 -0.172819 0.537444 0.193941 0.526707 -0.000944 1.000000 0.680917 0.360747 0.271676 0.498223 0.303249 0.575435 0.205472 0.237324 -0.029183 -0.145600 -0.103753 0.350441 -0.056589 -0.049418 -0.184828 -0.125092 0.083241 -0.098408 -0.106568 0.091109 -0.219080 0.156105 -0.152603 0.369579 0.256461 0.002275 -0.033018 0.009475 -0.148866 -0.182663 -0.326347 -0.021909 -0.208740 -0.193975 0.017202 -0.148265 -0.134390 -0.247749 -0.214876 -0.237094 -0.207925 -0.176027 -0.251974 -0.087466 -0.144046 -0.293955 -0.163215 -0.075857 -0.197407 -0.300014 -0.266975 0.107563 -0.154635 0.331311 -0.099699 0.172509 -0.047123 0.370631 0.077421 -0.022379 -0.065432 -0.487306 -0.534739 0.197438 0.167403 0.150926 0.111701 0.112596 0.143758 0.166615 0.142722 -0.231037 -0.130101 -0.190286 -0.248457 0.130131 0.006535 -0.217753 -0.129762 -0.228399 0.141419 -0.076419 -0.226056 -0.109898 0.217392 0.117255 0.184443 -0.043718 -0.126583 0.012003 -0.131458 -0.218246 -0.113350 -0.092115 0.028024 0.096762 0.091719 0.160266 -0.096062 0.086346 0.050445 0.115421 -0.094787 -0.207577 -0.180857 -0.104989 -0.141996 -0.114042 0.153498
0.229108 -0.073106 0.435539 0.287628 0.444288 0.022145 0.680917 1.000000 0.313217 0.388113 0.320829 0.346160 0.483832 0.434009 0.114275 0.195002 -0.113031 -0.067581 0.401671 -0.139831 -0.132728 -0.310570 -0.260543 -0.042691 -0.134296 -0.228881 -0.025193 -0.347813 0.133184 -0.009338 0.232291 0.098801 0.018453 -0.037065 0.008024 -0.121319 -0.235919 -0.252282 -0.024767 -0.215422 -0.153036 -0.059451 -0.199427 -0.092340 -0.188622 -0.110104 -0.188519 -0.200455 -0.132936 -0.146863 -0.139534 -0.121432 -0.239501 -0.171496 -0.117101 -0.209867 -0.326087 -0.335077 0.160723 -0.005907 0.251616 0.081957 0.081250 -0.020080 0.206599 0.198079 0.065038 0.081210 -0.421071 -0.518468 0.081340 -0.008575 0.133307 0.102973 0.171199 0.077424 -0.005341 0.161479 -0.155598 -0.092667 -0.224635 -0.277706 0.059391 -0.124874 -0.282352 -0.166402 -0.131227 -0.078834 -0.089758 -0.234774 -0.061588 -0.008698 0.233580 0.166261 -0.042894 0.045007 -0.029769 -0.105461 -0.219869 -0.098112 0.180803 -0.010785 0.216995 0.061181 0.196801 -0.145548 0.093167 -0.133984 0.034777 -0.065474 -0.151864 -0.171210 -0.106795 -0.160910 -0.213275 0.186829
0.239279 0.002883 0.348558 -0.019627 0.427909 -0.061614 0.360747 0.313217 1.000000 0.546195 0.334296 0.090599 0.073870 0.040064 0.112194 -0.131942 0.069775 -0.227014 0.228487 0.094839 -0.171454 -0.174678 -0.143956 -0.031688 -0.106997 -0.172203 -0.011005 -0.180561 0.052358 -0.280900 0.151056 -0.065537 0.000205 -0.154713 0.104528 -0.166242 -0.106390 -0.289529 -0.139408 -0.334486 -0.180003 -0.153536 -0.029369 -0.080148 -0.159933 -0.061801 -0.121450 -0.003483 -0.003278 0.052611 -0.012611 0.139109 -0.084988 0.032559 -0.095159 -0.193623 -0.190218 -0.253196 0.108916 0.191174 0.098285 0.094492 -0.070790 -0.034128 0.039320 0.129382 -0.009850 0.026023 -0.222343 -0.267393 0.154168 0.177587 -0.040424 -0.049152 0.074754 -0.024433 0.122372 0.019789 -0.094578 -0.186886 -0.143757 -0.261499 -0.106380 -0.317912 -0.224692 -0.137447 -0.259737 -0.223318 -0.139365 -0.249764 0.213279 0.265154 0.192926 0.276800 0.069495 0.068872 0.085764 0.043071 -0.044779 0.006921 0.027299 0.113180 0.164382 0.163787 0.161435 0.165991 0.086473 0.262798 0.063669 0.084743 -0.155405 -0.031466 -0.029640 -0.100144 -0.046971 0.211886
0.274231 0.127377 0.054871 -0.119471 0.345847 0.014057 0.271676 0.388113 0.546195 1.000000 0.247709 0.222166 0.022430 0.242819 0.206946 0.144501 0.198812 -0.074617 0.092847 0.055545 -0.201722 -0.330131 -0.328981 -0.182528 -0.252974 -0.370389 -0.121520 -0.374396 0.129418 -0.007287 0.039981 -0.116470 0.058672 -0.077086 -0.018776 -0.216677 -0.217453 -0.290380 -0.097203 -0.257197 -0.197300 -0.221850 -0.139848 -0.180467 -0.159569 -0.131092 0.003156 -0.199263 0.047224 0.052112 -0.053512 0.249067 0.046231 0.072933 -0.219178 -0.186859 -0.099404 -0.143855 0.254558 0.283041 0.235567 0.303630 -0.051761 0.158302 -0.032180 0.111235 0.016103 -0.079756 -0.142504 -0.226473 0.057465 0.019369 0.076043 -0.202334 0.118558 0.017095 0.042583 -0.092050 0.063305 -0.038646 0.017364 -0.009119 -0.040495 -0.224801 -0.334226 -0.459137 -0.204596 -0.422217 -0.208079 -0.108940 0.244243 0.134878 0.252902 0.155748 0.105971 -0.000068 -0.014820 0.078173 -0.010396 0.047841 -0.004949 0.022071 0.159400 0.099841 0.022843 0.078260 0.185494 0.085675 0.002629 -0.011886 -0.149219 0.166996 0.068001 -0.028577 -0.112708 0.279092
0.408835 -0.195262 0.363657 0.388162 0.135545 -0.002087 0.498223 0.320829 0.334296 0.247709 1.000000 0.391527 0.435866 0.024390 0.483361 0.139659 0.264251 -0.212737 0.335145 0.124258 -0.003465 0.082563 0.156133 0.357734 -0.142508 0.036750 0.269002 0.147283 0.442005 -0.097128 0.437062 0.371769 0.005970 0.045498 -0.054901 -0.153836 -0.297474 -0.223618 -0.080321 -0.232067 -0.095622 0.122528 -0.268247 -0.281139 -0.523111 -0.511976 -0.360739 -0.285717 -0.434892 -0.489100 -0.139376 -0.321801 0.016804 -0.333008 -0.080556 -0.305668 -0.251324 -0.300371 -0.168317 -0.392002 0.411449 -0.145314 0.281710 0.013172 0.510955 0.162414 -0.296991 -0.097542 -0.368909 -0.350968 0.200720 0.102306 0.289227 0.042799 0.208608 0.177634 0.225311 0.172167 -0.030830 -0.158320 -0.005948 -0.192745 0.383564 0.199487 0.093294 0.165514 -0.015580 0.027867 -0.040155 -0.180698 -0.278713 0.142689 -0.072947 0.011107 -0.114876 -0.187839 -0.062441 -0.066698 -0.465027 -0.206707 -0.142349 0.052861 -0.108283 0.067159 0.125144 0.024640 -0.094115 0.080043 0.087212 -0.063220 -0.044067 -0.160743 -0.298964 0.006955 0.021152 0.088969
0.257870 -0.050227 0.219201 0.156485 -0.003315 -0.304177 0.303249 0.346160 0.090599 0.222166 0.391527 1.000000 0.378498 0.327613 0.050624 0.045436 0.199074 -0.173961 0.262702 0.050134 -0.194870 -0.036231 -0.284726 -0.039937 -0.289885 -0.183107 -0.184120 -0.274754 0.298372 0.038164 0.250429 0.243933 0.306322 0.227267 -0.094344 -0.193027 -0.308366 -0.279994 -0.172617 -0.197192 -0.032592 0.036642 -0.122077 -0.048670 -0.172601 -0.138980 -0.104169 -0.210082 -0.055326 -0.109846 -0.295104 -0.137012 -0.239147 -0.090366 0.046641 -0.082372 -0.182719 -0.275985 0.060963 -0.132269 0.257856 0.017500 0.116707 0.072463 0.028316 0.354151 0.090087 0.045021 -0.247012 -0.197873 0.134265 0.149158 0.332094 0.080312 0.062085 0.373199 0.109634 0.372096 -0.003805 -0.246796 -0.093858 -0.183092 -0.044295 0.068890 -0.432904 0.086876 -0.320391 -0.165783 -0.206654 -0.230716 -0.159205 0.025837 0.072018 -0.014157 -0.144344 -0.187149 0.015460 0.021111 -0.084169 -0.113368 0.012791 0.070120 0.076754 0.098084 0.122349 -0.099798 0.209780 -0.104392 -0.012094 -0.143290 -0.248010 -0.171470 -0.126036 -0.135912 0.062157 0.068341
0.289284 0.135532 0.288087 0.122884 0.274243 -0.078516 0.575435 0.483832 0.073870 0.022430 0.435866 0.378498 1.000000 0.566195 0.290260 0.188361 0.066796 0.218751 0.305815 -0.162756 -0.157681 -0.144803 -0.310464 -0.097486 -0.170413 -0.093063 0.027715 -0.175971 0.163464 0.146603 0.097461 0.052499 0.182715 0.090369 0.005733 -0.122785 -0.330347 -0.183962 -0.117480 -0.219373 -0.121507 -0.039032 0.005772 -0.072372 -0.166120 -0.248491 -0.063402 -0.172814 -0.144883 -0.216966 0.009097 -0.306460 -0.165332 -0.189777 -0.093936 -0.114500 -0.091589 -0.031260 0.184784 -0.228617 0.423378 -0.025367 0.397907 0.182068 0.250289 0.044088 0.080400 -0.083013 -0.216695 -0.330484 -0.033297 0.128728 0.190977 0.269394 -0.006997 0.041224 -0.083172 0.090579 -0.233738 0.069339 0.038263 -0.002396 0.011360 0.150915 -0.212488 0.023021 -0.182756 0.130449 -0.089523 -0.132835 -0.262331 -0.107068 -0.110451 -0.084299 -0.105435 -0.144011 -0.011788 -0.076820 -0.247646 -0.270551 -0.088602 -0.089465 -0.011702 -0.120026 0.070413 -0.311819 -0.019579 -0.019622 0.029754 -0.195419 -0.212094 -0.196289 -0.109316 -0.131725 -0.257586 -0.134003
0.150426 0.387595 -0.096094 -0.218284 0.270024 -0.148482 0.205472 0.434009 0.040064 0.242819 0.024390 0.327613 0.566195 1.000000 0.157931 0.296656 0.139329 0.361783 0.053957 -0.165743 -0.346711 -0.375164 -0.467867 -0.456036 -0.284816 -0.384833 -0.205789 -0.422394 0.124940 0.400920 -0.195101 -0.371146 0.147227 -0.059497 0.009438 -0.096845 -0.211052 -0.134040 -0.045113 -0.150582 -0.057964 -0.160557 0.047290 -0.038297 0.065537 -0.062784 0.069735 -0.176294 0.213592 0.072861 0.020151 0.056756 -0.022221 0.113773 -0.016073 0.043271 0.041216 0.060380 0.395247 0.167083 0.226320 0.309886 0.163546 0.280194 -0.116318 0.037884 0.136487 -0.142531 -0.036730 -0.162940 -0.134313 -0.091526 0.171256 0.151292 -0.049254 0.021682 -0.155627 -0.022160 -0.101571 0.182037 0.119734 0.100584 -0.127238 0.007329 -0.357452 -0.237314 -0.259784 -0.122106 -0.112397 -0.068233 0.005784 -0.176668 -0.049857 -0.165780 -0.087965 -0.046831 0.084051 -0.098536 0.054984 -0.154941 0.054092 -0.167220 -0.026677 -0.152914 0.054208 -0.224254 0.126006 -0.095137 0.119515 -0.083533 -0.215990 0.038127 0.093043 -0.356167 -0.160888 -0.047036
0.253435 0.023343 -0.052282 0.116350 0.037827 -0.072276 0.237324 0.114275 0.112194 0.206946 0.483361 0.050624 0.290260 0.157931 1.000000 0.283576 0.202505 -0.017330 0.112482 0.131749 0.129168 0.044242 0.154072 0.186281 -0.059941 -0.023091 0.086379 0.069376 0.325712 0.121635 0.219586 0.085021 -0.115210 -0.066065 -0.116085 -0.113292 -0.120687 -0.023546 0.075380 -0.149099 0.118401 0.171103 -0.088592 -0.136196 -0.211510 -0.287787 -0.131012 -0.276995 -0.256358 -0.292194 0.080472 -0.153431 0.045307 -0.065584 0.011292 -0.095832 0.014707 -0.058089 -0.101073 -0.249457 0.164583 -0.064926 0.143835 0.055906 0.265568 -0.137974 -0.372277 -0.402036 -0.036631 -0.204791 0.041086 -0.025090 0.288265 -0.023998 0.247907 0.115812 0.167476 -0.151264 0.057718 0.054177 0.138226 0.079874 0.343411 0.244519 0.174498 0.013447 0.112966 0.029196 -0.011185 -0.021912 -0.096617 -0.040789 -0.148192 -0.210002 0.049807 -0.158655 -0.090874 -0.140904 -0.194984 0.002416 -0.159850 -0.191815 -0.208266 -0.190557 -0.201595 -0.105349 -0.145132 -0.027251 0.095163 -0.188551 0.020799 0.112727 -0.013296 -0.172449 -0.139628 0.159575
0.060543 0.015624 -0.253888 -0.004982 -0.078024 -0.030517 -0.029183 0.195002 -0.131942 0.144501 0.139659 0.045436 0.188361 0.296656 0.283576 1.000000 0.341206 0.120129 -0.052744 -0.065868 -0.096773 0.031655 -0.005268 0.070927 -0.037468 -0.108537 0.029312 -0.005720 0.291695 0.332417 -0.177112 -0.114994 -0.036943 -0.023840 -0.007057 -0.043660 0.001196 0.222031 0.099503 0.110751 0.382536 0.167021 -0.156689 -0.050355 -0.180912 -0.231247 0.035367 -0.276940 -0.211579 -0.233447 -0.023087 -0.247475 0.026017 -0.122410 0.142904 -0.126464 0.201905 0.027194 -0.056635 -0.185350 0.119442 0.244895 0.030742 0.147956 0.036337 -0.002567 -0.247790 -0.381935 0.181524 -0.003313 -0.112582 -0.111298 0.297381 0.018864 0.259643 0.167806 0.055450 -0.037408 0.247256 0.189519 0.142003 0.073994 0.108953 0.133311 0.059629 -0.062629 0.093557 0.112694 -0.034302 -0.129322 -0.202684 -0.193317 -0.021064 -0.088855 -0.108825 -0.121702 0.004243 -0.199048 -0.297861 0.033245 -0.133982 -0.171621 -0.292482 -0.188539 0.036869 0.143258 -0.119058 0.008249 0.077015 -0.091171 0.081375 -0.011105 0.114993 0.051952 -0.017497 0.128771
0.474822 0.225043 -0.086679 -0.051352 -0.146964 -0.402773 -0.145600 -0.113031 0.069775 0.198812 0.264251 0.199074 0.066796 0.139329 0.202505 0.341206 1.000000 -0.088085 -0.018355 0.172296 -0.328912 -0.051238 -0.141839 -0.080091 -0.403914 -0.292254 -0.179577 -0.167895 0.676365 0.186833 -0.017282 -0.108362 0.395412 0.049310 -0.042135 -0.374150 -0.186898 -0.135598 -0.335468 -0.283562 0.227602 0.060238 -0.145096 -0.150800 -0.161227 -0.304040 -0.081343 -0.311165 -0.183335 -0.113746 -0.343453 -0.284005 0.226218 -0.151836 -0.105267 -0.211485 0.405426 0.089213 0.067860 -0.037667 0.410748 0.131919 0.397920 0.331324 -0.166159 -0.048381 0.075183 -0.369740 0.309811 0.056656 -0.019624 0.065345 0.473994 -0.191370 0.284041 0.098556 0.162701 -0.058522 0.486652 0.254827 0.525787 0.290839 -0.067287 0.030187 -0.110490 0.072281 -0.043195 -0.285485 -0.269247 -0.248380 -0.248404 -0.132768 -0.254309 -0.173506 -0.116217 -0.116917 0.084733 -0.074749 -0.145860 0.050235 -0.222728 0.117173 -0.282045 -0.198849 -0.143900 -0.093001 -0.089924 -0.065700 -0.109393 -0.105538 -0.192414 -0.024521 -0.084375 -0.007820 0.033476 -0.090102
-0.032589 0.434034 -0.326935 -0.333339 -0.110205 -0.063362 -0.103753 -0.067581 -0.227014 -0.074617 -0.212737 -0.173961 0.218751 0.361783 -0.017330 0.120129 -0.088085 1.000000 -0.197025 0.066324 -0.129925 -0.124963 -0.332081 -0.443676 0.050444 -0.131761 -0.250417 -0.242701 -0.074151 0.711954 -0.275453 -0.192751 0.104881 0.170364 0.110811 0.113585 -0.013550 0.117469 0.017435 0.052007 -0.013440 -0.096026 0.178750 -0.071484 0.122487 -0.102170 0.234576 0.093984 0.092402 0.052223 0.129409 0.035917 -0.103235 0.088242 -0.216886 0.023595 0.008555 0.276368 0.139088 0.091866 0.183054 0.154334 0.321501 0.483192 0.123810 -0.286163 -0.005058 -0.303235 0.056273 0.009163 -0.358547 -0.036336 0.108051 0.376994 -0.184716 -0.000824 -0.277824 0.132023 0.031326 0.372739 0.221799 0.408433 -0.004536 0.230536 0.037039 -0.255264 -0.153719 0.164223 -0.101239 -0.064436 0.172217 -0.099080 -0.072518 -0.145228 -0.074979 -0.011805 -0.023783 -0.160995 0.159375 -0.010428 0.034034 -0.066800 -0.020469 -0.199133 -0.053657 -0.177016 -0.038660 0.004003 0.131041 -0.000328 -0.004831 0.106935 0.191712 -0.074217 -0.085469 -0.232182
0.192207 -0.115693 0.520341 0.366507 0.383199 -0.094276 0.350441 0.401671 0.228487 0.092847 0.335145 0.262702 0.305815 0.053957 0.112482 -0.052744 -0.018355 -0.197025 1.000000 0.239780 -0.114041 -0.280700 -0.132920 0.116301 -0.226406 -0.196839 0.098042 -0.136400 0.207812 -0.135167 0.242567 0.190572 0.046990 -0.027062 -0.061551 -0.231122 -0.261535 -0.235796 -0.082918 -0.289826 -0.158020 -0.058664 -0.104677 0.024432 -0.214375 -0.217544 -0.323510 -0.032159 -0.119491 -0.187349 -0.158967 -0.179668 -0.176218 -0.182227 -0.077519 -0.191029 -0.379112 -0.415460 0.009422 -0.101823 0.156099 -0.256604 0.132801 -0.168319 0.100916 0.056407 0.045004 0.154567 -0.288868 -0.338673 0.206784 -0.124301 0.165787 0.085504 0.192243 0.209707 0.244933 0.240913 -0.242960 -0.255318 -0.278916 -0.345221 0.187964 -0.037414 -0.155840 0.053358 -0.039626 -0.010940 0.042569 -0.222426 -0.005309 0.246599 0.164110 0.291828 -0.164892 0.004859 0.088713 -0.210011 -0.231069 -0.068132 0.262406 0.224147 0.158665 0.210524 0.208536 -0.066500 0.298538 -0.054612 0.075021 0.156087 -0.130011 -0.215881 -0.276792 -0.039264 0.049848 -0.052068
0.381022 0.229711 -0.074576 -0.021225 -0.109118 -0.307119 -0.056589 -0.139831 0.094839 0.055545 0.124258 0.050134 -0.162756 -0.165743 0.131749 -0.065868 0.172296 0.066324 0.239780 1.000000 -0.315676 -0.252615 -0.201197 -0.143928 -0.216542 -0.338217 -0.048655 -0.201314 0.179363 0.115011 -0.071919 0.033794 0.095955 0.008291 -0.026510 -0.449377 -0.093986 -0.128490 -0.225055 -0.123030 -0.038379 -0.104148 -0.077081 -0.116512 -0.042715 -0.175277 -0.102539 -0.120533 -0.120123 -0.077607 -0.191550 -0.086346 -0.044432 -0.086174 -0.131613 -0.100284 0.039259 -0.000627 -0.051726 0.088592 0.060997 -0.032044 0.141888 0.085890 -0.078725 -0.439251 -0.191817 -0.231055 0.169439 0.230559 0.037384 -0.105468 0.161968 -0.047224 0.247781 0.203409 0.331972 0.137869 0.244114 0.042240 0.074951 0.162645 0.079039 0.319139 -0.036428 0.026499 -0.200989 0.011396 -0.169149 -0.120666 0.212517 0.204136 -0.037897 0.154435 0.065085 0.081155 -0.036890 -0.001751 0.082702 0.098985 0.124426 0.420596 0.047591 -0.016601 0.039485 0.076598 0.241159 -0.044151 0.150733 0.125805 -0.174711 0.005568 -0.074117 0.124201 0.128169 0.016988
-0.326768 -0.349555 0.066555 0.231529 -0.010017 0.361767 -0.049418 -0.132728 -0.171454 -0.201722 -0.003465 -0.194870 -0.157681 -0.346711 0.129168 -0.096773 -0.328912 -0.129925 -0.114041 -0.315676 1.000000 0.472013 0.453295 0.466048 0.521951 0.594632 0.322924 0.424653 -0.186070 -0.238404 0.374030 0.355897 -0.178400 0.126132 -0.052975 0.369686 0.143548 0.227917 0.214365 0.212145 0.006663 0.224456 0.024294 0.061451 -0.015421 0.119271 -0.072225 0.074048 -0.155630 -0.080380 0.170144 0.007913 0.033655 -0.033202 0.176397 0.146548 -0.163662 -0.064466 -0.246093 -0.178868 -0.250718 -0.180750 -0.225379 -0.335072 0.277853 0.172894 -0.045628 0.189525 -0.089984 -0.051205 0.090621 0.100725 -0.172968 -0.132182 -0.238498 -0.050505 -0.121357 -0.050302 -0.111393 -0.142338 -0.152653 -0.235413 0.122027 -0.106372 0.193809 0.300390 0.193180 0.143904 0.059334 0.159982 -0.166954 -0.221616 -0.146545 -0.185794 0.040870 -0.001145 0.073492 0.094574 -0.145530 -0.166951 -0.172501 -0.387383 -0.124935 -0.116340 -0.266365 -0.078910 -0.204031 -0.046352 0.043351 0.025325 0.382105 0.031542 -0.140149 0.046037 -0.079398 0.020424
-0.183717 -0.280176 0.038577 0.128210 -0.338673 0.161062 -0.184828 -0.310570 -0.174678 -0.330131 0.082563 -0.036231 -0.144803 -0.375164 0.044242 0.031655 -0.051238 -0.124963 -0.280700 -0.252615 0.472013 1.000000 0.451622 0.462059 0.402898 0.631393 0.265951 0.534440 -0.063598 -0.117549 0.282387 0.428669 -0.008770 0.189103 0.091831 0.231281 0.132234 0.133498 0.155362 0.165683 0.200753 0.338882 0.001105 0.065216 -0.105300 0.018162 -0.089921 0.011154 -0.263727 -0.184981 -0.034445 -0.257591 0.047558 -0.130512 0.278193 -0.056191 -0.048782 -0.077070 -0.274372 -0.333210 -0.045272 -0.181731 -0.093906 -0.112410 0.115170 0.143005 -0.136386 0.073981 -0.001143 0.065503 -0.026802 0.260205 -0.063954 0.096840 -0.100777 0.088114 -0.116984 0.157968 -0.066083 -0.112966 -0.142905 -0.188922 0.184572 0.114750 0.266009 0.324071 0.319314 0.249461 0.002784 -0.015846 -0.302792 -0.125813 -0.169498 -0.184235 0.001505 -0.058983 0.094333 0.165197 -0.033967 0.045986 -0.081789 -0.228539 -0.213637 -0.046287 -0.075314 0.078738 -0.291663 0.029622 -0.007837 -0.013755 0.300839 -0.025907 -0.090122 0.086757 0.157780 0.073414
-0.258195 -0.444375 0.170159 0.435511 -0.136380 0.402109 -0.125092 -0.260543 -0.143956 -0.328981 0.156133 -0.284726 -0.310464 -0.467867 0.154072 -0.005268 -0.141839 -0.332081 -0.132920 -0.201197 0.453295 0.451622 1.000000 0.805230 0.412842 0.617729 0.463297 0.715758 -0.006111 -0.322556 0.376744 0.411996 -0.400584 -0.040248 -0.074218 0.343517 0.314456 0.292013 0.308613 0.292751 0.247282 0.292756 -0.188912 -0.021105 -0.256891 -0.130707 -0.231600 -0.110239 -0.346057 -0.325683 0.215336 -0.072180 0.028887 -0.119553 0.224725 0.028602 -0.029986 -0.121945 -0.522999 -0.415007 -0.380356 -0.293838 -0.342815 -0.482614 0.243232 -0.013042 -0.411632 -0.019146 -0.144332 -0.072288 0.262525 0.094982 -0.175916 -0.001925 0.097698 0.063577 0.284385 0.009731 -0.051497 -0.155470 -0.226641 -0.251459 0.470041 0.105962 0.569194 0.259355 0.540941 0.362915 0.312000 0.189092 -0.266773 0.088716 -0.100256 -0.005835 0.103797 -0.061836 -0.115678 0.026434 -0.255120 0.010956 -0.102294 -0.149196 -0.147217 0.074573 -0.032248 0.233844 -0.278700 0.029099 0.145948 0.087941 0.289441 -0.001752 -0.188559 0.128867 0.127168 0.040165
-0.162373 -0.565776 0.331129 0.666800 -0.008388 0.440600 0.083241 -0.042691 -0.031688 -0.182528 0.357734 -0.039937 -0.097486 -0.456036 0.186281 0.070927 -0.080091 -0.443676 0.116301 -0.143928 0.466048 0.462059 0.805230 1.000000 0.359891 0.600957 0.436460 0.645645 0.124366 -0.403763 0.521472 0.612286 -0.361582 0.028885 -0.108774 0.224959 0.038817 0.174732 0.208673 0.154922 0.207422 0.331038 -0.254103 -0.004330 -0.431397 -0.208127 -0.380938 -0.194245 -0.512289 -0.447209 0.059879 -0.248161 -0.035176 -0.241277 0.266167 -0.160161 -0.255541 -0.339852 -0.439229 -0.475726 -0.127273 -0.314062 -0.298813 -0.477211 0.358627 0.102911 -0.386338 0.113007 -0.299131 -0.184602 0.318438 0.144538 -0.026572 0.021951 0.194648 0.217425 0.329528 0.186260 -0.164936 -0.303388 -0.369727 -0.463992 0.442995 0.123035 0.351079 0.290000 0.430013 0.270246 0.219836 0.036961 -0.320611 0.138113 -0.026851 0.122768 0.043504 -0.057513 -0.070253 0.060264 -0.424950 -0.025657 -0.064839 -0.081229 -0.126971 0.137263 0.023991 0.201750 -0.183574 0.001706 0.176919 0.085958 0.194571 -0.118192 -0.181867 0.174330 0.205489 0.174296
-0.405444 -0.341036 0.031846 0.191940 -0.127383 0.326862 -0.098408 -0.134296 -0.106997 -0.252974 -0.142508 -0.289885 -0.170413 -0.284816 -0.059941 -0.037468 -0.403914 0.050444 -0.226406 -0.216542 0.521951 0.402898 0.412842 0.359891 1.000000 0.690750 0.218732 0.451184 -0.205203 -0.002197 0.145868 0.286980 -0.220478 0.068153 0.151387 0.180105 0.275701 0.237041 0.306382 0.282025 0.170685 0.150928 0.069751 0.104063 0.149683 0.166957 0.036623 0.201577 0.013221 -0.002120 0.394270 0.032935 -0.096048 0.165494 0.154220 0.189006 -0.154927 -0.005075 -0.358020 -0.257243 -0.438985 -0.263061 -0.255267 -0.310712 0.210805 -0.048828 -0.225100 0.050817 0.003457 -0.046315 -0.021504 0.117145 -0.149747 0.128419 -0.056173 -0.077163 -0.028021 0.075594 -0.094723 0.002290 -0.067204 -0.073920 0.066645 -0.137288 0.365276 0.139146 0.234894 0.290449 -0.002099 0.055509 -0.186164 -0.212110 -0.172205 -0.170743 0.256771 0.012404 -0.036773 0.180099 0.031435 0.002572 -0.056714 -0.399928 -0.149493 -0.171482 -0.193291 -0.179533 -0.414135 0.011306 -0.009045 0.131688 0.177232 0.065255 0.012824 0.051231 -0.015140 -0.068217
-0.315006 -0.432457 0.216957 0.267104 -0.236907 0.444500 -0.106568 -0.228881 -0.172203 -0.370389 0.036750 -0.183107 -0.093063 -0.384833 -0.023091 -0.108537 -0.292254 -0.131761 -0.196839 -0.338217 0.594632 0.631393 0.617729 0.600957 0.690750 1.000000 0.367400 0.651869 -0.172384 -0.228430 0.382066 0.490217 -0.234214 0.092664 0.197839 0.320457 0.185407 0.194406 0.263609 0.271431 0.093181 0.218492 0.049446 0.131596 -0.095988 0.055892 -0.121588 0.108655 -0.203843 -0.175199 0.265982 -0.133298 0.008134 -0.079599 0.261504 0.052506 -0.201084 -0.122853 -0.355128 -0.377811 -0.333118 -0.322364 -0.203755 -0.375472 0.217019 0.116013 -0.138891 0.188733 -0.087726 -0.040942 0.016158 0.176202 -0.222718 0.102941 -0.077690 -0.005639 -0.007842 0.139816 -0.143061 -0.176891 -0.158050 -0.274968 0.117706 -0.062385 0.362763 0.325899 0.322228 0.356459 0.020895 0.138579 -0.308311 -0.114257 -0.237185 -0.176071 0.171221 -0.049299 -0.004493 0.215824 -0.142009 -0.131418 -0.081230 -0.397257 -0.082484 -0.049041 -0.099891 -0.055761 -0.294196 -0.014882 0.000603 0.028300 0.318765 -0.058951 -0.157442 0.205365 -0.039934 -0.009126
-0.042491 -0.169198 0.248174 0.345987 0.240128 0.504353 0.091109 -0.025193 -0.011005 -0.121520 0.269002 -0.184120 0.027715 -0.205789 0.086379 0.029312 -0.179577 -0.250417 0.098042 -0.048655 0.322924 0.265951 0.463297 0.436460 0.218732 0.367400 1.000000 0.708015 -0.230417 -0.385951 0.022067 0.117226 -0.279003 -0.321918 0.060395 0.157155 0.120101 0.175657 0.238025 0.231742 0.071291 0.201244 -0.283245 -0.117437 -0.349753 -0.286894 -0.297426 -0.173565 -0.323786 -0.418033 0.113501 -0.202863 0.146333 -0.266516 0.252565 -0.125326 -0.154937 -0.110383 -0.230636 -0.259795 -0.187234 -0.219593 -0.265735 -0.353021 0.085527 0.035242 -0.153366 0.294372 -0.099613 0.013304 0.169306 0.032061 -0.285479 0.068054 0.034115 -0.014989 0.204107 -0.022539 -0.216227 -0.089578 -0.233908 -0.321312 0.224109 0.101036 0.230352 0.367165 0.331087 0.336319 0.207155 0.324398 -0.134782 0.124996 -0.057819 0.072737 0.169398 -0.137513 -0.144578 0.043726 -0.262393 -0.043199 -0.180259 0.006381 0.117670 0.251562 0.279089 0.246908 -0.026170 0.206935 0.116789 0.123482 0.190104 -0.106895 -0.297319 0.156958 0.055297 0.087372
-0.270987 -0.345028 0.087401 0.383283 -0.142463 0.531817 -0.219080 -0.347813 -0.180561 -0.374396 0.147283 -0.274754 -0.175971 -0.422394 0.069376 -0.005720 -0.167895 -0.242701 -0.136400 -0.201314 0.424653 0.534440 0.715758 0.645645 0.451184 0.651869 0.708015 1.000000 -0.174072 -0.355670 0.086475 0.231434 -0.369701 -0.236879 0.019086 0.291024 0.227025 0.351631 0.363073 0.278864 0.190360 0.312108 -0.103824 0.030613 -0.256138 -0.157022 -0.201211 0.007789 -0.333236 -0.361013 0.199241 -0.220665 0.208022 -0.157399 0.311335 -0.068628 -0.145611 -0.113497 -0.455498 -0.409060 -0.289014 -0.319698 -0.315948 -0.401800 0.139663 0.038837 -0.290856 0.175985 -0.069546 -0.009662 0.182658 0.131219 -0.230465 0.108523 0.064470 0.066405 0.229731 0.006952 -0.172941 -0.156773 -0.208553 -0.320018 0.269819 0.135155 0.509169 0.447215 0.543600 0.435949 0.354778 0.307496 -0.188868 0.120146 -0.079216 0.026016 0.155739 -0.106229 -0.167474 0.010703 -0.172100 0.002339 -0.162436 -0.139729 -0.091699 0.215597 0.197562 0.294613 -0.294155 0.248493 0.089198 0.081697 0.267012 -0.094157 -0.150597 0.221971 0.178052 0.014936
0.462195 -0.060503 0.116038 0.206941 -0.031478 -0.347904 0.156105 0.133184 0.052358 0.129418 0.442005 0.298372 0.163464 0.124940 0.325712 0.291695 0.676365 -0.074151 0.207812 0.179363 -0.186070 -0.063598 -0.006111 0.124366 -0.205203 -0.172384 -0.230417 -0.174072 1.000000 0.253169 0.384912 0.261834 0.246189 0.151954 -0.108256 -0.339362 -0.237178 -0.104222 -0.163394 -0.355975 0.294923 0.054221 -0.116915 -0.095041 -0.200004 -0.300729 -0.207236 -0.252303 -0.224993 -0.246618 -0.260558 -0.243386 -0.058253 -0.069579 -0.028058 -0.171919 0.061571 -0.180498 -0.116759 -0.305483 0.333796 -0.176395 0.354819 0.098117 0.140950 -0.101174 -0.169533 -0.463147 -0.050292 -0.340261 0.076793 0.133117 0.755654 0.025334 0.394200 0.284672 0.271870 0.186427 0.440432 -0.025500 0.327027 0.090220 0.208613 0.111742 -0.018115 -0.021608 -0.080150 -0.206357 -0.198441 -0.460800 -0.282893 -0.045034 -0.366263 -0.190040 -0.215466 -0.061853 0.040772 -0.153009 -0.266867 0.062638 -0.158881 -0.009357 -0.409785 -0.201963 -0.134666 -0.149487 -0.134389 -0.188075 0.028351 0.009103 -0.255182 -0.040213 -0.060731 0.015723 0.135078 0.040159
0.060428 0.364483 -0.393455 -0.341193 -0.205402 -0.267649 -0.152603 -0.009338 -0.280900 -0.007287 -0.097128 0.038164 0.146603 0.400920 0.121635 0.332417 0.186833 0.711954 -0.135167 0.115011 -0.238404 -0.117549 -0.322556 -0.403763 -0.002197 -0.228430 -0.385951 -0.355670 0.253169 1.000000 -0.206278 -0.118362 0.202002 0.282692 0.017046 -0.092401 -0.076459 0.098604 -0.057972 -0.014764 0.220878 -0.113871 0.084957 -0.067212 0.182555 -0.060173 0.174861 0.023053 0.158973 0.132189 0.033788 0.033219 -0.089342 0.215564 -0.293604 0.099082 0.115212 0.238178 0.041060 -0.013330 0.124043 0.133625 0.329224 0.395274 0.008615 -0.262835 -0.110021 -0.458627 0.170736 0.011798 -0.303841 -0.124366 0.398694 0.301652 0.014104 0.045878 -0.207367 0.048403 0.265134 0.407967 0.395223 0.466333 0.045087 0.257692 0.008085 -0.327468 -0.117993 -0.060780 -0.242099 -0.200478 0.089320 -0.224123 -0.136208 -0.280474 -0.103232 -0.055891 -0.074794 -0.167150 0.154490 0.111593 0.082809 -0.142616 -0.177307 -0.344397 -0.230622 -0.252310 -0.060968 -0.129610 0.044153 -0.087840 -0.051115 0.153490 0.151412 -0.130400 -0.019153 -0.174425
0.156384 -0.366042 0.581448 0.489618 0.061934 0.059784 0.369579 0.232291 0.151056 0.039981 0.437062 0.250429 0.097461 -0.195101 0.219586 -0.177112 -0.017282 -0.275453 0.242567 -0.071919 0.374030 0.282387 0.376744 0.521472 0.145868 0.382066 0.022067 0.086475 0.384912 -0.206278 1.000000 0.775710 -0.018078 0.207001 -0.073313 -0.066117 -0.184882 -0.140785 -0.024976 -0.183255 -0.088367 0.181575 -0.139280 -0.120140 -0.314444 -0.200302 -0.358839 -0.144195 -0.331623 -0.288057 -0.099152 -0.174460 -0.243272 -0.079662 -0.020498 -0.138159 -0.257928 -0.314148 -0.240676 -0.312894 0.088367 -0.293032 0.042998 -0.274764 0.382964 0.020866 -0.083786 -0.012129 -0.409891 -0.397119 0.267429 0.358670 0.173883 0.057329 0.039934 0.300474 0.219472 0.296267 -0.107106 -0.330006 -0.175708 -0.289843 0.371390 0.032541 0.041677 0.024019 0.029289 -0.032458 -0.091897 -0.301677 -0.240591 0.059423 -0.115545 -0.048541 0.015090 0.063709 0.109516 0.128709 -0.365699 -0.017826 0.008612 -0.099762 -0.038417 0.019537 -0.092618 -0.127703 -0.113886 -0.107861 0.111935 -0.029947 -0.006756 -0.107721 -0.083696 -0.036192 0.080440 0.130122
0.098364 -0.423408 0.447493 0.572877 -0.125813 0.144173 0.256461 0.098801 -0.065537 -0.116470 0.371769 0.243933 0.052499 -0.371146 0.085021 -0.114994 -0.108362 -0.192751 0.190572 0.033794 0.355897 0.428669 0.411996 0.612286 0.286980 0.490217 0.117226 0.231434 0.261834 -0.118362 0.775710 1.000000 -0.021906 0.423663 -0.166296 -0.039738 -0.051036 -0.038863 0.097854 0.009450 0.056949 0.266920 -0.144047 -0.113096 -0.379473 -0.239049 -0.389078 -0.175984 -0.443195 -0.435430 -0.149357 -0.337909 -0.284317 -0.139929 0.046734 -0.196091 -0.260507 -0.271119 -0.390207 -0.504090 0.070072 -0.412238 0.079815 -0.279884 0.403528 -0.024361 -0.239742 -0.047444 -0.365970 -0.286214 0.152886 0.345884 0.159091 0.232640 0.075203 0.330428 0.256713 0.439027 -0.078896 -0.213028 -0.181449 -0.204769 0.476483 0.230333 0.166552 0.095252 0.089299 0.168256 -0.062628 -0.251374 -0.297718 0.073925 -0.099303 0.048966 -0.034358 -0.012931 0.059058 0.104060 -0.319555 0.024819 0.031294 -0.035337 -0.041677 0.127804 -0.003679 -0.054533 -0.072705 -0.099341 0.033991 -0.013465 -0.032318 -0.198714 -0.158053 0.184521 0.128384 0.191914
0.236692 0.270048 -0.014840 -0.247033 -0.180906 -0.419659 0.002275 0.018453 0.000205 0.058672 0.005970 0.306322 0.182715 0.147227 -0.115210 -0.036943 0.395412 0.104881 0.046990 0.095955 -0.178400 -0.008770 -0.400584 -0.361582 -0.220478 -0.234214 -0.279003 -0.369701 0.246189 0.202002 -0.018078 -0.021906 1.000000 0.381183 -0.032890 -0.290358 -0.101262 -0.268420 -0.280631 -0.234364 -0.053548 -0.000622 0.090143 -0.072105 0.118757 -0.020245 0.032373 -0.008306 0.021191 0.159527 -0.440111 -0.214823 -0.146107 -0.103325 -0.202790 0.100817 0.353491 0.242764 0.161294 0.023517 0.277194 0.095117 0.324127 0.293148 -0.255004 -0.035923 0.332414 -0.183345 0.346576 0.129710 -0.121156 0.150859 0.315921 -0.064439 -0.043075 0.027381 -0.151560 0.001996 0.241198 0.258459 0.419965 0.327613 -0.222816 -0.038082 -0.260338 0.033736 -0.284533 -0.191862 -0.502814 -0.318679 -0.230585 -0.300245 -0.267114 -0.233231 -0.134879 0.132021 0.153915 0.153088 0.057597 0.088493 -0.128549 0.022547 -0.221328 -0.175733 -0.234678 -0.355014 -0.017122 -0.129706 -0.105353 -0.115716 -0.163356 0.058199 -0.222413 -0.053170 -0.054887 -0.162531
-0.020653 -0.040140 0.003098 -0.013795 -0.144064 -0.085252 -0.033018 -0.037065 -0.154713 -0.077086 0.045498 0.227267 0.090369 -0.059497 -0.066065 -0.023840 0.049310 0.170364 -0.027062 0.008291 0.126132 0.189103 -0.040248 0.028885 0.068153 0.092664 -0.321918 -0.236879 0.151954 0.282692 0.207001 0.423663 0.381183 1.000000 -0.183225 0.071327 0.018489 -0.072793 -0.067041 0.036222 0.004443 0.091920 0.034117 -0.117513 0.027234 0.013489 0.053863 0.042459 -0.038370 0.001972 -0.099601 -0.164047 -0.356985 0.047818 -0.151638 0.024840 0.056178 0.113320 -0.212969 -0.325392 0.056272 -0.176521 0.247505 -0.030972 0.185446 0.081511 -0.011809 -0.105033 0.088225 0.019700 -0.162730 0.221418 0.172010 0.006358 -0.162255 0.008769 -0.162429 0.152045 0.063809 0.165159 0.241433 0.289359 0.122195 0.174238 -0.010853 -0.028303 -0.124395 0.041949 -0.323001 -0.356780 -0.184979 -0.167691 -0.176731 -0.094717 -0.246563 0.073575 0.055567 0.112685 0.000564 0.111164 0.022460 -0.165962 -0.154340 -0.079124 -0.256216 -0.217418 -0.007963 -0.079786 -0.118401 -0.267511 0.046626 0.146090 -0.137942 0.038306 0.039581 -0.111659
-0.035917 -0.024890 0.148192 -0.143043 -0.016275 0.047603 0.009475 0.008024 0.104528 -0.018776 -0.054901 -0.094344 0.005733 0.009438 -0.116085 -0.007057 -0.042135 0.110811 -0.061551 -0.026510 -0.052975 0.091831 -0.074218 -0.108774 0.151387 0.197839 0.060395 0.019086 -0.108256 0.017046 -0.073313 -0.166296 -0.032890 -0.183225 1.000000 0.157290 -0.002825 -0.188181 -0.091218 -0.046514 -0.053894 -0.163317 0.014092 0.039934 0.065111 0.028277 0.005448 0.054429 -0.008498 0.089190 0.099596 -0.023652 0.012675 -0.101903 0.035306 -0.111209 -0.218762 -0.216651 0.065112 0.185051 -0.144596 0.077136 0.025737 0.022890 0.013860 0.166452 0.195674 0.143467 -0.036221 0.030155 0.023328 0.006288 -0.115475 0.125715 -0.050528 -0.151810 -0.082918 0.100910 -0.041304 -0.115474 -0.032244 -0.075877 -0.305106 -0.188017 0.173112 0.099463 -0.088820 -0.060053 -0.079624 -0.036838 0.016769 -0.033483 0.030890 -0.062459 0.098063 -0.030067 -0.129287 -0.034637 0.068982 -0.061410 0.066958 0.048325 0.078463 -0.088245 0.056276 0.049604 -0.036176 -0.030248 -0.038285 0.146090 0.164158 -0.072733 0.101347 0.011276 0.002040 -0.103127
-0.499212 -0.284071 -0.043676 0.035234 0.026056 0.524463 -0.148866 -0.121319 -0.166242 -0.216677 -0.153836 -0.193027 -0.122785 -0.096845 -0.113292 -0.043660 -0.374150 0.113585 -0.231122 -0.449377 0.369686 0.231281 0.343517 0.224959 0.180105 0.320457 0.157155 0.291024 -0.339362 -0.092401 -0.066117 -0.039738 -0.290358 0.071327 0.157290 1.000000 0.195795 0.166922 0.187355 0.251229 -0.046176 0.046283 -0.001728 0.106876 0.046666 0.183368 0.042560 0.217508 0.075298 0.063255 0.321394 0.298928 0.035947 0.040484 0.031488 0.079414 -0.210447 -0.089490 -0.139411 -0.073270 -0.302990 -0.118236 -0.248673 -0.209090 0.123230 0.317079 -0.052216 0.326817 -0.272619 -0.024944 0.101521 0.069925 -0.355699 0.039891 -0.255605 -0.159399 -0.209037 -0.014144 -0.109084 -0.093171 -0.215467 -0.166320 -0.001654 -0.135013 0.196418 0.053618 0.200365 0.143505 0.243061 0.150198 -0.036293 0.014103 0.093504 -0.030800 -0.166601 -0.146159 -0.088332 -0.177240 -0.043077 -0.212725 -0.033976 -0.222859 0.043123 0.050148 0.141004 0.212966 0.017584 0.011608 0.077243 0.005413 0.415836 -0.029831 0.025204 0.032818 0.035872 -0.016890
