1.000000 0.582564 -0.165858 -0.197119 -0.077665 -0.208834 -0.040091 -0.095444 -0.072136 0.008262 0.221131 0.081773 0.136347 0.165697 -0.185186 -0.019762 0.155598 0.087627 0.300384 0.369143 -0.033919 -0.138788 -0.188883 -0.251962 -0.048817 -0.231433 -0.208048 -0.213622 0.177635 0.179178 -0.061360 -0.084561 0.180852 0.109155 -0.169824 -0.272615 0.042192 0.136045 -0.124540 -0.160989 -0.079419 0.095449 0.072371 0.195215 -0.057625 -0.060661 0.032602 0.186535 0.191494 0.080602 0.053017 0.146338 -0.055648 -0.102821 -0.114285 -0.098156 0.288620 0.313270 0.215340 0.251486 -0.081567 0.005959 0.070083 0.131129 -0.319235 -0.255041 0.047344 -0.160997 0.111137 -0.034731 0.165534 -0.041774 0.207446 0.241866 0.237825 0.175281 0.351734 0.267286 0.139542 0.377941 0.170822 0.292010 -0.051257 0.091746 -0.045158 -0.109165 -0.053435 0.057585 -0.242699 -0.223940 -0.184677 -0.151584 -0.247840 -0.217263 -0.238272 -0.208006 -0.024082 -0.253747 -0.040988 -0.159742 0.118193 0.089575 -0.032549 -0.100459 -0.115802 -0.226812 0.230122 0.171303 -0.129081 -0.034636 -0.138959 -0.183555 -0.159188 -0.041803 -0.125552 -0.172836
0.582564 1.000000 -0.227372 -0.228402 -0.180169 -0.216925 0.106627 0.102104 -0.072020 0.072281 -0.049797 0.232730 0.075253 0.446045 -0.231472 0.122815 0.311775 0.320728 0.204566 0.516596 0.000131 -0.356252 -0.454708 -0.392244 -0.208575 -0.338326 -0.099104 -0.268011 0.382995 0.407500 -0.022890 -0.123928 0.187547 0.183280 -0.237012 -0.196613 0.138932 0.152592 -0.270172 -0.287009 0.014722 0.092356 -0.016533 0.195555 0.022942 -0.093943 -0.045891 0.084372 0.149423 0.208583 -0.047386 0.186318 -0.225244 -0.217158 -0.340232 -0.190672 0.433768 0.505752 0.135542 0.369691 0.068738 0.163151 0.396814 0.535374 -0.543048 -0.320713 -0.001991 -0.264105 0.183067 -0.004192 0.247068 -0.019797 0.382980 0.317489 0.262493 0.187671 0.380130 0.368032 0.243946 0.346328 0.486087 0.438341 0.009708 0.294018 -0.340178 -0.040094 -0.175557 -0.118149 -0.438494 -0.309551 -0.242279 -0.156027 -0.133418 -0.170495 -0.369022 -0.278228 -0.251488 -0.345810 -0.072645 -0.233967 0.237083 0.207645 0.114527 -0.102913 -0.101486 -0.258373 0.328539 0.139765 -0.206866 -0.077444 -0.281576 -0.236456 -0.277940 -0.193398 -0.183038 -0.231403
-0.165858 -0.227372 1.000000 0.298199 0.562770 0.329991 0.640396 0.348299 0.595143 0.441042 0.279960 -0.007816 0.353399 0.048845 0.613570 0.351304 -0.008044 -0.345475 0.341887 -0.053868 0.061254 0.200296 0.381966 0.419789 0.444530 0.299026 0.239631 0.075441 -0.030488 -0.169513 0.234734 0.202848 -0.069330 0.061488 0.073753 -0.054805 -0.291971 -0.187005 -0.343109 -0.333938 -0.190452 -0.389417 -0.113013 -0.062546 -0.120783 -0.136878 -0.172262 -0.161079 -0.108476 -0.111818 0.093339 -0.028461 -0.367763 -0.356395 -0.364655 -0.507935 -0.395461 -0.359580 0.178038 -0.112011 0.434817 0.114307 0.039978 -0.155085 0.261240 0.070559 0.043424 0.198736 -0.097868 0.193281 0.077548 0.358623 -0.174147 -0.229211 -0.267504 -0.169401 -0.028452 -0.027632 -0.151475 -0.145596 -0.239097 -0.256295 0.409582 0.113298 0.123251 -0.256207 -0.270807 -0.033656 -0.098539 -0.319426 -0.088757 0.013479 0.001629 0.404944 -0.290244 -0.411329 -0.375523 -0.374885 -0.468504 -0.445333 0.112170 0.146582 -0.113159 0.327219 0.039906 0.141898 0.283283 0.170518 -0.336078 -0.316098 -0.157708 -0.400168 -0.348803 -0.283044 -0.246763 -0.347268
-0.197119 -0.228402 0.298199 1.000000 0.184266 0.535456 0.169429 0.641824 0.413734 0.444443 0.087985 0.183152 -0.145689 0.085553 0.419886 0.453732 -0.270209 -0.388678 0.261035 0.017586 0.099983 0.303558 0.604023 0.815742 0.323170 0.607831 0.226442 0.350060 -0.104327 -0.165967 0.468602 0.486621 -0.231053 0.225444 0.251249 0.321130 -0.274240 0.039974 -0.208210 0.050915 -0.057457 -0.363978 -0.412789 -0.349706 -0.492771 -0.308666 -0.426004 -0.339739 -0.506884 -0.499074 -0.202802 -0.354989 -0.352757 -0.315508 -0.347357 -0.465479 -0.381111 -0.234196 -0.422332 -0.488238 -0.066463 -0.020722 -0.122825 -0.245455 0.539613 0.465486 -0.430507 0.088463 0.042409 -0.008040 0.106297 0.389336 -0.193465 -0.163314 -0.123000 -0.048510 -0.044253 0.155119 -0.041311 -0.183757 -0.013006 -0.165963 0.476026 0.437514 0.531184 0.439044 -0.032684 0.238353 0.085856 -0.135866 -0.107906 -0.122399 0.277179 0.142519 -0.268731 -0.196328 -0.409079 -0.178311 -0.538418 -0.390260 -0.084270 -0.184378 -0.255290 0.112160 -0.166200 0.057477 0.150554 0.136148 -0.221432 -0.038295 -0.175297 -0.284390 -0.310417 -0.190010 -0.165360 -0.054345
-0.077665 -0.180169 0.562770 0.184266 1.000000 0.573535 0.340753 0.173552 0.592816 0.384442 0.347338 0.040852 0.217071 -0.011382 0.608774 0.230519 0.109074 -0.220941 0.006323 0.055585 0.253332 0.110177 0.307159 0.241662 0.536520 0.148349 0.561525 0.434497 -0.125216 -0.356142 -0.057904 -0.099878 -0.016317 0.000964 0.062748 0.040575 0.011943 -0.086632 -0.037877 -0.089512 -0.068429 -0.349556 -0.108597 -0.064366 -0.118584 -0.061474 -0.226536 -0.248577 -0.119826 -0.094005 0.113905 -0.103517 -0.291060 -0.260414 -0.242881 -0.369291 -0.160736 -0.077691 0.212574 -0.094243 0.300121 0.042548 -0.089216 -0.222875 0.306305 0.125826 0.094563 0.254653 0.016895 0.264188 -0.029479 0.170017 -0.335140 -0.265490 -0.253132 -0.249821 -0.120336 -0.105649 -0.020112 -0.196216 0.009996 -0.062818 0.507923 0.084799 0.377285 -0.086390 0.014090 -0.033630 -0.024084 -0.272829 -0.161689 -0.018627 -0.024142 0.318496 -0.209257 -0.336356 -0.325081 -0.311795 -0.415921 -0.391226 0.109115 0.169833 0.092837 0.304018 0.074147 0.149954 0.319574 0.232493 -0.359286 -0.355313 -0.148078 -0.301593 -0.284035 -0.135143 -0.154708 -0.259355
-0.208834 -0.216925 0.329991 0.535456 0.573535 1.000000 0.120264 0.309496 0.301222 0.276039 0.047743 0.149423 -0.059734 -0.127237 0.395170 0.258417 -0.146762 -0.285493 0.091979 -0.020139 0.378160 0.331644 0.335307 0.402694 0.527660 0.539261 0.651198 0.726449 -0.261021 -0.406036 0.094156 0.045704 -0.016894 0.227276 0.256164 0.321365 -0.097036 0.131011 0.087620 0.154060 0.017034 -0.424485 -0.332283 -0.147774 -0.156612 -0.023642 -0.335930 -0.256810 -0.247651 -0.137174 0.048935 -0.137680 -0.394888 -0.381973 -0.205854 -0.314200 -0.201763 -0.097209 -0.006901 -0.155515 0.032946 -0.051611 -0.228481 -0.318776 0.445664 0.395428 0.034167 0.433571 -0.045453 0.184164 -0.137626 0.055792 -0.353129 -0.404863 -0.381203 -0.189758 -0.175972 -0.028594 -0.045677 -0.267068 0.004201 -0.114219 0.444459 0.201916 0.475173 0.255170 0.088305 0.162183 -0.019203 -0.181911 -0.251663 -0.130296 0.074057 0.123924 -0.247042 -0.249094 -0.281104 -0.254440 -0.463305 -0.395176 0.010180 -0.019286 0.019261 0.231959 -0.067541 0.155286 0.249476 0.346739 -0.393011 -0.257872 -0.170279 -0.367238 -0.352490 -0.175807 -0.177406 -0.161387
-0.040091 0.106627 0.640396 0.169429 0.340753 0.120264 1.000000 0.615641 0.577355 0.568126 0.218772 0.262416 0.281184 0.399115 0.333313 0.407657 0.014852 -0.136833 0.380039 0.373511 -0.083054 -0.111336 0.021679 0.196542 -0.051676 -0.102424 -0.012419 -0.279606 0.359279 0.252904 0.353031 0.221576 0.118351 0.285544 0.067653 0.030567 -0.127129 -0.147483 -0.506636 -0.435973 -0.148216 -0.318261 -0.234498 -0.179772 -0.148168 -0.142413 -0.281220 -0.297878 -0.176265 -0.161786 -0.192979 -0.159381 -0.409202 -0.399997 -0.550689 -0.616581 -0.244733 -0.248485 0.020384 -0.192714 0.380393 0.386297 0.249985 0.209460 0.013556 0.061554 -0.134183 -0.080116 -0.129201 0.024710 0.260712 0.338244 0.103348 0.043008 0.019875 0.142755 0.253812 0.152966 -0.114197 -0.075309 -0.004229 -0.139884 0.292445 0.413071 -0.050327 -0.175881 -0.421245 -0.216066 -0.206342 -0.368483 -0.070248 0.049581 0.166985 0.338859 -0.364086 -0.402065 -0.613945 -0.434529 -0.448415 -0.440801 0.244302 0.221961 0.025198 0.137220 -0.154558 -0.029653 0.280253 0.101790 -0.313064 -0.311298 -0.291568 -0.388763 -0.342568 -0.349116 -0.304054 -0.346336
-0.095444 0.102104 0.348299 0.641824 0.173552 0.309496 0.615641 1.000000 0.481223 0.701695 0.063038 0.547838 -0.042510 0.563799 0.300012 0.526895 -0.125732 -0.251014 0.280412 0.296313 0.025504 -0.046123 0.097721 0.435224 -0.028215 0.188035 0.032309 -0.111365 0.173342 0.202738 0.443768 0.398331 -0.068774 0.306087 0.037032 0.268606 -0.218516 0.000783 -0.547548 -0.242953 -0.226834 -0.410295 -0.428103 -0.348129 -0.404234 -0.263485 -0.484475 -0.436695 -0.429650 -0.434234 -0.350982 -0.354357 -0.418599 -0.453648 -0.606730 -0.633763 -0.260288 -0.312098 -0.232734 -0.324934 0.196439 0.385404 0.201787 0.136472 0.153619 0.424937 -0.397927 -0.005275 -0.084147 -0.060124 0.382107 0.498011 0.049709 0.046498 0.000515 0.204555 0.183973 0.287873 -0.071348 -0.199997 0.086892 -0.144035 0.308593 0.580314 0.100448 0.295314 -0.340948 -0.099498 -0.108393 -0.300574 -0.066912 -0.046380 0.352408 0.189843 -0.316987 -0.272077 -0.655654 -0.340298 -0.553686 -0.426101 0.191468 -0.061713 -0.053717 0.062502 -0.201045 -0.062625 0.260061 0.125594 -0.179147 -0.076848 -0.285232 -0.343267 -0.357009 -0.288409 -0.258339 -0.164257
-0.072136 -0.072020 0.595143 0.413734 0.592816 0.301222 0.577355 0.481223 1.000000 0.644737 0.268895 0.159400 0.190226 0.251908 0.583135 0.469781 0.046320 -0.152224 0.205592 0.144435 -0.028016 0.031674 0.413094 0.434257 0.397959 0.143222 0.150391 0.034104 0.077026 0.003841 0.258152 0.207045 -0.052725 0.187770 0.171029 0.098167 -0.101805 -0.144015 -0.414807 -0.111174 -0.160826 -0.311225 -0.327142 -0.283459 -0.303101 -0.287584 -0.366738 -0.425188 -0.294138 -0.328771 -0.128029 -0.225197 -0.334879 -0.311783 -0.422019 -0.519835 -0.409573 -0.200330 -0.110671 -0.384143 0.255524 0.165217 0.080965 -0.018566 0.376624 0.187333 -0.258049 -0.006126 -0.083941 0.000998 0.120593 0.224023 -0.040707 -0.102306 0.063630 -0.045869 0.186294 0.040498 -0.056935 -0.014247 -0.039853 -0.032451 0.377776 0.360666 0.328820 0.045215 -0.155300 0.024575 0.031281 -0.281069 -0.121458 0.046596 0.232482 0.360865 -0.193436 -0.266513 -0.471265 -0.283638 -0.432441 -0.378798 0.024869 0.053526 -0.153871 0.137792 -0.148605 -0.094311 0.185101 0.066639 -0.282411 -0.156574 -0.196909 -0.246781 -0.275336 -0.121562 -0.216227 -0.326078
0.008262 0.072281 0.441042 0.444443 0.384442 0.276039 0.568126 0.701695 0.644737 1.000000 0.209465 0.447898 0.223816 0.469430 0.509281 0.690585 -0.022451 -0.233862 0.171999 0.173985 -0.085019 -0.022014 0.120007 0.347788 0.167659 0.084997 0.005839 -0.123661 0.103604 0.104250 0.289580 0.181103 -0.148782 0.020303 -0.069664 0.012956 -0.199343 0.047175 -0.494986 -0.159296 -0.260282 -0.349295 -0.426413 -0.370131 -0.479941 -0.395793 -0.514986 -0.453033 -0.285562 -0.398807 -0.196978 -0.190178 -0.299168 -0.346646 -0.451044 -0.566450 -0.286904 -0.287282 -0.084117 -0.208145 0.244622 0.408984 0.097751 -0.005633 0.171569 0.382423 -0.382375 -0.091332 -0.138567 -0.050291 0.239384 0.394370 -0.037543 -0.017577 -0.114733 0.163434 0.135823 0.168493 -0.025564 -0.078505 0.038560 -0.051535 0.241093 0.423159 0.135551 0.057814 -0.361361 -0.023994 -0.064661 -0.273705 0.035188 0.080239 0.471819 0.273767 -0.175806 -0.228024 -0.589814 -0.279108 -0.462839 -0.349374 0.310094 0.170166 -0.009315 0.231515 -0.053897 -0.008357 0.147434 0.143605 -0.194159 -0.150706 -0.343917 -0.281068 -0.272467 -0.160409 -0.209875 -0.229518
0.221131 -0.049797 0.279960 0.087985 0.347338 0.047743 0.218772 0.063038 0.268895 0.209465 1.000000 0.337294 0.580462 0.161606 0.443294 0.246105 0.006093 -0.307162 0.149337 0.056793 -0.092694 -0.066344 0.249376 0.136221 0.126320 -0.046168 0.014509 -0.002534 0.005146 -0.231616 -0.053007 -0.096517 -0.155353 -0.116497 -0.075765 -0.165800 -0.071065 -0.161270 -0.138484 -0.133787 -0.227504 -0.274036 0.014626 -0.026622 -0.184153 -0.180418 -0.061728 -0.087078 0.053451 -0.156295 0.124531 0.019675 0.009628 0.010422 -0.053996 -0.144102 -0.325686 -0.138675 0.134827 -0.099426 0.226392 -0.010226 -0.156075 -0.303990 0.192002 0.040966 -0.155381 -0.076695 -0.055703 0.125685 -0.010954 0.143875 -0.232650 -0.132477 -0.126092 -0.213580 0.009889 0.061481 -0.154420 -0.230731 -0.297627 -0.212908 0.302870 0.014906 0.333090 -0.074977 0.020760 0.168721 0.056560 -0.119779 0.025445 -0.028289 -0.001537 0.154993 -0.085762 -0.097479 -0.137481 -0.120059 -0.228589 -0.155781 -0.103243 -0.071362 -0.272893 0.008005 -0.038679 0.096319 0.144127 0.057616 -0.050504 -0.075017 -0.081180 -0.100875 -0.051307 0.062929 0.025857 0.144283
0.081773 0.232730 -0.007816 0.183152 0.040852 0.149423 0.262416 0.547838 0.159400 0.447898 0.337294 1.000000 0.196281 0.691524 0.174259 0.478152 -0.098867 -0.149664 0.147468 0.208433 -0.010464 -0.203786 -0.180080 0.002171 -0.163812 -0.032895 -0.095121 -0.160431 0.086734 0.179520 0.126022 0.075259 -0.037823 0.076637 -0.113897 0.107131 -0.014360 0.040089 -0.328389 -0.067193 -0.268315 -0.345026 -0.130863 -0.090143 -0.189836 -0.136662 -0.193350 -0.208190 -0.122723 -0.194236 -0.188178 -0.094432 -0.127829 -0.115414 -0.297475 -0.205676 -0.121730 -0.132182 -0.044452 -0.060655 0.201616 0.439332 0.065587 0.052392 -0.074419 0.413066 -0.337092 -0.069189 -0.178972 -0.083671 0.228031 0.209412 -0.007347 0.016292 -0.068787 0.202519 0.097478 0.221342 -0.119247 -0.110919 -0.058149 -0.091375 0.019900 0.317395 -0.096341 0.282463 -0.228103 -0.025588 -0.106444 -0.185416 -0.084855 -0.217670 0.198382 -0.098310 -0.157363 -0.046186 -0.299185 -0.246175 -0.231378 -0.215591 0.070252 -0.071559 -0.112322 -0.109873 -0.157646 -0.177312 0.145137 0.010597 -0.089383 0.037939 -0.190361 -0.127332 -0.142154 -0.053501 -0.064923 -0.001988
0.136347 0.075253 0.353399 -0.145689 0.217071 -0.059734 0.281184 -0.042510 0.190226 0.223816 0.580462 0.196281 1.000000 0.250016 0.398693 0.303588 0.265016 0.011221 0.001069 -0.032450 -0.257719 0.061784 -0.060942 -0.071990 0.198892 -0.157882 -0.097965 -0.150975 0.175737 0.013279 -0.091986 -0.186010 -0.103465 -0.129780 -0.137553 -0.225386 0.023224 -0.015759 -0.057187 -0.286341 -0.000153 -0.091822 -0.168360 -0.108805 -0.122686 -0.202869 -0.309234 -0.255439 0.006513 -0.082475 -0.006079 -0.020337 -0.122772 -0.210150 -0.071639 -0.221692 -0.197054 -0.055354 0.187430 0.096027 0.498207 0.218469 0.190248 -0.022482 -0.046407 -0.045045 0.004822 -0.085993 -0.034495 0.098863 0.038704 0.128866 0.095599 0.014697 -0.016503 -0.034013 0.118516 0.205128 0.074257 -0.000712 -0.102899 -0.007857 0.098575 -0.079833 0.005876 -0.220924 -0.170606 0.003184 -0.044587 -0.152147 -0.059139 -0.072131 0.081052 0.209603 -0.066621 -0.113522 -0.240926 -0.158835 -0.240155 -0.142600 0.086271 0.294807 -0.015562 0.174622 0.140182 0.201343 0.126869 0.059349 -0.075302 -0.000466 -0.308558 -0.157573 -0.093819 0.037167 -0.032200 0.008583
0.165697 0.446045 0.048845 0.085553 -0.011382 -0.127237 0.399115 0.563799 0.251908 0.469430 0.161606 0.691524 0.250016 1.000000 0.136524 0.570046 0.201340 0.093114 0.138427 0.420537 -0.074629 -0.214607 -0.251534 -0.020227 -0.168407 -0.114467 -0.241751 -0.407374 0.405897 0.529218 0.243167 0.258229 0.096991 0.293524 -0.075470 0.163840 0.082616 0.103453 -0.467987 -0.224230 -0.086904 -0.041360 -0.292495 -0.210893 -0.309278 -0.329548 -0.334564 -0.325888 -0.253193 -0.301228 -0.388977 -0.231764 -0.301405 -0.315884 -0.459718 -0.423332 -0.076565 -0.001365 -0.111918 -0.087742 0.342408 0.510465 0.379653 0.441308 -0.306984 0.082090 -0.330971 -0.340661 -0.062152 -0.087167 0.435976 0.424477 0.351802 0.390049 0.227299 0.476549 0.385298 0.387698 0.011490 0.126880 0.278929 0.169997 0.116281 0.568569 -0.285737 0.131399 -0.324201 -0.258485 -0.257766 -0.311818 -0.154266 -0.218495 0.166135 -0.034342 -0.246841 -0.152768 -0.487733 -0.335249 -0.343795 -0.343083 0.236327 0.033051 -0.021888 -0.074120 -0.215403 -0.180153 0.254960 0.068964 -0.166489 0.021016 -0.336745 -0.253944 -0.257604 -0.252277 -0.264963 -0.149918
-0.185186 -0.231472 0.613570 0.419886 0.608774 0.395170 0.333313 0.300012 0.583135 0.509281 0.443294 0.174259 0.398693 0.136524 1.000000 0.581685 0.066606 -0.310380 0.079088 -0.015449 0.118237 0.264093 0.474572 0.439567 0.487158 0.342892 0.365725 0.290521 -0.009323 -0.201172 0.234248 0.148511 -0.177924 -0.045642 -0.032392 -0.061287 0.027753 -0.114683 -0.088006 -0.052811 -0.035284 -0.274161 -0.276289 -0.260442 -0.396073 -0.386759 -0.307387 -0.382620 -0.302778 -0.333233 -0.093596 -0.195887 -0.197015 -0.207909 -0.165405 -0.358448 -0.438101 -0.311935 -0.047623 -0.231177 0.364705 0.095794 -0.075903 -0.249801 0.304533 0.167871 -0.253948 -0.056686 -0.000152 0.179257 0.086787 0.309042 -0.222641 -0.136225 -0.162748 -0.085831 -0.091934 0.038853 0.007096 -0.134147 -0.075405 -0.142113 0.612716 0.195782 0.453012 0.026961 0.069636 0.167697 0.127311 -0.125966 -0.079967 -0.141463 0.057020 0.147777 -0.135064 -0.152431 -0.323282 -0.202650 -0.483870 -0.353311 -0.079755 0.007195 -0.176764 0.111236 -0.047550 0.119287 0.120212 0.078356 -0.180506 -0.140496 -0.222510 -0.200721 -0.174692 -0.091242 -0.054210 -0.080879
-0.019762 0.122815 0.351304 0.453732 0.230519 0.258417 0.407657 0.526895 0.469781 0.690585 0.246105 0.478152 0.303588 0.570046 0.581685 1.000000 -0.058990 -0.263464 0.172686 0.154074 -0.029109 0.159291 0.275142 0.428912 0.144971 0.259541 0.008000 -0.010529 0.175837 0.150645 0.392688 0.323441 -0.161446 0.064182 -0.055924 0.027313 -0.076425 0.057499 -0.326429 -0.065364 -0.120153 -0.206378 -0.318304 -0.287190 -0.525921 -0.515113 -0.377009 -0.388194 -0.339595 -0.412443 -0.204989 -0.209518 -0.240056 -0.267281 -0.342329 -0.481292 -0.362714 -0.196298 -0.227786 -0.236900 0.282340 0.395415 0.037291 -0.000400 0.144759 0.347027 -0.520361 -0.284300 -0.091649 -0.063592 0.194786 0.389606 0.010594 0.061029 -0.084033 0.247082 0.098713 0.180325 -0.052802 -0.016512 0.054652 -0.022573 0.332717 0.478922 0.161681 0.167660 -0.222490 0.164504 -0.040985 -0.245586 -0.061377 -0.131793 0.330493 0.057265 -0.235497 -0.147390 -0.511140 -0.277018 -0.405825 -0.405566 0.090105 0.021721 -0.212724 -0.011573 -0.232658 -0.123955 0.129051 0.036017 -0.202699 -0.082408 -0.367778 -0.259500 -0.260354 -0.211887 -0.234659 -0.220260
0.155598 0.311775 -0.008044 -0.270209 0.109074 -0.146762 0.014852 -0.125732 0.046320 -0.022451 0.006093 -0.098867 0.265016 0.201340 0.066606 -0.058990 1.000000 0.651098 -0.080557 0.230688 0.020369 0.088849 -0.344981 -0.363761 0.032301 -0.244650 0.077280 -0.083358 0.498902 0.441030 -0.103100 -0.093149 0.311280 0.287254 -0.009474 -0.121133 0.295358 0.247585 -0.042889 -0.293376 0.301730 0.241715 -0.103582 0.070805 0.121093 0.050980 -0.159920 -0.126058 -0.029669 0.115107 -0.165071 -0.075863 -0.376690 -0.344108 -0.243375 -0.239702 0.363122 0.268916 -0.007558 0.059615 0.297644 0.258852 0.447722 0.503849 -0.335730 -0.181104 0.140204 -0.173035 0.152507 0.089344 0.142562 -0.032940 0.561316 0.457403 0.479986 0.272437 0.462089 0.402316 0.458123 0.445803 0.555075 0.581658 0.130120 0.144825 -0.145829 -0.124486 0.013322 -0.179755 -0.382212 -0.384260 -0.441249 -0.332486 -0.350948 -0.030795 -0.228695 -0.234978 -0.291752 -0.297377 -0.226665 -0.247387 0.318482 0.397710 0.248977 0.162883 0.128323 0.167962 0.237489 0.272005 -0.174974 -0.003996 -0.320906 -0.286941 -0.297336 -0.215482 -0.139685 -0.116173
0.087627 0.320728 -0.345475 -0.388678 -0.220941 -0.285493 -0.136833 -0.251014 -0.152224 -0.233862 -0.307162 -0.149664 0.011221 0.093114 -0.310380 -0.263464 0.651098 1.000000 -0.165748 0.260967 0.009925 -0.015422 -0.497739 -0.493963 -0.204135 -0.314253 -0.049889 -0.214467 0.555320 0.589037 -0.086283 -0.098137 0.396172 0.294557 -0.073873 -0.008604 0.339582 0.209797 0.121880 -0.097162 0.388810 0.410036 -0.023243 0.111429 0.224099 0.135820 -0.099743 -0.104656 -0.083360 0.168456 -0.334493 -0.135810 -0.205542 -0.206158 -0.076425 -0.038218 0.479353 0.428431 -0.201755 0.008569 -0.005653 0.192082 0.471236 0.671377 -0.452545 -0.297288 0.073919 -0.281721 0.134116 -0.113057 0.072021 -0.198416 0.694045 0.476505 0.603128 0.346472 0.485532 0.322640 0.552488 0.626299 0.606501 0.717757 -0.160009 0.142502 -0.329495 -0.029111 0.050916 -0.242732 -0.223973 -0.120555 -0.378837 -0.253442 -0.212102 -0.109670 -0.075628 0.044397 -0.098883 -0.053671 0.068005 0.013874 0.196124 0.337101 0.340628 0.016809 0.077378 0.101646 0.068655 0.069893 0.017086 0.152079 -0.174106 -0.039363 -0.068855 -0.043654 -0.006256 0.024687
0.300384 0.204566 0.341887 0.261035 0.006323 0.091979 0.380039 0.280412 0.205592 0.171999 0.149337 0.147468 0.001069 0.138427 0.079088 0.172686 -0.080557 -0.165748 1.000000 0.303736 -0.008256 0.086385 0.190889 0.271689 0.078552 0.223838 0.001227 -0.056800 0.271754 0.169872 0.412010 0.309067 0.250795 0.385250 0.217186 0.015276 -0.214410 -0.010452 -0.346370 -0.143057 -0.105113 -0.275277 -0.013448 0.047729 -0.101187 -0.107824 -0.014533 0.080693 -0.151476 -0.088445 -0.048456 -0.082327 -0.274557 -0.287420 -0.369043 -0.368723 -0.009509 -0.077714 -0.118314 -0.106642 -0.002183 0.053369 -0.068479 0.026856 0.055824 0.005080 -0.053264 -0.076460 0.024704 -0.170638 0.108207 0.151324 0.134955 0.014875 0.014443 0.067172 0.289543 0.240392 -0.170182 0.096977 0.036679 0.009510 0.165196 0.241452 -0.019544 -0.116604 -0.236809 0.097373 -0.259574 -0.261032 -0.202948 -0.137309 -0.115109 -0.034068 -0.381819 -0.282421 -0.229134 -0.310043 -0.351708 -0.347139 -0.027206 0.032994 -0.242877 0.024413 -0.281160 -0.172987 0.166612 0.062748 -0.294802 -0.120772 -0.112652 -0.295776 -0.314901 -0.281909 -0.315405 -0.271369
0.369143 0.516596 -0.053868 0.017586 0.055585 -0.020139 0.373511 0.296313 0.144435 0.173985 0.056793 0.208433 -0.032450 0.420537 -0.015449 0.154074 0.230688 0.260967 0.303736 1.000000 0.058177 -0.234416 -0.232086 -0.100880 -0.202060 -0.183392 0.118157 -0.163459 0.574598 0.418404 0.237332 0.129894 0.415423 0.551909 0.032419 0.001247 0.287080 0.130136 -0.320231 -0.271458 0.233042 0.100473 -0.162010 -0.009241 -0.117352 -0.167897 -0.150672 -0.108350 -0.211729 -0.120346 -0.352870 -0.216747 -0.368850 -0.319146 -0.475401 -0.458892 0.230500 0.365368 -0.101951 -0.072808 -0.041757 0.158734 0.263644 0.452713 -0.375138 -0.211040 -0.132677 -0.242605 0.343477 0.262164 0.177109 0.078913 0.337263 0.300273 0.390663 0.178760 0.370704 0.181782 0.278281 0.311162 0.602683 0.428009 0.300998 0.545500 -0.080520 -0.003314 -0.120974 -0.286652 -0.351647 -0.348354 -0.294197 -0.233118 -0.193807 -0.114886 -0.423530 -0.394396 -0.448353 -0.441755 -0.338325 -0.422614 0.171771 0.213021 0.129013 0.110304 -0.250452 -0.030684 0.405179 0.243276 -0.393572 -0.272126 -0.259493 -0.359446 -0.348809 -0.377005 -0.284477 -0.174083
-0.033919 0.000131 0.061254 0.099983 0.253332 0.378160 -0.083054 0.025504 -0.028016 -0.085019 -0.092694 -0.010464 -0.257719 -0.074629 0.118237 -0.029109 0.020369 0.009925 -0.008256 0.058177 1.000000 0.361599 0.129341 0.120153 0.268122 0.435842 0.327405 0.406364 -0.051029 -0.088332 0.157363 0.166923 0.020544 0.115212 0.183298 0.141701 0.122902 0.247717 0.120043 0.037882 0.207783 0.017484 0.173708 0.239286 0.091491 0.143992 0.116959 0.143184 -0.027506 0.057287 0.096457 0.055756 -0.241447 -0.154345 -0.176452 -0.146419 0.062130 0.144585 -0.012893 -0.007209 -0.060170 -0.204846 -0.262761 -0.147666 0.099630 0.014921 0.032592 0.226495 -0.018264 0.120629 0.077007 0.118327 -0.130574 0.048253 -0.032317 0.021764 0.027695 -0.056052 0.037437 0.016201 0.145748 0.094631 0.340568 0.189738 0.179556 -0.040653 0.092300 -0.037155 -0.209625 -0.278394 -0.278210 -0.300877 -0.294161 -0.073614 -0.276858 -0.215008 -0.035340 -0.261338 -0.152421 -0.271316 0.055138 0.018342 0.053977 -0.044517 -0.208213 -0.057829 0.304740 0.154703 -0.222700 -0.165635 0.046539 -0.276837 -0.301486 -0.353621 -0.253949 -0.169091
-0.138788 -0.356252 0.200296 0.303558 0.110177 0.331644 -0.111336 -0.046123 0.031674 -0.022014 -0.066344 -0.203786 0.061784 -0.214607 0.264093 0.159291 0.088849 -0.015422 0.086385 -0.234416 0.361599 1.000000 0.463286 0.404617 0.353415 0.639319 0.150003 0.486009 0.087857 -0.009191 0.424356 0.407573 0.044260 0.149815 0.175891 0.094827 -0.090739 0.282810 0.232462 0.048125 0.444269 0.053135 -0.061509 0.032070 0.058854 0.093955 -0.113908 -0.123411 -0.163378 -0.053329 -0.023465 -0.078291 -0.351583 -0.276368 -0.156554 -0.179853 -0.183455 -0.123362 -0.275365 -0.227616 -0.114069 -0.199052 -0.234584 -0.243612 0.332343 0.087753 -0.086183 0.095465 -0.133750 -0.074531 -0.093310 0.223068 0.011924 -0.001818 0.019314 0.144392 -0.002581 0.019916 0.219003 0.027012 0.082096 0.161869 0.387461 0.199790 0.383438 0.012684 0.050331 0.196360 -0.168113 -0.250163 -0.403304 -0.433490 -0.218225 -0.077081 -0.111710 -0.133172 -0.090662 -0.144944 -0.289927 -0.307751 0.012715 0.090971 -0.079245 0.108887 0.024057 0.165006 0.119982 0.165529 -0.160304 0.083978 -0.206842 -0.313297 -0.321315 -0.297014 -0.250687 -0.169556
-0.188883 -0.454708 0.381966 0.604023 0.307159 0.335307 0.021679 0.097721 0.413094 0.120007 0.249376 -0.180080 -0.060942 -0.251534 0.474572 0.275142 -0.344981 -0.497739 0.190889 -0.232086 0.129341 0.463286 1.000000 0.812911 0.479187 0.635135 0.169682 0.473226 -0.272362 -0.376365 0.380394 0.411522 -0.192652 0.038565 0.302147 0.137154 -0.254845 -0.100859 0.026377 0.233929 -0.013530 -0.166379 -0.105181 -0.164243 -0.284577 -0.248627 -0.032109 -0.130819 -0.247920 -0.371367 0.081850 -0.167697 -0.040694 0.009433 0.007051 -0.118520 -0.515793 -0.227894 -0.285486 -0.450427 -0.145367 -0.373505 -0.493129 -0.573975 0.731005 0.152464 -0.275195 0.010618 0.015298 -0.002444 -0.114020 0.238053 -0.345925 -0.199303 -0.165278 -0.190675 -0.224761 -0.203066 -0.119429 -0.142784 -0.333363 -0.274967 0.453769 0.039420 0.697199 0.102920 0.118538 0.412781 0.242978 0.022738 -0.014888 -0.016577 0.061048 0.115898 -0.049095 -0.038443 -0.017883 0.006258 -0.213774 -0.169296 -0.320071 -0.306365 -0.407624 -0.017828 -0.112006 0.003916 -0.044411 -0.079872 -0.115673 -0.016914 0.070021 -0.061361 -0.064358 -0.001523 -0.033749 -0.065011
-0.251962 -0.392244 0.419789 0.815742 0.241662 0.402694 0.196542 0.435224 0.434257 0.347788 0.136221 0.002171 -0.071990 -0.020227 0.439567 0.428912 -0.363761 -0.493963 0.271689 -0.100880 0.120153 0.404617 0.812911 1.000000 0.392179 0.720445 0.125438 0.317620 -0.115467 -0.168389 0.581599 0.655706 -0.207144 0.187407 0.343260 0.363036 -0.269555 0.012295 -0.173153 0.053591 0.017638 -0.251639 -0.266987 -0.268368 -0.391038 -0.284115 -0.255264 -0.243007 -0.425401 -0.461673 -0.088268 -0.301153 -0.244851 -0.209563 -0.271578 -0.413754 -0.526490 -0.380718 -0.449906 -0.557683 -0.128085 -0.167020 -0.257942 -0.369732 0.582130 0.263832 -0.405119 0.030245 -0.046552 -0.042625 0.092213 0.495573 -0.249464 -0.129448 -0.143817 -0.014450 -0.083787 0.008768 -0.182800 -0.188817 -0.201815 -0.288452 0.484458 0.331936 0.519684 0.167653 -0.111601 0.262525 0.122143 -0.113273 -0.021036 -0.013710 0.224243 0.242177 -0.211220 -0.143805 -0.316011 -0.147992 -0.439071 -0.357187 -0.118671 -0.238019 -0.336626 0.092306 -0.164839 0.068025 0.072602 0.020736 -0.160478 -0.020146 -0.077261 -0.230656 -0.232035 -0.175454 -0.215094 -0.117283
-0.048817 -0.208575 0.444530 0.323170 0.536520 0.527660 -0.051676 -0.028215 0.397959 0.167659 0.126320 -0.163812 0.198892 -0.168407 0.487158 0.144971 0.032301 -0.204135 0.078552 -0.202060 0.268122 0.353415 0.479187 0.392179 1.000000 0.503691 0.474103 0.552865 -0.275363 -0.392563 -0.041217 -0.001692 -0.144174 0.064327 0.343758 0.178092 -0.055091 0.092530 0.120114 0.138010 0.060578 -0.144936 -0.263287 -0.100949 -0.147970 -0.125421 -0.283493 -0.144051 -0.161539 -0.169082 0.116653 -0.083805 -0.279914 -0.262647 -0.061178 -0.232488 -0.233707 0.056893 0.063427 -0.042380 0.144663 -0.242159 -0.217038 -0.303994 0.419129 0.039719 0.147777 0.323991 0.128840 0.186282 -0.088295 0.112426 -0.258993 -0.226812 -0.203941 -0.201785 -0.027965 0.018466 0.094825 -0.086444 -0.025686 -0.025539 0.427267 0.041982 0.375832 -0.113118 0.089298 0.161886 -0.004691 -0.169611 -0.163967 -0.031917 -0.043257 0.165568 -0.176101 -0.225602 -0.099693 -0.170486 -0.332021 -0.299913 -0.021502 -0.016872 -0.064356 0.279886 0.082867 0.133245 0.193378 0.230977 -0.319696 -0.188357 -0.097924 -0.274202 -0.259962 -0.095706 -0.118441 -0.186190
-0.231433 -0.338326 0.299026 0.607831 0.148349 0.539261 -0.102424 0.188035 0.143222 0.084997 -0.046168 -0.032895 -0.157882 -0.114467 0.342892 0.259541 -0.244650 -0.314253 0.223838 -0.183392 0.435842 0.639319 0.635135 0.720445 0.503691 1.000000 0.235182 0.563461 -0.126908 -0.158273 0.522253 0.596944 0.021840 0.275833 0.321725 0.307503 -0.116835 0.269039 0.087449 0.149682 0.248393 -0.071065 -0.130758 -0.048715 -0.195506 -0.117898 -0.119092 -0.110202 -0.292002 -0.220642 0.054678 -0.089715 -0.299065 -0.241629 -0.207897 -0.247298 -0.332490 -0.221879 -0.395387 -0.377636 -0.259163 -0.376027 -0.339268 -0.359663 0.405073 0.139597 -0.217056 0.162957 -0.075078 -0.001678 0.036739 0.397581 -0.191690 -0.105486 -0.151940 0.045404 -0.077189 0.019116 0.013508 -0.098842 -0.068097 -0.093393 0.472011 0.283464 0.359052 0.179358 0.024494 0.245011 -0.061827 -0.182219 -0.280375 -0.278679 -0.077721 -0.038272 -0.225756 -0.149791 -0.121400 -0.178228 -0.369571 -0.354406 -0.125704 -0.200597 -0.314139 0.018357 -0.186116 0.060564 0.127786 0.096117 -0.236398 -0.022865 -0.100720 -0.302909 -0.312485 -0.263423 -0.227823 -0.176104
-0.208048 -0.099104 0.239631 0.226442 0.561525 0.651198 -0.012419 0.032309 0.150391 0.005839 0.014509 -0.095121 -0.097965 -0.241751 0.365725 0.008000 0.077280 -0.049889 0.001227 0.118157 0.327405 0.150003 0.169682 0.125438 0.474103 0.235182 1.000000 0.652074 -0.112596 -0.386779 -0.184217 -0.191916 0.014023 0.098174 0.130555 0.224382 0.152285 -0.034608 0.182731 0.104693 0.117565 -0.291976 -0.111959 0.048023 0.084422 0.102799 -0.127071 -0.119530 -0.142268 0.099403 0.008030 -0.106855 -0.303581 -0.277492 -0.114786 -0.135036 -0.000957 0.098200 0.073180 0.077093 0.149659 -0.044270 -0.029105 -0.051268 0.204846 0.101808 0.218473 0.354491 0.164051 0.298005 -0.177228 -0.117659 -0.305568 -0.336519 -0.218254 -0.352862 -0.133390 -0.025792 0.088254 -0.218133 0.200275 0.015899 0.457372 0.032079 0.371873 0.134891 0.273814 0.019719 -0.034547 -0.072038 -0.248361 -0.127417 -0.187970 0.010975 -0.193927 -0.198941 -0.137407 -0.169162 -0.332941 -0.287462 -0.050062 0.004263 0.104212 0.195496 0.072679 0.196031 0.199855 0.255249 -0.242912 -0.144888 -0.051789 -0.211223 -0.233974 -0.173510 -0.010982 -0.042943
-0.213622 -0.268011 0.075441 0.350060 0.434497 0.726449 -0.279606 -0.111365 0.034104 -0.123661 -0.002534 -0.160431 -0.150975 -0.407374 0.290521 -0.010529 -0.083358 -0.214467 -0.056800 -0.163459 0.406364 0.486009 0.473226 0.317620 0.552865 0.563461 0.652074 1.000000 -0.331103 -0.521261 -0.037624 -0.078514 -0.002855 0.016403 0.205777 0.146357 0.085311 0.169389 0.423755 0.299354 0.181647 -0.185633 -0.029266 0.060727 -0.007451 0.065217 -0.018172 -0.043356 -0.130376 -0.015871 0.224678 -0.016996 -0.168530 -0.107222 0.064383 0.022442 -0.059056 0.068218 -0.103851 -0.137049 -0.248565 -0.394661 -0.444584 -0.454784 0.476308 0.155356 0.035815 0.277844 0.061276 0.129953 -0.207206 -0.048746 -0.424651 -0.314476 -0.264526 -0.246402 -0.251677 -0.118438 0.134536 -0.249285 0.039064 -0.013979 0.426970 -0.074440 0.581606 0.267472 0.291975 0.333763 0.008268 -0.034099 -0.248691 -0.188173 -0.134855 -0.048723 -0.060823 -0.078568 0.070903 -0.032125 -0.197335 -0.194074 -0.170385 -0.060440 -0.005782 0.083756 0.027062 0.160464 0.098289 0.196940 -0.210419 -0.087893 -0.002571 -0.178929 -0.184278 -0.021453 0.003851 -0.043376
0.177635 0.382995 -0.030488 -0.104327 -0.125216 -0.261021 0.359279 0.173342 0.077026 0.103604 0.005146 0.086734 0.175737 0.405897 -0.009323 0.175837 0.498902 0.555320 0.271754 0.574598 -0.051029 0.087857 -0.272362 -0.115467 -0.275363 -0.126908 -0.112596 -0.331103 1.000000 0.789261 0.457972 0.405360 0.449183 0.548778 0.001679 -0.019024 0.280172 0.181854 -0.267619 -0.387878 0.372932 0.211570 -0.141485 0.016321 0.038348 -0.058347 -0.183618 -0.244894 -0.247067 -0.035963 -0.470435 -0.276001 -0.461045 -0.452084 -0.520860 -0.459629 0.254435 0.158434 -0.361401 -0.214374 0.067839 0.268355 0.501616 0.659917 -0.455058 -0.283088 -0.216504 -0.479319 0.094181 -0.169088 0.359496 0.245520 0.763275 0.547618 0.649012 0.487752 0.585240 0.496983 0.432438 0.425381 0.605201 0.547816 0.241083 0.585064 -0.243834 -0.110882 -0.225407 -0.244377 -0.433024 -0.417885 -0.465519 -0.416199 -0.178303 -0.067323 -0.401688 -0.236988 -0.536903 -0.388722 -0.339996 -0.393323 0.254643 0.304376 0.112700 0.051907 -0.146279 0.072411 0.301768 0.117241 -0.165299 -0.092533 -0.535710 -0.348012 -0.352412 -0.409100 -0.271103 -0.206785
0.179178 0.407500 -0.169513 -0.165967 -0.356142 -0.406036 0.252904 0.202738 0.003841 0.104250 -0.231616 0.179520 0.013279 0.529218 -0.201172 0.150645 0.441030 0.589037 0.169872 0.418404 -0.088332 -0.009191 -0.376365 -0.168389 -0.392563 -0.158273 -0.386779 -0.521261 0.789261 1.000000 0.470114 0.459248 0.435022 0.526433 0.002321 0.060148 0.140874 0.205973 -0.302790 -0.326854 0.304088 0.300155 -0.084661 0.038096 0.073678 -0.007221 -0.150619 -0.223664 -0.133539 0.010561 -0.435727 -0.201356 -0.333676 -0.325712 -0.422596 -0.330074 0.205260 0.036013 -0.347376 -0.171766 0.014803 0.370807 0.490266 0.712215 -0.477491 -0.207770 -0.223812 -0.460096 -0.019681 -0.272734 0.412351 0.229319 0.797654 0.678067 0.682459 0.714012 0.625506 0.440971 0.270145 0.502381 0.461546 0.512030 -0.048916 0.528600 -0.422695 -0.016771 -0.244686 -0.210085 -0.401450 -0.328550 -0.406554 -0.376189 -0.067302 -0.139211 -0.298401 -0.117680 -0.406025 -0.305981 -0.150483 -0.243331 0.314122 0.235083 0.137596 -0.104810 -0.183866 -0.121407 0.158059 0.016090 -0.051575 0.073560 -0.420399 -0.229123 -0.235518 -0.323258 -0.224851 -0.175161
-0.061360 -0.022890 0.234734 0.468602 -0.057904 0.094156 0.353031 0.443768 0.258152 0.289580 -0.053007 0.126022 -0.091986 0.243167 0.234248 0.392688 -0.103100 -0.086283 0.412010 0.237332 0.157363 0.424356 0.380394 0.581599 -0.041217 0.522253 -0.184217 -0.037624 0.457972 0.470114 1.000000 0.877914 0.195561 0.506691 0.205417 0.175070 -0.133977 0.174228 -0.250261 -0.171740 0.285652 -0.004088 -0.168119 -0.085835 -0.156310 -0.125733 -0.203315 -0.272317 -0.365891 -0.265928 -0.354212 -0.305935 -0.437013 -0.378289 -0.484043 -0.461537 -0.191180 -0.228970 -0.540690 -0.503679 -0.139024 0.028109 0.016957 0.102360 0.147940 0.046207 -0.441289 -0.252138 -0.118098 -0.216463 0.318273 0.501780 0.295172 0.244728 0.240459 0.422885 0.222291 0.197887 0.025890 0.151008 0.111696 0.122978 0.399147 0.618825 0.153660 0.116708 -0.193756 0.149713 -0.221514 -0.363676 -0.405143 -0.445765 -0.005384 -0.058469 -0.386865 -0.222388 -0.444647 -0.351884 -0.440149 -0.460894 0.048735 -0.003005 -0.224729 -0.042312 -0.325096 -0.094513 0.189061 -0.033549 -0.208930 -0.052173 -0.332020 -0.351924 -0.358406 -0.400360 -0.334425 -0.265062
-0.084561 -0.123928 0.202848 0.486621 -0.099878 0.045704 0.221576 0.398331 0.207045 0.181103 -0.096517 0.075259 -0.186010 0.258229 0.148511 0.323441 -0.093149 -0.098137 0.309067 0.129894 0.166923 0.407573 0.411522 0.655706 -0.001692 0.596944 -0.191916 -0.078514 0.405360 0.459248 0.877914 1.000000 0.162675 0.525895 0.287396 0.296265 -0.095567 0.164790 -0.289987 -0.208742 0.276823 0.071391 -0.106392 -0.034165 -0.115406 -0.066317 -0.109873 -0.162512 -0.342335 -0.237441 -0.299530 -0.257203 -0.414757 -0.331940 -0.478809 -0.448127 -0.276479 -0.293719 -0.546992 -0.521860 -0.207856 -0.080991 0.071689 0.098967 0.068523 -0.024432 -0.405047 -0.178809 -0.112338 -0.169412 0.331487 0.581547 0.307196 0.303513 0.289132 0.425807 0.252676 0.237760 0.009821 0.169722 0.082642 0.082767 0.402880 0.641516 0.092270 0.049955 -0.235484 0.016456 -0.213352 -0.370199 -0.342654 -0.393666 -0.069430 0.006551 -0.398680 -0.233353 -0.396993 -0.362014 -0.388518 -0.466272 0.070316 -0.140684 -0.254752 -0.026104 -0.271487 -0.050373 0.234202 0.072039 -0.204232 -0.037210 -0.257964 -0.359576 -0.371621 -0.442717 -0.373319 -0.246290
0.180852 0.187547 -0.069330 -0.231053 -0.016317 -0.016894 0.118351 -0.068774 -0.052725 -0.148782 -0.155353 -0.037823 -0.103465 0.096991 -0.177924 -0.161446 0.311280 0.396172 0.250795 0.415423 0.020544 0.044260 -0.192652 -0.207144 -0.144174 0.021840 0.014023 -0.002855 0.449183 0.435022 0.195561 0.162675 1.000000 0.648241 0.195873 0.022440 0.156707 0.202638 -0.007979 -0.178935 0.270051 0.106544 0.108280 0.313290 0.241266 0.190177 0.168989 0.074830 -0.006788 0.222834 -0.079174 -0.000659 -0.271185 -0.257476 -0.213451 -0.097697 0.175112 0.063678 -0.127495 -0.084201 -0.179817 0.045781 0.040077 0.292517 -0.327168 -0.188063 0.194308 -0.159277 0.093904 0.021535 0.153076 0.013056 0.438350 0.279906 0.363830 0.308658 0.377853 0.202704 0.237097 0.314289 0.253837 0.373591 0.044660 0.165543 -0.218912 -0.045625 -0.047281 -0.098657 -0.360830 -0.275009 -0.484140 -0.367614 -0.361309 -0.284059 -0.302546 -0.158618 -0.089052 -0.313316 -0.136220 -0.240701 -0.008812 0.038180 -0.031971 -0.052295 -0.151588 -0.103034 0.165325 0.172307 -0.215773 -0.050475 -0.192789 -0.298798 -0.261494 -0.323553 -0.162088 -0.295390
0.109155 0.183280 0.061488 0.225444 0.000964 0.227276 0.285544 0.306087 0.187770 0.020303 -0.116497 0.076637 -0.129780 0.293524 -0.045642 0.064182 0.287254 0.294557 0.385250 0.551909 0.115212 0.149815 0.038565 0.187407 0.064327 0.275833 0.098174 0.016403 0.548778 0.526433 0.506691 0.525895 0.648241 1.000000 0.458190 0.415932 0.084262 0.220561 -0.173923 -0.139348 0.386662 0.115977 -0.284820 -0.035412 -0.000416 0.016644 -0.235271 -0.200941 -0.388791 -0.175029 -0.457238 -0.401438 -0.578467 -0.520170 -0.469916 -0.439873 0.019002 0.100707 -0.360580 -0.375494 -0.078649 0.059150 0.179816 0.362972 -0.087054 -0.091186 -0.035487 -0.085838 0.178470 0.013063 0.227209 0.167400 0.533128 0.313481 0.469524 0.400818 0.517885 0.359648 0.152257 0.328620 0.376335 0.358236 0.338235 0.592181 -0.004117 0.104773 -0.037404 -0.076296 -0.311996 -0.367697 -0.553104 -0.427498 -0.234939 -0.175605 -0.498969 -0.323062 -0.403446 -0.433488 -0.408460 -0.473193 0.020595 -0.077666 -0.071883 -0.040647 -0.367381 -0.067354 0.306670 0.263922 -0.354064 -0.149969 -0.251002 -0.445874 -0.412773 -0.446345 -0.306770 -0.227207
-0.169824 -0.237012 0.073753 0.251249 0.062748 0.256164 0.067653 0.037032 0.171029 -0.069664 -0.075765 -0.113897 -0.137553 -0.075470 -0.032392 -0.055924 -0.009474 -0.073873 0.217186 0.032419 0.183298 0.175891 0.302147 0.343260 0.343758 0.321725 0.130555 0.205777 0.001679 0.002321 0.205417 0.287396 0.195873 0.458190 1.000000 0.538193 -0.015895 0.067152 -0.069103 0.064049 0.161924 -0.016663 -0.179401 -0.081193 0.029310 0.069452 -0.101435 0.002528 -0.208745 -0.152149 -0.093978 -0.215314 -0.310524 -0.270535 -0.187190 -0.185231 -0.149488 -0.047503 -0.159568 -0.151877 -0.051810 -0.042356 -0.093463 -0.042303 0.307699 0.161850 0.254914 0.302117 0.034223 0.042801 -0.066875 0.039650 0.053588 0.028980 0.090507 0.046292 0.210619 0.121709 -0.174043 0.031821 -0.058122 0.026007 0.156622 0.142121 0.205936 0.047772 -0.011695 -0.027837 -0.118289 -0.182625 -0.186241 -0.100629 -0.188044 0.025915 -0.162686 -0.167606 -0.072540 -0.134454 -0.146675 -0.224097 -0.123751 -0.139059 -0.208533 -0.050334 -0.341326 -0.159018 0.089282 0.018369 -0.210268 -0.117136 0.116193 -0.216259 -0.236933 -0.296414 -0.248725 -0.215441
-0.272615 -0.196613 -0.054805 0.321130 0.040575 0.321365 0.030567 0.268606 0.098167 0.012956 -0.165800 0.107131 -0.225386 0.163840 -0.061287 0.027313 -0.121133 -0.008604 0.015276 0.001247 0.141701 0.094827 0.137154 0.363036 0.178092 0.307503 0.224382 0.146357 -0.019024 0.060148 0.175070 0.296265 0.022440 0.415932 0.538193 1.000000 0.010624 0.095610 -0.008688 0.103814 0.086389 -0.068601 -0.339236 -0.278782 -0.110961 0.003593 -0.332582 -0.282222 -0.359140 -0.273507 -0.308330 -0.428588 -0.249835 -0.267516 -0.127560 -0.180737 -0.211872 -0.162670 -0.302512 -0.295873 -0.055467 0.058016 0.074816 0.098002 0.226031 0.157213 -0.004241 0.222794 -0.111911 -0.145403 0.206070 0.201024 0.038877 0.063765 0.108555 0.219899 0.286664 0.324601 -0.248685 -0.139618 0.000658 -0.151908 0.121254 0.246285 0.136414 0.212456 0.147464 -0.075437 0.107037 -0.003837 -0.116990 -0.002818 0.122859 0.049291 0.010084 0.116331 -0.149142 0.063277 -0.177942 -0.157908 -0.049009 -0.209574 -0.049840 -0.144655 -0.212785 0.004760 -0.028459 -0.064875 0.097823 0.228815 0.129438 -0.064995 -0.083469 -0.108625 -0.049981 0.095503
