1.000000 0.231794 0.012529 -0.114726 0.003082 -0.051196 0.149456 -0.225335 0.117639 -0.157911 0.498282 -0.163130 0.269607 -0.206619 0.307463 0.105966 0.190805 -0.291452 0.183978 0.219344 -0.041207 -0.091487 0.237872 -0.151446 -0.096194 -0.317362 0.190670 0.232252 0.216105 -0.159916 -0.345286 -0.345847 0.155337 -0.115289 0.057101 -0.252471 0.168603 -0.179183 0.224034 -0.068402 0.010534 -0.152308 -0.331259 -0.293537 -0.264383 -0.239511 -0.251933 -0.335242 0.009441 -0.064654 -0.089425 0.185063 0.160261 -0.131583 0.230543 -0.134438 0.346121 0.218829 0.217524 0.014087 -0.134365 -0.014292 0.005878 0.044307 -0.165937 -0.077292 0.107029 -0.239864 0.191444 0.128188 -0.223269 -0.169621 -0.235791 -0.344446 -0.129289 0.008223 0.253055 -0.093537 -0.121324 -0.185998 0.253013 -0.152127 0.310281 0.144755 0.278303 0.013025 0.092951 0.080042 0.230101 0.189891 -0.252563 0.049599 -0.203172 0.255478 -0.033035 0.099803 -0.293365 0.023140 -0.013470 -0.033388 0.175820 0.170517 0.003323 0.139241 -0.079860 0.226831 0.080011 0.191090 -0.003584 -0.006806 -0.374159 -0.017625 -0.012942 -0.056302 0.064755 0.036300
0.231794 1.000000 -0.253534 0.045604 -0.194228 -0.351447 -0.277127 -0.262949 -0.137724 -0.383496 0.078241 0.133818 -0.234704 -0.159131 -0.002639 0.250242 0.347796 0.281736 0.243159 0.514858 0.075082 -0.046680 0.201299 -0.064838 -0.308482 -0.429370 0.202995 0.222943 0.403003 0.207027 -0.380676 -0.418376 0.320088 -0.017242 0.030417 -0.344105 0.192889 -0.242069 0.148791 -0.204514 0.130989 -0.284673 -0.347246 -0.299766 -0.211980 -0.461242 -0.272748 -0.328096 -0.273578 -0.289587 -0.190317 -0.378565 -0.074291 -0.099273 0.096938 -0.364594 0.578387 0.737336 0.088851 0.215010 0.116743 -0.204669 0.403946 0.280537 -0.276536 -0.541010 0.117021 -0.451573 0.331992 0.347119 -0.070792 -0.215048 0.140228 -0.059739 -0.039275 -0.037691 -0.081654 0.092233 -0.048447 0.047725 0.343040 0.242792 0.297069 0.367881 0.196995 -0.309623 -0.100103 0.184454 0.038956 -0.119662 -0.320244 0.101553 -0.231453 0.035431 -0.010337 0.126453 -0.399188 -0.049022 -0.112839 0.110692 -0.070963 0.189382 -0.073483 0.349699 0.243402 0.251258 -0.110880 0.253880 0.163514 0.114729 -0.240574 0.083106 0.073821 -0.232928 0.147189 0.150039
0.012529 -0.253534 1.000000 -0.033133 0.348985 0.122229 0.590967 0.327606 0.392705 0.429698 0.087501 0.138300 0.284301 0.230752 0.261486 -0.225462 -0.198007 -0.224183 0.215258 -0.366067 0.006299 0.035941 0.057859 0.034314 0.267340 0.155415 -0.064958 -0.120389 -0.218266 -0.107509 0.377010 0.083697 -0.039890 0.262641 0.040254 0.194256 -0.166487 -0.004176 -0.095683 -0.114746 -0.105313 -0.106358 -0.012325 -0.052408 0.090855 -0.037194 -0.070378 0.003178 0.230014 -0.062595 0.189896 0.230528 0.013466 0.114934 -0.090421 -0.023221 -0.345477 -0.395880 0.188220 -0.349945 0.482138 0.174093 -0.192793 -0.346901 0.464199 0.382509 -0.005948 0.297104 -0.065855 -0.144741 0.298539 -0.147505 0.106213 0.048960 0.338270 0.252013 0.119677 0.136658 -0.283781 -0.211831 -0.363940 -0.473874 -0.032620 -0.496718 -0.167264 -0.208616 0.112043 -0.109182 0.101172 -0.131516 -0.110040 -0.054614 -0.054699 0.066720 -0.175317 0.152618 0.005293 0.001078 -0.221078 -0.048292 -0.052581 -0.016237 -0.223781 -0.145443 -0.159093 -0.120363 0.000663 -0.119492 0.110346 0.098675 0.098224 -0.329907 -0.268191 -0.039823 0.079524 0.006514
-0.114726 0.045604 -0.033133 1.000000 0.177427 0.342455 -0.294777 0.323871 -0.186208 0.026978 -0.400764 0.279838 -0.349962 -0.109302 0.023839 0.297467 0.023809 0.092604 0.103157 0.210919 0.161439 0.076834 0.249528 0.610276 0.046699 0.290199 0.180266 0.186308 0.010684 0.039465 0.222759 0.353330 0.039014 0.228633 -0.099971 -0.057739 -0.075935 -0.202019 0.011900 -0.032444 -0.083272 -0.045958 -0.178546 -0.197967 -0.352973 -0.207082 -0.125306 -0.253029 -0.429182 -0.398640 -0.178445 -0.322879 -0.136887 -0.089018 -0.061327 -0.298819 0.009993 -0.010839 -0.224262 -0.028652 0.098055 0.044807 0.219116 -0.008601 0.346462 0.141440 -0.179213 0.063948 0.081896 -0.010223 0.017882 0.035467 0.076787 -0.030175 0.017230 0.118387 -0.114724 0.002850 -0.012430 0.142437 -0.148959 0.007158 0.007022 0.217700 -0.096920 0.236360 -0.022241 0.399540 -0.104137 0.181447 0.002668 -0.027093 0.383103 -0.054562 -0.045176 -0.101338 -0.128309 -0.287214 -0.399187 -0.315573 -0.036662 -0.230929 -0.016949 -0.198923 -0.095310 -0.118674 -0.179184 -0.207727 -0.091144 0.120904 -0.138261 -0.086289 -0.095312 0.064948 0.123909 -0.011509
0.003082 -0.194228 0.348985 0.177427 1.000000 0.457144 0.349819 0.396813 0.334208 0.458335 0.006341 0.037154 0.279569 0.255756 0.153296 -0.066927 -0.254873 -0.231479 -0.055836 -0.046804 0.014039 0.053263 -0.150243 0.186266 0.086333 0.132811 0.163789 -0.182382 -0.167133 -0.044539 0.218745 0.275027 0.058776 0.458101 0.089380 0.311754 -0.112979 -0.223383 -0.092918 0.062935 -0.262734 0.035935 -0.151823 -0.042984 -0.006228 0.188315 -0.315735 -0.042143 -0.030857 -0.035120 -0.262915 0.134151 -0.200709 -0.248606 -0.387060 -0.141114 -0.280017 -0.307119 -0.113081 -0.179527 0.129858 0.354448 -0.031017 -0.132227 0.181476 0.502818 0.054374 0.395708 -0.119679 0.148703 0.200622 0.111325 0.196971 -0.072132 0.111910 0.247933 0.077083 -0.092606 -0.059617 -0.115516 -0.242266 -0.294047 -0.226960 -0.214877 -0.276507 -0.184558 0.043058 -0.089681 -0.081064 -0.034887 0.080767 -0.065727 0.222559 0.078947 -0.167421 0.214317 -0.089356 -0.007824 -0.401434 -0.219172 0.154823 -0.122880 0.073593 -0.092074 0.018335 -0.047667 0.108142 0.048999 -0.050441 -0.013480 0.024586 -0.321880 -0.282563 -0.056451 0.047937 0.068056
-0.051196 -0.351447 0.122229 0.342455 0.457144 1.000000 0.076447 0.439330 0.146697 0.407410 -0.227918 -0.025590 0.141471 0.131448 -0.007390 -0.069475 -0.319341 -0.295246 -0.200412 -0.104734 0.167841 0.060522 -0.203962 0.212894 0.116718 0.397509 0.165533 -0.104344 -0.309749 -0.085513 0.219830 0.401315 -0.039027 0.326188 0.104268 0.335347 -0.134603 -0.150124 -0.054456 0.121800 -0.286055 0.188226 -0.011712 -0.015576 -0.055100 0.208060 -0.124030 -0.071917 -0.115246 -0.083734 -0.200100 0.121916 -0.095643 -0.176203 -0.292352 -0.139316 -0.239304 -0.285302 -0.196004 -0.248902 -0.002446 0.272000 -0.129415 -0.260484 0.261719 0.535069 -0.044801 0.462187 -0.095560 0.084857 0.061443 0.376967 -0.101453 0.010259 -0.018391 0.075756 -0.044215 -0.075575 -0.021822 -0.111494 -0.349235 -0.196719 -0.261915 -0.114012 -0.273472 0.081327 0.022867 0.001585 0.029231 0.046428 0.244932 -0.065185 0.345614 -0.027623 0.122750 -0.138882 -0.018086 -0.211467 -0.360112 -0.332715 0.111594 -0.336194 0.122698 -0.199273 0.040322 -0.094502 0.104798 -0.053143 -0.172877 -0.041599 0.100164 -0.122645 -0.166066 0.157847 0.101882 0.086351
0.149456 -0.277127 0.590967 -0.294777 0.349819 0.076447 1.000000 0.206929 0.493815 0.254403 0.151169 -0.125415 0.589761 0.234315 0.314116 -0.167548 -0.243344 -0.245561 -0.020247 -0.173234 -0.091002 -0.171754 -0.156694 -0.143242 0.227671 0.029172 -0.115247 -0.326677 -0.040320 -0.085431 0.223899 -0.011780 -0.022825 0.231139 0.154174 0.246594 -0.036663 -0.056331 -0.144163 0.015770 -0.025455 0.036202 0.034465 0.081109 0.145548 0.180474 -0.106789 0.057498 0.196716 0.150075 -0.005151 0.280386 0.053004 -0.052774 -0.092036 0.028792 -0.349519 -0.452884 0.026891 -0.165762 0.109963 0.253447 -0.045932 0.062797 0.211166 0.278052 0.100704 0.323169 -0.094758 0.009382 0.076580 0.018543 0.028848 -0.041504 0.245920 0.019834 0.177250 -0.140254 -0.122172 -0.317848 -0.098535 -0.377828 -0.117605 -0.322045 -0.199928 -0.251961 0.045425 -0.414098 0.076489 -0.150507 0.034851 -0.071670 0.031453 0.115993 -0.172679 0.041808 0.037786 -0.039806 0.006359 -0.112186 0.136152 0.114062 0.076695 -0.120402 -0.139983 -0.176050 0.062807 0.019255 0.020771 -0.134471 -0.001396 -0.183586 -0.128707 -0.084234 -0.025360 -0.055891
-0.225335 -0.262949 0.327606 0.323871 0.396813 0.439330 0.206929 1.000000 0.121701 0.732580 -0.185950 0.594877 0.066842 0.678635 -0.059132 -0.111873 -0.325463 0.040097 -0.142618 -0.229727 0.131065 0.002022 -0.551456 -0.039711 -0.080027 0.107105 -0.281158 -0.554196 -0.209525 0.372072 0.265207 0.190665 -0.193194 0.385311 -0.179668 0.269925 -0.412051 -0.261188 -0.391466 -0.229828 -0.245346 -0.053098 -0.126766 -0.099734 -0.084427 0.215769 -0.130770 -0.009680 -0.027417 0.017950 -0.157616 0.094137 -0.171965 0.025393 -0.310856 -0.279128 -0.447476 -0.457061 0.004576 -0.392469 0.456723 0.576354 -0.134385 -0.126317 0.415066 0.742663 -0.216399 0.301315 -0.196686 -0.081138 0.253158 0.102623 0.252560 0.103112 0.356551 0.115416 0.038459 -0.021538 -0.206944 -0.058326 -0.468935 -0.309752 -0.395209 -0.293198 -0.492627 -0.129102 -0.278797 -0.177918 -0.181814 -0.121337 0.276716 -0.042801 0.647401 -0.022077 -0.004759 0.036539 0.026590 -0.228522 -0.213172 -0.264274 0.337294 -0.162272 0.277836 -0.194768 -0.006457 -0.279389 0.037651 -0.174110 0.001716 0.129196 0.102595 -0.282072 -0.175260 0.225387 0.051471 -0.022845
0.117639 -0.137724 0.392705 -0.186208 0.334208 0.146697 0.493815 0.121701 1.000000 0.198072 0.267658 -0.162586 0.554443 0.237843 0.287670 0.152180 -0.130896 -0.412900 0.053374 -0.004242 -0.064695 -0.096547 0.023219 0.083029 0.187128 -0.010903 -0.065604 -0.088374 -0.064310 -0.340865 0.012647 0.052216 -0.170347 0.089376 0.080538 0.142152 0.074611 0.045825 0.044489 0.161094 0.019858 0.222836 -0.014288 -0.062942 0.048007 -0.050207 -0.211366 -0.085468 0.308207 0.000874 0.126085 0.212426 0.278794 -0.155890 -0.095090 -0.050371 -0.281400 -0.349004 0.113906 -0.130499 0.061468 0.052615 -0.067948 -0.207766 0.047125 0.155263 -0.040903 0.188563 -0.128666 0.163045 0.173387 0.085209 -0.279146 0.045796 0.105313 0.128139 0.104301 -0.107014 -0.024002 -0.385155 0.069990 -0.512047 0.220240 -0.089651 -0.069009 -0.187092 0.076592 -0.258794 0.300054 0.169904 0.252597 0.041356 0.160640 0.111473 0.019517 0.039683 -0.161085 -0.160339 -0.274623 -0.184425 -0.027847 0.131251 0.035621 -0.104279 -0.018639 -0.150618 0.067158 0.028203 -0.023608 -0.162491 -0.067963 -0.188162 -0.134927 -0.126786 -0.051946 0.010421
-0.157911 -0.383496 0.429698 0.026978 0.458335 0.407410 0.254403 0.732580 0.198072 1.000000 0.017001 0.467114 0.222764 0.695207 0.027045 -0.224079 -0.390723 -0.089760 -0.085240 -0.325194 0.005269 0.124670 -0.499940 -0.187104 0.034445 0.088752 -0.330337 -0.501197 -0.307229 0.208252 0.205218 0.095253 -0.101515 0.342637 -0.080749 0.399710 -0.433540 -0.102939 -0.363324 -0.235118 -0.231246 -0.138141 -0.102755 -0.139652 0.017369 0.221264 -0.188429 0.002133 0.104029 0.070922 -0.116433 0.232422 -0.189207 -0.038756 -0.465667 -0.173625 -0.482588 -0.477238 0.163003 -0.415010 0.397389 0.474725 -0.297378 -0.234367 0.351573 0.736249 0.003206 0.360642 -0.210491 -0.026333 0.249111 0.060576 0.174397 0.147896 0.288772 0.186114 0.066674 0.136924 -0.318710 0.047635 -0.469477 -0.304290 -0.297052 -0.405994 -0.438295 -0.208461 -0.138147 -0.181514 -0.126453 -0.234164 0.182376 0.047118 0.375613 0.097739 -0.057630 0.089916 -0.018675 0.026205 -0.231098 -0.075341 0.259965 -0.067967 0.194638 -0.005476 0.127524 -0.129556 0.223582 0.019262 0.034698 0.192340 0.092976 -0.205781 -0.228138 0.143961 0.026385 0.086046
0.498282 0.078241 0.087501 -0.400764 0.006341 -0.227918 0.151169 -0.185950 0.267658 0.017001 1.000000 -0.153598 0.479510 0.043876 0.204073 0.105194 0.442530 -0.341843 0.152374 -0.002008 -0.123697 -0.092127 0.104483 -0.237933 -0.062542 -0.276461 0.124411 0.142580 0.298264 -0.221105 -0.292961 -0.279429 0.030097 -0.100312 -0.022366 -0.191914 0.220875 0.145438 0.266656 0.091579 0.113551 -0.030280 -0.106694 -0.177527 -0.146486 -0.151682 -0.186092 -0.140256 0.181925 0.003797 0.066708 0.247179 0.270100 0.017467 0.144714 0.135747 0.132060 -0.017645 0.303607 -0.034430 -0.120305 0.062293 -0.168616 -0.086112 -0.374279 0.031183 -0.003466 -0.339164 -0.071048 -0.017441 -0.036050 -0.004006 -0.181780 0.040305 0.007257 0.153236 0.364491 0.053365 -0.033658 -0.233291 0.355529 -0.279111 0.416291 0.046511 0.423699 -0.022525 0.179367 -0.007338 0.347514 0.330750 -0.124641 -0.104987 -0.207459 0.127689 -0.116804 0.079701 -0.217303 0.029666 0.087704 0.050832 -0.124272 0.034883 -0.134811 -0.029257 -0.092427 -0.014308 0.049124 -0.035094 0.079265 -0.021361 -0.223086 -0.146385 0.113976 -0.132416 -0.089830 -0.089457
-0.163130 0.133818 0.138300 0.279838 0.037154 -0.025590 -0.125415 0.594877 -0.162586 0.467114 -0.153598 1.000000 -0.250891 0.562519 0.048676 0.035116 -0.201465 0.548881 0.206524 0.007667 -0.052173 -0.031925 -0.261190 -0.152124 -0.301998 -0.312080 -0.238756 -0.420165 -0.120750 0.527324 -0.044909 -0.174720 -0.069735 0.135941 -0.297271 -0.024653 -0.519316 -0.237630 -0.441760 -0.525998 -0.285187 -0.414271 -0.235173 -0.316417 -0.052478 -0.084788 -0.154002 -0.151193 0.019550 -0.082028 -0.005326 -0.202875 -0.223364 0.109108 -0.099627 -0.337268 -0.250803 -0.074067 0.288556 -0.263997 0.636458 0.343546 0.006067 0.045145 0.390436 0.295835 -0.195764 -0.125506 -0.000383 -0.057631 0.127710 -0.335225 0.297537 0.100101 0.127305 0.203978 -0.145265 0.052363 -0.413279 0.173817 -0.441598 -0.010384 -0.077129 -0.105586 -0.163257 -0.160999 -0.274997 0.020754 -0.196414 -0.287305 0.020983 0.059535 0.302707 0.050149 0.000352 0.232542 -0.115447 -0.002716 -0.037083 -0.019036 0.213117 -0.009295 0.073393 -0.010758 0.207346 -0.066190 0.072355 -0.009790 0.320559 0.362717 -0.018007 -0.097737 -0.144797 0.191863 0.152124 0.017861
0.269607 -0.234704 0.284301 -0.349962 0.279569 0.141471 0.589761 0.066842 0.554443 0.222764 0.479510 -0.250891 1.000000 0.298496 0.297191 0.004456 -0.032532 -0.449100 0.000987 -0.078474 -0.107201 0.000172 -0.164327 -0.097473 0.295286 0.010339 -0.119990 -0.215765 0.118586 -0.170295 0.100790 0.121578 0.024325 0.211373 0.211064 0.252381 0.089004 0.056407 0.107652 0.150500 0.077358 0.263120 -0.037285 -0.033248 0.034171 0.045645 -0.214751 -0.026305 0.244886 0.096625 -0.020991 0.397730 0.102387 -0.101496 -0.096466 0.151613 -0.286176 -0.430061 0.207288 0.037339 -0.060866 0.123702 -0.019400 -0.016363 -0.092854 0.227522 0.220237 0.202498 -0.190935 0.008825 0.187022 0.309370 -0.059997 0.168287 0.252516 0.075003 0.323511 -0.066066 0.022842 -0.433638 0.103478 -0.437982 0.134246 -0.145894 -0.030846 -0.192157 0.129990 -0.335588 0.064367 0.113551 0.022708 -0.154311 -0.036259 -0.012875 0.060324 -0.004681 -0.106074 0.005469 -0.087683 -0.114231 0.044917 0.013129 0.003960 -0.088055 -0.054415 -0.170634 0.069051 -0.113519 -0.081347 -0.002674 -0.087812 -0.315251 -0.078637 -0.026095 0.022502 -0.064014
-0.206619 -0.159131 0.230752 -0.109302 0.255756 0.131448 0.234315 0.678635 0.237843 0.695207 0.043876 0.562519 0.298496 1.000000 -0.005416 -0.022276 -0.349451 0.185485 -0.061324 -0.151537 -0.054229 -0.037927 -0.604815 -0.332262 -0.118158 -0.196671 -0.398117 -0.665854 -0.175351 0.371793 0.076763 -0.097289 -0.156010 0.268359 -0.216293 0.205644 -0.373087 -0.140212 -0.402781 -0.259339 -0.111777 -0.046272 -0.137333 -0.159467 0.067314 0.131051 -0.145919 0.035556 0.212491 0.075500 -0.085107 0.084925 -0.080850 0.090807 -0.377964 -0.168447 -0.463522 -0.392490 0.298285 -0.260685 0.551784 0.621576 -0.151510 0.076981 0.143827 0.546068 -0.140177 0.115372 -0.241222 -0.053735 0.261494 -0.033364 0.244280 0.273226 0.251555 0.145751 0.026099 -0.034924 -0.277965 -0.132214 -0.397570 -0.254382 -0.242849 -0.202855 -0.406358 -0.306907 -0.296746 -0.371117 -0.183369 -0.179454 0.299922 0.000486 0.442243 -0.001628 0.073235 0.159352 0.041064 0.043057 -0.147750 -0.068544 0.372632 0.107356 0.324260 0.052487 0.118004 -0.152580 0.122011 -0.012199 0.126502 0.256502 0.048255 -0.190571 -0.154823 0.253773 0.009203 -0.020795
0.307463 -0.002639 0.261486 0.023839 0.153296 -0.007390 0.314116 -0.059132 0.287670 0.027045 0.204073 0.048676 0.297191 -0.005416 1.000000 0.157085 -0.222711 -0.163521 0.282388 0.091137 -0.058299 0.050238 0.399875 0.195031 -0.015198 -0.080457 0.143423 0.152017 -0.096088 -0.177238 -0.063556 0.044900 -0.084707 0.081423 -0.049745 0.029760 -0.173173 -0.163106 0.119739 -0.006154 -0.125744 -0.052150 -0.035835 -0.190077 -0.034364 -0.204402 -0.061418 -0.137674 0.143517 -0.146756 0.135265 0.039980 0.162634 0.071161 0.065588 -0.125926 -0.164157 -0.115808 0.117383 -0.143759 0.186939 -0.108917 0.326122 -0.128482 0.259700 -0.025481 -0.019543 -0.086839 0.070708 0.185276 0.127705 -0.276531 -0.157230 -0.194801 0.057022 0.098764 0.124610 -0.267245 -0.294485 -0.235706 -0.146945 -0.173276 0.422223 0.091335 0.156410 -0.013145 0.116638 0.196649 0.131342 0.021731 -0.013755 -0.037966 -0.089069 0.224221 -0.153338 0.041034 -0.207107 -0.070351 0.028136 -0.195493 0.020259 0.102654 -0.110885 -0.129000 -0.124843 0.023939 -0.056023 -0.073534 0.090901 -0.060624 -0.166316 -0.177058 -0.139581 -0.108267 0.171612 -0.051005
0.105966 0.250242 -0.225462 0.297467 -0.066927 -0.069475 -0.167548 -0.111873 0.152180 -0.224079 0.105194 0.035116 0.004456 -0.022276 0.157085 1.000000 0.258494 0.135509 0.159443 0.345055 -0.077700 -0.031567 0.296922 0.241833 -0.057812 -0.170219 0.321975 0.146565 0.247674 0.083601 -0.102727 0.039369 0.047262 -0.024621 -0.096451 -0.259732 0.197075 0.053538 0.185077 0.083826 0.207310 0.228077 -0.080594 -0.137178 -0.271214 -0.292559 -0.091298 -0.234360 -0.230300 -0.278052 -0.113023 -0.329051 0.127357 -0.124405 -0.056443 -0.096460 0.210074 0.117582 -0.167746 -0.006056 -0.148978 -0.023168 0.203516 0.290332 -0.233093 -0.219455 -0.343451 -0.397258 0.046265 0.027208 -0.174798 0.104444 -0.174499 0.160601 -0.113333 0.224607 -0.022229 -0.067945 0.229716 -0.049094 0.312048 0.157190 0.410711 0.575844 0.226227 0.253703 -0.139013 0.076416 0.108230 0.250272 0.016198 -0.101285 0.078597 -0.065232 -0.022851 0.091146 -0.183549 -0.150678 -0.092489 -0.185833 -0.110857 0.017364 -0.079624 -0.137936 -0.172899 -0.107529 -0.159692 -0.046546 0.004273 -0.028874 -0.199428 -0.101525 -0.089449 -0.108564 0.043117 -0.158121
0.190805 0.347796 -0.198007 0.023809 -0.254873 -0.319341 -0.243344 -0.325463 -0.130896 -0.390723 0.442530 -0.201465 -0.032532 -0.349451 -0.222711 0.258494 1.000000 0.002651 0.151413 0.110764 -0.016537 -0.081454 0.268245 -0.010297 -0.043801 -0.112257 0.277922 0.281674 0.599959 -0.057140 -0.096464 -0.173075 0.271808 -0.057085 -0.079492 -0.312291 0.377254 0.213482 0.391131 0.169651 0.311504 0.008102 -0.048016 0.007272 -0.229658 -0.224570 -0.041970 -0.120764 -0.217148 -0.157836 0.022031 -0.128598 0.034491 0.010047 0.209295 0.169222 0.521700 0.369691 -0.081227 0.107912 -0.246570 -0.186697 -0.040982 0.026084 -0.415377 -0.324485 -0.149508 -0.495260 0.139892 -0.155657 -0.060926 0.182224 0.044057 0.095300 0.063996 0.138477 0.250748 0.307403 0.282082 0.065261 0.569044 0.032677 0.337291 0.186082 0.395823 0.122192 0.159789 0.189645 0.195220 0.364853 -0.292205 -0.118703 -0.213580 -0.069269 -0.052478 -0.011226 -0.104215 -0.078388 -0.004446 0.114814 -0.226898 0.017694 -0.213716 -0.103519 -0.314837 -0.109763 -0.201126 -0.180897 -0.065412 0.013178 -0.127541 0.011262 0.197341 -0.370829 -0.112168 -0.238103
-0.291452 0.281736 -0.224183 0.092604 -0.231479 -0.295246 -0.245561 0.040097 -0.412900 -0.089760 -0.341843 0.548881 -0.449100 0.185485 -0.163521 0.135509 0.002651 1.000000 0.174609 0.155203 -0.037631 -0.119720 -0.160981 -0.145297 -0.295311 -0.357859 -0.081271 -0.276439 0.018362 0.596712 -0.119824 -0.249960 -0.016904 -0.106175 -0.157324 -0.251863 -0.201096 -0.221471 -0.222589 -0.274824 -0.042832 -0.274027 0.035179 -0.025792 0.200061 0.084727 0.094462 0.060389 -0.027655 0.067723 -0.009984 -0.327337 -0.269372 0.174148 0.001507 -0.133975 0.126631 0.302130 0.022768 -0.078814 0.368328 0.039252 0.266913 0.359546 0.017764 -0.265821 -0.119927 -0.328742 0.002692 -0.005802 -0.054742 -0.288735 0.359996 0.024197 -0.025327 0.048800 -0.456053 -0.010622 -0.187196 0.396539 -0.211579 0.513166 -0.036067 0.130648 -0.162279 -0.233773 -0.415283 -0.057811 -0.258808 -0.320868 -0.028672 0.021540 0.036784 -0.114141 0.033666 0.058673 0.076354 0.017417 0.154248 0.179762 0.057199 0.108675 0.011653 0.047987 0.080535 -0.063784 -0.061321 -0.046484 0.239602 0.209439 0.116405 0.248399 0.038914 -0.092916 -0.023624 -0.057550
0.183978 0.243159 0.215258 0.103157 -0.055836 -0.200412 -0.020247 -0.142618 0.053374 -0.085240 0.152374 0.206524 0.000987 -0.061324 0.282388 0.159443 0.151413 0.174609 1.000000 0.382240 -0.110908 -0.019873 0.397747 0.113949 0.004946 -0.267955 0.168701 0.216169 0.160597 -0.087590 -0.008921 -0.183754 0.248697 0.073301 -0.001359 -0.220281 -0.057644 -0.109999 0.036693 -0.366377 -0.059096 -0.288166 -0.262922 -0.447458 -0.203328 -0.525392 -0.315012 -0.424775 -0.079516 -0.359259 0.018130 -0.295453 -0.116129 -0.157823 0.067395 -0.262964 0.150231 0.162431 0.251962 0.027478 0.317754 -0.112099 0.047189 -0.022804 0.148836 -0.155741 0.085749 -0.280609 0.430223 0.224530 0.222697 -0.155101 0.091870 0.027548 0.184507 0.329614 0.070124 0.150448 -0.326791 -0.030134 -0.027895 -0.133731 0.370205 0.078559 0.134702 -0.132290 -0.022367 0.115135 0.129717 -0.140406 -0.254339 0.192001 -0.156580 0.266341 0.027627 -0.024227 -0.372049 0.147710 -0.266930 0.104480 -0.097534 0.331315 -0.154724 0.229845 0.195261 0.257529 -0.024562 0.058858 0.169817 0.132685 -0.206244 -0.045897 -0.063778 -0.045512 0.010785 0.075614
0.219344 0.514858 -0.366067 0.210919 -0.046804 -0.104734 -0.173234 -0.229727 -0.004242 -0.325194 -0.002008 0.007667 -0.078474 -0.151537 0.091137 0.345055 0.110764 0.155203 0.382240 1.000000 -0.188136 -0.249688 0.249194 0.315974 -0.258954 -0.374125 0.241667 0.124714 0.389232 -0.013774 -0.324589 -0.249381 0.209610 0.062794 0.106652 -0.292568 0.099951 -0.227727 0.047792 -0.159112 0.062192 -0.212345 -0.385314 -0.436090 -0.238897 -0.397152 -0.345121 -0.482762 -0.324388 -0.322405 -0.385391 -0.505369 -0.138570 -0.362364 -0.111928 -0.459270 0.406803 0.410296 -0.119870 0.253569 -0.027197 -0.140665 0.352532 0.392416 -0.169757 -0.417332 0.099283 -0.220717 0.303822 0.607657 -0.132186 0.021009 -0.035672 -0.141340 -0.149925 -0.073432 -0.105087 -0.113858 -0.053050 -0.028789 0.252322 0.175604 0.352416 0.584703 0.052922 -0.080758 -0.227880 0.126742 0.100076 -0.047415 0.084262 0.358358 0.137188 0.282160 0.003518 -0.071257 -0.533041 -0.083831 -0.250190 -0.058084 -0.016243 0.306542 0.160916 0.288962 0.282327 0.121496 -0.021909 0.181164 -0.034989 -0.164188 -0.374185 0.168109 0.124780 -0.046393 -0.025381 0.191933
-0.041207 0.075082 0.006299 0.161439 0.014039 0.167841 -0.091002 0.131065 -0.064695 0.005269 -0.123697 -0.052173 -0.107201 -0.054229 -0.058299 -0.077700 -0.016537 -0.037631 -0.110908 -0.188136 1.000000 0.351535 -0.017048 -0.017070 0.215823 0.438703 -0.064493 0.184405 -0.040473 0.060481 0.232616 0.264336 -0.003331 -0.036728 -0.023516 0.020651 0.080152 0.045445 0.136345 0.050238 0.142668 0.150049 0.162898 0.156886 -0.136532 -0.071318 0.017487 0.191285 -0.143065 -0.172663 0.109344 0.063727 0.028553 0.091775 0.154268 0.047175 0.123165 0.118895 -0.124868 -0.266461 -0.040168 -0.111329 0.008088 -0.178397 0.177104 0.101125 -0.127897 -0.032486 0.003362 -0.017263 -0.016235 0.080344 0.023725 0.067912 0.154377 0.030551 -0.012459 0.179589 0.088850 0.172214 -0.056495 -0.062464 -0.126534 -0.199180 -0.094423 -0.077501 0.247937 0.265403 0.098454 0.095120 -0.203027 -0.217472 0.093927 -0.177888 -0.010409 0.022963 0.178724 -0.104331 -0.003479 -0.093900 0.006142 -0.235687 -0.075573 -0.116779 -0.085175 -0.062646 -0.305982 -0.165849 0.000149 0.094447 0.270629 -0.050614 0.052386 0.101420 0.039003 -0.124837
-0.091487 -0.046680 0.035941 0.076834 0.053263 0.060522 -0.171754 0.002022 -0.096547 0.124670 -0.092127 -0.031925 0.000172 -0.037927 0.050238 -0.031567 -0.081454 -0.119720 -0.019873 -0.249688 0.351535 1.000000 -0.050154 0.032251 0.206741 0.324847 -0.101932 0.139234 -0.110878 0.080977 0.212132 0.353622 0.011024 -0.009554 -0.127498 0.128230 -0.128377 -0.023613 0.057219 -0.022151 -0.032066 0.012924 0.003803 0.028556 -0.204144 -0.227825 0.009640 0.109935 -0.084039 -0.154348 -0.044304 0.260461 -0.017286 0.009828 0.063216 -0.027034 -0.072377 -0.111902 0.125790 0.065382 0.036843 -0.026834 -0.026777 -0.101471 0.052974 0.122569 0.154211 0.020528 -0.228346 -0.302571 0.054963 0.183455 0.179651 0.138994 0.056874 0.163347 0.187412 0.263372 -0.000049 0.217725 -0.059726 -0.020274 -0.181617 -0.210603 -0.199163 0.018421 0.071999 0.073884 -0.155728 0.024861 -0.265103 -0.186721 -0.170735 -0.193050 0.031261 0.130912 0.172776 0.163288 0.015298 0.009593 -0.145656 -0.187013 -0.222157 -0.004012 0.079787 0.065012 0.131318 0.044070 0.190532 0.245463 0.231557 -0.097283 -0.267502 0.143114 0.050279 -0.066341
0.237872 0.201299 0.057859 0.249528 -0.150243 -0.203962 -0.156694 -0.551456 0.023219 -0.499940 0.104483 -0.261190 -0.164327 -0.604815 0.399875 0.296922 0.268245 -0.160981 0.397747 0.249194 -0.017048 -0.050154 1.000000 0.523000 0.171220 0.051011 0.447404 0.733423 0.177175 -0.437601 -0.026472 0.045470 0.140261 -0.063854 0.143497 -0.194160 0.220022 0.133222 0.375303 0.092872 0.087956 -0.029711 -0.012865 -0.072920 -0.082804 -0.368529 -0.023869 -0.218229 -0.073448 -0.315105 0.241511 -0.279227 0.167094 -0.031092 0.306282 0.021236 0.325308 0.316456 -0.069783 0.092304 -0.176665 -0.544565 0.193704 -0.130358 0.161189 -0.437440 -0.082538 -0.262247 0.376789 0.121783 -0.218312 -0.260344 -0.307229 -0.197201 -0.192139 0.100045 -0.020609 -0.081567 0.029771 -0.071745 0.232898 -0.060632 0.607112 0.265083 0.585383 0.299251 0.409338 0.587159 0.363907 0.203583 -0.332395 -0.042190 -0.395613 0.135312 -0.189637 -0.090402 -0.241276 -0.017570 -0.128426 -0.097481 -0.376600 0.066582 -0.458257 -0.063295 -0.166259 0.190847 -0.163762 -0.119921 -0.053145 -0.084555 -0.324477 -0.008303 -0.014463 -0.151576 0.132793 0.046453
-0.151446 -0.064838 0.034314 0.610276 0.186266 0.212894 -0.143242 -0.039711 0.083029 -0.187104 -0.237933 -0.152124 -0.097473 -0.332262 0.195031 0.241833 -0.010297 -0.145297 0.113949 0.315974 -0.017070 0.032251 0.523000 1.000000 0.274807 0.334161 0.313126 0.400587 0.044729 -0.304557 0.235223 0.513244 -0.065398 0.170326 0.211115 -0.049188 0.040853 -0.063885 0.184959 0.171164 0.029628 0.034538 0.002834 0.010118 -0.048147 -0.120190 -0.088520 -0.149675 -0.255058 -0.259677 -0.029335 -0.239397 -0.113079 -0.163987 -0.073985 -0.242739 0.041954 -0.046177 -0.300232 0.117237 -0.091979 -0.223593 0.346031 -0.005201 0.303598 -0.075856 -0.054437 0.245471 0.010086 0.120245 -0.040384 0.096507 -0.087913 -0.056360 -0.026383 -0.042975 -0.083907 -0.055324 0.096384 -0.129744 -0.038007 -0.088721 0.191698 0.170748 -0.026976 0.182211 0.076776 0.322949 0.090983 0.163845 0.095841 0.016297 0.111482 -0.088133 -0.153836 -0.190536 -0.250439 -0.282405 -0.326835 -0.281513 -0.369043 -0.179548 -0.247555 -0.148100 -0.101764 -0.153742 -0.087941 -0.227065 -0.167438 -0.088860 -0.221615 -0.103988 -0.047701 0.012578 0.076338 0.050138
-0.096194 -0.308482 0.267340 0.046699 0.086333 0.116718 0.227671 -0.080027 0.187128 0.034445 -0.062542 -0.301998 0.295286 -0.118158 -0.015198 -0.057812 -0.043801 -0.295311 0.004946 -0.258954 0.215823 0.206741 0.171220 0.274807 1.000000 0.645822 -0.140256 0.168332 -0.044573 -0.184409 0.617647 0.556773 0.051525 0.205827 0.228697 0.132549 0.107632 0.197675 0.102851 0.121872 0.148819 0.214122 0.269452 0.259794 0.100333 -0.029121 0.002446 0.142518 -0.088381 -0.113773 0.139666 0.111178 -0.036373 0.015627 -0.030373 0.229405 -0.163473 -0.226280 -0.086682 0.050563 -0.226692 -0.244635 -0.120139 -0.122137 0.206183 0.046365 0.292627 0.319221 -0.072640 -0.292422 -0.008333 0.230167 -0.013011 0.173586 0.202338 0.052488 0.260743 0.246569 0.081456 -0.004879 -0.039364 -0.212157 -0.117394 -0.286490 -0.118937 0.073858 0.249104 0.019111 -0.024411 0.090067 -0.235519 -0.299966 -0.242165 -0.307779 0.013843 -0.039453 0.185751 0.131938 -0.125957 -0.077338 -0.272671 -0.104849 -0.290451 -0.036280 -0.146591 -0.083061 0.028226 -0.113520 -0.055569 0.121291 0.249397 -0.162284 -0.158246 0.030393 0.028434 -0.075561
-0.317362 -0.429370 0.155415 0.290199 0.132811 0.397509 0.029172 0.107105 -0.010903 0.088752 -0.276461 -0.312080 0.010339 -0.196671 -0.080457 -0.170219 -0.112257 -0.357859 -0.267955 -0.374125 0.438703 0.324847 0.051011 0.334161 0.645822 1.000000 -0.061988 0.232519 -0.190046 -0.177746 0.636127 0.794113 -0.009790 0.220186 0.162055 0.297415 0.028533 0.191301 0.193277 0.365272 -0.007521 0.342852 0.309638 0.349184 -0.015637 0.115653 0.206147 0.248044 -0.193393 -0.160051 0.076343 0.083886 0.038366 0.099891 -0.065678 0.169603 -0.206861 -0.284673 -0.318148 -0.086387 -0.255174 -0.132461 -0.123677 -0.287735 0.261672 0.212851 0.085972 0.401676 -0.118380 -0.219442 0.028789 0.297773 -0.017615 0.069193 0.098166 -0.051202 0.062480 0.185304 0.219912 0.087388 -0.124643 -0.110962 -0.217066 -0.226516 -0.140831 0.225010 0.326095 0.161594 0.005747 0.157832 -0.021990 -0.354096 0.003609 -0.380562 0.033389 -0.257825 0.370343 -0.134725 -0.133295 -0.277700 -0.164294 -0.377916 -0.163850 -0.307133 -0.193661 -0.193355 -0.100308 -0.262488 -0.200442 -0.057330 0.322015 -0.136354 -0.088873 0.075639 0.017340 -0.028707
0.190670 0.202995 -0.064958 0.180266 0.163789 0.165533 -0.115247 -0.281158 -0.065604 -0.330337 0.124411 -0.238756 -0.119990 -0.398117 0.143423 0.321975 0.277922 -0.081271 0.168701 0.241667 -0.064493 -0.101932 0.447404 0.313126 -0.140256 -0.061988 1.000000 0.471041 0.214308 -0.226191 -0.165651 0.000340 0.072552 0.033482 0.053347 -0.184670 0.166986 0.080374 0.242956 0.185976 -0.000730 0.103404 -0.163244 -0.116558 -0.134510 -0.160440 -0.096120 -0.257605 -0.241893 -0.207327 -0.171411 -0.261404 -0.003399 -0.135222 -0.065886 -0.054494 0.361380 0.307224 -0.256829 0.012031 -0.200154 -0.057037 0.112003 -0.012527 -0.117854 -0.144880 -0.135978 -0.212523 0.193502 0.184608 -0.167268 0.082951 -0.217848 -0.155154 -0.235240 -0.022187 -0.032968 -0.038826 0.145295 -0.127294 0.248283 0.004161 0.284351 0.334995 0.380491 0.197855 0.194064 0.249473 0.318308 0.286576 -0.053988 -0.073244 -0.135776 0.062081 -0.106799 -0.045887 -0.178254 -0.067777 -0.114933 -0.232732 -0.189908 -0.087919 -0.134983 -0.057634 -0.123886 0.128679 -0.060158 0.004743 -0.066810 -0.210645 -0.199943 -0.127913 0.068460 -0.178216 0.190224 -0.054891
0.232252 0.222943 -0.120389 0.186308 -0.182382 -0.104344 -0.326677 -0.554196 -0.088374 -0.501197 0.142580 -0.420165 -0.215765 -0.665854 0.152017 0.146565 0.281674 -0.276439 0.216169 0.124714 0.184405 0.139234 0.733423 0.400587 0.168332 0.232519 0.471041 1.000000 0.131962 -0.484199 -0.029275 0.189462 0.135056 -0.176668 0.166663 -0.192283 0.406400 0.160110 0.427758 0.245028 0.136966 0.122848 -0.015323 -0.028059 -0.193556 -0.356443 -0.097304 -0.187298 -0.274698 -0.341225 0.087135 -0.220140 0.134988 -0.049946 0.310975 0.021208 0.451722 0.394087 -0.087397 0.185499 -0.383103 -0.534289 0.071422 -0.197678 -0.069457 -0.353068 0.055313 -0.199711 0.370620 0.055468 -0.222679 -0.141019 -0.338723 -0.135609 -0.215253 -0.100450 0.029653 0.045404 0.131704 -0.024756 0.340447 0.032618 0.416958 0.247788 0.488278 0.311943 0.440287 0.527715 0.363872 0.288671 -0.358217 -0.110497 -0.351669 0.049644 -0.066174 -0.173427 -0.139218 -0.016625 -0.083768 -0.063728 -0.356314 -0.082923 -0.380158 0.018342 -0.055796 0.241590 -0.007799 0.013785 -0.126288 -0.104587 -0.211337 0.071627 0.116707 -0.077722 0.143961 0.075367
0.216105 0.403003 -0.218266 0.010684 -0.167133 -0.309749 -0.040320 -0.209525 -0.064310 -0.307229 0.298264 -0.120750 0.118586 -0.175351 -0.096088 0.247674 0.599959 0.018362 0.160597 0.389232 -0.040473 -0.110878 0.177175 0.044729 -0.044573 -0.190046 0.214308 0.131962 1.000000 0.094632 -0.109618 -0.170621 0.278893 0.004633 -0.060863 -0.264107 0.366461 0.004981 0.214879 -0.007457 0.289363 -0.079282 -0.140937 -0.103428 -0.152034 -0.274715 -0.149662 -0.255989 -0.236967 -0.258652 -0.266331 -0.265661 0.020837 -0.051484 -0.048922 -0.068275 0.370222 0.284429 -0.073282 0.141508 -0.141900 -0.089182 0.231472 0.385595 -0.299330 -0.345564 -0.008033 -0.471794 0.084715 0.029193 -0.143205 0.166058 0.161212 0.019807 0.149487 0.020346 0.251817 -0.020541 0.277032 -0.057228 0.668420 0.102063 0.397500 0.372571 0.208036 -0.037120 0.088173 0.022396 0.099103 0.199301 -0.129990 0.027414 -0.127475 -0.005069 -0.213725 -0.013967 -0.323631 -0.132098 -0.021308 0.049239 0.104490 0.137969 0.024065 -0.029925 -0.220619 -0.144028 -0.264376 -0.211178 -0.106697 -0.059236 -0.346516 -0.021650 0.253147 -0.023066 -0.086023 -0.204796
-0.159916 0.207027 -0.107509 0.039465 -0.044539 -0.085513 -0.085431 0.372072 -0.340865 0.208252 -0.221105 0.527324 -0.170295 0.371793 -0.177238 0.083601 -0.057140 0.596712 -0.087590 -0.013774 0.060481 0.080977 -0.437601 -0.304557 -0.184409 -0.177746 -0.226191 -0.484199 0.094632 1.000000 -0.016762 -0.128445 -0.027703 0.151614 -0.202464 -0.102451 -0.348912 -0.396922 -0.311024 -0.365277 -0.136585 -0.199003 -0.102805 -0.074492 -0.023122 0.093752 0.081945 -0.000350 -0.136418 0.014419 -0.242478 -0.085039 -0.185566 0.192916 -0.096581 -0.182024 -0.063622 0.072186 -0.040932 -0.174160 0.362267 0.267047 0.181351 0.341589 0.006417 0.058985 -0.089429 -0.195418 -0.147473 -0.094732 -0.007137 -0.101972 0.435948 0.129981 0.187438 0.072517 -0.139381 0.039197 -0.162287 0.283324 -0.200609 0.460231 -0.288353 0.066512 -0.265508 -0.077825 -0.454230 -0.157114 -0.297428 -0.292029 -0.024812 -0.122403 0.184374 -0.176699 0.090327 0.104254 0.139281 -0.012279 0.134660 -0.066752 0.308800 0.036827 0.180547 -0.077889 -0.018517 -0.197247 -0.061196 -0.122518 0.138554 0.226363 0.076583 -0.024037 -0.106073 0.069850 -0.017506 -0.090668
-0.345286 -0.380676 0.377010 0.222759 0.218745 0.219830 0.223899 0.265207 0.012647 0.205218 -0.292961 -0.044909 0.100790 0.076763 -0.063556 -0.102727 -0.096464 -0.119824 -0.008921 -0.324589 0.232616 0.212132 -0.026472 0.235223 0.617647 0.636127 -0.165651 -0.029275 -0.109618 -0.016762 1.000000 0.662009 0.137215 0.476258 0.061894 0.300812 -0.120638 0.133168 -0.021367 0.103094 0.105773 0.207107 0.194026 0.231039 0.017418 0.020205 0.026463 0.108038 -0.144464 -0.211318 0.132852 -0.034085 -0.163841 0.039164 -0.157198 0.044119 -0.243750 -0.353787 -0.168630 -0.089083 0.084011 0.041133 -0.115165 -0.118775 0.416470 0.299916 -0.002640 0.377576 -0.073648 -0.298938 0.221881 0.287927 0.330871 0.330594 0.365049 0.220003 0.156403 0.256427 0.101034 0.101026 -0.197963 -0.185941 -0.214126 -0.433742 -0.286489 0.066847 0.210461 -0.031025 -0.225606 -0.043952 -0.131818 -0.289484 -0.009265 -0.290911 -0.067469 0.009111 0.258508 -0.027711 -0.221872 -0.129737 -0.181160 -0.240860 -0.208046 -0.243798 -0.195539 -0.162981 -0.083598 -0.249226 0.020243 0.170607 0.273023 -0.293696 -0.179827 0.114321 0.139619 0.020037
-0.345847 -0.418376 0.083697 0.353330 0.275027 0.401315 -0.011780 0.190665 0.052216 0.095253 -0.279429 -0.174720 0.121578 -0.097289 0.044900 0.039369 -0.173075 -0.249960 -0.183754 -0.249381 0.264336 0.353622 0.045470 0.513244 0.556773 0.794113 0.000340 0.189462 -0.170621 -0.128445 0.662009 1.000000 -0.013414 0.355793 0.187772 0.314202 -0.058125 0.120147 0.100835 0.357958 -0.016307 0.388311 0.230694 0.275003 -0.010111 0.117220 0.125495 0.161296 -0.217780 -0.173687 0.013189 -0.002880 -0.066174 0.000461 -0.166487 0.044208 -0.254916 -0.393938 -0.299765 -0.025644 -0.171831 -0.041517 0.053087 -0.111932 0.330083 0.277080 0.011410 0.340559 -0.230177 -0.207568 0.108581 0.400029 0.091768 0.165822 0.172811 0.067633 0.078326 0.097388 0.268998 0.049784 -0.126629 -0.079767 -0.114129 -0.113646 -0.128363 0.197950 0.215209 0.084765 -0.068242 0.142034 0.015075 -0.389529 0.068462 -0.397509 -0.000258 -0.127269 0.188462 -0.224861 -0.238479 -0.377593 -0.226256 -0.453935 -0.227547 -0.411868 -0.177136 -0.245757 -0.021824 -0.282675 -0.160812 -0.053037 0.180573 -0.349608 -0.153905 0.142736 0.107206 -0.041841
0.155337 0.320088 -0.039890 0.039014 0.058776 -0.039027 -0.022825 -0.193194 -0.170347 -0.101515 0.030097 -0.069735 0.024325 -0.156010 -0.084707 0.047262 0.271808 -0.016904 0.248697 0.209610 -0.003331 0.011024 0.140261 -0.065398 0.051525 -0.009790 0.072552 0.135056 0.278893 -0.027703 0.137215 -0.013414 1.000000 0.416818 0.159423 0.111534 0.279935 -0.009427 0.184148 -0.011571 0.274000 0.036910 -0.221017 -0.176050 -0.195348 -0.193733 -0.232036 -0.345793 -0.322780 -0.242535 -0.093967 -0.175773 -0.190326 -0.226049 -0.152905 -0.192454 0.210463 0.345018 0.066200 0.175204 -0.054134 -0.046727 0.021575 0.214310 -0.107040 -0.069359 0.317027 -0.072135 0.266870 0.088537 0.075970 0.076350 0.187343 0.140792 0.006117 0.165094 0.157716 0.076002 0.138217 0.245966 0.234634 0.179444 0.073197 0.085433 0.143051 -0.087589 0.127312 0.057648 -0.064510 -0.229272 -0.490122 -0.200256 -0.351966 -0.090722 0.028151 0.014942 -0.225435 -0.008555 -0.299776 -0.038785 -0.030733 -0.102138 -0.063052 0.070815 0.086398 0.300209 -0.056259 0.070977 -0.001754 0.124963 -0.247688 -0.179643 -0.039526 -0.087121 0.247632 0.255467
-0.115289 -0.017242 0.262641 0.228633 0.458101 0.326188 0.231139 0.385311 0.089376 0.342637 -0.100312 0.135941 0.211373 0.268359 0.081423 -0.024621 -0.057085 -0.106175 0.073301 0.062794 -0.036728 -0.009554 -0.063854 0.170326 0.205827 0.220186 0.033482 -0.176668 0.004633 0.151614 0.476258 0.355793 0.416818 1.000000 0.187982 0.433186 -0.147783 -0.274918 -0.135994 -0.045935 -0.099631 0.068059 -0.272227 -0.183585 -0.149358 0.063665 -0.278925 -0.306141 -0.294793 -0.208921 -0.171363 -0.149866 -0.143364 -0.187426 -0.463756 -0.344065 -0.198343 -0.167729 -0.067535 -0.026895 0.303154 0.253603 0.100116 0.120713 0.271187 0.388111 0.174387 0.326236 0.094548 0.151536 0.214255 0.168713 0.255071 0.207151 0.235312 0.240059 0.137395 0.027757 -0.060016 0.006516 -0.160245 -0.097768 -0.116371 -0.071292 -0.170405 -0.043459 -0.067998 -0.045839 -0.223810 -0.138922 -0.112424 -0.237089 0.103897 -0.091471 -0.058737 -0.039152 -0.236687 -0.190955 -0.534836 -0.401108 -0.012569 -0.027031 0.024350 -0.094687 0.036498 0.016962 -0.029056 -0.137260 -0.088785 0.104767 -0.209094 -0.523845 -0.289537 -0.047194 0.265688 0.250679
0.057101 0.030417 0.040254 -0.099971 0.089380 0.104268 0.154174 -0.179668 0.080538 -0.080749 -0.022366 -0.297271 0.211064 -0.216293 -0.049745 -0.096451 -0.079492 -0.157324 -0.001359 0.106652 -0.023516 -0.127498 0.143497 0.211115 0.228697 0.162055 0.053347 0.166663 -0.060863 -0.202464 0.061894 0.187772 0.159423 0.187982 1.000000 0.352356 0.204923 -0.047592 0.074296 0.270399 0.054302 0.051973 -0.054046 -0.034836 -0.126645 0.002898 -0.239548 -0.132098 -0.179191 -0.164153 -0.088277 -0.074162 -0.076230 -0.318116 -0.060500 -0.096740 0.193207 0.155278 -0.240809 0.079710 -0.213948 -0.203983 0.097407 -0.019773 0.047129 0.004752 0.293960 0.334185 0.058803 0.345766 -0.070762 0.183965 -0.166625 -0.039708 -0.153463 -0.286128 -0.115941 0.142109 0.164665 0.040306 0.094422 0.029122 -0.066298 -0.070354 0.173429 -0.017881 0.069337 -0.022368 0.027400 -0.082957 -0.107684 -0.004837 -0.142180 -0.025747 -0.065761 -0.244871 -0.185556 -0.091019 -0.150482 -0.017028 -0.275694 0.013861 -0.149251 0.167251 0.184209 0.093230 0.135932 0.140068 -0.266862 -0.150855 -0.216650 -0.015984 0.011304 -0.077675 0.032602 0.241519
-0.252471 -0.344105 0.194256 -0.057739 0.311754 0.335347 0.246594 0.269925 0.142152 0.399710 -0.191914 -0.024653 0.252381 0.205644 0.029760 -0.259732 -0.312291 -0.251863 -0.220281 -0.292568 0.020651 0.128230 -0.194160 -0.049188 0.132549 0.297415 -0.184670 -0.192283 -0.264107 -0.102451 0.300812 0.314202 0.111534 0.433186 0.352356 1.000000 -0.092137 -0.093770 -0.165400 0.048548 -0.086568 0.117652 -0.168968 -0.054393 -0.135334 0.196021 -0.215935 -0.079735 -0.090418 -0.055489 -0.023636 0.082759 -0.105605 -0.130251 -0.179812 -0.070558 -0.374175 -0.350782 0.001539 0.064794 0.071684 0.148161 -0.059975 -0.127500 0.311437 0.458352 0.197755 0.551092 -0.031681 0.082802 0.238195 0.227059 0.020530 0.108338 0.004372 0.016700 0.058575 -0.003027 0.057417 -0.007617 -0.216181 -0.234702 -0.219561 -0.294910 -0.147695 0.035603 0.130877 -0.198239 -0.176039 -0.213989 0.003962 0.007196 0.036707 0.104934 -0.022060 -0.035739 0.055765 0.005429 -0.329316 -0.080537 0.059681 -0.076670 0.173975 0.045916 0.202705 0.017210 0.075541 0.101240 -0.002122 0.053425 0.019419 -0.243977 -0.060648 0.135554 0.005284 0.247501
