1.000000 0.615240 0.145531 0.179371 0.103094 -0.025381 0.207497 0.260590 0.056298 -0.003289 0.205901 0.218944 0.048214 0.144278 -0.267615 0.129644 0.008975 -0.158840 0.525775 0.465427 -0.263164 -0.173836 -0.169922 -0.149794 -0.239945 -0.430080 -0.067641 0.028975 -0.103223 -0.210967 -0.226781 -0.378929 0.305098 0.224110 -0.364497 -0.522906 -0.319248 -0.313240 -0.178586 -0.134477 -0.055194 -0.245194 -0.170128 -0.117555 -0.118236 -0.135417 -0.261669 -0.216284 -0.098450 0.014729 -0.207226 -0.067776 0.212203 0.011227 -0.105736 -0.100404 0.570421 0.186290 0.424299 0.342678 0.480583 0.471704 0.141043 0.214169 -0.167018 -0.058912 0.146749 -0.173439 0.211804 0.076139 -0.267928 -0.312666 -0.167041 -0.169890 -0.171347 -0.160571 -0.074938 -0.296520 -0.383332 -0.300224 -0.254977 -0.295548 0.076808 0.041037 -0.451308 -0.435077 0.122106 -0.047034 -0.014688 0.149638 0.171169 0.126555 -0.003342 0.071420 -0.030888 -0.151635 -0.131145 -0.085717 0.137818 0.246874 0.050831 0.231381 0.161794 -0.032048 -0.070365 -0.275087 0.164235 0.078345 -0.247285 -0.262781 -0.222770 0.009456 0.047844 0.013672 -0.254658 0.037366
0.615240 1.000000 -0.144487 -0.005408 -0.022325 -0.128163 -0.125257 -0.075345 -0.090553 -0.079593 -0.157955 -0.098726 -0.193073 -0.194192 -0.398575 -0.201132 -0.095794 -0.139077 0.440407 0.550397 -0.276485 -0.209665 -0.443554 -0.348610 -0.359191 -0.537845 -0.180014 -0.077140 -0.289558 -0.404848 -0.433761 -0.506648 0.458588 0.428020 -0.188967 -0.474612 -0.335324 -0.273466 -0.236299 -0.197112 -0.038262 -0.324516 -0.131613 -0.142669 -0.059324 -0.045163 -0.168639 -0.110405 -0.037171 0.131306 -0.046253 0.132521 0.365544 0.037552 -0.006537 -0.038403 0.392787 0.656226 0.572152 0.677028 0.624268 0.628775 0.414108 0.590879 -0.211155 -0.011352 0.414403 0.032177 0.365756 0.470761 -0.511965 -0.545766 -0.327927 -0.377587 -0.309318 -0.334903 -0.224995 -0.444146 -0.461597 -0.054210 -0.297240 -0.331367 0.027505 -0.134901 -0.430797 -0.560987 0.008885 -0.121186 -0.082455 0.091716 0.277663 0.194372 0.093616 0.117783 0.005244 -0.045867 -0.028299 0.047313 0.517205 0.306539 0.223739 0.335518 0.081079 -0.153645 -0.157751 -0.375219 0.221650 0.024749 -0.100796 -0.154106 -0.068056 0.164395 0.248241 0.221332 -0.350361 -0.083342
0.145531 -0.144487 1.000000 0.607459 0.311125 0.209245 0.752209 0.537271 0.316966 0.109367 0.371218 0.299215 0.370777 0.299752 0.199177 0.205695 -0.209361 -0.354566 0.145735 -0.105545 0.204955 0.188938 0.569467 0.264359 0.155845 0.199523 0.248313 0.299054 -0.071997 -0.080495 0.237378 0.201831 -0.026933 -0.106481 -0.188017 -0.108403 -0.184670 -0.188992 0.052129 0.012679 -0.200102 -0.133356 -0.095919 0.008754 -0.029014 -0.015961 -0.189075 -0.229332 0.139251 -0.130317 -0.063924 -0.123568 -0.124979 -0.211972 -0.060480 -0.037422 -0.307517 -0.226919 -0.156638 -0.130563 -0.221518 -0.196645 -0.393113 -0.461734 -0.029998 -0.128976 -0.213975 0.047734 -0.145868 -0.109783 0.125501 0.219100 -0.069295 0.001883 -0.175641 0.058119 -0.100937 -0.129003 -0.130417 -0.352329 -0.319565 -0.258761 0.153814 -0.043377 -0.204534 -0.123853 0.345275 0.131266 0.305349 0.063998 -0.043997 -0.142341 -0.179165 0.014694 -0.100037 -0.066280 0.060519 -0.229945 -0.252036 -0.265625 -0.137879 0.064210 0.100085 0.115572 0.084446 0.025013 0.176802 0.005465 -0.034643 -0.139615 -0.272654 -0.331026 0.028268 -0.065584 -0.082802 0.058187
0.179371 -0.005408 0.607459 1.000000 0.419911 0.367788 0.476972 0.626876 0.264434 0.258618 0.187057 0.177319 0.079535 0.262798 0.159642 0.300278 -0.246387 -0.445716 0.353826 0.185225 0.166549 0.194701 0.529143 0.437441 0.161441 0.349524 0.292863 0.487743 -0.058992 -0.076688 0.314726 0.237761 0.016247 0.009853 -0.322478 -0.030322 -0.264127 -0.195907 0.096989 0.244086 -0.177445 -0.243120 -0.254871 -0.102897 -0.267323 -0.189498 -0.290316 -0.232351 -0.218081 -0.323197 -0.364272 -0.328711 -0.217610 -0.305712 -0.106706 -0.055710 -0.015897 -0.149441 -0.102810 -0.046781 -0.239418 -0.120352 -0.445091 -0.385382 -0.320843 -0.164818 -0.188584 -0.002891 0.070623 0.131701 0.200548 0.251927 -0.090430 0.086958 -0.185861 0.087419 -0.118342 -0.023228 -0.204097 -0.262076 -0.353005 -0.279426 0.228785 0.127284 -0.278565 -0.186134 0.326588 0.274862 0.426383 0.199189 0.052948 -0.091076 -0.096043 -0.070794 0.003229 0.081723 0.173322 0.051297 -0.047654 -0.087962 -0.093186 -0.060056 0.047104 0.030656 0.042777 -0.082217 0.151316 0.066320 0.014108 0.008236 -0.168608 -0.393851 -0.053649 -0.036055 -0.075167 0.031874
0.103094 -0.022325 0.311125 0.419911 1.000000 0.662712 0.310155 0.461115 0.571290 0.613261 -0.087316 0.146789 0.008204 0.194108 0.222739 0.548818 -0.346671 -0.339384 0.123542 0.099769 0.328436 0.220083 0.103608 0.040752 0.234107 0.179833 0.568611 0.342025 0.003078 0.092478 0.105851 0.060711 -0.044452 -0.093834 -0.314484 -0.135760 0.039627 -0.272062 0.078356 0.226415 0.025890 -0.091984 -0.315870 -0.192119 -0.247472 -0.178521 -0.247233 -0.270273 -0.202127 -0.254509 -0.391815 -0.293465 -0.072290 -0.166360 -0.187749 -0.156699 0.055641 -0.004739 0.106037 0.146344 0.007608 0.011903 -0.150432 -0.253509 -0.190052 -0.103269 0.080615 0.042850 0.154870 0.202984 0.204708 0.053792 0.075158 0.256339 -0.011163 0.160184 0.025022 0.071286 -0.051975 -0.247360 -0.130051 -0.083999 0.193916 0.231859 -0.304252 -0.309034 -0.003367 -0.157946 0.346302 0.008084 0.047550 -0.113869 -0.060250 -0.035136 -0.072079 0.099804 0.123185 -0.009313 -0.011085 -0.139892 0.042792 0.083398 0.056146 -0.016923 0.129619 -0.047344 0.046163 0.208351 0.034570 0.149198 -0.026689 -0.228006 -0.137486 -0.179431 -0.145831 0.037235
-0.025381 -0.128163 0.209245 0.367788 0.662712 1.000000 0.036770 0.352277 0.467293 0.556866 -0.149023 0.179361 -0.083171 0.113720 0.136792 0.379791 -0.294343 -0.436531 -0.085123 -0.107695 0.338744 0.204705 0.083389 -0.018546 0.501052 0.374018 0.705768 0.475827 -0.181571 0.024453 -0.033998 -0.091205 -0.264788 -0.416011 -0.297632 -0.018004 -0.015098 -0.100000 0.048309 0.284360 0.075920 0.059107 -0.038165 0.091758 -0.048247 0.106348 0.058485 0.121231 0.100653 -0.013314 -0.155635 -0.002381 0.226583 0.089396 0.048139 0.025513 -0.093263 -0.168662 0.157318 0.172726 -0.086192 -0.001502 -0.354764 -0.369854 -0.353879 -0.067321 0.098090 0.195372 0.042443 0.126717 0.096807 -0.008141 -0.030872 0.057784 -0.062677 0.100193 -0.212100 -0.079708 -0.053486 -0.320333 -0.149953 -0.228672 -0.077551 0.085545 -0.298839 -0.203215 -0.073562 -0.049858 0.236689 0.125284 0.104581 -0.063247 -0.047146 -0.071463 -0.078401 0.171054 0.272172 0.051012 0.129261 0.038224 0.146870 0.068084 0.084357 0.150308 0.198439 0.030148 0.020224 0.103651 0.223045 0.127653 0.157896 -0.032892 0.081851 -0.044740 -0.054045 -0.027949
0.207497 -0.125257 0.752209 0.476972 0.310155 0.036770 1.000000 0.656617 0.352294 0.100504 0.505777 0.372299 0.516152 0.379638 0.305171 0.336322 0.060022 -0.061505 0.090203 -0.071759 0.093623 0.035256 0.452030 0.163024 -0.009500 0.061553 0.168035 0.075479 0.201732 0.100520 0.272838 0.225611 0.079036 0.119600 -0.164464 -0.160807 -0.002068 -0.227629 0.000077 -0.075221 -0.050243 -0.069180 -0.218630 -0.223011 -0.218200 -0.248321 -0.318393 -0.406038 -0.146041 -0.255810 -0.215974 -0.236386 -0.268657 -0.222607 -0.107590 -0.164272 -0.104491 -0.210725 -0.228097 -0.269454 -0.034889 -0.019527 -0.205648 -0.273008 0.232757 0.072991 -0.338065 -0.257225 -0.134558 -0.230372 0.167661 0.202563 0.103764 0.176055 0.097322 0.166343 0.155831 -0.000112 0.109460 -0.192376 -0.144588 -0.059785 0.200388 0.196482 -0.093522 0.017150 0.222334 0.064122 0.262096 0.010916 -0.220203 -0.204482 -0.089227 -0.113652 -0.259484 -0.130656 -0.199616 -0.280490 -0.462328 -0.347076 -0.153356 -0.220268 -0.085771 -0.171999 -0.036667 -0.034047 -0.015606 -0.112932 -0.208709 -0.168255 -0.399935 -0.315671 -0.127630 -0.230633 -0.055266 0.045030
0.260590 -0.075345 0.537271 0.626876 0.461115 0.352277 0.656617 1.000000 0.441732 0.500524 0.329455 0.655507 0.227937 0.532865 0.179043 0.557848 -0.103214 -0.121974 0.007714 -0.088505 0.100401 0.071786 0.188184 0.039370 0.139361 0.224871 0.194968 0.034143 0.095187 0.238562 0.255852 0.169558 0.000900 0.024402 -0.210823 -0.124792 -0.119586 -0.104030 -0.067069 0.111646 -0.017684 -0.046241 -0.133874 -0.037266 -0.144181 -0.104454 -0.204898 -0.202752 -0.154078 -0.133941 -0.375608 -0.194659 -0.176957 -0.157760 -0.161986 -0.105827 -0.075886 -0.341257 -0.244692 -0.167074 -0.112674 0.137820 -0.410979 -0.378315 -0.161396 0.171084 -0.345901 -0.226414 -0.188916 -0.207615 0.224549 0.253365 0.128349 0.256103 0.108054 0.311240 0.056829 0.063265 -0.037059 -0.280070 -0.221146 -0.157918 0.065636 0.258565 -0.309962 -0.043498 0.093170 0.028651 0.258935 0.085949 -0.172468 -0.219269 0.016381 -0.187053 -0.247465 -0.052939 -0.091569 -0.230007 -0.304526 -0.178972 -0.048706 -0.211765 -0.015672 -0.166411 0.007403 -0.100481 -0.017805 -0.086563 -0.095826 -0.064906 -0.347795 -0.339883 -0.136664 -0.095980 -0.047533 -0.002890
0.056298 -0.090553 0.316966 0.264434 0.571290 0.467293 0.352294 0.441732 1.000000 0.599461 0.165828 0.340924 0.179973 0.365537 0.397164 0.506643 -0.241113 -0.212075 -0.163772 -0.240443 0.171214 0.108528 0.123640 -0.176411 0.486306 0.406211 0.414699 0.164113 0.042977 0.177810 0.123383 0.052210 -0.193478 -0.135731 -0.306816 -0.223047 0.009496 -0.037043 -0.035365 -0.029505 0.172798 0.127996 -0.097738 -0.081047 -0.090421 -0.021861 -0.089469 -0.086507 0.048741 0.017731 -0.072235 -0.024079 0.126127 0.043630 -0.126854 -0.185821 -0.280544 -0.155271 -0.016862 -0.045637 -0.002364 0.083531 -0.211616 -0.179257 -0.106192 0.011355 -0.209102 -0.178504 -0.217564 -0.124297 0.222071 0.084550 0.166806 0.264150 0.154215 0.316855 -0.024821 0.011212 -0.126573 -0.223516 -0.170488 0.053589 0.051511 0.122793 -0.131147 -0.036098 -0.059822 -0.035083 -0.019501 -0.080149 -0.082926 -0.184187 -0.160111 -0.104972 -0.165973 -0.062443 -0.015850 -0.253807 -0.221816 -0.233912 0.043698 0.035165 0.003027 0.022109 0.137357 -0.140611 0.011598 0.065661 -0.011986 0.019783 -0.125478 -0.243971 -0.039055 -0.109989 -0.258718 -0.020415
-0.003289 -0.079593 0.109367 0.258618 0.613261 0.556866 0.100504 0.500524 0.599461 1.000000 -0.117694 0.319270 -0.041357 0.332811 0.309446 0.699777 -0.475774 -0.094474 -0.240712 -0.166380 0.328491 0.302565 -0.049992 -0.104333 0.306593 0.315854 0.202566 -0.066637 0.007343 0.389002 0.182266 0.178112 -0.285878 -0.131553 -0.279669 -0.011420 0.051856 0.153721 -0.103384 0.133382 0.145893 0.203747 -0.208521 -0.156213 -0.240179 -0.117591 -0.124447 -0.073562 -0.204141 -0.186043 -0.419661 -0.255717 0.076447 0.087715 -0.333431 -0.115123 -0.132465 -0.071251 0.036383 0.010054 -0.104374 0.084789 -0.310960 -0.127521 -0.309451 0.011875 -0.120526 -0.083452 -0.191634 -0.023538 0.270514 0.233104 0.178116 0.412055 0.123569 0.350286 0.009835 0.178233 -0.123974 -0.035601 -0.054281 0.170499 0.208949 0.307703 -0.166346 -0.068961 -0.101972 -0.190995 0.171455 -0.002843 0.098983 -0.054342 0.042503 -0.029704 -0.033567 0.041236 -0.050015 -0.142093 -0.046980 -0.090387 0.234584 0.015921 0.111670 0.120881 0.079319 -0.071517 -0.001539 0.104111 0.039769 0.213263 0.001112 -0.208269 -0.176761 0.049472 -0.068348 -0.089820
0.205901 -0.157955 0.371218 0.187057 -0.087316 -0.149023 0.505777 0.329455 0.165828 -0.117694 1.000000 0.567303 0.751498 0.539143 0.441009 0.343292 0.355964 0.128314 -0.094212 -0.274295 0.091373 0.168926 0.451873 0.075384 0.007212 0.148423 0.158789 0.223687 0.443101 0.241493 0.403217 0.315555 0.023825 0.034438 -0.158469 -0.302524 0.180980 0.080165 0.175170 -0.120378 0.149012 0.266206 -0.191602 -0.155699 -0.165963 -0.236334 -0.131932 -0.321574 -0.057859 -0.171282 0.015609 -0.138721 -0.212791 -0.122399 0.202847 -0.028929 -0.219701 -0.423930 -0.305488 -0.355750 -0.141948 -0.090982 -0.183934 -0.324385 0.170724 -0.086523 -0.506287 -0.493433 -0.327164 -0.464902 0.252830 0.298261 0.363161 0.227816 0.365617 0.314330 0.284888 -0.005679 0.098059 -0.154959 0.071623 -0.044471 0.301274 0.163448 0.310831 0.176568 0.349164 0.213940 0.034232 -0.069548 -0.361953 -0.309789 -0.217377 -0.195855 -0.218231 -0.151894 -0.132223 -0.341549 -0.394549 -0.346529 -0.194871 -0.151672 -0.118671 -0.129300 -0.049321 -0.024807 -0.026630 -0.241526 -0.270401 -0.297915 -0.453485 -0.280206 -0.147875 -0.094804 0.029654 -0.037698
0.218944 -0.098726 0.299215 0.177319 0.146789 0.179361 0.372299 0.655507 0.340924 0.319270 0.567303 1.000000 0.394030 0.739637 0.201891 0.546229 0.051652 0.102547 -0.211242 -0.232663 0.005457 0.056839 0.039554 -0.213905 0.127358 0.169113 0.082522 -0.058382 0.243497 0.434736 0.269508 0.139329 -0.052665 -0.052722 -0.189756 -0.215853 0.131945 0.142930 0.130792 0.005321 0.212762 0.220435 -0.036125 0.058973 -0.003486 -0.017641 0.060653 -0.015981 -0.022588 -0.010070 -0.182362 -0.111642 0.003125 0.050455 0.107305 0.104476 -0.284510 -0.444120 -0.292551 -0.332756 -0.162708 0.071586 -0.458516 -0.423433 -0.175575 0.086133 -0.460530 -0.355218 -0.425371 -0.418908 0.217201 0.282656 0.305963 0.285001 0.305018 0.383257 0.123076 0.086583 -0.038067 -0.306301 -0.053640 -0.122155 0.030409 0.228410 -0.112605 0.089216 0.138698 0.064219 -0.018845 -0.010244 -0.253838 -0.205984 -0.114295 -0.186464 -0.149161 -0.031489 0.030217 -0.236064 -0.207108 -0.071781 -0.048814 -0.121272 0.045316 -0.069329 0.083571 -0.019034 -0.144109 -0.136656 -0.112814 -0.089523 -0.279428 -0.080446 0.061427 0.076485 0.041564 0.025671
0.048214 -0.193073 0.370777 0.079535 0.008204 -0.083171 0.516152 0.227937 0.179973 -0.041357 0.751498 0.394030 1.000000 0.504353 0.586380 0.377665 0.116755 0.036480 -0.170335 -0.367011 0.191658 0.221674 0.442629 0.051877 -0.052372 0.095935 0.269369 0.128711 0.414960 0.155443 0.362783 0.285347 -0.012412 -0.012503 -0.143158 -0.267060 0.221857 0.003717 0.129819 -0.019089 0.107910 0.189589 -0.169210 -0.248892 -0.227038 -0.277041 -0.187032 -0.356112 -0.005880 -0.250662 -0.024204 -0.121434 -0.087818 -0.112733 0.149438 -0.135716 -0.337181 -0.274067 -0.110573 -0.227807 0.019740 -0.014451 -0.167126 -0.280735 0.245138 -0.052598 -0.335690 -0.324324 -0.196079 -0.314645 0.263993 0.280283 0.298523 0.225188 0.340884 0.221324 0.255822 -0.061505 0.219198 -0.079468 -0.037515 -0.060972 0.276177 0.027823 0.312045 0.044081 0.234928 0.040145 0.080539 -0.112893 -0.212980 -0.282067 -0.102287 -0.045333 -0.223834 -0.196629 -0.203582 -0.282434 -0.393788 -0.449274 -0.140904 -0.082291 -0.083025 -0.126468 -0.046213 -0.108949 -0.210626 -0.151859 -0.310029 -0.263063 -0.348687 -0.246253 -0.218763 -0.147635 -0.037412 -0.032470
0.144278 -0.194192 0.299752 0.262798 0.194108 0.113720 0.379638 0.532865 0.365537 0.332811 0.539143 0.739637 0.504353 1.000000 0.337935 0.618751 0.015293 0.207646 -0.175758 -0.310876 0.144509 0.204058 0.302837 0.026370 0.200435 0.366260 0.090896 0.047186 0.495732 0.576183 0.571394 0.405783 -0.188481 -0.058992 -0.390033 -0.274270 0.213930 0.203485 0.120718 0.036566 0.240906 0.244470 -0.232183 -0.141509 -0.301448 -0.263757 -0.208500 -0.193500 -0.216998 -0.250181 -0.259944 -0.284366 -0.046976 0.022034 -0.037981 -0.064284 -0.293595 -0.460658 -0.315252 -0.368585 -0.177367 -0.063097 -0.348155 -0.382137 -0.266370 -0.226184 -0.558588 -0.478083 -0.376966 -0.397304 0.538257 0.528979 0.521753 0.570487 0.438241 0.586798 0.345719 0.332446 -0.014859 -0.124391 -0.037774 0.121124 0.221340 0.245376 0.000169 0.112343 0.248379 0.167293 -0.005890 -0.019795 -0.231791 -0.308642 -0.264580 -0.284157 -0.058257 0.097887 -0.150465 -0.105162 -0.347962 -0.260603 -0.104960 -0.174979 0.153894 -0.075655 0.180655 -0.118916 -0.231749 -0.140091 -0.216850 -0.073836 -0.364033 -0.233059 -0.156609 0.032215 0.037558 0.043406
-0.267615 -0.398575 0.199177 0.159642 0.222739 0.136792 0.305171 0.179043 0.397164 0.309446 0.441009 0.201891 0.586380 0.337935 1.000000 0.565903 -0.122629 -0.001374 -0.288305 -0.442677 0.503371 0.518198 0.480389 0.143587 0.199194 0.390469 0.359523 0.234638 0.306938 0.351986 0.476530 0.470908 -0.289229 -0.210492 -0.084064 -0.042359 0.361255 0.269305 0.300898 0.113961 0.209561 0.366835 -0.237425 -0.286972 -0.321419 -0.316393 -0.113022 -0.290573 -0.154823 -0.389563 -0.135499 -0.239327 -0.151638 -0.126168 0.115564 -0.026219 -0.274285 -0.290828 -0.180113 -0.336154 -0.250848 -0.227104 -0.361662 -0.339395 0.202936 -0.140992 -0.397134 -0.295034 -0.258497 -0.351754 0.375591 0.437098 0.322674 0.414238 0.345186 0.349648 0.233767 0.083143 0.213291 0.025979 -0.055532 0.122362 0.391557 0.222520 0.446379 0.262284 0.199730 0.042468 0.232028 -0.077791 -0.252390 -0.231389 -0.133368 -0.020443 -0.116629 -0.043965 0.004255 -0.195621 -0.362728 -0.385668 -0.120069 -0.142689 -0.104929 0.039464 0.019325 0.077552 -0.249234 -0.201611 -0.118150 0.055426 -0.131107 -0.309551 -0.226981 -0.077671 0.072451 0.072667
0.129644 -0.201132 0.205695 0.300278 0.548818 0.379791 0.336322 0.557848 0.506643 0.699777 0.343292 0.546229 0.377665 0.618751 0.565903 1.000000 -0.216969 -0.043479 -0.181561 -0.238270 0.359223 0.383838 0.138107 -0.079946 0.041186 0.226222 0.266603 0.118521 0.315309 0.490229 0.358034 0.250825 -0.192345 -0.136369 -0.456144 -0.271949 0.263978 0.209510 0.230444 0.195749 0.218771 0.284915 -0.354399 -0.292014 -0.419569 -0.374321 -0.233342 -0.305279 -0.301643 -0.415971 -0.455285 -0.396175 -0.056701 -0.017135 -0.072149 -0.035019 -0.131346 -0.309550 -0.021614 -0.183829 -0.062918 0.040855 -0.382495 -0.405102 -0.099302 -0.056365 -0.318310 -0.332878 -0.203730 -0.144414 0.387701 0.365619 0.374677 0.527684 0.297681 0.429900 0.200500 0.196318 -0.013430 -0.147305 -0.100948 0.054079 0.248127 0.435162 -0.021687 -0.027640 0.067962 -0.092596 0.272221 0.091133 -0.059368 -0.118958 -0.045535 -0.039183 0.007274 0.110980 -0.017518 -0.025522 -0.221602 -0.172799 0.036734 -0.028247 0.053298 0.043479 0.145709 -0.035265 -0.087145 -0.004376 -0.082566 0.197166 -0.137493 -0.204951 -0.188418 -0.057910 -0.021900 0.054178
0.008975 -0.095794 -0.209361 -0.246387 -0.346671 -0.294343 0.060022 -0.103214 -0.241113 -0.475774 0.355964 0.051652 0.116755 0.015293 -0.122629 -0.216969 1.000000 0.481205 -0.056164 0.098458 -0.160960 -0.218348 0.052911 0.060850 0.054794 -0.015884 -0.075743 -0.065502 0.501545 0.221101 0.114525 0.085346 0.136632 0.099020 0.008635 -0.048273 0.353691 0.187503 0.023572 -0.175177 0.207485 0.228999 0.020582 -0.062476 0.008537 -0.133118 0.007375 -0.008107 -0.168446 0.033921 0.146734 -0.032572 -0.293832 0.016007 0.125150 -0.126668 0.165523 -0.120886 -0.411725 -0.398416 -0.121051 -0.141511 0.224684 0.007243 0.258974 -0.014496 -0.293072 -0.440890 -0.082858 -0.289298 0.152697 0.080787 0.392132 0.211353 0.450697 0.217707 0.427188 0.270435 0.347191 0.142712 0.477199 0.277366 -0.014180 0.229924 0.245438 0.265468 -0.006678 0.119596 -0.285773 -0.207994 -0.322813 -0.179146 -0.132527 -0.313715 -0.239179 0.026353 -0.303953 -0.136992 -0.222555 -0.141050 -0.153857 -0.379931 -0.138885 -0.360665 -0.173127 -0.002049 -0.148645 -0.226899 -0.102184 -0.171630 -0.236246 0.098871 -0.125647 -0.204736 0.078291 0.005609
-0.158840 -0.139077 -0.354566 -0.445716 -0.339384 -0.436531 -0.061505 -0.121974 -0.212075 -0.094474 0.128314 0.102547 0.036480 0.207646 -0.001374 -0.043479 0.481205 1.000000 -0.394321 -0.218447 -0.089926 -0.045410 -0.068675 -0.075573 -0.055093 -0.035179 -0.410526 -0.486445 0.505640 0.603723 0.301259 0.313596 -0.072122 0.102936 0.146816 0.023018 0.348029 0.386051 -0.078275 -0.246149 0.214646 0.334560 0.056052 -0.009841 -0.032162 -0.150682 0.095867 -0.017541 -0.204256 0.002022 0.080115 -0.031433 -0.144133 0.226933 -0.063736 0.101811 0.029285 -0.103343 -0.387276 -0.424432 -0.078765 -0.067413 0.181083 0.230866 0.193821 -0.050545 -0.372011 -0.484081 -0.390865 -0.507035 0.326917 0.347459 0.525707 0.488057 0.498598 0.374706 0.520409 0.458189 0.312651 0.465702 0.382602 0.623553 -0.027817 0.094901 0.225828 0.435532 -0.064333 0.013811 -0.363999 -0.112682 -0.411356 -0.293252 -0.208003 -0.348627 -0.190930 -0.050095 -0.409038 -0.210141 -0.260781 -0.185749 -0.070226 -0.362013 -0.049993 -0.227407 -0.079799 0.080908 -0.415430 -0.310426 -0.278479 -0.093081 -0.323543 0.134073 -0.155786 -0.137907 0.125995 -0.091801
0.525775 0.440407 0.145735 0.353826 0.123542 -0.085123 0.090203 0.007714 -0.163772 -0.240712 -0.094212 -0.211242 -0.170335 -0.175758 -0.288305 -0.181561 -0.056164 -0.394321 1.000000 0.734013 -0.182980 -0.071600 -0.004842 0.163230 -0.225529 -0.354543 -0.036658 0.232936 -0.206403 -0.421204 -0.113636 -0.181789 0.426409 0.318686 -0.299293 -0.274376 -0.381906 -0.441744 0.054810 0.029287 -0.282071 -0.484992 -0.334545 -0.218044 -0.238150 -0.259621 -0.340529 -0.268363 -0.262384 -0.253405 -0.362683 -0.262219 -0.100007 -0.324634 0.045036 0.050287 0.476386 0.382045 0.298027 0.360599 0.258969 0.154642 0.174008 0.127251 -0.177194 -0.167393 0.309476 0.160515 0.652409 0.455101 -0.314288 -0.275069 -0.283805 -0.313997 -0.445751 -0.404193 -0.161120 -0.258745 -0.213322 -0.262866 -0.187869 -0.328414 0.164436 0.086522 -0.299693 -0.443162 0.294338 0.134587 0.319826 0.225432 0.289790 0.241585 -0.019952 0.177478 0.172094 -0.032220 0.123973 0.287843 0.225346 0.263020 -0.075386 0.154652 0.085037 0.002985 -0.016053 -0.114319 0.197729 0.280950 0.018491 -0.087851 0.017125 0.003032 0.034279 0.015097 -0.077630 0.288081
0.465427 0.550397 -0.105545 0.185225 0.099769 -0.107695 -0.071759 -0.088505 -0.240443 -0.166380 -0.274295 -0.232663 -0.367011 -0.310876 -0.442677 -0.238270 0.098458 -0.218447 0.734013 1.000000 -0.374418 -0.326270 -0.245003 0.142278 -0.276002 -0.488844 -0.167805 0.002189 -0.227381 -0.415015 -0.343001 -0.372901 0.354504 0.288416 -0.124709 -0.111410 -0.284948 -0.311709 -0.078330 0.047129 -0.186964 -0.427450 -0.307836 -0.289238 -0.127991 -0.152551 -0.326015 -0.154510 -0.296873 -0.112168 -0.340504 -0.234938 -0.047160 -0.229949 -0.140046 -0.110624 0.514957 0.541516 0.283600 0.285784 0.246755 0.211815 0.263205 0.333297 -0.158066 0.014707 0.330487 0.171863 0.506444 0.535534 -0.397674 -0.414996 -0.377660 -0.311161 -0.394088 -0.429644 -0.198898 -0.165397 -0.233455 -0.113261 -0.021536 -0.206175 0.175356 0.206152 -0.342345 -0.453332 0.013730 -0.040902 0.095787 0.082773 0.498841 0.476863 0.236727 0.309769 0.101996 0.005682 0.008296 0.213351 0.361002 0.366810 0.137634 0.223290 0.078210 -0.023428 -0.072255 -0.105854 0.294449 0.343588 -0.011120 0.006523 0.232939 0.060333 0.060211 0.091151 -0.078053 0.209378
-0.263164 -0.276485 0.204955 0.166549 0.328436 0.338744 0.093623 0.100401 0.171214 0.328491 0.091373 0.005457 0.191658 0.144509 0.503371 0.359223 -0.160960 -0.089926 -0.182980 -0.374418 1.000000 0.685371 0.425760 0.092495 0.196835 0.415304 0.430559 0.388393 0.220670 0.314074 0.495311 0.507594 -0.087575 -0.101772 -0.197240 -0.018521 0.268752 0.234263 0.186658 0.182577 0.106451 0.376279 -0.159322 -0.154458 -0.283383 -0.236827 -0.061829 -0.138221 -0.206702 -0.346508 -0.177468 -0.283825 -0.152515 -0.071978 0.006193 -0.047099 -0.144022 -0.146220 -0.111562 -0.072120 -0.275757 -0.247622 -0.276576 -0.303046 -0.102718 -0.323644 -0.086249 -0.116080 0.016268 -0.087200 0.393166 0.427566 0.318592 0.375702 0.186183 0.292245 0.103717 0.141496 0.064861 0.006004 -0.021875 0.101911 0.219573 0.108462 0.129675 0.004860 0.107051 0.013372 0.254059 -0.149226 -0.215227 -0.377539 -0.210360 -0.233032 0.008701 0.101774 0.042200 -0.041701 -0.202104 -0.459137 -0.004491 -0.112516 0.102062 0.067989 -0.000593 0.135799 -0.087470 -0.055027 0.065376 0.164320 -0.204580 -0.184430 -0.270469 -0.176377 0.011503 -0.109977
-0.173836 -0.209665 0.188938 0.194701 0.220083 0.204705 0.035256 0.071786 0.108528 0.302565 0.168926 0.056839 0.221674 0.204058 0.518198 0.383838 -0.218348 -0.045410 -0.071600 -0.326270 0.685371 1.000000 0.385875 0.166268 0.151503 0.396853 0.221067 0.322460 0.203283 0.303044 0.522192 0.550394 -0.038404 -0.037736 -0.232032 -0.059570 0.230231 0.233559 0.172582 0.081929 -0.099780 0.233525 -0.231855 -0.105623 -0.313370 -0.273073 -0.112506 -0.217798 -0.203742 -0.407341 -0.250157 -0.327475 -0.238095 -0.138338 -0.075161 0.028883 -0.162152 -0.107547 -0.083543 -0.116528 -0.238322 -0.271720 -0.216016 -0.247368 -0.098669 -0.381123 -0.171960 -0.141614 -0.021626 -0.098760 0.312454 0.481662 0.301845 0.402246 0.092400 0.235033 0.194745 0.134528 0.142781 0.000800 0.074532 0.171378 0.416147 0.173461 0.225475 0.053629 0.281318 0.132488 0.336662 -0.110989 -0.141719 -0.343758 -0.262098 -0.165588 0.164860 0.005536 0.079939 -0.046718 -0.146373 -0.373121 -0.059863 -0.055854 0.084039 0.136513 -0.052330 0.035747 -0.047919 -0.115432 0.074452 0.052071 -0.225482 -0.160545 -0.144930 0.041380 0.087841 0.008762
-0.169922 -0.443554 0.569467 0.529143 0.103608 0.083389 0.452030 0.188184 0.123640 -0.049992 0.451873 0.039554 0.442629 0.302837 0.480389 0.138107 0.052911 -0.068675 -0.004842 -0.245003 0.425760 0.385875 1.000000 0.708710 0.305398 0.558186 0.305950 0.514932 0.264742 0.155323 0.681848 0.660934 -0.181222 -0.201128 -0.142592 0.120214 0.085181 0.091115 0.232296 0.179017 -0.068761 0.167301 -0.209054 -0.190804 -0.272673 -0.294007 -0.214152 -0.283637 -0.165801 -0.400417 -0.053488 -0.326620 -0.357700 -0.191997 -0.025052 -0.072428 -0.223700 -0.339938 -0.433696 -0.479175 -0.507800 -0.521000 -0.408305 -0.460755 -0.002582 -0.415371 -0.493105 -0.247629 -0.200464 -0.299000 0.525344 0.590594 0.222771 0.324521 0.142361 0.278052 0.163614 0.115909 0.129014 -0.085860 -0.092590 0.110121 0.398269 0.087407 0.288848 0.223943 0.457715 0.380463 0.279455 -0.019660 -0.203438 -0.356925 -0.333052 -0.185181 -0.030363 0.024960 -0.038931 -0.165777 -0.387226 -0.493322 -0.165510 -0.170507 0.109885 0.170476 0.091051 0.175949 -0.023421 -0.105298 -0.080682 -0.113972 -0.310499 -0.426199 -0.281276 -0.165162 0.123161 0.045663
-0.149794 -0.348610 0.264359 0.437441 0.040752 -0.018546 0.163024 0.039370 -0.176411 -0.104333 0.075384 -0.213905 0.051877 0.026370 0.143587 -0.079946 0.060850 -0.075573 0.163230 0.142278 0.092495 0.166268 0.708710 1.000000 0.075426 0.301650 0.032634 0.334797 0.087040 -0.074911 0.430269 0.496829 -0.152129 -0.206120 -0.009252 0.373833 -0.051088 -0.031226 0.223814 0.387936 -0.182029 -0.038858 -0.299568 -0.270839 -0.244613 -0.254508 -0.373037 -0.223835 -0.356602 -0.405277 -0.264868 -0.422370 -0.471217 -0.284183 -0.207701 -0.120559 0.064229 -0.097973 -0.424830 -0.424869 -0.469415 -0.477334 -0.186640 -0.224218 -0.013416 -0.244515 -0.352493 -0.030873 -0.081631 -0.134828 0.314644 0.409474 -0.072743 0.100171 -0.131840 -0.061032 -0.035497 0.056713 0.017886 -0.071320 0.045716 0.078662 0.443938 0.284973 0.294168 0.219059 0.281934 0.367538 0.327593 0.092204 0.164860 0.069703 0.028148 0.121857 0.234156 0.066873 -0.018392 0.035844 -0.243413 -0.198323 0.020571 -0.046604 0.259171 0.295364 0.098037 0.240847 0.111513 0.147934 0.031834 -0.034959 0.035423 -0.364654 -0.306020 -0.018192 0.253577 0.172274
-0.239945 -0.359191 0.155845 0.161441 0.234107 0.501052 -0.009500 0.139361 0.486306 0.306593 0.007212 0.127358 -0.052372 0.200435 0.199194 0.041186 0.054794 -0.055093 -0.225529 -0.276002 0.196835 0.151503 0.305398 0.075426 1.000000 0.742509 0.419768 0.254107 0.128531 0.335348 0.259691 0.213911 -0.363423 -0.403899 -0.086889 0.132361 0.137243 0.176064 -0.187206 -0.124221 0.172957 0.167003 0.165490 0.236593 0.095322 0.156652 0.209236 0.277429 0.169411 0.135988 0.170281 0.114577 0.118502 0.171725 -0.128491 -0.134392 -0.261333 -0.351125 -0.248277 -0.246351 -0.416482 -0.301322 -0.404340 -0.400185 -0.232170 -0.167779 -0.226218 -0.043040 -0.237505 -0.255820 0.389139 0.268265 0.303926 0.301900 0.284956 0.458968 0.174118 0.276170 0.220762 -0.109838 0.082907 0.207101 0.007399 -0.003307 0.024477 0.225682 0.008594 0.052074 -0.223494 -0.280391 -0.222110 -0.326058 -0.293182 -0.336631 -0.224045 0.042750 0.084777 -0.219999 -0.186386 -0.126718 -0.066133 -0.252932 0.004569 0.024132 0.093057 -0.014906 -0.075147 -0.097129 0.187500 0.057601 -0.021635 -0.074664 -0.012093 -0.086233 -0.054322 -0.079018
-0.430080 -0.537845 0.199523 0.349524 0.179833 0.374018 0.061553 0.224871 0.406211 0.315854 0.148423 0.169113 0.095935 0.366260 0.390469 0.226222 -0.015884 -0.035179 -0.354543 -0.488844 0.415304 0.396853 0.558186 0.301650 0.742509 1.000000 0.331347 0.422523 0.277617 0.412859 0.583559 0.543723 -0.377421 -0.300417 -0.129762 0.254190 0.260504 0.328963 0.104247 0.153358 0.219729 0.318970 0.027566 0.108957 -0.126981 -0.032727 0.069128 0.127644 -0.089273 -0.142483 0.003432 -0.135465 -0.160548 -0.012207 -0.086974 -0.163263 -0.378827 -0.423246 -0.448594 -0.439463 -0.606565 -0.500435 -0.482779 -0.482150 -0.232660 -0.263611 -0.480219 -0.199290 -0.320927 -0.307521 0.626066 0.523593 0.414357 0.444180 0.385046 0.540932 0.191957 0.344548 0.127910 -0.073777 0.042549 0.215835 0.155509 0.072498 0.282999 0.314309 0.177434 0.307441 0.034020 -0.141824 -0.278287 -0.405585 -0.298087 -0.368308 -0.052821 0.195176 0.082935 -0.068544 -0.263733 -0.318846 -0.082719 -0.318133 0.029563 0.077307 0.071978 0.074055 -0.132612 -0.127154 0.209742 0.154334 -0.133671 -0.203266 -0.152150 -0.043266 0.085561 -0.074541
-0.067641 -0.180014 0.248313 0.292863 0.568611 0.705768 0.168035 0.194968 0.414699 0.202566 0.158789 0.082522 0.269369 0.090896 0.359523 0.266603 -0.075743 -0.410526 -0.036658 -0.167805 0.430559 0.221067 0.305950 0.032634 0.419768 0.331347 1.000000 0.582918 0.084186 -0.018122 0.103247 0.014838 -0.142240 -0.281600 -0.210372 -0.172205 0.184681 -0.190489 0.150181 0.280899 0.166576 0.123069 -0.037551 -0.018659 -0.049373 -0.014849 0.044365 -0.043092 0.074990 -0.041459 -0.005162 0.011330 0.024148 -0.108686 0.173294 -0.090839 -0.121878 -0.221803 0.046977 0.094828 -0.085098 -0.073377 -0.260061 -0.421028 -0.123744 -0.129182 0.058516 0.004679 0.171860 0.083859 0.192050 0.021771 0.100660 0.086838 0.159210 0.186075 -0.022459 -0.110508 0.092192 -0.255687 -0.142793 -0.231915 0.037220 -0.023442 -0.065355 -0.126709 0.016241 0.031950 0.173775 -0.043458 -0.108543 -0.257493 -0.160206 -0.145647 -0.193787 0.114596 0.209439 0.017146 -0.051624 -0.192347 -0.062193 -0.047087 -0.117533 -0.065745 0.059448 -0.016818 -0.026080 0.006625 0.132651 0.015562 0.009472 -0.140618 -0.011520 -0.153711 -0.066897 -0.056590
0.028975 -0.077140 0.299054 0.487743 0.342025 0.475827 0.075479 0.034143 0.164113 -0.066637 0.223687 -0.058382 0.128711 0.047186 0.234638 0.118521 -0.065502 -0.486445 0.232936 0.002189 0.388393 0.322460 0.514932 0.334797 0.254107 0.422523 0.582918 1.000000 -0.019111 -0.180339 0.230734 0.137765 -0.049363 -0.190969 -0.291189 -0.091206 0.015854 -0.080914 0.397750 0.332685 -0.023536 0.051549 -0.285169 -0.141479 -0.287325 -0.199006 -0.197842 -0.214394 -0.094211 -0.302552 -0.092738 -0.198099 -0.107628 -0.251312 0.248563 -0.037960 -0.012458 -0.080611 0.034091 0.034775 -0.158505 -0.258077 -0.248983 -0.363017 -0.139481 -0.312265 -0.056958 0.055456 0.178184 0.151866 0.184774 0.069321 -0.015390 -0.060064 -0.101636 0.010500 -0.117864 -0.178147 -0.152548 -0.303021 -0.177588 -0.287867 0.209045 0.071800 0.117166 -0.126375 0.396008 0.429685 0.441504 0.208719 -0.007263 -0.095877 -0.199091 -0.026454 0.083489 0.233933 0.306804 0.198941 0.050185 -0.111730 -0.075799 0.161601 0.099665 0.224304 0.112861 0.094672 0.129476 0.077969 0.178289 -0.014336 -0.010849 -0.222454 -0.020572 0.019994 0.030585 0.053593
-0.103223 -0.289558 -0.071997 -0.058992 0.003078 -0.181571 0.201732 0.095187 0.042977 0.007343 0.443101 0.243497 0.414960 0.495732 0.306938 0.315309 0.501545 0.505640 -0.206403 -0.227381 0.220670 0.203283 0.264742 0.087040 0.128531 0.277617 0.084186 -0.019111 1.000000 0.719187 0.661409 0.576223 0.045124 0.221598 -0.249230 -0.139565 0.659639 0.357756 0.147101 -0.085379 0.507710 0.488435 -0.278426 -0.279823 -0.407341 -0.504294 -0.241638 -0.310677 -0.447463 -0.428940 -0.220097 -0.446248 -0.398741 -0.170975 -0.099432 -0.250552 -0.015194 -0.237797 -0.373990 -0.482883 -0.166159 -0.263396 0.076304 -0.145707 0.051822 -0.326317 -0.456236 -0.557625 -0.162069 -0.340049 0.657355 0.578357 0.872192 0.734506 0.788853 0.720708 0.717824 0.571534 0.408688 0.304008 0.429376 0.507639 0.324960 0.274038 0.279819 0.226648 0.128653 0.141023 -0.216346 -0.316979 -0.460322 -0.482477 -0.387413 -0.469076 -0.128234 0.116752 -0.260887 -0.052957 -0.411265 -0.459084 -0.168289 -0.499127 -0.071022 -0.340640 -0.063016 -0.113635 -0.343318 -0.180278 -0.165756 0.065869 -0.353244 -0.091189 -0.380620 -0.287184 0.128575 -0.047136
-0.210967 -0.404848 -0.080495 -0.076688 0.092478 0.024453 0.100520 0.238562 0.177810 0.389002 0.241493 0.434736 0.155443 0.576183 0.351986 0.490229 0.221101 0.603723 -0.421204 -0.415015 0.314074 0.303044 0.155323 -0.074911 0.335348 0.412859 -0.018122 -0.180339 0.719187 1.000000 0.663116 0.590061 -0.245262 -0.056920 -0.217211 -0.006624 0.592889 0.560575 0.087676 -0.154688 0.399271 0.522603 -0.073021 -0.053209 -0.245357 -0.297352 0.058348 -0.036955 -0.348418 -0.281435 -0.227731 -0.334255 -0.221334 0.151325 -0.130834 0.002280 -0.137079 -0.396666 -0.456423 -0.550321 -0.382903 -0.296612 -0.265928 -0.286838 -0.109374 -0.302135 -0.517607 -0.512668 -0.434109 -0.527880 0.707759 0.701504 0.838040 0.850905 0.705858 0.809813 0.681758 0.707468 0.373649 0.251883 0.325494 0.586420 0.205601 0.329624 0.187282 0.385506 0.137078 -0.001326 -0.172218 -0.205853 -0.479341 -0.461816 -0.402641 -0.487185 -0.137905 0.112685 -0.184743 -0.146673 -0.331792 -0.290561 -0.097354 -0.458045 0.028557 -0.141331 0.067157 0.079357 -0.351626 -0.259279 -0.074845 0.169045 -0.321971 -0.007202 -0.233485 -0.135045 0.209317 -0.006078
-0.226781 -0.433761 0.237378 0.314726 0.105851 -0.033998 0.272838 0.255852 0.123383 0.182266 0.403217 0.269508 0.362783 0.571394 0.476530 0.358034 0.114525 0.301259 -0.113636 -0.343001 0.495311 0.522192 0.681848 0.430269 0.259691 0.583559 0.103247 0.230734 0.661409 0.663116 1.000000 0.938460 -0.172926 -0.002191 -0.302161 0.076359 0.354292 0.355172 0.311238 0.154779 0.202928 0.440653 -0.345661 -0.298339 -0.480871 -0.543149 -0.292661 -0.324102 -0.521893 -0.609494 -0.378066 -0.588429 -0.499510 -0.142647 -0.104716 -0.055552 -0.188955 -0.320461 -0.564029 -0.588439 -0.524192 -0.474840 -0.294363 -0.345598 -0.166179 -0.507477 -0.649239 -0.499433 -0.258900 -0.457130 0.821532 0.873278 0.681339 0.752795 0.486832 0.658051 0.499433 0.493313 0.211429 0.066488 0.130276 0.416629 0.460048 0.328101 0.318451 0.310537 0.442464 0.373871 0.188466 -0.055780 -0.387486 -0.501308 -0.467517 -0.404006 -0.024331 0.145016 -0.099694 -0.032681 -0.413850 -0.502765 -0.077133 -0.378436 0.226757 0.047966 0.140753 0.161505 -0.217540 -0.115601 -0.029533 0.014215 -0.448363 -0.300139 -0.411742 -0.073651 0.323483 0.131637
-0.378929 -0.506648 0.201831 0.237761 0.060711 -0.091205 0.225611 0.169558 0.052210 0.178112 0.315555 0.139329 0.285347 0.405783 0.470908 0.250825 0.085346 0.313596 -0.181789 -0.372901 0.507594 0.550394 0.660934 0.496829 0.213911 0.543723 0.014838 0.137765 0.576223 0.590061 0.938460 1.000000 -0.137587 0.038158 -0.145272 0.245106 0.316590 0.299632 0.262376 0.113030 0.119710 0.426384 -0.318334 -0.308437 -0.402779 -0.476262 -0.255672 -0.303303 -0.474821 -0.567532 -0.321028 -0.547694 -0.558491 -0.147588 -0.179848 -0.065022 -0.223867 -0.269211 -0.614845 -0.600408 -0.583769 -0.539124 -0.220599 -0.268295 -0.050949 -0.424830 -0.581589 -0.393411 -0.265627 -0.444520 0.753108 0.855993 0.582333 0.689600 0.418497 0.567388 0.445943 0.484140 0.277147 0.190260 0.244971 0.493131 0.468708 0.310604 0.409970 0.359389 0.354727 0.297122 0.217634 -0.147755 -0.358640 -0.464631 -0.386406 -0.356016 -0.006129 0.088436 -0.120966 -0.097883 -0.452512 -0.572712 -0.077123 -0.366641 0.177753 0.076733 0.068313 0.194888 -0.184400 -0.081783 -0.021245 0.015318 -0.392261 -0.368729 -0.461613 -0.101035 0.332897 0.077481
0.305098 0.458588 -0.026933 0.016247 -0.044452 -0.264788 0.079036 0.000900 -0.193478 -0.285878 0.023825 -0.052665 -0.012412 -0.188481 -0.289229 -0.192345 0.136632 -0.072122 0.426409 0.354504 -0.087575 -0.038404 -0.181222 -0.152129 -0.363423 -0.377421 -0.142240 -0.049363 0.045124 -0.245262 -0.172926 -0.137587 1.000000 0.774424 0.001941 -0.212489 -0.140541 -0.347227 -0.121647 -0.218369 -0.123359 -0.289915 -0.107529 -0.085073 -0.011940 -0.116654 -0.117466 -0.209613 -0.077958 -0.024875 -0.096329 -0.014216 -0.150898 -0.317891 -0.059020 -0.072263 0.319979 0.360732 0.164958 0.288231 0.348269 0.179201 0.366546 0.247459 0.115330 0.079997 0.396898 0.115141 0.518515 0.438932 -0.347318 -0.287559 -0.067732 -0.211993 -0.115664 -0.215655 -0.009156 -0.209260 0.027696 0.134173 0.071466 -0.167190 -0.013542 -0.165185 -0.185409 -0.464755 -0.048271 -0.171725 0.031160 -0.293580 -0.080980 -0.105980 -0.079490 -0.143858 -0.105947 -0.181472 0.001202 0.008690 0.056371 -0.057206 -0.229544 -0.092791 -0.211837 -0.385557 -0.315259 -0.304491 0.045660 0.057837 -0.157652 -0.163490 -0.201697 -0.040832 -0.025443 -0.238139 -0.349916 -0.202657
0.224110 0.428020 -0.106481 0.009853 -0.093834 -0.416011 0.119600 0.024402 -0.135731 -0.131553 0.034438 -0.052722 -0.012503 -0.058992 -0.210492 -0.136369 0.099020 0.102936 0.318686 0.288416 -0.101772 -0.037736 -0.201128 -0.206120 -0.403899 -0.300417 -0.281600 -0.190969 0.221598 -0.056920 -0.002191 0.038158 0.774424 1.000000 -0.003355 -0.139569 0.011416 -0.232539 -0.163984 -0.270162 0.063890 -0.148876 -0.215557 -0.229132 -0.174352 -0.251556 -0.222756 -0.310443 -0.267410 -0.162438 -0.201610 -0.197649 -0.243363 -0.389832 -0.163328 -0.248331 0.287424 0.411933 0.090869 0.165063 0.347601 0.190022 0.467862 0.490151 0.117788 0.070561 0.213013 -0.054016 0.404443 0.340263 -0.202538 -0.181811 0.099487 -0.006262 0.079361 0.026617 0.173314 0.007281 -0.030292 0.331218 0.196019 0.098440 0.139378 -0.091465 -0.071079 -0.301170 -0.052979 -0.072707 0.001772 -0.279109 -0.179701 -0.159660 -0.119076 -0.208482 -0.172526 -0.114557 -0.197806 -0.028549 0.001529 -0.189449 -0.213084 -0.214234 -0.268574 -0.422734 -0.342216 -0.345557 -0.078767 0.031719 -0.242294 -0.103546 -0.280011 -0.151957 -0.174209 -0.128043 -0.224906 -0.272842
-0.364497 -0.188967 -0.188017 -0.322478 -0.314484 -0.297632 -0.164464 -0.210823 -0.306816 -0.279669 -0.158469 -0.189756 -0.143158 -0.390033 -0.084064 -0.456144 0.008635 0.146816 -0.299293 -0.124709 -0.197240 -0.232032 -0.142592 -0.009252 -0.086889 -0.129762 -0.210372 -0.291189 -0.249230 -0.217211 -0.302161 -0.145272 0.001941 -0.003355 1.000000 0.564943 -0.118708 -0.029686 -0.198305 -0.102854 -0.217669 -0.102544 0.391357 0.309807 0.363629 0.396923 0.349242 0.165849 0.377321 0.353943 0.451539 0.398512 0.000163 0.001006 0.008272 -0.022798 -0.129316 -0.172039 -0.064617 -0.055604 0.008142 0.017557 0.049904 0.133892 0.483597 0.496394 0.181221 0.301475 -0.114612 -0.106301 -0.276666 -0.150530 -0.274604 -0.295137 -0.148114 -0.259143 -0.082061 0.023693 0.266518 0.290812 0.201515 0.050019 -0.269649 -0.354648 0.202731 0.262971 -0.283436 -0.186861 -0.145503 -0.257107 -0.152424 0.008139 0.317295 0.101228 -0.082857 -0.256694 -0.084323 -0.279696 -0.117568 -0.089670 -0.156263 -0.112495 -0.293741 -0.115827 -0.177927 0.081292 -0.064007 -0.242627 0.014834 -0.067875 0.207788 -0.109876 0.016793 -0.113628 0.054487 -0.233213
-0.522906 -0.474612 -0.108403 -0.030322 -0.135760 -0.018004 -0.160807 -0.124792 -0.223047 -0.011420 -0.302524 -0.215853 -0.267060 -0.274270 -0.042359 -0.271949 -0.048273 0.023018 -0.274376 -0.111410 -0.018521 -0.059570 0.120214 0.373833 0.132361 0.254190 -0.172205 -0.091206 -0.139565 -0.006624 0.076359 0.245106 -0.212489 -0.139569 0.564943 1.000000 -0.028271 0.104024 -0.010375 0.156783 -0.112223 0.039046 0.131862 0.127697 0.183810 0.272149 0.077994 0.215921 0.007636 0.025078 0.005329 -0.030214 -0.287540 -0.109209 -0.240252 -0.128618 -0.062540 -0.199717 -0.308829 -0.350168 -0.403770 -0.388632 -0.177059 -0.078891 0.144313 0.275508 -0.056583 0.407747 -0.179028 -0.158915 0.046298 0.169535 -0.162433 -0.028149 -0.135687 -0.101370 -0.093089 0.169028 0.217616 0.156119 0.311066 0.166696 -0.023578 0.039749 0.272936 0.397397 -0.116500 0.035291 0.085562 -0.161451 0.012895 0.101667 0.241210 0.097029 0.059905 -0.065294 0.026262 -0.109077 -0.151103 -0.104135 0.096090 -0.209423 0.050182 0.152493 0.005103 0.219629 -0.059039 0.001668 0.210655 0.096381 0.312429 -0.163296 -0.216671 -0.098681 0.238545 -0.100741
