1.000000 0.715291 0.074042 0.082938 -0.237395 -0.139563 0.146233 0.136456 -0.369309 -0.106979 0.505152 0.463727 0.270582 0.350381 -0.262867 -0.239461 -0.012090 -0.073698 0.486948 0.585150 -0.261714 -0.404006 -0.288157 -0.187874 -0.315447 -0.315716 -0.120478 -0.065239 -0.181435 -0.196454 -0.325251 -0.311359 0.301467 0.182327 -0.219222 0.107209 -0.310436 -0.435529 -0.253971 -0.325607 -0.261209 -0.394476 -0.312333 -0.189771 -0.233093 -0.311759 0.001209 0.091925 0.024607 -0.233153 -0.048749 -0.066548 0.069832 -0.074562 -0.136286 -0.102888 0.461795 0.426454 0.281013 -0.097694 0.331257 0.115849 0.086489 0.074815 0.006591 0.059727 0.045071 -0.131312 0.366583 0.239736 -0.410221 -0.450955 -0.271943 -0.515091 -0.456204 -0.374896 -0.453996 -0.394873 -0.338380 -0.131480 -0.077238 -0.125025 0.252584 0.007313 0.182064 0.101814 0.175221 0.064213 -0.025805 0.052248 -0.172171 -0.092783 -0.278766 -0.063826 0.256023 -0.072738 0.189222 0.229408 0.129021 0.060740 -0.211282 -0.000915 -0.050207 -0.012705 -0.219672 -0.197550 0.098841 0.141258 0.163195 0.231822 0.325124 0.179540 -0.014323 0.274854 0.223549 -0.074884
0.715291 1.000000 -0.183464 -0.093973 -0.223067 -0.056866 -0.062884 0.047238 -0.345673 -0.085785 0.270337 0.385661 0.173428 0.263084 -0.309698 -0.236374 0.146485 0.122245 0.239620 0.443369 -0.129045 -0.295583 -0.375064 -0.287861 -0.309135 -0.262014 -0.096573 -0.171516 -0.005272 0.073799 -0.159109 -0.227643 0.339022 0.212170 -0.147647 -0.027325 -0.306915 -0.412171 -0.335789 -0.334597 -0.180466 -0.319179 -0.166142 -0.049431 -0.099330 -0.143406 0.167007 0.164984 0.017659 -0.110966 -0.082420 -0.039878 -0.002854 0.023833 -0.255423 -0.027273 0.584296 0.541426 0.290186 0.058204 0.205377 0.149606 -0.099898 0.263922 -0.269130 -0.036924 0.040111 -0.138797 0.438835 0.296744 -0.238230 -0.265141 -0.062125 -0.341938 -0.314856 -0.218834 -0.364613 -0.438623 -0.127325 0.042952 0.128367 0.048837 0.009137 -0.143602 -0.003230 0.102206 0.071594 -0.091363 -0.246990 0.013244 -0.279389 -0.226925 -0.498164 -0.307697 0.223855 -0.026351 0.173947 0.228572 0.173990 0.127490 -0.334079 -0.077163 -0.114231 -0.054613 -0.126859 -0.109048 0.107622 0.103470 0.284527 0.247170 0.212628 0.272789 0.059989 0.170890 0.211964 0.052152
0.074042 -0.183464 1.000000 0.529254 0.255558 0.015348 0.728944 0.545504 0.160345 0.118650 0.317488 0.296434 0.355389 0.306552 0.224716 0.059081 -0.204266 -0.347089 0.590271 0.264426 -0.151803 -0.053765 0.551521 0.370308 0.001834 0.119713 -0.107093 -0.005316 -0.083854 -0.187489 0.292686 0.415228 -0.081837 0.141799 -0.114605 0.096798 -0.208525 -0.193615 -0.185673 -0.234030 -0.054886 0.001517 -0.105559 -0.143699 -0.324736 -0.215181 -0.323833 -0.229103 -0.184989 -0.314393 0.089701 -0.274989 -0.114891 -0.365774 -0.238510 -0.430696 -0.333893 -0.402569 -0.219761 -0.420310 0.331003 0.175593 0.305530 -0.038081 0.421521 0.275967 -0.306644 -0.089825 -0.171095 -0.198820 0.212547 0.139110 -0.230198 -0.027727 0.030395 0.069053 0.179920 0.204054 -0.068163 -0.202018 -0.185098 -0.217148 0.154972 0.115509 0.073173 -0.118056 -0.087102 -0.125931 0.095117 -0.183666 0.086370 -0.033060 0.168693 0.137921 -0.151736 -0.294960 -0.365403 -0.332840 -0.378259 -0.415644 0.074902 0.084080 0.086257 -0.058616 -0.075241 -0.095385 -0.027311 -0.014410 -0.203603 -0.173277 -0.209126 -0.262711 -0.268123 -0.044253 -0.036686 -0.145982
0.082938 -0.093973 0.529254 1.000000 0.102522 0.036437 0.351241 0.617662 -0.018996 0.070226 0.221267 0.154203 0.079069 0.250205 0.091072 0.085689 -0.168636 -0.289522 0.434780 0.394420 -0.188334 -0.020287 0.583210 0.656690 -0.077161 0.261550 -0.078065 0.203993 -0.156846 -0.183649 0.226534 0.444793 -0.068418 0.117763 -0.201863 0.002049 -0.259233 -0.131745 -0.166705 -0.128007 -0.160484 -0.070628 -0.179109 -0.159220 -0.310361 -0.293527 -0.259576 -0.130238 -0.091291 -0.202659 -0.073886 -0.227740 -0.063087 -0.125710 -0.251929 -0.292032 -0.177800 -0.210643 -0.255431 -0.219750 0.001191 0.084307 0.055942 -0.175596 0.342168 0.150273 -0.407019 -0.037223 0.024738 -0.089195 0.176984 0.185746 -0.285487 -0.062312 -0.087976 -0.076680 0.037359 0.250729 0.022374 -0.221990 -0.229414 -0.280693 0.157479 0.167027 0.015834 -0.265542 -0.060696 0.076101 0.250319 0.072059 0.204554 -0.109342 0.232653 -0.006787 -0.310956 -0.365491 -0.387131 -0.443783 -0.174472 -0.470877 0.185553 0.092256 0.024279 -0.093387 -0.101709 -0.155045 -0.172619 -0.083874 -0.018435 -0.284364 -0.383943 -0.342791 -0.252252 -0.136176 -0.177891 -0.210993
-0.237395 -0.223067 0.255558 0.102522 1.000000 0.286708 0.219076 0.315243 0.678333 0.476308 -0.043765 -0.128086 0.045155 -0.004597 0.426066 0.513738 -0.145978 -0.216379 -0.059744 -0.070914 0.230663 0.221848 0.193287 0.094335 0.177273 0.030868 0.264016 0.013082 0.154491 0.143940 -0.012720 0.060740 -0.361429 -0.286663 0.051029 -0.062155 0.145293 0.259486 0.163576 0.142029 0.256527 0.228698 -0.056074 -0.074615 -0.091360 0.003491 -0.205872 -0.246710 -0.042956 -0.077561 -0.107543 -0.085089 -0.028794 -0.057865 0.029819 -0.065463 -0.205307 -0.399677 -0.183572 -0.150182 0.024307 0.044667 0.123651 -0.287531 0.048911 -0.120874 -0.205845 -0.002172 -0.137038 -0.114163 0.300677 0.168217 0.029181 0.307824 0.186301 0.272966 0.241873 0.180746 0.161669 0.024564 -0.090291 -0.152131 0.246679 0.257183 -0.095478 -0.083344 -0.134275 -0.022542 0.263414 0.098116 0.047697 -0.053141 0.112726 0.026392 -0.172942 0.006349 -0.176822 -0.071010 -0.261212 -0.065649 0.113979 0.027718 0.016757 0.003939 0.149225 0.200884 0.018723 -0.045062 -0.002631 -0.063558 -0.288278 -0.171716 -0.006143 -0.233907 -0.106005 0.146255
-0.139563 -0.056866 0.015348 0.036437 0.286708 1.000000 -0.011156 -0.067957 0.148979 0.236786 -0.053726 -0.222667 0.068252 -0.030608 0.466731 0.411142 0.007089 0.009571 -0.179802 -0.117619 0.634073 0.545514 0.275666 0.313934 0.380654 0.450603 0.628582 0.523025 0.164759 0.218872 0.159218 0.068119 -0.223966 -0.413101 0.232686 -0.115735 0.224312 0.134507 0.358982 0.200863 0.474592 0.206315 -0.270549 -0.217855 -0.156077 -0.205061 -0.319828 -0.278747 -0.263239 -0.258673 -0.436807 -0.331164 -0.276990 -0.153441 0.254443 -0.015524 0.048983 -0.008125 -0.036047 -0.088178 -0.201287 -0.059822 -0.302296 -0.441892 0.104128 -0.216117 -0.318194 -0.104083 0.088153 0.131698 0.263263 0.184330 0.129401 0.310309 0.145592 0.203045 0.103328 -0.072915 0.134776 0.223551 0.071420 0.076087 0.225079 0.007047 0.068220 -0.038456 0.157894 0.208589 0.376787 0.279185 -0.261685 -0.203686 -0.121069 -0.081203 0.319613 0.169715 -0.163510 0.123109 -0.263294 0.089329 -0.148812 0.029469 -0.128045 0.148236 0.314696 0.389619 0.261907 0.197438 -0.022300 0.014791 -0.114231 0.022989 0.162754 -0.080370 0.082087 0.365366
0.146233 -0.062884 0.728944 0.351241 0.219076 -0.011156 1.000000 0.683861 0.277635 0.214957 0.354346 0.311365 0.532941 0.348897 0.114607 -0.069866 -0.278657 -0.319328 0.395245 0.128735 -0.332861 -0.231390 0.293305 0.190222 -0.174163 -0.161652 -0.186652 -0.195939 -0.258007 -0.381252 -0.000524 0.178163 -0.094689 0.175048 -0.063730 0.237985 -0.278480 -0.310112 -0.296851 -0.328571 -0.172765 -0.129761 -0.156343 -0.159764 -0.281299 -0.132574 -0.280965 -0.129432 -0.135663 -0.286028 0.049381 -0.222145 0.054975 -0.242621 -0.257396 -0.457573 -0.273064 -0.371117 0.039014 -0.286880 0.452877 0.404817 0.269929 0.069258 0.299510 0.310517 -0.200622 0.059929 -0.228971 -0.101724 -0.002002 -0.044847 -0.365963 -0.212492 -0.128708 -0.125957 0.089230 0.060485 -0.219068 -0.436146 -0.259475 -0.351270 0.026703 -0.102006 -0.115238 -0.243665 -0.183803 -0.234795 -0.011736 -0.263163 0.164479 0.164334 0.187881 0.232358 -0.109052 -0.249122 -0.276741 -0.119340 -0.195485 -0.203665 0.155785 0.244779 0.149272 0.110321 0.006321 -0.070499 0.135825 0.082903 -0.041790 -0.094341 -0.031249 -0.077220 -0.123031 0.089809 0.064392 -0.013507
0.136456 0.047238 0.545504 0.617662 0.315243 -0.067957 0.683861 1.000000 0.304508 0.420810 0.264426 0.260929 0.262389 0.352864 0.055952 0.122599 -0.208847 -0.284697 0.398836 0.284747 -0.224659 -0.117450 0.292266 0.201299 -0.157132 -0.080303 -0.214916 -0.221952 -0.173733 -0.171657 0.065069 0.307210 -0.108526 0.226084 -0.239668 0.002262 -0.291749 -0.215428 -0.372494 -0.243654 -0.179128 -0.055572 -0.195015 -0.209830 -0.240720 -0.179946 -0.230726 -0.195846 0.012937 -0.204615 0.050858 -0.142974 0.185326 -0.136704 -0.369036 -0.287960 -0.210266 -0.265381 -0.092978 -0.130429 0.195804 0.387094 0.173424 0.083496 0.135543 0.192587 -0.293605 -0.004103 -0.149052 -0.171842 0.178230 0.052673 -0.266624 -0.072656 -0.038367 0.019202 0.071804 0.065956 -0.067956 -0.408274 -0.134722 -0.321853 0.040959 0.181576 -0.196581 -0.276569 -0.281966 -0.167374 0.025985 -0.036730 0.141550 -0.082721 0.088438 0.006079 -0.206426 -0.270273 -0.346065 -0.232274 -0.154186 -0.316259 0.235271 0.078949 0.153999 -0.077290 -0.095297 -0.165556 -0.042374 -0.006566 0.029951 -0.191950 -0.270392 -0.244807 -0.176013 -0.110275 -0.064478 -0.111882
-0.369309 -0.345673 0.160345 -0.018996 0.678333 0.148979 0.277635 0.304508 1.000000 0.604509 -0.156796 -0.288296 0.037651 -0.161594 0.532918 0.507891 -0.066160 -0.151629 -0.202436 -0.206370 0.128636 0.130484 0.149136 -0.007006 0.090045 -0.116589 0.029211 -0.190206 0.079193 0.063380 -0.044015 0.035763 -0.435202 -0.290178 -0.013218 -0.121392 0.099201 0.235443 0.129491 0.094345 0.178210 0.190150 0.005586 -0.148591 0.093647 0.075768 -0.096907 -0.224855 0.219803 0.131695 -0.036211 0.127976 0.282067 0.050238 0.090091 -0.035863 -0.395296 -0.431833 -0.039510 0.042583 0.036873 0.022259 0.198031 -0.090526 -0.114700 -0.235046 -0.128605 0.066093 -0.278691 -0.208947 0.292121 0.154846 0.071073 0.248316 0.090023 0.224744 0.217503 0.187365 0.085404 -0.087431 -0.058685 -0.143839 0.147181 0.223407 -0.250803 -0.120053 -0.204638 -0.189874 0.156962 -0.004601 0.208041 0.111827 0.090465 0.056139 -0.189205 -0.005628 -0.164900 -0.101120 -0.104004 0.030493 0.272848 0.140726 0.009761 0.089651 0.190295 0.117974 0.022038 -0.024360 -0.128456 -0.266340 -0.353637 -0.139230 0.084488 -0.207915 -0.206839 0.136100
-0.106979 -0.085785 0.118650 0.070226 0.476308 0.236786 0.214957 0.420810 0.604509 1.000000 -0.102941 -0.245633 0.079469 -0.181191 0.371943 0.564102 -0.055055 -0.220117 -0.022721 -0.090684 0.213151 0.060201 -0.056943 -0.156759 -0.000583 -0.215230 0.008927 -0.211654 0.048131 0.155070 -0.099890 -0.049898 -0.381330 -0.288671 -0.278548 -0.092366 0.246251 0.189284 0.118196 0.147892 0.258156 0.230289 -0.142965 -0.265237 0.009541 0.002430 -0.199213 -0.225410 0.179307 0.017822 -0.047290 0.058982 0.357392 0.055171 0.079340 -0.016287 -0.347526 -0.360811 0.098628 0.097419 0.069578 0.101874 0.279677 -0.013316 -0.251847 -0.315568 -0.216999 0.006612 -0.194785 -0.214542 0.263369 0.014886 0.112867 0.194918 0.204263 0.267410 0.137650 -0.005008 0.067397 -0.165832 0.096543 -0.114405 0.273601 0.279580 -0.082098 -0.130537 0.003316 -0.086226 0.171146 0.052903 0.091078 0.053689 -0.041019 0.049506 -0.041188 0.016257 -0.178781 -0.032500 -0.063493 0.037342 0.315631 0.165002 0.066212 0.105124 0.110609 0.063813 0.016825 0.017171 0.030661 -0.131474 -0.271304 -0.025742 0.042893 -0.097755 -0.161583 0.117161
0.505152 0.270337 0.317488 0.221267 -0.043765 -0.053726 0.354346 0.264426 -0.156796 -0.102941 1.000000 0.743980 0.732054 0.748034 0.113779 0.060951 0.259209 0.169673 0.478799 0.506196 -0.252725 -0.330610 0.171607 0.107844 -0.323151 -0.190209 -0.135938 -0.116623 0.161442 0.031817 0.039093 0.163932 0.194562 0.322080 -0.000830 0.156673 -0.315954 -0.377770 -0.400654 -0.432642 -0.213899 -0.280145 -0.449977 -0.408492 -0.512622 -0.435527 -0.385846 -0.258792 -0.296414 -0.475060 -0.170577 -0.354141 -0.238742 -0.407759 -0.344986 -0.533276 0.187180 0.056879 -0.020866 -0.439861 0.476612 0.176232 0.355364 0.164650 0.316610 0.236109 -0.289724 -0.240703 0.045056 0.072246 -0.097797 0.035574 -0.034764 -0.183960 -0.239306 -0.160808 -0.125292 0.003904 -0.119145 -0.029632 -0.012258 0.060299 0.248215 0.221583 0.264573 0.018072 0.016312 -0.166220 0.007033 -0.163226 -0.148184 -0.184621 -0.130909 -0.044048 0.112654 0.014087 -0.232409 0.023697 -0.302736 -0.111233 -0.330690 -0.154699 -0.230221 0.018092 -0.031847 -0.063962 0.138746 0.206858 0.053589 0.114636 0.059827 0.017399 -0.039357 0.113569 0.135900 0.016077
0.463727 0.385661 0.296434 0.154203 -0.128086 -0.222667 0.311365 0.260929 -0.288296 -0.245633 0.743980 1.000000 0.596878 0.873827 -0.170640 -0.134264 0.148037 0.251799 0.465605 0.443967 -0.313861 -0.339863 0.035464 -0.002956 -0.350179 -0.193836 -0.295196 -0.214110 0.118227 0.082434 0.084176 0.142057 0.331351 0.409456 -0.071959 0.092034 -0.408787 -0.441363 -0.498289 -0.502638 -0.363688 -0.368273 -0.211905 -0.153678 -0.365837 -0.281019 -0.133168 -0.016235 -0.191156 -0.358079 0.023995 -0.228616 -0.232121 -0.346344 -0.346917 -0.357937 0.231437 0.101265 -0.084118 -0.401752 0.348877 0.208041 0.159884 0.222449 0.159340 0.329520 -0.251333 -0.214596 -0.096781 -0.000892 -0.142238 -0.023367 -0.013976 -0.208176 -0.211365 -0.098837 -0.090391 -0.029705 -0.129716 0.036997 -0.066740 0.053239 -0.005173 0.123469 0.104571 0.075762 -0.031976 -0.231277 -0.241521 -0.205546 -0.225135 -0.265096 -0.217360 -0.207348 0.126101 0.006429 -0.015043 0.072726 -0.197215 -0.127180 -0.482460 -0.289574 -0.337801 -0.116966 -0.109016 -0.125600 0.011742 0.147071 0.181880 0.286867 0.200519 0.034130 -0.031596 0.105047 0.225275 0.017594
0.270582 0.173428 0.355389 0.079069 0.045155 0.068252 0.532941 0.262389 0.037651 0.079469 0.732054 0.596878 1.000000 0.657671 0.228825 0.140331 0.144903 0.185307 0.370096 0.256742 -0.181622 -0.238267 0.128709 0.028717 -0.247909 -0.159235 -0.127305 -0.151018 0.192500 0.059917 0.063570 0.147034 0.172223 0.287825 0.103387 0.163901 -0.198850 -0.326035 -0.378943 -0.412542 -0.041156 -0.164613 -0.388466 -0.364807 -0.465254 -0.311436 -0.404568 -0.319925 -0.335179 -0.464157 -0.173337 -0.403356 -0.182304 -0.409855 -0.263236 -0.596297 0.027034 -0.063581 0.133039 -0.272419 0.606905 0.429794 0.390343 0.266891 0.195529 0.298777 -0.238792 -0.100025 -0.100319 0.102094 -0.043245 0.137368 0.068349 -0.132684 -0.059325 -0.066599 -0.042857 -0.051327 -0.004406 -0.034632 0.041395 0.055971 0.014338 -0.076056 0.136231 -0.013550 -0.118351 -0.261482 -0.149628 -0.321978 -0.176357 -0.151676 -0.155142 -0.029381 0.073457 -0.021073 -0.297222 0.011263 -0.383996 -0.116111 -0.251188 -0.070685 -0.162546 0.064798 0.077495 0.034755 0.184427 0.226203 0.022877 -0.001632 0.003313 0.010676 0.037490 0.023703 0.081686 0.131456
0.350381 0.263084 0.306552 0.250205 -0.004597 -0.030608 0.348897 0.352864 -0.161594 -0.181191 0.748034 0.873827 0.657671 1.000000 0.006885 0.040126 0.164663 0.257648 0.399781 0.399615 -0.174313 -0.240594 0.178694 0.191717 -0.228123 -0.050765 -0.176817 -0.059215 0.123818 0.088800 0.087072 0.156704 0.237794 0.312574 0.014408 0.089236 -0.385092 -0.336610 -0.429780 -0.453128 -0.253691 -0.333161 -0.331971 -0.278848 -0.459901 -0.397529 -0.301145 -0.196256 -0.264428 -0.464653 -0.127589 -0.353513 -0.280105 -0.403860 -0.302237 -0.475111 0.220145 0.036359 -0.139623 -0.425972 0.299701 0.252864 0.105407 0.123726 0.211672 0.327026 -0.337276 -0.184214 -0.054861 0.093560 0.016132 0.134531 0.006195 -0.094921 -0.209173 -0.071307 -0.030753 0.073061 -0.086099 0.003552 -0.116829 -0.004998 -0.039912 0.131388 0.032633 -0.046115 -0.174828 -0.240076 -0.124607 -0.202488 -0.180246 -0.281094 -0.119350 -0.119083 0.097130 -0.039219 -0.159949 0.033325 -0.318768 -0.144933 -0.416094 -0.217679 -0.290953 -0.002762 0.065723 0.027540 0.088492 0.195534 0.074717 0.165848 0.074791 -0.022451 0.051784 0.048770 0.127080 0.092979
-0.262867 -0.309698 0.224716 0.091072 0.426066 0.466731 0.114607 0.055952 0.532918 0.371943 0.113779 -0.170640 0.228825 0.006885 1.000000 0.741445 0.077565 -0.047255 -0.020389 -0.063032 0.443047 0.431473 0.399535 0.320114 0.362149 0.339886 0.468765 0.389256 0.300541 0.261076 0.173584 0.193807 -0.273368 -0.314239 0.084558 0.040674 0.279379 0.324806 0.359723 0.265406 0.471288 0.288774 -0.354859 -0.476575 -0.300875 -0.413526 -0.487627 -0.547218 -0.222312 -0.275709 -0.356560 -0.263479 -0.153075 -0.229546 0.164001 -0.205359 -0.307126 -0.212473 -0.300718 -0.264552 -0.027897 -0.149808 0.078380 -0.270812 0.193780 -0.180410 -0.312495 -0.173849 -0.066222 -0.107545 0.265459 0.332160 0.263095 0.389812 0.199870 0.306320 0.190872 0.173237 0.257460 0.177985 0.117859 0.120642 0.424933 0.273181 0.218427 0.045112 -0.065884 0.074844 0.473348 0.156547 -0.065895 -0.094396 -0.008707 -0.020338 -0.007096 0.104211 -0.303999 -0.111013 -0.444042 -0.086493 -0.026191 -0.010864 -0.120198 0.024882 0.239737 0.199450 0.015648 -0.025490 -0.131961 -0.326474 -0.379457 -0.170142 0.029184 -0.240406 -0.181932 0.130455
-0.239461 -0.236374 0.059081 0.085689 0.513738 0.411142 -0.069866 0.122599 0.507891 0.564102 0.060951 -0.134264 0.140331 0.040126 0.741445 1.000000 0.267864 0.103242 -0.048382 -0.068870 0.520605 0.478912 0.157061 0.068800 0.284321 0.201892 0.348226 0.210059 0.530236 0.543920 0.227658 0.193099 -0.211058 -0.280768 -0.099023 -0.232161 0.438682 0.458577 0.350644 0.342628 0.567532 0.450708 -0.349172 -0.454121 -0.260990 -0.356133 -0.440140 -0.600426 -0.128320 -0.282923 -0.258126 -0.221192 -0.054983 -0.209626 0.207459 -0.051155 -0.235904 -0.190460 -0.309928 -0.156015 -0.074533 -0.154224 0.227967 -0.106331 -0.095682 -0.267521 -0.327845 -0.297619 -0.109549 -0.166485 0.417128 0.358904 0.499284 0.519481 0.345179 0.472919 0.188788 0.183038 0.461693 0.319680 0.320538 0.286269 0.444160 0.504854 0.160037 0.191799 0.035992 0.113426 0.343680 0.278885 -0.210907 -0.308388 -0.175242 -0.216357 -0.022662 0.081534 -0.335632 -0.081365 -0.390410 -0.075772 -0.035750 -0.149730 -0.132768 -0.057948 0.168191 0.174061 -0.037470 -0.006168 -0.082470 -0.291558 -0.440806 -0.233476 0.054540 -0.403166 -0.198568 0.109825
-0.012090 0.146485 -0.204266 -0.168636 -0.145978 0.007089 -0.278657 -0.208847 -0.066160 -0.055055 0.259209 0.148037 0.144903 0.164663 0.077565 0.267864 1.000000 0.646541 -0.045020 0.012142 0.257425 0.116645 0.001101 -0.175742 -0.082479 -0.017525 0.021273 -0.075733 0.628247 0.614092 0.393624 0.263160 0.372459 0.260159 0.045554 -0.244245 0.320776 0.105610 -0.018166 -0.074207 0.313546 0.207798 -0.162923 -0.193030 -0.206432 -0.229645 -0.037108 -0.351512 -0.329204 -0.241773 -0.195960 -0.188337 -0.332756 -0.270018 -0.084665 -0.121392 0.347839 0.380612 -0.208315 -0.131968 0.036786 -0.140025 0.181354 0.395786 -0.076707 -0.020871 0.032975 -0.437270 0.115413 0.082599 0.288595 0.247858 0.594499 0.293304 0.238951 0.210668 -0.024527 -0.014639 0.541339 0.564260 0.547652 0.725867 0.060679 0.219585 0.282279 0.369677 0.013329 -0.138638 -0.147853 -0.025735 -0.467931 -0.461809 -0.386760 -0.343403 0.041446 0.121887 -0.313839 -0.075688 -0.230981 -0.039570 -0.355057 -0.395587 -0.246521 -0.240227 -0.049260 -0.054472 -0.020779 -0.019274 -0.034264 -0.085027 -0.203241 -0.043903 0.078801 -0.291743 -0.005666 0.041681
-0.073698 0.122245 -0.347089 -0.289522 -0.216379 0.009571 -0.319328 -0.284697 -0.151629 -0.220117 0.169673 0.251799 0.185307 0.257648 -0.047255 0.103242 0.646541 1.000000 -0.080104 0.065824 0.236937 0.129076 -0.139871 -0.244774 0.010798 0.059546 -0.076992 -0.084006 0.640837 0.638028 0.292424 0.177385 0.495226 0.410818 0.141750 -0.152993 0.157675 0.122476 0.009892 -0.039528 0.181513 0.211950 -0.119924 -0.078204 -0.084410 -0.066050 0.009556 -0.209912 -0.341792 -0.107877 -0.277010 -0.159408 -0.396481 -0.190826 -0.095524 -0.093112 0.296120 0.400487 -0.270678 -0.145821 -0.108742 -0.130609 -0.002287 0.259135 -0.079144 -0.114526 0.056163 -0.341937 -0.014909 0.062869 0.117454 0.129418 0.689370 0.321813 0.295507 0.320882 0.048310 0.054528 0.391478 0.598482 0.423065 0.680298 -0.115666 0.150877 0.115090 0.278906 0.069387 -0.086446 -0.252589 -0.040951 -0.483911 -0.421759 -0.446993 -0.443575 0.102220 0.177780 -0.095260 0.002932 -0.209323 0.044810 -0.474946 -0.393521 -0.349996 -0.289027 -0.067036 -0.069352 -0.122573 -0.016960 0.046986 0.022577 -0.047484 -0.018439 -0.003930 -0.253249 0.134164 0.059613
0.486948 0.239620 0.590271 0.434780 -0.059744 -0.179802 0.395245 0.398836 -0.202436 -0.022721 0.478799 0.465605 0.370096 0.399781 -0.020389 -0.048382 -0.045020 -0.080104 1.000000 0.659394 -0.128479 -0.137020 0.096121 -0.001994 -0.218136 -0.014567 -0.226657 -0.100297 0.121033 0.023700 0.183293 0.242639 0.265646 0.437512 -0.101809 0.177414 -0.291299 -0.250168 -0.286917 -0.198712 -0.137485 -0.087714 -0.328652 -0.296130 -0.418496 -0.360072 -0.261647 -0.268338 -0.229193 -0.404357 -0.049636 -0.354020 -0.125890 -0.426070 -0.391851 -0.433989 0.019767 0.053197 -0.166337 -0.381211 0.396793 0.188240 0.317346 0.118038 0.240174 0.236998 -0.126601 -0.119780 0.181246 0.031702 -0.027859 0.097301 -0.064476 -0.175569 -0.103224 -0.103116 -0.208854 -0.034379 -0.096470 -0.102736 0.020868 -0.044084 0.234919 0.123036 0.183073 0.043484 -0.014637 -0.052708 0.025928 -0.145137 -0.129928 -0.226755 -0.228920 -0.159008 0.057750 -0.141921 -0.256667 -0.089910 -0.239231 -0.297778 -0.098516 -0.107420 -0.061031 -0.115777 -0.172464 -0.174033 -0.072295 0.067753 0.158110 -0.045212 0.014558 -0.092571 -0.187701 0.018578 0.068465 -0.145736
0.585150 0.443369 0.264426 0.394420 -0.070914 -0.117619 0.128735 0.284747 -0.206370 -0.090684 0.506196 0.443967 0.256742 0.399615 -0.063032 -0.068870 0.012142 0.065824 0.659394 1.000000 -0.243302 -0.162833 0.081199 0.186110 -0.122888 0.025361 -0.113906 -0.009803 0.095497 0.046009 -0.049990 0.106036 0.257465 0.399396 -0.036975 0.124061 -0.365551 -0.260381 -0.261788 -0.218294 -0.211227 -0.185923 -0.336704 -0.317912 -0.344006 -0.353411 -0.182742 -0.138425 -0.115769 -0.273281 -0.225720 -0.332707 -0.142796 -0.243319 -0.355234 -0.386957 0.145397 0.179705 -0.117991 -0.309758 0.146264 -0.015600 0.127876 -0.086696 0.055450 -0.067019 -0.143155 -0.107427 0.375621 0.114914 0.039785 0.024724 -0.155676 -0.224306 -0.251361 -0.089995 -0.192932 0.002838 -0.040837 -0.034058 0.093377 -0.022799 0.340256 0.290913 0.206234 -0.118826 0.002762 0.018702 0.087424 -0.034778 -0.018293 -0.170781 -0.196967 -0.159957 -0.062999 -0.131024 -0.139908 -0.147440 -0.100193 -0.248054 -0.133587 -0.091033 -0.016677 -0.088710 -0.146842 -0.197750 -0.090886 -0.003091 0.198474 -0.041628 -0.052722 -0.062937 -0.162255 -0.038991 0.012426 -0.169382
-0.261714 -0.129045 -0.151803 -0.188334 0.230663 0.634073 -0.332861 -0.224659 0.128636 0.213151 -0.252725 -0.313861 -0.181622 -0.174313 0.443047 0.520605 0.257425 0.236937 -0.128479 -0.243302 1.000000 0.738325 0.022473 -0.044770 0.506840 0.480142 0.611546 0.467676 0.436787 0.599373 0.326911 0.124220 -0.030672 -0.241418 0.154042 -0.211968 0.538339 0.484301 0.571315 0.482540 0.632494 0.491264 -0.184332 -0.153446 -0.085520 -0.194854 -0.167488 -0.414816 -0.313756 -0.203205 -0.390296 -0.280939 -0.317019 -0.211289 0.254768 0.199579 0.109258 0.158954 -0.276023 -0.181602 -0.322904 -0.226775 -0.296095 -0.278968 -0.040747 -0.190289 -0.118129 -0.287959 0.037171 0.019245 0.319600 0.208447 0.542668 0.520789 0.388614 0.426053 0.089521 -0.005161 0.410284 0.446843 0.339492 0.393073 0.284460 0.204998 0.151101 0.231373 0.211024 0.279064 0.280235 0.394855 -0.491559 -0.439529 -0.364603 -0.303034 0.295049 0.266132 -0.030271 0.159093 -0.215518 0.093147 -0.207084 -0.184474 -0.204099 -0.082864 0.136423 0.274173 -0.010701 0.025863 -0.043293 0.082231 -0.098840 -0.044199 0.093625 -0.189049 0.083136 0.198640
-0.404006 -0.295583 -0.053765 -0.020287 0.221848 0.545514 -0.231390 -0.117450 0.130484 0.060201 -0.330610 -0.339863 -0.238267 -0.240594 0.431473 0.478912 0.116645 0.129076 -0.137020 -0.162833 0.738325 1.000000 0.208566 0.173937 0.653321 0.746761 0.596114 0.576535 0.444526 0.441007 0.417774 0.368508 0.025292 -0.079355 0.258554 -0.200417 0.525502 0.577734 0.561221 0.626443 0.576290 0.656348 -0.102971 -0.059844 -0.043515 -0.175748 -0.236504 -0.432396 -0.303330 -0.171372 -0.323444 -0.258515 -0.330516 -0.127824 0.264967 0.181617 -0.091697 0.110158 -0.456362 -0.109574 -0.511279 -0.267984 -0.367795 -0.392562 -0.007103 -0.187822 -0.099305 -0.184252 0.045629 -0.128402 0.363569 0.352368 0.410566 0.552115 0.420373 0.491094 0.215824 0.160066 0.531843 0.401922 0.359638 0.389305 0.281235 0.254422 0.172528 0.178627 0.096201 0.403312 0.332809 0.353290 -0.424863 -0.406908 -0.211358 -0.319733 0.072082 0.132277 -0.127558 -0.070254 -0.323302 -0.120948 -0.069891 -0.197874 -0.061982 -0.257157 -0.003571 0.101744 -0.160734 -0.179096 -0.005769 -0.159367 -0.253264 -0.265742 -0.103054 -0.271389 -0.017539 0.052943
-0.288157 -0.375064 0.551521 0.583210 0.193287 0.275666 0.293305 0.292266 0.149136 -0.056943 0.171607 0.035464 0.128709 0.178694 0.399535 0.157061 0.001101 -0.139871 0.096121 0.081199 0.022473 0.208566 1.000000 0.758753 0.232896 0.480705 0.187191 0.334211 -0.004421 -0.101059 0.502469 0.653236 -0.138561 -0.006257 0.108364 0.031036 -0.114540 -0.045578 -0.074681 -0.161332 0.051598 0.070178 -0.080365 -0.102684 -0.206708 -0.225081 -0.382557 -0.217880 -0.204724 -0.122335 -0.124680 -0.175303 -0.279347 -0.173579 -0.177417 -0.295174 -0.170254 -0.262861 -0.398153 -0.334987 -0.117644 -0.032828 -0.036287 -0.224063 0.486247 0.057925 -0.432458 -0.202541 -0.125578 -0.190512 0.330951 0.348176 -0.136851 0.198255 0.097285 0.106197 0.323378 0.369844 0.143916 0.058354 -0.173712 -0.052822 0.115241 0.151900 0.123444 -0.250353 -0.192414 -0.026580 0.236369 -0.023993 0.050232 -0.083009 0.297073 0.097111 -0.257746 -0.207402 -0.451814 -0.399680 -0.374701 -0.347680 0.035973 0.023535 -0.017958 -0.081164 0.073122 0.057441 -0.073039 -0.089777 -0.211215 -0.257009 -0.379875 -0.269023 -0.183537 -0.190532 -0.117859 -0.047827
-0.187874 -0.287861 0.370308 0.656690 0.094335 0.313934 0.190222 0.201299 -0.007006 -0.156759 0.107844 -0.002956 0.028717 0.191717 0.320114 0.068800 -0.175742 -0.244774 -0.001994 0.186110 -0.044770 0.173937 0.758753 1.000000 0.292872 0.565177 0.277382 0.577842 -0.209058 -0.254496 0.140412 0.333554 -0.241488 -0.176911 0.158135 0.107476 -0.142968 -0.008778 -0.007301 -0.073323 -0.000029 -0.094369 -0.160684 -0.158987 -0.286458 -0.289059 -0.365885 -0.130806 -0.179988 -0.197782 -0.191907 -0.288432 -0.252649 -0.083654 -0.050396 -0.361696 -0.170224 -0.285801 -0.288782 -0.273585 -0.225095 -0.092972 -0.230416 -0.464626 0.473646 0.079325 -0.425631 0.049503 0.025776 0.087206 0.263167 0.279825 -0.329515 0.065967 -0.105767 -0.071781 0.189578 0.329910 0.023986 -0.128713 -0.281363 -0.222313 0.094373 0.035048 0.129399 -0.318728 -0.169743 0.148807 0.408968 0.007142 0.290118 0.095241 0.456884 0.236987 -0.223668 -0.222048 -0.328181 -0.330471 -0.257151 -0.279164 0.078755 0.182641 -0.022955 0.117132 0.215927 0.154272 0.014316 -0.008563 -0.168221 -0.259537 -0.313958 -0.216955 -0.073983 -0.069204 -0.194121 0.008072
-0.315447 -0.309135 0.001834 -0.077161 0.177273 0.380654 -0.174163 -0.157132 0.090045 -0.000583 -0.323151 -0.350179 -0.247909 -0.228123 0.362149 0.284321 -0.082479 0.010798 -0.218136 -0.122888 0.506840 0.653321 0.232896 0.292872 1.000000 0.713088 0.596996 0.585588 0.119558 0.137427 0.009869 0.049945 -0.151615 -0.229454 0.270649 0.031655 0.344720 0.464487 0.494322 0.435272 0.456938 0.405323 -0.042927 0.018519 0.129878 0.030843 -0.205569 -0.278274 -0.095957 0.045260 -0.117715 -0.090709 -0.252070 0.048478 0.240657 0.130832 -0.131797 -0.006611 -0.294285 -0.010476 -0.458843 -0.184280 -0.388052 -0.484788 0.222619 -0.078717 0.006099 0.013349 0.036442 -0.100329 0.289702 0.120948 0.182352 0.410319 0.310418 0.364036 0.350767 0.254284 0.277708 0.213957 0.168766 0.138214 0.114412 0.149417 0.228634 0.094825 -0.027262 0.473120 0.369269 0.340894 -0.184074 -0.211282 0.041866 -0.144045 -0.060783 -0.000059 -0.066911 -0.151445 -0.235361 -0.208001 0.038045 -0.162091 0.042244 -0.251885 -0.078630 -0.006005 -0.206494 -0.319425 -0.189057 -0.151424 -0.187394 -0.311786 -0.240480 -0.325303 -0.238324 -0.095470
-0.315716 -0.262014 0.119713 0.261550 0.030868 0.450603 -0.161652 -0.080303 -0.116589 -0.215230 -0.190209 -0.193836 -0.159235 -0.050765 0.339886 0.201892 -0.017525 0.059546 -0.014567 0.025361 0.480142 0.746761 0.480705 0.565177 0.713088 1.000000 0.540248 0.756805 0.236139 0.185091 0.397319 0.463052 0.090260 0.017989 0.338731 0.005581 0.238593 0.404358 0.382678 0.404896 0.382655 0.382388 -0.154029 -0.025415 -0.095168 -0.180155 -0.295196 -0.363788 -0.322329 -0.154962 -0.290533 -0.288662 -0.420512 -0.081796 0.073683 -0.036411 -0.031905 0.121433 -0.486450 -0.162143 -0.538680 -0.187909 -0.484589 -0.474806 0.300268 0.032559 -0.160958 -0.061820 0.183548 -0.034839 0.273122 0.321480 0.185139 0.386174 0.276120 0.297261 0.202526 0.239331 0.407980 0.341051 0.162228 0.246958 0.142552 0.169070 0.267402 0.087037 -0.023681 0.450163 0.371826 0.282593 -0.264564 -0.347106 -0.019832 -0.249442 -0.057475 -0.116985 -0.239373 -0.275438 -0.393457 -0.338855 -0.070023 -0.185527 -0.108408 -0.320139 -0.066500 -0.024805 -0.248533 -0.250909 -0.183456 -0.245273 -0.293930 -0.381536 -0.301402 -0.241347 -0.144870 -0.123348
-0.120478 -0.096573 -0.107093 -0.078065 0.264016 0.628582 -0.186652 -0.214916 0.029211 0.008927 -0.135938 -0.295196 -0.127305 -0.176817 0.468765 0.348226 0.021273 -0.076992 -0.226657 -0.113906 0.611546 0.596114 0.187191 0.277382 0.596996 0.540248 1.000000 0.778263 0.135564 0.203419 0.032163 -0.043532 -0.181636 -0.403774 0.213581 0.017603 0.401171 0.250848 0.533397 0.356988 0.549398 0.265197 -0.251589 -0.150377 -0.187256 -0.230410 -0.264813 -0.245634 -0.345550 -0.236924 -0.398017 -0.363275 -0.382243 -0.101359 0.334602 0.133576 0.060912 0.078683 -0.152392 -0.179954 -0.302513 -0.142770 -0.343510 -0.473992 0.230988 -0.093789 -0.133373 -0.123544 0.181456 0.111077 0.158174 0.066600 0.122110 0.324824 0.184063 0.182954 0.123962 -0.013545 0.273450 0.270223 0.172792 0.143161 0.391559 0.115785 0.404519 0.149557 0.228728 0.431862 0.496271 0.365214 -0.263784 -0.211027 -0.065067 -0.051988 0.190119 0.108897 -0.033830 0.109163 -0.221621 0.017695 -0.091732 -0.009656 -0.046813 -0.040027 0.081977 0.210906 0.106848 0.012685 -0.063561 0.067024 -0.002986 -0.057401 -0.011816 -0.054509 0.030601 0.107427
-0.065239 -0.171516 -0.005316 0.203993 0.013082 0.523025 -0.195939 -0.221952 -0.190206 -0.211654 -0.116623 -0.214110 -0.151018 -0.059215 0.389256 0.210059 -0.075733 -0.084006 -0.100297 -0.009803 0.467676 0.576535 0.334211 0.577842 0.585588 0.756805 0.778263 1.000000 0.026846 0.044555 0.067546 0.049680 -0.012415 -0.285235 0.231029 0.119661 0.298518 0.320235 0.504628 0.369704 0.388202 0.224239 -0.277074 -0.125282 -0.250437 -0.340103 -0.330895 -0.253483 -0.341244 -0.278876 -0.341407 -0.336866 -0.357231 -0.077169 0.301953 0.021647 0.038240 0.132179 -0.244701 -0.198021 -0.402847 -0.221968 -0.448631 -0.557452 0.366244 0.043079 -0.124244 -0.029336 0.221384 0.148794 0.031500 0.041788 0.033150 0.211942 0.085460 0.064381 0.045394 0.050904 0.191883 0.207227 -0.009142 0.081900 0.280787 0.084953 0.426502 0.114067 0.191245 0.552170 0.569873 0.331823 -0.203229 -0.166914 0.072362 -0.019444 0.062645 -0.091084 -0.100956 -0.060653 -0.310288 -0.151575 -0.134576 0.004449 -0.134201 -0.101868 0.007313 0.105079 -0.039701 -0.047705 -0.115771 -0.074274 -0.051274 -0.195039 -0.132518 -0.038906 -0.032907 -0.020533
-0.181435 -0.005272 -0.083854 -0.156846 0.154491 0.164759 -0.258007 -0.173733 0.079193 0.048131 0.161442 0.118227 0.192500 0.123818 0.300541 0.530236 0.628247 0.640837 0.121033 0.095497 0.436787 0.444526 -0.004421 -0.209058 0.119558 0.236139 0.135564 0.026846 1.000000 0.840195 0.542585 0.435066 0.341433 0.297165 0.149431 -0.269271 0.385150 0.338045 0.194727 0.224583 0.493259 0.485166 -0.204100 -0.213954 -0.209734 -0.211682 -0.183358 -0.564888 -0.384339 -0.255760 -0.288525 -0.274564 -0.405838 -0.317650 -0.060005 -0.068716 0.010517 0.183575 -0.465606 -0.268661 -0.038621 -0.198198 0.218150 0.158031 -0.108135 -0.158020 -0.098996 -0.467191 0.027050 -0.104982 0.376136 0.437595 0.818350 0.578616 0.483306 0.563736 0.149932 0.142400 0.681945 0.697556 0.644347 0.797747 0.273862 0.404590 0.323469 0.486986 0.135707 0.095075 0.054556 0.129440 -0.552504 -0.600701 -0.510873 -0.553415 -0.022258 0.075573 -0.332564 -0.187862 -0.355741 -0.195992 -0.374421 -0.513394 -0.282567 -0.377381 -0.083130 -0.071488 -0.244393 -0.183210 -0.030887 -0.226520 -0.402232 -0.254881 -0.086385 -0.468117 -0.123377 -0.062370
-0.196454 0.073799 -0.187489 -0.183649 0.143940 0.218872 -0.381252 -0.171657 0.063380 0.155070 0.031817 0.082434 0.059917 0.088800 0.261076 0.543920 0.614092 0.638028 0.023700 0.046009 0.599373 0.441007 -0.101059 -0.254496 0.137427 0.185091 0.203419 0.044555 0.840195 1.000000 0.460917 0.297029 0.257017 0.163326 -0.014662 -0.285272 0.423950 0.342356 0.227070 0.269121 0.530355 0.457928 -0.166096 -0.187539 -0.183229 -0.177711 -0.090023 -0.412779 -0.385992 -0.239147 -0.380874 -0.293450 -0.410500 -0.230974 -0.037263 0.064249 0.092391 0.213731 -0.389579 -0.245399 -0.139072 -0.201323 0.054724 0.120109 -0.212178 -0.217206 -0.166296 -0.470187 -0.016775 -0.076827 0.400205 0.364071 0.861544 0.615009 0.517158 0.586801 0.100511 0.070511 0.597236 0.696164 0.596187 0.697459 0.206678 0.429178 0.207652 0.387223 0.203068 0.030194 0.012211 0.192774 -0.552594 -0.574782 -0.544807 -0.528709 0.063103 0.214122 -0.247610 -0.054561 -0.246247 -0.040846 -0.429329 -0.467416 -0.358524 -0.315676 -0.033747 0.026431 -0.180118 -0.075579 0.012447 -0.043185 -0.296003 -0.101098 0.040030 -0.359608 0.004234 0.071025
-0.325251 -0.159109 0.292686 0.226534 -0.012720 0.159218 -0.000524 0.065069 -0.044015 -0.099890 0.039093 0.084176 0.063570 0.087072 0.173584 0.227658 0.393624 0.292424 0.183293 -0.049990 0.326911 0.417774 0.502469 0.140412 0.009869 0.397319 0.032163 0.067546 0.542585 0.460917 1.000000 0.821397 0.212240 0.267890 0.034937 -0.347869 0.138291 0.151442 -0.011334 0.000928 0.287542 0.356007 0.053065 0.010256 -0.201908 -0.197875 -0.091837 -0.319294 -0.388955 -0.198771 -0.155471 -0.230469 -0.422048 -0.307115 -0.198842 -0.106389 -0.020134 0.009879 -0.562683 -0.398381 -0.138116 -0.171640 0.024166 0.130456 0.086288 0.002463 -0.340826 -0.522043 -0.184346 -0.240912 0.407862 0.502982 0.422160 0.394045 0.360945 0.391754 0.197660 0.193014 0.482819 0.460192 0.263402 0.488657 0.094475 0.184760 0.118096 0.174434 0.054334 -0.100754 -0.121244 -0.035471 -0.368011 -0.392206 -0.222686 -0.284760 0.032946 0.027288 -0.342466 -0.204733 -0.252565 -0.180152 -0.208664 -0.209864 -0.138876 -0.238054 0.025066 0.092311 -0.093314 -0.011644 -0.096602 -0.112546 -0.345353 -0.127044 -0.012150 -0.207379 0.108698 -0.000237
-0.311359 -0.227643 0.415228 0.444793 0.060740 0.068119 0.178163 0.307210 0.035763 -0.049898 0.163932 0.142057 0.147034 0.156704 0.193807 0.193099 0.263160 0.177385 0.242639 0.106036 0.124220 0.368508 0.653236 0.333554 0.049945 0.463052 -0.043532 0.049680 0.435066 0.297029 0.821397 1.000000 0.194232 0.438699 0.016952 -0.142102 -0.007924 0.117239 -0.096293 -0.000882 0.168089 0.335545 -0.017025 -0.046984 -0.190787 -0.160184 -0.249652 -0.374042 -0.320872 -0.149773 -0.169778 -0.226117 -0.332625 -0.270806 -0.338851 -0.236945 -0.098102 -0.028271 -0.516515 -0.337106 -0.098226 -0.051111 0.066423 0.063265 0.211539 0.011195 -0.338861 -0.360050 -0.139945 -0.306016 0.408598 0.491829 0.239694 0.353038 0.322369 0.380816 0.218986 0.315232 0.458132 0.282706 0.203920 0.341818 0.124350 0.341021 0.073904 -0.026317 -0.067856 -0.077589 -0.026499 -0.036315 -0.250506 -0.375891 -0.100347 -0.289304 -0.211098 -0.124363 -0.492766 -0.409421 -0.359524 -0.394729 -0.078336 -0.227515 -0.073172 -0.331363 -0.108776 -0.129390 -0.251358 -0.192674 -0.110553 -0.251198 -0.466502 -0.358734 -0.259717 -0.271713 -0.043221 -0.159466
0.301467 0.339022 -0.081837 -0.068418 -0.361429 -0.223966 -0.094689 -0.108526 -0.435202 -0.381330 0.194562 0.331351 0.172223 0.237794 -0.273368 -0.211058 0.372459 0.495226 0.265646 0.257465 -0.030672 0.025292 -0.138561 -0.241488 -0.151615 0.090260 -0.181636 -0.012415 0.341433 0.257017 0.212240 0.194232 1.000000 0.726787 0.117541 0.160069 0.028345 -0.022568 -0.028019 -0.003653 -0.084721 0.190208 -0.101733 0.060983 -0.157097 -0.196793 0.114275 -0.138359 -0.297578 -0.200094 -0.022515 -0.086045 -0.162403 -0.083494 -0.174717 0.020188 0.376813 0.639913 -0.131205 -0.058827 0.018976 0.079465 -0.063688 0.282148 -0.010382 0.242112 0.346748 -0.244558 0.337233 0.024346 -0.204111 -0.105622 0.317652 0.002187 0.165325 0.118170 -0.089142 -0.094172 0.216006 0.340434 0.333895 0.439854 -0.102570 0.063195 0.240508 0.362080 0.080641 0.095611 -0.248144 -0.012511 -0.549690 -0.427731 -0.445559 -0.429974 -0.083026 -0.166179 -0.092807 -0.175966 -0.245850 -0.288489 -0.357145 -0.375692 -0.185782 -0.575891 -0.537860 -0.521506 -0.322807 -0.245884 0.091431 -0.122650 0.042798 -0.225443 -0.362821 -0.192568 0.036893 -0.345412
0.182327 0.212170 0.141799 0.117763 -0.286663 -0.413101 0.175048 0.226084 -0.290178 -0.288671 0.322080 0.409456 0.287825 0.312574 -0.314239 -0.280768 0.260159 0.410818 0.437512 0.399396 -0.241418 -0.079355 -0.006257 -0.176911 -0.229454 0.017989 -0.403774 -0.285235 0.297165 0.163326 0.267890 0.438699 0.726787 1.000000 0.109869 0.241769 -0.165743 -0.101453 -0.293489 -0.160034 -0.205242 0.097668 -0.054720 0.047703 -0.142388 -0.062049 0.057811 -0.162821 -0.299986 -0.171222 -0.000948 -0.181918 -0.167602 -0.236674 -0.512785 -0.221832 0.193956 0.404585 -0.171171 -0.131454 0.203333 0.267451 0.178840 0.444412 0.055029 0.283872 0.211241 -0.165049 0.206890 -0.079041 -0.040725 0.077253 0.190327 -0.027217 0.120487 0.094064 -0.057701 0.093118 0.192104 0.147002 0.269976 0.324174 -0.122167 0.136100 0.058898 0.077231 -0.144320 -0.135793 -0.346969 -0.185207 -0.349505 -0.388618 -0.299709 -0.405165 -0.249194 -0.194719 -0.196815 -0.315144 -0.225811 -0.361839 -0.143394 -0.311869 -0.094065 -0.471447 -0.456411 -0.521788 -0.356999 -0.279319 0.064977 -0.165191 -0.028818 -0.273658 -0.373704 -0.194748 -0.018226 -0.381791
-0.219222 -0.147647 -0.114605 -0.201863 0.051029 0.232686 -0.063730 -0.239668 -0.013218 -0.278548 -0.000830 -0.071959 0.103387 0.014408 0.084558 -0.099023 0.045554 0.141750 -0.101809 -0.036975 0.154042 0.258554 0.108364 0.158135 0.270649 0.338731 0.213581 0.231029 0.149431 -0.014662 0.034937 0.016952 0.117541 0.109869 1.000000 0.310908 0.135792 0.077136 0.045895 0.007277 0.097515 0.131907 -0.132560 -0.101300 -0.062606 -0.046007 -0.248872 -0.297577 -0.302535 -0.207414 -0.133143 -0.280392 -0.314265 -0.320696 0.000191 -0.243781 0.107049 0.039545 -0.079092 -0.089359 -0.038723 0.146962 -0.198363 -0.218489 0.256168 0.247737 0.259358 0.236794 0.172769 0.234085 0.074548 0.244368 0.056301 0.223597 0.211259 0.006126 0.200130 0.184629 0.086317 0.082191 0.058330 0.125138 -0.181446 -0.200001 0.121517 0.016846 -0.334105 0.013865 0.033912 -0.154707 -0.144029 -0.103466 0.103496 0.022161 0.079925 0.171123 -0.109437 0.081308 -0.227826 0.067991 -0.008233 -0.103553 -0.037251 0.070329 0.212140 0.234524 0.182115 0.103250 0.035289 0.021564 0.045501 0.039929 0.105500 -0.065436 0.043286 0.270663
0.107209 -0.027325 0.096798 0.002049 -0.062155 -0.115735 0.237985 0.002262 -0.121392 -0.092366 0.156673 0.092034 0.163901 0.089236 0.040674 -0.232161 -0.244245 -0.152993 0.177414 0.124061 -0.211968 -0.200417 0.031036 0.107476 0.031655 0.005581 0.017603 0.119661 -0.269271 -0.285272 -0.347869 -0.142102 0.160069 0.241769 0.310908 1.000000 -0.099390 -0.058701 -0.004551 -0.105326 -0.182863 -0.065981 -0.174491 -0.075804 -0.100210 -0.001772 -0.237964 -0.032116 -0.162116 -0.138624 -0.019833 -0.120421 0.053268 -0.136014 -0.178771 -0.253225 -0.102687 0.002665 0.140361 -0.114491 0.212489 0.248385 0.057939 -0.040331 0.310960 0.276168 0.231006 0.337168 0.083296 -0.017959 -0.347751 -0.235195 -0.233273 -0.085807 -0.020332 -0.167336 0.086597 0.159572 -0.352722 -0.285364 -0.198907 -0.238538 -0.058759 -0.063555 0.144818 -0.185680 -0.109325 -0.047877 0.133366 -0.225508 0.045722 0.150186 0.155949 0.127810 -0.207791 -0.116660 0.024305 -0.021343 -0.207698 -0.108755 0.128771 0.133384 -0.079001 0.018400 -0.154407 -0.197783 -0.033879 -0.075353 0.200955 0.030413 0.317302 -0.013292 -0.256817 0.179598 0.015862 -0.037662
