1.000000 0.315699 0.024677 -0.210637 0.073757 -0.047120 0.075815 -0.052916 0.043524 -0.019625 0.385671 -0.023000 0.384412 0.146547 0.056035 0.094586 0.166492 -0.162490 0.197273 0.285081 -0.036426 -0.046635 -0.112368 -0.208947 -0.084772 -0.165767 0.140475 -0.027456 -0.002979 -0.081474 -0.214481 -0.268600 -0.002938 -0.191960 0.088928 0.053127 0.026155 -0.135574 -0.203746 -0.138220 -0.107363 0.022717 -0.208919 -0.239625 -0.008232 -0.211342 -0.269490 -0.211934 -0.033513 -0.080912 -0.178682 -0.101871 0.134048 -0.226786 -0.041334 -0.256382 0.174350 0.058386 0.267177 -0.076474 0.325012 0.097491 0.102299 -0.053762 -0.115462 -0.023880 -0.097307 -0.109730 0.141425 0.005332 -0.094702 -0.095254 -0.030107 -0.027958 0.048203 0.033323 0.073786 -0.107891 -0.122263 -0.080176 0.003009 -0.068776 -0.015396 0.029096 0.048751 0.110833 -0.087897 -0.144123 -0.043009 -0.127647 0.008488 0.072420 0.054888 0.032328 -0.093173 -0.188637 -0.067948 -0.174035 0.023978 0.113156 0.008323 0.078628 -0.071615 0.032361 -0.083896 -0.083037 -0.038107 0.180834 0.106745 0.022060 -0.136915 0.068556 0.133956 -0.023822 -0.166431 0.051117
0.315699 1.000000 -0.261884 0.006499 -0.123042 -0.110261 0.070756 0.300040 -0.073090 0.193886 -0.029555 0.258020 0.034300 0.312983 -0.168505 0.091177 0.118554 0.176544 0.028117 0.248600 -0.134394 -0.192836 -0.342922 -0.377397 -0.343521 -0.376889 -0.229280 -0.258428 -0.004336 0.130881 -0.261394 -0.286625 0.177649 0.111370 -0.023036 0.076408 -0.165422 -0.217700 -0.285814 -0.195309 -0.326800 -0.024932 -0.062236 -0.024530 0.149847 0.017893 -0.051760 -0.040690 -0.000648 0.248459 -0.256808 -0.016297 0.174070 -0.030636 -0.125412 -0.210459 0.190356 0.337475 0.112012 0.216176 0.251206 0.550553 0.225521 0.290095 -0.268539 0.198073 -0.052693 -0.225401 0.121854 -0.050403 -0.249036 -0.220933 0.115028 0.057242 0.014572 -0.025613 0.011584 -0.067564 -0.113958 0.024328 0.133925 0.185490 -0.244553 0.140984 -0.163871 -0.059670 -0.135412 -0.256381 -0.175206 -0.098151 0.188272 -0.095781 -0.006452 -0.294063 -0.511040 -0.273273 -0.233291 -0.347971 0.324499 0.032489 0.147571 -0.126776 0.034335 -0.118179 -0.157517 -0.371892 -0.013312 -0.200634 -0.087038 -0.371763 -0.270726 0.119597 0.163946 -0.107717 -0.160406 0.120877
0.024677 -0.261884 1.000000 0.306277 -0.124321 -0.027969 0.238653 0.065903 -0.045854 -0.200771 0.030656 -0.060370 -0.149232 -0.306439 -0.096886 -0.152352 -0.362138 -0.416504 0.384741 -0.081223 -0.054924 0.178444 0.456299 0.526104 0.341335 0.630927 -0.183890 0.126266 -0.365357 -0.497873 0.381361 0.251032 -0.147037 -0.179500 0.188524 0.300255 -0.103759 0.124594 -0.166074 0.146606 -0.119859 -0.112856 -0.035256 0.124651 -0.151755 0.018956 -0.202935 0.150868 -0.077162 -0.328155 0.122914 0.011652 -0.185148 -0.148408 -0.232585 -0.171725 -0.234064 -0.296799 -0.094779 -0.333586 -0.442986 -0.419172 -0.474074 -0.613394 0.121162 0.092425 -0.101754 0.467910 -0.144771 0.097693 0.440888 0.362376 -0.162642 0.030880 0.135566 0.183944 0.174154 0.205246 -0.282691 -0.156085 -0.372723 -0.470392 0.028835 -0.487766 0.104174 -0.097781 0.026114 0.237290 0.001622 -0.027324 0.148817 0.294153 0.151860 0.359453 0.118007 0.181238 0.174960 -0.144638 -0.063183 -0.157784 -0.161854 -0.056143 -0.016356 -0.049707 0.083229 0.125671 0.054516 0.173943 -0.070449 0.174492 0.337097 -0.256736 -0.167547 0.004099 -0.189064 -0.072189
-0.210637 0.006499 0.306277 1.000000 -0.125132 0.392616 0.147070 0.669884 0.140631 0.456218 -0.165966 0.149027 -0.326595 0.016344 -0.141587 0.131897 -0.402190 -0.275717 -0.068537 -0.094738 -0.018920 -0.100623 0.064247 0.451708 0.034130 0.244926 -0.243491 0.025528 -0.499516 -0.378442 0.161549 0.266968 -0.361500 -0.177607 0.093126 0.011195 -0.280475 -0.044144 -0.208175 0.047019 -0.174058 -0.191642 -0.156177 0.055528 -0.242594 -0.039658 -0.273504 0.104919 -0.321196 -0.479778 -0.072339 -0.174799 -0.251595 -0.058194 -0.281581 -0.291300 -0.346384 -0.427392 -0.190820 -0.167759 -0.379929 0.112569 -0.256088 -0.365346 0.173743 0.514155 -0.146717 0.448174 -0.240525 0.153124 0.115005 0.442388 -0.500413 -0.055076 -0.106189 0.048667 -0.226065 0.183301 -0.159484 -0.176466 -0.343676 -0.387722 -0.128151 -0.193277 0.010665 -0.163885 -0.025596 0.177354 0.052857 -0.008862 0.422731 0.290386 0.596670 0.381564 0.067832 0.032080 0.009685 0.120492 0.018341 -0.205864 0.238873 0.311240 0.234584 0.088498 0.146525 0.153113 0.331627 0.126511 -0.026635 0.099157 0.176458 -0.184783 -0.077091 0.027823 -0.049824 -0.028091
0.073757 -0.123042 -0.124321 -0.125132 1.000000 0.522772 0.151211 -0.191326 0.518184 0.236135 0.264036 -0.118666 0.270501 -0.055053 0.532617 0.235433 0.021285 -0.145647 -0.137269 0.054611 0.353262 -0.061735 0.016266 -0.040357 0.203098 -0.127568 0.712161 0.379464 0.101376 -0.144529 -0.203125 -0.185912 -0.241014 -0.187975 0.082064 0.052565 -0.175372 -0.264584 0.328626 0.066845 0.054536 -0.061725 -0.284037 -0.390983 0.173648 0.133120 -0.219166 -0.367903 0.066549 0.003349 -0.035330 -0.183950 -0.064836 -0.226742 0.367319 0.074545 -0.124487 -0.105097 0.143094 0.126862 0.109069 0.042574 -0.073742 0.009743 0.196119 -0.137056 0.056264 -0.107446 0.019656 0.335898 -0.075317 -0.344105 -0.154680 -0.161246 -0.154483 -0.017187 0.010453 -0.246727 -0.061587 0.057284 -0.027383 0.101836 0.444994 0.365934 0.279124 0.288855 0.370205 0.029860 0.315904 0.065884 -0.130470 -0.165592 0.078827 0.155583 -0.036421 0.067710 -0.156306 0.101008 0.041829 -0.125053 -0.002214 0.029632 -0.021168 -0.164038 -0.046986 -0.056477 -0.190094 -0.027525 -0.015993 -0.035320 -0.162146 0.139448 0.279813 0.138746 0.161802 0.163542
-0.047120 -0.110261 -0.027969 0.392616 0.522772 1.000000 0.132705 0.272962 0.280606 0.544931 0.051911 -0.033710 0.064109 -0.020422 0.247988 0.210139 -0.134801 -0.223785 -0.321999 -0.060874 0.298642 0.081055 -0.083122 0.071306 0.126052 -0.036704 0.461458 0.250475 -0.087806 -0.184132 -0.164367 -0.088009 -0.244105 -0.105817 0.046682 -0.025250 -0.273713 -0.314427 0.167248 0.215633 -0.144907 -0.160103 -0.236052 -0.240594 0.091822 0.115108 -0.214039 -0.278750 -0.233106 -0.263990 -0.119542 -0.370994 -0.140880 -0.282314 0.183722 -0.039137 -0.269038 -0.273090 0.022763 0.037948 -0.053054 0.180626 -0.082001 -0.107804 0.237009 0.202380 0.031881 0.136855 -0.115638 0.315187 -0.073333 0.046069 -0.448677 -0.235400 -0.396148 -0.068321 -0.311718 -0.188334 -0.059986 0.010011 -0.089903 -0.035028 0.174006 0.210662 0.238933 0.061831 0.207256 0.154462 0.212747 0.032243 0.072741 -0.091064 0.302312 0.273391 0.266560 0.105065 0.043738 0.238735 0.056014 -0.106319 0.202367 0.267152 0.153578 -0.021972 0.150300 0.080000 0.055259 0.082934 0.154757 0.158527 -0.135817 0.047797 0.241611 0.202300 0.316063 0.304835
0.075815 0.070756 0.238653 0.147070 0.151211 0.132705 1.000000 0.282182 0.280462 0.241950 0.106795 0.211320 0.180462 0.203084 0.045966 0.135696 -0.024820 0.070363 0.193466 0.402235 0.166545 -0.016829 -0.231576 -0.130526 -0.285881 -0.165229 -0.125684 -0.212434 0.173276 0.165799 0.164943 0.181022 0.066791 0.265872 0.122381 0.140689 -0.197911 -0.120456 -0.107279 -0.055386 0.166576 -0.068153 -0.194642 -0.200837 0.177513 -0.029463 -0.254893 -0.246760 -0.208768 -0.236721 -0.348843 -0.353190 -0.132156 -0.117688 -0.234811 -0.244410 -0.157256 -0.140824 -0.003034 -0.351548 0.182054 0.039109 0.013150 0.017864 0.008530 0.091914 -0.182905 -0.135150 -0.124952 -0.051059 0.069138 -0.018267 0.190882 0.020948 0.021735 0.108091 0.139213 0.180142 -0.050721 0.256451 -0.202987 -0.065149 0.123603 0.147212 -0.166572 -0.307224 -0.025193 -0.190235 -0.141359 -0.220341 -0.023530 0.114829 0.046911 0.055281 -0.065713 0.045952 -0.157629 0.062144 -0.040159 -0.038799 0.054687 0.102164 0.124973 -0.062197 -0.122212 -0.070428 0.090083 0.056010 -0.056778 0.166340 0.016517 0.047964 0.071235 0.024152 -0.049552 0.150835
-0.052916 0.300040 0.065903 0.669884 -0.191326 0.272962 0.282182 1.000000 0.074574 0.682977 -0.150484 0.337615 -0.078027 0.483845 -0.202364 0.308380 -0.137655 -0.070432 -0.241514 -0.016367 -0.066785 -0.348590 -0.398994 -0.103746 -0.411690 -0.232696 -0.379597 -0.259737 -0.349517 -0.005936 0.005434 -0.052315 -0.175658 0.051872 -0.099357 0.090770 -0.347847 -0.230296 -0.442894 -0.137390 -0.278605 -0.250691 -0.037555 0.029804 -0.011109 0.020539 -0.158867 0.121950 -0.190743 -0.207349 -0.236069 -0.159327 -0.000581 -0.075654 -0.257657 -0.313101 -0.130052 -0.200628 0.049765 -0.114391 0.030353 0.410113 0.027801 -0.009641 -0.083579 0.462400 -0.168290 0.154144 -0.135211 0.103747 -0.063818 0.209372 -0.268605 -0.153142 -0.208667 0.088436 -0.229478 0.022295 -0.137639 -0.101906 -0.222278 -0.250064 -0.403224 -0.095308 -0.305017 -0.376524 -0.255401 -0.356559 -0.212302 -0.212333 0.377892 0.253234 0.465034 0.257322 -0.122692 -0.122846 -0.130490 0.090855 0.104464 -0.073396 0.262489 0.228382 0.243764 0.072714 0.092996 -0.026170 0.361499 0.050974 -0.057274 0.028772 -0.014335 -0.087365 0.015810 -0.018524 -0.021046 0.063411
0.043524 -0.073090 -0.045854 0.140631 0.518184 0.280606 0.280462 0.074574 1.000000 0.336726 0.188901 -0.151657 0.193221 0.054503 0.406187 0.315897 0.019906 -0.090340 -0.081618 0.076705 0.272694 -0.156813 -0.047838 0.075878 -0.020993 -0.098349 0.338037 0.172033 -0.024452 -0.094029 -0.064564 -0.040361 -0.295122 -0.124997 0.013399 -0.014805 -0.173810 -0.076122 0.120630 -0.023964 0.062647 -0.129787 -0.389404 -0.345024 -0.012688 -0.056679 -0.328993 -0.346386 -0.134966 -0.251445 -0.224277 -0.213499 -0.171739 -0.221349 0.058323 -0.022585 -0.032649 -0.003295 0.081443 -0.042725 0.063450 0.056598 -0.095410 -0.032281 0.070608 0.004780 -0.080453 -0.088511 0.116292 0.267319 -0.037833 -0.231422 -0.109932 -0.054134 -0.010224 0.142329 -0.015465 -0.027162 -0.101131 0.069279 -0.080458 -0.014943 0.202510 0.196046 0.040106 0.121669 0.194340 -0.064236 0.205626 0.109527 0.062058 0.079312 0.326610 0.279345 -0.048717 0.153439 -0.158125 0.158848 -0.027563 -0.025731 0.016787 0.063730 0.098656 0.118733 -0.048608 0.004359 0.014004 -0.020578 0.072922 -0.068026 -0.023946 0.185899 0.168432 0.087314 0.027967 0.097322
-0.019625 0.193886 -0.200771 0.456218 0.236135 0.544931 0.241950 0.682977 0.336726 1.000000 0.022782 0.235840 0.033949 0.353898 0.093828 0.394318 -0.003718 -0.135672 -0.345510 0.037891 0.113613 -0.253024 -0.415915 -0.178522 -0.237253 -0.322287 0.117351 -0.082720 -0.103765 0.004788 -0.104298 -0.112752 -0.171930 0.036246 0.034006 0.056673 -0.304224 -0.209489 -0.098295 -0.024643 -0.175359 -0.191739 -0.242305 -0.241357 0.057375 0.030843 -0.206976 -0.177983 -0.312013 -0.220499 -0.366316 -0.383020 -0.048654 -0.172552 -0.073507 -0.237231 -0.088036 -0.131923 0.110950 -0.026181 0.150485 0.464136 -0.061289 0.032362 0.156239 0.397962 -0.117489 0.003094 -0.066521 0.219688 -0.163447 0.029520 -0.295609 -0.180172 -0.330506 0.015196 -0.228621 -0.043144 0.029504 0.094814 -0.114741 -0.044942 -0.158678 0.145205 -0.054087 -0.102949 -0.018356 -0.302027 0.058448 -0.121147 0.207497 0.036658 0.523586 0.262862 -0.017629 -0.079136 -0.200472 0.092508 -0.022357 -0.125457 0.300729 0.298263 0.275245 0.069238 0.110838 0.022919 0.149120 -0.009664 -0.068317 -0.011397 -0.180615 -0.039306 0.120733 -0.037967 0.169749 0.215500
0.385671 -0.029555 0.030656 -0.165966 0.264036 0.051911 0.106795 -0.150484 0.188901 0.022782 1.000000 0.165300 0.453613 -0.035942 0.498699 0.345985 -0.109859 -0.111471 0.182397 0.109049 0.223303 0.111614 0.278421 0.036148 0.289841 0.093876 0.249340 0.146865 0.285724 0.011373 0.122075 0.061151 0.043407 0.007413 0.121352 0.131458 -0.094265 -0.130898 0.060451 0.004350 0.078709 -0.258831 -0.305346 -0.295766 -0.095288 -0.226117 -0.203236 -0.403345 -0.160127 -0.092988 -0.128664 -0.196569 -0.283083 -0.106380 -0.025383 -0.005052 0.037845 0.050664 0.094427 -0.089841 0.251221 -0.015732 -0.238599 -0.209456 0.416759 0.102145 0.004443 -0.228502 0.125028 0.071720 -0.328811 -0.126915 -0.039999 -0.173860 0.106143 0.028752 0.138289 -0.136955 -0.032714 0.254418 -0.189279 -0.038734 0.264413 0.076512 0.150103 0.150494 0.079072 0.110453 0.194826 0.090870 -0.340179 -0.177172 -0.038683 0.093361 -0.134074 0.051820 -0.226428 -0.156507 -0.411038 -0.199372 -0.215861 -0.014273 -0.329744 -0.127822 -0.169677 -0.051309 -0.195569 -0.069465 0.116893 0.049249 -0.094962 -0.170657 0.006736 -0.131162 0.099635 0.049779
-0.023000 0.258020 -0.060370 0.149027 -0.118666 -0.033710 0.211320 0.337615 -0.151657 0.235840 0.165300 1.000000 0.019787 0.318897 0.006203 0.337446 -0.111089 0.271502 -0.093228 -0.086761 0.046230 0.122603 0.041786 -0.219323 -0.132048 0.030609 -0.164287 -0.076887 0.238708 0.405643 0.086897 0.262305 0.285667 0.417465 -0.184115 -0.065452 -0.034542 -0.130973 -0.035406 -0.059206 0.095862 0.006341 -0.003432 0.028339 -0.146317 -0.057251 0.042233 -0.141466 -0.205032 -0.014097 -0.309782 -0.213389 -0.244893 -0.039538 -0.217988 -0.093793 0.176397 0.139104 -0.276752 -0.319547 0.094163 0.147874 -0.057531 0.102608 0.167790 0.407699 -0.268200 -0.237253 -0.164502 -0.272868 -0.371276 -0.061247 0.184920 0.077252 0.099736 0.154217 0.142057 0.084414 0.137765 0.326493 0.009620 0.165373 -0.027527 0.127434 -0.002547 0.064401 -0.012693 0.034443 -0.197707 -0.250318 -0.314544 -0.365878 -0.047641 -0.213887 -0.103208 -0.034229 0.028793 -0.222439 -0.222356 -0.307507 -0.007985 -0.149706 -0.096223 -0.452120 -0.302905 -0.141577 0.020880 -0.176889 -0.191289 0.004819 -0.194471 -0.191203 -0.102987 -0.206338 -0.073352 0.027870
0.384412 0.034300 -0.149232 -0.326595 0.270501 0.064109 0.180462 -0.078027 0.193221 0.033949 0.453613 0.019787 1.000000 0.463127 0.309034 0.360308 0.192284 -0.089433 -0.173355 -0.097517 0.047472 -0.031129 -0.152100 -0.388639 -0.224184 -0.293842 0.164636 0.088554 0.160352 0.164192 -0.326463 -0.349833 -0.032070 -0.003316 -0.102221 0.127489 0.041621 -0.120311 -0.019510 -0.062028 -0.022412 -0.059102 -0.068676 -0.113479 0.067248 -0.080450 -0.114500 -0.125807 0.111355 0.042884 0.012897 -0.042408 0.263831 -0.218855 0.056672 -0.027317 0.054321 0.061466 0.467569 0.106504 0.659143 0.224044 0.138536 0.010851 -0.188763 -0.123625 -0.103612 -0.322663 0.034749 0.047390 -0.132516 -0.239470 -0.052295 -0.185465 0.027995 -0.030413 0.085685 -0.143017 -0.015491 0.247270 0.061432 0.091770 -0.093774 0.144064 -0.321892 -0.165420 -0.295022 -0.292622 -0.158977 0.119918 -0.132764 -0.062823 -0.122177 0.052052 -0.031234 -0.043456 -0.129211 0.109897 -0.214215 0.069509 0.083159 -0.081047 -0.023891 0.068394 -0.001739 -0.175819 -0.092288 -0.175786 0.068485 -0.005231 -0.108182 0.109731 0.180973 -0.090491 0.090757 0.125111
0.146547 0.312983 -0.306439 0.016344 -0.055053 -0.020422 0.203084 0.483845 0.054503 0.353898 -0.035942 0.318897 0.463127 1.000000 -0.044440 0.553724 0.145083 0.111409 -0.341240 -0.146692 -0.248486 -0.352941 -0.412471 -0.454723 -0.541363 -0.431919 -0.207561 -0.097653 -0.152277 0.323373 -0.216908 -0.290660 -0.015855 0.080808 -0.159275 0.172203 -0.090585 -0.106481 -0.356795 -0.242355 -0.070996 0.000313 -0.083090 -0.104203 -0.007440 -0.136482 -0.142667 -0.001528 0.035703 0.054332 -0.170641 0.026444 0.325162 -0.064584 -0.129753 -0.253652 0.011019 0.041919 0.419901 0.175751 0.550264 0.547395 0.298018 0.292685 -0.402401 0.186427 -0.166351 -0.231031 -0.068372 -0.073080 -0.198561 -0.144923 -0.055127 -0.080462 -0.125130 0.071660 -0.163637 -0.130944 -0.147249 0.057175 -0.044799 -0.008224 -0.437914 0.105843 -0.524579 -0.294386 -0.523837 -0.572953 -0.325862 -0.010977 0.130523 0.088145 0.033575 -0.063231 -0.170469 -0.151168 -0.188427 0.073618 0.012128 0.091599 0.170177 -0.169725 0.230109 0.050319 0.020111 -0.111299 0.177359 -0.103228 -0.136736 -0.046635 -0.078572 0.097404 0.132085 -0.142606 -0.050903 0.034545
0.056035 -0.168505 -0.096886 -0.141587 0.532617 0.247988 0.045966 -0.202364 0.406187 0.093828 0.498699 0.006203 0.309034 -0.044440 1.000000 0.456409 -0.185674 -0.079617 0.138079 0.150318 0.204922 0.122730 0.414134 0.094915 0.326973 0.111249 0.542910 0.514589 0.183784 0.048373 0.166878 0.037522 -0.096856 -0.081793 0.136416 0.141515 -0.148915 -0.197979 0.310712 -0.033993 0.234485 -0.124678 -0.490649 -0.499874 -0.178653 -0.163743 -0.281853 -0.382098 -0.262321 -0.064319 -0.244398 -0.313417 -0.343910 -0.122702 0.098814 -0.069018 -0.028823 0.120147 0.099404 0.069712 0.126007 -0.021023 -0.330142 -0.148708 0.278195 -0.122276 -0.088267 -0.393852 0.248759 0.424588 -0.229186 -0.118071 -0.159453 -0.187983 -0.007526 0.025608 -0.100563 -0.172490 -0.205928 0.162776 -0.096630 0.095396 0.646211 0.376674 0.237411 0.175552 0.381360 0.118566 0.402256 -0.025105 -0.179875 -0.041592 0.058692 0.229348 -0.078398 0.101045 -0.323912 0.027652 -0.307172 -0.197744 -0.259253 -0.114453 -0.311511 -0.135808 -0.144914 -0.008927 -0.162963 -0.000897 0.084696 -0.058875 0.015706 0.060685 0.077980 0.022898 0.108955 0.004809
0.094586 0.091177 -0.152352 0.131897 0.235433 0.210139 0.135696 0.308380 0.315897 0.394318 0.345985 0.337446 0.360308 0.553724 0.456409 1.000000 -0.134438 0.033755 -0.152549 -0.019620 -0.117012 -0.047668 0.062874 -0.041849 -0.025266 -0.031003 0.174996 0.252286 -0.034003 0.213645 0.048830 0.053558 -0.094729 -0.001114 0.008647 0.137810 -0.256375 -0.192300 -0.066498 -0.123590 0.131944 -0.004637 -0.385974 -0.368921 -0.244672 -0.237936 -0.298985 -0.229656 -0.168478 -0.150848 -0.314504 -0.197903 -0.133267 -0.127681 -0.100322 -0.155798 -0.013066 0.032339 0.150317 -0.035391 0.259401 0.280580 -0.187942 -0.035686 0.031057 0.151514 -0.214891 -0.269590 -0.032267 0.118736 -0.300205 -0.142148 -0.198471 -0.124613 -0.046227 0.108801 -0.077174 -0.155939 -0.188293 0.222035 -0.160826 -0.002229 0.057859 0.282213 -0.108469 -0.062041 -0.116105 -0.164156 0.099502 0.024335 -0.088812 -0.053757 0.263409 0.187353 -0.163287 -0.099395 -0.250487 0.048015 -0.250411 -0.136416 0.128636 -0.184152 0.085158 -0.047953 -0.148580 0.073704 0.012836 -0.105168 -0.129575 -0.020986 -0.086374 -0.046902 -0.007924 -0.223247 0.030930 -0.031923
0.166492 0.118554 -0.362138 -0.402190 0.021285 -0.134801 -0.024820 -0.137655 0.019906 -0.003718 -0.109859 -0.111089 0.192284 0.145083 -0.185674 -0.134438 1.000000 0.393410 -0.104455 0.118132 0.108693 -0.256624 -0.379295 -0.469783 -0.319470 -0.434413 -0.025424 -0.191483 0.336495 0.320795 -0.243764 -0.258715 -0.051739 0.138528 -0.245706 -0.185133 0.237285 0.134621 -0.032267 0.065889 0.159072 0.386442 0.165843 0.036428 0.091430 -0.056549 0.111571 -0.157547 0.152606 0.069315 -0.049250 -0.010759 0.220265 -0.119086 0.066503 0.083924 0.283012 0.257706 -0.012601 -0.015561 0.297640 0.123051 0.572399 0.432508 -0.263150 -0.185945 -0.070549 -0.320123 -0.000653 -0.184293 -0.049303 -0.362816 0.445742 0.162361 0.198088 0.032654 0.388007 0.083743 0.442884 0.136276 0.678230 0.479477 -0.198819 0.183932 -0.132895 0.042807 -0.246058 -0.300790 -0.181831 0.082723 -0.217063 -0.066103 -0.230305 -0.268422 -0.025726 0.089770 -0.045227 0.036113 0.179987 0.353053 0.095239 0.177618 0.174745 0.156363 -0.029375 -0.225420 0.075753 -0.083273 0.141682 0.131549 -0.329197 0.219508 0.057805 0.112626 0.254603 0.190325
-0.162490 0.176544 -0.416504 -0.275717 -0.145647 -0.223785 0.070363 -0.070432 -0.090340 -0.135672 -0.111471 0.271502 -0.089433 0.111409 -0.079617 0.033755 0.393410 1.000000 -0.031228 0.168242 0.126870 -0.041666 -0.116868 -0.324139 -0.344777 -0.212417 -0.207945 -0.240198 0.579483 0.688252 0.010294 0.257362 0.339924 0.519576 -0.189204 -0.288646 0.078781 0.035382 -0.031290 -0.167198 0.291202 0.258700 0.083171 -0.052810 -0.097722 -0.179677 0.215521 -0.138226 -0.033493 0.072904 -0.299026 -0.115872 -0.208463 0.117086 -0.175090 0.140264 0.242412 0.415127 -0.409406 -0.229535 0.174986 0.104119 0.420088 0.624367 0.001878 -0.022643 -0.325352 -0.585813 -0.167130 -0.397795 -0.265076 -0.321074 0.611796 0.265330 0.197563 0.115013 0.263545 0.042112 0.288038 0.360914 0.494962 0.577203 0.094044 0.354186 -0.066417 -0.021024 -0.001523 -0.128218 -0.082689 -0.198484 -0.279536 -0.230022 -0.292657 -0.312798 -0.076961 -0.068713 -0.083703 -0.030206 0.121374 0.240631 -0.034376 -0.045763 -0.004123 -0.117698 -0.268277 -0.128812 -0.071708 -0.214499 -0.073897 -0.028529 -0.184680 0.163946 -0.124241 0.030943 0.054718 0.028071
0.197273 0.028117 0.384741 -0.068537 -0.137269 -0.321999 0.193466 -0.241514 -0.081618 -0.345510 0.182397 -0.093228 -0.173355 -0.341240 0.138079 -0.152549 -0.104455 -0.031228 1.000000 0.465457 -0.043541 0.032321 0.369107 0.289037 0.220284 0.304834 -0.140199 0.095292 0.040480 -0.144101 0.235981 0.168171 -0.016661 -0.089502 0.192377 0.113887 -0.094376 -0.008284 -0.137350 -0.057799 0.068508 -0.009257 -0.131469 -0.036986 -0.112256 -0.158565 -0.096911 0.056580 -0.096093 -0.082403 -0.103837 -0.022703 -0.247348 0.034556 -0.166016 -0.029290 -0.030133 0.112671 -0.243005 -0.251120 -0.220783 -0.391703 -0.293345 -0.302890 0.145794 -0.202166 -0.111860 0.012316 0.106013 0.015533 0.153143 0.012197 0.160710 0.008803 0.207379 0.065374 0.158588 0.108468 -0.249491 -0.062557 -0.163045 -0.175915 0.311356 -0.126671 0.124926 0.003761 0.096455 0.146312 0.071535 -0.130204 0.058122 0.286602 0.009810 0.038261 -0.109647 0.047859 -0.099557 -0.216808 -0.007517 0.047399 -0.222492 0.035986 -0.190164 0.042044 -0.004400 0.129634 -0.015256 0.187423 -0.007848 -0.001170 0.223110 0.062715 -0.251171 0.028863 -0.086969 -0.051890
0.285081 0.248600 -0.081223 -0.094738 0.054611 -0.060874 0.402235 -0.016367 0.076705 0.037891 0.109049 -0.086761 -0.097517 -0.146692 0.150318 -0.019620 0.118132 0.168242 0.465457 1.000000 0.055200 -0.044705 -0.185813 -0.060546 -0.116297 -0.221124 0.063800 -0.100468 0.194430 0.057219 -0.007755 -0.060463 0.071680 0.079230 0.192910 -0.019548 -0.089788 -0.043803 0.019943 -0.108772 0.121135 0.113772 -0.240013 -0.258025 0.008091 -0.171732 -0.167256 -0.103609 -0.129069 -0.039058 -0.476370 -0.222245 -0.137395 -0.014511 -0.026272 -0.098159 0.095785 0.098488 -0.195554 -0.131281 -0.004798 -0.099415 0.021635 0.069806 -0.093132 -0.281248 -0.110793 -0.268320 0.220975 0.190141 -0.007647 0.014613 0.163802 0.090746 0.020059 -0.037530 -0.007719 0.079728 -0.074958 0.085551 0.041226 0.057143 0.355851 0.260660 0.076805 -0.098859 0.209711 0.009159 0.011536 -0.154767 0.140817 0.283720 -0.015320 -0.029615 -0.135609 -0.164302 -0.271024 -0.004379 0.171737 0.142242 -0.064573 0.143993 -0.091373 0.026310 -0.082181 0.007347 -0.020615 0.075860 0.058218 -0.136808 0.072139 0.172025 -0.062304 0.015579 -0.079176 0.085509
-0.036426 -0.134394 -0.054924 -0.018920 0.353262 0.298642 0.166545 -0.066785 0.272694 0.113613 0.223303 0.046230 0.047472 -0.248486 0.204922 -0.117012 0.108693 0.126870 -0.043541 0.055200 1.000000 0.201051 0.064665 0.060562 0.253959 0.105092 0.418063 0.145737 0.295938 0.035293 0.092986 0.202986 -0.064303 0.166761 -0.000106 -0.211015 -0.017505 -0.112746 0.349575 0.074510 0.152479 -0.107980 -0.074742 -0.053812 0.027831 0.108727 -0.042675 -0.337838 -0.229586 -0.165206 -0.172625 -0.422751 -0.351159 -0.272177 0.062107 0.048434 0.051965 0.084192 -0.098593 -0.176633 0.042679 -0.075215 0.127949 0.056081 0.285865 0.023676 -0.066235 -0.158325 0.059843 -0.022935 -0.053142 -0.127560 0.105899 -0.271731 -0.180086 -0.068376 -0.061670 -0.097206 0.211261 0.164743 0.178776 0.219064 0.340431 0.227918 0.211933 0.190875 0.351630 0.188075 0.141535 -0.192037 -0.331892 -0.286150 -0.144829 -0.152245 0.157053 0.042050 0.165462 0.090391 -0.110365 -0.246438 -0.239749 0.019494 -0.230169 -0.228876 -0.188319 -0.009750 -0.186648 -0.060133 0.084682 0.137645 -0.048628 -0.057668 0.033084 -0.000801 0.106830 0.142557
-0.046635 -0.192836 0.178444 -0.100623 -0.061735 0.081055 -0.016829 -0.348590 -0.156813 -0.253024 0.111614 0.122603 -0.031129 -0.352941 0.122730 -0.047668 -0.256624 -0.041666 0.032321 -0.044705 0.201051 1.000000 0.367796 0.238054 0.428647 0.353956 0.253545 0.208300 0.231931 -0.015027 0.138276 0.319515 0.231508 0.167429 0.070446 -0.118484 0.197645 -0.067885 0.340058 0.148052 0.121699 -0.047020 0.044549 0.087216 0.010364 0.022049 0.065997 -0.094117 -0.168740 -0.029029 -0.008711 -0.194365 -0.234825 -0.122479 0.021527 0.090648 0.112725 0.084284 -0.207725 -0.189413 -0.101422 -0.309964 -0.201602 -0.158960 0.188186 -0.067914 0.037585 -0.053646 -0.058115 -0.154247 0.035383 0.065571 0.032403 -0.032481 -0.085167 -0.054488 -0.005199 0.092864 0.057732 0.199020 -0.094865 0.079807 0.368384 0.089070 0.261375 0.211527 0.370635 0.462324 0.124564 -0.176958 -0.350105 -0.430505 -0.326142 -0.192931 0.218171 0.052048 0.278853 -0.078211 -0.186927 -0.266219 -0.254797 -0.144742 -0.288812 -0.204115 -0.225386 -0.010966 -0.348577 -0.149121 0.137327 0.062514 0.039094 -0.063249 -0.190183 -0.192906 -0.109947 0.018168
-0.112368 -0.342922 0.456299 0.064247 0.016266 -0.083122 -0.231576 -0.398994 -0.047838 -0.415915 0.278421 0.041786 -0.152100 -0.412471 0.414134 0.062874 -0.379295 -0.116868 0.369107 -0.185813 0.064665 0.367796 1.000000 0.676745 0.728423 0.832855 0.192001 0.517590 -0.046053 -0.208664 0.496826 0.509254 0.005898 -0.119242 0.245049 0.128629 0.038776 0.093225 0.177986 0.122794 0.151721 0.024146 -0.276571 -0.144397 -0.431872 -0.221301 -0.119450 -0.166080 -0.233020 -0.195060 0.066002 -0.078112 -0.488362 0.013440 -0.132619 0.013207 -0.010718 0.038564 -0.241402 -0.200381 -0.400680 -0.472021 -0.567402 -0.483661 0.413385 -0.012445 -0.138874 -0.004052 0.015804 0.099025 0.107135 0.163275 -0.089819 0.096357 0.313930 0.162987 0.152103 0.071237 -0.165734 0.018224 -0.160366 -0.084532 0.438669 -0.151614 0.434591 0.331626 0.288823 0.590601 0.420508 0.121651 -0.267105 -0.105521 -0.020323 0.135453 0.028470 0.253399 0.047348 -0.211543 -0.325069 -0.332642 -0.389514 -0.250515 -0.375938 -0.215992 -0.176291 0.076551 -0.172316 -0.014229 -0.002868 -0.004106 0.228468 -0.322077 -0.210482 0.046315 -0.046288 -0.148452
-0.208947 -0.377397 0.526104 0.451708 -0.040357 0.071306 -0.130526 -0.103746 0.075878 -0.178522 0.036148 -0.219323 -0.388639 -0.454723 0.094915 -0.041849 -0.469783 -0.324139 0.289037 -0.060546 0.060562 0.238054 0.676745 1.000000 0.630985 0.789425 0.074808 0.325963 -0.351989 -0.522016 0.420876 0.495102 -0.311968 -0.362021 0.269860 0.012939 -0.073631 0.109917 0.084327 0.186172 0.074446 0.019002 -0.207222 -0.018177 -0.350044 -0.170305 -0.135013 0.100354 -0.209173 -0.342867 0.131895 -0.020453 -0.356422 0.129757 -0.170650 -0.003678 -0.232323 -0.249120 -0.206107 -0.144298 -0.593506 -0.434049 -0.547582 -0.572457 0.282842 0.004253 -0.090793 0.341390 -0.071998 0.168364 0.332674 0.394652 -0.293560 -0.025724 0.074109 0.048162 -0.101748 0.129812 -0.255992 -0.239649 -0.364992 -0.387301 0.242811 -0.302903 0.329013 0.162939 0.223208 0.583251 0.385012 0.204606 0.114724 0.205603 0.221452 0.251091 0.083792 0.158898 0.107821 0.026634 -0.172824 -0.275821 -0.216741 0.013147 -0.173072 0.012481 0.071193 0.326612 0.032221 0.139053 0.002871 0.016856 0.358755 -0.307383 -0.293651 0.108634 -0.051799 -0.173103
-0.084772 -0.343521 0.341335 0.034130 0.203098 0.126052 -0.285881 -0.411690 -0.020993 -0.237253 0.289841 -0.132048 -0.224184 -0.541363 0.326973 -0.025266 -0.319470 -0.344777 0.220284 -0.116297 0.253959 0.428647 0.728423 0.630985 1.000000 0.662230 0.442709 0.432023 -0.075788 -0.420697 0.341849 0.345769 -0.088589 -0.274517 0.334173 0.074003 0.063093 0.115404 0.355423 0.150116 0.061859 -0.088549 -0.263097 -0.166792 -0.247175 -0.138203 -0.145698 -0.193229 -0.159140 -0.166003 0.123294 -0.086324 -0.421859 0.023133 0.022324 0.072971 0.019082 -0.056010 -0.133539 -0.033969 -0.400391 -0.434178 -0.516450 -0.461362 0.388065 -0.047190 0.202912 0.200884 0.087674 0.218926 0.066077 0.146860 -0.229227 -0.183165 0.003220 0.006864 0.035106 -0.016183 -0.137239 -0.106011 -0.215351 -0.205178 0.469079 -0.054049 0.507424 0.509808 0.381379 0.587201 0.469538 0.135697 -0.238410 -0.159978 0.011018 0.087792 0.054959 0.209672 0.045504 -0.168999 -0.295171 -0.372575 -0.320179 -0.092686 -0.375758 -0.079263 -0.077591 0.138119 -0.269394 -0.000206 0.111887 -0.013500 0.092124 -0.339513 -0.163606 0.105002 0.034993 -0.103626
-0.165767 -0.376889 0.630927 0.244926 -0.127568 -0.036704 -0.165229 -0.232696 -0.098349 -0.322287 0.093876 0.030609 -0.293842 -0.431919 0.111249 -0.031003 -0.434413 -0.212417 0.304834 -0.221124 0.105092 0.353956 0.832855 0.789425 0.662230 1.000000 0.054215 0.397479 -0.243481 -0.345257 0.548854 0.592149 -0.034159 -0.101488 0.187644 0.061529 0.002369 0.214364 0.131766 0.207552 0.054897 0.079625 -0.175701 0.011778 -0.444425 -0.157936 -0.093717 0.033123 -0.282219 -0.307654 0.048035 -0.081638 -0.439579 0.033816 -0.224084 0.009439 -0.066566 -0.070295 -0.303603 -0.322396 -0.576571 -0.509233 -0.603796 -0.585134 0.296244 0.051864 -0.240619 0.214995 -0.062209 0.034832 0.218326 0.402829 -0.160648 0.086294 0.166093 0.141690 0.031038 0.144882 -0.168218 -0.011411 -0.207447 -0.218176 0.213243 -0.366989 0.376344 0.203115 0.197393 0.607774 0.298157 0.107892 -0.100704 -0.003030 0.096449 0.159551 0.177125 0.192229 0.264969 -0.079752 -0.279211 -0.296664 -0.336618 -0.225188 -0.247138 -0.207054 -0.028660 0.260529 -0.115785 0.049254 -0.055375 0.093991 0.394306 -0.356829 -0.283563 -0.012353 -0.148204 -0.122617
0.140475 -0.229280 -0.183890 -0.243491 0.712161 0.461458 -0.125684 -0.379597 0.338037 0.117351 0.249340 -0.164287 0.164636 -0.207561 0.542910 0.174996 -0.025424 -0.207945 -0.140199 0.063800 0.418063 0.253545 0.192001 0.074808 0.442709 0.054215 1.000000 0.551355 0.175196 -0.114990 -0.151577 -0.084499 -0.073561 -0.222624 0.139575 -0.099218 0.033408 -0.185747 0.518223 0.171094 0.123503 -0.020794 -0.275786 -0.312425 0.011161 0.042049 -0.105208 -0.344856 -0.085850 -0.014806 -0.095594 -0.268229 -0.131653 -0.257321 0.400115 0.153599 0.012035 0.021264 0.163583 0.143034 0.094068 -0.087382 -0.101561 -0.024284 0.193539 -0.266185 0.142928 -0.180944 0.127438 0.297257 -0.100327 -0.210124 -0.157007 -0.176981 -0.205648 -0.006413 -0.171052 -0.319362 0.064404 0.036861 0.006476 0.131551 0.525704 0.389072 0.354206 0.385785 0.534715 0.228313 0.456201 0.092286 -0.290065 -0.303754 -0.031922 0.038879 0.161903 0.019751 0.060944 0.116164 -0.055635 -0.216368 -0.206035 -0.097574 -0.228749 -0.240737 -0.118490 0.029331 -0.296579 0.044676 0.032927 -0.043225 -0.197750 0.036067 0.134519 0.030687 0.113050 0.122796
-0.027456 -0.258428 0.126266 0.025528 0.379464 0.250475 -0.212434 -0.259737 0.172033 -0.082720 0.146865 -0.076887 0.088554 -0.097653 0.514589 0.252286 -0.191483 -0.240198 0.095292 -0.100468 0.145737 0.208300 0.517590 0.325963 0.432023 0.397479 0.551355 1.000000 -0.190956 -0.218180 0.000674 0.012054 -0.140123 -0.174768 0.178498 0.172028 0.003545 0.014583 0.306856 0.233629 0.177502 0.111561 -0.327411 -0.213069 -0.269743 -0.046973 -0.241332 -0.185682 -0.168081 -0.096043 -0.072100 -0.227793 -0.207836 -0.285296 0.221059 0.088551 -0.026388 0.035401 0.018403 -0.007684 -0.101608 -0.195929 -0.348489 -0.377715 0.102327 -0.174362 -0.137498 -0.080582 0.155811 0.300355 0.013014 0.090795 -0.352877 -0.043183 -0.021764 0.051222 -0.190582 -0.152032 -0.124985 -0.008288 -0.016402 -0.078833 0.387810 0.035492 0.300978 0.135606 0.340796 0.365103 0.532885 0.337610 -0.087499 0.033026 0.037256 0.190470 0.154332 -0.043942 0.102339 0.077685 -0.069693 -0.210105 -0.215792 -0.254964 -0.240062 -0.217235 -0.097039 0.033628 -0.136309 0.044031 -0.159030 -0.023093 0.208086 0.009217 -0.091020 -0.100447 -0.166184 -0.084824
-0.002979 -0.004336 -0.365357 -0.499516 0.101376 -0.087806 0.173276 -0.349517 -0.024452 -0.103765 0.285724 0.238708 0.160352 -0.152277 0.183784 -0.034003 0.336495 0.579483 0.040480 0.194430 0.295938 0.231931 -0.046053 -0.351989 -0.075788 -0.243481 0.175196 -0.190956 1.000000 0.609934 -0.025841 0.195343 0.360208 0.445900 -0.131456 -0.298691 0.176202 -0.026404 0.215526 -0.001701 0.347165 0.139582 0.076555 -0.059328 0.103318 -0.090710 0.235397 -0.322018 -0.030641 0.125543 -0.172331 -0.159681 -0.207071 0.073592 -0.005327 0.276618 0.136579 0.290262 -0.278175 -0.205149 0.257306 -0.107647 0.285900 0.412592 0.199041 -0.149309 -0.063487 -0.562847 -0.102121 -0.353182 -0.277687 -0.442805 0.666082 0.117460 0.208473 0.045103 0.333391 -0.005774 0.472683 0.475402 0.388769 0.586319 0.365139 0.473356 0.062495 0.134977 0.140215 -0.024626 -0.114145 -0.241262 -0.587226 -0.403554 -0.417614 -0.332653 0.064154 0.034786 -0.100611 -0.104514 -0.209050 0.028233 -0.126038 0.076254 -0.192034 -0.150905 -0.288005 -0.162766 -0.285604 -0.141385 0.082121 0.039912 -0.347277 0.056182 -0.009626 0.015868 0.191150 0.123987
-0.081474 0.130881 -0.497873 -0.378442 -0.144529 -0.184132 0.165799 -0.005936 -0.094029 0.004788 0.011373 0.405643 0.164192 0.323373 0.048373 0.213645 0.320795 0.688252 -0.144101 0.057219 0.035293 -0.015027 -0.208664 -0.522016 -0.420697 -0.345257 -0.114990 -0.218180 0.609934 1.000000 0.012815 0.163413 0.399964 0.531318 -0.206590 -0.157948 0.090792 -0.100709 0.008672 -0.195331 0.332468 0.123351 0.117407 -0.066972 -0.007748 -0.156883 0.274041 -0.153500 -0.023644 0.136459 -0.273531 -0.124617 -0.061447 0.097702 -0.026309 0.124725 0.203874 0.336012 -0.174307 -0.209129 0.383240 0.161606 0.378954 0.575498 0.002469 -0.003738 -0.263112 -0.632435 -0.134669 -0.409652 -0.342869 -0.407286 0.616746 0.239556 0.199069 0.076925 0.178145 -0.018647 0.327895 0.450463 0.392720 0.563875 0.032507 0.437567 -0.171282 -0.110780 -0.085871 -0.279888 -0.162600 -0.195216 -0.432819 -0.330449 -0.359798 -0.402608 -0.067522 0.016256 -0.088059 -0.010137 -0.051492 0.149387 -0.028365 -0.096264 -0.013324 -0.186523 -0.349892 -0.195931 -0.035346 -0.182387 -0.138359 0.035439 -0.266755 0.097518 0.020179 -0.042044 0.130730 -0.101033
-0.214481 -0.261394 0.381361 0.161549 -0.203125 -0.164367 0.164943 0.005434 -0.064564 -0.104298 0.122075 0.086897 -0.326463 -0.216908 0.166878 0.048830 -0.243764 0.010294 0.235981 -0.007755 0.092986 0.138276 0.496826 0.420876 0.341849 0.548854 -0.151577 0.000674 -0.025841 0.012815 1.000000 0.689731 0.032456 0.249133 0.291933 0.197833 -0.106811 0.076875 0.051958 -0.013113 0.164815 -0.098642 -0.181999 -0.170207 -0.291475 -0.165509 -0.026230 -0.098145 -0.380720 -0.296147 -0.149301 -0.206130 -0.520502 0.201588 -0.337499 -0.159071 -0.085814 -0.114127 -0.239997 -0.349244 -0.378395 -0.245397 -0.392466 -0.244207 0.365698 0.156436 -0.208282 0.018885 -0.088988 -0.066348 0.088664 0.333053 0.148833 0.156885 0.196571 0.163315 0.142946 0.227573 -0.085093 0.126063 -0.161454 -0.073159 0.209715 -0.153798 0.157567 -0.053783 0.123019 0.253480 0.063104 -0.185560 -0.229782 -0.016237 0.007567 0.013208 -0.023686 0.252598 -0.076235 -0.131485 -0.374658 -0.260170 -0.257340 -0.136920 -0.231084 -0.130221 -0.067604 0.140315 0.001520 0.088749 -0.014846 0.199029 0.343082 -0.279804 -0.179916 0.017329 -0.003414 -0.135131
-0.268600 -0.286625 0.251032 0.266968 -0.185912 -0.088009 0.181022 -0.052315 -0.040361 -0.112752 0.061151 0.262305 -0.349833 -0.290660 0.037522 0.053558 -0.258715 0.257362 0.168171 -0.060463 0.202986 0.319515 0.509254 0.495102 0.345769 0.592149 -0.084499 0.012054 0.195343 0.163413 0.689731 1.000000 0.168303 0.347842 0.144574 -0.145290 0.017237 0.148372 0.159985 0.121399 0.356623 0.073788 -0.157940 -0.138513 -0.397835 -0.253533 0.025570 -0.144031 -0.430476 -0.460085 -0.240790 -0.403085 -0.604318 0.154886 -0.364855 -0.042080 -0.075489 -0.073760 -0.529632 -0.573325 -0.328259 -0.340531 -0.305987 -0.129342 0.445185 0.182788 -0.337825 -0.088789 -0.338925 -0.274972 0.075109 0.261159 0.202942 0.254906 0.247051 0.178798 0.204710 0.354870 0.192521 0.251371 -0.066321 0.097640 0.276280 0.034857 0.201220 0.068397 0.190029 0.417362 0.192174 -0.145217 -0.377800 -0.244100 -0.014459 -0.069540 0.138836 0.210572 0.158139 -0.016564 -0.324578 -0.295977 -0.216303 -0.034718 -0.155002 -0.231690 -0.210163 0.245337 0.026752 0.012589 -0.069293 0.233246 0.202333 -0.273151 -0.308761 0.011851 -0.039401 -0.145075
-0.002938 0.177649 -0.147037 -0.361500 -0.241014 -0.244105 0.066791 -0.175658 -0.295122 -0.171930 0.043407 0.285667 -0.032070 -0.015855 -0.096856 -0.094729 -0.051739 0.339924 -0.016661 0.071680 -0.064303 0.231508 0.005898 -0.311968 -0.088589 -0.034159 -0.073561 -0.140123 0.360208 0.399964 0.032456 0.168303 1.000000 0.586447 -0.060747 -0.053895 0.059681 -0.022531 0.055093 0.053331 -0.051620 -0.050084 -0.061746 -0.078709 0.064441 -0.054666 0.069745 -0.186924 -0.066906 0.223292 -0.219481 -0.151255 0.000389 0.046056 0.137565 0.108558 0.207280 0.357986 -0.051797 -0.144499 0.142503 0.026069 0.051356 0.300603 0.042929 -0.005637 0.101532 -0.319655 0.031658 -0.303851 -0.275649 -0.097493 0.339499 0.225321 0.088311 -0.068681 0.088205 0.014123 0.203859 0.299894 0.099176 0.303272 -0.063373 -0.025319 0.021605 -0.047396 0.027784 -0.004711 0.001060 -0.073890 -0.341700 -0.419678 -0.284727 -0.299409 -0.070920 -0.126320 0.027867 -0.213195 -0.087925 -0.033810 -0.123084 -0.145699 -0.134926 -0.174506 -0.193720 -0.082176 -0.269855 -0.227033 -0.188790 -0.021029 -0.166140 -0.128369 -0.086506 -0.120190 -0.179055 -0.025326
-0.191960 0.111370 -0.179500 -0.177607 -0.187975 -0.105817 0.265872 0.051872 -0.124997 0.036246 0.007413 0.417465 -0.003316 0.080808 -0.081793 -0.001114 0.138528 0.519576 -0.089502 0.079230 0.166761 0.167429 -0.119242 -0.362021 -0.274517 -0.101488 -0.222624 -0.174768 0.445900 0.531318 0.249133 0.347842 0.586447 1.000000 -0.053281 -0.025205 0.047025 -0.013877 0.038568 0.004651 0.060875 -0.039991 -0.019360 -0.132918 -0.038793 -0.053513 0.135988 -0.262496 -0.282205 -0.070900 -0.346000 -0.407815 -0.243221 -0.008600 -0.242898 0.020967 0.216698 0.333450 -0.289975 -0.413267 0.182392 0.098577 0.121733 0.327083 0.211002 0.224066 -0.088269 -0.317391 -0.054875 -0.285641 -0.233543 -0.124806 0.411597 0.174828 0.082522 -0.004919 0.155918 0.240282 0.332546 0.529204 0.301502 0.457641 -0.047332 0.089607 -0.042487 -0.207432 -0.025406 -0.031608 -0.216947 -0.201687 -0.389362 -0.355525 -0.255880 -0.307948 -0.010982 -0.030700 -0.007037 -0.183474 -0.253936 -0.100794 0.011959 -0.072482 -0.045526 -0.199926 -0.193421 -0.049584 -0.053470 -0.418220 -0.178553 0.064959 -0.079605 -0.032146 -0.199422 -0.123811 0.061855 -0.033262
0.088928 -0.023036 0.188524 0.093126 0.082064 0.046682 0.122381 -0.099357 0.013399 0.034006 0.121352 -0.184115 -0.102221 -0.159275 0.136416 0.008647 -0.245706 -0.189204 0.192377 0.192910 -0.000106 0.070446 0.245049 0.269860 0.334173 0.187644 0.139575 0.178498 -0.131456 -0.206590 0.291933 0.144574 -0.060747 -0.053281 1.000000 0.437939 -0.078152 0.099454 -0.093131 -0.169252 -0.212323 -0.167674 -0.337090 -0.250267 0.002834 -0.025029 -0.241713 -0.091143 -0.250673 -0.130828 -0.287412 -0.256969 -0.337961 -0.037717 -0.261984 -0.296273 0.025157 0.019552 0.065874 -0.036788 -0.085825 -0.073524 -0.323297 -0.248839 0.207647 0.010231 0.078644 0.172013 0.065446 0.288155 0.285521 0.231248 -0.181624 -0.029965 0.064811 -0.027674 0.044405 0.137599 -0.167705 0.108098 -0.220618 -0.128681 0.203435 -0.105625 0.075361 0.026735 0.160512 0.153880 0.260444 -0.127313 0.043881 0.139031 0.025593 0.154922 -0.189594 -0.013138 -0.201833 -0.169786 -0.204407 -0.236823 -0.126791 -0.064056 -0.150180 -0.026826 0.029706 -0.022056 -0.160055 0.001949 -0.180309 -0.103254 0.307874 -0.199960 0.019911 0.030526 -0.163825 -0.095068
0.053127 0.076408 0.300255 0.011195 0.052565 -0.025250 0.140689 0.090770 -0.014805 0.056673 0.131458 -0.065452 0.127489 0.172203 0.141515 0.137810 -0.185133 -0.288646 0.113887 -0.019548 -0.211015 -0.118484 0.128629 0.012939 0.074003 0.061529 -0.099218 0.172028 -0.298691 -0.157948 0.197833 -0.145290 -0.053895 -0.025205 0.437939 1.000000 -0.124128 0.015814 -0.284121 -0.218561 -0.263398 -0.258667 -0.177733 -0.145956 0.124032 0.109695 -0.051899 0.055123 0.034882 0.085990 -0.050759 -0.007780 0.013591 0.156009 -0.113706 -0.232891 0.029107 -0.051414 0.305714 -0.050655 0.042689 0.055186 -0.305850 -0.327282 0.125382 0.091711 0.028147 0.164798 0.074435 0.242667 0.195383 -0.006570 -0.173019 -0.012076 0.062971 -0.027861 0.173872 0.095781 -0.357871 -0.170143 -0.314729 -0.360425 -0.150335 -0.290796 -0.067281 -0.199036 -0.112840 -0.166982 0.031567 0.001087 0.128901 0.187489 0.085756 0.150103 -0.349964 0.062235 -0.217134 -0.238438 -0.155290 -0.001605 0.010815 -0.221997 0.053346 0.046211 0.077875 -0.249396 0.012442 0.003312 -0.157129 -0.033677 0.271618 -0.015381 0.223676 0.074010 -0.161657 -0.123137
