1.000000 0.482839 0.067849 -0.001434 0.064224 0.031867 -0.032770 -0.064222 0.094756 -0.111697 0.579243 0.267350 0.402001 0.267374 0.475469 0.044040 0.144585 0.063269 0.426171 0.145746 -0.118265 -0.079232 0.224374 0.080348 -0.048055 -0.004490 0.037721 0.077663 0.342233 0.104677 0.047350 -0.216872 0.118154 -0.084960 -0.214086 -0.272267 -0.243227 -0.286526 -0.088869 -0.201283 -0.108857 -0.383434 -0.116643 0.026804 -0.075390 -0.191695 -0.312889 -0.222640 0.090009 0.188172 0.032728 0.053473 0.015557 -0.025465 0.016118 -0.140230 0.512148 0.584808 0.165031 0.241601 0.346486 0.202279 0.107818 0.051888 0.048624 -0.192633 -0.077818 -0.311289 0.273868 0.244694 -0.106242 -0.021546 0.101574 -0.177312 -0.101540 -0.235408 -0.147994 -0.465845 -0.084808 -0.000568 -0.023541 -0.175778 0.260830 -0.051387 0.153465 -0.230172 -0.072702 -0.124197 -0.049690 -0.178251 -0.332990 -0.312872 -0.382137 -0.305345 -0.430972 -0.124107 -0.197650 -0.124362 -0.322413 -0.238245 0.043410 0.103182 -0.112588 -0.198519 -0.195085 -0.250642 0.091649 -0.178927 -0.049676 -0.095981 -0.312502 -0.097003 -0.124176 -0.130171 -0.067154 -0.030713
0.482839 1.000000 -0.172312 0.178571 -0.165349 -0.237167 -0.173727 0.160116 0.036175 -0.084939 0.172093 0.396896 0.111191 0.245182 0.049451 0.234680 0.251840 0.141794 0.281618 0.300800 -0.159193 -0.349975 -0.291720 -0.209163 -0.292018 -0.300971 -0.257048 -0.319826 0.308819 0.229075 -0.111603 -0.225500 0.209435 0.129132 -0.295683 -0.194297 0.021387 -0.172222 -0.158785 -0.262405 -0.096375 -0.213473 -0.029860 0.061021 0.035000 0.076382 -0.265773 -0.135634 0.035732 0.249049 -0.009404 0.280386 0.071938 0.188674 -0.056671 -0.231549 0.414995 0.505797 -0.130317 0.049062 0.012570 0.121354 0.258056 0.294264 -0.205029 -0.204806 -0.066917 -0.214896 0.012011 0.158015 -0.084395 0.007011 0.222215 -0.039811 -0.032117 -0.200482 -0.131957 -0.255438 0.097385 -0.063339 0.248030 0.135784 0.063524 0.262530 -0.079137 0.036349 -0.200552 -0.029990 -0.267837 -0.315615 -0.073690 -0.246671 -0.122078 -0.260330 -0.378621 -0.110473 -0.293840 -0.248733 -0.171664 -0.261535 0.251703 0.040857 0.200851 -0.024743 -0.034538 -0.126890 -0.029326 -0.125401 -0.220187 -0.149392 -0.327409 -0.014757 -0.043032 0.140157 -0.114157 -0.138410
0.067849 -0.172312 1.000000 0.328118 0.037991 0.129660 0.676979 0.237293 -0.018378 0.001543 0.062915 -0.139619 0.109266 -0.150332 0.043508 -0.314404 -0.384618 -0.373410 0.120878 -0.025759 -0.039449 -0.001542 0.375042 0.371171 0.401022 0.196808 0.048714 0.193526 -0.332630 -0.291393 0.064253 0.041324 -0.097885 -0.069451 0.030813 0.094123 -0.320167 -0.060277 -0.005662 -0.044430 -0.116945 -0.029688 -0.259123 -0.252956 -0.033055 -0.096164 -0.205981 -0.198835 0.148236 -0.167363 0.184779 -0.052788 0.069406 -0.098618 -0.107603 -0.037591 -0.240176 -0.189773 0.364277 0.271526 0.049156 0.056280 -0.132288 -0.271176 0.182562 0.218010 0.177758 0.287798 0.094585 0.008406 0.058691 -0.110753 -0.442904 -0.012102 -0.166906 0.206906 -0.010308 -0.001081 -0.337006 -0.245273 -0.337147 -0.438468 -0.132062 -0.281236 -0.145468 -0.230631 0.116015 -0.207179 0.124864 -0.039786 0.053947 0.004347 -0.184375 0.091634 -0.080663 -0.048199 -0.079042 0.200517 -0.241509 -0.138571 -0.234789 -0.106791 -0.263069 -0.092657 -0.067022 0.037302 0.119187 0.119956 0.101639 0.037138 0.032068 -0.162690 -0.085476 -0.210853 -0.169823 0.125689
-0.001434 0.178571 0.328118 1.000000 -0.002692 0.128789 0.309150 0.481769 0.057132 0.261752 -0.032098 0.204469 -0.029515 0.185710 -0.024293 0.117445 -0.294058 -0.371743 -0.059674 0.313655 0.193959 0.070432 0.203513 0.467922 0.220453 0.233114 0.127020 0.043576 -0.227030 -0.172650 0.002465 0.278782 -0.184184 0.095805 -0.131658 0.233173 -0.244459 -0.137032 -0.136992 -0.097931 -0.187752 -0.052264 -0.440874 -0.373106 -0.163869 -0.043277 -0.396039 -0.367903 -0.001054 -0.133829 -0.152731 -0.122263 -0.185915 -0.205951 -0.238161 -0.433531 -0.262597 -0.206513 0.032105 -0.018300 -0.022951 0.174028 -0.154122 -0.016654 0.222619 0.404205 -0.061027 0.138361 0.029851 0.100263 0.174157 0.062647 -0.333593 -0.002179 -0.219036 0.071480 -0.055349 0.132697 -0.317850 -0.347284 -0.342984 -0.401878 0.070182 0.134586 -0.096846 -0.048482 -0.021212 0.146695 0.195347 0.023155 0.166450 -0.160336 0.150825 0.051407 -0.088367 -0.331924 -0.369162 -0.094121 -0.371117 -0.334289 -0.041841 -0.104619 -0.117522 -0.152566 0.060290 0.011463 0.143227 0.201811 0.036836 -0.237996 -0.024923 -0.102967 -0.205414 0.060234 -0.222906 0.050409
0.064224 -0.165349 0.037991 -0.002692 1.000000 0.330452 0.143570 -0.038153 0.508931 0.249158 0.214158 -0.005124 0.011605 0.149862 0.507949 -0.044506 -0.228125 -0.315995 -0.164813 -0.100438 0.474281 0.174460 0.324842 0.236303 0.292870 0.121987 0.485982 0.312535 -0.313776 -0.440342 -0.313057 -0.371038 -0.210951 -0.440682 0.304894 0.070237 -0.022868 -0.013327 0.163768 0.128543 -0.058883 -0.251488 -0.303989 -0.267712 -0.103355 -0.070745 -0.196542 -0.181458 -0.064536 -0.131305 -0.122646 -0.238308 -0.019536 -0.124617 0.192771 0.135766 -0.078421 0.034075 0.266925 -0.004924 0.325893 0.139663 -0.015715 -0.200383 0.409879 0.270334 0.023100 0.219619 -0.001902 0.200775 -0.015412 -0.138003 -0.360283 -0.303520 -0.262248 -0.224444 -0.285753 -0.178060 -0.494657 -0.127685 -0.352723 -0.327599 0.248517 -0.135989 0.301894 -0.145315 -0.044363 0.332151 0.579173 0.470982 0.109894 0.162582 0.101991 0.181518 0.008438 -0.076417 0.144182 -0.032372 -0.029548 0.031336 0.096036 -0.054510 -0.176197 -0.135592 -0.072097 -0.012096 0.238742 0.126073 0.197606 -0.093621 0.058000 -0.026269 -0.237394 -0.062533 0.169600 0.049153
0.031867 -0.237167 0.129660 0.128789 0.330452 1.000000 0.000251 0.000360 -0.189365 0.309971 -0.016633 -0.146891 -0.165223 -0.006646 0.085680 -0.090583 -0.189148 -0.290689 -0.288108 -0.291679 0.227971 0.368388 0.008217 0.185967 0.235627 0.236051 0.571718 0.447280 -0.304147 -0.372754 -0.239528 -0.174524 -0.166514 -0.302117 0.029035 0.025659 -0.054863 -0.153834 0.132327 -0.069960 -0.064837 -0.114228 0.073794 0.157687 0.227466 0.224536 0.220300 0.162338 0.316594 0.245534 0.064573 0.104623 -0.084229 -0.050769 -0.038195 0.046717 -0.120904 -0.055761 0.102052 0.237390 0.079946 0.025732 -0.035295 -0.139069 0.031361 0.285445 0.197019 0.326289 -0.026756 -0.070526 -0.151204 -0.104400 -0.469177 -0.179793 -0.197262 -0.099211 -0.168628 -0.249799 -0.247158 -0.232134 -0.228478 -0.248972 -0.117510 -0.143632 0.146700 0.061573 0.146718 0.106493 0.158860 0.171871 -0.077410 -0.107980 -0.078085 -0.058142 -0.171602 0.088292 -0.009534 0.096034 -0.137385 -0.010242 0.031542 -0.129538 -0.156858 -0.042589 -0.019319 -0.114946 0.247269 0.000604 0.286761 0.056103 0.244669 0.096871 -0.057985 -0.018334 -0.032446 0.132248
-0.032770 -0.173727 0.676979 0.309150 0.143570 0.000251 1.000000 0.504140 0.216954 0.229063 0.088781 0.063931 0.229622 0.003274 0.049352 -0.224726 -0.347592 -0.365992 0.101628 -0.022524 0.107139 -0.019093 0.356001 0.107304 0.294287 0.086006 0.022141 0.102324 -0.373290 -0.281677 0.100140 -0.006650 -0.138337 -0.080839 0.052618 0.282250 -0.279570 0.069683 0.037028 0.142082 -0.202525 0.065765 -0.317922 -0.335640 -0.164526 -0.217554 -0.260457 -0.307703 0.071338 -0.263905 0.105581 -0.135705 -0.002131 -0.106584 -0.095015 -0.015217 -0.261201 -0.296400 0.258554 -0.063979 0.225561 0.210845 -0.232196 -0.159003 0.360190 0.300479 -0.089017 0.121112 -0.004034 -0.120707 0.108874 0.090773 -0.339863 -0.015454 -0.073694 0.220972 0.062467 0.143898 -0.390046 -0.201526 -0.423390 -0.461711 -0.096896 -0.150824 -0.117840 -0.212483 -0.011721 -0.037267 0.249136 0.126227 0.014009 0.064366 0.081413 0.212051 0.085857 -0.043240 -0.031326 0.089963 -0.125095 -0.152933 -0.186903 0.033454 -0.206768 -0.153576 -0.073455 -0.075835 0.062874 -0.012058 0.059583 -0.003877 -0.099542 -0.149829 -0.162376 -0.101619 -0.012604 -0.026433
-0.064222 0.160116 0.237293 0.481769 -0.038153 0.000360 0.504140 1.000000 0.197781 0.548372 0.001372 0.551614 0.090649 0.461132 -0.135530 0.098741 -0.295027 -0.413767 -0.052228 0.263244 0.056406 -0.011027 -0.064935 0.121563 0.089371 -0.104898 -0.152940 -0.138789 -0.143509 -0.129480 -0.137785 -0.018240 -0.166962 0.108821 -0.080875 0.248521 -0.370238 -0.128345 -0.215859 0.074937 -0.096979 0.107111 -0.376446 -0.312955 -0.155905 -0.106986 -0.295782 -0.270595 0.093866 -0.113107 -0.083441 -0.058177 0.020045 -0.083841 -0.120565 -0.232226 -0.355169 -0.312372 0.184571 -0.082123 0.165878 0.524265 -0.132152 0.246366 0.129074 0.474721 -0.224387 -0.040209 -0.203037 -0.149674 0.076316 0.087980 -0.272382 -0.081601 -0.088669 0.078973 0.021799 0.164099 -0.272323 -0.367674 -0.271115 -0.359438 -0.073749 0.306222 -0.172552 -0.097213 0.050547 0.106920 0.098619 0.223864 0.278202 0.047035 0.314862 0.072635 -0.003744 -0.269580 -0.262893 -0.278715 -0.184657 -0.345502 -0.031446 0.041543 -0.065136 -0.051528 -0.106046 -0.172436 -0.149321 -0.168806 -0.260562 -0.302357 -0.173108 -0.109142 -0.124220 0.000355 -0.127104 -0.284486
0.094756 0.036175 -0.018378 0.057132 0.508931 -0.189365 0.216954 0.197781 1.000000 0.442861 0.251317 0.235287 0.251830 0.320829 0.433374 0.247935 -0.030045 -0.027233 0.050189 0.183249 0.199179 -0.067903 0.111652 0.129098 -0.010842 -0.088658 -0.041813 -0.175484 0.038891 -0.091931 -0.121765 -0.104460 -0.206353 -0.243031 -0.076046 -0.222885 -0.092884 -0.005499 -0.066545 0.100874 0.022154 -0.104061 -0.365696 -0.367905 -0.349414 -0.359017 -0.378543 -0.429258 -0.249709 -0.201416 -0.310394 -0.261618 0.064309 -0.090494 0.159991 -0.007640 -0.043919 0.059158 0.174071 -0.070452 0.310569 0.335919 0.063639 0.113305 0.191509 0.040084 -0.242281 -0.282092 -0.086326 0.076353 0.125655 -0.036506 -0.051750 -0.212501 -0.031406 -0.076540 -0.164750 -0.125490 -0.301824 -0.075337 -0.041353 -0.140156 0.517655 0.229086 0.165164 -0.178075 -0.002008 0.349283 0.403129 0.377203 0.217565 0.231007 0.163275 0.168808 0.104473 -0.126526 -0.076628 -0.083250 -0.010540 0.078954 0.139764 0.132851 -0.143891 -0.085942 -0.113522 0.065407 -0.007400 0.025426 -0.068697 -0.048301 -0.258287 -0.047384 -0.075292 0.111895 0.168558 -0.084458
-0.111697 -0.084939 0.001543 0.261752 0.249158 0.309971 0.229063 0.548372 0.442861 1.000000 -0.009361 0.319639 0.046710 0.350386 0.021409 0.169096 -0.212799 -0.197360 -0.197062 0.019576 0.094392 -0.007770 -0.143411 0.079785 -0.030312 -0.087955 -0.028010 -0.180877 -0.113316 -0.146791 -0.204595 0.062916 -0.263126 -0.174749 -0.134910 0.098404 -0.175167 -0.142499 -0.142179 0.061081 -0.023463 0.054515 -0.199105 -0.188721 -0.105415 -0.071868 -0.103366 -0.192099 0.000517 0.051209 -0.227567 -0.136676 -0.031333 -0.130756 0.021680 -0.108409 -0.314872 -0.181008 0.149464 0.027863 0.290891 0.522845 -0.053551 0.290683 0.114016 0.387524 -0.221601 -0.130252 -0.207825 -0.145953 -0.007103 -0.160316 -0.288351 -0.172229 -0.050016 -0.052707 -0.011866 0.055027 -0.285538 -0.230699 -0.117212 -0.191634 0.220410 0.343075 0.123494 0.029987 0.144943 0.438196 0.328649 0.409743 0.174755 0.078614 0.308411 0.062923 0.017469 -0.182633 -0.143895 -0.217472 -0.071337 -0.051344 0.063252 0.043335 -0.146476 -0.100652 -0.165617 -0.245014 -0.137979 -0.092413 -0.016860 -0.178678 -0.138634 0.024952 -0.033114 0.143588 -0.158567 -0.140443
0.579243 0.172093 0.062915 -0.032098 0.214158 -0.016633 0.088781 0.001372 0.251317 -0.009361 1.000000 0.321059 0.781737 0.490904 0.698023 0.145808 0.010355 0.012144 0.282273 -0.046441 -0.253848 -0.261079 0.488901 0.165668 0.065532 -0.021652 -0.034187 -0.020871 0.322302 0.011978 0.081165 -0.107779 -0.122981 -0.320696 -0.072478 -0.186309 -0.138114 -0.031508 -0.007018 -0.180196 -0.133255 -0.386836 -0.355737 -0.225943 -0.306915 -0.295631 -0.413120 -0.293168 -0.060641 -0.021602 -0.135696 -0.117353 0.010308 -0.052798 0.098318 -0.217203 0.080883 0.167837 0.295285 0.002062 0.464581 0.402003 -0.060584 -0.003501 0.330177 0.179454 -0.220198 -0.290298 0.035865 0.056208 -0.113427 -0.063852 -0.000839 -0.094149 -0.100904 -0.147379 0.083456 -0.143183 -0.220713 -0.024964 -0.202736 -0.389374 0.226083 -0.119115 0.198309 -0.430613 -0.055041 -0.009669 0.189843 -0.022443 -0.147664 0.045539 -0.072881 0.086170 -0.248363 -0.077716 -0.042047 0.027520 -0.189547 -0.095579 -0.021185 0.091862 -0.067729 -0.119601 -0.245579 -0.068342 0.074634 -0.003963 -0.104023 -0.129454 -0.286629 -0.043062 0.118595 -0.009975 0.104069 -0.007083
0.267350 0.396896 -0.139619 0.204469 -0.005124 -0.146891 0.063931 0.551614 0.235287 0.319639 0.321059 1.000000 0.270238 0.771869 0.081249 0.415029 0.045401 0.029609 0.111155 0.180674 -0.025304 -0.194974 -0.071279 -0.044356 -0.074653 -0.159123 -0.142720 -0.174907 0.239728 0.137572 -0.058710 -0.122051 -0.109993 0.002948 -0.212782 -0.021902 -0.253455 -0.077061 -0.200080 -0.098303 0.043059 -0.121334 -0.288339 -0.192894 -0.361426 -0.236058 -0.341382 -0.245454 -0.107331 -0.079194 -0.186353 -0.118744 0.074639 -0.124181 -0.054073 -0.211138 -0.095304 -0.029153 -0.031737 -0.207912 0.289486 0.539869 0.064483 0.472181 0.120602 0.251696 -0.364632 -0.366267 -0.130787 -0.121101 0.011152 0.042229 0.164919 -0.029401 0.056376 -0.094688 0.042370 0.015807 -0.059910 -0.041224 -0.007747 -0.136589 0.108773 0.388055 0.054711 -0.082219 -0.072389 0.151340 -0.002278 0.133241 0.127618 -0.003396 0.202983 -0.139018 -0.149823 -0.273266 -0.285978 -0.301695 -0.036864 -0.231744 0.059157 -0.006533 0.051577 -0.077148 -0.155010 -0.185634 -0.078912 -0.186275 -0.332036 -0.269625 -0.223898 0.047170 -0.080102 0.080625 -0.032621 -0.209414
0.402001 0.111191 0.109266 -0.029515 0.011605 -0.165223 0.229622 0.090649 0.251830 0.046710 0.781737 0.270238 1.000000 0.359369 0.514782 0.037997 0.030923 0.052881 0.198615 -0.034332 -0.400036 -0.292947 0.358038 0.005522 -0.113860 -0.242928 -0.305718 -0.301880 0.297605 0.030772 0.119530 -0.065874 -0.138228 -0.239152 -0.114783 -0.174982 -0.216878 -0.063088 0.042625 -0.058292 -0.156267 -0.241348 -0.321623 -0.262361 -0.268714 -0.315109 -0.350644 -0.300740 -0.040224 -0.007728 -0.077114 -0.096249 0.127108 0.015163 0.273243 -0.103425 0.015264 0.070306 0.335785 0.052989 0.493999 0.405963 -0.066347 0.120953 0.234540 0.077968 -0.242175 -0.380774 -0.002022 -0.003805 -0.108939 0.004154 -0.009665 -0.061603 -0.041686 -0.030389 0.096117 -0.091616 -0.170810 -0.116554 -0.183605 -0.325010 0.155293 -0.173604 0.076632 -0.379399 0.025147 -0.097854 0.125585 -0.012101 -0.034037 0.097885 -0.062030 0.252773 -0.065505 -0.039571 -0.019494 0.013115 -0.036368 -0.022091 -0.097212 0.133238 -0.025848 -0.156151 -0.288571 -0.030713 -0.166939 0.008766 -0.136199 -0.121406 -0.388731 -0.052966 0.178736 0.054321 0.073458 -0.033404
0.267374 0.245182 -0.150332 0.185710 0.149862 -0.006646 0.003274 0.461132 0.320829 0.350386 0.490904 0.771869 0.359369 1.000000 0.384165 0.508550 -0.066295 -0.052133 0.016545 0.115280 0.074657 -0.100682 0.042418 0.083716 -0.082051 -0.175983 -0.064334 -0.146720 0.279036 0.094308 -0.119418 -0.099022 -0.144516 -0.103232 -0.134867 -0.054227 -0.145816 -0.170686 -0.204261 -0.145932 -0.022283 -0.144442 -0.381339 -0.218804 -0.370004 -0.248745 -0.345193 -0.310931 -0.065303 -0.042051 -0.232543 -0.200879 0.050251 -0.199528 0.040704 -0.170645 -0.121364 0.040637 0.088837 -0.209001 0.370246 0.594738 0.005676 0.356937 0.199683 0.331719 -0.331539 -0.399668 -0.051660 -0.039112 -0.005378 0.048764 0.113014 -0.085927 0.019344 -0.162152 0.058110 -0.033438 -0.141362 -0.052956 -0.123201 -0.251243 0.248048 0.381504 0.068812 -0.207293 -0.042602 0.191927 0.168846 0.249317 0.031447 -0.032633 0.121867 -0.069410 -0.211917 -0.232349 -0.246480 -0.142234 -0.074312 -0.168321 -0.055639 -0.010029 -0.014423 0.008016 -0.119096 -0.055189 -0.026133 -0.014513 -0.201204 -0.323209 -0.260006 0.059168 0.039142 -0.017245 -0.013044 -0.103686
0.475469 0.049451 0.043508 -0.024293 0.507949 0.085680 0.049352 -0.135530 0.433374 0.021409 0.698023 0.081249 0.514782 0.384165 1.000000 0.161066 -0.164957 -0.083574 0.217294 -0.012359 0.096002 0.045995 0.557465 0.294040 0.164957 0.099051 0.163464 0.142521 0.152117 -0.132162 0.071335 -0.088735 -0.175490 -0.311683 0.083148 -0.199909 -0.068910 -0.081128 0.092646 -0.031067 0.021689 -0.435740 -0.230607 -0.080505 -0.328361 -0.296118 -0.267314 -0.239312 -0.125936 -0.125501 -0.130288 -0.210544 -0.047559 -0.095451 0.139186 -0.049391 0.060804 0.252254 0.145174 -0.132481 0.346979 0.100099 -0.174452 -0.239102 0.444333 0.120516 -0.241330 -0.256649 0.108923 0.189017 -0.073628 -0.011411 -0.067289 -0.211952 -0.193903 -0.202092 -0.157663 -0.225081 -0.229752 0.027142 -0.244853 -0.348539 0.476268 -0.027907 0.308264 -0.390080 -0.041612 0.150376 0.432375 0.168606 -0.163426 -0.048139 -0.098677 -0.020981 -0.119149 -0.171120 0.038637 -0.054486 -0.251418 -0.164648 -0.057250 -0.004368 -0.116831 -0.131874 -0.106312 0.017436 0.114499 0.018659 -0.031465 -0.144247 -0.174040 -0.137745 -0.012023 -0.086207 0.207618 0.033419
0.044040 0.234680 -0.314404 0.117445 -0.044506 -0.090583 -0.224726 0.098741 0.247935 0.169096 0.145808 0.415029 0.037997 0.508550 0.161066 1.000000 0.073168 0.211642 -0.093274 0.112878 0.119588 -0.002329 -0.172669 -0.031147 -0.236852 -0.040807 0.009967 -0.061900 0.238822 0.412811 0.066191 0.237021 0.039260 0.148181 -0.306943 -0.306183 -0.005490 -0.107769 -0.119920 -0.224751 0.069720 -0.000588 -0.042611 0.067194 -0.398963 -0.259430 -0.085921 -0.127160 -0.240193 -0.145660 -0.310850 -0.160791 -0.079935 -0.044772 -0.102289 -0.209498 0.039150 0.041608 -0.231814 -0.234819 0.140537 0.158024 0.207225 0.359500 -0.125949 -0.017935 -0.140353 -0.384052 -0.180616 -0.216695 0.038358 0.012216 0.276185 0.160385 0.156715 -0.022005 -0.019065 0.004973 0.014290 0.144632 0.223545 0.148900 0.220848 0.595269 0.066354 0.104256 0.045549 0.222454 0.047223 0.028343 -0.022624 -0.127306 0.031872 -0.330962 -0.047266 -0.059176 -0.225882 -0.084284 -0.014734 -0.065896 0.133439 0.098664 0.044330 0.052271 0.038054 0.024944 0.006527 -0.036240 -0.154647 -0.142888 -0.095262 0.080395 0.071917 0.151032 0.017707 0.048907
0.144585 0.251840 -0.384618 -0.294058 -0.228125 -0.189148 -0.347592 -0.295027 -0.030045 -0.212799 0.010355 0.045401 0.030923 -0.066295 -0.164957 0.073168 1.000000 0.587587 0.112621 -0.092207 -0.207124 -0.254072 -0.365614 -0.531053 -0.368926 -0.266646 -0.269443 -0.330996 0.523420 0.370856 -0.029492 -0.130486 0.259672 0.121365 -0.158556 -0.243541 0.196311 0.089665 0.119794 -0.061443 0.010133 0.071499 0.227539 0.226262 0.110326 0.062650 0.073981 0.059317 -0.050975 0.200145 -0.030393 0.030055 -0.008410 0.090785 0.143216 0.143011 0.511842 0.318425 -0.265624 0.044251 0.060208 -0.116271 0.434502 0.381867 -0.384195 -0.397222 0.027491 -0.200300 -0.026249 -0.008881 -0.073040 -0.002447 0.487811 0.120232 0.206959 0.018619 0.131092 -0.156797 0.449561 0.200349 0.569343 0.531946 -0.027960 0.054597 -0.112078 0.101124 -0.020222 -0.206216 -0.375845 -0.256597 -0.180931 -0.112288 -0.302899 -0.163940 -0.232935 0.153336 -0.012900 -0.017775 0.268207 0.243985 0.093910 0.089699 0.299955 0.024259 0.064351 0.001003 -0.046659 -0.139914 -0.152627 0.120910 -0.152289 0.082976 0.120722 0.182494 0.049444 -0.012039
0.063269 0.141794 -0.373410 -0.371743 -0.315995 -0.290689 -0.365992 -0.413767 -0.027233 -0.197360 0.012144 0.029609 0.052881 -0.052133 -0.083574 0.211642 0.587587 1.000000 0.024740 -0.159881 -0.234502 -0.204538 -0.327666 -0.448698 -0.346467 -0.174547 -0.163414 -0.240599 0.515497 0.404207 0.138211 0.114840 0.067971 0.042629 -0.232037 -0.359329 0.270114 0.037003 -0.057671 -0.077000 0.101131 -0.064809 0.347991 0.304139 -0.057460 0.018590 0.208076 0.167641 -0.123975 -0.023301 -0.065233 -0.023121 0.042420 0.092959 -0.013941 0.147946 0.401669 0.357215 -0.310169 -0.178744 -0.044208 -0.201875 0.392670 0.306672 -0.331367 -0.346218 -0.077955 -0.305177 0.055838 -0.063407 -0.128215 0.053298 0.548272 0.037982 0.172782 -0.061597 0.169672 -0.043435 0.518559 0.536182 0.578915 0.613001 0.061797 0.097492 -0.040586 0.113883 -0.193421 -0.179551 -0.339965 -0.289392 -0.225232 -0.067551 -0.273285 -0.205083 0.005523 0.283386 0.066463 0.174624 0.260354 0.348889 -0.038695 -0.035912 0.116768 -0.012142 -0.041096 0.040777 -0.058574 -0.081179 -0.048451 0.354352 -0.097306 0.256191 0.246116 0.076094 -0.017626 0.099369
0.426171 0.281618 0.120878 -0.059674 -0.164813 -0.288108 0.101628 -0.052228 0.050189 -0.197062 0.282273 0.111155 0.198615 0.016545 0.217294 -0.093274 0.112621 0.024740 1.000000 0.434498 -0.154534 -0.213251 0.166206 0.020648 0.007219 -0.098413 -0.175299 -0.108362 0.324692 0.179439 0.222930 -0.057768 0.112810 0.118420 0.002247 0.029852 -0.187453 0.017260 -0.064219 0.007271 0.015553 -0.174032 -0.017667 0.025522 -0.060934 -0.215270 -0.252370 -0.104737 -0.202819 0.005067 -0.028945 -0.073803 -0.104633 0.000525 -0.209771 -0.097807 0.254264 0.205606 -0.065350 -0.026162 -0.096615 -0.077924 -0.070482 -0.193631 0.039149 -0.284451 -0.209334 -0.269327 0.264565 0.166309 -0.010906 0.071244 0.153826 0.070651 0.074517 0.064157 0.050875 -0.122290 0.076410 0.045192 0.055903 -0.082195 0.255741 0.083519 -0.097434 -0.328703 0.065996 -0.164492 -0.134910 -0.279834 -0.105545 -0.006537 -0.239166 -0.197016 -0.071196 -0.065955 -0.056667 0.026487 -0.186142 -0.072548 0.026069 -0.014704 0.058477 -0.004018 0.063630 0.038522 0.049294 -0.127921 -0.079098 -0.006528 -0.143802 -0.122059 0.161237 0.005133 0.049955 0.078665
0.145746 0.300800 -0.025759 0.313655 -0.100438 -0.291679 -0.022524 0.263244 0.183249 0.019576 -0.046441 0.180674 -0.034332 0.115280 -0.012359 0.112878 -0.092207 -0.159881 0.434498 1.000000 0.125493 0.027896 -0.008351 0.408897 0.018056 -0.027235 -0.143824 -0.094884 0.120239 0.094929 -0.035123 0.109763 0.039890 0.313575 -0.140693 0.003261 -0.372848 -0.202869 -0.225129 0.076162 -0.075888 -0.077321 -0.308428 -0.339934 -0.128053 -0.189711 -0.324888 -0.282583 -0.328007 -0.152759 -0.395431 -0.242291 -0.260098 -0.215463 -0.157733 -0.287211 -0.010130 0.104361 0.063417 0.007676 -0.177860 0.030840 -0.105291 -0.049780 -0.066320 -0.100365 -0.143996 -0.043942 0.168956 0.422461 0.305585 0.148731 -0.129370 -0.063292 -0.187775 -0.096983 -0.090468 0.035720 -0.176975 -0.144579 -0.020805 -0.158769 0.239397 0.341991 -0.220779 -0.231434 0.207889 0.111973 0.073946 -0.078272 0.441895 0.164106 0.172836 0.081719 0.070293 -0.320072 -0.222682 -0.299797 -0.089814 -0.134614 0.175352 0.157908 -0.012401 0.030616 0.175542 0.283167 -0.024592 0.060032 -0.248498 -0.286863 -0.160859 -0.179555 -0.005868 0.068558 -0.031648 -0.084660
-0.118265 -0.159193 -0.039449 0.193959 0.474281 0.227971 0.107139 0.056406 0.199179 0.094392 -0.253848 -0.025304 -0.400036 0.074657 0.096002 0.119588 -0.207124 -0.234502 -0.154534 0.125493 1.000000 0.488421 0.032586 0.218839 0.099557 0.207964 0.552399 0.453375 -0.301237 -0.088972 -0.113255 -0.019696 -0.096477 0.005637 0.166769 0.226029 0.111608 -0.007248 0.025295 0.025981 0.034592 0.068844 -0.207168 -0.086334 -0.076482 0.017927 -0.129748 -0.094423 -0.160847 -0.179687 -0.140233 -0.265576 -0.238255 -0.283144 -0.119100 -0.069232 -0.154675 -0.087542 -0.015397 -0.147085 0.034470 -0.046703 0.024047 -0.082076 0.215296 0.139718 0.033960 0.258083 -0.000549 0.047336 0.316582 0.269285 -0.097747 0.010788 0.026747 0.046105 -0.013606 0.139125 -0.324010 -0.037303 -0.243625 -0.156968 0.150340 0.200548 0.130885 0.035137 -0.212449 0.210470 0.254531 0.231510 -0.048117 -0.025126 -0.008072 -0.072947 -0.015786 -0.037853 -0.063056 -0.039043 -0.009127 0.004251 0.059058 -0.125524 -0.183196 -0.004390 0.168572 -0.004842 0.268008 -0.028970 0.170961 -0.009089 0.179018 0.100187 -0.208780 -0.012523 0.070079 0.182182
-0.079232 -0.349975 -0.001542 0.070432 0.174460 0.368388 -0.019093 -0.011027 -0.067903 -0.007770 -0.261079 -0.194974 -0.292947 -0.100682 0.045995 -0.002329 -0.254072 -0.204538 -0.213251 0.027896 0.488421 1.000000 0.156825 0.276613 0.280765 0.336817 0.489106 0.608544 -0.348559 -0.179982 -0.088802 0.129936 -0.071356 0.014767 0.162963 0.063489 -0.115461 -0.198518 0.044939 0.145852 -0.034984 0.033538 0.031347 0.054782 0.123846 0.074098 0.160534 0.056154 0.110636 -0.067795 -0.002888 -0.170454 -0.302497 -0.294389 -0.162985 0.075236 -0.144805 -0.216203 0.108142 -0.011245 0.001457 -0.120941 -0.079571 -0.203790 0.149920 0.158524 0.134578 0.239819 0.207554 0.052991 0.182879 0.395974 -0.272369 0.056736 0.016205 0.123913 -0.080703 0.001843 -0.020788 -0.080439 -0.231530 -0.127418 -0.076845 -0.068829 0.066120 -0.002795 0.133843 -0.046535 0.117954 0.158672 -0.052136 -0.102952 -0.028072 -0.171476 0.151000 -0.056707 -0.027956 -0.000244 -0.082910 -0.118366 -0.203605 -0.166063 -0.297012 -0.149110 0.059444 -0.020574 0.184652 0.016229 0.219299 0.068309 0.269918 0.016405 -0.197237 -0.136096 0.083859 0.166604
0.224374 -0.291720 0.375042 0.203513 0.324842 0.008217 0.356001 -0.064935 0.111652 -0.143411 0.488901 -0.071279 0.358038 0.042418 0.557465 -0.172669 -0.365614 -0.327666 0.166206 -0.008351 0.032586 0.156825 1.000000 0.541517 0.542853 0.504867 0.281819 0.441378 -0.238191 -0.275841 0.323639 0.202572 -0.230643 -0.210590 0.264684 0.153383 -0.168961 0.132962 0.141099 0.094089 -0.148716 -0.149145 -0.367008 -0.340413 -0.349705 -0.392421 -0.380833 -0.281456 -0.126625 -0.367235 -0.024807 -0.285571 -0.164155 -0.212790 -0.024491 -0.128550 -0.144726 -0.142041 0.228263 -0.113174 0.225620 0.001502 -0.406861 -0.440982 0.677718 0.234132 -0.119316 0.028834 0.205626 0.199904 0.144712 0.066874 -0.228138 0.061133 -0.106197 0.168315 0.062461 0.082958 -0.333373 -0.085207 -0.567204 -0.572433 0.111072 -0.347118 0.242887 -0.361158 0.072823 -0.006494 0.455108 0.165934 -0.129836 0.000067 0.022795 0.170155 0.029253 -0.215085 -0.104217 0.046563 -0.349820 -0.160970 -0.227862 -0.049365 -0.280036 -0.201064 -0.096009 -0.061407 0.109124 0.103034 0.086038 -0.068902 -0.051452 -0.234859 -0.111751 -0.209023 0.050774 0.002713
0.080348 -0.209163 0.371171 0.467922 0.236303 0.185967 0.107304 0.121563 0.129098 0.079785 0.165668 -0.044356 0.005522 0.083716 0.294040 -0.031147 -0.531053 -0.448698 0.020648 0.408897 0.218839 0.276613 0.541517 1.000000 0.359960 0.418257 0.262275 0.347612 -0.274420 -0.320647 -0.021599 0.188665 -0.212136 -0.178831 0.059752 -0.032263 -0.390003 -0.203449 -0.166701 -0.026795 -0.019201 -0.209050 -0.458945 -0.458919 -0.288018 -0.265811 -0.318211 -0.295494 -0.184945 -0.295777 -0.245902 -0.300274 -0.169251 -0.257760 -0.172165 -0.272943 -0.292845 -0.057658 0.390972 0.196524 -0.008504 0.116708 -0.272073 -0.334335 0.376032 0.295884 0.058618 0.177134 0.126189 0.335365 0.205219 -0.028903 -0.492407 -0.084472 -0.246119 -0.040020 -0.211287 -0.045963 -0.450925 -0.183156 -0.471603 -0.573828 0.194633 -0.081129 0.088170 -0.196367 0.108976 0.118604 0.425611 0.249570 0.340159 0.179519 0.166964 0.104080 -0.021112 -0.341295 -0.348518 -0.078996 -0.370092 -0.090753 -0.063549 -0.039542 -0.326817 -0.144299 0.046168 0.291621 0.171667 0.261213 0.047769 -0.172386 -0.007798 -0.124657 -0.044750 -0.213540 -0.102029 0.083501
-0.048055 -0.292018 0.401022 0.220453 0.292870 0.235627 0.294287 0.089371 -0.010842 -0.030312 0.065532 -0.074653 -0.113860 -0.082051 0.164957 -0.236852 -0.368926 -0.346467 0.007219 0.018056 0.099557 0.280765 0.542853 0.359960 1.000000 0.644333 0.245478 0.555431 -0.288272 -0.352573 0.148307 0.126380 -0.141974 -0.034397 0.270264 0.244537 -0.122767 0.267544 0.203081 0.267689 -0.109827 -0.133726 -0.166942 -0.249771 -0.074339 -0.085237 -0.070339 -0.094533 0.083514 -0.358692 0.194683 -0.162745 -0.156168 -0.263426 -0.152128 -0.053211 -0.265156 -0.301485 0.091282 -0.145355 -0.089188 -0.149778 -0.326760 -0.453075 0.355089 0.405848 0.065899 0.343272 0.270898 0.308055 0.003706 0.238958 -0.418069 -0.123846 -0.235503 0.135329 0.019336 0.118479 -0.166421 -0.035497 -0.374800 -0.336293 -0.152479 -0.309782 0.048762 -0.240377 0.131394 0.009091 0.217761 0.071979 0.026333 -0.076702 0.153632 0.035073 0.170330 -0.201126 0.206989 0.021311 -0.261822 -0.263447 -0.201838 -0.073724 -0.207708 -0.164222 -0.132240 -0.073236 0.052435 -0.023684 0.100472 -0.020376 0.198553 -0.306851 -0.229262 -0.137002 0.012206 -0.101132
-0.004490 -0.300971 0.196808 0.233114 0.121987 0.236051 0.086006 -0.104898 -0.088658 -0.087955 -0.021652 -0.159123 -0.242928 -0.175983 0.099051 -0.040807 -0.266646 -0.174547 -0.098413 -0.027235 0.207964 0.336817 0.504867 0.418257 0.644333 1.000000 0.423120 0.705439 -0.240372 -0.063213 0.478979 0.492792 -0.099059 0.098174 0.130706 0.157999 -0.045416 0.303110 0.147309 0.256860 0.044790 -0.062191 0.041590 0.028499 -0.085854 -0.024181 -0.072311 0.030108 0.028305 -0.359346 0.065572 -0.196632 -0.301545 -0.378962 -0.218338 -0.128197 -0.150677 -0.207891 -0.108768 -0.246911 -0.184942 -0.290553 -0.318426 -0.422820 0.344777 0.305065 0.018852 0.306879 0.172587 0.134569 0.172167 0.241891 -0.223346 -0.038301 -0.181084 0.171100 -0.028968 0.119981 -0.078905 0.174425 -0.287279 -0.249161 -0.098836 -0.211351 0.105176 -0.151406 0.006092 0.087325 0.179126 0.018334 -0.161510 -0.266405 0.054192 -0.187232 0.142440 -0.210919 0.102041 -0.054554 -0.407477 -0.296128 -0.104263 -0.050254 -0.245341 -0.205784 -0.120852 -0.159815 -0.026211 -0.177159 0.190706 0.004598 0.286838 -0.323925 -0.350136 -0.147549 -0.064291 -0.009880
0.037721 -0.257048 0.048714 0.127020 0.485982 0.571718 0.022141 -0.152940 -0.041813 -0.028010 -0.034187 -0.142720 -0.305718 -0.064334 0.163464 0.009967 -0.269443 -0.163414 -0.175299 -0.143824 0.552399 0.489106 0.281819 0.262275 0.245478 0.423120 1.000000 0.687406 -0.359015 -0.339788 -0.039805 -0.018591 -0.206032 -0.175147 0.129005 0.134110 0.033294 -0.085437 0.042668 -0.054531 -0.024677 -0.118895 -0.047139 0.057356 0.015650 0.046838 0.006265 0.115751 0.066396 -0.096116 -0.082448 -0.120704 -0.222169 -0.173405 -0.113404 0.054642 -0.064284 -0.082196 -0.022460 -0.097156 0.042889 -0.210812 -0.067269 -0.263860 0.250352 0.133456 0.096610 0.337058 0.019293 -0.024071 0.142481 0.005504 -0.244098 -0.024582 -0.147140 0.024089 -0.160958 -0.040362 -0.299421 -0.068018 -0.325548 -0.265470 -0.044362 -0.128707 0.197411 0.013690 -0.133434 0.148523 0.275970 0.156757 -0.143113 -0.114266 -0.067714 -0.031418 -0.097203 0.129834 -0.037039 0.199075 -0.116285 0.073322 0.109496 -0.297655 -0.232430 -0.033098 0.076983 -0.107411 0.465841 0.128450 0.429706 0.155685 0.412287 0.179383 -0.211366 -0.111490 0.091537 0.317214
0.077663 -0.319826 0.193526 0.043576 0.312535 0.447280 0.102324 -0.138789 -0.175484 -0.180877 -0.020871 -0.174907 -0.301880 -0.146720 0.142521 -0.061900 -0.330996 -0.240599 -0.108362 -0.094884 0.453375 0.608544 0.441378 0.347612 0.555431 0.705439 0.687406 1.000000 -0.392590 -0.241042 0.145874 0.124142 -0.118130 -0.047020 0.217050 0.144387 -0.075522 0.044894 0.137850 0.138965 -0.011936 -0.155640 0.066228 0.127699 0.021003 0.074257 0.091598 0.139973 0.051327 -0.222676 0.142831 -0.138937 -0.234873 -0.277810 -0.237569 -0.015650 -0.122514 -0.153434 -0.009276 -0.096234 -0.078842 -0.284525 -0.161302 -0.394801 0.303206 0.195062 0.078114 0.429956 0.182514 0.073419 0.155946 0.267965 -0.290885 -0.032480 -0.129804 0.098384 -0.024412 0.070410 -0.171400 0.138929 -0.319748 -0.250102 -0.217864 -0.222148 0.266285 -0.073963 0.065005 0.072779 0.184458 0.061909 -0.216778 -0.215612 -0.045786 -0.244788 -0.000160 -0.127453 0.034284 0.003656 -0.257443 -0.200594 -0.116372 -0.208765 -0.302823 -0.214542 -0.104358 -0.241824 0.255687 -0.171360 0.192702 0.084362 0.312531 -0.171812 -0.378265 -0.217251 0.053719 0.087605
0.342233 0.308819 -0.332630 -0.227030 -0.313776 -0.304147 -0.373290 -0.143509 0.038891 -0.113316 0.322302 0.239728 0.297605 0.279036 0.152117 0.238822 0.523420 0.515497 0.324692 0.120239 -0.301237 -0.348559 -0.238191 -0.274420 -0.288272 -0.240372 -0.359015 -0.392590 1.000000 0.524370 0.251556 0.124146 0.131541 0.171179 -0.225729 -0.258646 0.122545 0.052607 -0.113671 -0.222569 0.222887 -0.092811 0.151212 0.202970 0.038729 -0.037477 0.013275 0.000654 -0.013804 0.215102 -0.053283 0.047122 -0.043721 -0.010179 -0.003349 -0.035308 0.372714 0.312405 -0.242371 -0.091344 -0.039286 0.031219 0.214456 0.309540 -0.256392 -0.203425 -0.211790 -0.461655 0.011333 0.047308 -0.147742 0.018224 0.537905 -0.010399 0.105900 -0.103988 0.037799 -0.184890 0.354800 0.152959 0.392249 0.258248 0.238102 0.270282 -0.074475 -0.025984 -0.108159 -0.069452 -0.339574 -0.308817 -0.276921 -0.261136 -0.262326 -0.237575 -0.232028 0.126993 -0.022456 -0.001168 -0.072678 -0.052929 -0.025795 0.064618 0.232928 0.120866 -0.045438 0.029437 -0.156543 -0.124301 -0.168108 -0.006721 -0.233568 -0.046718 0.243916 0.078779 0.024576 -0.019182
0.104677 0.229075 -0.291393 -0.172650 -0.440342 -0.372754 -0.281677 -0.129480 -0.091931 -0.146791 0.011978 0.137572 0.030772 0.094308 -0.132162 0.412811 0.370856 0.404207 0.179439 0.094929 -0.088972 -0.179982 -0.275841 -0.320647 -0.352573 -0.063213 -0.339788 -0.241042 0.524370 1.000000 0.364503 0.365543 0.334894 0.438420 -0.138227 -0.116726 0.281998 0.186737 -0.061653 -0.167629 0.274641 0.276282 0.192295 0.255426 -0.066382 -0.141541 -0.005730 0.048301 -0.126653 0.095826 -0.086883 -0.000143 -0.156481 -0.023125 -0.059043 0.027435 0.287187 0.141601 -0.388574 -0.169335 -0.169547 -0.029600 0.196777 0.273568 -0.337930 -0.323856 -0.157454 -0.409540 0.091460 -0.214474 0.006823 0.153939 0.650035 0.399747 0.410917 0.231179 0.310544 0.065554 0.331104 0.262582 0.329768 0.294199 0.051968 0.405208 -0.213461 -0.018524 -0.113037 -0.088766 -0.382726 -0.259202 -0.356100 -0.204829 -0.273337 -0.315757 -0.008117 0.140299 0.029947 0.093183 0.082703 -0.001109 -0.010100 0.206835 0.050406 0.014028 0.079888 -0.072014 -0.247416 -0.203781 -0.011915 0.119596 -0.083785 0.048955 0.221346 0.049587 -0.112395 0.102650
0.047350 -0.111603 0.064253 0.002465 -0.313057 -0.239528 0.100140 -0.137785 -0.121765 -0.204595 0.081165 -0.058710 0.119530 -0.119418 0.071335 0.066191 -0.029492 0.138211 0.222930 -0.035123 -0.113255 -0.088802 0.323639 -0.021599 0.148307 0.478979 -0.039805 0.145874 0.251556 0.364503 1.000000 0.672702 0.065462 0.333035 0.023978 0.112271 0.230785 0.374333 0.143368 0.067912 0.202027 0.161220 0.118428 0.174864 -0.157272 -0.202609 -0.053931 0.101087 -0.102645 -0.288023 0.053472 -0.089836 -0.253180 -0.169175 -0.232194 -0.148031 0.029856 -0.072817 -0.359617 -0.324602 -0.164016 -0.197584 -0.358343 -0.139413 0.171367 -0.052270 -0.278810 -0.192737 0.093941 -0.143276 0.107100 0.221341 0.323254 0.261682 0.122536 0.370338 0.269319 0.277564 0.165448 0.226723 -0.103151 -0.051191 0.064463 -0.011641 -0.131689 -0.204892 -0.144830 -0.020229 -0.184891 -0.306491 -0.407910 -0.321907 -0.187060 -0.151223 0.158889 0.008031 -0.009282 0.084238 -0.314599 -0.232333 -0.145711 0.019117 0.055081 0.077091 0.038448 -0.175310 -0.242973 -0.209508 0.074790 0.079263 0.121942 -0.181700 -0.083968 0.053124 -0.013364 -0.002456
-0.216872 -0.225500 0.041324 0.278782 -0.371038 -0.174524 -0.006650 -0.018240 -0.104460 0.062916 -0.107779 -0.122051 -0.065874 -0.099022 -0.088735 0.237021 -0.130486 0.114840 -0.057768 0.109763 -0.019696 0.129936 0.202572 0.188665 0.126380 0.492792 -0.018591 0.124142 0.124146 0.365543 0.672702 1.000000 0.006232 0.429234 -0.047032 0.144557 0.055168 0.199308 -0.080408 0.087432 0.074351 0.190325 0.051636 0.086025 -0.111980 -0.046652 -0.025494 0.004418 -0.177355 -0.239147 -0.112972 -0.254597 -0.361688 -0.284149 -0.360595 -0.306543 -0.193715 -0.284539 -0.275280 -0.311723 -0.238626 -0.163820 -0.282160 -0.079027 0.137544 0.155309 -0.169274 -0.050438 0.062833 -0.056004 0.195835 0.185001 0.101258 0.251522 0.062374 0.297622 0.227457 0.376485 0.182589 0.123702 -0.032826 -0.043360 0.051376 0.227655 -0.177649 -0.099829 -0.041093 0.112165 -0.050017 -0.230580 -0.191134 -0.221935 0.059264 -0.090858 0.225859 -0.111432 -0.107990 0.033039 -0.268602 -0.158116 -0.192242 -0.037419 -0.080041 -0.036101 0.002926 -0.046230 -0.186132 -0.058572 0.086018 0.043197 0.108146 -0.155680 0.012210 0.018333 -0.126050 0.081334
0.118154 0.209435 -0.097885 -0.184184 -0.210951 -0.166514 -0.138337 -0.166962 -0.206353 -0.263126 -0.122981 -0.109993 -0.138228 -0.144516 -0.175490 0.039260 0.259672 0.067971 0.112810 0.039890 -0.096477 -0.071356 -0.230643 -0.212136 -0.141974 -0.099059 -0.206032 -0.118130 0.131541 0.334894 0.065462 0.006232 1.000000 0.469383 -0.043916 -0.047158 0.133306 0.118637 0.121947 0.167417 0.186687 0.187401 0.216175 0.147051 0.048454 -0.026937 0.156309 0.059628 -0.117595 0.023153 0.114502 -0.048589 -0.008894 0.052349 -0.079846 0.028646 0.481095 0.316498 -0.140140 0.007733 -0.031550 -0.117512 0.233167 0.137529 -0.234433 -0.240145 0.175962 -0.094725 0.253718 0.156329 -0.240011 0.036514 0.224279 0.199903 0.208147 0.062983 0.049996 -0.138983 0.267857 0.098238 0.137256 0.204965 -0.089369 0.137616 -0.205029 0.092195 -0.034796 -0.057321 -0.154132 -0.244929 -0.217227 -0.182652 -0.202422 -0.299621 0.078887 0.074445 -0.011959 -0.026881 0.031448 -0.033677 -0.120185 0.144572 0.060149 -0.105786 0.041823 -0.015430 -0.203238 -0.227204 -0.020214 -0.049558 -0.182090 -0.134581 0.045578 0.002498 -0.063590 -0.070010
-0.084960 0.129132 -0.069451 0.095805 -0.440682 -0.302117 -0.080839 0.108821 -0.243031 -0.174749 -0.320696 0.002948 -0.239152 -0.103232 -0.311683 0.148181 0.121365 0.042629 0.118420 0.313575 0.005637 0.014767 -0.210590 -0.178831 -0.034397 0.098174 -0.175147 -0.047020 0.171179 0.438420 0.333035 0.429234 0.469383 1.000000 0.022200 0.263596 0.066645 0.057512 0.048472 0.152831 0.138960 0.237407 0.126118 0.191634 0.048708 0.042981 0.103270 0.110591 -0.217502 -0.093845 -0.111718 -0.158373 -0.221452 -0.193512 -0.190309 -0.129943 0.024552 -0.041459 -0.404607 -0.256129 -0.240553 -0.233512 0.076430 0.044159 -0.270781 -0.160113 -0.077404 -0.019859 0.164344 0.076173 0.055666 0.207818 0.262731 0.108936 0.033662 0.119142 0.064142 0.252585 0.368680 0.126640 0.189271 0.230531 -0.151552 0.353793 -0.310001 -0.014366 0.134339 0.050011 -0.203442 -0.435475 -0.075869 -0.227644 -0.013543 -0.214638 0.197513 -0.077188 0.004368 -0.172668 -0.142883 -0.324913 -0.104896 0.048059 -0.036044 0.150873 0.033058 -0.046747 -0.212079 -0.195632 -0.144732 -0.114034 0.078448 -0.259455 -0.100213 -0.140230 -0.133030 -0.143871
-0.214086 -0.295683 0.030813 -0.131658 0.304894 0.029035 0.052618 -0.080875 -0.076046 -0.134910 -0.072478 -0.212782 -0.114783 -0.134867 0.083148 -0.306943 -0.158556 -0.232037 0.002247 -0.140693 0.166769 0.162963 0.264684 0.059752 0.270264 0.130706 0.129005 0.217050 -0.225729 -0.138227 0.023978 -0.047032 -0.043916 0.022200 1.000000 0.546530 0.093648 -0.052568 0.081596 -0.015096 -0.042629 -0.031201 -0.061968 -0.004665 0.254453 0.114118 0.033079 0.207920 -0.101913 -0.150513 -0.027659 -0.183064 -0.263072 -0.197673 -0.171319 0.164746 -0.125742 -0.121799 0.114629 -0.000179 -0.035819 -0.051873 -0.185850 -0.266934 0.336838 0.211060 0.208234 0.351047 0.174041 0.187390 -0.206298 -0.061428 0.007643 -0.010108 0.035234 0.067019 0.087566 0.048232 -0.045693 0.052982 -0.338794 -0.201078 -0.234711 -0.344650 -0.060046 -0.254781 -0.170639 -0.192897 0.092146 0.028433 -0.160515 0.089910 0.015714 0.097118 0.096979 0.216184 0.193210 0.235417 -0.068470 -0.018617 -0.217561 -0.130609 -0.153652 0.040279 0.102041 0.153639 0.097138 0.184607 0.305017 0.021924 0.367373 0.054410 -0.025524 -0.203585 0.117938 0.119876
-0.272267 -0.194297 0.094123 0.233173 0.070237 0.025659 0.282250 0.248521 -0.222885 0.098404 -0.186309 -0.021902 -0.174982 -0.054227 -0.199909 -0.306183 -0.243541 -0.359329 0.029852 0.003261 0.226029 0.063489 0.153383 -0.032263 0.244537 0.157999 0.134110 0.144387 -0.258646 -0.116726 0.112271 0.144557 -0.047158 0.263596 0.546530 1.000000 0.102559 0.162345 0.074127 0.069294 -0.055361 0.085185 -0.155620 -0.060219 0.242431 0.227472 -0.121954 0.071337 -0.086257 -0.112361 -0.157456 -0.226101 -0.389514 -0.345081 -0.190386 -0.086039 -0.317528 -0.337162 -0.074754 -0.237912 -0.144414 -0.012633 -0.262944 -0.162500 0.240665 0.366773 0.073291 0.393368 0.002905 -0.010549 0.124613 -0.034470 -0.128277 0.085473 -0.033200 0.169626 0.169917 0.331608 -0.106101 -0.145656 -0.318296 -0.220415 -0.280003 -0.081095 -0.189486 -0.131947 -0.087499 0.020045 0.150853 -0.022886 -0.048519 0.045783 0.173461 0.130825 0.096670 0.064787 0.170237 0.111485 0.001080 -0.161114 -0.139775 -0.185250 0.010880 0.037671 0.140934 -0.068739 0.093611 0.086983 0.178157 -0.037533 0.333269 -0.005440 -0.090058 -0.016606 -0.005432 0.021834
