1.000000 0.151660 0.119024 -0.080707 0.034295 -0.443494 0.261543 -0.132619 0.130637 -0.071444 0.461095 0.167500 0.159688 -0.063466 0.072063 -0.013115 0.127878 0.016194 0.149243 0.464046 -0.215100 -0.219252 -0.121856 -0.275998 -0.228745 -0.352332 0.000084 -0.197402 0.265990 0.040117 -0.224602 -0.296125 0.232866 0.055006 -0.074971 -0.081873 -0.035345 -0.045976 -0.151430 -0.227207 -0.093251 -0.105883 -0.152200 -0.088153 -0.183423 -0.176381 -0.071234 0.000396 -0.047590 0.086079 -0.275839 -0.067176 -0.000188 0.078016 -0.008428 0.115380 0.314951 0.136829 0.025927 -0.103636 0.034397 0.034270 -0.052737 -0.090276 -0.314963 -0.075796 -0.165824 -0.294032 0.274593 0.078101 -0.005590 0.012937 0.066813 -0.115347 -0.029237 0.203365 0.202163 0.169496 0.019379 -0.043582 0.152778 0.049437 0.153191 0.091471 -0.028628 0.051901 -0.053048 -0.084094 -0.119812 -0.142324 0.229975 0.292247 -0.125127 0.043964 -0.110794 0.195629 -0.332298 -0.003855 0.084760 0.123353 -0.223967 0.009445 0.162704 0.230879 -0.172511 -0.024651 -0.064903 -0.081351 0.023277 0.110510 -0.171491 0.057882 0.126471 -0.027472 0.024747 0.021490
0.151660 1.000000 -0.379064 -0.111110 -0.261612 -0.077480 -0.130905 0.326139 -0.358157 0.047938 -0.046833 0.555466 0.209026 0.414306 -0.356183 0.151059 0.377769 0.232751 -0.469538 0.062060 -0.229635 -0.058740 -0.488294 -0.437844 -0.426858 -0.410317 -0.234806 -0.091762 0.185983 0.232947 -0.417940 -0.359109 -0.071578 -0.172901 -0.481714 -0.341588 0.145161 0.163174 -0.265884 0.005392 0.066430 0.133014 -0.274077 -0.179391 -0.238002 -0.273847 -0.071587 -0.055360 -0.312221 -0.158469 -0.137438 0.038372 0.189829 0.143902 0.012740 -0.057342 0.311075 0.464821 0.161118 0.338860 0.324268 0.510116 0.339625 0.508193 -0.176741 -0.151484 -0.056005 -0.340861 0.175713 -0.008844 -0.082724 -0.026096 0.267561 -0.008051 0.006698 0.170880 -0.024863 0.139282 0.242677 0.102484 0.325316 0.313537 -0.205163 0.077824 -0.470120 -0.044087 -0.472672 -0.524413 -0.259710 0.014312 0.254424 -0.031110 -0.220432 -0.250535 -0.005275 0.394365 0.121637 0.088477 0.228437 0.284706 0.350029 0.315101 0.403360 0.113436 0.118722 -0.167411 0.050785 -0.189008 0.051218 0.219316 -0.122683 -0.029454 0.172415 0.123305 -0.178972 0.062000
0.119024 -0.379064 1.000000 0.193955 0.504208 -0.151698 0.642527 -0.047548 0.417897 -0.116690 0.236990 -0.240664 0.219872 -0.187088 0.404984 -0.192920 -0.114591 -0.299792 0.399714 0.051639 0.066900 -0.075851 0.378676 0.123387 0.191616 0.127137 0.283672 0.067265 0.038233 -0.190239 0.247978 0.070491 0.118545 -0.042506 0.232858 0.074719 -0.099936 -0.234984 -0.053372 -0.327825 -0.178932 -0.027440 -0.247930 -0.210887 -0.129986 -0.058259 -0.343262 -0.290650 0.012518 -0.067909 0.042159 -0.145313 -0.147268 -0.226588 -0.248043 -0.157600 -0.290880 -0.301228 -0.108680 -0.066410 0.031416 -0.263095 0.071851 -0.284802 0.067839 -0.083547 0.236805 0.216661 0.007169 0.090048 0.185556 -0.038079 -0.056967 -0.000409 0.045803 -0.117849 -0.149267 -0.228905 -0.154417 -0.193194 -0.164345 -0.177393 0.083770 0.036376 0.184865 -0.012690 0.142083 0.109941 0.334064 0.096979 0.209463 0.268568 0.329702 0.417748 -0.082662 -0.117526 -0.342626 -0.244823 -0.299238 -0.400205 -0.120502 0.176468 0.016273 0.225399 -0.233857 -0.032810 -0.072600 0.134612 -0.125987 -0.215465 -0.039843 -0.237829 -0.340561 -0.213011 -0.034264 -0.018852
-0.080707 -0.111110 0.193955 1.000000 0.300119 0.120018 0.393384 0.406687 0.494885 0.484997 -0.041333 -0.214107 -0.063577 0.003160 0.439773 0.254616 -0.335001 -0.272484 0.359679 0.342830 0.110659 -0.126965 0.393514 0.563483 -0.038469 0.135019 0.222002 0.378962 -0.135631 -0.364049 0.272453 0.450700 -0.184858 0.235742 0.255968 0.245613 -0.472241 -0.185104 -0.089904 -0.225759 -0.251409 -0.132403 -0.092019 -0.153641 -0.136301 -0.165922 -0.199397 -0.298016 -0.264916 -0.300632 -0.272729 -0.304084 -0.411913 -0.308792 -0.335775 -0.314382 -0.431580 -0.401950 -0.206465 -0.218186 -0.286630 -0.273755 -0.189313 -0.247430 0.323654 0.287937 -0.213363 0.238149 -0.265306 0.034312 0.043864 0.150852 -0.263544 -0.212888 -0.112099 -0.111941 -0.334037 -0.222360 -0.196190 -0.210678 -0.363324 -0.328246 0.379646 0.437771 0.176330 0.249181 0.133110 0.268130 0.472179 0.310601 0.214242 0.099073 0.501901 0.179716 0.020003 -0.126358 -0.362088 -0.400279 -0.175425 -0.413442 -0.200225 -0.299629 -0.113095 -0.068811 -0.124413 -0.208145 -0.102272 -0.028184 -0.001737 -0.100313 -0.006439 -0.103075 -0.266556 -0.077051 -0.032267 -0.145158
0.034295 -0.261612 0.504208 0.300119 1.000000 0.007078 0.545706 0.160398 0.467595 0.209343 -0.087053 -0.191753 0.066691 0.067467 0.246032 -0.039299 -0.204261 -0.217377 0.236123 0.056685 0.230121 0.242876 0.197628 0.172567 -0.048070 0.014309 0.330281 0.300525 -0.129909 -0.270234 0.150473 0.128708 0.030084 0.122356 0.343379 0.260910 -0.196224 -0.328825 -0.019849 -0.260911 -0.180422 -0.090486 -0.141748 -0.125074 -0.055198 0.014568 -0.213838 -0.259329 -0.091712 -0.144307 -0.135100 -0.144240 -0.082262 -0.260548 -0.309880 -0.072648 -0.222570 -0.206198 -0.128610 -0.141872 -0.010044 -0.133877 -0.098183 -0.265312 0.092225 0.070534 0.143361 0.231089 0.030877 0.218505 0.214521 0.099447 -0.170490 -0.203663 -0.044731 -0.053617 -0.319721 -0.260726 -0.119532 -0.133546 -0.212773 -0.238778 0.159344 0.070172 0.028242 -0.192874 0.036468 0.083262 0.271146 0.223151 0.231533 0.249921 0.290380 0.311060 -0.016235 -0.138366 -0.168442 -0.202366 -0.062039 -0.325724 -0.178486 0.096515 -0.027910 0.038048 -0.155642 -0.173711 -0.056794 0.184201 0.016357 -0.235263 -0.083062 -0.148870 -0.157074 -0.167539 -0.027851 -0.036719
-0.443494 -0.077480 -0.151698 0.120018 0.007078 1.000000 -0.128848 0.179203 -0.016859 0.241467 -0.307252 -0.069555 -0.006305 0.140407 -0.070919 0.198893 -0.202758 -0.094822 -0.023611 -0.119340 0.055523 0.045088 0.120462 0.332799 0.335122 0.423683 0.353558 0.512472 -0.364819 -0.250149 0.230533 0.248744 -0.276868 -0.076044 -0.020113 0.072684 -0.162040 0.080771 0.106581 0.214799 0.028646 0.085257 -0.003074 -0.064124 -0.193402 -0.088823 -0.068986 -0.034062 -0.084883 -0.228040 0.141828 0.004777 0.057151 -0.118874 -0.013088 -0.280985 -0.306612 -0.066100 -0.043011 0.013336 -0.082061 0.052719 -0.217846 -0.074277 0.212632 0.181848 -0.049381 0.116124 -0.108544 0.079850 0.085544 0.189099 -0.252780 -0.130486 -0.158526 -0.086810 -0.214410 -0.138738 0.025364 -0.081557 -0.214242 -0.126145 -0.140593 -0.185537 -0.000804 -0.027297 -0.020458 0.123303 0.195210 0.227435 -0.007806 0.019172 0.290155 0.120104 0.193863 -0.125857 0.113906 0.051328 -0.200331 -0.118316 0.084648 0.002681 -0.122381 -0.208924 0.197194 -0.023597 0.208279 0.191415 -0.035182 0.044154 0.364702 -0.053893 -0.099690 0.100962 -0.249436 -0.082969
0.261543 -0.130905 0.642527 0.393384 0.545706 -0.128848 1.000000 0.300591 0.584840 0.204527 0.229575 -0.118861 0.419161 0.097388 0.346806 0.071801 -0.226516 -0.360656 0.251156 0.175774 0.033383 -0.087918 0.175828 0.115736 0.008307 0.007241 0.258409 0.188045 -0.094118 -0.380832 0.087471 -0.018396 0.023575 0.012380 0.200428 0.217816 -0.215286 -0.192613 -0.168390 -0.299911 -0.253095 -0.118250 -0.290477 -0.252407 -0.182832 -0.169619 -0.350343 -0.333227 -0.051934 -0.176190 -0.055697 -0.153713 -0.190477 -0.249331 -0.242955 -0.155935 -0.300007 -0.314990 -0.080432 -0.160323 0.146547 -0.153479 -0.078189 -0.331869 0.098331 0.150498 -0.015302 0.150035 -0.062737 0.116032 0.188733 0.160964 -0.183085 -0.185481 -0.115154 -0.005540 -0.195076 -0.218742 -0.298843 -0.232921 -0.294839 -0.236514 0.126478 0.147982 0.024487 -0.032412 0.089860 0.104561 0.279497 0.119496 0.360161 0.282488 0.379128 0.379286 -0.130027 -0.028533 -0.424182 -0.274794 -0.167440 -0.390601 -0.095103 0.241561 0.104140 0.167512 -0.026868 -0.130727 -0.010349 0.047655 -0.009457 -0.208884 -0.075908 -0.121971 -0.241729 -0.022296 -0.022235 0.097316
-0.132619 0.326139 -0.047548 0.406687 0.160398 0.179203 0.300591 1.000000 -0.018410 0.603389 -0.140337 0.460690 0.217481 0.738995 -0.279074 0.124621 -0.047697 -0.044498 -0.355819 -0.032473 -0.092141 0.028889 -0.322311 -0.046178 -0.395840 -0.166689 -0.038814 0.214929 -0.143810 -0.089250 -0.180957 -0.098197 -0.296158 -0.039269 -0.290960 0.164029 -0.184657 0.033267 -0.369225 -0.046357 -0.098364 0.147686 -0.208036 -0.125794 -0.197536 -0.073968 -0.190307 -0.105179 -0.242025 -0.259389 -0.074403 -0.008668 -0.038408 -0.107642 -0.235767 -0.135803 -0.269601 -0.104234 0.050323 0.012963 0.191077 0.365712 -0.005899 0.059277 0.071356 0.388625 -0.181935 0.064408 -0.402597 -0.108469 0.008648 0.128701 0.019744 -0.093373 -0.088028 -0.009021 -0.259714 0.056650 -0.071923 -0.136551 -0.055667 -0.050407 -0.224696 0.017890 -0.340039 -0.046618 -0.311792 -0.236834 0.090097 0.238738 0.345713 0.011381 0.275581 -0.078889 -0.043089 0.117495 -0.032386 -0.215473 0.110507 -0.123916 0.287853 0.254468 0.252337 -0.125735 0.070489 -0.259698 0.062145 -0.040745 0.004704 -0.169908 -0.107913 -0.154504 0.031350 0.042015 -0.072685 -0.159999
0.130637 -0.358157 0.417897 0.494885 0.467595 -0.016859 0.584840 -0.018410 1.000000 0.224587 0.062214 -0.348825 0.184123 -0.171791 0.573522 0.185934 -0.332557 -0.384817 0.431921 0.171045 0.052239 -0.127008 0.513941 0.510156 0.275025 0.281789 0.340401 0.231554 -0.263446 -0.535024 0.337973 0.325116 0.021681 0.031828 0.512130 0.180451 -0.273684 -0.268747 0.226826 -0.201327 -0.131502 -0.296324 -0.246740 -0.265284 -0.242609 -0.272171 -0.362882 -0.389316 -0.026443 -0.215036 0.031818 -0.166656 -0.319667 -0.306135 -0.106663 -0.202376 -0.352521 -0.456431 -0.165656 -0.189631 -0.041365 -0.305536 -0.127453 -0.370802 0.358479 0.200457 0.060955 0.112374 -0.074192 0.088270 0.079139 0.094131 -0.415166 -0.264456 -0.208781 -0.075319 -0.174233 -0.259570 -0.248476 -0.332992 -0.277517 -0.449898 0.410825 0.235970 0.411753 0.150857 0.300111 0.336476 0.492627 0.267173 0.102272 0.242684 0.540195 0.491975 0.026061 -0.224451 -0.423152 -0.207840 -0.351926 -0.411684 -0.185555 -0.069404 -0.109477 0.116944 -0.060444 -0.037324 0.013941 0.042553 -0.028642 -0.163158 -0.054609 -0.134724 -0.287525 0.045162 0.031528 0.024717
-0.071444 0.047938 -0.116690 0.484997 0.209343 0.241467 0.204527 0.603389 0.224587 1.000000 -0.184180 0.235340 0.023491 0.504845 -0.083981 0.292827 -0.286003 -0.119146 -0.180752 0.073189 -0.016375 -0.137529 -0.155726 0.162407 -0.313659 -0.127904 -0.040406 0.145393 -0.138506 -0.119210 -0.135162 0.048686 -0.395295 0.017077 0.058959 0.319547 -0.327597 0.054227 -0.175684 0.004720 -0.142816 0.108388 -0.068588 -0.109055 -0.157284 -0.045720 -0.166250 -0.201232 -0.173160 -0.275905 -0.161601 -0.096890 -0.148614 -0.155331 -0.185917 -0.176591 -0.318817 -0.324527 -0.021793 -0.171394 0.009907 0.171187 -0.210701 -0.106968 0.115977 0.486065 -0.177979 0.071690 -0.343598 -0.128427 -0.051988 0.101106 -0.186750 -0.037467 -0.206781 0.157774 -0.104245 0.150652 -0.154805 -0.140735 -0.160111 -0.183161 0.104727 0.236546 -0.088186 0.209601 -0.086375 -0.022284 0.111499 0.332691 0.265629 0.162783 0.310881 0.026508 -0.030357 0.061610 -0.179555 -0.116772 0.091125 -0.045283 0.062606 0.083138 0.085928 0.005876 0.272781 -0.123046 0.083417 -0.023605 0.122562 -0.063002 -0.063604 -0.011302 -0.030263 0.005557 0.121393 -0.043302
0.461095 -0.046833 0.236990 -0.041333 -0.087053 -0.307252 0.229575 -0.140337 0.062214 -0.184180 1.000000 0.047241 0.410483 -0.060648 0.248970 0.040922 0.116331 -0.111315 0.146054 0.165533 -0.106843 -0.265326 0.104605 -0.102004 -0.023079 -0.054868 0.099482 -0.035822 0.155593 -0.147062 0.144308 -0.135430 0.097064 -0.028749 0.005489 0.021376 -0.072240 -0.034029 -0.139747 -0.108647 -0.000189 -0.062339 -0.142445 -0.133579 -0.166432 -0.124625 -0.178603 -0.096327 -0.079178 -0.071298 -0.037212 -0.116164 -0.076267 -0.003898 0.094529 0.004176 0.010889 -0.049559 0.008946 -0.005668 0.135998 0.014579 0.003456 -0.119090 -0.158962 0.165912 -0.145537 -0.079913 0.146405 0.022910 0.070282 -0.167361 -0.043802 -0.103330 0.022747 -0.002951 0.270337 0.054966 -0.276498 -0.089928 -0.114749 -0.148930 0.219692 0.041442 0.313480 0.118581 0.290057 0.107693 0.152881 -0.002146 0.046427 0.082595 -0.059410 0.063689 -0.029250 0.234720 -0.076952 -0.128903 -0.199967 -0.001527 -0.055966 0.003571 0.020116 0.169376 -0.140463 -0.095848 -0.167523 -0.067119 0.159132 0.080808 -0.051991 -0.042847 0.040431 0.042794 0.091172 -0.063024
0.167500 0.555466 -0.240664 -0.214107 -0.191753 -0.069555 -0.118861 0.460690 -0.348825 0.235340 0.047241 1.000000 0.262637 0.674856 -0.551483 0.171016 0.253939 0.322510 -0.612742 -0.098569 -0.221274 -0.127265 -0.620723 -0.496029 -0.495939 -0.396394 -0.352626 -0.175215 0.189140 0.446301 -0.299941 -0.354505 -0.026287 -0.101766 -0.556635 -0.128246 0.256430 0.332088 -0.280644 0.048751 0.125671 0.269691 -0.244601 -0.132610 -0.224335 -0.101195 -0.075411 0.071936 -0.136297 -0.092173 -0.011305 0.186637 0.275408 0.148717 0.039589 0.045442 0.149836 0.143851 0.141147 0.119740 0.347155 0.577145 0.216520 0.294900 -0.407931 0.078431 -0.160714 -0.311550 -0.104925 -0.262443 -0.000907 0.010810 0.362082 0.248261 0.164255 0.200663 0.271426 0.362022 0.069481 0.057567 0.243410 0.226724 -0.419079 -0.088912 -0.527810 0.067202 -0.445916 -0.418434 -0.278959 -0.059841 0.172725 -0.026110 -0.154862 -0.279963 -0.073517 0.372575 0.067180 0.021908 0.153077 0.250558 0.477868 0.414156 0.391674 0.004350 0.123400 -0.167261 0.040653 -0.138072 0.049085 0.049203 -0.200256 -0.087799 0.237598 0.020799 0.080921 0.006233
0.159688 0.209026 0.219872 -0.063577 0.066691 -0.006305 0.419161 0.217481 0.184123 0.023491 0.410483 0.262637 1.000000 0.426589 0.128841 0.396369 0.276009 -0.152040 -0.147899 -0.027414 -0.103100 -0.133444 -0.089334 -0.058418 -0.082397 0.012023 0.179050 0.257200 0.100351 -0.201830 0.090657 -0.144578 0.156196 -0.026997 -0.178540 -0.043983 0.195011 -0.056597 -0.154619 -0.061919 0.145444 0.076690 -0.475291 -0.349643 -0.433281 -0.354106 -0.495294 -0.306994 -0.301011 -0.395986 0.054614 -0.153295 -0.097215 -0.149067 -0.059815 -0.148879 -0.011943 -0.004713 -0.024385 0.039266 0.585659 0.262146 0.274239 0.038157 -0.014608 0.165893 -0.059856 -0.220696 0.029865 -0.156459 0.146711 0.105944 -0.012358 0.037303 -0.167865 0.145318 0.130727 0.109283 -0.133412 -0.326387 0.018902 -0.068695 -0.063229 0.160175 -0.059015 -0.005764 -0.139831 -0.105450 0.207184 0.149881 0.194237 0.026108 0.148609 0.144206 0.048932 0.159480 -0.140608 -0.096633 -0.296464 -0.129346 0.347541 0.376941 0.190275 0.169384 -0.023548 -0.241782 -0.116884 -0.016573 0.131738 -0.043839 -0.093218 -0.184447 -0.064990 0.053132 -0.061604 0.015601
-0.063466 0.414306 -0.187088 0.003160 0.067467 0.140407 0.097388 0.738995 -0.171791 0.504845 -0.060648 0.674856 0.426589 1.000000 -0.453071 0.271902 0.111877 0.153886 -0.586793 -0.202937 -0.070579 -0.035120 -0.593320 -0.338947 -0.504058 -0.322315 -0.169686 0.072302 -0.029447 0.125134 -0.288710 -0.305422 -0.296857 -0.127320 -0.410867 0.077975 0.060979 0.179757 -0.415173 -0.027569 0.061005 0.227699 -0.245650 -0.183002 -0.206578 -0.085123 -0.206691 -0.066543 -0.228562 -0.285501 0.038176 0.070894 0.179486 0.022827 -0.138055 -0.139107 -0.061664 0.015930 0.078278 0.161809 0.431699 0.612137 0.133745 0.281517 -0.221033 0.347832 -0.100364 -0.114526 -0.198797 -0.155029 0.018947 0.098508 0.159181 0.039274 -0.128192 0.132812 -0.015964 0.220680 -0.058543 -0.044103 0.121968 0.055933 -0.327615 -0.023633 -0.452610 -0.042361 -0.447154 -0.365409 -0.152736 0.150524 0.347417 0.037345 0.023694 -0.175371 -0.042036 0.246570 0.050112 -0.135456 0.122425 0.071712 0.451755 0.460438 0.380915 -0.052378 0.107667 -0.246806 0.058440 -0.089700 0.098723 -0.142481 -0.158316 -0.050068 0.221029 0.062326 -0.006958 -0.071868
0.072063 -0.356183 0.404984 0.439773 0.246032 -0.070919 0.346806 -0.279074 0.573522 -0.083981 0.248970 -0.551483 0.128841 -0.453071 1.000000 0.335205 -0.172519 -0.313065 0.633830 0.311253 0.201686 -0.041153 0.657020 0.508940 0.393855 0.388187 0.334217 0.223859 0.051064 -0.392910 0.416449 0.412104 0.016935 0.110915 0.441530 -0.005322 -0.188078 -0.292268 0.310342 -0.147777 -0.067408 -0.130134 -0.121853 -0.215697 -0.201778 -0.308965 -0.249863 -0.377065 -0.129548 -0.191012 -0.068216 -0.260791 -0.298030 -0.229427 -0.199555 -0.201905 -0.275213 -0.235181 -0.222671 -0.192434 -0.205877 -0.509744 -0.069997 -0.311894 0.397811 -0.124592 0.011313 0.051141 0.161552 0.183942 0.018184 0.035653 -0.222783 -0.094621 -0.071264 -0.037685 -0.164109 -0.366282 -0.140851 -0.166296 -0.265231 -0.264277 0.623731 0.445011 0.568423 0.072491 0.381579 0.411627 0.397423 0.199274 0.029820 0.103647 0.269505 0.364410 0.060697 -0.249040 -0.376971 -0.162355 -0.358960 -0.307516 -0.324846 -0.316918 -0.125080 0.128491 -0.154962 -0.003243 -0.146028 0.069662 0.137580 -0.087282 -0.079063 -0.135613 -0.346880 -0.134475 -0.088831 0.000417
-0.013115 0.151059 -0.192920 0.254616 -0.039299 0.198893 0.071801 0.124621 0.185934 0.292827 0.040922 0.171016 0.396369 0.271902 0.335205 1.000000 -0.016172 -0.071649 -0.049441 0.131361 -0.014882 -0.090757 -0.045223 0.193081 -0.009589 0.196854 0.096524 0.293006 0.019028 -0.076564 0.084971 0.218145 -0.040541 0.162100 -0.094320 -0.026095 -0.052990 0.080673 0.147442 0.095596 0.105407 0.170560 -0.133452 -0.194950 -0.264876 -0.292967 -0.219768 -0.266943 -0.341987 -0.437208 -0.122933 -0.292452 -0.085704 -0.230320 -0.103387 -0.193254 -0.074645 -0.065050 -0.244845 -0.181008 0.061079 -0.031982 0.066092 0.015252 0.072126 0.077110 -0.154053 -0.169645 0.034203 -0.039674 -0.041453 0.275700 -0.011917 0.037102 -0.115285 0.198646 -0.039169 0.068680 -0.059050 -0.068437 -0.084415 -0.042410 0.228890 0.527282 0.040311 0.201272 0.014263 0.071824 0.099144 0.197320 0.091969 -0.095831 0.113983 0.009414 0.121761 0.116232 -0.056057 0.041849 -0.172475 -0.100199 0.117955 -0.012809 0.051661 0.027846 0.183598 -0.104829 -0.146917 0.046197 0.160945 0.129471 -0.037733 -0.070092 -0.158936 0.024676 -0.088770 0.051419
0.127878 0.377769 -0.114591 -0.335001 -0.204261 -0.202758 -0.226516 -0.047697 -0.332557 -0.286003 0.116331 0.253939 0.276009 0.111877 -0.172519 -0.016172 1.000000 0.326718 -0.310489 0.052052 -0.211227 -0.013899 -0.316923 -0.332038 -0.215108 -0.278585 -0.167110 -0.209315 0.511891 0.369875 -0.200812 -0.229531 0.358224 0.154538 -0.287635 -0.147620 0.427382 0.180431 -0.049511 -0.010377 0.289230 0.135607 -0.465988 -0.367475 -0.237057 -0.336378 -0.204679 -0.279905 -0.415528 -0.316344 -0.092216 -0.305115 -0.115227 -0.160283 0.078695 -0.052480 0.460784 0.402582 -0.048209 0.145344 0.414509 0.135309 0.601837 0.511246 -0.093471 -0.311590 0.167219 -0.250246 0.261905 -0.164721 0.200804 0.026227 0.509967 0.350246 0.283444 0.137456 0.359368 0.362090 0.436068 0.170176 0.660512 0.512786 -0.141464 -0.039112 -0.176579 -0.030406 -0.245695 -0.531897 -0.055314 -0.165380 0.008015 -0.183944 -0.168456 -0.127990 0.184954 0.237686 0.141212 0.182150 -0.067918 0.191863 0.236725 0.227885 0.300562 0.117458 -0.073025 0.064215 0.052476 0.036422 0.313465 0.218198 -0.116457 -0.090511 -0.031101 0.032659 0.028335 0.166351
0.016194 0.232751 -0.299792 -0.272484 -0.217377 -0.094822 -0.360656 -0.044498 -0.384817 -0.119146 -0.111315 0.322510 -0.152040 0.153886 -0.313065 -0.071649 0.326718 1.000000 -0.315723 -0.005477 0.007102 0.031555 -0.363822 -0.302949 -0.201290 -0.279220 -0.252446 -0.282014 0.366148 0.557747 -0.269232 -0.293783 0.049958 -0.014863 -0.358029 -0.266546 0.206044 0.344876 -0.062501 0.049143 0.391061 0.271476 -0.114388 -0.202316 -0.080491 -0.153297 -0.006867 -0.120035 -0.094048 -0.107007 -0.013945 -0.079965 0.195681 0.051039 0.020847 -0.189041 0.421283 0.548868 0.031723 0.187750 0.086727 0.248436 0.196914 0.564185 -0.285958 -0.172587 0.072491 -0.242554 0.186766 -0.110096 0.050322 0.043632 0.543896 0.353296 0.391483 0.056786 0.250892 0.342406 0.071334 0.488666 0.347601 0.638402 -0.288589 -0.131029 -0.346232 -0.107852 -0.190210 -0.337523 -0.393198 -0.255791 -0.120617 -0.146079 -0.208573 -0.184144 -0.044717 0.209116 0.169046 0.038161 0.000266 0.143391 0.298302 0.197455 0.237881 -0.006846 0.032182 0.096761 0.107050 0.051792 0.033994 0.040959 -0.089053 -0.010152 0.021210 0.029780 0.088572 0.103185
0.149243 -0.469538 0.399714 0.359679 0.236123 -0.023611 0.251156 -0.355819 0.431921 -0.180752 0.146054 -0.612742 -0.147899 -0.586793 0.633830 -0.049441 -0.310489 -0.315723 1.000000 0.432260 0.115694 -0.058777 0.697102 0.531947 0.466598 0.440222 0.495919 0.283619 -0.115898 -0.357585 0.442770 0.460932 -0.003504 0.198765 0.546662 0.229755 -0.271565 -0.279657 0.291440 -0.084791 -0.132764 -0.221735 0.074989 -0.075098 -0.111762 -0.137589 -0.088082 -0.141105 0.052026 -0.078869 0.006771 -0.257544 -0.193644 -0.189623 -0.045075 -0.204005 -0.249672 -0.291148 -0.257298 -0.349083 -0.382821 -0.520477 -0.317473 -0.502860 0.357052 -0.051025 -0.081911 0.192339 0.169512 0.258054 0.145142 0.108451 -0.297822 -0.194699 0.027670 -0.043419 -0.170030 -0.172801 -0.142611 -0.166264 -0.383883 -0.367638 0.477248 0.192774 0.512316 -0.025583 0.425411 0.487781 0.414639 0.123666 -0.029831 0.247710 0.262206 0.392872 -0.020188 -0.293384 -0.333579 -0.188296 -0.293346 -0.318286 -0.424289 -0.419867 -0.311059 0.011091 -0.198921 0.091999 -0.068432 0.035859 -0.126596 -0.049625 0.215985 -0.101978 -0.270741 -0.182508 0.018483 -0.057042
0.464046 0.062060 0.051639 0.342830 0.056685 -0.119340 0.175774 -0.032473 0.171045 0.073189 0.165533 -0.098569 -0.027414 -0.202937 0.311253 0.131361 0.052052 -0.005477 0.432260 1.000000 -0.035986 -0.161391 0.080360 0.110895 -0.055123 -0.061007 0.277386 0.126784 0.375779 0.073505 -0.017434 0.027774 0.176055 0.346653 0.042955 -0.018649 -0.164054 -0.046470 0.061011 -0.058251 0.039495 -0.050613 -0.210985 -0.166462 -0.226008 -0.294329 -0.164805 -0.090396 -0.271483 -0.088784 -0.402276 -0.276964 -0.275552 -0.114936 -0.194499 -0.123156 0.117483 0.077477 -0.292434 -0.309211 -0.370384 -0.251284 -0.129800 -0.149336 -0.158513 -0.161999 -0.275779 -0.117429 0.304787 0.280532 0.200240 0.112074 0.075228 -0.051295 0.099503 0.239045 -0.008468 0.058240 0.200093 0.037146 0.054743 0.124248 0.308646 0.365342 -0.050189 0.067162 0.007503 0.079318 0.027967 -0.192940 0.187361 0.323088 0.159683 0.119297 -0.088060 0.061245 -0.378982 -0.056729 -0.039695 -0.040002 -0.296089 -0.285546 0.028273 0.176005 -0.140917 0.004460 -0.118513 -0.004405 -0.023231 0.170015 -0.029357 -0.006173 -0.044302 0.083461 0.049490 0.116750
-0.215100 -0.229635 0.066900 0.110659 0.230121 0.055523 0.033383 -0.092141 0.052239 -0.016375 -0.106843 -0.221274 -0.103100 -0.070579 0.201686 -0.014882 -0.211227 0.007102 0.115694 -0.035986 1.000000 0.510588 0.086408 0.076465 0.029107 -0.055790 0.110054 0.039922 0.019444 -0.019939 0.055385 0.087789 0.022927 0.146279 0.205634 0.061607 -0.077326 0.024801 0.113032 0.193781 0.016403 0.269555 0.086061 -0.025803 0.058023 0.051496 0.061145 0.000090 0.050596 0.048479 -0.000009 0.013873 -0.022085 -0.003748 -0.252482 0.164322 -0.076995 -0.039655 -0.139850 -0.124467 -0.234834 -0.233423 -0.195638 -0.194879 -0.015407 0.035276 -0.003432 0.129644 0.145105 0.221446 0.031688 0.270602 -0.023209 0.004040 -0.135271 0.023618 -0.149560 -0.303573 -0.138622 0.091602 -0.145974 -0.050624 -0.010118 0.122962 -0.099475 -0.138740 -0.004802 0.239536 -0.025502 0.025731 0.049022 -0.072162 0.086628 0.099665 0.111387 -0.189327 0.079689 0.059756 -0.016602 0.063304 -0.274500 -0.120183 -0.164461 0.005064 -0.119805 -0.022195 -0.079408 0.002244 0.048338 0.110839 0.101521 0.264718 0.095133 -0.049478 0.112141 0.102279
-0.219252 -0.058740 -0.075851 -0.126965 0.242876 0.045088 -0.087918 0.028889 -0.127008 -0.137529 -0.265326 -0.127265 -0.133444 -0.035120 -0.041153 -0.090757 -0.013899 0.031555 -0.058777 -0.161391 0.510588 1.000000 -0.096920 -0.058087 0.016640 0.060206 0.048422 0.019180 -0.088166 0.078568 -0.080877 0.031082 0.195215 0.165958 0.044547 0.011813 0.091264 -0.239487 0.224621 0.240077 -0.019182 0.135232 0.091680 0.155979 0.188118 0.206421 0.202600 0.067437 -0.038862 0.058575 -0.002919 0.021756 0.012768 -0.030349 -0.079924 0.308720 0.098507 0.148561 -0.072439 -0.008346 -0.076908 -0.089175 -0.043087 -0.038099 0.051669 -0.118168 0.112498 0.164405 0.096431 0.195906 -0.022954 0.144479 0.055018 0.014221 -0.074409 0.002548 -0.132889 -0.161444 0.072131 0.117834 0.119166 0.089858 -0.132273 -0.052557 -0.074296 -0.221701 0.011530 -0.046791 -0.078561 0.052749 -0.158970 -0.285855 -0.090969 -0.039068 0.072701 -0.219175 0.276790 0.144970 0.117213 -0.022657 -0.104095 -0.078090 -0.123139 -0.141595 -0.151576 -0.056319 -0.120869 0.017088 0.006584 -0.105013 -0.061381 0.088880 0.016823 -0.166636 -0.173126 -0.024664
-0.121856 -0.488294 0.378676 0.393514 0.197628 0.120462 0.175828 -0.322311 0.513941 -0.155726 0.104605 -0.620723 -0.089334 -0.593320 0.657020 -0.045223 -0.316923 -0.363822 0.697102 0.080360 0.086408 -0.096920 1.000000 0.818206 0.654111 0.655294 0.498912 0.336352 -0.273395 -0.566121 0.762761 0.673234 -0.106086 0.062473 0.539277 0.128349 -0.216424 -0.279583 0.361413 -0.028298 -0.143051 -0.271726 0.006622 -0.110299 -0.219981 -0.170833 -0.199046 -0.208031 0.025042 -0.137346 0.100130 -0.188588 -0.265191 -0.151188 -0.042354 -0.240040 -0.345242 -0.282185 -0.087335 -0.133587 -0.312474 -0.439242 -0.294290 -0.412425 0.615933 0.020829 -0.074960 0.202593 -0.035713 0.145750 -0.000803 -0.101365 -0.485373 -0.268300 -0.148970 -0.232083 -0.176100 -0.231207 -0.128252 -0.286636 -0.440922 -0.473126 0.467312 0.040143 0.638233 -0.050835 0.490071 0.563560 0.625896 0.373807 -0.222132 0.023515 0.324646 0.395129 0.139671 -0.255134 -0.305048 -0.129172 -0.462857 -0.306324 -0.294658 -0.400968 -0.355405 -0.049082 -0.127645 0.120623 0.049434 0.090120 0.004551 -0.031954 0.293348 -0.094196 -0.302342 -0.104113 0.013930 -0.100051
-0.275998 -0.437844 0.123387 0.563483 0.172567 0.332799 0.115736 -0.046178 0.510156 0.162407 -0.102004 -0.496029 -0.058418 -0.338947 0.508940 0.193081 -0.332038 -0.302949 0.531947 0.110895 0.076465 -0.058087 0.818206 1.000000 0.556684 0.698455 0.434332 0.457245 -0.360778 -0.590227 0.681194 0.772728 -0.150890 0.191983 0.476986 0.197749 -0.213554 -0.152940 0.366458 0.166293 -0.064865 -0.201615 -0.028641 -0.118361 -0.241651 -0.201029 -0.230580 -0.241494 -0.054906 -0.274559 0.065933 -0.251113 -0.378749 -0.280024 -0.079707 -0.296122 -0.393312 -0.327362 -0.139016 -0.237770 -0.350674 -0.371731 -0.395399 -0.387217 0.630027 0.269422 -0.177474 0.220533 -0.214680 0.055106 0.007771 0.074052 -0.520158 -0.170533 -0.234347 -0.197363 -0.194610 -0.062377 -0.154541 -0.271250 -0.434315 -0.468437 0.370739 0.151363 0.490081 0.071893 0.381083 0.565456 0.625804 0.418638 -0.191777 -0.074735 0.468406 0.296979 0.229726 -0.243966 -0.230913 -0.145946 -0.438009 -0.392393 -0.191186 -0.381040 -0.358673 -0.134677 -0.026629 0.079975 0.121663 0.135948 0.054832 -0.004709 0.315909 -0.074589 -0.330571 -0.091757 0.044510 -0.089141
-0.228745 -0.426858 0.191616 -0.038469 -0.048070 0.335122 0.008307 -0.395840 0.275025 -0.313659 -0.023079 -0.495939 -0.082397 -0.504058 0.393855 -0.009589 -0.215108 -0.201290 0.466598 -0.055123 0.029107 0.016640 0.654111 0.556684 1.000000 0.803855 0.441914 0.247745 -0.307571 -0.351002 0.601421 0.514333 -0.067820 -0.036038 0.358801 0.006129 0.092637 0.098145 0.513260 0.219045 0.127785 -0.129741 0.068682 -0.082303 -0.204472 -0.201500 -0.044434 -0.079219 0.154101 -0.107921 0.431358 -0.024969 0.045157 -0.052612 0.225521 -0.169970 -0.237558 -0.156938 -0.081914 -0.082860 -0.267700 -0.370046 -0.179036 -0.261413 0.460217 -0.134599 0.047920 0.065178 0.034132 0.182916 0.150429 0.109106 -0.323974 -0.002038 -0.006417 -0.034789 -0.026705 -0.104837 -0.046903 -0.052394 -0.265674 -0.203908 0.145369 -0.197295 0.496382 -0.151553 0.404198 0.484549 0.345130 0.158749 -0.375928 -0.160356 0.124388 0.222649 0.153209 -0.237674 -0.019271 0.090801 -0.432007 -0.212296 -0.172864 -0.262575 -0.453982 -0.208162 -0.029094 0.245402 0.126500 0.033557 -0.104822 0.008885 0.400737 0.015673 -0.254176 -0.022889 -0.035949 -0.051254
-0.352332 -0.410317 0.127137 0.135019 0.014309 0.423683 0.007241 -0.166689 0.281789 -0.127904 -0.054868 -0.396394 0.012023 -0.322315 0.388187 0.196854 -0.278585 -0.279220 0.440222 -0.061007 -0.055790 0.060206 0.655294 0.698455 0.803855 1.000000 0.545487 0.488292 -0.391609 -0.436767 0.679952 0.662136 -0.122011 0.039934 0.341288 0.069025 -0.059844 -0.024220 0.407341 0.251147 0.032513 -0.131313 0.037849 -0.085803 -0.226329 -0.191465 -0.150125 -0.155941 0.048534 -0.235259 0.418732 -0.111640 -0.084657 -0.220752 0.086291 -0.264784 -0.364957 -0.215705 -0.100464 -0.200668 -0.174442 -0.311828 -0.195047 -0.317090 0.600707 0.049472 -0.070938 0.099671 -0.050150 0.072886 0.136165 0.088631 -0.403912 -0.018786 -0.082321 -0.115226 -0.084923 -0.064131 -0.024930 -0.158974 -0.329006 -0.346558 0.138393 -0.075945 0.494514 0.003270 0.376603 0.481622 0.493080 0.307091 -0.315236 -0.174406 0.248006 0.231824 0.168537 -0.231553 -0.051994 -0.011872 -0.442271 -0.335862 -0.028962 -0.241087 -0.402603 -0.274904 -0.029373 0.141005 0.097171 0.123710 -0.056758 -0.031855 0.333392 -0.115419 -0.261390 -0.029089 -0.114472 -0.108916
0.000084 -0.234806 0.283672 0.222002 0.330281 0.353558 0.258409 -0.038814 0.340401 -0.040406 0.099482 -0.352626 0.179050 -0.169686 0.334217 0.096524 -0.167110 -0.252446 0.495919 0.277386 0.110054 0.048422 0.498912 0.434332 0.441914 0.545487 1.000000 0.706693 -0.170672 -0.410739 0.481968 0.353126 -0.053511 0.123542 0.235219 0.202773 -0.290265 -0.253805 0.111495 0.019288 -0.140769 -0.074839 -0.096683 -0.276996 -0.338101 -0.299165 -0.294183 -0.237110 -0.142414 -0.373114 0.090548 -0.284861 -0.072038 -0.200034 -0.166330 -0.374127 -0.308590 -0.116693 -0.173531 -0.131107 -0.061552 -0.204748 -0.201015 -0.279129 0.379919 -0.009581 -0.037642 0.126211 0.149630 0.287170 0.227522 0.067624 -0.324810 -0.280983 -0.184215 0.039488 -0.277523 -0.136287 -0.022554 -0.203183 -0.308401 -0.270539 0.240425 0.101684 0.190809 -0.187020 0.196438 0.276563 0.344072 0.239632 0.172281 0.157984 0.356369 0.390832 0.018269 -0.123650 -0.135011 -0.083745 -0.286694 -0.353039 -0.128425 -0.159350 -0.190973 0.021403 -0.180009 -0.019869 0.099578 0.226898 -0.024607 0.073254 0.362902 -0.127493 -0.230641 0.067188 -0.190003 -0.168275
-0.197402 -0.091762 0.067265 0.378962 0.300525 0.512472 0.188045 0.214929 0.231554 0.145393 -0.035822 -0.175215 0.257200 0.072302 0.223859 0.293006 -0.209315 -0.282014 0.283619 0.126784 0.039922 0.019180 0.336352 0.457245 0.247745 0.488292 0.706693 1.000000 -0.213517 -0.380938 0.386143 0.376684 -0.142204 0.158944 0.166171 0.160462 -0.269025 -0.217624 -0.043183 -0.047169 -0.050996 -0.111211 -0.087062 -0.187383 -0.251848 -0.218444 -0.253793 -0.197230 -0.246192 -0.398691 0.032753 -0.202908 -0.112614 -0.213103 -0.221810 -0.358838 -0.362121 -0.248725 -0.172827 -0.114918 0.027314 -0.028401 -0.102076 -0.192749 0.362970 0.171293 -0.128493 0.130971 -0.116904 0.067610 0.120049 0.152006 -0.308018 -0.288415 -0.202417 -0.065808 -0.336527 -0.148854 -0.111464 -0.384608 -0.331357 -0.322468 0.139318 0.234486 0.089163 -0.100371 0.040451 0.214467 0.377668 0.342265 0.197973 0.090230 0.351835 0.265974 0.040639 -0.131871 -0.086420 -0.184941 -0.231630 -0.448112 0.055857 -0.155565 -0.156937 -0.115322 -0.074473 -0.192641 -0.036319 0.115425 -0.100379 -0.132485 0.244302 -0.188577 -0.220974 0.044629 -0.181836 -0.243582
0.265990 0.185983 0.038233 -0.135631 -0.129909 -0.364819 -0.094118 -0.143810 -0.263446 -0.138506 0.155593 0.189140 0.100351 -0.029447 0.051064 0.019028 0.511891 0.366148 -0.115898 0.375779 0.019444 -0.088166 -0.273395 -0.360778 -0.307571 -0.391609 -0.170672 -0.213517 1.000000 0.614654 -0.167401 -0.181757 0.351323 0.296080 -0.201191 -0.176841 0.265725 0.096428 -0.220433 -0.199749 0.439247 0.091079 -0.287247 -0.261118 -0.152715 -0.231523 -0.126694 -0.157009 -0.410277 -0.130235 -0.429194 -0.296751 -0.142773 -0.041497 -0.158980 -0.120509 0.390007 0.230916 -0.278973 -0.001927 0.030452 0.018491 0.469739 0.391926 -0.369767 -0.437886 0.026029 -0.283136 0.234779 -0.250462 0.170243 0.039566 0.741587 0.423882 0.315308 0.278206 0.380597 0.246708 0.425507 0.291701 0.526175 0.627257 0.038597 0.316709 -0.256797 0.057540 -0.185955 -0.394947 -0.298444 -0.417363 0.073042 0.031170 -0.275502 -0.125728 -0.004996 0.322999 -0.192455 0.019367 0.029910 0.173964 0.050321 0.074796 0.276383 0.245124 -0.070116 -0.092882 -0.100532 -0.037191 0.069442 0.130890 -0.254371 0.021880 -0.007425 -0.111990 0.079479 0.219339
0.040117 0.232947 -0.190239 -0.364049 -0.270234 -0.250149 -0.380832 -0.089250 -0.535024 -0.119210 -0.147062 0.446301 -0.201830 0.125134 -0.392910 -0.076564 0.369875 0.557747 -0.357585 0.073505 -0.019939 0.078568 -0.566121 -0.590227 -0.351002 -0.436767 -0.410739 -0.380938 0.614654 1.000000 -0.399886 -0.320172 0.234873 0.203405 -0.354623 -0.155865 0.348047 0.236684 -0.187969 -0.045937 0.329229 0.186835 -0.042514 -0.036969 0.115152 0.066686 0.153212 0.065928 -0.121950 0.064128 -0.226984 -0.009996 0.108224 0.085646 0.044090 0.031487 0.424341 0.276336 -0.056924 0.030722 -0.012334 0.131800 0.373297 0.417218 -0.489306 -0.360592 0.062666 -0.167201 0.161449 -0.177152 0.066919 0.046867 0.761815 0.454150 0.440036 0.253790 0.377467 0.365685 0.343301 0.397361 0.515177 0.635342 -0.281820 0.064190 -0.460705 0.089555 -0.238754 -0.424326 -0.540465 -0.505489 -0.049215 -0.108797 -0.343530 -0.261732 -0.142102 0.255958 0.080676 0.084319 0.256319 0.226094 0.208458 0.214680 0.247706 0.112303 0.029150 0.053571 -0.040793 -0.092260 -0.078781 0.054855 -0.214747 0.061215 0.137262 -0.101627 0.168631 0.131287
-0.224602 -0.417940 0.247978 0.272453 0.150473 0.230533 0.087471 -0.180957 0.337973 -0.135162 0.144308 -0.299941 0.090657 -0.288710 0.416449 0.084971 -0.200812 -0.269232 0.442770 -0.017434 0.055385 -0.080877 0.762761 0.681194 0.601421 0.679952 0.481968 0.386143 -0.167401 -0.399886 1.000000 0.820098 -0.005465 0.312782 0.295214 0.277476 0.015327 -0.030948 0.308580 0.097175 0.023855 -0.127598 -0.044016 -0.165618 -0.302028 -0.154198 -0.226436 -0.140524 -0.144594 -0.322082 0.087209 -0.282831 -0.182593 -0.168588 -0.055201 -0.282654 -0.333048 -0.297633 -0.256132 -0.169668 -0.238708 -0.245735 -0.208428 -0.265697 0.409151 0.129797 -0.211078 0.172546 -0.140053 -0.074999 0.166295 0.132753 -0.297904 -0.015100 -0.120815 -0.033481 0.093854 -0.050304 -0.081598 -0.189701 -0.294598 -0.353512 0.380791 0.021454 0.496688 -0.022167 0.378237 0.417797 0.567162 0.228031 -0.308671 -0.180443 0.101480 0.130753 0.163384 -0.101434 -0.169507 -0.174289 -0.472697 -0.258643 -0.124410 -0.300519 -0.415292 -0.263976 -0.045934 0.022445 0.009864 0.034193 0.054215 -0.016729 0.299003 -0.070185 -0.152372 -0.090416 0.036928 -0.079216
-0.296125 -0.359109 0.070491 0.450700 0.128708 0.248744 -0.018396 -0.098197 0.325116 0.048686 -0.135430 -0.354505 -0.144578 -0.305422 0.412104 0.218145 -0.229531 -0.293783 0.460932 0.027774 0.087789 0.031082 0.673234 0.772728 0.514333 0.662136 0.353126 0.376684 -0.181757 -0.320172 0.820098 1.000000 -0.037620 0.435886 0.391612 0.335139 -0.041045 -0.034927 0.354732 0.101158 -0.022798 -0.172893 0.035924 -0.117452 -0.211610 -0.130877 -0.097386 -0.160442 -0.210765 -0.346882 -0.011120 -0.342370 -0.223771 -0.266556 -0.102775 -0.279979 -0.273532 -0.340815 -0.334886 -0.329954 -0.377980 -0.383791 -0.237502 -0.309356 0.485050 0.140057 -0.206322 0.223265 -0.163888 -0.088714 0.149988 0.277912 -0.255985 0.049762 -0.144562 0.052810 0.022263 0.011721 0.030149 -0.124893 -0.229872 -0.340643 0.437224 0.240002 0.439441 0.123202 0.300125 0.405965 0.493513 0.209544 -0.256625 -0.230337 0.120270 0.036307 0.203652 -0.137129 -0.170676 -0.146216 -0.278618 -0.254108 -0.263268 -0.401560 -0.475071 -0.254297 -0.002917 0.034476 0.009667 -0.012727 0.040492 0.056980 0.310235 0.068170 -0.115410 -0.097821 0.030666 -0.078284
0.232866 -0.071578 0.118545 -0.184858 0.030084 -0.276868 0.023575 -0.296158 0.021681 -0.395295 0.097064 -0.026287 0.156196 -0.296857 0.016935 -0.040541 0.358224 0.049958 -0.003504 0.176055 0.022927 0.195215 -0.106086 -0.150890 -0.067820 -0.122011 -0.053511 -0.142204 0.351323 0.234873 -0.005465 -0.037620 1.000000 0.537881 -0.014188 -0.014703 0.365026 -0.043384 0.161057 0.056122 0.168331 -0.036855 -0.127973 0.004417 0.127239 0.125000 0.005738 -0.039384 -0.116856 0.063644 -0.269066 -0.268716 -0.232987 -0.270936 0.104754 0.279107 0.334432 0.125559 -0.361779 -0.269707 0.012878 -0.269507 0.239720 -0.006344 -0.237423 -0.178186 0.168136 0.069919 0.235205 -0.090648 0.140812 0.116662 0.251583 0.315465 0.151619 0.135793 0.312787 0.048518 0.244295 0.065425 0.342758 0.342357 -0.028353 0.054681 -0.053032 0.201315 0.056798 -0.089880 0.069015 -0.342048 -0.265192 -0.289571 -0.153196 -0.174159 -0.049884 -0.072458 0.108682 0.124678 -0.005450 -0.032726 -0.077666 -0.126617 -0.127368 0.027944 -0.281796 -0.073881 -0.185535 0.059045 0.008123 0.004077 -0.112781 -0.027109 -0.072733 -0.105855 -0.064151 0.089735
0.055006 -0.172901 -0.042506 0.235742 0.122356 -0.076044 0.012380 -0.039269 0.031828 0.017077 -0.028749 -0.101766 -0.026997 -0.127320 0.110915 0.162100 0.154538 -0.014863 0.198765 0.346653 0.146279 0.165958 0.062473 0.191983 -0.036038 0.039934 0.123542 0.158944 0.296080 0.203405 0.312782 0.435886 0.537881 1.000000 0.097634 0.362806 0.189851 -0.015060 0.140528 0.102934 0.217710 0.045219 -0.094672 -0.145843 -0.009138 0.006101 -0.073185 -0.163345 -0.325025 -0.297956 -0.356200 -0.493653 -0.336928 -0.371859 -0.017769 0.001804 0.138090 -0.072773 -0.498010 -0.414686 -0.235768 -0.260616 -0.036300 -0.053477 0.008310 0.078846 -0.099297 0.267741 0.065594 -0.065508 0.111426 0.273114 0.235861 0.265540 0.126022 0.250605 0.251695 0.149245 0.184116 0.069179 0.161445 0.185243 0.229376 0.297437 0.048494 0.185523 0.080520 0.045797 0.181983 -0.166816 -0.252356 -0.382921 -0.162068 -0.228481 -0.058887 -0.011601 0.029534 -0.107942 -0.026502 -0.126614 -0.225621 -0.309837 -0.268448 -0.210680 -0.165906 -0.065742 -0.200875 -0.055574 0.087729 -0.007130 0.034443 0.051114 -0.114765 -0.179018 0.120631 0.108144
-0.074971 -0.481714 0.232858 0.255968 0.343379 -0.020113 0.200428 -0.290960 0.512130 0.058959 0.005489 -0.556635 -0.178540 -0.410867 0.441530 -0.094320 -0.287635 -0.358029 0.546662 0.042955 0.205634 0.044547 0.539277 0.476986 0.358801 0.341288 0.235219 0.166171 -0.201191 -0.354623 0.295214 0.391612 -0.014188 0.097634 1.000000 0.446241 -0.201031 -0.152901 0.250297 -0.086524 -0.066632 -0.299785 -0.025986 -0.116955 0.016368 0.018558 -0.166954 -0.227257 0.109849 -0.058023 0.050729 -0.124514 -0.249524 -0.256646 0.086056 -0.049440 -0.252315 -0.520586 -0.074911 -0.304928 -0.199996 -0.469974 -0.203675 -0.458000 0.400365 0.098598 0.149311 0.344269 0.123116 0.200206 0.064202 0.046041 -0.364162 -0.113726 -0.130885 -0.060856 -0.075638 -0.006717 -0.210744 -0.175858 -0.314982 -0.423132 0.410810 0.052742 0.503969 0.083426 0.372123 0.390030 0.460774 0.280290 -0.053218 0.206472 0.303658 0.463643 0.115559 -0.210258 -0.274616 0.001595 -0.254252 -0.224531 -0.334471 -0.243821 -0.193410 0.102409 -0.088797 0.094151 0.105905 0.096999 -0.021780 -0.082579 0.167007 -0.004139 -0.209473 -0.054489 0.141505 0.048113
-0.081873 -0.341588 0.074719 0.245613 0.260910 0.072684 0.217816 0.164029 0.180451 0.319547 0.021376 -0.128246 -0.043983 0.077975 -0.005322 -0.026095 -0.147620 -0.266546 0.229755 -0.018649 0.061607 0.011813 0.128349 0.197749 0.006129 0.069025 0.202773 0.160462 -0.176841 -0.155865 0.277476 0.335139 -0.014703 0.362806 0.446241 1.000000 -0.207840 -0.074031 0.054564 -0.087914 -0.232270 -0.079311 0.002351 -0.096641 0.084598 0.275476 -0.153540 -0.085684 0.016831 -0.166430 -0.113847 -0.164155 -0.161276 -0.256920 -0.052209 -0.091284 -0.315402 -0.498058 -0.194049 -0.361160 -0.134948 -0.152898 -0.286578 -0.386625 0.195880 0.444626 -0.061725 0.566241 -0.111983 0.054358 0.129935 0.235946 -0.215624 0.022683 -0.092565 0.188933 0.066947 0.242345 -0.180200 -0.215871 -0.239372 -0.334931 0.275107 0.003972 0.128810 0.113736 0.161889 0.129005 0.333028 0.138683 0.026610 0.036932 0.179359 0.122677 -0.047993 -0.100626 -0.134442 -0.142545 -0.067268 -0.165437 -0.166318 -0.113817 -0.105843 -0.126530 -0.072797 -0.048190 0.113854 0.058881 0.021554 -0.017204 0.247468 0.043413 -0.113470 -0.090994 0.192680 -0.067698
