1.000000 0.610421 0.366369 -0.126536 -0.155442 -0.321600 0.154639 -0.113742 -0.129721 -0.454188 0.378721 -0.166238 0.197734 -0.368806 -0.010316 -0.424682 0.413409 0.201171 0.635236 0.533796 -0.261258 -0.187446 0.053253 -0.321333 -0.346271 -0.466971 -0.210885 -0.059474 0.369630 -0.175805 -0.145518 -0.394092 0.297979 0.030469 -0.205185 -0.261712 -0.259070 -0.144867 0.012442 0.016696 -0.265614 -0.257634 -0.266229 -0.354413 -0.022339 -0.253568 -0.081604 -0.150024 -0.241439 -0.046130 -0.168890 -0.185440 -0.066386 -0.112322 0.012916 0.105808 0.746613 0.741329 0.433012 0.008941 0.327723 -0.018321 0.098799 0.125165 0.019951 -0.126508 0.107784 -0.300685 0.639619 0.228620 -0.105478 -0.270930 0.240874 -0.225377 -0.225811 -0.340027 -0.354225 -0.528261 0.227420 0.276954 0.161445 0.029682 0.030507 -0.223610 0.389662 -0.088385 0.019609 -0.126569 0.156654 -0.094787 -0.536029 -0.207836 -0.536216 -0.377322 0.058951 0.026321 -0.122121 0.008494 -0.289569 -0.070716 -0.284626 -0.041760 -0.319263 -0.107190 -0.241917 -0.199487 0.040866 0.132589 0.089352 -0.146371 -0.396170 0.092878 -0.104873 -0.252125 0.111938 -0.015210
0.610421 1.000000 -0.041171 0.118412 -0.394123 -0.291419 -0.187312 -0.068061 -0.171751 -0.300718 0.053683 0.092523 -0.074473 -0.266098 -0.233871 -0.202835 0.345932 0.427534 0.401304 0.377157 -0.299244 -0.261455 -0.212012 -0.229162 -0.381481 -0.378534 -0.251661 -0.132094 0.224168 0.129790 -0.345024 -0.479931 0.256031 0.038851 -0.214486 -0.279500 -0.336904 -0.196420 -0.011710 0.129733 -0.176719 -0.330458 -0.318617 -0.292772 -0.177964 -0.239276 -0.001138 0.014019 -0.032178 0.099729 -0.055895 0.115344 0.018811 0.005005 0.141824 0.260173 0.658835 0.817731 0.337181 0.391763 0.161377 0.140345 0.280626 0.364943 -0.079631 -0.089369 0.309548 -0.253548 0.563738 0.312455 -0.312046 -0.511322 0.191172 -0.391064 -0.317384 -0.405548 -0.337836 -0.534418 0.229753 0.334843 0.230307 0.147825 -0.053995 -0.193140 0.184487 -0.011669 0.111882 -0.036321 -0.012030 0.147112 -0.571626 -0.473227 -0.413629 -0.557413 -0.060589 -0.035039 -0.072907 0.054508 -0.172210 -0.172777 -0.149722 -0.152299 -0.362435 -0.217892 -0.178087 -0.119588 0.075672 0.184144 0.101846 -0.142068 -0.527444 -0.048905 -0.109986 -0.251159 0.023204 -0.080935
0.366369 -0.041171 1.000000 -0.194585 0.285284 -0.293048 0.696589 0.011729 0.300115 -0.427401 0.477375 -0.154232 0.397314 0.048652 0.341418 -0.296394 -0.006500 -0.351808 0.506885 0.346264 -0.290905 -0.120453 0.638083 -0.018871 -0.000514 -0.215078 0.200910 0.263814 0.103269 -0.453603 0.403676 -0.026050 -0.102592 -0.016582 0.022694 0.031007 -0.347025 -0.025698 -0.167655 -0.264321 -0.293449 -0.041575 -0.127231 -0.215691 -0.274263 -0.427003 -0.191886 -0.189601 -0.325501 -0.336579 0.002744 -0.241173 -0.130724 -0.185800 -0.328028 -0.243868 -0.011317 -0.011559 0.122282 -0.342104 0.194418 -0.323474 -0.179070 -0.319603 0.248928 -0.177509 -0.319885 -0.137656 0.226983 0.069513 0.080957 0.139323 0.081766 0.113734 0.209058 -0.058033 0.086163 0.019214 -0.180723 -0.234947 -0.445918 -0.478578 -0.030560 -0.293509 0.124813 -0.403133 -0.090503 -0.283402 0.280444 -0.240217 0.004129 0.439260 -0.134384 0.342126 0.092467 0.160150 0.025732 0.054682 -0.273276 -0.053200 -0.161085 0.272734 -0.024656 0.109581 0.071602 -0.059166 -0.093122 0.136402 -0.014518 0.112440 0.147052 -0.031915 -0.240361 -0.096952 0.274698 0.167372
-0.126536 0.118412 -0.194585 1.000000 -0.038605 0.192210 -0.039355 0.478528 -0.073025 0.363289 -0.196532 0.344789 -0.229876 0.374168 0.007579 0.200852 -0.074824 -0.046928 0.008374 0.039051 0.142248 0.051421 -0.089344 0.300979 -0.060118 0.290238 -0.076914 0.036152 -0.064153 0.197558 0.062047 0.359564 0.055106 0.236765 -0.025718 -0.063899 0.050482 0.011751 -0.123177 0.004095 0.102106 -0.097338 -0.171927 -0.194277 -0.304319 -0.231317 -0.323598 -0.200037 -0.163071 -0.274203 -0.180015 -0.221521 -0.310247 -0.014001 -0.150691 -0.275634 -0.070334 -0.059264 -0.282484 -0.058827 -0.291600 0.203596 -0.129859 -0.015603 0.322345 0.321572 -0.033337 -0.012324 0.007461 -0.189797 -0.024818 -0.072232 -0.050471 0.011343 -0.013790 -0.034721 0.149364 0.174350 -0.097935 -0.049313 -0.002658 -0.082267 0.147573 0.072813 -0.001120 0.102266 0.089272 0.068851 0.058249 0.144323 0.030373 -0.133481 0.421030 -0.046606 -0.041946 -0.070135 -0.190505 -0.039419 0.107022 -0.163737 0.365980 -0.111648 0.073017 -0.252608 -0.132153 -0.073972 -0.046060 -0.129769 0.068533 0.181611 0.062229 -0.047514 0.055251 0.261348 -0.017557 0.003232
-0.155442 -0.394123 0.285284 -0.038605 1.000000 0.290199 0.317143 0.252727 0.579974 0.380877 0.268825 0.149656 0.322751 0.414004 0.586625 0.331954 0.090457 -0.192663 0.006708 -0.018242 -0.015941 0.022231 0.338782 0.066713 0.086424 0.202910 0.469853 0.336524 -0.022768 -0.101098 0.307994 0.334411 -0.180211 0.077412 0.108031 0.100798 0.153770 0.151557 -0.134819 -0.231862 0.183258 0.385272 -0.097765 -0.130256 -0.129303 -0.284550 -0.338441 -0.362198 -0.261275 -0.414616 -0.174598 -0.376791 -0.184255 -0.197618 -0.385189 -0.376584 -0.351444 -0.466689 -0.117732 -0.376131 0.159291 -0.021779 -0.111778 -0.163331 0.221875 -0.032773 -0.379481 -0.123096 -0.190195 -0.214159 0.397407 0.406818 -0.000135 0.396432 0.310423 0.170731 0.295419 0.346335 -0.210789 -0.110853 -0.240934 -0.235410 0.145006 0.352036 -0.153017 -0.292308 -0.126880 -0.079224 0.102586 -0.162471 0.355157 0.317030 0.394763 0.452171 -0.118341 -0.017019 -0.275677 -0.041535 -0.022388 -0.146076 0.289683 0.050315 0.115155 -0.009045 0.056471 -0.142885 -0.194614 -0.255645 -0.140960 -0.111259 0.211281 -0.081323 -0.116749 -0.016354 -0.017701 0.039936
-0.321600 -0.291419 -0.293048 0.192210 0.290199 1.000000 -0.253806 0.431192 -0.044548 0.515529 -0.312558 0.131724 -0.411707 0.240807 0.002616 0.274386 -0.244782 -0.387824 -0.405473 -0.325049 0.060554 0.279770 -0.129783 0.352779 0.300656 0.635329 0.336778 0.303897 -0.549854 -0.178073 0.049522 0.370663 -0.135770 -0.072865 0.445307 0.441163 0.008023 0.028020 -0.069421 0.122877 0.046200 0.259702 -0.188273 -0.094422 -0.011533 0.210961 -0.284082 -0.231157 -0.160533 -0.352061 0.102247 -0.272713 -0.182980 -0.257540 -0.005993 -0.345607 -0.168344 -0.314863 -0.165267 -0.106764 -0.183851 0.323499 -0.361189 -0.164384 0.005066 0.586655 -0.063344 0.233019 -0.269536 -0.092592 0.088339 0.298265 -0.429136 0.141493 0.036442 0.188205 0.047929 0.253134 -0.123204 -0.109373 -0.160784 -0.203194 0.082305 0.236895 -0.111294 0.292257 0.004290 0.166792 0.080604 0.074473 0.273056 0.142094 0.588161 0.190927 -0.017910 0.004354 -0.075058 -0.066609 0.098552 -0.129158 0.385046 -0.072356 0.185937 -0.025297 0.147085 -0.036545 0.108669 -0.065671 -0.155329 0.087603 0.222403 -0.052670 0.086297 0.093435 0.024338 0.087527
0.154639 -0.187312 0.696589 -0.039355 0.317143 -0.253806 1.000000 0.250791 0.451336 -0.102056 0.458578 0.115103 0.496231 0.243923 0.430408 -0.072689 -0.113053 -0.296248 0.364236 0.368737 -0.103448 -0.203424 0.550200 -0.106196 -0.059619 -0.120178 0.090541 0.121813 0.186440 -0.249942 0.403567 -0.007410 -0.109089 0.077467 -0.054178 -0.048837 -0.040460 0.103153 -0.100316 -0.266200 -0.092005 0.056879 -0.172403 -0.271622 -0.324813 -0.489882 -0.317829 -0.306157 -0.322639 -0.327721 -0.109966 -0.261544 -0.077366 -0.181944 -0.418441 -0.352532 -0.221398 -0.253608 -0.123590 -0.371646 0.132834 -0.163669 -0.215665 -0.311541 0.384534 -0.094610 -0.513235 -0.327563 0.081987 -0.201301 0.337975 0.169261 0.198547 0.382511 0.449533 0.192296 0.329805 0.273360 -0.313405 -0.167446 -0.442090 -0.392267 0.063331 -0.259145 0.090992 -0.285235 -0.104146 -0.296906 0.199870 -0.169679 0.083152 0.298043 0.058978 0.398961 0.007867 0.040199 -0.095271 -0.044511 -0.141786 -0.118923 -0.011746 0.258461 0.024608 -0.056008 0.041746 -0.060816 -0.140035 -0.064772 -0.160840 0.193566 0.142913 -0.131708 -0.203660 -0.141086 0.116704 0.126220
-0.113742 -0.068061 0.011729 0.478528 0.252727 0.431192 0.250791 1.000000 0.249086 0.511737 -0.041188 0.482174 -0.165185 0.366500 0.074981 0.091491 -0.314239 -0.318476 -0.137261 0.012136 -0.105027 -0.189253 -0.192198 -0.047620 -0.201618 0.169093 -0.032320 -0.057515 -0.318066 -0.037728 0.040261 0.094517 -0.086258 0.079672 0.088444 0.113000 -0.149180 -0.017104 -0.375087 -0.251761 -0.144384 0.045519 -0.328105 -0.371297 -0.332861 -0.294840 -0.411769 -0.323044 -0.237545 -0.481169 -0.207206 -0.313881 -0.244565 -0.385255 -0.265720 -0.378381 -0.245455 -0.310598 -0.090593 -0.028125 0.088556 0.590409 -0.333521 -0.104934 0.186702 0.611401 -0.302321 -0.061038 -0.207793 -0.146604 0.163439 0.196218 -0.144254 0.395339 0.343063 0.282319 0.382666 0.368586 -0.339534 -0.095430 -0.326771 -0.377968 -0.197894 -0.118277 -0.310482 -0.181601 -0.072221 -0.218493 -0.123298 -0.051049 0.197223 0.228999 0.577878 0.233534 0.118341 0.160226 -0.009749 0.173097 0.156627 0.004842 0.589952 0.152530 0.134455 0.015409 0.178780 0.085158 0.103057 0.103842 0.047271 0.272953 0.164590 -0.039378 0.022359 0.065665 0.275165 0.240667
-0.129721 -0.171751 0.300115 -0.073025 0.579974 -0.044548 0.451336 0.249086 1.000000 0.312746 0.372898 0.340074 0.436198 0.427687 0.405735 0.364351 0.070613 0.023407 -0.052005 -0.043104 -0.172312 -0.289819 0.102177 -0.283511 -0.240663 -0.143797 0.141909 0.027640 0.011161 0.034652 0.053965 -0.074526 -0.159059 0.114770 0.009647 -0.092535 0.011074 -0.008293 -0.179296 -0.193326 0.048381 0.142299 -0.139222 -0.187698 -0.328845 -0.463694 -0.268994 -0.158297 -0.209806 -0.237398 -0.191893 -0.167536 0.029234 -0.239060 -0.158090 -0.194784 -0.364909 -0.359174 -0.025303 -0.207526 0.392681 0.214505 0.194370 0.108693 0.169673 -0.003957 -0.458720 -0.327559 -0.159970 -0.163560 0.325943 0.178885 0.150748 0.328484 0.301525 0.241882 0.506651 0.453925 -0.251923 -0.014464 -0.268228 -0.114013 -0.239254 0.059983 -0.403784 -0.427017 -0.113182 -0.391161 -0.075162 -0.142355 0.247910 0.336083 0.294614 0.449795 -0.046971 0.206305 -0.158994 0.097420 0.119294 -0.049732 0.245993 0.348783 0.090677 0.095226 0.169283 -0.059363 -0.185642 -0.058051 -0.073730 0.075464 0.039354 -0.075714 -0.178874 -0.123679 0.124892 0.143049
-0.454188 -0.300718 -0.427401 0.363289 0.380877 0.515529 -0.102056 0.511737 0.312746 1.000000 -0.274543 0.367677 -0.130541 0.408957 0.134508 0.519828 -0.161303 -0.084153 -0.432399 -0.260908 0.162563 -0.022997 -0.368399 0.003422 -0.056659 0.287425 -0.057618 -0.182971 -0.253950 0.336925 -0.124022 0.191805 -0.191612 -0.019882 0.072465 -0.014245 0.318081 0.191881 -0.100810 0.000286 0.352621 0.294732 0.028268 0.068840 0.048741 0.049809 -0.168346 -0.111256 0.069090 -0.089357 -0.217080 -0.133923 -0.007599 -0.142322 -0.155911 -0.193727 -0.435490 -0.476388 -0.253098 0.018261 -0.066619 0.450563 -0.107768 0.036819 -0.050348 0.347396 -0.198435 -0.140442 -0.372876 -0.180226 0.258058 0.227969 -0.148005 0.323786 0.130433 0.197255 0.292885 0.375923 -0.231193 -0.059026 0.081548 0.081031 0.037844 0.384189 -0.365591 -0.038575 -0.069388 -0.113356 -0.303884 -0.021256 0.454464 0.151164 0.613561 0.259187 -0.189958 -0.044031 -0.187554 0.017322 0.385077 -0.008602 0.535938 0.025017 0.265809 0.032881 0.165327 -0.070877 -0.078440 -0.205459 -0.108359 -0.005908 0.183499 0.031500 0.141989 0.116147 -0.129101 -0.019658
0.378721 0.053683 0.477375 -0.196532 0.268825 -0.312558 0.458578 -0.041188 0.372898 -0.274543 1.000000 0.148852 0.747694 0.281112 0.430943 -0.023853 0.198705 0.033125 0.324217 0.148962 -0.270248 -0.292654 0.351229 -0.303939 -0.217560 -0.383862 0.089756 0.180489 0.319182 -0.198077 0.143246 -0.140190 0.044257 0.008373 -0.056690 -0.052405 -0.120167 -0.054572 -0.210156 -0.202171 -0.133747 -0.170362 -0.167671 -0.190984 -0.281725 -0.376036 -0.082520 -0.139411 -0.384696 -0.248455 -0.227406 -0.250735 -0.016607 -0.118809 -0.160722 -0.156798 0.045547 0.046070 0.156575 -0.322835 0.439773 -0.063596 0.204486 0.007645 0.248724 -0.082348 -0.341898 -0.357313 0.211703 -0.074335 0.298404 0.033347 0.301933 0.060018 0.187239 -0.035662 0.192250 0.056951 -0.141519 0.087893 -0.285911 -0.176821 0.006566 -0.156573 0.116123 -0.358991 0.028861 -0.096745 0.316410 -0.098236 -0.144430 0.148757 -0.158939 0.174216 0.090964 0.094979 -0.180641 -0.001931 -0.221162 -0.070176 -0.030077 0.275270 -0.197803 0.007797 -0.025644 -0.147419 -0.164545 0.003113 0.124222 0.090219 -0.106035 -0.032209 -0.210949 -0.220095 0.047927 0.107708
-0.166238 0.092523 -0.154232 0.344789 0.149656 0.131724 0.115103 0.482174 0.340074 0.367677 0.148852 1.000000 0.149625 0.650639 0.190022 0.510420 -0.013500 0.069594 -0.204197 -0.087729 -0.041073 -0.252586 -0.118479 -0.127270 -0.347478 -0.102142 0.040464 -0.065140 -0.017541 0.265817 -0.016768 -0.026558 0.026441 0.115252 -0.012640 -0.079143 -0.002634 0.103464 -0.278497 -0.105086 0.130448 0.080156 -0.263969 -0.338332 -0.453676 -0.391211 -0.234139 -0.268458 -0.223817 -0.343657 -0.311173 -0.242574 -0.102305 -0.250728 -0.012155 -0.182400 -0.246328 -0.205795 -0.275320 -0.109754 0.102692 0.512767 0.133558 0.206095 0.151225 0.402242 -0.422995 -0.321660 -0.248680 -0.304865 0.280618 0.080733 0.067804 0.142553 0.204672 0.213798 0.430706 0.362971 -0.089668 0.096283 -0.230962 -0.024711 -0.089974 0.081293 -0.243300 -0.079389 -0.052069 -0.034815 -0.062805 0.201067 0.153463 0.095814 0.389143 0.098121 0.024395 0.168586 -0.123635 0.192272 0.142615 -0.008179 0.463196 0.057936 0.114403 -0.062177 0.128367 -0.000541 0.049806 -0.025793 0.074580 0.255785 -0.012842 -0.200825 -0.001663 -0.066268 0.077615 0.141377
0.197734 -0.074473 0.397314 -0.229876 0.322751 -0.411707 0.496231 -0.165185 0.436198 -0.130541 0.747694 0.149625 1.000000 0.350776 0.576896 0.187722 0.242993 0.084701 0.181339 0.151799 -0.064753 -0.176716 0.372236 -0.203130 -0.251135 -0.448174 0.025350 0.032046 0.401714 -0.076920 0.078087 -0.109695 -0.069237 -0.028949 -0.196290 -0.222690 0.063203 0.128365 -0.046521 -0.191585 0.027095 -0.032232 -0.047144 -0.094550 -0.174894 -0.414313 -0.113624 -0.133905 -0.219436 -0.086083 -0.230728 -0.103170 0.094923 -0.047995 -0.162740 -0.106327 -0.225660 -0.112249 0.024976 -0.275118 0.385773 -0.138482 0.184671 0.018978 0.278457 -0.248100 -0.390120 -0.456409 0.036528 -0.113142 0.392455 0.113783 0.332869 0.142391 0.247156 0.063119 0.218719 0.110981 -0.125361 0.085265 -0.191709 -0.068591 0.071080 0.060299 0.010311 -0.316347 -0.163870 -0.158273 0.147469 0.024413 0.022342 0.174525 -0.113593 0.233246 0.105337 -0.049592 -0.216915 -0.061135 -0.103286 -0.067426 -0.027501 0.177952 -0.056616 0.029237 -0.016107 -0.144013 -0.200386 -0.169179 0.082911 -0.055222 -0.137234 0.005050 -0.196851 -0.119384 -0.069794 -0.006631
-0.368806 -0.266098 0.048652 0.374168 0.414004 0.240807 0.243923 0.366500 0.427687 0.408957 0.281112 0.650639 0.350776 1.000000 0.510111 0.668746 -0.047873 -0.131484 -0.172920 -0.177186 0.012680 0.020364 0.202607 0.231190 -0.041178 0.161231 0.276776 0.229271 -0.065863 0.064805 0.203390 0.360646 -0.188362 0.075027 0.074791 -0.002959 0.057524 0.090418 -0.179459 -0.145262 0.191891 0.142238 -0.159755 -0.193740 -0.516195 -0.389867 -0.359979 -0.318857 -0.385659 -0.459444 -0.226542 -0.342742 -0.213074 -0.221539 -0.151565 -0.419407 -0.518091 -0.492190 -0.383087 -0.351149 0.024195 0.225207 0.013360 -0.015721 0.412643 0.305037 -0.494049 -0.266465 -0.343141 -0.395780 0.385601 0.220727 0.029576 0.190959 0.247147 0.286021 0.421876 0.488482 -0.291993 -0.086225 -0.387266 -0.206887 0.139625 0.277233 -0.146626 -0.083620 -0.081108 0.075061 0.184556 0.168227 0.281693 0.233414 0.540487 0.377940 -0.007786 0.042309 -0.247448 -0.012049 0.021134 -0.151774 0.502792 0.133680 0.165402 -0.059941 0.053530 -0.053992 -0.103581 -0.210449 0.002909 0.198239 0.141909 -0.075115 -0.085796 0.117421 0.021474 0.085507
-0.010316 -0.233871 0.341418 0.007579 0.586625 0.002616 0.430408 0.074981 0.405735 0.134508 0.430943 0.190022 0.576896 0.510111 1.000000 0.321508 0.070490 -0.244759 0.037496 0.053784 0.026939 0.061470 0.564901 0.174591 0.016111 -0.051042 0.236394 0.328088 0.186473 -0.161258 0.177249 0.221525 -0.291400 -0.096042 -0.111379 -0.236642 0.168519 0.214965 0.114921 -0.049079 0.264698 0.296149 -0.018879 -0.089399 -0.334844 -0.380851 -0.229939 -0.334999 -0.295441 -0.214207 0.039891 -0.251755 -0.015921 -0.259933 -0.343342 -0.200461 -0.276844 -0.227769 -0.073987 -0.292560 0.054597 -0.205201 -0.211299 -0.295556 0.343317 -0.105956 -0.445872 -0.518669 -0.051209 -0.211097 0.308209 0.145265 0.056111 0.077788 0.150327 0.146953 0.122842 0.162899 -0.220856 -0.034461 -0.250515 -0.257278 0.376241 0.303823 0.165257 -0.091759 -0.218384 -0.031524 0.276831 0.191137 0.194279 0.216082 0.196505 0.286980 -0.092769 -0.236787 -0.404141 -0.299212 -0.195868 -0.204521 0.035724 -0.045024 0.022621 -0.141200 -0.084084 -0.291202 -0.217446 -0.324486 -0.294121 -0.086012 -0.043324 -0.194545 -0.230833 -0.045738 0.016009 -0.090105
-0.424682 -0.202835 -0.296394 0.200852 0.331954 0.274386 -0.072689 0.091491 0.364351 0.519828 -0.023853 0.510420 0.187722 0.668746 0.321508 1.000000 0.172688 0.171021 -0.319297 -0.289199 0.047967 0.096503 -0.043481 0.148553 0.026297 0.148815 0.220883 0.147997 0.059820 0.295563 -0.021977 0.278334 -0.071658 -0.017585 -0.051710 -0.066783 0.325708 0.119480 0.067632 -0.006781 0.416633 0.240358 -0.109345 -0.109112 -0.245777 -0.255075 -0.242148 -0.274657 -0.190401 -0.225686 -0.161389 -0.180624 0.021345 -0.082302 0.049838 -0.186963 -0.428701 -0.385093 -0.347618 -0.190169 -0.014043 0.209313 0.248681 0.258702 0.140678 0.152991 -0.296547 -0.266887 -0.448811 -0.388661 0.365005 0.102605 0.126189 0.050886 0.138434 0.204241 0.251464 0.354539 -0.061930 0.052941 0.063631 0.226168 0.117542 0.535408 -0.175118 0.109440 -0.124139 0.079892 -0.019885 0.212860 0.307337 0.110657 0.416124 0.227299 -0.083568 -0.040412 -0.130889 -0.079468 0.276881 -0.073249 0.403070 0.004501 0.238283 -0.095079 -0.016945 -0.152983 -0.165572 -0.318649 -0.053300 -0.020335 -0.014237 -0.062698 -0.028097 0.080249 -0.130649 -0.033316
0.413409 0.345932 -0.006500 -0.074824 0.090457 -0.244782 -0.113053 -0.314239 0.070613 -0.161303 0.198705 -0.013500 0.242993 -0.047873 0.070490 0.172688 1.000000 0.551305 0.339151 0.233250 -0.134341 0.031146 0.030040 -0.135457 -0.099383 -0.193842 0.068090 0.128227 0.616592 0.174017 -0.011214 0.007675 0.319913 0.204970 -0.298466 -0.360027 0.178399 -0.078660 0.244006 0.058822 0.199071 0.022114 -0.069511 -0.093811 0.024782 -0.193926 -0.075691 -0.188928 -0.276039 -0.044029 -0.195652 -0.211166 -0.108124 0.049846 -0.012619 -0.047425 0.359882 0.421575 -0.011080 -0.161607 0.247466 -0.034213 0.481910 0.433589 -0.015050 -0.290335 0.070939 -0.203856 0.257419 -0.120894 -0.004167 -0.261166 0.403684 -0.214362 -0.196331 -0.285160 -0.241421 -0.373992 0.484055 0.284201 0.529726 0.448538 0.265005 0.335549 0.267489 0.055713 -0.101879 0.092206 0.174200 -0.039261 -0.286836 -0.335947 -0.322779 -0.250426 -0.114613 -0.173433 -0.440744 -0.217569 -0.111139 -0.193516 -0.075772 -0.204542 -0.045909 -0.274838 -0.429132 -0.293103 -0.160082 -0.311455 -0.054467 -0.405822 -0.483213 0.115157 0.034406 -0.241456 -0.272111 -0.231225
0.201171 0.427534 -0.351808 -0.046928 -0.192663 -0.387824 -0.296248 -0.318476 0.023407 -0.084153 0.033125 0.069594 0.084701 -0.131484 -0.244759 0.171021 0.551305 1.000000 0.055946 0.080470 -0.047503 -0.157929 -0.329902 -0.290327 -0.166794 -0.297492 -0.191442 -0.192157 0.508945 0.518979 -0.147232 -0.207953 0.336995 0.335335 -0.254736 -0.230699 0.246846 0.006611 0.163297 0.050767 0.217203 -0.042451 -0.016502 -0.070265 0.145511 -0.062410 0.064943 -0.005391 -0.105396 0.117046 -0.218085 0.003101 0.010863 0.284947 0.145535 0.181538 0.317506 0.444150 -0.103025 0.024536 0.170103 0.006934 0.641415 0.630773 -0.137752 -0.353799 0.176836 -0.113007 0.138141 -0.120477 -0.086208 -0.381225 0.478803 -0.131089 -0.174181 -0.065828 -0.112828 -0.240001 0.525471 0.505670 0.577066 0.709383 -0.011677 0.201083 0.053709 0.074809 0.024696 -0.043170 -0.146344 0.007144 -0.410948 -0.488054 -0.300572 -0.290327 -0.161979 0.062198 -0.117883 -0.024763 0.049726 -0.088741 -0.108172 -0.150953 -0.163206 -0.175075 -0.266145 -0.070320 0.010100 -0.182004 0.207492 -0.180590 -0.468405 0.083012 0.047945 -0.124893 -0.238168 -0.206772
0.635236 0.401304 0.506885 0.008374 0.006708 -0.405473 0.364236 -0.137261 -0.052005 -0.432399 0.324217 -0.204197 0.181339 -0.172920 0.037496 -0.319297 0.339151 0.055946 1.000000 0.550736 -0.134516 -0.059650 0.352991 -0.099687 -0.058601 -0.180293 0.039163 0.175098 0.389982 -0.204779 0.162410 -0.164384 0.280432 0.104324 -0.159669 -0.193032 -0.181561 -0.104629 0.058034 -0.039254 -0.104694 -0.188496 -0.166275 -0.210288 -0.212703 -0.326801 -0.135677 -0.134084 -0.251466 -0.150039 -0.081895 -0.162308 -0.020842 0.084815 -0.082040 -0.082247 0.448867 0.426074 0.176056 -0.080356 0.143963 -0.215987 0.098543 0.022137 0.121964 -0.218902 -0.005124 -0.177053 0.564068 -0.023143 -0.007622 -0.144225 0.310544 -0.051021 -0.032703 -0.282529 -0.239285 -0.393144 0.042845 0.007578 0.031747 -0.171271 0.194489 -0.234102 0.362006 -0.182073 0.078222 0.003443 0.313207 -0.134455 -0.324201 -0.173216 -0.412092 -0.211176 -0.116512 -0.055687 -0.142398 -0.023061 -0.315668 -0.216638 -0.272006 -0.004820 -0.177273 -0.261453 -0.363934 -0.208052 -0.120299 0.049895 0.014207 -0.109472 -0.205048 -0.065238 -0.135877 -0.135941 0.059041 -0.026787
0.533796 0.377157 0.346264 0.039051 -0.018242 -0.325049 0.368737 0.012136 -0.043104 -0.260908 0.148962 -0.087729 0.151799 -0.177186 0.053784 -0.289199 0.233250 0.080470 0.550736 1.000000 -0.216331 -0.047134 0.202946 -0.013116 -0.260335 -0.241600 -0.133361 0.005314 0.420608 -0.091142 0.037849 -0.145346 0.209045 0.141035 -0.147362 -0.348267 0.006179 0.143186 0.117227 -0.038865 -0.009104 0.006431 -0.147667 -0.224047 -0.245346 -0.330236 -0.146672 -0.242465 -0.208763 -0.120301 -0.117777 -0.114043 -0.190882 -0.068183 -0.273755 -0.013328 0.218156 0.296853 -0.077071 -0.117398 -0.070642 -0.243238 -0.131115 -0.164348 0.060747 -0.173187 -0.057925 -0.258092 0.410290 0.093042 0.120359 -0.030777 0.280374 0.026242 0.061838 -0.164013 -0.110249 -0.230325 0.107301 -0.050425 -0.027444 -0.162509 0.142569 -0.155242 0.225128 -0.152292 -0.161481 -0.223806 0.059011 -0.216412 -0.164211 0.031361 -0.237196 -0.030883 -0.066954 -0.145890 -0.130511 -0.050854 -0.086896 -0.134602 -0.022959 0.138107 -0.004043 -0.088741 -0.190365 -0.059873 0.011443 -0.083580 -0.079980 -0.106345 -0.093013 0.067972 -0.146015 -0.059924 0.067901 -0.119227
-0.261258 -0.299244 -0.290905 0.142248 -0.015941 0.060554 -0.103448 -0.105027 -0.172312 0.162563 -0.270248 -0.041073 -0.064753 0.012680 0.026939 0.047967 -0.134341 -0.047503 -0.134516 -0.216331 1.000000 0.449943 -0.026901 0.094481 0.179478 0.288165 0.012540 -0.055628 -0.050924 0.220648 0.075495 0.262052 0.097785 0.123668 -0.082887 0.072308 0.286939 0.180475 0.360380 0.296424 0.264592 0.188551 0.276491 0.236561 0.178547 0.239938 0.047886 0.027439 0.098426 0.073355 0.179981 0.029920 0.008485 0.187670 0.145037 0.047333 -0.168760 -0.213857 -0.252600 -0.132625 -0.248044 -0.136872 -0.069045 -0.079992 0.135993 0.006174 -0.129630 0.095236 -0.194738 -0.421808 -0.173359 -0.050411 -0.112436 -0.024288 -0.152483 0.012791 -0.021613 0.074103 -0.013555 -0.058422 0.125762 0.211633 0.301953 0.307771 0.143918 0.338288 0.058560 0.381202 0.075247 0.159824 0.011770 -0.265656 0.161207 -0.114796 0.003309 -0.065432 -0.113411 -0.016928 -0.034612 -0.111526 0.009272 -0.178029 0.109976 -0.263814 -0.190749 -0.019621 0.122789 -0.167680 -0.073600 0.126695 0.061645 -0.081865 0.015659 0.205275 -0.166175 -0.241118
-0.187446 -0.261455 -0.120453 0.051421 0.022231 0.279770 -0.203424 -0.189253 -0.289819 -0.022997 -0.292654 -0.252586 -0.176716 0.020364 0.061470 0.096503 0.031146 -0.157929 -0.059650 -0.047134 0.449943 1.000000 0.143348 0.547721 0.475742 0.538105 0.200911 0.285565 -0.038626 -0.135714 0.163331 0.538813 0.176015 0.021373 0.092249 0.169784 0.161100 0.135749 0.442795 0.350044 0.253213 0.126314 0.169891 0.154734 0.047131 0.295237 0.008189 -0.190662 -0.085285 -0.077102 0.466337 -0.102113 -0.051649 0.066334 0.014204 -0.179707 -0.101312 -0.108388 -0.231271 -0.217146 -0.273812 -0.233449 -0.146516 -0.146883 -0.002281 0.174282 -0.013359 0.273916 -0.228621 -0.277560 -0.178770 0.121764 -0.233144 -0.166612 -0.257090 -0.129084 -0.417053 -0.140413 0.162509 -0.192736 0.152782 0.023101 0.384602 0.393106 0.349668 0.486409 -0.044941 0.490959 0.221676 0.226478 0.010336 -0.209274 0.053171 -0.061335 -0.081627 -0.290869 -0.261945 -0.419096 -0.156925 -0.359271 -0.055903 -0.164872 0.159306 -0.278184 -0.396331 -0.189627 -0.125575 -0.324875 -0.352367 -0.215208 -0.025580 -0.043351 -0.130033 0.021659 -0.234010 -0.234740
0.053253 -0.212012 0.638083 -0.089344 0.338782 -0.129783 0.550200 -0.192198 0.102177 -0.368399 0.351229 -0.118479 0.372236 0.202607 0.564901 -0.043481 0.030040 -0.329902 0.352991 0.202946 -0.026901 0.143348 1.000000 0.452793 0.375904 0.133277 0.523663 0.632578 0.186747 -0.354661 0.615420 0.371885 -0.190177 -0.030667 0.109049 0.053503 -0.050189 0.116637 0.137508 -0.069375 0.028406 0.190176 -0.048493 -0.054516 -0.283949 -0.284107 -0.155296 -0.264800 -0.344288 -0.256767 0.159870 -0.192460 -0.189195 -0.015237 -0.312150 -0.275293 -0.084882 -0.099482 -0.180400 -0.447746 -0.232002 -0.596704 -0.298420 -0.475546 0.349848 -0.269912 -0.255999 -0.167388 0.106626 -0.167387 0.203704 0.202178 0.069305 0.058131 0.189766 0.008797 -0.068710 -0.040861 -0.159798 -0.175620 -0.343422 -0.394783 0.392409 0.001337 0.465624 -0.015737 -0.138120 0.107760 0.478419 0.019601 -0.009139 0.155936 -0.064649 0.197167 -0.044624 -0.165332 -0.206685 -0.221500 -0.342602 -0.238140 -0.308011 -0.097148 -0.125431 -0.197221 -0.172340 -0.185126 -0.192732 -0.242984 -0.245608 -0.040215 0.093958 -0.118185 -0.204107 -0.073253 -0.038475 -0.024536
-0.321333 -0.229162 -0.018871 0.300979 0.066713 0.352779 -0.106196 -0.047620 -0.283511 0.003422 -0.303939 -0.127270 -0.203130 0.231190 0.174591 0.148553 -0.135457 -0.290327 -0.099687 -0.013116 0.094481 0.547721 0.452793 1.000000 0.488143 0.587700 0.360259 0.480003 -0.219911 -0.168371 0.350610 0.719430 -0.205495 -0.051070 0.275982 0.252340 -0.031847 0.061378 0.198962 0.199177 0.075090 0.118501 -0.108183 -0.036185 -0.156926 0.041126 -0.220483 -0.291518 -0.163576 -0.243036 0.252736 -0.167364 -0.320392 -0.062121 -0.147263 -0.289494 -0.143771 -0.156523 -0.311079 -0.248273 -0.494565 -0.281065 -0.367014 -0.363138 0.223150 0.140104 0.120489 0.270123 -0.155381 -0.026744 0.098663 0.271884 -0.290751 0.013375 -0.008097 -0.036216 -0.221586 -0.046184 -0.076847 -0.212331 -0.159742 -0.331090 0.310013 0.170025 0.283389 0.299194 -0.161753 0.256393 0.231136 0.178518 0.050801 -0.022274 0.243445 0.077808 -0.046749 -0.221410 -0.126601 -0.334110 -0.161538 -0.173960 -0.074026 -0.190535 0.085582 -0.063624 -0.077208 0.087293 -0.089494 -0.216555 -0.137007 -0.144308 0.110252 0.047178 0.022704 0.309310 -0.133202 0.061426
-0.346271 -0.381481 -0.000514 -0.060118 0.086424 0.300656 -0.059619 -0.201618 -0.240663 -0.056659 -0.217560 -0.347478 -0.251135 -0.041178 0.016111 0.026297 -0.099383 -0.166794 -0.058601 -0.260335 0.179478 0.475742 0.375904 0.488143 1.000000 0.676273 0.408729 0.475614 -0.119078 -0.131517 0.477586 0.566941 -0.028411 0.115039 0.284004 0.419478 0.215763 0.120298 0.358945 0.169370 0.222571 0.244689 0.105748 0.150217 0.117981 0.300869 -0.040260 -0.098858 -0.202544 -0.150525 0.309942 -0.153324 -0.022707 0.155915 0.050306 -0.226249 -0.100228 -0.188180 -0.198227 -0.253201 -0.307152 -0.358132 -0.193176 -0.221851 -0.010145 -0.019992 0.056342 0.450833 -0.124118 -0.204028 -0.094901 0.117786 -0.140033 -0.073099 -0.071523 0.011179 -0.276309 -0.076430 0.047115 -0.097570 0.109331 0.051343 0.344620 0.225669 0.409574 0.381171 0.130891 0.415533 0.350505 0.193499 0.012048 -0.107491 0.078454 0.110595 -0.176967 -0.244549 -0.070405 -0.345030 -0.267462 -0.332536 -0.284008 -0.245260 0.047041 -0.251589 -0.284691 -0.130985 -0.134452 -0.313531 -0.360286 -0.125681 0.230514 -0.188112 -0.040511 -0.123607 -0.256069 -0.197072
-0.466971 -0.378534 -0.215078 0.290238 0.202910 0.635329 -0.120178 0.169093 -0.143797 0.287425 -0.383862 -0.102142 -0.448174 0.161231 -0.051042 0.148815 -0.193842 -0.297492 -0.180293 -0.241600 0.288165 0.538105 0.133277 0.587700 0.676273 1.000000 0.418629 0.412735 -0.382658 -0.123463 0.350674 0.657502 -0.079896 0.083928 0.417824 0.516149 0.115788 0.041265 0.148419 0.202584 0.106128 0.182409 -0.006175 0.094213 -0.021251 0.264047 -0.235543 -0.088552 -0.152256 -0.288219 0.231261 -0.265583 -0.256196 0.076423 -0.088539 -0.365192 -0.205846 -0.349624 -0.365488 -0.258776 -0.457050 -0.090577 -0.337460 -0.320223 0.077260 0.310495 0.001291 0.448613 -0.181251 -0.236972 0.002567 0.238847 -0.308643 0.087401 0.006569 0.046415 -0.062321 0.197887 -0.070768 -0.160875 -0.035929 -0.147161 0.233587 0.194627 0.154695 0.356280 0.143713 0.367542 0.216968 0.027166 0.200723 -0.075985 0.441619 0.174359 -0.145860 -0.169347 -0.142580 -0.283130 -0.096714 -0.295214 0.105882 -0.105691 0.155619 -0.197705 -0.111045 0.014693 0.009761 -0.207122 -0.261877 0.000886 0.353686 -0.141856 0.026431 0.039711 -0.167552 0.010517
-0.210885 -0.251661 0.200910 -0.076914 0.469853 0.336778 0.090541 -0.032320 0.141909 -0.057618 0.089756 0.040464 0.025350 0.276776 0.236394 0.220883 0.068090 -0.191442 0.039163 -0.133361 0.012540 0.200911 0.523663 0.360259 0.408729 0.418629 1.000000 0.758947 -0.143409 -0.331786 0.552889 0.463817 -0.021790 0.090172 0.330177 0.324965 -0.051357 0.031908 -0.056124 -0.100731 -0.001068 0.212703 -0.106807 -0.057978 -0.317466 -0.148068 -0.228064 -0.221621 -0.351211 -0.383220 0.033045 -0.233916 -0.279717 -0.032606 -0.203047 -0.377157 -0.163156 -0.255634 -0.198861 -0.389417 -0.092759 -0.226011 -0.123564 -0.151681 0.185553 -0.037335 -0.099438 0.130109 -0.130603 -0.217926 0.119172 0.317776 -0.055741 -0.011480 0.091528 0.029441 0.036848 0.169431 -0.058710 -0.167282 -0.234837 -0.216521 0.224334 0.163084 0.113679 0.033251 0.063151 0.257877 0.323256 -0.044121 0.111219 0.109007 0.207434 0.262147 0.015361 -0.006877 -0.136428 -0.091947 -0.093863 -0.277755 0.073227 -0.053760 0.025369 -0.095766 -0.007623 -0.077225 0.038831 -0.192856 -0.064376 0.008555 0.230618 -0.159691 -0.028366 -0.077093 -0.018819 0.056229
-0.059474 -0.132094 0.263814 0.036152 0.336524 0.303897 0.121813 -0.057515 0.027640 -0.182971 0.180489 -0.065140 0.032046 0.229271 0.328088 0.147997 0.128227 -0.192157 0.175098 0.005314 -0.055628 0.285565 0.632578 0.480003 0.475614 0.412735 0.758947 1.000000 0.010765 -0.382057 0.499115 0.509046 -0.059507 0.031769 0.326556 0.239991 0.035427 0.215261 0.131122 0.041863 0.126886 0.313836 -0.129580 -0.082062 -0.336574 -0.137126 -0.226359 -0.289257 -0.450918 -0.376878 0.235548 -0.244307 -0.249436 -0.010892 -0.261821 -0.329236 -0.025180 -0.063498 -0.185432 -0.395417 -0.227627 -0.331575 -0.210038 -0.290818 0.168959 0.034283 -0.074784 0.039390 0.063651 -0.209083 0.063586 0.195180 -0.068383 -0.119484 0.013043 -0.075601 -0.185514 0.000419 0.013995 -0.143443 -0.112035 -0.247272 0.457033 0.228958 0.387560 0.225360 -0.040341 0.354660 0.497530 0.118250 0.025299 -0.003023 0.078826 0.128172 -0.132613 -0.267579 -0.330192 -0.377438 -0.270684 -0.518413 -0.047580 -0.129216 -0.098849 -0.369835 -0.313146 -0.310102 -0.192670 -0.408845 -0.269235 -0.127611 0.026504 -0.310716 -0.175307 -0.227069 -0.114391 -0.176123
0.369630 0.224168 0.103269 -0.064153 -0.022768 -0.549854 0.186440 -0.318066 0.011161 -0.253950 0.319182 -0.017541 0.401714 -0.065863 0.186473 0.059820 0.616592 0.508945 0.389982 0.420608 -0.050924 -0.038626 0.186747 -0.219911 -0.119078 -0.382658 -0.143409 0.010765 1.000000 0.277596 0.069462 -0.044415 0.315227 0.281672 -0.446201 -0.502363 0.384064 0.216221 0.301134 0.038178 0.410976 0.142704 0.090283 -0.028775 0.040107 -0.269277 0.053152 -0.126433 -0.242664 0.053245 -0.200911 -0.130699 0.073327 0.179074 -0.054603 0.038821 0.197811 0.289296 -0.182352 -0.286182 0.081279 -0.308476 0.318157 0.223789 -0.009871 -0.424464 -0.160944 -0.392726 0.291639 -0.282550 0.058726 -0.213149 0.700543 -0.137921 0.020606 -0.095689 -0.137395 -0.301588 0.368994 0.303479 0.487642 0.445410 0.372702 0.252387 0.351563 0.035862 -0.137476 0.018183 0.225956 0.033139 -0.238771 -0.254550 -0.424365 -0.179437 -0.170734 -0.195468 -0.324612 -0.113610 -0.070189 -0.142558 -0.170370 -0.094982 -0.061667 -0.367261 -0.501058 -0.382899 -0.212828 -0.432648 -0.126545 -0.207644 -0.370848 0.054663 -0.058701 -0.200191 -0.238409 -0.352529
-0.175805 0.129790 -0.453603 0.197558 -0.101098 -0.178073 -0.249942 -0.037728 0.034652 0.336925 -0.198077 0.265817 -0.076920 0.064805 -0.161258 0.295563 0.174017 0.518979 -0.204779 -0.091142 0.220648 -0.135714 -0.354661 -0.168371 -0.131517 -0.123463 -0.331786 -0.382057 0.277596 1.000000 -0.112709 0.011528 0.135661 0.243484 -0.357007 -0.255155 0.360698 0.144807 0.129976 0.052275 0.479008 0.155133 0.167483 0.116055 0.160077 0.039772 0.109174 0.064624 0.087324 0.105981 -0.230157 0.042261 0.099595 0.264347 0.103987 0.151306 -0.053876 0.063025 -0.281623 0.081735 -0.135072 0.090768 0.335082 0.325687 -0.231376 -0.226310 -0.036327 -0.174331 -0.104087 -0.280181 -0.004872 -0.243568 0.339598 0.033302 -0.124875 0.082990 0.095160 0.065864 0.121406 0.306702 0.438791 0.611004 0.046077 0.334416 -0.074802 0.001073 -0.120567 -0.014430 -0.335631 0.084533 -0.080153 -0.294896 0.006815 -0.197495 -0.186933 0.046134 -0.072598 0.159087 0.226656 0.115591 0.085298 -0.161529 0.027047 -0.169447 -0.133970 -0.023440 -0.172664 -0.220976 0.015612 -0.033445 -0.164559 0.035919 0.080292 -0.023583 -0.239342 -0.198414
-0.145518 -0.345024 0.403676 0.062047 0.307994 0.049522 0.403567 0.040261 0.053965 -0.124022 0.143246 -0.016768 0.078087 0.203390 0.177249 -0.021977 -0.011214 -0.147232 0.162410 0.037849 0.075495 0.163331 0.615420 0.350610 0.477586 0.350674 0.552889 0.499115 0.069462 -0.112709 1.000000 0.586625 0.038469 0.338424 0.267637 0.399617 -0.015298 0.131151 -0.102235 -0.241978 -0.003884 0.133801 -0.061096 -0.140422 -0.215877 -0.177067 -0.224879 -0.289595 -0.418886 -0.476211 -0.087492 -0.355876 -0.433805 -0.019591 -0.458108 -0.567317 -0.175713 -0.235138 -0.338227 -0.521326 -0.248568 -0.303617 -0.155479 -0.284188 0.180338 -0.101421 -0.184918 0.202330 -0.061919 -0.282712 0.199454 0.231212 0.150556 0.208789 0.192888 0.115477 0.110908 0.134046 -0.035992 -0.116005 -0.264016 -0.218561 0.219462 0.000388 0.279374 -0.036195 0.005466 0.075680 0.301950 -0.210376 0.042005 0.072224 0.091066 0.301452 -0.016096 0.019451 -0.094042 -0.128514 -0.106741 -0.236804 -0.088500 -0.118522 -0.035209 -0.125553 -0.063752 -0.023521 -0.062133 -0.193197 -0.105024 0.045012 0.247526 -0.062033 -0.062805 -0.111316 -0.076956 0.118034
-0.394092 -0.479931 -0.026050 0.359564 0.334411 0.370663 -0.007410 0.094517 -0.074526 0.191805 -0.140190 -0.026558 -0.109695 0.360646 0.221525 0.278334 0.007675 -0.207953 -0.164384 -0.145346 0.262052 0.538813 0.371885 0.719430 0.566941 0.657502 0.463817 0.509046 -0.044415 0.011528 0.586625 1.000000 -0.048565 0.264947 0.188025 0.313004 0.194925 0.084706 0.144688 0.034436 0.219595 0.184071 -0.078147 -0.093792 -0.151055 -0.034801 -0.374863 -0.400523 -0.342130 -0.465562 0.022092 -0.437268 -0.468569 -0.067938 -0.294820 -0.531389 -0.275970 -0.386624 -0.394608 -0.540328 -0.297846 -0.156467 -0.232777 -0.243241 0.286722 0.138870 -0.116995 0.295565 -0.274591 -0.318025 0.161257 0.388834 -0.053423 0.088133 0.055925 0.086718 -0.012370 0.178339 0.009877 -0.183534 -0.021617 -0.097202 0.368086 0.377335 0.257646 0.220649 -0.116125 0.274918 0.304395 0.034223 0.144225 -0.008384 0.351246 0.256593 0.027907 -0.197568 -0.213695 -0.323096 -0.137868 -0.270633 0.127228 -0.098545 0.146158 -0.108680 -0.145227 -0.010867 -0.128439 -0.380411 -0.146267 -0.118596 0.225265 -0.003657 -0.048787 0.191295 -0.228930 0.001341
0.297979 0.256031 -0.102592 0.055106 -0.180211 -0.135770 -0.109089 -0.086258 -0.159059 -0.191612 0.044257 0.026441 -0.069237 -0.188362 -0.291400 -0.071658 0.319913 0.336995 0.280432 0.209045 0.097785 0.176015 -0.190177 -0.205495 -0.028411 -0.079896 -0.021790 -0.059507 0.315227 0.135661 0.038469 -0.048565 1.000000 0.469990 -0.090509 -0.022097 0.080021 0.031160 0.177437 -0.015169 0.089042 -0.114119 -0.165206 -0.198456 -0.011554 0.035495 -0.075087 -0.222393 -0.254553 -0.102199 0.023780 -0.178235 0.009018 0.049984 0.079471 -0.115722 0.349669 0.310814 -0.045108 -0.023791 0.123399 0.101348 0.344517 0.304632 -0.008032 0.047737 0.131425 0.151270 0.228547 -0.185872 -0.165029 -0.231522 0.279695 -0.228924 -0.246504 -0.162024 -0.235583 -0.275991 0.273074 0.211857 0.277437 0.310807 0.119117 0.088625 0.242947 0.172591 0.098202 0.187746 0.056199 -0.028153 -0.420004 -0.365307 -0.284519 -0.273078 -0.046426 -0.021303 -0.303225 -0.084590 -0.174039 -0.244237 -0.039571 -0.151911 -0.061869 -0.303966 -0.348729 -0.099216 -0.149575 -0.165704 -0.013836 -0.138172 -0.340773 -0.115910 -0.072319 -0.097282 -0.090544 -0.105441
0.030469 0.038851 -0.016582 0.236765 0.077412 -0.072865 0.077467 0.079672 0.114770 -0.019882 0.008373 0.115252 -0.028949 0.075027 -0.096042 -0.017585 0.204970 0.335335 0.104324 0.141035 0.123668 0.021373 -0.030667 -0.051070 0.115039 0.083928 0.090172 0.031769 0.281672 0.243484 0.338424 0.264947 0.469990 1.000000 0.057700 0.191285 0.143115 0.024532 -0.013739 -0.193992 0.205581 0.027339 -0.208789 -0.291151 -0.117658 -0.219002 -0.336346 -0.289196 -0.427167 -0.418020 -0.254422 -0.430697 -0.385168 -0.039268 -0.179521 -0.336903 0.080471 0.069021 -0.248780 -0.381201 0.027444 0.028760 0.165905 0.164270 0.170580 -0.032657 -0.134590 0.210333 0.136704 -0.217123 -0.031927 -0.076532 0.428877 0.065361 -0.026923 0.098667 0.151588 0.102235 0.286679 0.260623 0.134085 0.240512 0.049682 0.177037 0.039119 0.035356 0.117584 -0.014203 0.072570 -0.149473 -0.182485 -0.190192 0.085655 0.056203 -0.016557 0.119688 -0.162028 0.035122 -0.187758 -0.275569 0.106612 -0.058797 -0.055361 -0.185794 -0.185376 -0.016493 0.026048 -0.171127 0.084533 0.084757 -0.044088 -0.051989 -0.115598 -0.059751 -0.090781 -0.085381
-0.205185 -0.214486 0.022694 -0.025718 0.108031 0.445307 -0.054178 0.088444 0.009647 0.072465 -0.056690 -0.012640 -0.196290 0.074791 -0.111379 -0.051710 -0.298466 -0.254736 -0.159669 -0.147362 -0.082887 0.092249 0.109049 0.275982 0.284004 0.417824 0.330177 0.326556 -0.446201 -0.357007 0.267637 0.188025 -0.090509 0.057700 1.000000 0.660038 -0.171243 0.011118 -0.275814 -0.056609 -0.315673 0.040250 -0.216299 -0.140812 -0.051111 0.056966 -0.138267 -0.074010 -0.125470 -0.224088 0.058132 -0.096166 -0.247259 -0.057885 -0.155484 -0.298515 -0.099375 -0.214717 -0.047029 -0.078672 -0.161830 0.075466 -0.203400 -0.243370 0.035351 0.340099 0.106655 0.366122 -0.047535 0.222479 0.140322 0.359336 -0.220636 0.184681 0.118774 0.022370 0.132320 0.244719 -0.096053 -0.158971 -0.420236 -0.387534 -0.220188 -0.239941 -0.142894 -0.053467 0.059369 0.033556 0.058688 -0.159979 0.237976 0.217912 0.310812 0.249441 -0.031345 0.014043 0.109264 -0.049651 -0.020707 -0.099169 0.073252 0.073093 0.064072 0.170638 0.288558 0.226155 0.050532 0.138130 0.048964 0.136402 0.263579 -0.170441 0.010689 -0.024672 0.015810 0.170640
-0.261712 -0.279500 0.031007 -0.063899 0.100798 0.441163 -0.048837 0.113000 -0.092535 -0.014245 -0.052405 -0.079143 -0.222690 -0.002959 -0.236642 -0.066783 -0.360027 -0.230699 -0.193032 -0.348267 0.072308 0.169784 0.053503 0.252340 0.419478 0.516149 0.324965 0.239991 -0.502363 -0.255155 0.399617 0.313004 -0.022097 0.191285 0.660038 1.000000 -0.268760 -0.116445 -0.269443 -0.099210 -0.333845 -0.091680 -0.206749 -0.128456 0.069947 0.180346 -0.223958 -0.069187 -0.111121 -0.384827 0.094283 -0.265510 -0.250982 0.037607 -0.065245 -0.304893 -0.057666 -0.217574 -0.034103 -0.209733 -0.088614 0.069849 -0.147925 -0.158022 0.107701 0.351039 0.043943 0.589951 -0.157942 0.052186 -0.007375 0.184193 -0.240540 0.178024 0.128933 0.060281 0.080945 0.215945 -0.057362 -0.146391 -0.345031 -0.277390 -0.266025 -0.207770 -0.073432 0.047111 0.249881 0.065485 0.161113 -0.097509 0.083888 0.091639 0.237659 0.191435 0.122654 0.203705 0.250398 0.018819 -0.082117 -0.050905 0.000162 0.086600 -0.047832 0.139944 0.236298 0.300302 0.152814 0.207079 0.175810 0.201783 0.323805 -0.116316 0.033851 -0.014459 0.118816 0.285386
