1.000000 0.441147 -0.133936 -0.279424 0.006696 -0.150756 0.100231 -0.224492 0.003971 -0.159404 0.485341 0.230729 0.329033 0.181604 0.134237 -0.013651 0.098883 -0.037555 0.129094 0.343719 -0.132197 -0.091777 -0.313940 -0.345167 -0.222271 -0.348287 0.017067 -0.296640 0.142057 -0.010121 -0.216563 -0.328420 0.077192 -0.255616 -0.222915 -0.198640 0.060955 -0.029545 -0.224875 -0.338275 -0.208674 -0.232356 -0.144319 -0.195590 -0.076643 -0.214774 -0.253604 -0.194796 0.222935 0.111799 0.074642 0.182377 0.149246 0.007734 0.187388 -0.006766 0.326517 0.295223 0.299145 0.126310 0.274233 -0.094147 0.148728 0.100049 -0.181583 -0.158061 0.018020 -0.298039 0.391912 0.414765 -0.158470 -0.042810 0.030064 0.085146 -0.026479 0.036486 0.216516 -0.026690 -0.206510 -0.177058 -0.204508 -0.149581 -0.121174 -0.186473 -0.183106 -0.294582 -0.213335 -0.216384 -0.055169 0.070501 -0.008937 0.044606 -0.056853 0.093237 0.185113 0.152412 -0.210713 0.067801 0.098588 0.183831 0.257985 0.014149 0.220712 0.262341 0.262402 0.110785 0.054790 0.141486 0.291325 0.242491 -0.141813 0.116916 0.150715 0.175070 0.190274 0.298060
0.441147 1.000000 -0.179444 -0.075079 0.012806 -0.151468 0.036493 -0.019850 0.250804 -0.027948 0.168662 0.301333 0.242709 0.492847 0.228714 0.320849 0.202871 0.293659 -0.076432 0.101440 0.225000 -0.069155 -0.368127 -0.473463 -0.452059 -0.512431 0.011950 -0.387611 0.204659 0.120817 -0.422325 -0.469374 0.128311 -0.343638 -0.371413 -0.476882 0.090158 -0.017583 -0.035072 -0.303732 0.017988 -0.065981 -0.343655 -0.325901 -0.278592 -0.415056 -0.274936 -0.234828 0.430863 0.247300 0.027975 0.359460 0.370067 0.196313 0.157400 0.116082 0.276337 0.523647 0.308718 0.420001 0.343785 0.270440 0.342232 0.507324 -0.467263 -0.373259 0.027876 -0.605726 0.160858 -0.042475 -0.029267 -0.020114 0.148566 0.023590 -0.057146 0.067796 0.118230 0.108261 -0.186827 -0.057779 -0.113548 -0.034160 0.014704 0.121132 -0.308684 -0.250650 -0.177304 -0.163339 -0.031145 0.177719 0.152878 -0.000912 -0.011262 0.090485 -0.150989 -0.066426 -0.306554 -0.009988 0.071576 0.123491 0.235769 0.188502 0.142094 0.147831 0.103480 -0.097639 0.085525 0.031419 0.058403 -0.045094 -0.455699 0.001172 0.055729 -0.137413 0.046161 0.078018
-0.133936 -0.179444 1.000000 0.064669 0.171248 -0.090235 0.394381 -0.021867 0.262655 -0.178711 -0.083937 -0.222587 -0.045049 -0.176655 0.229228 -0.064180 -0.319907 -0.183498 0.381565 -0.139210 -0.078263 0.068521 0.567714 0.141700 0.248128 0.270683 0.051199 0.126201 -0.042740 -0.241819 0.351908 0.229353 0.086980 0.282835 0.083694 0.030042 0.254467 -0.045110 0.214431 0.163970 0.149123 0.132977 0.051206 0.051194 0.005282 -0.104767 0.043670 -0.032751 -0.109889 -0.232788 0.143278 -0.128487 0.135004 -0.080143 0.069582 0.032543 -0.454317 -0.235158 0.024297 -0.195996 0.051071 -0.240746 -0.202137 -0.207415 0.291860 -0.041397 -0.013897 0.072337 0.063877 -0.172544 -0.044482 -0.059151 -0.214672 -0.278163 0.076231 -0.146254 -0.067733 0.033683 -0.156736 -0.191472 -0.168229 -0.130554 0.234409 0.006989 0.152876 0.079740 0.423702 0.117768 0.362716 0.089253 -0.213165 -0.070723 -0.092516 -0.012803 -0.288700 -0.352670 -0.017090 -0.327637 -0.167618 -0.374336 0.024999 -0.074547 -0.264907 -0.374410 -0.208899 -0.186181 -0.006902 -0.048556 -0.235391 -0.272685 0.127880 -0.291795 -0.199132 -0.079301 -0.267350 -0.296535
-0.279424 -0.075079 0.064669 1.000000 -0.074203 0.241689 -0.136646 0.543845 0.085750 0.323331 0.006048 0.387595 -0.135071 -0.016140 0.056715 0.153117 0.162745 0.012466 0.108374 -0.068802 0.071066 0.149202 0.214443 0.461518 0.148268 0.310300 0.157377 0.234218 0.089884 0.114587 0.224507 0.443110 -0.063046 0.121268 0.180246 0.072743 -0.035713 -0.115350 0.174632 0.296401 0.173953 0.099642 -0.284686 -0.227067 -0.382755 -0.163864 -0.238053 -0.248653 -0.356128 -0.382096 -0.300943 -0.368917 -0.319185 -0.219493 -0.218994 -0.289473 0.073993 0.038666 -0.364512 -0.362430 -0.285759 0.100616 -0.135077 -0.116134 0.474468 0.262385 -0.412372 -0.034751 -0.093068 -0.391171 0.010499 0.058044 0.086706 -0.036012 0.015551 0.026441 -0.151975 -0.078632 0.374322 0.038359 0.139384 0.130849 0.117257 0.259098 0.411113 0.532611 0.181340 0.352011 0.272027 0.118661 -0.161651 -0.130492 0.382763 -0.186241 -0.084657 -0.062888 -0.016674 -0.067284 -0.379244 -0.314054 -0.007106 -0.156054 -0.098648 -0.270430 -0.376497 -0.379289 -0.236857 -0.200127 -0.113178 -0.128672 -0.032566 -0.177146 -0.160682 -0.046749 -0.227185 -0.111956
0.006696 0.012806 0.171248 -0.074203 1.000000 0.520757 0.246198 0.078065 0.651156 0.443813 -0.072281 -0.081197 -0.007420 0.108296 0.256007 0.238916 -0.044941 -0.130740 -0.044153 -0.004895 0.390644 0.297311 0.115707 -0.004044 0.292754 0.150904 0.483409 0.309560 -0.050494 -0.175841 -0.075784 -0.164935 -0.144531 -0.228595 -0.115682 0.086871 0.149739 0.092357 0.119836 0.073641 0.124435 0.110299 -0.211608 -0.177946 -0.065418 -0.257081 -0.094023 -0.194201 0.089855 -0.071349 -0.007139 0.178492 0.152564 0.266415 0.093009 0.026043 -0.253248 -0.082287 -0.016310 0.004451 -0.032249 0.112752 -0.176779 -0.068229 -0.103618 -0.188168 -0.171634 -0.159281 0.199681 0.107528 0.288197 0.179706 -0.153713 0.166670 0.026688 0.040758 0.054386 -0.030697 -0.282503 -0.274948 -0.075803 -0.210086 0.103714 0.140137 -0.131706 -0.170568 0.154354 0.099391 0.171984 0.236610 0.169649 0.155638 0.172574 0.183578 -0.093104 -0.126177 0.002696 -0.232076 0.023559 -0.118633 0.034663 0.145756 0.023578 -0.138535 -0.040712 -0.094560 0.069251 -0.067013 -0.130907 -0.099907 -0.028140 -0.100362 -0.097679 -0.188989 -0.044134 -0.230470
-0.150756 -0.151468 -0.090235 0.241689 0.520757 1.000000 -0.306263 0.169016 0.175788 0.529916 -0.200526 -0.077582 -0.355629 -0.165807 -0.030262 0.089089 -0.004940 -0.170864 -0.073665 -0.126905 0.365528 0.455905 0.144722 0.336112 0.491685 0.500700 0.598523 0.624765 -0.154189 -0.124092 0.218868 0.189723 -0.053748 0.026640 0.249619 0.354470 0.153923 0.309587 0.152926 0.303269 0.185261 0.116571 0.022387 0.080031 -0.003461 0.163742 0.010926 -0.051013 -0.234448 -0.235879 -0.187117 -0.135801 -0.216948 0.023468 0.017699 -0.034314 -0.006030 -0.134664 -0.371431 -0.290238 -0.382313 -0.009315 -0.290832 -0.313662 0.138883 0.221319 -0.258447 0.175862 0.077847 -0.117480 0.145259 0.296829 -0.169754 0.185784 -0.106667 0.072555 -0.028739 -0.061448 0.177513 -0.058111 0.216174 -0.019572 0.104122 0.148909 0.091420 0.167158 0.261629 0.448485 0.018947 0.056690 -0.032149 -0.069711 0.271907 -0.138668 0.136913 -0.043094 0.153727 -0.091371 -0.185079 -0.117244 0.003528 -0.143537 -0.198140 -0.248710 -0.254092 -0.170957 -0.135424 -0.194728 -0.156484 -0.026519 0.225555 -0.154346 -0.112735 -0.053868 -0.228204 -0.192914
0.100231 0.036493 0.394381 -0.136646 0.246198 -0.306263 1.000000 0.200597 0.424861 -0.016497 0.002608 -0.035016 0.310872 0.243928 0.168230 0.165364 -0.262577 -0.121908 0.198823 0.205989 -0.092297 -0.148508 0.001628 -0.175547 -0.088810 -0.254129 -0.150440 -0.373630 -0.172252 -0.196095 -0.075577 -0.163193 0.012185 0.085272 -0.191975 -0.145135 -0.013974 -0.126347 -0.165879 -0.347963 -0.089032 -0.132681 -0.151674 -0.077950 -0.137868 -0.288537 -0.108394 0.033204 0.080918 0.031697 -0.116732 0.054909 0.198027 0.025014 -0.097146 0.015587 -0.228999 -0.015492 0.286800 0.085740 0.266749 0.135358 -0.154589 0.071559 -0.171114 -0.205264 -0.019304 -0.272373 0.220276 0.266346 0.118298 -0.225825 -0.078592 -0.098557 0.075071 0.035127 0.179057 0.245322 -0.484149 -0.368540 -0.422997 -0.316050 0.042592 -0.036746 -0.201626 -0.271635 0.096104 -0.271881 0.242528 0.001879 0.218740 0.269895 0.100382 0.256027 -0.152074 -0.217915 -0.330190 -0.112568 0.145791 -0.021137 0.092800 0.193169 0.096697 0.103195 0.085637 0.136824 0.337255 0.204688 0.038501 -0.089685 -0.134560 0.080954 0.017319 -0.131754 0.128844 -0.051157
-0.224492 -0.019850 -0.021867 0.543845 0.078065 0.169016 0.200597 1.000000 0.258935 0.565779 -0.055263 0.392443 0.072166 0.327888 -0.074164 0.245223 0.006671 -0.108767 0.065256 -0.043042 -0.069077 -0.059156 -0.226454 0.128368 -0.132566 -0.086748 -0.124408 -0.115522 0.048441 0.094501 -0.023797 0.205885 -0.001607 0.176926 -0.013584 0.001127 -0.217635 -0.088873 -0.096198 0.027794 -0.005853 -0.050197 -0.120476 -0.091168 -0.286758 -0.175738 -0.110349 -0.071022 -0.274923 -0.281950 -0.467271 -0.303591 -0.055902 -0.200043 -0.320321 -0.194560 -0.182167 -0.041634 -0.093595 -0.176238 0.034619 0.456042 -0.237574 -0.009926 0.064418 0.346421 -0.176716 -0.116475 -0.067035 -0.349790 0.077025 0.073895 -0.004385 -0.062267 -0.096971 0.055175 -0.163682 0.008386 0.133405 -0.106014 0.021691 -0.001209 0.123954 0.307466 0.187918 0.343647 0.071559 0.264187 0.259778 0.210134 0.167444 0.068054 0.494265 -0.104577 -0.026751 -0.245563 -0.104405 -0.160132 -0.170447 -0.259936 0.059901 -0.046516 0.049585 -0.280338 -0.401136 -0.312913 0.009063 -0.175290 -0.262876 -0.272686 -0.152028 -0.129372 -0.051975 -0.208085 -0.201074 -0.272081
0.003971 0.250804 0.262655 0.085750 0.651156 0.175788 0.424861 0.258935 1.000000 0.425627 0.137943 0.167620 0.350210 0.441504 0.504709 0.488290 -0.028841 0.121259 0.030902 0.075409 0.267014 -0.063527 0.070601 -0.107214 -0.011615 -0.204262 0.160803 -0.088076 0.067275 -0.029412 -0.197970 -0.304102 -0.181251 -0.326554 -0.339794 -0.220251 -0.003878 -0.059222 0.026866 -0.086197 0.097076 0.053867 -0.313652 -0.226158 -0.224870 -0.470360 -0.208861 -0.146899 0.235673 0.065527 -0.103724 0.227471 0.364379 0.237020 0.006180 0.057907 -0.308977 -0.063262 0.103647 0.124527 0.226404 0.270376 -0.067368 0.118519 -0.138283 -0.270074 -0.309727 -0.490917 -0.019361 -0.069184 0.284033 0.028975 -0.008097 0.162951 0.109103 0.106524 0.127788 0.096479 -0.376284 -0.223943 -0.272955 -0.284180 0.216079 0.274005 -0.158221 -0.128882 0.121348 0.013383 0.273338 0.386182 0.308470 0.241222 0.233025 0.127684 -0.205915 -0.255566 -0.204341 -0.240545 0.062119 -0.137056 0.133855 0.099091 0.076813 -0.205445 -0.150744 -0.250426 0.038726 -0.137903 -0.196525 -0.173220 -0.263628 -0.145399 -0.049106 -0.264820 -0.062453 -0.215970
-0.159404 -0.027948 -0.178711 0.323331 0.443813 0.529916 -0.016497 0.565779 0.425627 1.000000 -0.056075 0.276192 -0.005609 0.275224 0.107470 0.417725 0.110382 0.025362 -0.105712 -0.018890 0.211248 0.100193 -0.075788 0.236957 0.118888 0.062405 0.268187 0.175106 0.020497 0.196297 -0.013060 0.057352 -0.210308 -0.155812 -0.090705 0.080546 0.074525 0.134010 -0.066486 0.057934 0.161906 0.107517 -0.161670 -0.167890 -0.258209 -0.228029 -0.154964 -0.096480 -0.133659 -0.179386 -0.379472 -0.093349 -0.051430 0.100245 -0.133129 -0.086124 -0.074027 -0.110645 -0.254487 -0.197349 -0.214044 0.433592 -0.262139 -0.184814 -0.048176 0.150037 -0.421712 -0.148381 -0.073177 -0.248234 0.167062 0.085020 -0.031961 0.299469 -0.022358 0.208677 0.039837 -0.021288 0.131197 -0.057622 0.181797 -0.005043 0.099076 0.370745 0.090362 0.181544 0.099782 0.314929 0.158359 0.140486 0.289519 0.172189 0.585364 0.038478 -0.014696 -0.120404 0.004949 -0.082606 -0.055198 -0.019961 0.255380 0.077148 0.088312 -0.189838 -0.307669 -0.273595 -0.044383 -0.176423 -0.124759 -0.014722 0.019065 0.008046 0.061244 -0.134785 -0.128685 -0.212689
0.485341 0.168662 -0.083937 0.006048 -0.072281 -0.200526 0.002608 -0.055263 0.137943 -0.056075 1.000000 0.608064 0.606311 0.391005 0.536108 0.283409 0.348847 0.209377 -0.144135 0.136330 -0.246870 -0.177579 -0.015583 -0.157038 -0.303919 -0.372091 0.045596 -0.210404 0.513668 0.309753 -0.184780 -0.108084 -0.068536 -0.155014 -0.139403 -0.065275 0.001597 -0.055065 -0.134463 -0.164693 -0.160226 -0.093422 -0.382418 -0.309068 -0.268105 -0.302998 -0.375849 -0.410860 0.023725 -0.089376 -0.188545 -0.072258 0.008758 -0.066570 -0.086245 -0.101193 0.197043 0.085466 0.147187 -0.180638 0.318103 -0.028451 0.164465 0.026937 0.180795 -0.135772 -0.211321 -0.337204 -0.068820 0.067871 -0.207175 -0.248144 0.285132 0.155677 0.217002 0.229880 0.262173 0.045520 0.049149 0.176790 -0.026971 0.120347 0.147945 0.157992 0.313269 0.094212 -0.072649 -0.007533 0.184657 -0.008961 -0.235534 -0.291784 -0.080846 -0.261417 0.069495 0.085402 -0.226216 -0.078272 -0.055517 -0.040838 0.001923 -0.165430 0.104900 0.000055 -0.033108 -0.114774 -0.202342 -0.093794 0.161668 0.116152 -0.245980 0.020990 0.125791 0.251411 0.111930 0.237576
0.230729 0.301333 -0.222587 0.387595 -0.081197 -0.077582 -0.035016 0.392443 0.167620 0.276192 0.608064 1.000000 0.481765 0.615653 0.240015 0.399663 0.390104 0.345393 -0.100953 0.054649 -0.125016 -0.111226 -0.236018 -0.048607 -0.394903 -0.366029 -0.101611 -0.248512 0.452911 0.387126 -0.179459 0.033566 0.006994 -0.097101 -0.098931 -0.097419 -0.156406 -0.027201 -0.216328 -0.134664 -0.126450 -0.100287 -0.497927 -0.416756 -0.402015 -0.338839 -0.470022 -0.462425 0.013719 -0.175189 -0.305971 -0.067026 -0.060131 -0.124894 -0.277008 -0.206397 0.118658 0.119078 0.168383 -0.012451 0.345210 0.389781 0.222738 0.179066 0.122583 0.146839 -0.134149 -0.297996 -0.172508 -0.148523 -0.253240 -0.265904 0.254443 0.081517 0.168657 0.306921 0.132133 0.061739 0.088321 0.019123 -0.002257 0.031959 0.019993 0.253294 0.236399 0.266885 -0.129695 0.013225 0.184605 0.141988 -0.157246 -0.303442 0.131011 -0.264984 0.145638 0.066683 -0.222321 -0.096622 -0.160980 -0.173251 0.067047 -0.168382 0.085533 -0.167956 -0.238906 -0.347990 -0.248600 -0.180421 0.100039 0.031349 -0.329529 -0.132071 0.003930 0.020243 0.004801 0.069053
0.329033 0.242709 -0.045049 -0.135071 -0.007420 -0.355629 0.310872 0.072166 0.350210 -0.005609 0.606311 0.481765 1.000000 0.669878 0.371675 0.387250 0.185628 0.192434 -0.181821 0.110762 -0.169485 -0.365455 -0.098522 -0.191221 -0.365592 -0.480493 -0.257397 -0.429943 0.305468 0.197390 -0.229536 -0.266955 0.003545 -0.152551 -0.360194 -0.299956 -0.182279 -0.054041 -0.190120 -0.208591 -0.086055 -0.040123 -0.367455 -0.277034 -0.263154 -0.373792 -0.411667 -0.261820 0.109005 -0.013730 -0.200614 -0.006198 0.311194 0.003108 -0.084151 -0.105341 0.046446 -0.018223 0.346024 0.064614 0.733276 0.259687 0.383402 0.330606 -0.074429 -0.161635 0.017473 -0.337874 -0.193946 0.097926 -0.121721 -0.276073 0.182157 0.134681 0.145886 0.115208 0.226333 0.048184 -0.236316 -0.011552 -0.235551 -0.100945 0.022404 0.141201 -0.015938 -0.055980 -0.139902 -0.146402 0.145944 0.157354 -0.035490 -0.102682 -0.041275 -0.175080 -0.051819 0.017612 -0.192142 -0.073926 -0.006081 -0.136947 0.192622 0.090567 0.369031 0.122404 0.027066 -0.157601 -0.055652 -0.117376 0.108366 0.012330 -0.318861 -0.075111 0.026923 0.132517 0.165799 0.199259
0.181604 0.492847 -0.176655 -0.016140 0.108296 -0.165807 0.243928 0.327888 0.441504 0.275224 0.391005 0.615653 0.669878 1.000000 0.351782 0.574419 0.175122 0.215383 -0.143189 0.140290 -0.061537 -0.297432 -0.303888 -0.304390 -0.464295 -0.556646 -0.191674 -0.457081 0.315914 0.258891 -0.307124 -0.336926 -0.038332 -0.246025 -0.396876 -0.300110 -0.173939 0.018960 -0.204799 -0.250808 -0.041199 0.028982 -0.372212 -0.251791 -0.200931 -0.373440 -0.293681 -0.247220 0.285749 0.130422 -0.199399 0.189351 0.401497 0.058009 -0.117047 0.093156 -0.084028 0.030785 0.358545 0.235015 0.578352 0.484287 0.258606 0.384796 -0.381361 -0.161698 0.016220 -0.443250 -0.146749 -0.073737 -0.041640 -0.184860 0.202082 -0.010350 0.026648 0.159677 0.097080 0.076320 -0.228542 -0.145075 -0.223612 -0.152259 0.061999 0.278407 -0.136271 -0.097862 -0.143150 -0.090808 0.057938 0.225721 0.107546 -0.026715 0.060773 -0.066218 -0.128124 -0.153321 -0.223023 -0.154274 0.084128 -0.091268 0.207207 0.087330 0.170359 -0.009714 -0.096464 -0.230781 -0.039344 -0.172900 -0.097179 -0.159445 -0.475136 -0.133920 0.102402 -0.103154 0.011872 -0.055616
0.134237 0.228714 0.229228 0.056715 0.256007 -0.030262 0.168230 -0.074164 0.504709 0.107470 0.536108 0.240015 0.371675 0.351782 1.000000 0.650364 0.260654 0.220977 -0.141725 0.153770 0.205132 0.015089 0.309246 -0.141770 -0.186426 -0.198947 0.348252 0.006307 0.548524 0.277458 -0.019027 -0.082371 -0.130751 -0.181962 -0.298522 -0.205356 0.280339 -0.038199 0.282446 0.026009 0.357900 0.266664 -0.405533 -0.301908 -0.319750 -0.504509 -0.188093 -0.365755 0.080924 -0.006955 -0.114389 0.044700 0.136160 0.164675 0.124607 0.080947 -0.084286 0.157519 -0.085142 -0.112037 0.143367 0.039867 0.035780 0.061966 -0.012363 -0.506421 -0.430682 -0.547223 -0.028597 -0.079624 0.038020 -0.097037 0.134278 0.025869 0.200452 0.231799 0.153980 0.037807 0.052931 0.210353 0.079294 0.138035 0.535015 0.509432 0.245194 -0.005788 0.149893 0.148802 0.310284 -0.002810 -0.090457 -0.195185 -0.021393 -0.230558 -0.228622 -0.222888 -0.266547 -0.250440 -0.040755 -0.092478 -0.029323 0.037668 0.027619 -0.196880 -0.303463 -0.317521 -0.117878 -0.224541 -0.105836 -0.138017 -0.400968 -0.175606 -0.005220 -0.059644 -0.082117 -0.110394
-0.013651 0.320849 -0.064180 0.153117 0.238916 0.089089 0.165364 0.245223 0.488290 0.417725 0.283409 0.399663 0.387250 0.574419 0.650364 1.000000 0.272545 0.209358 -0.159086 0.219502 0.247966 -0.090260 0.051136 -0.094106 -0.261378 -0.255899 0.181470 -0.085419 0.471356 0.370568 -0.035735 -0.038441 -0.109036 -0.207398 -0.403958 -0.167095 0.178512 0.136870 0.103495 -0.085389 0.403581 0.276684 -0.449666 -0.373775 -0.386090 -0.509243 -0.317863 -0.356551 0.052550 -0.072747 -0.301521 0.004269 0.166096 0.102087 -0.072656 -0.181035 -0.033641 0.186946 -0.134963 -0.076323 0.126020 0.349545 0.033799 0.061166 -0.179544 -0.342630 -0.438823 -0.501659 -0.174606 -0.080210 0.094347 -0.130476 0.080681 0.123974 0.070093 0.237541 0.025984 0.002810 0.050844 0.063508 0.128699 0.107767 0.421074 0.609747 0.186641 0.070541 0.038203 0.129709 0.189212 -0.073139 0.176495 0.006858 0.172580 -0.157909 -0.218431 -0.159158 -0.347234 -0.148808 -0.027853 -0.009991 0.085746 0.072278 0.128716 0.037160 -0.288428 -0.297062 -0.011032 -0.174078 0.011769 -0.126044 -0.362604 -0.066667 -0.067635 -0.078163 -0.017178 -0.049476
0.098883 0.202871 -0.319907 0.162745 -0.044941 -0.004940 -0.262577 0.006671 -0.028841 0.110382 0.348847 0.390104 0.185628 0.175122 0.260654 0.272545 1.000000 0.550846 -0.240261 0.168971 0.227808 0.026729 -0.255139 -0.254367 -0.383910 -0.280761 0.091210 -0.149877 0.574101 0.520760 -0.262098 -0.072262 0.086711 -0.126084 -0.197382 -0.219326 0.159738 0.032369 0.126415 -0.018908 0.089601 0.121954 -0.293099 -0.246596 -0.283310 -0.354364 -0.234242 -0.299167 -0.077760 -0.075058 -0.256681 -0.128497 -0.209943 -0.068637 0.027652 -0.075445 0.520560 0.464764 -0.096997 -0.011107 0.119998 0.087027 0.484134 0.369338 -0.090317 -0.360747 -0.138642 -0.402306 -0.072740 -0.125758 0.013822 -0.107163 0.465321 0.219086 0.162835 0.162444 0.088143 -0.042986 0.378760 0.369889 0.533927 0.513448 0.171607 0.355078 0.122407 0.060215 -0.196168 -0.009844 -0.063014 -0.121435 -0.176367 -0.193920 0.008834 -0.224406 0.073506 0.197783 -0.261061 0.010763 0.013772 0.162397 0.045053 0.012935 0.223874 -0.016351 -0.226394 -0.255954 -0.077778 -0.246045 0.129535 0.091021 -0.291626 -0.011886 0.073734 0.058242 -0.066754 0.117934
-0.037555 0.293659 -0.183498 0.012466 -0.130740 -0.170864 -0.121908 -0.108767 0.121259 0.025362 0.209377 0.345393 0.192434 0.215383 0.220977 0.209358 0.550846 1.000000 -0.104798 0.283126 0.025938 -0.046519 -0.188514 -0.263265 -0.443741 -0.405646 -0.111322 -0.310891 0.410842 0.531820 -0.378802 -0.150099 -0.001349 -0.207621 -0.183763 -0.237276 0.040871 -0.050922 -0.094615 -0.200971 -0.059515 0.055032 -0.280022 -0.212432 -0.202296 -0.324824 -0.220171 -0.163388 0.185015 0.130269 -0.144711 0.081907 0.011826 0.126559 -0.110545 -0.030634 0.220488 0.232436 0.052621 0.166844 0.220837 0.107241 0.541873 0.464485 -0.189443 -0.412134 -0.057371 -0.371732 -0.281437 -0.130193 -0.035919 -0.061989 0.497773 0.147487 0.212435 0.113064 0.137880 0.029222 0.169577 0.338510 0.339857 0.341612 0.076106 0.260595 -0.068536 -0.092639 -0.317373 -0.280973 -0.139584 -0.137214 0.011631 0.008717 -0.054044 -0.078252 0.096265 0.153532 -0.297474 0.031296 0.132529 0.246795 -0.042714 0.067217 0.081432 0.016840 -0.096564 -0.046489 -0.047126 -0.128826 0.127184 0.100766 -0.302405 0.078062 0.075198 0.057725 0.092395 0.155461
0.129094 -0.076432 0.381565 0.108374 -0.044153 -0.073665 0.198823 0.065256 0.030902 -0.105712 -0.144135 -0.100953 -0.181821 -0.143189 -0.141725 -0.159086 -0.240261 -0.104798 1.000000 0.270539 -0.153993 0.081713 0.172093 0.146573 0.195225 0.211082 -0.008360 0.036409 -0.064551 -0.052620 0.387536 0.256745 -0.039425 0.098262 0.200364 0.044010 0.021655 0.144054 0.040647 0.083659 -0.010678 -0.015656 0.145998 0.186756 0.017405 0.098128 0.058009 0.158815 -0.174430 -0.083475 -0.096002 -0.158844 -0.261867 -0.309212 -0.200848 -0.174434 -0.206218 -0.127245 -0.281781 -0.221856 -0.163657 -0.342445 -0.294774 -0.224028 0.096132 0.069315 -0.201422 0.075597 0.282090 0.077820 0.072935 0.170612 -0.075117 -0.083946 0.085222 -0.004177 -0.121631 -0.120462 -0.017361 -0.198285 -0.232111 -0.148630 -0.015500 -0.133232 -0.015044 -0.044532 0.158177 -0.029192 -0.017702 -0.073871 -0.100362 0.253503 0.124111 0.206842 -0.078379 -0.010239 -0.081442 0.123959 -0.072251 -0.058364 0.188153 -0.054586 -0.077095 -0.007108 0.039991 0.066019 0.040015 0.182192 0.076367 -0.077388 0.267191 -0.132288 -0.098172 0.110392 -0.039651 -0.002488
0.343719 0.101440 -0.139210 -0.068802 -0.004895 -0.126905 0.205989 -0.043042 0.075409 -0.018890 0.136330 0.054649 0.110762 0.140290 0.153770 0.219502 0.168971 0.283126 0.270539 1.000000 -0.127459 -0.265504 -0.188810 -0.163000 -0.203654 -0.190398 -0.079699 -0.239113 0.255554 0.421443 -0.125799 -0.043851 -0.166670 -0.182252 -0.267627 -0.171964 0.059284 0.003516 -0.112205 -0.247391 0.009956 0.151762 -0.056689 -0.076043 -0.019930 -0.242119 -0.095466 -0.032240 0.037559 0.065588 -0.093736 -0.007954 -0.070587 0.013761 -0.024065 -0.168784 0.172619 0.277045 -0.131664 -0.054020 -0.077745 -0.208537 0.107750 0.039919 -0.293530 -0.395879 -0.239029 -0.283642 0.170355 0.359010 -0.025300 0.187055 0.285715 0.159463 -0.013815 0.073022 -0.081334 -0.074563 0.037515 -0.060542 0.122835 0.152653 0.196716 0.198080 -0.121003 -0.190315 -0.160929 -0.192581 -0.177161 -0.293479 0.209497 0.371387 0.068888 0.202096 0.000337 0.094980 -0.215202 0.071934 0.215754 0.319787 0.132987 0.098573 0.209603 0.368495 0.116906 0.198509 0.104325 0.093031 0.187572 0.086163 -0.010904 0.195978 0.047131 0.163035 0.218977 0.219946
-0.132197 0.225000 -0.078263 0.071066 0.390644 0.365528 -0.092297 -0.069077 0.267014 0.211248 -0.246870 -0.125016 -0.169485 -0.061537 0.205132 0.247966 0.227808 0.025938 -0.153993 -0.127459 1.000000 0.449343 0.033633 -0.083018 0.101183 0.148528 0.433227 0.248728 0.006907 -0.005311 0.024573 -0.049714 0.153191 -0.015143 -0.093354 -0.161554 0.144898 0.122700 0.334868 0.198588 0.291107 0.215234 -0.112687 0.027360 -0.056248 -0.074906 0.028483 -0.050255 0.051045 0.056141 -0.075497 0.113130 -0.109089 0.082083 0.196871 0.087012 0.091940 0.226548 -0.179917 0.137531 -0.139199 0.171512 0.055387 0.155536 -0.135458 -0.206948 -0.137383 -0.177468 0.077098 -0.113043 0.126375 0.068304 -0.040952 0.095227 -0.030506 -0.009984 -0.056708 -0.105304 -0.048581 -0.048408 0.102951 -0.053281 0.115544 0.193003 -0.218486 -0.144564 0.100764 0.026502 -0.062658 -0.039109 -0.135113 -0.057469 0.004749 -0.024769 -0.072964 0.101736 0.050050 0.134819 0.005203 0.038606 0.076288 0.008302 0.030875 -0.079528 -0.069018 -0.160514 -0.019780 0.021098 0.081500 0.016216 -0.050522 -0.104351 -0.030206 0.032513 -0.088567 0.024293
-0.091777 -0.069155 0.068521 0.149202 0.297311 0.455905 -0.148508 -0.059156 -0.063527 0.100193 -0.177579 -0.111226 -0.365455 -0.297432 0.015089 -0.090260 0.026729 -0.046519 0.081713 -0.265504 0.449343 1.000000 0.244294 0.236803 0.375099 0.479032 0.598544 0.520850 -0.069568 -0.137490 0.227915 0.312281 -0.023446 0.039729 0.250129 0.191510 0.074674 0.090690 0.265601 0.280315 0.151183 -0.045721 -0.079772 0.066037 -0.050038 0.118253 0.113258 -0.042925 -0.244765 -0.127470 -0.067973 -0.136242 -0.360550 -0.028404 -0.007649 -0.003940 0.015576 -0.047586 -0.262197 -0.219162 -0.278372 -0.086622 -0.198717 -0.195068 0.238340 0.122590 -0.178450 0.070934 0.125202 -0.033739 0.017246 0.100473 -0.221467 -0.096680 -0.056690 -0.030076 -0.076754 -0.150577 0.231999 0.005084 0.155242 0.041586 -0.026143 0.000658 0.013674 -0.039842 0.067878 0.166594 -0.077564 -0.124269 -0.347496 -0.153801 0.039792 -0.031827 0.100200 0.210638 0.055513 0.107443 -0.108745 -0.006448 -0.006985 -0.075128 -0.153441 -0.144205 -0.011467 0.070309 0.018765 0.019487 0.223598 0.011601 0.151542 -0.085618 0.053800 0.183122 0.064951 0.118384
-0.313940 -0.368127 0.567714 0.214443 0.115707 0.144722 0.001628 -0.226454 0.070601 -0.075788 -0.015583 -0.236018 -0.098522 -0.303888 0.309246 0.051136 -0.255139 -0.188514 0.172093 -0.188810 0.033633 0.244294 1.000000 0.647623 0.591459 0.630566 0.382665 0.590341 -0.105928 -0.231247 0.584491 0.451168 -0.215748 0.165961 0.373165 0.331592 0.211705 0.132570 0.357689 0.478818 0.231876 0.213458 -0.210981 -0.159510 -0.222019 -0.097168 -0.183743 -0.191669 -0.399881 -0.448439 -0.007198 -0.338719 -0.171884 -0.143208 -0.044111 -0.186313 -0.219929 -0.308228 -0.351946 -0.470970 -0.203374 -0.210051 -0.279571 -0.407017 0.617668 0.134529 -0.295096 0.217936 -0.060791 -0.130304 -0.010508 -0.002878 -0.266707 -0.141742 0.070283 0.028258 -0.067618 -0.020526 0.059238 -0.006720 -0.052354 -0.025433 0.173284 -0.020672 0.419591 0.306642 0.480614 0.261542 0.416649 -0.055947 -0.300625 -0.152752 0.066944 -0.054286 -0.235673 -0.075207 0.075962 -0.141755 -0.414475 -0.310776 -0.100665 -0.059788 -0.337153 -0.154996 -0.166875 -0.022264 -0.137664 -0.048299 -0.051094 -0.017395 0.290276 -0.260983 -0.252448 0.057154 -0.046221 -0.108216
-0.345167 -0.473463 0.141700 0.461518 -0.004044 0.336112 -0.175547 0.128368 -0.107214 0.236957 -0.157038 -0.048607 -0.191221 -0.304390 -0.141770 -0.094106 -0.254367 -0.263265 0.146573 -0.163000 -0.083018 0.236803 0.647623 1.000000 0.665671 0.748223 0.296921 0.637937 -0.271187 -0.232037 0.547254 0.589318 -0.335498 0.126482 0.510975 0.454942 -0.015399 0.225276 0.145123 0.500297 0.115893 0.007190 -0.101085 -0.081138 -0.220182 0.106205 -0.196950 -0.048709 -0.565563 -0.559681 -0.165710 -0.499630 -0.361534 -0.239511 -0.210904 -0.359048 -0.051731 -0.382665 -0.490190 -0.605278 -0.374612 -0.083216 -0.371493 -0.581640 0.626147 0.566198 -0.343502 0.400791 -0.033691 -0.070347 -0.012457 0.085273 -0.358980 -0.018592 -0.076589 0.093179 -0.123725 0.047513 0.191406 -0.111363 -0.024529 -0.077716 -0.094400 -0.128839 0.386161 0.410492 0.280533 0.350328 0.298630 -0.003922 -0.155367 -0.027363 0.378437 -0.005256 -0.020290 0.120208 0.189884 0.092798 -0.524062 -0.290704 -0.011129 -0.229952 -0.257303 -0.110601 -0.159741 0.034516 -0.230014 -0.080611 0.068453 0.143381 0.492903 -0.158957 -0.125757 0.171523 0.132522 0.031803
-0.222271 -0.452059 0.248128 0.148268 0.292754 0.491685 -0.088810 -0.132566 -0.011615 0.118888 -0.303919 -0.394903 -0.365592 -0.464295 -0.186426 -0.261378 -0.383910 -0.443741 0.195225 -0.203654 0.101183 0.375099 0.591459 0.665671 1.000000 0.842092 0.482362 0.736350 -0.391283 -0.409860 0.583046 0.383640 -0.223428 0.171003 0.578796 0.446081 0.061420 0.232588 0.184541 0.420916 0.062598 0.035881 0.113396 0.108087 0.052646 0.288540 0.012086 0.099455 -0.443560 -0.393224 0.028218 -0.307589 -0.284123 -0.145541 -0.017980 -0.206445 -0.151933 -0.427835 -0.424440 -0.432006 -0.397165 -0.299768 -0.421891 -0.506616 0.507947 0.389642 -0.191265 0.484494 0.096121 -0.011629 0.062361 0.188765 -0.350152 0.038282 -0.069208 0.043198 -0.044724 0.016649 0.001468 -0.216124 -0.081536 -0.171990 -0.102176 -0.238792 0.149367 0.167237 0.403099 0.269525 0.098622 -0.026177 -0.142295 0.038513 0.142823 0.126564 0.108818 0.032249 0.252682 0.028558 -0.363772 -0.194166 0.012711 -0.124411 -0.314548 -0.148578 -0.043651 0.058469 -0.176536 -0.020891 -0.030522 0.105212 0.603239 -0.151119 -0.159849 -0.002886 -0.064905 -0.151804
-0.348287 -0.512431 0.270683 0.310300 0.150904 0.500700 -0.254129 -0.086748 -0.204262 0.062405 -0.372091 -0.366029 -0.480493 -0.556646 -0.198947 -0.255899 -0.280761 -0.405646 0.211082 -0.190398 0.148528 0.479032 0.630566 0.748223 0.842092 1.000000 0.468713 0.833811 -0.252795 -0.246584 0.711279 0.653748 -0.064378 0.324979 0.560292 0.462050 0.139181 0.277713 0.357574 0.629152 0.288195 0.239957 0.097432 0.109483 0.021541 0.317965 0.067473 -0.025641 -0.542640 -0.474870 0.057748 -0.429539 -0.430405 -0.243250 -0.024613 -0.196971 -0.130931 -0.318821 -0.562116 -0.521880 -0.518346 -0.339651 -0.426577 -0.538723 0.544033 0.432292 -0.206496 0.534852 0.020328 -0.167918 0.034398 0.246755 -0.272399 -0.029342 -0.033276 -0.047544 -0.167744 -0.108728 0.261425 -0.005791 0.119648 0.020831 0.065307 -0.066127 0.268385 0.325035 0.428531 0.437269 0.064610 -0.099805 -0.328291 -0.160320 0.088366 -0.083944 0.012474 -0.012725 0.359587 0.054421 -0.429191 -0.254880 -0.046431 -0.226245 -0.275185 -0.214778 -0.155799 -0.026304 -0.262683 -0.087882 -0.070198 -0.017629 0.607103 -0.218679 -0.132011 0.120318 -0.152815 -0.127693
0.017067 0.011950 0.051199 0.157377 0.483409 0.598523 -0.150440 -0.124408 0.160803 0.268187 0.045596 -0.101611 -0.257397 -0.191674 0.348252 0.181470 0.091210 -0.111322 -0.008360 -0.079699 0.433227 0.598544 0.382665 0.296921 0.482362 0.468713 1.000000 0.611032 0.007750 -0.103139 0.257468 0.173694 -0.202504 -0.112103 0.299173 0.218344 0.283231 0.133490 0.359354 0.294576 0.234174 0.055395 -0.246452 -0.197933 -0.274879 -0.112526 -0.140265 -0.229865 -0.290610 -0.315708 -0.158783 -0.209979 -0.268753 0.018326 0.150057 -0.114445 0.106737 0.066276 -0.401604 -0.317729 -0.330257 -0.141641 -0.224707 -0.214538 0.219463 -0.022897 -0.329957 -0.014150 0.234928 0.004755 0.056658 0.212322 -0.250855 0.032817 -0.078624 0.132525 0.046232 -0.021286 0.106156 0.006245 0.103894 0.006755 0.167798 0.134655 0.184063 0.113032 0.333665 0.285469 0.223232 -0.061809 -0.168122 -0.106574 0.200759 -0.017308 0.004614 0.056664 0.011072 -0.031100 -0.324982 -0.135861 0.050509 -0.110927 -0.103341 -0.116125 -0.115100 -0.069925 -0.079525 -0.088170 0.049743 0.119029 0.130718 -0.217541 -0.120046 0.055049 -0.023512 -0.044011
-0.296640 -0.387611 0.126201 0.234218 0.309560 0.624765 -0.373630 -0.115522 -0.088076 0.175106 -0.210404 -0.248512 -0.429943 -0.457081 0.006307 -0.085419 -0.149877 -0.310891 0.036409 -0.239113 0.248728 0.520850 0.590341 0.637937 0.736350 0.833811 0.611032 1.000000 -0.085629 -0.226416 0.512243 0.477033 -0.108941 0.174134 0.452750 0.398287 0.177126 0.269592 0.453146 0.622608 0.347093 0.214894 0.047865 0.077528 0.003156 0.237993 0.086246 -0.112270 -0.469541 -0.440168 0.031911 -0.370614 -0.401920 -0.120075 0.074015 -0.123819 -0.098248 -0.228294 -0.554764 -0.549526 -0.464158 -0.278944 -0.352009 -0.497888 0.511071 0.334002 -0.299805 0.390911 -0.071522 -0.187557 -0.037081 0.253381 -0.259363 0.006811 -0.056329 -0.009010 -0.222871 -0.183516 0.311186 0.025686 0.245702 0.098971 0.173744 0.018148 0.404740 0.356410 0.367293 0.486135 0.137964 -0.045685 -0.289656 -0.263241 0.109635 -0.180655 -0.028275 0.010811 0.331764 -0.002975 -0.434652 -0.220567 -0.166092 -0.237683 -0.291358 -0.262952 -0.242139 -0.137517 -0.265715 -0.221710 -0.091002 0.004213 0.408402 -0.287993 -0.120445 0.050359 -0.188695 -0.118232
0.142057 0.204659 -0.042740 0.089884 -0.050494 -0.154189 -0.172252 0.048441 0.067275 0.020497 0.513668 0.452911 0.305468 0.315914 0.548524 0.471356 0.574101 0.410842 -0.064551 0.255554 0.006907 -0.069568 -0.105928 -0.271187 -0.391283 -0.252795 0.007750 -0.085629 1.000000 0.682717 -0.040495 0.118479 0.046097 0.000566 -0.239405 -0.185103 0.191926 0.015951 0.205271 0.006608 0.310637 0.303441 -0.247528 -0.198981 -0.193780 -0.331793 -0.076512 -0.404986 -0.033732 -0.091041 -0.132377 -0.125547 -0.133902 -0.033053 -0.036432 -0.105998 0.018075 0.238804 -0.107321 -0.123683 0.160488 -0.009301 0.275895 0.194836 -0.058055 -0.372017 -0.203834 -0.371832 -0.239975 -0.262711 -0.117415 -0.034276 0.508410 0.097844 0.199011 0.180274 -0.053497 -0.202682 0.442691 0.405513 0.491755 0.567699 0.548908 0.581356 0.378237 0.142752 -0.042566 0.136181 -0.049598 -0.122142 -0.233165 -0.334039 -0.173209 -0.438215 -0.045674 -0.120147 -0.154496 -0.195618 -0.059918 -0.064410 -0.078378 -0.171616 0.188549 -0.191222 -0.409982 -0.484360 -0.298819 -0.384963 -0.067556 -0.295210 -0.319126 -0.163358 0.009348 0.043878 -0.207499 -0.061862
-0.010121 0.120817 -0.241819 0.114587 -0.175841 -0.124092 -0.196095 0.094501 -0.029412 0.196297 0.309753 0.387126 0.197390 0.258891 0.277458 0.370568 0.520760 0.531820 -0.052620 0.421443 -0.005311 -0.137490 -0.231247 -0.232037 -0.409860 -0.246584 -0.103139 -0.226416 0.682717 1.000000 -0.055688 0.189154 -0.042916 0.020323 -0.252466 -0.101551 0.231734 0.094842 0.047942 -0.030448 0.261629 0.305182 -0.220792 -0.181938 -0.201172 -0.255939 -0.090632 -0.268702 -0.068513 -0.036532 -0.249601 -0.170532 -0.205721 -0.082561 -0.127875 -0.185797 0.179561 0.242498 -0.208055 -0.099681 -0.031363 0.038838 0.275285 0.174050 -0.173872 -0.328162 -0.264409 -0.264406 -0.268806 -0.220670 -0.042409 0.046827 0.609796 0.245561 0.161729 0.152282 -0.027748 -0.126807 0.427180 0.524611 0.546103 0.571579 0.406112 0.626285 0.193561 0.107224 -0.097414 0.072564 -0.212446 -0.255488 -0.097916 -0.084073 -0.069896 -0.243433 -0.025656 0.027646 -0.147844 -0.000733 0.085152 0.172581 -0.009368 -0.013377 0.218780 0.014209 -0.211953 -0.245401 -0.212381 -0.103388 0.036333 -0.107782 -0.116894 0.070483 0.035646 0.094296 -0.047677 0.084570
-0.216563 -0.422325 0.351908 0.224507 -0.075784 0.218868 -0.075577 -0.023797 -0.197970 -0.013060 -0.184780 -0.179459 -0.229536 -0.307124 -0.019027 -0.035735 -0.262098 -0.378802 0.387536 -0.125799 0.024573 0.227915 0.584491 0.547254 0.583046 0.711279 0.257468 0.512243 -0.040495 -0.055688 1.000000 0.709966 0.020184 0.470259 0.439644 0.309001 0.185101 0.339726 0.245287 0.473236 0.341854 0.219578 0.072655 0.134286 -0.029822 0.254740 -0.029470 -0.014407 -0.486653 -0.404289 -0.107195 -0.439033 -0.430708 -0.434550 -0.188225 -0.232852 -0.196050 -0.331567 -0.491229 -0.465434 -0.318882 -0.264663 -0.436427 -0.466093 0.400074 0.380052 -0.249785 0.415708 -0.046183 -0.176427 -0.017928 0.052419 -0.164834 -0.131622 -0.011355 -0.046320 -0.183496 -0.103344 0.166529 0.057837 -0.017385 0.003208 0.242339 0.098821 0.297676 0.288566 0.457147 0.345884 0.053109 -0.235193 -0.385932 -0.196489 0.004105 -0.230076 0.056091 -0.071263 0.225375 0.027294 -0.378730 -0.269652 -0.012866 -0.335026 -0.238263 -0.197504 -0.206345 -0.081612 -0.183673 -0.022466 0.036801 -0.054060 0.474812 -0.253613 -0.091090 0.130997 -0.164352 -0.089455
-0.328420 -0.469374 0.229353 0.443110 -0.164935 0.189723 -0.163193 0.205885 -0.304102 0.057352 -0.108084 0.033566 -0.266955 -0.336926 -0.082371 -0.038441 -0.072262 -0.150099 0.256745 -0.043851 -0.049714 0.312281 0.451168 0.589318 0.383640 0.653748 0.173694 0.477033 0.118479 0.189154 0.709966 1.000000 0.045548 0.509641 0.399894 0.413851 0.053729 0.178382 0.226430 0.574715 0.328890 0.215992 -0.121657 -0.066221 -0.237952 0.100830 -0.098333 -0.249659 -0.643534 -0.595455 -0.246303 -0.610750 -0.531339 -0.412771 -0.267127 -0.389485 -0.117905 -0.199030 -0.510714 -0.532079 -0.371462 -0.145815 -0.348405 -0.433522 0.528725 0.391688 -0.292503 0.415323 -0.182117 -0.253875 -0.070737 0.143381 0.006689 -0.104190 -0.002273 -0.027061 -0.305264 -0.151894 0.439568 0.164717 0.275793 0.258868 0.295897 0.283970 0.509443 0.533337 0.340959 0.396698 0.153662 -0.202143 -0.426662 -0.270568 0.065331 -0.345408 0.036365 0.030895 0.117640 -0.003577 -0.459165 -0.264167 -0.052532 -0.310300 -0.143878 -0.171524 -0.366107 -0.170027 -0.266899 -0.119054 0.047291 -0.118501 0.382716 -0.198093 -0.039654 0.271835 -0.133779 -0.067914
0.077192 0.128311 0.086980 -0.063046 -0.144531 -0.053748 0.012185 -0.001607 -0.181251 -0.210308 -0.068536 0.006994 0.003545 -0.038332 -0.130751 -0.109036 0.086711 -0.001349 -0.039425 -0.166670 0.153191 -0.023446 -0.215748 -0.335498 -0.223428 -0.064378 -0.202504 -0.108941 0.046097 -0.042916 0.020184 0.045548 1.000000 0.587104 -0.035232 -0.155449 0.032390 0.018923 0.096589 0.082908 0.034485 0.229268 0.089745 0.102979 0.035762 0.117973 0.042723 -0.069607 -0.017924 0.040255 0.000998 0.048548 -0.038724 -0.176364 0.005113 0.147820 0.127014 0.242354 0.080958 0.078677 0.203083 0.060271 0.119917 0.165692 -0.072658 -0.006869 0.247708 0.023359 -0.062602 -0.274666 -0.202153 -0.064431 0.238590 -0.033352 0.121903 -0.119633 0.138711 0.061866 -0.033988 0.145233 0.119527 0.099887 0.172007 0.082337 -0.041788 0.081023 0.052583 0.081932 -0.096524 -0.080977 -0.330424 -0.496142 -0.352261 -0.393768 0.029967 -0.231953 0.141563 0.005218 0.075083 -0.081262 -0.067760 -0.104854 -0.079507 -0.235045 -0.142105 -0.221786 -0.035958 -0.048715 -0.096182 -0.146079 -0.132992 -0.029041 0.010605 0.022726 -0.296035 -0.158608
-0.255616 -0.343638 0.282835 0.121268 -0.228595 0.026640 0.085272 0.176926 -0.326554 -0.155812 -0.155014 -0.097101 -0.152551 -0.246025 -0.181962 -0.207398 -0.126084 -0.207621 0.098262 -0.182252 -0.015143 0.039729 0.165961 0.126482 0.171003 0.324979 -0.112103 0.174134 0.000566 0.020323 0.470259 0.509641 0.587104 1.000000 0.388089 0.258520 0.096605 0.128847 0.139029 0.318971 0.085671 0.186911 0.132519 0.208908 -0.007357 0.249338 0.067108 -0.019782 -0.493936 -0.393718 -0.214390 -0.449479 -0.368119 -0.407749 -0.192636 -0.164232 -0.057344 -0.134098 -0.170832 -0.314525 0.007493 -0.041865 -0.111792 -0.132263 0.306381 0.293982 0.112641 0.393911 -0.140773 -0.366220 -0.183226 -0.081279 0.109518 -0.163362 0.142743 -0.044044 0.011709 0.111231 0.117183 0.120038 0.156743 0.151342 0.253930 0.117377 0.299981 0.320784 0.342411 0.208916 0.058485 -0.241374 -0.463008 -0.470214 -0.166914 -0.487206 -0.006707 -0.238217 0.164422 -0.098026 -0.255832 -0.274291 -0.213350 -0.289738 -0.301716 -0.336164 -0.272559 -0.221354 -0.142485 -0.078527 -0.155885 -0.188804 0.206292 -0.172732 -0.097164 0.011207 -0.306916 -0.267337
-0.222915 -0.371413 0.083694 0.180246 -0.115682 0.249619 -0.191975 -0.013584 -0.339794 -0.090705 -0.139403 -0.098931 -0.360194 -0.396876 -0.298522 -0.403958 -0.197382 -0.183763 0.200364 -0.267627 -0.093354 0.250129 0.373165 0.510975 0.578796 0.560292 0.299173 0.452750 -0.239405 -0.252466 0.439644 0.399894 -0.035232 0.388089 1.000000 0.548386 -0.023728 0.256709 0.011474 0.262124 -0.235142 -0.191223 0.095105 0.086850 -0.034027 0.375155 -0.062817 0.124434 -0.504648 -0.454175 -0.180588 -0.466452 -0.494335 -0.343312 -0.218369 -0.281915 -0.038015 -0.323877 -0.335198 -0.339954 -0.200452 -0.159928 -0.173655 -0.223117 0.534814 0.502563 0.041322 0.579655 -0.018976 -0.209298 -0.056916 -0.015850 -0.155979 -0.145065 0.086576 0.118973 0.089850 0.220846 0.130545 0.067293 0.016731 -0.016301 -0.205974 -0.365285 0.244796 0.295692 0.262184 0.020345 0.005480 -0.058132 -0.276671 -0.145597 0.040136 -0.041318 0.210125 0.076049 0.041095 -0.033246 -0.469190 -0.294595 -0.249587 -0.297598 -0.417659 -0.339067 -0.184693 0.027528 -0.133026 0.042080 -0.052322 0.089628 0.389412 -0.223311 -0.201825 -0.063370 -0.181735 -0.193250
-0.198640 -0.476882 0.030042 0.072743 0.086871 0.354470 -0.145135 0.001127 -0.220251 0.080546 -0.065275 -0.097419 -0.299956 -0.300110 -0.205356 -0.167095 -0.219326 -0.237276 0.044010 -0.171964 -0.161554 0.191510 0.331592 0.454942 0.446081 0.462050 0.218344 0.398287 -0.185103 -0.101551 0.309001 0.413851 -0.155449 0.258520 0.548386 1.000000 0.002597 0.237684 -0.113100 0.176940 0.006260 -0.043562 -0.114944 -0.116538 0.036465 0.227470 -0.067011 -0.187472 -0.339811 -0.385532 -0.046729 -0.268996 -0.317317 -0.105168 -0.312906 -0.391586 -0.129754 -0.321381 -0.177680 -0.279916 -0.259495 -0.039604 -0.325558 -0.335980 0.494051 0.388525 0.055552 0.563117 -0.063650 -0.055553 0.112751 0.012574 -0.163405 0.005964 0.170602 0.091806 0.030012 -0.025875 0.054309 0.014290 0.044017 0.002594 -0.108621 -0.181374 0.434760 0.361734 0.265971 0.068702 -0.043622 -0.079033 -0.244648 -0.060103 0.050519 -0.010744 0.118908 0.099533 0.003329 -0.108282 -0.332017 -0.170449 -0.272063 -0.209008 -0.316121 -0.177424 -0.133258 0.049447 -0.152145 0.021334 -0.030822 -0.020390 0.324221 -0.141578 -0.078150 -0.007305 -0.031214 -0.177265
