1.000000 0.327781 0.083273 -0.154997 -0.320005 -0.313676 0.041733 -0.184571 -0.032786 -0.308838 0.374293 0.286469 0.189223 0.139544 -0.043543 -0.090005 0.152317 0.272374 0.164820 0.070062 0.022672 -0.286657 -0.018547 -0.194770 -0.210426 -0.208509 -0.188227 -0.062959 -0.051338 -0.121410 0.056033 -0.340034 0.191292 -0.009892 0.071763 0.030597 0.062663 0.239971 -0.069703 -0.121708 -0.047306 -0.139904 -0.048630 -0.118740 -0.375259 -0.399182 0.088444 0.079727 -0.102441 -0.140602 -0.151709 -0.055459 0.249484 -0.018031 -0.013223 -0.012378 0.542291 0.115462 0.166990 -0.189064 0.289948 -0.055797 0.288539 0.161008 -0.066432 -0.054043 -0.025731 -0.269627 -0.027499 -0.128423 0.118464 -0.310332 0.053390 0.185675 0.247688 0.077358 0.278718 0.289801 -0.191085 -0.028879 -0.086406 -0.110513 -0.043056 -0.184090 0.043458 -0.185431 0.232185 -0.044397 0.000156 -0.110086 0.019603 0.032783 -0.083139 0.073051 0.310407 0.226552 0.234054 0.278072 -0.132261 0.228436 0.150922 0.094611 0.020123 -0.004370 -0.016437 0.126487 0.209559 0.188468 0.350075 0.241396 0.109409 0.087860 -0.058206 0.132569 0.201403 0.139871
0.327781 1.000000 -0.132855 -0.150161 -0.500417 -0.336954 -0.002082 -0.144454 -0.338672 -0.309565 0.058862 0.065384 -0.066186 0.019849 -0.058952 0.009566 0.094763 0.317974 0.084036 0.192608 -0.098785 -0.105333 -0.028060 -0.062329 -0.141120 -0.083710 -0.174144 0.159346 0.172934 0.095392 0.138374 -0.008212 0.423472 0.306146 -0.008390 0.002014 0.072014 0.081495 0.001646 0.172611 0.047034 0.178089 -0.054458 -0.163803 -0.188268 -0.269184 -0.072657 -0.248415 -0.348522 -0.210078 -0.022450 -0.129964 -0.068189 0.086347 0.122291 -0.273280 0.343853 0.541003 -0.230565 -0.222097 0.029236 -0.107716 0.360049 0.306365 -0.061599 -0.206729 -0.146446 -0.227575 -0.055530 -0.128544 -0.105060 0.124486 0.311946 0.176674 0.026792 0.018153 0.148816 -0.013008 0.065509 0.199090 0.378294 0.452397 0.269905 0.287322 0.345451 0.317631 0.248383 0.219142 0.058424 -0.015680 -0.193749 -0.316351 -0.109126 -0.142617 -0.151115 -0.117601 -0.199655 -0.137437 -0.143650 -0.296231 -0.048884 -0.056208 -0.112253 -0.321988 -0.255362 -0.267479 -0.199887 -0.198634 0.089666 -0.118544 -0.192698 -0.120135 -0.119944 -0.201484 -0.147009 -0.249412
0.083273 -0.132855 1.000000 -0.062405 0.474650 -0.012854 0.503627 -0.336931 0.614829 -0.032746 0.171022 -0.291577 0.193035 -0.226964 0.276343 -0.290907 -0.123422 -0.391562 0.171612 -0.571336 0.304353 -0.057085 0.519608 -0.087437 0.531678 0.395998 0.293905 0.335435 -0.273019 -0.586877 0.377165 -0.043116 -0.073187 -0.283629 0.061432 -0.207684 -0.031754 0.088119 0.405008 0.072968 -0.134651 0.019519 -0.121781 -0.055762 -0.189282 -0.209892 -0.012048 -0.104254 0.078585 -0.289924 0.530865 -0.146043 0.258402 -0.215614 0.257084 -0.097419 -0.092304 0.028860 0.380107 -0.269850 0.372788 -0.394417 -0.084346 -0.236818 0.332358 -0.127398 0.324040 -0.025234 0.007409 -0.107508 0.250451 0.044681 -0.291082 0.085974 0.054797 0.042926 0.037420 0.046107 -0.314774 -0.103460 -0.278938 -0.236338 -0.050025 -0.520085 -0.128222 -0.143343 -0.033039 -0.012656 0.389642 0.154559 -0.208060 0.208448 -0.292734 0.329124 0.069794 -0.058060 0.177181 0.022616 0.056144 -0.066895 -0.106141 0.194004 -0.064658 -0.110522 -0.163409 -0.038585 0.006533 0.057429 0.130167 0.125774 -0.087947 -0.220693 -0.189485 -0.038709 -0.018451 0.126892
-0.154997 -0.150161 -0.062405 1.000000 0.088658 0.556596 -0.039324 0.509090 -0.113933 0.478989 -0.195091 0.210719 -0.375153 0.008217 0.017381 0.297257 -0.167391 -0.135545 0.149308 0.328829 0.023415 0.149112 0.179804 0.679615 0.059629 0.330809 0.181322 0.294823 -0.134403 -0.171901 0.113412 0.297338 -0.328282 0.189844 0.070183 -0.011033 -0.318430 -0.062803 -0.187645 -0.059485 -0.205519 0.044245 -0.525770 -0.368189 -0.375549 -0.210204 -0.351386 -0.236067 -0.304908 -0.359621 -0.044184 -0.196773 -0.237721 -0.113349 -0.266422 -0.209096 -0.013767 -0.313101 -0.349118 -0.193357 -0.322948 0.153607 -0.298217 -0.414459 0.273889 0.494733 -0.410473 0.100441 0.208160 0.148169 0.001722 0.081233 -0.358570 -0.205247 -0.105571 -0.136827 -0.033503 0.050113 -0.220904 -0.165488 -0.019281 -0.341580 0.067758 0.182496 0.215873 0.125570 0.001313 -0.001218 0.312443 0.050983 0.222895 0.188194 0.515740 0.056691 -0.093602 -0.157642 -0.275433 -0.034636 -0.232305 -0.146859 0.029791 -0.082209 -0.055574 0.049908 0.134356 -0.011706 0.123504 0.021496 -0.215487 -0.130875 -0.049849 -0.063037 -0.218836 -0.092666 -0.068282 -0.013376
-0.320005 -0.500417 0.474650 0.088658 1.000000 0.326203 0.341510 0.113692 0.449625 0.290406 -0.198989 -0.286231 0.099460 -0.075902 0.187012 -0.017890 -0.147848 -0.524559 -0.184427 -0.351891 0.319303 0.087710 0.079936 -0.080930 0.312792 0.082246 0.240570 -0.106280 -0.224065 -0.290283 -0.117278 -0.098494 -0.380569 -0.413257 -0.029996 -0.157180 -0.152814 -0.192945 0.327249 -0.055415 -0.041598 -0.143447 -0.044799 0.025472 0.118621 0.098315 -0.072201 0.072307 0.270586 0.067374 0.128342 0.098877 0.106455 -0.048606 0.150581 0.172997 -0.330433 -0.276832 0.317096 0.209264 0.198930 0.001552 -0.274957 -0.226944 0.015070 0.039989 0.283443 0.053855 0.133392 0.090237 0.230597 0.085280 -0.367489 -0.086428 -0.143456 -0.030396 -0.233345 -0.142041 -0.114821 -0.228205 -0.164874 -0.244630 -0.049347 -0.297834 -0.365674 -0.156374 -0.125031 -0.206953 0.054248 0.258387 0.128868 0.341182 -0.051046 0.183051 0.120598 0.083336 0.064029 0.110624 0.076303 0.116839 0.003474 0.180587 0.095188 0.147847 0.054586 0.149375 0.152641 0.167934 0.045024 0.092410 0.016105 -0.068193 -0.019700 0.111606 0.053997 0.152038
-0.313676 -0.336954 -0.012854 0.556596 0.326203 1.000000 -0.174761 0.621519 0.187446 0.743540 -0.307037 -0.011048 -0.093822 0.154910 0.041020 0.431526 -0.143287 -0.292286 -0.134784 0.157759 0.198954 0.151001 -0.091045 0.334292 0.050822 0.295305 0.144226 0.137600 -0.283829 -0.171085 -0.113560 0.085949 -0.350490 -0.008291 -0.012108 -0.059636 -0.200675 0.052422 0.044883 0.135163 -0.024786 0.167050 -0.270051 -0.210388 -0.207408 -0.006370 -0.263583 -0.170796 -0.103980 -0.203900 0.003985 -0.014117 0.052548 -0.076371 -0.005518 -0.050812 -0.243188 -0.402860 -0.095262 0.138446 -0.159093 0.467632 -0.257448 -0.377024 -0.123104 0.591090 -0.264098 0.028268 0.250864 0.401582 -0.094125 0.326927 -0.442796 -0.254828 -0.237276 -0.175084 -0.296055 -0.200701 -0.088847 -0.280370 0.073797 -0.267197 0.109044 0.134698 -0.118702 0.094715 -0.022648 0.032922 0.234782 0.306680 0.428501 0.214092 0.376723 -0.044759 -0.117439 -0.202058 -0.325157 -0.092904 -0.084467 -0.103210 -0.024404 -0.096080 0.018784 0.015842 0.097087 -0.021354 0.063144 -0.107399 -0.247584 -0.173012 -0.120094 -0.143318 -0.169657 -0.106925 -0.092817 -0.004536
0.041733 -0.002082 0.503627 -0.039324 0.341510 -0.174761 1.000000 0.002138 0.256691 -0.013878 0.320886 0.115284 0.366829 0.066111 0.419242 -0.030064 -0.015131 -0.127909 0.078906 -0.167179 -0.077298 -0.327261 0.348220 -0.101787 0.080224 -0.181922 -0.058839 -0.234888 0.142856 -0.086597 0.111774 -0.110800 -0.065539 -0.187899 0.113214 -0.022028 -0.134335 -0.001812 0.047369 -0.157930 -0.175510 -0.147885 -0.080600 -0.138440 -0.093119 -0.209241 0.015776 -0.076522 -0.068289 -0.100605 0.075739 -0.196142 -0.014595 -0.067071 0.123280 -0.255656 -0.174642 -0.083059 0.202079 -0.253129 0.322452 -0.172383 -0.006754 0.009158 0.349035 -0.255495 0.110505 -0.157905 -0.065368 -0.234569 0.161830 -0.233095 -0.095921 0.063695 0.115877 0.119953 0.290464 0.069825 -0.191268 -0.043878 -0.201397 -0.118561 0.175364 -0.110782 0.104895 -0.115995 -0.051355 -0.312911 0.210191 0.015986 -0.139806 0.082998 -0.154759 0.246176 0.080321 0.022830 0.018153 0.051422 -0.255655 -0.237738 -0.152828 -0.009982 -0.243433 -0.196161 -0.283114 -0.112109 -0.089177 0.019852 0.069401 0.118907 -0.012867 -0.130601 -0.146430 0.131346 -0.023463 -0.018747
-0.184571 -0.144454 -0.336931 0.509090 0.113692 0.621519 0.002138 1.000000 -0.069493 0.710488 -0.232299 0.364471 0.029132 0.427675 -0.088167 0.518200 -0.132982 0.049134 -0.367335 0.298416 -0.104888 -0.023860 -0.401934 0.087746 -0.276386 -0.137887 -0.115660 -0.249773 -0.067662 0.185703 -0.310221 -0.062809 -0.247974 0.115826 0.083409 0.147527 -0.168907 -0.071981 -0.222924 -0.040484 -0.075153 0.042973 -0.142330 -0.095946 -0.123722 0.092175 -0.125572 0.016955 -0.113689 0.044774 -0.305888 0.125967 -0.093358 0.090540 -0.120075 -0.032256 -0.226518 -0.507095 -0.112313 0.143703 -0.219767 0.685382 -0.250408 -0.156180 -0.201193 0.610573 -0.438936 0.005664 -0.025854 0.103946 -0.133582 -0.080425 -0.204347 -0.183823 -0.159934 -0.121884 -0.122561 -0.088432 -0.001397 -0.205272 0.021992 -0.186027 -0.003400 0.240962 -0.001150 0.098238 -0.114279 -0.180782 0.012650 0.186417 0.283324 -0.057814 0.368053 -0.214875 -0.034625 -0.008795 -0.272677 -0.002507 -0.172776 -0.199982 -0.077550 -0.294059 0.017770 -0.129008 -0.087061 -0.087077 0.049152 -0.097082 -0.191819 -0.103582 0.042582 -0.043271 -0.115104 -0.028258 -0.030144 0.003059
-0.032786 -0.338672 0.614829 -0.113933 0.449625 0.187446 0.256691 -0.069493 1.000000 0.318666 0.168209 -0.188744 0.309114 0.054931 0.358706 0.025948 -0.128745 -0.350785 -0.094855 -0.584061 0.347637 0.090271 0.284238 -0.194233 0.315324 0.298175 0.077009 0.174478 -0.317222 -0.444994 0.120362 -0.131267 -0.138000 -0.251832 0.082217 -0.088458 -0.130711 0.035071 0.333202 0.007540 -0.059224 0.023524 -0.005720 0.079874 -0.005157 0.058711 0.034394 -0.050835 0.077358 -0.032484 0.339657 0.087949 0.196626 0.089286 0.145572 0.060470 -0.190363 -0.161291 0.345959 -0.014757 0.225167 -0.045045 -0.290335 -0.324915 0.178907 0.124705 0.144031 -0.047274 -0.020249 -0.102753 -0.003637 -0.000101 -0.383809 0.067602 0.004717 0.096622 -0.111543 -0.135455 -0.203138 -0.067544 -0.324706 -0.173762 -0.214760 -0.388090 -0.212807 -0.109708 -0.145605 -0.104522 0.245936 0.392088 -0.083262 0.183831 -0.118612 0.227624 0.067848 -0.081288 0.091170 -0.007860 -0.005341 -0.022091 -0.068112 0.033139 0.029189 -0.095125 -0.143906 -0.003056 0.047702 0.036281 0.052146 -0.012118 -0.066007 -0.161273 -0.199024 -0.087995 -0.060547 0.160309
-0.308838 -0.309565 -0.032746 0.478989 0.290406 0.743540 -0.013878 0.710488 0.318666 1.000000 -0.115021 0.209193 0.031569 0.304409 0.130520 0.470461 -0.192737 -0.311094 -0.299483 0.042153 0.075194 0.105722 -0.035806 0.277075 0.011690 0.197776 0.026108 0.086738 -0.260947 -0.190193 -0.115594 0.034593 -0.358591 0.014251 0.074519 0.102705 -0.263267 -0.165727 -0.126334 -0.023957 -0.068518 0.051327 -0.194745 -0.160920 -0.110272 0.114413 -0.311362 -0.137235 -0.166903 -0.154405 -0.039612 -0.043633 -0.135194 0.016076 -0.100200 -0.112906 -0.306002 -0.531735 0.000181 0.048919 -0.200523 0.512239 -0.365155 -0.462259 0.072400 0.684972 -0.329118 0.174245 0.053128 0.188486 -0.181827 0.035857 -0.418065 -0.232414 -0.101509 -0.016086 -0.191438 -0.158022 -0.200996 -0.309325 -0.042947 -0.322133 0.047713 0.040929 0.053098 0.081645 -0.050076 -0.073401 0.254477 0.316073 0.332498 0.155753 0.502826 0.066511 -0.059365 -0.069644 -0.290426 -0.055948 -0.187299 -0.192948 -0.023134 -0.098414 0.051539 -0.008705 -0.057461 -0.052725 0.062945 -0.080952 -0.192461 -0.091671 0.007053 -0.129888 -0.187855 -0.062006 -0.027600 0.006515
0.374293 0.058862 0.171022 -0.195091 -0.198989 -0.307037 0.320886 -0.232299 0.168209 -0.115021 1.000000 0.359745 0.488199 0.261674 0.470371 0.093161 0.317328 0.076625 0.180970 -0.035909 0.035312 -0.192571 0.383924 0.012923 -0.119517 -0.070371 -0.202655 0.095439 0.176579 -0.071723 0.237109 0.001235 0.064447 0.112542 -0.011931 0.089258 0.034675 0.075342 -0.132545 -0.060417 0.057694 -0.112800 -0.095736 -0.247780 -0.224741 -0.329772 -0.126310 -0.220704 -0.239480 -0.275568 0.040270 -0.309031 -0.054310 -0.096434 -0.171908 -0.240464 0.080618 -0.105906 0.061587 -0.332386 0.262625 -0.131277 0.153493 -0.010691 0.356791 -0.193419 -0.076474 -0.204518 -0.079894 -0.227474 0.183107 -0.269910 0.118886 0.202771 0.405865 0.213151 0.368960 0.262096 -0.299736 0.029084 -0.157073 -0.232253 0.360622 -0.072194 0.320033 -0.159310 0.336648 -0.019013 0.194154 -0.032649 -0.123138 0.097520 -0.005875 0.426363 0.034562 0.026259 -0.014446 0.012873 -0.221721 -0.049222 -0.000266 0.064875 -0.124120 0.013348 -0.105519 -0.032827 -0.010092 0.058553 -0.021387 0.060520 0.037172 0.020867 0.054294 0.119829 0.062390 -0.052011
0.286469 0.065384 -0.291577 0.210719 -0.286231 -0.011048 0.115284 0.364471 -0.188744 0.209193 0.359745 1.000000 0.142153 0.556864 0.084049 0.471594 -0.034774 0.225985 -0.095007 0.281122 -0.235040 -0.154662 -0.007750 0.193520 -0.331087 -0.244748 -0.204397 -0.128275 0.071391 0.178431 -0.028069 -0.040096 -0.086014 0.204336 0.120648 0.243417 -0.114224 0.058068 -0.396690 -0.219127 -0.079046 -0.158486 -0.213441 -0.214065 -0.322710 -0.256462 -0.179819 -0.023120 -0.259141 -0.111975 -0.310324 -0.170092 -0.170083 -0.047823 -0.360271 -0.204096 0.048494 -0.304301 -0.121291 -0.194806 -0.086153 0.278108 -0.149938 -0.091094 0.141469 0.217221 -0.362842 -0.008473 -0.178030 -0.166258 0.030377 -0.338665 -0.066665 -0.055950 0.194371 0.102260 0.239758 0.345801 -0.237217 -0.270876 -0.253535 -0.367882 0.120645 0.246822 0.318533 -0.062911 0.105988 -0.069848 0.015599 -0.037569 0.149048 0.064626 0.418413 0.076424 0.154112 0.181092 -0.072636 0.164536 -0.372271 -0.026486 0.085943 -0.094447 0.090255 0.000677 0.016054 0.057670 0.071467 0.009674 0.039761 0.114755 0.248858 0.155528 0.037646 0.235818 0.177687 0.077359
0.189223 -0.066186 0.193035 -0.375153 0.099460 -0.093822 0.366829 0.029132 0.309114 0.031569 0.488199 0.142153 1.000000 0.563008 0.465000 0.265854 0.176708 0.001880 -0.154148 -0.151715 -0.058978 -0.218725 -0.119619 -0.444078 -0.368726 -0.386312 -0.276020 -0.216191 0.107089 -0.029437 -0.292855 -0.322379 0.021945 -0.083079 -0.194670 -0.075378 0.074451 -0.007321 -0.024201 -0.104740 0.111583 -0.050463 0.118909 -0.019760 -0.036524 -0.044947 0.096075 0.000969 0.020564 0.006136 -0.114403 -0.125509 0.224291 -0.064018 0.046187 -0.119076 -0.089095 -0.173265 0.368035 0.065385 0.576866 0.261444 0.251052 0.221717 -0.110366 -0.118708 0.030977 -0.306221 -0.075041 -0.134954 0.057120 -0.219154 0.123850 0.192864 0.185745 0.123977 0.180837 0.058205 -0.055726 -0.017631 -0.047995 -0.036476 0.148542 -0.067861 -0.179483 -0.174031 -0.052328 -0.127401 -0.018388 0.014809 -0.047149 0.002444 -0.166857 0.075774 0.141728 0.078249 0.042162 0.095262 -0.011593 0.008938 -0.022339 0.119566 -0.067077 -0.062147 -0.109292 0.068443 0.049565 0.136559 0.046928 0.078776 0.026937 0.015786 -0.010688 0.062951 0.028189 0.184268
0.139544 0.019849 -0.226964 0.008217 -0.075902 0.154910 0.066111 0.427675 0.054931 0.304409 0.261674 0.556864 0.563008 1.000000 0.338021 0.673036 0.078100 0.199573 -0.212407 0.029575 -0.027815 -0.012604 -0.273508 -0.187060 -0.440633 -0.279365 -0.202239 -0.172201 0.035489 0.098676 -0.306429 -0.210529 -0.121560 0.062594 -0.094304 -0.026370 0.035108 -0.074716 -0.210599 -0.192649 0.058089 -0.084913 -0.007784 -0.073754 -0.168488 -0.028528 -0.049325 -0.015777 -0.119171 0.021621 -0.270749 -0.044624 0.018155 0.084509 -0.214214 -0.001142 0.002625 -0.301810 0.044191 0.069168 0.117097 0.483556 -0.054689 0.091241 -0.166896 0.252709 -0.244290 -0.146600 -0.203449 -0.132619 -0.057922 -0.178741 -0.022005 0.076138 0.168924 0.215130 0.133765 0.102650 0.036916 -0.157068 0.014029 -0.128969 0.044009 0.156223 -0.057604 -0.106082 -0.031248 -0.144071 -0.131945 0.126267 -0.012686 -0.146356 0.235088 -0.140764 0.144987 0.177930 -0.041399 0.122895 -0.197414 -0.048932 0.074885 -0.063240 0.038200 -0.026494 -0.006736 0.049969 0.070773 0.104209 0.048689 0.021524 0.143190 0.107912 0.045280 -0.005501 0.077417 0.008748
-0.043543 -0.058952 0.276343 0.017381 0.187012 0.041020 0.419242 -0.088167 0.358706 0.130520 0.470371 0.084049 0.465000 0.338021 1.000000 0.427512 0.252927 -0.141710 0.091997 -0.213203 0.070864 0.114754 0.414624 0.105010 0.010938 0.029708 0.080160 0.216012 0.150876 -0.110228 0.047506 0.022951 -0.140542 -0.090559 -0.181099 -0.239353 -0.135823 -0.058007 0.000662 -0.169218 0.067393 0.007504 -0.099108 -0.158481 -0.099314 -0.190956 -0.156096 -0.365092 -0.152864 -0.170649 0.148729 -0.288537 -0.064238 -0.005724 -0.092236 -0.292083 -0.096516 -0.112082 0.090415 -0.256132 0.303298 -0.149380 0.036184 -0.138895 0.305327 -0.147908 -0.039383 -0.347124 0.022433 -0.209384 0.122882 -0.021386 -0.034471 0.106944 0.205584 0.108223 0.113416 -0.078905 -0.081389 -0.025236 0.048084 0.018537 0.389331 0.037383 0.147331 0.002621 0.080631 -0.118801 0.148256 0.143471 -0.042151 0.082976 -0.010971 0.304716 -0.050838 -0.123574 -0.218016 -0.075186 -0.150044 -0.147798 0.035014 0.077644 -0.112872 -0.016618 -0.096955 -0.101983 -0.085868 0.084411 -0.105563 -0.098819 -0.150270 -0.096679 -0.074322 -0.116334 -0.092234 -0.028750
-0.090005 0.009566 -0.290907 0.297257 -0.017890 0.431526 -0.030064 0.518200 0.025948 0.470461 0.093161 0.471594 0.265854 0.673036 0.427512 1.000000 0.193575 0.118225 -0.094325 0.223087 -0.006911 0.217600 -0.066938 0.199861 -0.281407 -0.032320 -0.107530 0.081496 0.159443 0.209496 -0.132388 0.134250 -0.153748 0.202989 -0.240075 -0.138137 -0.110407 0.064967 -0.220161 -0.027294 0.203836 0.136018 -0.233888 -0.269187 -0.250236 -0.180244 -0.335050 -0.338592 -0.303789 -0.202716 -0.277436 -0.194875 -0.196028 -0.016813 -0.253283 -0.259160 -0.115901 -0.303499 -0.197757 0.002301 -0.017394 0.429790 -0.062324 -0.088955 -0.058322 0.283326 -0.435159 -0.297829 0.039031 -0.015851 -0.024475 0.080494 0.044453 0.075423 0.093090 0.088922 0.070771 -0.146312 0.093383 -0.150151 0.227710 -0.004072 0.304206 0.465775 0.115660 0.213536 0.062606 0.051137 0.039446 0.233432 0.201297 0.000970 0.347710 -0.033476 -0.143303 -0.116960 -0.453164 -0.096185 -0.340378 -0.202215 0.025737 -0.159552 0.019799 -0.056450 -0.012175 -0.120496 -0.067250 -0.086115 -0.267000 -0.223014 -0.156075 -0.078743 -0.082042 -0.146364 -0.109947 -0.114392
0.152317 0.094763 -0.123422 -0.167391 -0.147848 -0.143287 -0.015131 -0.132982 -0.128745 -0.192737 0.317328 -0.034774 0.176708 0.078100 0.252927 0.193575 1.000000 0.259947 0.140294 0.124929 -0.057574 0.119592 0.054434 -0.015399 -0.087913 -0.024846 -0.034263 -0.022666 0.546665 0.364826 0.066103 0.221594 0.124740 0.240155 -0.408159 -0.270796 0.124289 0.035370 -0.157654 -0.048856 0.360263 0.062493 0.024969 -0.047647 -0.063026 -0.192048 -0.027409 -0.283535 -0.069759 -0.058122 -0.098743 -0.161805 -0.053436 0.057171 0.033304 -0.158297 0.204277 0.041736 -0.107753 -0.153716 0.121131 -0.104645 0.397833 0.099999 -0.077374 -0.208065 -0.204798 -0.452958 0.039762 -0.015018 0.001814 -0.086949 0.478860 0.166634 0.057688 0.087689 0.176150 -0.172279 0.410621 0.352560 0.502305 0.368797 0.325396 0.117343 -0.065847 0.028599 0.178047 -0.006345 -0.060444 -0.062578 -0.017658 0.061132 -0.085493 0.135591 -0.147362 -0.205914 -0.200652 -0.200480 0.058296 0.033884 0.114485 -0.021212 -0.039738 0.117810 0.006856 -0.150532 -0.087232 0.095974 -0.261523 -0.251860 -0.281374 -0.012419 0.207027 -0.043037 -0.156698 -0.182093
0.272374 0.317974 -0.391562 -0.135545 -0.524559 -0.292286 -0.127909 0.049134 -0.350785 -0.311094 0.076625 0.225985 0.001880 0.199573 -0.141710 0.118225 0.259947 1.000000 0.016217 0.222389 -0.254153 -0.189821 -0.273624 -0.207258 -0.285395 -0.247507 -0.104039 -0.215563 0.320336 0.449380 -0.022671 0.048373 0.168867 0.024682 0.047058 0.079178 0.079928 -0.031190 -0.343370 -0.133952 -0.082247 -0.064169 0.063562 0.080982 -0.153263 -0.112330 0.168209 0.044254 -0.273892 0.056323 -0.360603 -0.094651 -0.193843 0.180412 -0.222513 0.037280 0.346141 0.242260 -0.304910 -0.156781 -0.021366 0.118434 0.224710 0.396302 -0.224414 -0.153820 -0.241832 -0.291743 -0.233967 -0.233757 -0.071162 -0.169746 0.490967 0.229554 0.074149 -0.054579 0.305799 0.151264 0.339781 0.275207 0.192986 0.334955 -0.094420 0.184971 0.019573 -0.015698 -0.099383 -0.146218 -0.290347 -0.169395 -0.038636 -0.184088 0.030440 -0.141954 0.138733 0.183750 0.073965 0.110893 -0.025519 0.126773 0.123506 -0.151077 0.190426 -0.011030 0.035208 -0.002608 0.082490 0.103518 0.157462 0.096761 0.111127 0.262807 0.014222 0.204186 0.100555 0.007204
0.164820 0.084036 0.171612 0.149308 -0.184427 -0.134784 0.078906 -0.367335 -0.094855 -0.299483 0.180970 -0.095007 -0.154148 -0.212407 0.091997 -0.094325 0.140294 0.016217 1.000000 0.228228 0.073720 -0.008630 0.375090 0.290171 0.109890 0.149833 -0.044520 0.257101 0.192431 -0.108947 0.271189 0.174783 0.186484 0.131602 -0.213705 -0.223130 -0.105007 0.151992 0.023466 0.136552 0.025750 0.241134 -0.137715 -0.168133 -0.128785 -0.217637 -0.057366 -0.311715 -0.107253 -0.201136 0.148454 -0.195226 -0.044995 -0.207155 0.065114 -0.271199 0.258128 0.217284 -0.217285 -0.263596 -0.050080 -0.373394 0.166952 0.048113 0.230713 -0.156544 0.092727 -0.113185 0.369412 0.008143 0.063681 0.173257 0.045971 0.041474 0.180609 0.081737 0.179398 -0.057047 -0.040158 -0.006825 0.074674 0.035875 0.170541 0.003489 0.199834 0.062659 0.245086 0.139881 0.340792 0.024760 -0.104721 0.169917 -0.121406 0.164696 -0.342884 -0.289668 -0.205045 -0.305588 -0.042051 -0.150341 0.015203 0.054209 -0.314110 -0.140156 0.062793 -0.181544 -0.195770 -0.054893 -0.162992 -0.274607 -0.351145 -0.160295 0.124588 -0.127182 -0.225523 -0.305260
0.070062 0.192608 -0.571336 0.328829 -0.351891 0.157759 -0.167179 0.298416 -0.584061 0.042153 -0.035909 0.281122 -0.151715 0.029575 -0.213203 0.223087 0.124929 0.222389 0.228228 1.000000 -0.397864 -0.092469 -0.202628 0.419166 -0.444743 -0.329010 -0.360203 -0.139128 0.273223 0.467445 -0.226122 0.103733 0.066823 0.378786 -0.114298 0.123342 -0.262217 0.016571 -0.428758 -0.092294 0.005372 0.060891 -0.260575 -0.392129 -0.148175 -0.174915 -0.238134 -0.134552 -0.285175 -0.071489 -0.580761 -0.177086 -0.304650 -0.078818 -0.233608 -0.233074 0.209909 -0.065430 -0.341278 0.031174 -0.254040 0.261521 0.145580 0.120542 -0.122374 0.095169 -0.429762 -0.053594 0.421890 0.425231 -0.166417 0.056554 0.218018 -0.113330 0.001816 -0.160505 0.089927 0.048398 0.154010 0.018124 0.357995 0.168440 0.314401 0.587555 0.285098 0.175012 0.250824 0.129781 -0.023496 -0.244754 0.437687 0.126519 0.219885 -0.143954 -0.152793 -0.149987 -0.363610 -0.069848 -0.244451 -0.045261 -0.021484 -0.092056 -0.159620 -0.022721 0.197134 0.015224 0.014030 -0.070982 -0.208357 -0.184736 -0.002899 0.081366 0.041130 0.102858 -0.128475 -0.132698
0.022672 -0.098785 0.304353 0.023415 0.319303 0.198954 -0.077298 -0.104888 0.347637 0.075194 0.035312 -0.235040 -0.058978 -0.027815 0.070864 -0.006911 -0.057574 -0.254153 0.073720 -0.397864 1.000000 0.176179 0.225013 0.005117 0.309505 0.433782 0.159444 0.298550 -0.252235 -0.445871 0.270323 0.026444 -0.020771 -0.100786 0.023654 -0.098322 -0.016737 0.006899 0.317139 0.247928 0.051181 0.012532 -0.027279 0.045530 0.051608 0.045577 -0.022633 -0.102902 0.125851 -0.048967 0.461769 0.154044 0.092682 0.113003 0.031319 0.182291 0.102927 -0.127068 0.043993 -0.127965 -0.131011 -0.207721 -0.256343 -0.356007 0.139328 0.087643 0.106811 0.026761 0.048508 -0.080389 0.232206 0.203636 -0.377274 0.097932 -0.071897 0.168919 -0.258568 -0.292217 -0.215985 -0.131398 -0.155761 -0.167071 -0.002120 -0.262889 -0.080582 0.066064 0.125174 -0.038298 0.103781 0.378315 -0.263467 -0.062575 -0.128076 0.015756 0.004419 0.060474 0.065904 0.017300 0.013935 0.111336 0.032007 0.084182 -0.026179 0.104303 0.000020 0.036839 -0.029468 0.038851 0.055965 -0.044484 -0.143983 -0.103500 -0.062550 -0.059607 0.027805 -0.012387
-0.286657 -0.105333 -0.057085 0.149112 0.087710 0.151001 -0.327261 -0.023860 0.090271 0.105722 -0.192571 -0.154662 -0.218725 -0.012604 0.114754 0.217600 0.119592 -0.189821 -0.008630 -0.092469 0.176179 1.000000 -0.013916 0.145754 0.122219 0.336320 0.146262 0.291476 0.259514 0.011066 -0.031790 0.353643 -0.084576 0.111115 -0.295301 -0.370484 0.078333 0.009444 0.130426 0.232311 0.305459 0.319124 -0.015842 0.106362 0.286181 0.295210 -0.067558 -0.170939 0.087952 0.102898 0.179438 0.067183 -0.239701 0.014692 -0.016018 0.027934 -0.086628 0.061516 -0.083810 0.049075 -0.214636 -0.187569 -0.077133 -0.293576 0.090805 0.088981 -0.056742 0.007687 0.037369 -0.032748 -0.124848 0.292080 -0.029068 -0.132151 -0.121747 0.098238 -0.311637 -0.294019 0.386286 0.090153 0.232860 0.190595 -0.056325 0.024134 0.021214 0.274747 -0.072140 0.155633 -0.026706 0.089341 -0.232676 -0.101696 0.001356 -0.103997 -0.277273 -0.262861 -0.263987 -0.333046 0.132696 -0.120459 -0.009918 -0.089153 -0.086340 0.043739 -0.025711 -0.196685 -0.222650 -0.033387 -0.274310 -0.367986 -0.358682 -0.176402 0.045540 -0.283505 -0.236970 -0.197897
-0.018547 -0.028060 0.519608 0.179804 0.079936 -0.091045 0.348220 -0.401934 0.284238 -0.035806 0.383924 -0.007750 -0.119619 -0.273508 0.414624 -0.066938 0.054434 -0.273624 0.375090 -0.202628 0.225013 -0.013916 1.000000 0.482586 0.522470 0.554688 0.298605 0.560010 -0.134954 -0.430431 0.706650 0.381775 -0.028872 0.121059 0.119291 0.041494 -0.049615 0.090639 -0.002998 0.000900 -0.196512 -0.071442 -0.407055 -0.390157 -0.287202 -0.443337 -0.373029 -0.443362 -0.306479 -0.506127 0.384700 -0.370657 -0.189322 -0.082050 -0.134961 -0.276412 0.111951 0.059119 -0.197632 -0.616923 -0.042735 -0.561460 -0.233386 -0.434968 0.731088 -0.148965 -0.080931 -0.045794 0.163822 -0.153420 0.200863 0.004019 -0.240452 0.192140 0.281445 0.137825 0.240694 0.115507 -0.346686 -0.073084 -0.196962 -0.282549 0.227678 -0.142127 0.425936 -0.041248 0.248501 0.067093 0.528658 0.176868 -0.148462 0.289590 0.082163 0.555079 -0.034214 -0.072175 -0.020349 -0.029054 -0.195651 -0.048479 0.036950 0.201520 -0.133854 0.048458 0.008641 -0.023120 -0.072736 -0.015902 -0.011008 0.084333 -0.023664 -0.087409 -0.119633 0.007721 0.023811 -0.059125
-0.194770 -0.062329 -0.087437 0.679615 -0.080930 0.334292 -0.101787 0.087746 -0.194233 0.277075 0.012923 0.193520 -0.444078 -0.187060 0.105010 0.199861 -0.015399 -0.207258 0.290171 0.419166 0.005117 0.145754 0.482586 1.000000 0.135467 0.380405 0.104924 0.407694 -0.015819 -0.115642 0.296198 0.501988 -0.273796 0.342508 -0.038059 0.020643 -0.287232 -0.001087 -0.286803 -0.117256 -0.061120 -0.020606 -0.575831 -0.526426 -0.346306 -0.328269 -0.591095 -0.398536 -0.370399 -0.485788 -0.068031 -0.458525 -0.413983 -0.249589 -0.365447 -0.358132 0.031072 -0.159700 -0.391162 -0.326078 -0.320044 -0.147115 -0.174743 -0.419515 0.455224 0.194822 -0.430817 0.140064 0.303938 0.213767 0.087753 0.169040 -0.260215 -0.121142 0.054848 0.046459 0.053134 0.117878 -0.201524 -0.130558 0.093764 -0.211597 0.334571 0.336651 0.417972 0.121376 0.258023 0.197485 0.316656 -0.048884 0.265811 0.323910 0.450157 0.207554 -0.106904 -0.160579 -0.303411 -0.030496 -0.314517 -0.048237 0.103550 0.116572 0.014878 0.269556 0.336308 0.134428 0.051578 0.028002 -0.199921 -0.071179 -0.035161 0.035528 -0.064302 0.034097 0.034010 -0.043785
-0.210426 -0.141120 0.531678 0.059629 0.312792 0.050822 0.080224 -0.276386 0.315324 0.011690 -0.119517 -0.331087 -0.368726 -0.440633 0.010938 -0.281407 -0.087913 -0.285395 0.109890 -0.444743 0.309505 0.122219 0.522470 0.135467 1.000000 0.717429 0.510020 0.380590 -0.276464 -0.360542 0.686557 0.396139 -0.049555 -0.053820 0.114582 -0.072618 -0.079814 -0.096188 0.137790 -0.020116 -0.149726 -0.019891 -0.193601 -0.060005 -0.105279 -0.188776 -0.247190 -0.206743 0.053478 -0.238541 0.566762 -0.015044 -0.029862 -0.005350 0.046572 0.033257 -0.019275 0.199535 -0.152189 -0.251294 -0.124192 -0.458267 -0.200672 -0.339872 0.366623 -0.078286 0.116950 0.053969 0.049382 -0.107917 0.253793 0.170676 -0.189495 0.124828 0.018380 0.066740 -0.092284 -0.095804 -0.093355 -0.055149 -0.119667 -0.094066 -0.250284 -0.307050 -0.021847 -0.099112 -0.088692 0.072855 0.159703 0.087116 -0.178022 0.163225 -0.067395 0.307177 0.006633 0.007721 0.211598 0.040551 0.116945 0.066520 0.074003 0.051142 0.149056 0.074008 0.038013 0.002324 0.078290 0.056542 0.154904 0.070358 -0.012534 -0.097411 -0.118165 0.059649 0.025931 0.020655
-0.208509 -0.083710 0.395998 0.330809 0.082246 0.295305 -0.181922 -0.137887 0.298175 0.197776 -0.070371 -0.244748 -0.386312 -0.279365 0.029708 -0.032320 -0.024846 -0.247507 0.149833 -0.329010 0.433782 0.336320 0.554688 0.380405 0.717429 1.000000 0.459514 0.671233 -0.297492 -0.427120 0.700938 0.571428 -0.068837 0.228420 0.044047 -0.097921 0.000262 0.075731 0.137459 0.209208 -0.096921 0.162320 -0.410092 -0.219497 -0.214533 -0.169008 -0.371563 -0.367598 -0.204101 -0.430097 0.504079 -0.156322 -0.090880 -0.073843 -0.072741 -0.094152 0.031863 0.085946 -0.316393 -0.418318 -0.240475 -0.322431 -0.243457 -0.519903 0.382018 0.208446 -0.170369 0.042467 0.115495 0.011849 0.173453 0.299420 -0.252547 0.125684 0.044469 0.069621 -0.084353 -0.085687 -0.161063 -0.051891 -0.059938 -0.167447 -0.100713 -0.165246 0.099238 0.108256 -0.003785 0.218256 0.323838 0.181712 -0.132716 0.106487 0.114278 0.151039 -0.088679 -0.139152 0.002975 -0.067828 0.075524 -0.025941 0.089099 0.038076 0.074497 0.099631 0.066204 -0.051402 -0.026301 -0.053326 -0.057271 -0.067640 -0.147616 -0.160337 -0.194868 -0.151101 -0.029445 -0.078684
-0.188227 -0.174144 0.293905 0.181322 0.240570 0.144226 -0.058839 -0.115660 0.077009 0.026108 -0.202655 -0.204397 -0.276020 -0.202239 0.080160 -0.107530 -0.034263 -0.104039 -0.044520 -0.360203 0.159444 0.146262 0.298605 0.104924 0.510020 0.459514 1.000000 0.333684 -0.173990 -0.225914 0.239702 0.193892 -0.084267 -0.190134 0.043733 -0.160769 0.000912 -0.079095 0.056918 0.016109 -0.109629 -0.001503 -0.174873 0.019469 -0.088483 -0.070120 -0.120344 -0.112421 0.150238 -0.127776 0.462673 0.081633 0.052780 -0.062369 0.047360 0.088117 -0.000385 0.054669 -0.089714 -0.098494 -0.062686 -0.226763 -0.166822 -0.251228 0.130436 -0.018762 0.124666 0.043836 0.093408 -0.007680 0.197565 0.085031 -0.088898 -0.167554 -0.063099 -0.133038 -0.241730 -0.100054 -0.012515 -0.181561 -0.014364 -0.153599 -0.050962 -0.098424 -0.056915 0.117010 -0.060863 0.102254 0.066940 0.078760 -0.125555 -0.029700 0.090593 0.052010 0.008346 -0.035621 0.029775 -0.023093 0.101147 0.075212 -0.105238 0.038180 0.137932 0.079067 -0.039603 -0.045311 0.093536 0.126265 0.014946 0.024306 -0.030230 -0.130751 -0.168997 -0.047804 0.018249 0.057324
-0.062959 0.159346 0.335435 0.294823 -0.106280 0.137600 -0.234888 -0.249773 0.174478 0.086738 0.095439 -0.128275 -0.216191 -0.172201 0.216012 0.081496 -0.022666 -0.215563 0.257101 -0.139128 0.298550 0.291476 0.560010 0.407694 0.380590 0.671233 0.333684 1.000000 -0.213037 -0.485644 0.495609 0.301394 0.161970 0.239648 -0.074516 -0.143523 -0.103582 0.065189 0.080239 0.299393 0.023982 0.253877 -0.300558 -0.254041 -0.216040 -0.219461 -0.308844 -0.440868 -0.237123 -0.477448 0.500508 -0.212250 -0.097201 -0.107957 -0.132031 -0.235786 0.162365 0.152242 -0.159066 -0.353298 -0.166139 -0.313375 -0.172967 -0.474042 0.403789 0.147324 -0.098494 0.123227 0.148870 0.088787 0.018205 0.263910 -0.171668 -0.064465 0.010073 -0.033791 -0.139320 -0.165677 -0.211260 -0.106909 0.043439 -0.091952 0.199413 -0.019972 0.326112 0.322295 0.246439 0.414857 0.416453 0.177079 -0.133666 -0.024521 0.105700 0.185584 -0.277752 -0.316474 -0.240376 -0.263452 -0.035775 -0.221949 -0.125540 0.074567 -0.103191 -0.099115 -0.052690 -0.211905 -0.149075 -0.162567 -0.141237 -0.231847 -0.261193 -0.242392 -0.165571 -0.383658 -0.249598 -0.169294
-0.051338 0.172934 -0.273019 -0.134403 -0.224065 -0.283829 0.142856 -0.067662 -0.317222 -0.260947 0.176579 0.071391 0.107089 0.035489 0.150876 0.159443 0.546665 0.320336 0.192431 0.273223 -0.252235 0.259514 -0.134954 -0.015819 -0.276464 -0.297492 -0.173990 -0.213037 1.000000 0.578108 -0.149117 0.233002 0.080174 0.103035 -0.386715 -0.352856 0.119323 -0.102418 -0.169789 -0.057076 0.278811 0.213643 0.104983 0.041015 0.220296 0.064827 0.052184 -0.219393 -0.075620 0.131507 -0.194192 -0.182925 -0.341250 -0.117857 0.007619 -0.302252 -0.044057 0.171315 -0.056162 -0.039927 0.115412 -0.039084 0.407966 0.315891 0.001374 -0.292462 -0.071614 -0.347960 -0.004322 -0.085078 0.031259 0.077306 0.570366 -0.059517 -0.022311 0.119100 0.199157 -0.161624 0.537275 0.417584 0.372152 0.463181 0.291224 0.293834 0.116779 0.264592 -0.063082 -0.072766 -0.204045 -0.260898 -0.232176 -0.168393 -0.240358 -0.046212 -0.340313 -0.221533 -0.374689 -0.357108 -0.118915 -0.251960 -0.141201 -0.145871 -0.316182 -0.186793 -0.166707 -0.312364 -0.317207 -0.050754 -0.365391 -0.337027 -0.404839 -0.083681 0.198343 -0.101803 -0.320102 -0.276502
-0.121410 0.095392 -0.586877 -0.171901 -0.290283 -0.171085 -0.086597 0.185703 -0.444994 -0.190193 -0.071723 0.178431 -0.029437 0.098676 -0.110228 0.209496 0.364826 0.449380 -0.108947 0.467445 -0.445871 0.011066 -0.430431 -0.115642 -0.360542 -0.427120 -0.225914 -0.485644 0.578108 1.000000 -0.300151 0.104086 0.079160 0.164307 -0.118385 0.078542 0.035004 -0.033135 -0.262994 -0.150603 0.116264 0.067816 0.135578 0.081335 0.262119 0.169896 0.089012 0.022915 0.061233 0.340770 -0.445265 0.119638 -0.252825 0.062396 -0.112041 -0.028833 -0.189963 -0.034555 -0.094454 0.259282 -0.098892 0.231018 0.253966 0.393089 -0.272035 -0.170530 -0.096951 -0.145087 -0.105980 0.006751 -0.158749 -0.060290 0.580801 0.021710 -0.039157 -0.118415 0.060900 -0.065272 0.461765 0.361488 0.320616 0.458105 0.108446 0.479705 0.036196 0.116685 -0.041607 -0.089571 -0.348823 -0.307294 0.109802 -0.203432 -0.093078 -0.265321 -0.133350 -0.045727 -0.219806 -0.136654 -0.109593 -0.090283 -0.186503 -0.272128 -0.054269 -0.150053 -0.071220 -0.156120 -0.110937 -0.130829 -0.178591 -0.166450 -0.065937 0.023706 0.117357 0.030294 -0.184839 -0.148912
0.056033 0.138374 0.377165 0.113412 -0.117278 -0.113560 0.111774 -0.310221 0.120362 -0.115594 0.237109 -0.028069 -0.292855 -0.306429 0.047506 -0.132388 0.066103 -0.022671 0.271189 -0.226122 0.270323 -0.031790 0.706650 0.296198 0.686557 0.700938 0.239702 0.495609 -0.149117 -0.300151 1.000000 0.538157 0.127617 0.236266 0.176107 0.089699 0.038391 0.107572 0.003733 0.030927 -0.192391 -0.012798 -0.318649 -0.275921 -0.331759 -0.444459 -0.325846 -0.370849 -0.351861 -0.465184 0.371611 -0.267897 -0.200196 -0.068918 -0.152216 -0.183073 0.219779 0.280445 -0.404118 -0.612214 -0.141891 -0.478810 -0.090385 -0.293386 0.516263 -0.103788 -0.153736 -0.114063 -0.000483 -0.220682 0.250532 0.049944 0.013900 0.328663 0.321058 0.179933 0.300489 0.095333 -0.191559 -0.019530 -0.085335 -0.148353 -0.029606 -0.138374 0.302205 -0.030110 0.094673 0.085818 0.279857 0.064288 -0.253703 0.118015 0.063123 0.424637 -0.039964 -0.023461 0.112794 0.012911 -0.117371 -0.017654 0.100233 0.021411 -0.009800 -0.044270 -0.033083 -0.063812 -0.003258 -0.083636 0.114357 0.085418 0.019558 -0.030903 -0.126475 0.061799 0.069778 -0.042363
-0.340034 -0.008212 -0.043116 0.297338 -0.098494 0.085949 -0.110800 -0.062809 -0.131267 0.034593 0.001235 -0.040096 -0.322379 -0.210529 0.022951 0.134250 0.221594 0.048373 0.174783 0.103733 0.026444 0.353643 0.381775 0.501988 0.396139 0.571428 0.193892 0.301394 0.233002 0.104086 0.538157 1.000000 -0.140085 0.507375 -0.179625 -0.154349 -0.000377 -0.099889 -0.185888 -0.075249 0.092964 0.099379 -0.461702 -0.347980 -0.083820 -0.191244 -0.494622 -0.524291 -0.367424 -0.360544 0.014988 -0.406944 -0.509281 -0.238783 -0.318297 -0.350989 0.027539 0.123126 -0.461263 -0.388552 -0.156483 -0.203113 0.045510 -0.146563 0.404330 0.050385 -0.359108 -0.146074 0.191994 -0.019618 0.219016 0.328724 0.167120 0.150669 0.061692 0.093753 0.184911 -0.023790 0.183304 0.258635 0.262339 0.105650 0.106600 0.212940 0.224287 0.181495 -0.071600 0.096971 0.025640 -0.124131 -0.178725 0.072937 0.158360 0.151634 -0.146043 -0.166913 -0.233328 -0.110184 -0.175970 -0.018177 0.132401 -0.094806 -0.043279 0.174405 0.224037 -0.058563 -0.097335 0.041654 -0.192370 -0.117019 -0.204987 0.071307 0.081078 0.018267 -0.103761 -0.105941
0.191292 0.423472 -0.073187 -0.328282 -0.380569 -0.350490 -0.065539 -0.247974 -0.138000 -0.358591 0.064447 -0.086014 0.021945 -0.121560 -0.140542 -0.153748 0.124740 0.168867 0.186484 0.066823 -0.020771 -0.084576 -0.028872 -0.273796 -0.049555 -0.068837 -0.084267 0.161970 0.080174 0.079160 0.127617 -0.140085 1.000000 0.318125 -0.046549 0.074878 -0.027647 0.217576 0.157567 0.399951 0.159467 0.375641 0.364366 0.187892 0.181216 0.030490 0.280359 -0.112719 0.047081 0.122517 0.235044 0.114954 0.077614 0.182489 0.304575 -0.092249 0.230561 0.332759 -0.184522 -0.098000 -0.167075 -0.219470 0.227983 0.099335 -0.024287 -0.207138 0.112218 0.000029 0.050855 -0.074115 -0.206028 0.055449 0.377510 0.060955 0.144287 0.073345 0.030428 -0.275423 0.019827 0.086772 0.130929 0.312978 0.044000 0.103481 0.306142 0.436834 0.242828 0.307082 0.054802 0.087599 -0.222003 -0.427954 -0.227940 -0.144659 -0.443444 -0.374223 -0.198114 -0.454455 0.066059 -0.356705 -0.263968 -0.145713 -0.279268 -0.418701 -0.499375 -0.482378 -0.472797 -0.479695 -0.073141 -0.403088 -0.317625 -0.326876 0.062871 -0.321745 -0.383141 -0.403271
-0.009892 0.306146 -0.283629 0.189844 -0.413257 -0.008291 -0.187899 0.115826 -0.251832 0.014251 0.112542 0.204336 -0.083079 0.062594 -0.090559 0.202989 0.240155 0.024682 0.131602 0.378786 -0.100786 0.111115 0.121059 0.342508 -0.053820 0.228420 -0.190134 0.239648 0.103035 0.164307 0.236266 0.507375 0.318125 1.000000 -0.148681 0.127939 -0.111438 0.108673 -0.265922 0.159939 0.158609 0.275962 -0.335770 -0.329725 -0.070410 -0.162023 -0.326756 -0.400686 -0.354602 -0.261607 -0.125305 -0.244046 -0.213776 -0.049411 -0.270361 -0.334717 0.114760 -0.017467 -0.384028 -0.297235 -0.251641 0.043108 0.034853 -0.129584 0.200969 0.222265 -0.504655 -0.034486 0.208229 0.135410 0.008975 0.123849 0.182849 0.080065 0.067149 0.009245 0.171808 -0.024142 0.027868 0.111889 0.313125 0.149561 0.235241 0.371918 0.364302 0.279256 0.254949 0.284693 0.102456 -0.044499 -0.078977 -0.131442 0.113667 -0.091361 -0.247236 -0.237538 -0.323997 -0.200634 -0.237811 -0.202740 0.014966 -0.118727 -0.134098 -0.028197 0.059614 -0.154155 -0.202100 -0.133639 -0.235138 -0.307753 -0.224293 -0.054371 0.078752 -0.135523 -0.139949 -0.232626
0.071763 -0.008390 0.061432 0.070183 -0.029996 -0.012108 0.113214 0.083409 0.082217 0.074519 -0.011931 0.120648 -0.194670 -0.094304 -0.181099 -0.240075 -0.408159 0.047058 -0.213705 -0.114298 0.023654 -0.295301 0.119291 -0.038059 0.114582 0.044047 0.043733 -0.074516 -0.386715 -0.118385 0.176107 -0.179625 -0.046549 -0.148681 1.000000 0.687547 -0.038972 -0.008891 -0.145915 -0.145302 -0.442348 -0.443500 -0.092191 -0.026014 -0.174335 -0.126179 0.087192 0.225412 -0.262477 -0.179380 0.003082 0.032582 -0.084724 0.203747 -0.242736 0.129526 0.004732 -0.089690 0.048372 -0.208946 -0.099004 0.086973 -0.421348 -0.152776 0.225500 0.212196 0.055143 0.257877 -0.313645 -0.184816 -0.029064 -0.160109 -0.227035 0.072725 0.118158 -0.053871 0.114392 0.382154 -0.364557 -0.284107 -0.482450 -0.405230 -0.354674 -0.313006 0.102464 -0.280612 -0.155699 -0.381961 0.092937 -0.063364 0.097539 0.100425 0.236759 0.135158 0.374577 0.389761 0.322104 0.415125 -0.203748 0.104227 -0.021263 -0.082812 0.122509 -0.084951 -0.081452 0.231256 0.234328 -0.003910 0.427027 0.541362 0.560822 0.209191 -0.130143 0.316238 0.421439 0.264415
0.030597 0.002014 -0.207684 -0.011033 -0.157180 -0.059636 -0.022028 0.147527 -0.088458 0.102705 0.089258 0.243417 -0.075378 -0.026370 -0.239353 -0.138137 -0.270796 0.079178 -0.223130 0.123342 -0.098322 -0.370484 0.041494 0.020643 -0.072618 -0.097921 -0.160769 -0.143523 -0.352856 0.078542 0.089699 -0.154349 0.074878 0.127939 0.687547 1.000000 -0.051306 -0.010933 -0.256549 -0.096161 -0.299190 -0.339172 -0.061226 -0.076026 -0.036556 -0.081848 -0.011190 0.233961 -0.156615 -0.055320 -0.119966 0.112295 -0.051448 0.256101 -0.263890 0.152122 -0.063775 -0.244668 -0.084181 -0.079869 -0.247461 0.126806 -0.315579 -0.135058 0.148851 0.173457 -0.027809 0.355298 -0.238169 -0.099345 -0.160245 -0.356420 -0.059424 0.165463 0.156943 -0.064188 0.053937 0.313329 -0.315554 -0.242202 -0.344316 -0.376487 -0.170049 -0.071784 0.314274 -0.289378 0.180341 -0.158842 0.143882 -0.014837 0.203451 0.091517 0.342005 0.142962 0.237908 0.287759 0.218140 0.285547 -0.198168 0.116129 0.018329 -0.148186 0.215336 -0.080134 -0.066251 0.162739 0.168078 -0.160804 0.168684 0.364488 0.575204 0.242032 -0.021783 0.326943 0.344629 0.152938
