1.000000 0.262145 -0.169958 -0.007782 0.186558 0.031294 -0.108446 0.129873 0.123065 0.243578 0.225240 0.183855 0.290402 0.091821 0.063126 0.162828 0.083686 -0.203677 0.080508 -0.036450 0.313307 -0.043577 -0.293994 -0.313341 -0.108824 -0.292647 0.125662 0.004316 -0.061296 -0.151163 -0.391927 -0.477056 -0.013851 -0.001917 -0.086058 -0.181422 -0.208047 -0.368524 -0.246727 -0.208988 0.051841 -0.234742 0.048332 0.121561 0.093672 0.088425 -0.018031 -0.025863 0.306747 0.101038 0.015028 0.241488 0.112460 -0.005000 0.099700 -0.313384 0.053284 -0.153492 0.233435 0.119110 0.271603 0.203129 -0.120388 -0.181670 0.015968 0.234810 0.119215 -0.129707 0.071215 0.014598 0.034285 -0.083155 -0.109488 -0.050163 -0.065967 -0.089583 0.131112 -0.166672 -0.129670 -0.090564 -0.065056 -0.276188 -0.022924 -0.033201 -0.014127 -0.187702 0.174308 0.147605 -0.186846 -0.139866 0.284758 0.186094 0.276288 0.125450 -0.107642 -0.055116 -0.169279 -0.099439 0.064915 -0.023828 0.361378 0.025729 0.243389 -0.075744 -0.089436 -0.207460 -0.058739 0.058310 -0.010928 -0.119326 -0.291197 -0.075964 0.148129 0.053596 0.027890 -0.092329
0.262145 1.000000 -0.262890 -0.277294 -0.189266 -0.398316 -0.257051 -0.052084 -0.185467 -0.161323 0.296359 0.299363 0.265886 0.611539 -0.061993 0.193773 0.424432 0.193643 -0.135094 0.154434 -0.338782 -0.361200 -0.322730 -0.328967 -0.491543 -0.359785 -0.360501 -0.199868 0.299727 0.357425 0.052318 -0.174394 0.206723 0.350045 0.174005 -0.157985 0.126604 0.131316 -0.063597 0.031050 0.134879 0.042272 -0.392450 -0.403819 -0.502469 -0.435373 -0.280749 -0.436650 0.001340 -0.266100 -0.331563 -0.099737 0.133799 -0.377299 0.176026 -0.119114 0.393466 0.222775 0.225891 0.283164 0.337788 0.671070 0.233557 0.478798 -0.314459 0.245394 -0.201592 -0.500710 0.185258 0.287286 -0.031049 0.038811 0.356566 0.168904 0.183025 0.251845 0.326454 0.213364 0.152120 -0.008378 0.262310 0.251433 -0.024958 0.017640 0.078186 -0.039278 -0.054386 -0.150696 0.031241 0.301847 -0.012608 -0.137429 -0.080927 -0.159382 -0.035684 0.379835 -0.110937 0.110148 -0.129914 -0.143394 -0.028237 0.056639 -0.005645 -0.009060 -0.185299 -0.177527 0.142631 0.167112 0.009884 0.063211 -0.275863 -0.199115 -0.040171 -0.022006 -0.159999 0.153122
-0.169958 -0.262890 1.000000 0.026429 0.190038 0.038300 0.446115 -0.249708 0.050816 -0.275256 -0.041420 -0.410106 0.021889 -0.264576 0.138274 -0.280796 -0.160672 -0.022983 0.178054 0.034706 -0.114450 0.066667 0.474379 0.195401 0.185108 0.258617 0.042774 0.072013 0.056587 -0.199660 0.377357 0.167869 0.308669 -0.100497 0.258013 -0.042849 0.085483 0.180015 -0.010468 -0.191716 0.040069 -0.010254 0.065558 0.019891 -0.002096 -0.137723 -0.045150 0.078167 -0.117731 -0.198649 0.075542 -0.138375 -0.059145 0.096794 -0.160345 -0.048100 -0.282349 0.118674 -0.086119 -0.346780 -0.013975 -0.455260 -0.263729 -0.090722 0.092789 -0.413569 0.087595 0.050922 -0.002965 0.067062 0.035573 0.064284 0.059989 -0.162363 0.172066 0.056967 0.006688 -0.004685 0.010752 -0.088776 -0.122096 0.003806 -0.006436 -0.188424 0.012734 -0.011425 -0.069986 -0.337973 0.019139 -0.064004 -0.150175 0.156058 -0.240767 0.344546 -0.020733 -0.092617 0.095223 0.032851 0.219216 0.218848 -0.144590 0.144666 0.010403 0.209269 0.029915 -0.002463 -0.017394 -0.271024 -0.142212 0.123689 0.228927 0.307221 0.184342 0.347530 0.075476 0.027393
-0.007782 -0.277294 0.026429 1.000000 -0.027600 0.353891 -0.026241 0.252305 0.169566 0.053081 -0.224522 -0.028683 -0.352611 -0.385094 0.285265 0.145424 -0.305685 -0.048380 0.130604 0.126435 0.122731 0.200759 0.526104 0.667246 0.436620 0.321109 0.189134 0.410772 -0.136623 -0.255726 0.014995 0.326458 -0.276824 -0.049202 0.009478 0.116469 -0.009672 -0.200011 -0.027023 -0.187613 0.026328 -0.067831 0.081806 0.123880 0.109918 0.147189 0.135013 0.139161 -0.103001 0.138768 0.020445 0.090234 0.023801 0.149174 0.053921 0.003447 -0.360486 -0.202795 -0.257190 -0.263599 -0.467935 -0.418591 0.002400 -0.249621 0.483242 -0.142502 -0.271991 0.156589 -0.078825 -0.270865 -0.159272 -0.115756 -0.219693 -0.078098 -0.096366 -0.054345 -0.099334 0.003528 -0.043289 -0.131549 -0.188702 -0.134156 0.470667 0.388854 0.273482 -0.020505 0.357730 0.173488 0.137630 -0.298878 -0.105282 -0.008140 0.096977 -0.077218 -0.050076 -0.081317 -0.071528 -0.202858 0.014672 0.028598 -0.240690 -0.266030 -0.048663 -0.127129 0.019193 -0.085658 0.072321 -0.039306 0.048803 -0.095311 0.045447 -0.018383 -0.115621 0.033153 0.225520 0.011044
0.186558 -0.189266 0.190038 -0.027600 1.000000 0.232070 0.137555 0.134637 0.394860 0.432614 -0.116105 -0.243845 0.054051 -0.058836 0.343596 0.307069 -0.025832 -0.275835 0.001677 0.016224 0.327212 -0.048630 0.088589 -0.122420 0.130488 -0.172081 0.420301 0.127231 -0.009939 -0.161080 -0.311398 -0.354192 -0.119063 -0.081834 -0.318200 0.080888 0.009134 -0.369848 -0.251454 -0.195495 0.014420 -0.106501 0.056453 0.117342 0.108228 0.052956 -0.082511 0.000919 0.134654 0.014156 0.157292 0.121982 -0.025989 0.143850 -0.128526 -0.198597 -0.168277 -0.187911 0.211275 -0.011259 0.219452 0.007176 -0.123805 -0.015194 0.090194 0.156108 0.063811 -0.032040 -0.062437 0.063306 -0.081846 -0.299889 -0.166239 -0.204360 -0.057395 -0.188616 -0.075326 -0.266385 0.142715 -0.151134 0.109325 -0.182507 -0.094039 -0.114875 -0.217518 -0.306659 -0.190282 -0.206294 0.032727 -0.042085 0.234169 0.240678 0.048129 0.288648 -0.118093 -0.116935 -0.212262 -0.187129 -0.051513 -0.102266 0.152416 -0.001995 0.065030 -0.145118 -0.001589 -0.125248 -0.059185 -0.000659 0.147689 -0.010834 -0.104604 -0.033941 0.040879 -0.014888 -0.065267 -0.227156
0.031294 -0.398316 0.038300 0.353891 0.232070 1.000000 -0.140897 -0.008420 0.126650 0.238970 -0.468060 -0.210814 -0.276370 -0.503023 0.233628 0.107636 -0.333600 -0.128501 -0.133029 -0.278888 0.601261 0.594556 0.188783 0.357596 0.567435 0.503320 0.727883 0.729223 -0.335833 -0.503414 -0.190586 0.084049 -0.152350 -0.293002 -0.237817 -0.207591 0.091585 -0.192721 0.104218 0.194454 -0.076435 0.143818 0.175722 0.299474 0.189939 0.327887 0.075914 0.135788 -0.055522 0.074491 0.241514 -0.040248 -0.059995 0.239156 0.005802 -0.109560 -0.184282 -0.092627 -0.096324 -0.085014 -0.218147 -0.374186 -0.320367 -0.251128 0.319434 -0.058183 0.125754 0.246797 -0.086288 -0.060291 -0.064551 -0.010881 -0.456499 -0.011464 -0.216562 -0.113043 -0.237933 -0.106886 -0.053995 0.029806 -0.008273 -0.111556 0.027453 0.045911 -0.072065 -0.031708 0.064767 0.391248 -0.031301 -0.216638 -0.024369 -0.016961 0.088530 -0.028195 -0.026189 -0.257634 0.040225 -0.194057 0.226607 0.301349 -0.026397 -0.023060 0.015388 0.079465 0.186905 0.024161 -0.062298 0.020605 0.102578 -0.014581 0.005214 0.110652 -0.000645 0.098679 0.259676 -0.021447
-0.108446 -0.257051 0.446115 -0.026241 0.137555 -0.140897 1.000000 0.212657 0.314682 0.067251 0.244472 0.026766 0.162849 -0.063056 0.070646 -0.083128 -0.315181 -0.143975 0.342689 0.065512 -0.067437 -0.053324 0.065752 -0.035565 -0.052476 -0.119254 -0.185395 -0.329291 0.145510 0.064871 0.182707 0.038396 -0.001610 -0.116558 0.109539 0.017133 -0.106947 -0.151272 -0.257747 -0.376242 -0.148901 -0.118886 0.163751 0.072776 0.140585 -0.009272 0.134943 0.068396 0.005673 -0.039530 0.070565 -0.044690 -0.146725 0.154618 -0.205830 -0.137297 -0.602922 -0.325177 -0.018051 -0.283130 0.144630 -0.171085 0.028440 -0.084525 0.075540 -0.086962 -0.034132 0.010814 -0.271879 -0.273971 -0.060514 -0.184324 0.139005 -0.184413 -0.124884 -0.088674 -0.030522 -0.119713 -0.055113 -0.228123 -0.184013 -0.067156 0.105649 0.054047 -0.001396 -0.093421 -0.176460 -0.259610 -0.178773 -0.281856 0.006644 0.116916 0.021479 0.246465 0.102217 -0.141152 -0.108979 -0.051167 -0.126338 -0.212627 0.022975 0.090650 0.078102 -0.079004 -0.083911 0.050637 -0.014605 -0.249610 -0.005524 0.011386 0.117532 0.126827 0.047062 0.296695 0.097942 -0.128569
0.129873 -0.052084 -0.249708 0.252305 0.134637 -0.008420 0.212657 1.000000 0.322714 0.679181 0.022986 0.387751 0.027122 0.229946 -0.087375 0.283349 -0.240750 -0.419557 0.014502 -0.224735 0.167134 -0.003855 -0.268358 -0.133192 -0.088020 -0.013363 -0.170258 -0.240735 -0.227945 0.041500 -0.171796 0.048726 -0.310870 0.060176 -0.102641 0.165740 -0.239726 -0.291829 -0.407730 -0.288495 -0.111586 -0.211291 -0.114849 0.003845 0.044731 0.207311 -0.096131 -0.112709 -0.064939 0.024494 0.059562 0.024368 -0.295582 -0.221449 -0.259256 -0.303513 -0.305823 -0.433760 -0.066238 0.038647 0.053682 0.225020 -0.015279 -0.105295 0.246854 0.699491 -0.004172 0.260525 -0.226061 -0.340721 -0.060307 -0.232523 -0.225560 -0.010908 -0.302440 -0.106832 0.028750 -0.106568 0.030788 -0.297330 -0.181353 -0.336812 -0.024103 0.046103 -0.072891 0.081850 -0.088025 0.054453 -0.076082 -0.059688 0.134599 0.041608 0.616309 -0.078084 0.120682 0.144423 -0.230066 -0.060793 -0.426213 -0.295361 0.316023 -0.140189 0.020102 -0.250953 0.060619 -0.125566 -0.055968 -0.118920 0.330986 0.031320 -0.082934 -0.104166 -0.012777 -0.122886 -0.018118 -0.161123
0.123065 -0.185467 0.050816 0.169566 0.394860 0.126650 0.314682 0.322714 1.000000 0.476993 0.016163 0.000020 0.052765 -0.188043 0.251688 0.219837 -0.067233 -0.269059 0.170913 0.084293 0.255542 0.155408 0.056427 0.199600 0.175785 -0.111159 0.162467 -0.068832 0.051461 -0.041025 -0.093114 0.107602 -0.165851 -0.170044 -0.005117 0.024770 -0.101149 -0.409919 -0.294856 -0.393298 -0.042846 -0.139878 0.006383 -0.018585 0.064593 -0.060573 0.004173 -0.022953 0.187651 0.137112 -0.166034 0.135040 0.094837 0.171423 -0.090001 -0.259533 -0.239406 -0.262242 0.207633 0.094119 0.238532 0.051639 0.156819 0.025581 0.352795 0.062746 0.014931 -0.058837 -0.220836 -0.186764 -0.083567 -0.104618 -0.127176 -0.209934 -0.284609 -0.115940 -0.084714 -0.244662 0.069296 -0.353400 0.002147 -0.179121 0.072741 0.248911 -0.232857 -0.334498 -0.077532 -0.095705 -0.139903 -0.236064 0.127710 0.105662 0.183807 -0.009346 0.256896 -0.043871 -0.321753 -0.136791 -0.205049 -0.238958 0.071477 -0.034156 0.304413 -0.246954 -0.130822 -0.086027 -0.141928 -0.255436 0.116912 -0.041504 -0.214004 -0.049482 0.122115 0.032165 -0.057544 -0.138771
0.243578 -0.161323 -0.275256 0.053081 0.432614 0.238970 0.067251 0.679181 0.476993 1.000000 -0.209459 0.132486 -0.021084 0.062709 -0.025956 0.345622 -0.140490 -0.353725 -0.136740 -0.268036 0.405499 0.156741 -0.290343 -0.173099 0.134191 0.013437 0.239506 0.008913 -0.212895 -0.096121 -0.431832 -0.164613 -0.300564 0.079431 -0.237379 0.058062 -0.157239 -0.282413 -0.337931 -0.186194 -0.128979 -0.044575 -0.033356 0.089879 0.074243 0.216710 -0.102935 -0.085611 0.038855 0.095803 0.060648 0.050937 -0.216036 -0.156741 -0.125369 -0.275460 -0.126557 -0.317991 0.142079 0.222261 0.065985 0.200174 -0.062651 -0.090604 0.223422 0.530438 0.158918 0.170456 -0.174988 -0.234342 -0.000051 -0.281891 -0.342451 -0.041914 -0.297680 -0.095436 -0.064905 -0.239828 0.041432 -0.200437 0.102005 -0.244687 -0.135748 0.012428 -0.274622 -0.046688 -0.126326 0.201038 -0.069320 0.005493 0.233616 0.024029 0.523243 -0.003844 0.152245 0.010702 -0.205747 -0.150371 -0.211134 -0.252960 0.447898 -0.115584 0.295091 -0.213578 0.108369 -0.046362 -0.077150 0.028608 0.363515 0.018314 -0.222563 -0.192228 -0.026951 -0.129506 -0.001433 -0.252235
0.225240 0.296359 -0.041420 -0.224522 -0.116105 -0.468060 0.244472 0.022986 0.016163 -0.209459 1.000000 0.549921 0.519695 0.420148 0.266035 0.121570 0.040846 -0.087518 0.422068 0.258595 -0.370315 -0.450458 -0.191999 -0.290856 -0.600373 -0.603905 -0.325609 -0.457625 0.460311 0.368781 0.188003 -0.084195 0.109254 0.064364 0.032862 -0.064593 0.020413 -0.044247 -0.188278 -0.315640 0.128488 -0.184616 -0.050518 -0.108278 -0.189761 -0.261850 -0.001752 -0.146502 0.021079 -0.167348 -0.321577 -0.074290 -0.167233 -0.153970 0.040430 -0.102570 -0.287855 -0.188829 -0.090199 -0.166717 0.356383 0.224989 0.209002 0.007541 -0.101730 0.119480 -0.356077 -0.385735 -0.105046 -0.072505 0.023282 -0.177015 0.365217 0.061453 0.238862 0.138677 0.410492 0.144166 0.036084 -0.099566 -0.163099 -0.042352 0.269871 0.199716 0.192380 -0.100605 -0.018816 -0.222360 -0.101522 0.013480 0.078667 0.098785 0.030076 0.157223 0.120619 0.240500 -0.067969 0.302669 -0.192987 -0.187167 0.014764 -0.035272 -0.074052 -0.069659 -0.160737 0.003458 -0.035267 -0.145543 -0.119414 0.114549 0.008541 0.087853 0.015354 0.019809 -0.112455 0.050732
0.183855 0.299363 -0.410106 -0.028683 -0.243845 -0.210814 0.026766 0.387751 0.000020 0.132486 0.549921 1.000000 0.323024 0.465589 0.077429 0.217699 0.000999 0.046253 0.127929 -0.082681 -0.161748 -0.197313 -0.312595 -0.151160 -0.308068 -0.262582 -0.262220 -0.300519 0.113990 0.429758 0.004890 0.107826 -0.038694 0.110603 0.065233 -0.017334 -0.013883 -0.155209 -0.239765 -0.066724 -0.028879 -0.127252 -0.109788 -0.105172 -0.155058 -0.062799 -0.027952 -0.207601 -0.074514 -0.114081 -0.194356 -0.107228 -0.192048 -0.332688 -0.042712 -0.161580 -0.194121 -0.210924 -0.138523 -0.110501 0.132712 0.276351 0.118104 0.065471 0.056487 0.398676 -0.224654 -0.117941 -0.176293 -0.272741 0.025190 -0.034947 0.186307 0.246366 0.143055 0.261588 0.404860 0.239751 -0.009262 -0.027206 -0.085954 -0.013586 0.155148 0.224837 0.316453 0.206193 0.016268 0.066384 -0.128651 -0.032910 -0.084797 -0.269455 0.248866 -0.282788 0.058895 0.258736 -0.113409 0.155191 -0.302260 -0.251925 0.029048 -0.324211 -0.051645 -0.336964 -0.035519 -0.140155 -0.027181 -0.083773 0.076678 0.014543 -0.145495 -0.141435 -0.052167 0.080383 0.078442 -0.109884
0.290402 0.265886 0.021889 -0.352611 0.054051 -0.276370 0.162849 0.027122 0.052765 -0.021084 0.519695 0.323024 1.000000 0.578741 0.052345 0.242352 0.192680 -0.067647 0.085726 -0.026619 0.007166 -0.164080 -0.554345 -0.565899 -0.513403 -0.568061 -0.151860 -0.385999 0.230303 0.304520 -0.104818 -0.417995 0.260275 0.069163 0.142352 0.072366 -0.066535 -0.068144 0.063539 -0.077229 0.176322 -0.032809 -0.044632 -0.059956 0.001757 -0.030648 -0.128303 -0.224751 0.366523 -0.032447 -0.251921 -0.050298 -0.011752 -0.168505 0.101872 -0.191607 -0.143713 -0.313964 0.204098 0.121366 0.581641 0.366530 0.189941 0.139688 -0.365245 0.188234 0.060788 -0.363865 -0.243337 -0.122246 0.012029 -0.082093 0.380655 -0.066660 0.035594 0.072475 0.223131 -0.168587 -0.275813 -0.359632 -0.077917 -0.212587 -0.187798 0.009576 -0.269233 -0.414080 -0.176807 -0.210293 -0.383918 0.123627 0.339361 0.190312 0.315493 0.215034 0.112534 0.223799 -0.103804 0.213348 -0.017246 0.032194 0.498312 0.187930 0.327639 -0.103505 -0.043119 -0.066389 -0.064449 -0.066928 0.116363 0.173107 -0.294170 0.139745 0.218693 -0.018758 -0.004890 0.009993
0.091821 0.611539 -0.264576 -0.385094 -0.058836 -0.503023 -0.063056 0.229946 -0.188043 0.062709 0.420148 0.465589 0.578741 1.000000 -0.067837 0.394710 0.419923 0.066572 -0.109491 -0.017173 -0.322357 -0.448369 -0.551213 -0.592726 -0.632341 -0.464829 -0.391330 -0.397277 0.259582 0.515025 0.006171 -0.264029 0.158557 0.415660 0.109300 0.208602 0.072744 0.093256 -0.023847 0.008340 0.229757 -0.028526 -0.379168 -0.372995 -0.395766 -0.266334 -0.327612 -0.441383 0.005383 -0.277883 -0.314545 -0.204622 -0.128688 -0.494489 0.058868 -0.111594 0.153994 -0.017981 0.083034 0.205667 0.351908 0.643880 0.187971 0.385821 -0.383657 0.512962 -0.155763 -0.367257 0.012556 0.075508 0.035003 -0.070315 0.387191 0.174074 0.220973 0.201388 0.385468 0.127401 0.139955 -0.045831 0.175215 0.135749 -0.167574 -0.042119 -0.133729 -0.097565 -0.219701 -0.292607 -0.082105 0.427099 0.147365 -0.052273 0.295699 -0.022930 0.073190 0.417239 -0.098615 0.269332 -0.256410 -0.197554 0.319331 0.053458 -0.021443 -0.077777 -0.067721 -0.119193 0.058640 0.135450 0.236068 0.224394 -0.211000 -0.073091 0.000616 -0.130559 -0.131980 0.035388
0.063126 -0.061993 0.138274 0.285265 0.343596 0.233628 0.070646 -0.087375 0.251688 -0.025956 0.266035 0.077429 0.052345 -0.067837 1.000000 0.409874 -0.194270 0.082658 0.117112 0.230683 0.038879 0.041416 0.379362 0.250452 0.027777 -0.055979 0.353294 0.315661 0.177152 -0.046557 0.039241 0.067556 -0.159202 -0.057813 -0.088475 -0.061970 0.210831 -0.128034 -0.014666 -0.249577 0.289785 0.069766 -0.040861 -0.013002 -0.172763 -0.228847 -0.023363 -0.043078 -0.067545 -0.142778 -0.193156 -0.052906 0.009715 0.055027 0.009783 -0.083903 -0.316445 -0.030755 -0.048315 -0.218923 -0.078028 -0.159206 -0.034413 -0.074880 0.227349 -0.176844 -0.440221 -0.210418 -0.030836 0.102465 -0.217734 -0.152476 0.043552 -0.093613 0.150464 -0.021582 0.035287 0.045618 0.055603 -0.059162 0.035279 0.080367 0.473982 0.381596 0.204468 -0.246202 0.204491 -0.147353 0.142651 -0.057495 -0.058504 0.069363 -0.034571 0.161173 -0.141990 -0.035936 -0.031394 -0.034042 -0.019565 -0.053747 -0.236217 -0.146011 -0.166285 -0.004286 -0.085238 -0.076185 0.126569 0.058999 0.081060 -0.059343 0.119972 0.038682 0.028177 0.117696 0.073619 0.069655
0.162828 0.193773 -0.280796 0.145424 0.307069 0.107636 -0.083128 0.283349 0.219837 0.345622 0.121570 0.217699 0.242352 0.394710 0.409874 1.000000 -0.037795 -0.079603 -0.008498 0.156532 0.080924 -0.033940 -0.180418 -0.140296 -0.272564 -0.253586 0.200004 0.165851 0.248610 0.237702 -0.072964 -0.049672 -0.197257 0.183421 -0.264974 0.104761 0.032554 -0.056593 -0.117108 -0.115698 0.314460 0.097542 -0.318194 -0.242010 -0.325515 -0.257460 -0.292110 -0.402933 0.084156 -0.085254 -0.354269 -0.076971 -0.110679 -0.321039 0.072892 -0.118612 -0.111152 -0.204097 0.029977 0.065700 0.158549 0.271252 0.056318 0.054145 0.131752 0.411644 -0.316152 -0.394131 0.018658 0.085550 -0.056293 -0.103153 0.048657 0.047765 0.052116 0.093025 0.169034 -0.034232 0.113683 -0.096166 0.090216 0.050189 0.258560 0.384404 -0.141287 -0.280633 -0.063978 -0.197120 0.119296 0.194168 0.120448 -0.014673 0.322516 0.030896 0.038978 0.211920 -0.146466 0.030256 -0.246284 -0.269367 0.220416 -0.056608 0.010620 -0.178367 -0.138857 -0.067208 0.056199 0.180174 0.331492 0.132519 -0.296890 -0.158493 -0.179471 -0.071024 0.045050 -0.015981
0.083686 0.424432 -0.160672 -0.305685 -0.025832 -0.333600 -0.315181 -0.240750 -0.067233 -0.140490 0.040846 0.000999 0.192680 0.419923 -0.194270 -0.037795 1.000000 0.275837 -0.132621 0.155782 -0.191333 -0.140380 -0.268227 -0.246003 -0.205847 -0.275885 -0.266357 -0.238509 0.159749 0.238237 -0.122787 -0.231820 0.157297 0.250952 0.063596 0.080697 0.184032 0.012716 0.006673 0.077773 0.185334 0.048080 -0.204585 -0.308246 -0.258108 -0.273355 -0.188320 -0.242037 0.097053 -0.109246 -0.208666 -0.133033 0.241471 -0.114082 0.156589 0.004835 0.563814 0.313365 0.369509 0.358296 0.334774 0.382147 0.299906 0.406277 -0.246408 -0.002770 0.088079 -0.277463 0.170922 0.163611 -0.083776 0.061059 0.241366 0.022439 0.082210 0.034277 0.105895 -0.195664 0.339702 0.178902 0.427032 0.224533 -0.164515 -0.063468 -0.103196 -0.182417 -0.122772 -0.054463 0.094542 0.257151 0.086481 -0.046528 -0.163901 -0.190697 0.100945 0.107770 -0.097862 0.208600 0.033624 -0.005807 0.024218 0.036302 0.116521 -0.111242 -0.192564 -0.119251 0.099578 0.214095 0.100471 0.099193 -0.259834 -0.072750 0.060135 -0.060481 -0.088498 0.224307
-0.203677 0.193643 -0.022983 -0.048380 -0.275835 -0.128501 -0.143975 -0.419557 -0.269059 -0.353725 -0.087518 0.046253 -0.067647 0.066572 0.082658 -0.079603 0.275837 1.000000 -0.243122 0.112934 -0.320333 0.042144 0.103811 0.116249 -0.033724 -0.001922 -0.126042 0.049786 0.177951 0.307588 0.084383 0.072147 0.261036 0.209225 0.308289 0.062819 0.274481 0.261948 0.217826 0.208318 0.267009 0.125585 -0.219125 -0.350409 -0.307173 -0.360074 -0.134938 -0.225410 -0.101704 -0.264724 -0.129294 -0.246844 0.107939 -0.215174 0.277626 0.078469 0.270042 0.408555 0.098180 0.109707 -0.072059 0.077669 0.165904 0.447455 -0.153662 -0.325391 0.008281 -0.187342 0.049013 0.105695 0.002101 0.271447 0.256268 0.205204 0.232179 0.187333 -0.057183 0.204399 -0.031862 0.325053 0.218754 0.497616 0.098739 0.189113 0.151071 0.117186 0.067575 -0.092442 0.162258 0.104730 -0.256010 -0.222621 -0.269734 -0.122349 -0.165547 -0.092292 0.075105 0.075877 0.084559 -0.046887 -0.317199 -0.114774 0.052569 0.048721 -0.034877 -0.025937 0.255345 0.302123 -0.140397 -0.109098 -0.030758 -0.136030 -0.064224 0.020413 0.075391 0.201299
0.080508 -0.135094 0.178054 0.130604 0.001677 -0.133029 0.342689 0.014502 0.170913 -0.136740 0.422068 0.127929 0.085726 -0.109491 0.117112 -0.008498 -0.132621 -0.243122 1.000000 0.470793 -0.105735 -0.317342 0.138015 0.055508 -0.090592 -0.267864 -0.145767 -0.276250 0.468433 0.115618 0.248260 0.113891 0.078477 -0.037743 -0.008564 -0.111002 0.018995 -0.099927 -0.238458 -0.459990 0.157072 -0.154597 0.214414 0.194106 0.009596 -0.072612 0.281484 0.211051 -0.126696 0.147013 -0.392068 0.021434 -0.175356 0.110613 -0.160040 0.111038 -0.409029 -0.257762 -0.264280 -0.431615 -0.014088 -0.332480 0.107611 -0.213035 0.060707 -0.158802 -0.400849 -0.189183 0.036612 -0.210659 0.030756 -0.219239 0.189140 0.049470 0.148364 0.103867 0.216203 -0.005631 0.070616 -0.137052 -0.091596 -0.062971 0.393916 0.296904 -0.022393 -0.170025 -0.135271 -0.262423 -0.219517 -0.390503 0.075982 0.198221 -0.053908 0.012034 0.160096 0.174210 -0.112030 0.101928 -0.014187 0.007483 -0.102306 -0.022707 0.033583 -0.234373 -0.199417 0.040536 -0.040491 -0.134682 0.073483 0.074623 0.128654 0.247405 0.031737 0.173037 0.138191 0.010707
-0.036450 0.154434 0.034706 0.126435 0.016224 -0.278888 0.065512 -0.224735 0.084293 -0.268036 0.258595 -0.082681 -0.026619 -0.017173 0.230683 0.156532 0.155782 0.112934 0.470793 1.000000 -0.259938 -0.216278 0.193022 0.126963 -0.179592 -0.361994 -0.130237 -0.211647 0.511249 0.211248 0.203395 0.076935 -0.041550 0.135643 -0.064938 -0.045123 -0.014519 -0.020683 -0.047821 -0.422485 0.177563 -0.003160 -0.055038 -0.167295 -0.145103 -0.345090 0.008847 -0.101396 0.054183 -0.020260 -0.495695 -0.007834 0.040405 -0.056815 -0.071511 -0.034917 -0.049648 0.056577 0.058582 -0.055870 0.084969 -0.034082 0.220603 0.077138 -0.110409 -0.289164 -0.368311 -0.390291 0.265792 0.083044 -0.051136 0.023965 0.296880 -0.029849 0.117232 0.032316 -0.026304 0.007132 0.075062 -0.094295 0.058396 0.138257 0.386860 0.423005 -0.018857 -0.270866 -0.123382 -0.395417 0.027385 -0.159610 0.105131 0.202611 -0.262319 0.076179 -0.003489 0.106488 -0.203144 -0.007229 -0.146219 -0.273895 -0.238188 0.100998 -0.081226 -0.003814 -0.451514 -0.045951 0.066906 0.074336 0.024546 0.066157 -0.135562 -0.186521 -0.163725 -0.210674 -0.089819 0.219040
0.313307 -0.338782 -0.114450 0.122731 0.327212 0.601261 -0.067437 0.167134 0.255542 0.405499 -0.370315 -0.161748 0.007166 -0.322357 0.038879 0.080924 -0.191333 -0.320333 -0.105735 -0.259938 1.000000 0.508547 -0.105870 -0.017139 0.388831 0.198844 0.549745 0.390476 -0.317228 -0.373262 -0.362542 -0.189835 -0.219357 -0.233789 -0.145669 0.017708 -0.225092 -0.407548 0.001805 0.053430 -0.140792 0.057190 0.136933 0.283515 0.437299 0.499493 -0.042735 0.059285 0.161159 0.255350 0.268214 0.123409 0.015552 0.217702 -0.149375 -0.320028 -0.061104 -0.262862 0.108039 0.099925 0.115121 -0.104662 -0.136874 -0.196881 0.222685 0.177155 0.357422 0.336741 -0.115044 -0.147787 -0.019614 -0.108250 -0.385066 -0.204417 -0.416485 -0.328852 -0.247736 -0.394990 -0.205247 -0.122830 -0.072096 -0.332903 -0.194546 -0.022072 -0.275769 -0.147725 -0.069297 0.332338 -0.116430 -0.221279 0.191356 0.184172 0.316131 -0.024358 -0.230901 -0.265267 -0.253134 -0.416626 0.035874 0.146647 0.294016 0.056061 0.263198 -0.038953 -0.060516 -0.138577 -0.249671 0.048562 0.165147 -0.224079 -0.180447 0.024182 0.040291 -0.003783 0.146816 0.008847
-0.043577 -0.361200 0.066667 0.200759 -0.048630 0.594556 -0.053324 -0.003855 0.155408 0.156741 -0.450458 -0.197313 -0.164080 -0.448369 0.041416 -0.033940 -0.140380 0.042144 -0.317342 -0.216278 0.508547 1.000000 0.112806 0.323587 0.485543 0.461408 0.446288 0.505516 -0.312488 -0.348590 -0.178374 0.147123 -0.208609 -0.370019 -0.050532 -0.131157 -0.054490 -0.151545 0.157772 0.255761 -0.215179 0.257503 -0.010248 0.060285 0.149114 0.212073 -0.091848 0.001169 0.063761 0.051155 0.203551 -0.099058 -0.016021 0.097755 -0.049282 -0.148229 0.006741 0.020288 0.075500 0.168004 -0.074228 -0.243227 -0.155690 -0.131665 0.281575 -0.076037 0.396187 0.340709 -0.042142 0.017162 -0.055985 0.173754 -0.374057 -0.031565 -0.293899 -0.120802 -0.354232 -0.252955 -0.097024 -0.059134 -0.060843 -0.043056 -0.092683 0.067216 -0.189839 -0.034990 -0.003190 0.387331 0.045304 -0.126597 -0.017762 0.001276 0.060876 -0.056166 -0.052704 -0.281688 -0.035111 -0.134442 0.043520 0.076056 0.058171 0.110615 0.182920 0.208747 0.141651 0.057960 0.000253 0.046780 0.035804 -0.054232 -0.048052 -0.026543 -0.080235 0.002383 0.253675 0.033808
-0.293994 -0.322730 0.474379 0.526104 0.088589 0.188783 0.065752 -0.268358 0.056427 -0.290343 -0.191999 -0.312595 -0.554345 -0.551213 0.379362 -0.180418 -0.268227 0.103811 0.138015 0.193022 -0.105870 0.112806 1.000000 0.791837 0.537521 0.422859 0.291382 0.449047 -0.003396 -0.252223 0.299458 0.484746 -0.025500 -0.020840 0.180286 0.105524 0.106870 0.065099 0.034430 -0.082134 0.019813 0.098624 0.106840 0.035170 -0.003618 -0.087567 0.112124 0.189299 -0.328762 -0.075773 0.085785 -0.057034 -0.036033 0.193665 -0.023606 0.155807 -0.192237 0.221023 -0.410433 -0.472461 -0.509724 -0.591582 -0.125003 -0.157537 0.440271 -0.525122 -0.243105 0.194128 0.124149 0.072207 -0.144547 -0.008571 -0.170873 -0.092033 0.185638 -0.020812 -0.133339 0.173333 0.092565 0.170841 -0.064806 0.171110 0.431039 0.166707 0.375408 0.129839 0.262472 -0.121927 0.311144 -0.199122 -0.348326 -0.009595 -0.400316 0.050426 -0.242276 -0.155662 0.042442 -0.230954 0.137188 0.120211 -0.646272 -0.239780 -0.297985 0.062497 -0.008182 -0.084526 -0.029590 -0.240533 -0.151753 -0.143775 0.339449 0.061849 0.007068 0.226962 0.039616 0.028644
-0.313341 -0.328967 0.195401 0.667246 -0.122420 0.357596 -0.035565 -0.133192 0.199600 -0.173099 -0.290856 -0.151160 -0.565899 -0.592726 0.250452 -0.140296 -0.246003 0.116249 0.055508 0.126963 -0.017139 0.323587 0.791837 1.000000 0.563863 0.476910 0.310656 0.479308 -0.057873 -0.237868 0.231904 0.641482 -0.168510 -0.139334 0.067656 -0.073453 0.105236 -0.003309 0.041013 -0.017872 -0.073240 0.159203 0.044126 0.007059 -0.013353 -0.041452 0.102602 0.135789 -0.271703 0.005643 -0.007570 -0.016284 0.084251 0.214004 0.032110 0.101496 -0.150247 0.148407 -0.344755 -0.313521 -0.542095 -0.540260 -0.045593 -0.145935 0.505971 -0.467739 -0.177222 0.191250 -0.009890 -0.090260 -0.140972 0.096623 -0.174795 0.038322 -0.005348 0.008685 -0.193057 0.160557 0.080411 0.083660 -0.077681 0.160002 0.407131 0.356561 0.348841 0.168560 0.239277 0.160161 0.219987 -0.241250 -0.322398 -0.143635 -0.243663 -0.140994 -0.033211 -0.107841 0.008344 -0.190823 0.090906 0.109160 -0.557780 -0.241306 -0.174396 -0.056168 0.054340 -0.033136 0.004686 -0.195039 -0.101743 -0.102301 0.130576 0.007515 -0.035536 0.153935 0.154280 0.035215
-0.108824 -0.491543 0.185108 0.436620 0.130488 0.567435 -0.052476 -0.088020 0.175785 0.134191 -0.600373 -0.308068 -0.513403 -0.632341 0.027777 -0.272564 -0.205847 -0.033724 -0.090592 -0.179592 0.388831 0.485543 0.537521 0.563863 1.000000 0.707400 0.509199 0.536637 -0.405250 -0.444238 -0.047122 0.294042 -0.078767 -0.160945 0.077341 0.005314 0.007942 -0.156829 0.132999 0.092233 -0.330042 0.040590 0.239752 0.257603 0.330114 0.329630 0.194545 0.281829 -0.099953 0.214405 0.409053 0.069435 0.005590 0.320445 -0.082275 0.127134 -0.059201 0.108388 -0.139217 -0.197881 -0.491585 -0.497611 -0.208864 -0.188557 0.423749 -0.305784 0.233577 0.475181 -0.092158 -0.152758 0.014697 0.023960 -0.442523 -0.087122 -0.096974 -0.039043 -0.254084 -0.052296 -0.108676 0.097201 -0.021125 -0.035729 -0.016662 -0.026712 0.084609 0.116764 0.193775 0.281089 0.054874 -0.347047 -0.241071 -0.142849 -0.168781 -0.167104 -0.083143 -0.262405 0.052619 -0.286941 0.206539 0.171415 -0.259001 -0.196487 -0.024010 -0.010790 0.032756 -0.107028 -0.170047 -0.177735 -0.032533 -0.167571 0.123913 0.038701 0.031560 0.146511 0.130492 -0.158004
-0.292647 -0.359785 0.258617 0.321109 -0.172081 0.503320 -0.119254 -0.013363 -0.111159 0.013437 -0.603905 -0.262582 -0.568061 -0.464829 -0.055979 -0.253586 -0.275885 -0.001922 -0.267864 -0.361994 0.198844 0.461408 0.422859 0.476910 0.707400 1.000000 0.274767 0.533799 -0.484826 -0.377530 0.138960 0.471327 -0.040426 -0.118696 0.124745 -0.109191 0.092646 0.236398 0.145836 0.271162 -0.235752 0.129170 0.083476 0.160403 0.116008 0.249652 0.073763 0.219172 -0.304251 0.037720 0.368632 -0.085029 -0.086066 0.120295 -0.094971 0.183348 0.031706 0.215995 -0.270847 -0.191302 -0.595412 -0.462886 -0.380265 -0.244851 0.319882 -0.193892 0.204382 0.523546 0.025427 -0.038566 0.074518 0.235334 -0.382246 0.110383 -0.016763 0.037833 -0.133788 0.169902 -0.031824 0.246458 -0.029021 0.132062 -0.047576 -0.177232 0.226527 0.423255 0.272508 0.244792 0.199562 -0.075193 -0.467473 -0.310865 -0.127232 -0.230467 -0.066726 -0.153846 0.285968 -0.116596 0.209334 0.187209 -0.280816 -0.071393 -0.191393 0.208109 0.139082 -0.057103 -0.010072 -0.075773 -0.046090 0.003852 0.328934 0.041266 0.000125 0.159936 0.145293 -0.067084
0.125662 -0.360501 0.042774 0.189134 0.420301 0.727883 -0.185395 -0.170258 0.162467 0.239506 -0.325609 -0.262220 -0.151860 -0.391330 0.353294 0.200004 -0.266357 -0.126042 -0.145767 -0.130237 0.549745 0.446288 0.291382 0.310656 0.509199 0.274767 1.000000 0.673032 -0.258328 -0.385578 -0.254488 -0.023135 -0.197918 -0.225866 -0.229489 0.013668 -0.003813 -0.148023 0.225838 0.144532 -0.097068 0.210667 0.052649 0.171471 0.161377 0.242346 -0.094453 0.017085 0.016695 0.034467 0.176078 0.020179 -0.019958 0.152371 0.047460 -0.086475 -0.086590 0.021362 -0.082876 -0.057713 -0.151169 -0.249788 -0.260774 -0.239968 0.351157 -0.067789 0.152961 0.189238 0.026252 0.118837 -0.097617 -0.099807 -0.436382 -0.066291 -0.072811 -0.159135 -0.209489 -0.092420 -0.057093 0.029105 0.017198 -0.099496 0.070244 0.096525 -0.083517 -0.125225 0.097745 0.321604 0.095627 -0.133335 0.075362 0.065794 0.001210 0.070529 -0.212449 -0.197002 0.010168 -0.233828 0.175491 0.186482 -0.035174 -0.034956 -0.072065 0.128991 0.119002 -0.007592 -0.134889 -0.029720 0.033497 -0.013487 -0.007244 0.007130 0.008391 0.002916 0.129737 -0.077676
0.004316 -0.199868 0.072013 0.410772 0.127231 0.729223 -0.329291 -0.240735 -0.068832 0.008913 -0.457625 -0.300519 -0.385999 -0.397277 0.315661 0.165851 -0.238509 0.049786 -0.276250 -0.211647 0.390476 0.505516 0.449047 0.479308 0.536637 0.533799 0.673032 1.000000 -0.256925 -0.475162 -0.119787 0.140036 -0.163051 -0.195194 -0.113078 -0.046195 0.107950 -0.001435 0.228693 0.326964 -0.071429 0.266019 0.025362 0.091433 -0.028416 0.104304 -0.021711 0.051165 -0.084535 -0.022674 0.175580 -0.012582 0.043521 0.155482 0.143030 0.033787 -0.007380 0.159452 -0.185042 -0.067610 -0.385681 -0.339892 -0.352342 -0.178266 0.395467 -0.164693 0.034182 0.151262 0.135747 0.129945 -0.096056 -0.021674 -0.422484 -0.006650 -0.000838 -0.084462 -0.166418 0.040807 -0.039489 0.232924 0.046371 0.077820 0.180534 0.048897 0.089859 -0.023382 0.286948 0.264106 0.304968 0.014992 -0.119012 -0.086765 -0.076535 0.019323 -0.145885 -0.193336 0.106700 -0.221706 0.261762 0.249353 -0.196630 -0.090227 -0.118040 0.203263 0.183692 0.066335 -0.042305 0.103551 -0.008618 -0.068005 0.090661 0.032124 -0.018814 0.064826 0.257791 0.003316
-0.061296 0.299727 0.056587 -0.136623 -0.009939 -0.335833 0.145510 -0.227945 0.051461 -0.212895 0.460311 0.113990 0.230303 0.259582 0.177152 0.248610 0.159749 0.177951 0.468433 0.511249 -0.317228 -0.312488 -0.003396 -0.057873 -0.405250 -0.484826 -0.258328 -0.256925 1.000000 0.519088 0.365492 0.114039 0.223980 0.333421 -0.094994 -0.153761 0.288053 0.088593 -0.127563 -0.293657 0.342141 0.138357 -0.220699 -0.309258 -0.478628 -0.573660 -0.187059 -0.293639 -0.126124 -0.248479 -0.618620 -0.235870 -0.029678 -0.197751 -0.111444 -0.101572 -0.119480 0.094142 -0.041034 -0.107207 0.185456 0.083344 0.250048 0.274142 -0.201170 -0.185415 -0.432894 -0.650128 0.123605 0.053159 0.125389 -0.030213 0.620398 0.270235 0.401171 0.325714 0.305411 0.142865 0.171173 0.036246 0.264333 0.353635 0.308881 0.421033 -0.002510 -0.136765 -0.313603 -0.390494 -0.056197 0.048303 0.109407 0.103892 -0.155836 0.100532 -0.039189 0.228344 -0.237866 0.214605 -0.151104 -0.090679 -0.117510 0.093069 -0.025090 -0.184023 -0.345730 0.013452 0.084387 0.046568 0.034620 0.062217 -0.263870 -0.074215 -0.194823 0.037619 -0.006883 0.102231
-0.151163 0.357425 -0.199660 -0.255726 -0.161080 -0.503414 0.064871 0.041500 -0.041025 -0.096121 0.368781 0.429758 0.304520 0.515025 -0.046557 0.237702 0.238237 0.307588 0.115618 0.211248 -0.373262 -0.348590 -0.252223 -0.237868 -0.444238 -0.377530 -0.385578 -0.475162 0.519088 1.000000 0.264315 0.150838 0.267986 0.410642 0.138208 0.064109 0.287555 0.153424 -0.025802 -0.130524 0.155212 0.084736 -0.396519 -0.432066 -0.411349 -0.463549 -0.209044 -0.403676 -0.078416 -0.287352 -0.366158 -0.217101 -0.003566 -0.364091 -0.009754 0.002731 0.015022 0.097436 0.109516 0.140163 0.230231 0.460367 0.364309 0.484556 -0.257778 0.078656 -0.152715 -0.410770 -0.071946 -0.104410 0.043870 0.156431 0.664556 0.332796 0.403024 0.392501 0.378085 0.284340 0.161575 0.008553 0.144250 0.384022 0.003411 0.331052 0.105506 0.107484 -0.211714 -0.275349 -0.057579 0.123875 -0.189515 -0.350521 -0.095251 -0.249772 -0.075047 0.260202 -0.067771 0.163587 -0.323225 -0.328503 -0.044091 -0.171363 -0.001587 -0.357202 -0.330337 -0.190678 -0.018445 -0.001295 0.125829 -0.009169 -0.172011 -0.256451 -0.214182 -0.088515 -0.099449 -0.058943
-0.391927 0.052318 0.377357 0.014995 -0.311398 -0.190586 0.182707 -0.171796 -0.093114 -0.431832 0.188003 0.004890 -0.104818 0.006171 0.039241 -0.072964 -0.122787 0.084383 0.248260 0.203395 -0.362542 -0.178374 0.299458 0.231904 -0.047122 0.138960 -0.254488 -0.119787 0.365492 0.264315 1.000000 0.602899 0.208530 0.149783 0.200520 -0.102098 0.198086 0.298578 -0.015321 -0.095380 0.130871 0.088767 -0.187397 -0.286630 -0.301600 -0.391757 -0.122939 -0.194343 -0.353165 -0.251357 -0.286284 -0.293635 -0.166902 -0.150888 -0.215568 0.081168 0.001432 0.329716 -0.235759 -0.302950 -0.139641 -0.219710 0.015927 0.036076 -0.019113 -0.269794 -0.263739 -0.199695 0.062415 0.161143 0.283535 0.181825 0.371728 0.275726 0.279990 0.353439 0.245725 0.471794 0.136149 0.054457 -0.005523 0.296807 0.074264 0.192940 0.109230 0.233788 -0.222719 -0.251227 -0.002280 0.042894 -0.253904 -0.097923 -0.233570 -0.033840 -0.038026 0.005999 -0.064726 0.051439 -0.029314 0.123375 -0.407354 -0.018510 -0.301098 0.061525 -0.210895 -0.090554 0.098747 -0.203245 -0.172895 0.051934 0.033465 0.040719 -0.074018 0.299925 -0.104911 0.150517
-0.477056 -0.174394 0.167869 0.326458 -0.354192 0.084049 0.038396 0.048726 0.107602 -0.164613 -0.084195 0.107826 -0.417995 -0.264029 0.067556 -0.049672 -0.231820 0.072147 0.113891 0.076935 -0.189835 0.147123 0.484746 0.641482 0.294042 0.471327 -0.023135 0.140036 0.114039 0.150838 0.602899 1.000000 0.051077 0.119750 0.145922 -0.101664 0.085048 0.273637 -0.073471 -0.053123 -0.003364 0.114556 -0.212845 -0.240142 -0.208464 -0.225980 -0.102750 -0.128417 -0.396955 -0.119392 -0.176780 -0.231161 -0.100771 -0.108747 -0.229894 0.029443 -0.089101 0.225051 -0.326383 -0.228713 -0.368415 -0.297394 0.007616 0.015808 0.363406 -0.238029 -0.197356 0.071163 -0.099396 -0.135628 0.067793 0.216888 0.094623 0.195414 0.163862 0.234915 0.014006 0.365051 0.084271 0.102740 -0.081508 0.282363 0.286612 0.366629 0.323691 0.394003 0.027526 0.034002 0.102206 -0.038230 -0.472130 -0.387197 -0.165780 -0.382846 0.033544 -0.006304 -0.053028 0.013564 -0.137318 -0.059976 -0.517054 -0.223920 -0.346750 -0.114438 -0.174468 -0.034932 -0.099788 -0.302402 -0.057324 0.049584 0.086985 -0.064147 -0.180729 0.112320 -0.092099 -0.022812
-0.013851 0.206723 0.308669 -0.276824 -0.119063 -0.152350 -0.001610 -0.310870 -0.165851 -0.300564 0.109254 -0.038694 0.260275 0.158557 -0.159202 -0.197257 0.157297 0.261036 0.078477 -0.041550 -0.219357 -0.208609 -0.025500 -0.168510 -0.078767 -0.040426 -0.197918 -0.163051 0.223980 0.267986 0.208530 0.051077 1.000000 0.306781 0.242263 -0.067661 0.205344 0.198859 0.106787 0.117757 0.144694 -0.079994 -0.138740 -0.220160 -0.161724 -0.221520 -0.093714 -0.197256 -0.115766 -0.184798 -0.098776 -0.191708 0.016947 -0.128874 0.017024 -0.018530 0.137446 0.292611 0.006750 0.004220 0.128283 0.073787 0.130417 0.351939 -0.254185 -0.268085 0.123251 -0.188462 0.005051 0.074280 0.126502 0.170554 0.385998 0.157878 0.392764 0.383157 0.165497 0.153452 -0.123816 0.017783 -0.025722 0.173005 -0.132729 -0.111211 0.064223 0.093406 -0.140855 -0.248692 -0.214106 0.032169 -0.216147 -0.153300 -0.156972 -0.023117 -0.030487 0.173270 0.045210 0.087462 0.107705 0.131599 -0.079933 0.078197 0.058023 -0.024775 -0.131781 -0.119248 -0.198845 -0.150968 -0.086750 0.059459 -0.127540 0.060369 0.095591 0.081092 -0.207238 0.045129
-0.001917 0.350045 -0.100497 -0.049202 -0.081834 -0.293002 -0.116558 0.060176 -0.170044 0.079431 0.064364 0.110603 0.069163 0.415660 -0.057813 0.183421 0.250952 0.209225 -0.037743 0.135643 -0.233789 -0.370019 -0.020840 -0.139334 -0.160945 -0.118696 -0.225866 -0.195194 0.333421 0.410642 0.149783 0.119750 0.306781 1.000000 0.147661 0.243376 0.156388 0.159580 0.025522 -0.065178 0.387822 -0.044539 -0.310909 -0.325719 -0.359652 -0.282155 -0.313164 -0.369731 -0.195068 -0.258859 -0.247824 -0.237723 -0.095798 -0.385491 -0.004535 -0.122564 0.131884 0.225581 0.003071 0.097610 0.052285 0.310575 0.229168 0.421999 -0.100842 0.051664 -0.111947 -0.263889 0.014038 -0.021240 -0.045403 -0.105665 0.369325 0.058827 0.196567 0.240398 0.161731 0.169843 0.146797 0.168318 0.294602 0.369904 0.042883 0.048844 0.097299 0.088594 -0.084459 -0.224421 0.098860 0.298274 -0.172648 -0.208757 -0.013971 -0.166058 -0.174372 0.191783 -0.211632 -0.109642 -0.162834 -0.133458 -0.049554 -0.107390 -0.032326 -0.214359 -0.321441 -0.371967 0.008312 -0.027348 0.160838 0.012536 -0.317578 -0.291552 -0.208234 -0.069203 -0.138886 -0.037655
-0.086058 0.174005 0.258013 0.009478 -0.318200 -0.237817 0.109539 -0.102641 -0.005117 -0.237379 0.032862 0.065233 0.142352 0.109300 -0.088475 -0.264974 0.063596 0.308289 -0.008564 -0.064938 -0.145669 -0.050532 0.180286 0.067656 0.077341 0.124745 -0.229489 -0.113078 -0.094994 0.138208 0.200520 0.145922 0.242263 0.147661 1.000000 0.244100 -0.026295 0.070317 0.013908 -0.099327 0.062999 -0.050053 -0.044045 -0.124169 0.043041 -0.015361 -0.031235 0.016066 -0.085013 -0.072326 0.006792 -0.112865 -0.075946 -0.114084 0.046360 -0.013849 0.104657 0.101220 -0.136621 -0.099221 -0.069264 0.030191 0.068028 0.213370 -0.052628 -0.113464 0.140437 0.171364 -0.122196 -0.068347 -0.079053 0.045987 0.201911 -0.009844 0.059645 0.037390 0.038533 0.081586 -0.169854 -0.016747 -0.114748 0.138449 -0.106451 -0.078366 0.090637 0.117629 0.130185 -0.152521 -0.099259 -0.040983 -0.327837 -0.169171 -0.063949 -0.118373 -0.010950 0.097786 0.091223 0.011903 0.048505 -0.013077 -0.114978 -0.157412 0.217630 0.003464 -0.030108 -0.156452 -0.046592 -0.091079 -0.009573 -0.062538 0.272658 0.037736 0.106530 0.227474 0.033436 0.185527
-0.181422 -0.157985 -0.042849 0.116469 0.080888 -0.207591 0.017133 0.165740 0.024770 0.058062 -0.064593 -0.017334 0.072366 0.208602 -0.061970 0.104761 0.080697 0.062819 -0.111002 -0.045123 0.017708 -0.131157 0.105524 -0.073453 0.005314 -0.109191 0.013668 -0.046195 -0.153761 0.064109 -0.102098 -0.101664 -0.067661 0.243376 0.244100 1.000000 -0.321010 -0.110485 0.120039 0.146596 0.038368 -0.161344 -0.072333 -0.128862 0.184237 0.139406 -0.128152 -0.046841 0.119408 -0.030591 0.117043 0.026222 -0.075877 -0.072015 -0.029533 -0.091754 -0.063227 -0.031296 -0.128669 -0.004835 0.034005 0.076279 0.057734 0.142274 0.169310 0.190563 0.117642 0.278964 0.035272 -0.002565 -0.304088 -0.261026 -0.149216 -0.374809 -0.143658 -0.331086 -0.112322 -0.171630 -0.076810 0.003555 -0.141235 -0.084881 -0.024356 -0.121709 -0.080327 -0.131907 0.012294 -0.151656 0.206084 0.063647 0.115212 0.124501 0.145738 0.057522 -0.143009 -0.005659 -0.112296 -0.129772 -0.184041 -0.176138 0.021888 -0.226248 0.022337 -0.074983 -0.013363 -0.154903 -0.084660 -0.014315 0.100430 0.020543 0.035764 -0.142002 -0.084838 -0.143895 -0.018006 0.006345
