1.000000 0.532461 0.280761 0.069956 0.118767 -0.037971 0.160730 0.013273 0.200761 0.031754 0.346455 0.309935 0.366181 0.250680 0.291967 0.122170 0.356908 0.356282 0.312583 0.036653 -0.014323 -0.138307 0.061757 -0.136200 0.099812 0.055143 -0.026926 -0.026818 0.362117 0.261892 0.157759 0.095878 0.487735 0.194123 -0.313001 -0.277691 -0.019946 -0.096026 -0.201836 -0.060671 -0.119490 -0.140161 -0.286705 -0.163047 -0.408879 -0.273114 -0.296486 -0.324380 -0.227298 -0.189134 -0.254972 -0.313637 -0.224112 -0.353858 -0.126973 -0.147312 0.500865 0.274895 0.123971 0.011183 0.408350 0.023057 0.108609 0.079288 -0.419370 -0.040781 -0.207032 -0.408350 0.192015 -0.134889 0.094037 0.021154 0.372385 0.250618 0.311156 0.067361 0.296346 -0.139169 0.154421 0.161792 0.109256 0.163468 -0.064951 -0.041254 -0.002507 -0.267432 -0.255697 0.204635 -0.032921 -0.064570 -0.304702 -0.227052 -0.321276 -0.173856 -0.086668 0.167409 -0.198526 -0.055402 -0.327560 0.047482 -0.243600 -0.145416 -0.247020 -0.180530 -0.255501 -0.182699 -0.048087 -0.038006 0.287068 -0.146235 -0.494291 -0.024668 -0.074606 0.113343 -0.091753 0.008759
0.532461 1.000000 0.062534 -0.112386 0.177400 0.183581 0.084151 0.012412 0.115626 0.138215 -0.155456 0.219677 0.199625 0.287373 0.086346 -0.037910 0.261324 0.335002 0.185613 0.158122 0.021122 -0.113419 -0.104701 -0.240714 0.103285 -0.076701 0.105029 -0.082300 0.174944 0.059935 0.178345 -0.021151 0.471045 0.182469 -0.433755 -0.332677 -0.145186 -0.328043 -0.356586 -0.380240 -0.254645 -0.238446 -0.088852 0.005399 -0.285226 -0.196987 -0.121547 -0.042783 -0.338054 -0.076346 -0.529523 -0.227490 -0.293504 -0.354565 -0.214336 -0.167792 0.446109 0.467067 0.213340 0.198386 0.463141 0.224864 0.012451 0.079634 -0.397374 0.106027 -0.103362 -0.275269 0.236556 0.092330 -0.181543 -0.041634 0.096618 0.068285 -0.120119 -0.174453 -0.092628 -0.232537 0.247685 0.158357 0.264868 0.145332 -0.198884 -0.119606 -0.199538 -0.248520 -0.073320 -0.052422 -0.110482 -0.092353 0.042957 -0.057888 -0.019128 0.063964 -0.174882 -0.060835 0.008302 -0.199792 -0.028184 -0.035399 0.157955 0.007726 0.079011 0.103018 0.083252 0.040409 0.007464 0.189150 0.104279 -0.193967 -0.139357 -0.052236 -0.021742 0.178149 -0.086459 -0.083732
0.280761 0.062534 1.000000 0.575557 0.502840 0.328167 0.790499 0.555371 0.471129 0.344614 0.225195 0.104310 0.500800 0.044754 0.335484 0.197925 -0.257281 -0.207426 0.475340 -0.092407 -0.017354 0.072786 0.444255 0.289824 0.353688 0.393740 0.278149 0.362680 -0.049287 -0.192830 0.255885 0.234923 0.096149 0.074010 0.161762 -0.044543 -0.177426 -0.257844 0.052649 0.012861 -0.110073 -0.222797 -0.311741 -0.289196 -0.409131 -0.329145 -0.505912 -0.282215 -0.181951 -0.391152 -0.073164 -0.424007 -0.207709 -0.349602 0.030257 -0.393523 -0.207434 -0.266980 -0.217155 -0.216543 0.188861 -0.275059 -0.350700 -0.454789 0.087993 0.056959 0.017983 0.020289 -0.064698 -0.154805 0.236415 0.169136 0.018324 0.109342 0.011642 0.018707 -0.089350 -0.148555 -0.163414 -0.273712 -0.553949 -0.379859 -0.354451 -0.417376 -0.040864 -0.228102 -0.228490 -0.080242 0.550860 0.023489 -0.253620 0.019839 0.047931 0.103836 0.071295 0.075118 -0.278137 -0.095279 -0.522198 -0.142653 -0.302199 -0.131804 -0.429913 -0.223207 -0.221090 -0.169431 -0.065392 -0.189458 0.061517 -0.050446 -0.185966 -0.226936 -0.314269 -0.270928 0.082188 0.079005
0.069956 -0.112386 0.575557 1.000000 0.148350 0.350871 0.603533 0.769660 0.237947 0.301015 0.122135 0.275781 0.311659 0.151987 0.222898 0.347494 -0.206559 -0.067327 0.294387 -0.067174 0.202043 0.418645 0.658989 0.739352 0.395648 0.514963 0.245344 0.410448 0.062798 0.105833 0.467358 0.597043 0.170179 0.234952 0.047143 -0.234302 0.086628 -0.042994 0.312066 0.287410 0.097088 0.030497 -0.293911 -0.294777 -0.366515 -0.137952 -0.453520 -0.376171 -0.336944 -0.297838 -0.177812 -0.471393 -0.307748 -0.285312 0.116179 -0.312813 -0.231530 -0.395671 -0.583183 -0.431794 -0.258163 -0.437308 -0.148883 -0.349209 0.156783 -0.129525 -0.217367 -0.167903 -0.160885 -0.461573 0.131084 0.343880 0.093546 0.293148 0.069867 0.132867 0.026535 0.103291 -0.082732 -0.200393 -0.475553 -0.301597 -0.101095 -0.044895 -0.044896 0.024474 -0.196149 0.014836 0.292531 -0.135162 -0.489043 -0.385947 -0.006428 -0.253256 0.113673 0.220137 -0.319056 -0.040179 -0.639029 -0.214507 -0.432923 -0.392450 -0.461202 -0.391346 -0.349666 -0.261549 -0.197597 -0.305985 0.061381 0.119202 -0.258321 -0.287537 -0.354461 -0.123314 0.244441 0.167502
0.118767 0.177400 0.502840 0.148350 1.000000 0.468893 0.465502 0.333080 0.612479 0.712099 -0.101953 0.039983 0.218787 0.167427 0.125616 0.070178 -0.006849 -0.103008 0.350262 0.067686 -0.166917 -0.001038 0.111960 0.039986 0.298310 0.268597 0.681980 0.367806 -0.099315 -0.228993 0.141643 0.038997 -0.005049 -0.017585 0.065092 -0.139672 -0.312667 -0.300488 -0.083184 -0.189833 -0.238712 -0.366048 -0.263744 -0.185218 -0.295199 -0.230034 -0.300975 -0.045961 -0.136468 -0.156606 -0.239225 -0.246246 -0.073984 -0.290070 -0.227808 -0.344822 -0.124157 -0.026705 -0.025605 0.158905 0.122741 0.060938 -0.202516 -0.246963 -0.123943 0.246534 0.152895 0.081793 0.171083 0.042130 -0.064043 0.007962 -0.091353 -0.164249 -0.255987 -0.167153 -0.275281 -0.353800 0.056469 -0.262711 -0.219177 -0.227743 -0.444255 -0.308038 -0.216261 -0.241080 -0.237143 -0.145960 0.284367 -0.118795 0.042451 0.005786 0.087914 0.097938 0.130797 -0.321664 -0.311379 -0.248490 -0.153919 -0.310779 0.026005 -0.072509 -0.078306 -0.106607 0.123374 0.063024 0.009001 0.184365 -0.050216 -0.111466 0.017000 -0.141017 -0.139405 -0.160280 -0.023696 -0.078233
-0.037971 0.183581 0.328167 0.350871 0.468893 1.000000 0.371408 0.495301 0.081761 0.439251 -0.306591 0.140101 0.130033 0.180216 0.062566 0.220856 -0.225423 -0.067453 0.183952 -0.042291 0.278794 0.475933 0.348631 0.363063 0.640149 0.429908 0.633330 0.441538 -0.003744 -0.201269 0.401727 0.287095 0.166048 -0.014986 -0.098187 -0.203244 -0.276094 -0.152704 -0.045339 0.138289 -0.236403 -0.202588 -0.288950 -0.166085 -0.434888 -0.245265 -0.260088 -0.037947 -0.483674 -0.218507 -0.552758 -0.351723 -0.204493 -0.366749 -0.108071 -0.233030 -0.206595 -0.246195 -0.295192 -0.044998 0.062923 -0.060999 -0.260449 -0.349867 0.012344 0.291422 0.032195 0.013519 0.039917 0.017841 -0.239666 0.111922 -0.187839 -0.046927 -0.425870 -0.195585 -0.532547 -0.284375 0.306341 -0.263524 -0.194700 -0.305614 -0.292394 -0.132045 -0.218445 0.023211 0.092216 0.108151 0.226195 0.120400 -0.080134 -0.127935 0.306743 0.094322 0.245166 -0.151870 -0.130357 -0.214751 -0.153746 -0.174584 0.075854 -0.095665 0.034574 0.069343 0.220098 0.145110 0.101978 0.102717 0.024742 -0.008250 0.123607 0.049990 -0.147440 -0.002147 0.138137 0.107563
0.160730 0.084151 0.790499 0.603533 0.465502 0.371408 1.000000 0.676544 0.517010 0.455787 0.107945 0.258914 0.584782 0.245754 0.261516 0.137139 -0.204914 -0.102787 0.444574 -0.072444 0.045036 0.157420 0.530610 0.424689 0.476472 0.378033 0.377960 0.358022 0.059955 -0.076043 0.495018 0.482735 0.167607 0.299937 0.124071 -0.125247 -0.166045 -0.251883 0.088204 -0.081589 -0.160896 -0.092251 -0.257839 -0.289917 -0.406772 -0.265596 -0.476527 -0.317443 -0.306443 -0.329694 -0.269998 -0.472890 -0.338453 -0.433873 -0.226227 -0.438094 -0.289540 -0.309395 -0.309196 -0.212097 0.004673 -0.215328 -0.277129 -0.329293 0.209407 -0.006479 -0.042494 -0.013404 -0.207947 -0.225079 0.201008 0.238546 0.054263 0.131101 -0.070570 0.031867 -0.173056 -0.179669 -0.066385 -0.248832 -0.438997 -0.377640 -0.363646 -0.181434 -0.112323 -0.219141 -0.197380 -0.127376 0.339371 -0.131447 -0.262202 -0.145914 0.023710 -0.041122 -0.051960 0.005253 -0.356306 -0.150343 -0.516593 -0.340499 -0.273800 -0.247266 -0.370963 -0.289435 -0.260535 -0.251847 -0.107528 -0.124943 0.003433 -0.086208 -0.186833 -0.400512 -0.301386 -0.266902 0.107794 0.045827
0.013273 0.012412 0.555371 0.769660 0.333080 0.495301 0.676544 1.000000 0.341989 0.563737 -0.041101 0.378886 0.345296 0.417714 0.135415 0.386952 -0.293608 -0.148496 0.188371 0.047331 0.071222 0.309614 0.521696 0.658037 0.370269 0.389133 0.308744 0.286131 -0.085867 0.005230 0.452805 0.473074 0.109525 0.221077 -0.003677 -0.107257 -0.122992 -0.199040 0.107475 0.065627 -0.180065 -0.085651 -0.415695 -0.363915 -0.391298 -0.148513 -0.588951 -0.322116 -0.296935 -0.302065 -0.312739 -0.449475 -0.309339 -0.410860 -0.173258 -0.485176 -0.260558 -0.447329 -0.421460 -0.225433 -0.140463 -0.104527 -0.291197 -0.395173 0.174254 0.187360 -0.060038 0.047401 -0.172646 -0.270447 -0.011673 0.232832 -0.118297 0.147163 -0.165246 -0.068441 -0.261921 -0.051584 -0.008603 -0.298848 -0.399550 -0.398662 -0.295597 -0.093810 -0.133981 -0.108464 -0.154252 -0.151922 0.358410 -0.080336 -0.243878 -0.281178 0.259042 -0.063339 0.120287 0.030806 -0.313007 -0.161344 -0.482579 -0.368326 -0.231032 -0.307644 -0.267818 -0.360817 -0.182550 -0.155679 -0.046614 -0.054091 0.125570 0.133610 -0.093263 -0.313680 -0.271769 -0.138011 0.136018 0.094284
0.200761 0.115626 0.471129 0.237947 0.612479 0.081761 0.517010 0.341989 1.000000 0.703628 0.041404 0.030860 0.286916 0.121142 0.359186 0.080840 0.030592 0.044529 0.317664 0.060308 -0.299532 -0.242992 0.011692 0.024892 0.096508 0.159802 0.275601 0.210359 -0.095148 -0.039495 0.052836 0.001219 -0.097562 0.030127 0.112108 -0.084021 -0.125151 -0.280837 0.054025 -0.220814 -0.219380 -0.218282 -0.241755 -0.184418 -0.201864 -0.184871 -0.286278 -0.136632 -0.013077 -0.237116 -0.087712 -0.263417 0.001426 -0.162029 -0.156908 -0.396015 0.009873 0.011177 0.016341 0.070887 0.114614 -0.078712 -0.090808 -0.224475 -0.110143 -0.003323 0.017139 0.071293 0.022403 -0.029362 0.073059 -0.116593 0.051773 -0.076354 -0.054468 -0.129290 -0.024255 -0.166420 -0.139578 -0.086981 -0.155586 -0.110830 -0.376997 -0.251997 -0.081895 -0.381369 -0.265281 -0.191452 0.318472 -0.163146 0.018126 0.001048 -0.047339 -0.005705 -0.097981 -0.144749 -0.293875 -0.212590 -0.296581 -0.245017 -0.171232 -0.189685 -0.187218 -0.233118 -0.112728 -0.022196 0.013194 0.037913 -0.051695 -0.029522 -0.137007 -0.233929 -0.141008 -0.184424 0.024494 -0.033923
0.031754 0.138215 0.344614 0.301015 0.712099 0.439251 0.455787 0.563737 0.703628 1.000000 -0.151575 0.132237 0.172967 0.256387 0.073248 0.170258 -0.107836 -0.094028 0.279036 0.120695 -0.232442 -0.020219 0.047831 0.173924 0.208010 0.221300 0.500574 0.276881 -0.216153 -0.133317 0.145729 0.077613 -0.090500 0.033959 0.037454 -0.019410 -0.295887 -0.283175 0.007318 -0.117149 -0.306351 -0.289034 -0.368561 -0.201313 -0.241783 -0.117415 -0.381971 -0.004677 -0.071456 -0.144940 -0.253106 -0.310296 -0.021625 -0.232820 -0.236533 -0.370867 -0.111192 -0.128125 -0.087043 0.124760 -0.031808 -0.004070 -0.197071 -0.331309 -0.111128 0.202663 0.136149 0.185925 0.110518 0.004577 -0.162915 -0.025237 -0.188198 -0.187703 -0.278521 -0.248924 -0.265388 -0.215425 -0.005764 -0.308029 -0.213335 -0.239578 -0.477116 -0.213696 -0.206847 -0.336118 -0.215271 -0.183048 0.240777 -0.159970 0.025469 -0.060848 0.219197 0.096586 0.122755 -0.238509 -0.320450 -0.179580 -0.253250 -0.328053 -0.025946 -0.102991 -0.021086 -0.124364 0.085357 0.128773 0.100739 0.238523 -0.032350 0.079311 0.070749 -0.150871 -0.100356 -0.140650 0.049072 -0.021031
0.346455 -0.155456 0.225195 0.122135 -0.101953 -0.306591 0.107945 -0.041101 0.041404 -0.151575 1.000000 0.206876 0.439330 0.138656 0.304239 0.170982 0.170953 0.146630 -0.023540 -0.068700 0.045321 -0.149838 0.109291 0.017119 -0.195037 0.000518 -0.231789 -0.081496 0.260275 0.344119 0.005545 0.156749 0.031216 0.001971 0.173201 0.035683 0.053579 0.158728 0.086575 0.139395 0.306792 0.224561 -0.162535 -0.209586 -0.114166 -0.155659 -0.187955 -0.386321 0.165747 -0.131444 0.410587 0.010035 0.037587 0.156203 0.101016 -0.008196 -0.016809 -0.062914 -0.124498 -0.361432 -0.005864 -0.175461 0.079033 0.101119 -0.036888 -0.247405 -0.329508 -0.267855 -0.211868 -0.350031 0.543276 0.241174 0.347301 0.359906 0.554480 0.521511 0.551395 0.316369 -0.405680 -0.073390 -0.310551 -0.073401 0.270856 0.112961 0.135233 -0.020088 -0.027837 0.183819 0.115080 -0.028579 -0.208456 -0.074269 -0.406473 -0.219865 -0.064739 0.291731 -0.303076 0.182834 -0.327680 0.068830 -0.303441 -0.150979 -0.358377 -0.301093 -0.461753 -0.301922 -0.252416 -0.350651 0.177196 -0.053159 -0.410902 -0.234212 -0.216291 -0.159210 0.042421 -0.018534
0.309935 0.219677 0.104310 0.275781 0.039983 0.140101 0.258914 0.378886 0.030860 0.132237 0.206876 1.000000 0.274591 0.580954 0.065136 0.260845 0.106805 0.336739 -0.164563 -0.024043 0.305762 0.215219 0.460555 0.383362 0.248250 0.263526 0.113327 0.039465 0.321115 0.572194 0.644456 0.617753 0.462884 0.312622 -0.225419 -0.239813 -0.084046 0.135208 0.023708 -0.001729 0.046051 0.174440 -0.159763 -0.014581 -0.212373 -0.058707 -0.245503 -0.305118 -0.261145 -0.035304 -0.172883 -0.148848 -0.292051 -0.131017 -0.242738 -0.114361 -0.002539 -0.229402 -0.333438 -0.389112 -0.204709 -0.104036 -0.217460 -0.107300 -0.084546 0.060160 -0.537906 -0.374947 -0.339581 -0.392414 0.062821 0.482614 0.280836 0.544965 0.369840 0.368202 0.103668 0.124939 -0.067990 0.025491 -0.159804 -0.155265 -0.033826 0.183217 0.171491 0.051260 0.017256 0.178854 0.005654 -0.374108 -0.491723 -0.512865 -0.319142 -0.451341 -0.090464 0.183297 -0.302366 -0.007179 -0.335654 -0.169589 -0.286468 -0.574345 -0.384206 -0.430499 -0.384490 -0.354626 -0.294567 -0.234786 0.153602 -0.027733 -0.354991 -0.341313 -0.059756 -0.018814 -0.055938 0.132003
0.366181 0.199625 0.500800 0.311659 0.218787 0.130033 0.584782 0.345296 0.286916 0.172967 0.439330 0.274591 1.000000 0.503671 0.485563 0.273276 0.090821 0.196858 0.151221 -0.273936 0.224578 0.102308 0.417144 0.209886 0.342648 0.278786 0.193960 0.123140 0.440248 0.166143 0.482536 0.430211 0.315611 0.349771 -0.187542 -0.296699 0.057027 -0.091456 0.012711 -0.129435 0.065069 0.047877 -0.162090 -0.220345 -0.384133 -0.298307 -0.344531 -0.419318 -0.239729 -0.204641 -0.217082 -0.296959 -0.201306 -0.438316 -0.070907 -0.289531 -0.171353 -0.167977 -0.226989 -0.214482 0.232588 -0.111852 0.083240 0.015795 -0.075522 -0.194681 -0.255877 -0.392237 -0.350061 -0.385277 0.326961 0.283063 0.360984 0.318511 0.205759 0.144854 0.064294 -0.175919 -0.041362 -0.137947 -0.159830 -0.121562 -0.088324 0.056729 -0.034883 -0.175993 -0.028724 -0.082515 0.104098 -0.149714 -0.314809 -0.300806 -0.306624 -0.246802 -0.116009 0.092771 -0.306067 -0.038911 -0.450437 -0.197814 -0.251854 -0.300020 -0.432271 -0.387475 -0.367692 -0.372702 -0.105717 -0.186034 0.046399 -0.174160 -0.343683 -0.216156 -0.295650 -0.304952 -0.066403 -0.032012
0.250680 0.287373 0.044754 0.151987 0.167427 0.180216 0.245754 0.417714 0.121142 0.256387 0.138656 0.580954 0.503671 1.000000 0.008144 0.460638 0.082853 0.245091 -0.171868 -0.078288 0.132971 0.167897 0.271027 0.217315 0.155112 0.078789 0.236218 -0.007341 0.254024 0.367064 0.430318 0.327523 0.324291 0.189564 -0.382136 -0.337745 -0.206164 0.018968 -0.268371 -0.138235 -0.108286 0.018235 -0.179012 -0.096663 -0.205861 -0.067594 -0.252054 -0.294971 -0.166339 -0.061359 -0.256981 -0.182856 -0.066637 -0.358384 -0.404561 -0.214869 -0.035273 -0.172882 -0.149409 -0.068958 0.130948 0.203319 0.128614 0.167896 -0.159735 0.064858 -0.330546 -0.300574 -0.206549 -0.265636 -0.015907 0.298586 0.121495 0.266311 0.066354 0.129419 -0.022458 -0.153365 0.033053 -0.036596 0.055010 -0.012612 -0.153707 0.220216 -0.132935 -0.185402 -0.061633 -0.077664 -0.014967 -0.144471 -0.159585 -0.416082 -0.110544 -0.309435 -0.144205 -0.091683 -0.286728 -0.208108 -0.157097 -0.302412 -0.052274 -0.367583 -0.174779 -0.298903 -0.131746 -0.176311 -0.077720 0.040956 0.119764 -0.030082 -0.259251 -0.281194 -0.052401 -0.111018 -0.030756 -0.065807
0.291967 0.086346 0.335484 0.222898 0.125616 0.062566 0.261516 0.135415 0.359186 0.073248 0.304239 0.065136 0.485563 0.008144 1.000000 0.282522 0.151701 0.230105 0.023119 -0.105917 0.321630 0.091136 0.192452 0.163340 0.223305 0.229215 -0.015266 0.096903 0.296383 0.153575 0.238322 0.214178 0.052847 0.069675 -0.149200 -0.178317 0.205823 -0.074894 0.114060 0.040650 0.255490 -0.013820 -0.222241 -0.275257 -0.360017 -0.389264 -0.263789 -0.256388 -0.220736 -0.294200 -0.136859 -0.140869 -0.104587 -0.016294 0.118954 -0.320896 -0.015695 -0.109704 -0.088626 -0.096715 0.146414 -0.071511 -0.072611 -0.064995 -0.187300 -0.075664 -0.217324 -0.197083 -0.197234 -0.116680 0.289047 0.045495 0.202663 0.089937 0.133218 0.052303 -0.062391 -0.064017 0.049349 -0.011477 -0.057282 -0.116940 0.183785 0.048275 -0.014493 -0.121636 0.163866 -0.113317 0.185231 0.163281 -0.160045 -0.113892 -0.162970 -0.221009 -0.050733 -0.033470 -0.251681 -0.090607 -0.389741 -0.096919 -0.133343 -0.311150 -0.379941 -0.309053 -0.212754 -0.254936 0.073840 -0.255221 -0.049635 -0.190130 -0.235593 -0.050319 -0.206050 -0.200279 -0.200601 -0.073317
0.122170 -0.037910 0.197925 0.347494 0.070178 0.220856 0.137139 0.386952 0.080840 0.170258 0.170982 0.260845 0.273276 0.460638 0.282522 1.000000 0.003772 0.128093 -0.200936 -0.176423 0.345654 0.383707 0.307947 0.354860 0.309540 0.200148 0.100860 0.029315 0.299575 0.390954 0.219850 0.194582 0.172990 -0.075560 -0.250327 -0.182839 -0.034944 0.040488 -0.135003 0.128241 0.039262 -0.064228 -0.182311 -0.213006 -0.186412 -0.164027 -0.219810 -0.218745 -0.046877 -0.156329 -0.006022 -0.202333 0.166682 -0.086186 0.001420 -0.135799 -0.051775 -0.148591 -0.261565 -0.248872 -0.082541 -0.125458 0.072670 0.009695 -0.244753 -0.084538 -0.254715 -0.243384 -0.284586 -0.301122 0.084722 0.131577 0.244134 0.155939 0.111363 0.134223 0.056445 -0.155474 0.119179 -0.016950 -0.040263 0.045139 -0.022921 0.130581 0.040049 -0.287188 -0.024257 -0.022234 0.214170 0.056075 -0.261374 -0.385471 -0.087581 -0.313789 -0.020970 0.003456 -0.290346 -0.305711 -0.230482 -0.275336 -0.259276 -0.287194 -0.369439 -0.368781 -0.194939 -0.125072 -0.023753 -0.239269 0.099513 0.022916 -0.217585 -0.122013 -0.008017 -0.276434 -0.068323 -0.068099
0.356908 0.261324 -0.257281 -0.206559 -0.006849 -0.225423 -0.204914 -0.293608 0.030592 -0.107836 0.170953 0.106805 0.090821 0.082853 0.151701 0.003772 1.000000 0.656630 -0.092385 -0.125004 0.091135 -0.096077 -0.046954 -0.157985 -0.030938 0.021389 0.033533 -0.040194 0.639698 0.538863 0.154853 0.110004 0.255025 0.157436 -0.387047 -0.477935 0.273743 0.087892 -0.190017 -0.174281 0.261036 0.170134 -0.049309 -0.102365 -0.179544 -0.183150 0.043201 -0.321803 -0.231408 -0.033704 -0.145764 -0.069124 -0.178405 -0.152423 -0.233513 -0.118740 0.450869 0.463084 -0.032669 -0.018713 0.156084 0.032960 0.505869 0.383148 -0.370529 -0.291017 -0.212504 -0.468899 -0.173246 -0.339378 0.143424 0.042833 0.601517 0.308904 0.303747 0.194055 0.271450 -0.082341 0.355967 0.522654 0.589984 0.604765 0.188618 0.225509 -0.030085 0.029043 -0.154416 0.220540 -0.385392 -0.371219 -0.280219 -0.212690 -0.369091 -0.303285 -0.125448 0.077395 -0.136482 -0.016802 -0.027985 0.096316 -0.071822 -0.089975 -0.076060 -0.205981 -0.175852 -0.069799 -0.098174 -0.012459 0.031390 -0.214118 -0.391803 0.108287 0.149130 0.073847 -0.192923 0.066166
0.356282 0.335002 -0.207426 -0.067327 -0.103008 -0.067453 -0.102787 -0.148496 0.044529 -0.094028 0.146630 0.336739 0.196858 0.245091 0.230105 0.128093 0.656630 1.000000 -0.077873 -0.018212 0.184019 -0.046055 0.099683 -0.001558 0.088283 0.027597 0.004242 -0.115669 0.572400 0.622526 0.288422 0.227209 0.352428 0.214590 -0.414656 -0.514369 0.342611 0.117423 -0.081739 0.006049 0.213269 0.171684 -0.014359 -0.032369 -0.205053 -0.243650 0.016954 -0.248958 -0.293533 -0.036435 -0.222570 -0.068385 -0.222767 -0.099160 -0.051030 -0.052145 0.463200 0.407745 -0.096178 -0.104548 0.036453 -0.042815 0.347731 0.347475 -0.384917 -0.342224 -0.419780 -0.528589 -0.242675 -0.248268 -0.039415 0.004628 0.548037 0.379887 0.302737 0.233027 0.180786 -0.126159 0.260236 0.480418 0.449472 0.557357 0.100052 0.262648 -0.113220 -0.083419 -0.094973 0.123211 -0.299582 -0.403890 -0.363228 -0.405918 -0.474520 -0.397562 -0.286140 0.088115 -0.235168 -0.072049 -0.165131 0.088340 -0.043969 -0.213562 -0.180819 -0.195697 -0.142730 -0.014036 -0.107726 -0.075143 -0.146518 -0.217682 -0.406800 -0.005062 0.046303 -0.013932 -0.156219 0.138651
0.312583 0.185613 0.475340 0.294387 0.350262 0.183952 0.444574 0.188371 0.317664 0.279036 -0.023540 -0.164563 0.151221 -0.171868 0.023119 -0.200936 -0.092385 -0.077873 1.000000 0.435524 -0.176642 -0.127660 0.129278 0.115531 0.091515 0.078571 0.193880 0.158276 -0.075867 -0.276014 0.032800 0.028984 0.092930 0.267796 0.167980 -0.050702 -0.038183 -0.222034 0.012761 -0.007528 -0.197435 -0.166116 -0.239546 -0.100515 -0.277229 -0.159236 -0.316715 0.046674 -0.236556 -0.226237 -0.269416 -0.502770 -0.414621 -0.374090 -0.163973 -0.243334 -0.010724 0.078170 -0.103716 0.089922 0.125987 -0.140608 -0.087100 -0.201652 -0.029754 -0.069636 0.225412 0.165378 0.393671 0.129400 -0.032378 -0.044847 -0.028008 -0.157123 -0.177633 -0.145653 -0.098983 -0.197131 0.058450 -0.145731 -0.134766 -0.044090 -0.071265 -0.216859 -0.200566 -0.346621 -0.295381 -0.093665 0.041955 -0.068650 -0.138273 0.060029 0.070055 0.100043 0.084892 -0.016624 -0.228916 0.063319 -0.362125 -0.100575 -0.146331 0.184272 -0.110715 0.105599 0.097063 0.119445 0.216916 0.259224 0.005348 0.002532 -0.021170 -0.119555 -0.355138 -0.024967 0.026743 -0.016638
0.036653 0.158122 -0.092407 -0.067174 0.067686 -0.042291 -0.072444 0.047331 0.060308 0.120695 -0.068700 -0.024043 -0.273936 -0.078288 -0.105917 -0.176423 -0.125004 -0.018212 0.435524 1.000000 -0.285531 -0.321508 -0.269079 -0.024834 -0.379275 -0.396956 -0.194973 -0.277562 -0.322175 -0.087756 -0.210238 -0.212225 -0.081973 0.192408 0.138489 0.265218 -0.102653 -0.132617 -0.012167 -0.039025 -0.146578 0.062810 -0.284020 -0.145529 -0.096454 -0.123995 -0.315888 0.217489 -0.027915 -0.223664 -0.109057 -0.166029 -0.255587 -0.014518 -0.201406 -0.265390 0.116898 0.101089 0.102653 0.229265 -0.187235 0.182553 -0.242560 -0.141451 -0.197442 0.179732 0.189894 0.396873 0.522288 0.405259 -0.251955 -0.164273 -0.219612 -0.217165 -0.178978 -0.050018 -0.114970 0.094989 -0.110815 -0.048594 0.115508 0.036055 0.132870 0.103241 -0.316738 -0.244397 0.068341 -0.133753 -0.099525 0.127253 0.272383 0.202910 0.240015 0.118873 0.099999 -0.172339 -0.231367 -0.047704 -0.018198 -0.209968 0.140192 0.261145 0.261667 0.285500 0.356874 0.419341 0.291744 0.359315 -0.058009 0.049514 0.242476 -0.088390 -0.269676 0.138317 0.096487 -0.075299
-0.014323 0.021122 -0.017354 0.202043 -0.166917 0.278794 0.045036 0.071222 -0.299532 -0.232442 0.045321 0.305762 0.224578 0.132971 0.321630 0.345654 0.091135 0.184019 -0.176642 -0.285531 1.000000 0.726016 0.467466 0.374363 0.425397 0.325418 0.140930 0.180032 0.445756 0.332939 0.540293 0.526817 0.257886 0.187940 -0.195498 -0.242944 0.219225 0.143859 0.100902 0.156014 0.255896 0.207907 0.075812 -0.043279 -0.152012 -0.098760 -0.054493 -0.162413 -0.335243 -0.020356 -0.168431 -0.085716 -0.186833 -0.113460 -0.092132 -0.030268 -0.080918 -0.190072 -0.380919 -0.313401 -0.115234 -0.219489 -0.028205 0.004971 0.091590 -0.168561 -0.378775 -0.345109 -0.351029 -0.274467 0.206961 0.478208 0.177572 0.250838 0.032909 0.319843 -0.130452 -0.031878 0.132895 0.051154 -0.023379 -0.071740 0.324052 0.332786 0.019952 0.109848 0.340796 0.214778 -0.139521 -0.021367 -0.319257 -0.334715 -0.194132 -0.353541 0.073937 0.049050 -0.063903 -0.030577 -0.192842 -0.127801 -0.142708 -0.352548 -0.328184 -0.171322 -0.166593 -0.189581 0.104539 -0.223204 -0.067634 -0.102083 -0.043928 -0.107656 -0.213695 -0.183448 0.007537 0.017455
-0.138307 -0.113419 0.072786 0.418645 -0.001038 0.475933 0.157420 0.309614 -0.242992 -0.020219 -0.149838 0.215219 0.102308 0.167897 0.091136 0.383707 -0.096077 -0.046055 -0.127660 -0.321508 0.726016 1.000000 0.527580 0.538294 0.532519 0.432530 0.368208 0.443389 0.288563 0.205516 0.504988 0.547374 0.103171 0.045362 -0.185224 -0.236676 0.030141 0.083680 0.050014 0.139044 0.140042 0.069164 -0.016759 -0.056161 -0.105847 0.050945 -0.069679 -0.126567 -0.297282 0.028420 -0.206110 -0.147552 -0.078170 -0.246528 -0.079236 -0.015262 -0.191965 -0.300968 -0.444903 -0.275523 -0.182874 -0.257817 -0.043729 -0.146211 0.150018 -0.085073 -0.266719 -0.253134 -0.222047 -0.260602 0.012793 0.428814 0.041925 0.121140 -0.101618 0.141996 -0.226510 -0.090831 0.161526 -0.051266 -0.140668 -0.172917 0.112065 0.264630 0.049277 0.124568 0.203204 0.172200 -0.051593 -0.045731 -0.336760 -0.384680 -0.003131 -0.293588 0.163978 -0.123802 -0.031163 -0.158094 -0.124428 -0.263333 -0.120376 -0.371825 -0.229948 -0.144223 -0.092181 -0.175910 0.036343 -0.201527 -0.026073 -0.100651 -0.007455 -0.094588 -0.115753 -0.081960 0.129927 0.032773
0.061757 -0.104701 0.444255 0.658989 0.111960 0.348631 0.530610 0.521696 0.011692 0.047831 0.109291 0.460555 0.417144 0.271027 0.192452 0.307947 -0.046954 0.099683 0.129278 -0.269079 0.467466 0.527580 1.000000 0.799996 0.671584 0.740777 0.408644 0.549476 0.391840 0.233252 0.787058 0.834598 0.291500 0.297448 -0.135452 -0.390229 0.220184 0.284793 0.350447 0.275409 0.177582 0.217696 -0.111669 -0.142965 -0.345413 -0.171801 -0.296188 -0.357655 -0.462241 -0.206804 -0.181659 -0.411381 -0.323416 -0.298420 0.025929 -0.211844 -0.237492 -0.335673 -0.773333 -0.657576 -0.302759 -0.564699 -0.179997 -0.327056 0.192202 -0.320168 -0.553165 -0.466402 -0.395613 -0.617480 0.278226 0.586487 0.275395 0.490781 0.179920 0.339500 -0.030130 0.011124 0.042104 -0.021417 -0.314979 -0.191365 0.108877 0.161032 0.182631 0.080366 -0.002020 0.259250 0.208762 -0.264431 -0.679013 -0.580285 -0.325645 -0.508384 0.158035 0.201264 -0.120767 0.052225 -0.564969 -0.236306 -0.477115 -0.538113 -0.658000 -0.540771 -0.461049 -0.430619 -0.193150 -0.311160 -0.052298 -0.043582 -0.137068 -0.210222 -0.235409 -0.167139 0.166821 0.121618
-0.136200 -0.240714 0.289824 0.739352 0.039986 0.363063 0.424689 0.658037 0.024892 0.173924 0.017119 0.383362 0.209886 0.217315 0.163340 0.354860 -0.157985 -0.001558 0.115531 -0.024834 0.374363 0.538294 0.799996 1.000000 0.434346 0.624205 0.299909 0.464171 0.150158 0.152750 0.590996 0.708923 0.025006 0.158619 -0.026432 -0.259345 0.195234 0.170284 0.369463 0.381219 0.212435 0.194244 -0.262443 -0.242250 -0.295770 -0.103771 -0.398413 -0.197016 -0.399356 -0.240846 -0.186719 -0.391911 -0.305216 -0.245043 0.035647 -0.346947 -0.312134 -0.451830 -0.715755 -0.530418 -0.498306 -0.471099 -0.217067 -0.368963 0.219650 -0.253336 -0.405337 -0.217974 -0.289262 -0.469380 0.239612 0.499266 0.051331 0.284140 0.056940 0.242129 -0.134978 0.112682 -0.011869 -0.170185 -0.338847 -0.278973 0.233259 0.253782 0.114198 0.107355 -0.035703 0.127091 0.219516 -0.138166 -0.528750 -0.499859 -0.086451 -0.458223 0.313896 0.073046 -0.271161 -0.007632 -0.568836 -0.334047 -0.428764 -0.461672 -0.484464 -0.380773 -0.258042 -0.198088 -0.039373 -0.188135 -0.088967 0.173345 -0.025457 -0.304169 -0.294471 -0.125966 0.226095 0.025208
0.099812 0.103285 0.353688 0.395648 0.298310 0.640149 0.476472 0.370269 0.096508 0.208010 -0.195037 0.248250 0.342648 0.155112 0.223305 0.309540 -0.030938 0.088283 0.091515 -0.379275 0.425397 0.532519 0.671584 0.434346 1.000000 0.702876 0.566569 0.490740 0.443137 0.082950 0.688452 0.575913 0.412552 0.216564 -0.316710 -0.415335 0.000254 0.039888 0.111950 0.117277 -0.065870 -0.083887 -0.009941 -0.024107 -0.383821 -0.195303 -0.086361 -0.180403 -0.531113 -0.117764 -0.473143 -0.380799 -0.149339 -0.325369 -0.048295 -0.053601 -0.156570 -0.177334 -0.481176 -0.321476 -0.015769 -0.370540 -0.115063 -0.236738 0.062634 -0.064680 -0.293558 -0.383941 -0.264756 -0.293158 0.015253 0.264841 0.271363 0.229335 -0.099350 0.008342 -0.245936 -0.329405 0.404574 -0.022328 -0.091205 -0.105618 -0.235192 -0.051147 0.029583 0.032498 0.078800 0.247668 0.187681 -0.159943 -0.424848 -0.418690 -0.144255 -0.226602 0.132762 0.019091 0.016432 -0.205407 -0.270951 -0.159890 -0.225035 -0.368278 -0.349042 -0.375703 -0.273867 -0.321439 -0.133152 -0.202971 0.016542 -0.196400 -0.104212 0.015990 -0.024002 -0.100260 -0.007145 0.083887
0.055143 -0.076701 0.393740 0.514963 0.268597 0.429908 0.378033 0.389133 0.159802 0.221300 0.000518 0.263526 0.278786 0.078789 0.229215 0.200148 0.021389 0.027597 0.078571 -0.396956 0.325418 0.432530 0.740777 0.624205 0.702876 1.000000 0.559699 0.748942 0.341638 0.083899 0.599611 0.633696 0.137860 0.035085 -0.059790 -0.328487 0.184678 0.151427 0.357754 0.314735 0.209067 -0.005018 -0.119693 -0.140024 -0.363490 -0.193033 -0.203925 -0.332665 -0.474503 -0.251309 -0.193690 -0.421345 -0.211065 -0.279774 0.131779 -0.255945 -0.132369 -0.213911 -0.617947 -0.601607 -0.166059 -0.544037 -0.169357 -0.416493 0.161579 -0.214171 -0.408574 -0.382066 -0.239843 -0.503553 0.307153 0.393449 0.218305 0.389258 0.146387 0.192952 -0.024148 -0.004605 0.159998 -0.012839 -0.298578 -0.195470 -0.035262 0.019769 0.253001 0.235150 -0.044143 0.357154 0.252489 -0.211136 -0.569921 -0.416958 -0.200116 -0.302637 0.318886 0.153323 -0.008290 0.113537 -0.436984 -0.067067 -0.426036 -0.497892 -0.518371 -0.468767 -0.421834 -0.330174 -0.179250 -0.213794 0.018643 -0.026351 -0.110801 -0.083947 -0.080429 -0.080470 0.121614 0.149597
-0.026926 0.105029 0.278149 0.245344 0.681980 0.633330 0.377960 0.308744 0.275601 0.500574 -0.231789 0.113327 0.193960 0.236218 -0.015266 0.100860 0.033533 0.004242 0.193880 -0.194973 0.140930 0.368208 0.408644 0.299909 0.566569 0.559699 1.000000 0.721018 0.080409 -0.112633 0.372972 0.321180 0.026541 -0.056562 -0.133228 -0.367700 -0.024980 -0.034081 0.086848 0.032428 -0.085148 -0.102740 -0.048363 -0.074133 -0.196571 -0.112200 -0.057350 -0.098594 -0.285663 -0.044639 -0.273635 -0.299897 -0.097280 -0.363531 -0.099699 -0.171136 -0.116571 -0.012351 -0.343116 -0.177893 -0.053429 -0.248021 -0.097301 -0.260291 -0.048143 -0.046755 -0.147562 -0.248400 0.003868 -0.188573 -0.066196 0.165532 -0.007957 0.020998 -0.217700 -0.097509 -0.265748 -0.349624 0.182636 -0.132518 -0.096539 -0.093156 -0.267960 0.010404 -0.153936 -0.049580 -0.134299 0.167185 0.128575 -0.190366 -0.187268 -0.317312 -0.045215 -0.073034 0.224860 -0.179202 -0.057587 -0.042436 -0.117159 -0.199044 -0.098451 -0.180951 -0.184281 -0.135117 0.003220 -0.034884 -0.047978 0.170372 -0.101677 -0.065140 0.069346 -0.077421 -0.099107 -0.025201 0.130394 0.135282
-0.026818 -0.082300 0.362680 0.410448 0.367806 0.441538 0.358022 0.286131 0.210359 0.276881 -0.081496 0.039465 0.123140 -0.007341 0.096903 0.029315 -0.040194 -0.115669 0.158276 -0.277562 0.180032 0.443389 0.549476 0.464171 0.490740 0.748942 0.721018 1.000000 0.081677 -0.109102 0.335051 0.411098 -0.083825 -0.116372 0.098380 -0.200405 0.093460 0.088048 0.313700 0.149036 0.087176 -0.033454 -0.113626 -0.169409 -0.214393 -0.151728 -0.153421 -0.232556 -0.262177 -0.213021 -0.049421 -0.341712 -0.103457 -0.256323 0.115583 -0.263440 -0.072134 -0.084329 -0.451667 -0.439496 -0.146747 -0.536436 -0.191102 -0.508566 0.069548 -0.231089 -0.233859 -0.236345 0.016960 -0.277092 0.195492 0.261256 0.032606 0.139040 0.014816 0.011957 -0.093511 -0.008701 0.047629 -0.016076 -0.266822 -0.176541 -0.014261 0.034470 0.122029 0.056277 -0.059847 0.330060 0.203399 -0.054260 -0.312255 -0.308231 -0.097120 -0.190140 0.294612 -0.050306 0.039358 0.119312 -0.274081 -0.199573 -0.330357 -0.367324 -0.351522 -0.261152 -0.216083 -0.189336 -0.133041 0.006422 -0.052637 -0.029359 0.063055 -0.126967 -0.123428 -0.058235 0.250419 0.066404
0.362117 0.174944 -0.049287 0.062798 -0.099315 -0.003744 0.059955 -0.085867 -0.095148 -0.216153 0.260275 0.321115 0.440248 0.254024 0.296383 0.299575 0.639698 0.572400 -0.075867 -0.322175 0.445756 0.288563 0.391840 0.150158 0.443137 0.341638 0.080409 0.081677 1.000000 0.658757 0.570672 0.525568 0.509512 0.343093 -0.463300 -0.574970 0.313568 0.133171 -0.090661 -0.033952 0.344038 0.182786 0.046985 -0.044541 -0.344559 -0.233892 0.013280 -0.443886 -0.459274 -0.105938 -0.266430 -0.252062 -0.209916 -0.268695 -0.158806 -0.047580 0.140307 0.162886 -0.363341 -0.321831 0.077456 -0.194698 0.448298 0.307095 -0.173339 -0.374891 -0.493281 -0.656062 -0.386382 -0.556465 0.228784 0.286771 0.796341 0.472594 0.364731 0.348839 0.258554 -0.146161 0.390635 0.372240 0.368293 0.419907 0.250752 0.375606 0.181335 0.077849 0.049301 0.337350 -0.223303 -0.349828 -0.563810 -0.487386 -0.521411 -0.495072 -0.137707 0.245229 -0.115583 -0.015608 -0.265880 0.020548 -0.255806 -0.355632 -0.354745 -0.462300 -0.492302 -0.422100 -0.214662 -0.280754 0.105279 -0.269127 -0.505440 0.045918 0.019073 -0.066168 -0.264769 0.056257
0.261892 0.059935 -0.192830 0.105833 -0.228993 -0.201269 -0.076043 0.005230 -0.039495 -0.133317 0.344119 0.572194 0.166143 0.367064 0.153575 0.390954 0.538863 0.622526 -0.276014 -0.087756 0.332939 0.205516 0.233252 0.152750 0.082950 0.083899 -0.112633 -0.109102 0.658757 1.000000 0.400232 0.426338 0.417297 0.313101 -0.297595 -0.330607 0.247690 0.309100 -0.017216 -0.034192 0.301834 0.403817 -0.040672 -0.131027 -0.154933 -0.160453 -0.079841 -0.480248 -0.151490 -0.084810 0.072400 -0.095727 -0.063833 0.011558 -0.151404 -0.036168 0.326104 0.129566 -0.258262 -0.372435 -0.108673 -0.138320 0.314501 0.214337 -0.212289 -0.309966 -0.571520 -0.539846 -0.319857 -0.459316 0.067029 0.297526 0.681771 0.560739 0.511285 0.504528 0.421100 0.174016 0.045450 0.471035 0.296732 0.438459 0.208571 0.471612 0.092311 0.037831 0.055094 0.273377 -0.214322 -0.420023 -0.504128 -0.526097 -0.515922 -0.568714 -0.240886 0.217619 -0.235946 0.044932 -0.208684 -0.029601 -0.326000 -0.453221 -0.357247 -0.443644 -0.463022 -0.316726 -0.265703 -0.265501 0.122467 -0.136609 -0.484466 -0.146658 0.016579 -0.045542 -0.138958 0.178121
0.157759 0.178345 0.255885 0.467358 0.141643 0.401727 0.495018 0.452805 0.052836 0.145729 0.005545 0.644456 0.482536 0.430318 0.238322 0.219850 0.154853 0.288422 0.032800 -0.210238 0.540293 0.504988 0.787058 0.590996 0.688452 0.599611 0.372972 0.335051 0.570672 0.400232 1.000000 0.896937 0.455420 0.458447 -0.340444 -0.483839 0.101958 0.142850 0.169456 0.005078 0.180119 0.197134 -0.092494 -0.055310 -0.414301 -0.183040 -0.252598 -0.377289 -0.636776 -0.131869 -0.502096 -0.352040 -0.412142 -0.388934 -0.226160 -0.215931 -0.146139 -0.285506 -0.632930 -0.453277 -0.158612 -0.300865 -0.095609 -0.152439 0.038866 -0.138872 -0.537737 -0.488474 -0.387647 -0.526233 0.126757 0.598914 0.358205 0.543357 0.137580 0.332389 -0.119400 -0.076648 0.179419 0.031486 -0.088089 -0.123282 -0.017008 0.213338 0.061211 0.120854 0.107291 0.199950 -0.029283 -0.394930 -0.591818 -0.552896 -0.290964 -0.460433 -0.033175 0.151930 -0.147288 -0.071335 -0.461969 -0.247650 -0.302496 -0.590698 -0.430460 -0.459310 -0.365199 -0.403923 -0.235879 -0.213971 -0.023601 -0.165366 -0.229108 -0.217093 -0.154456 -0.124559 0.026392 0.157013
0.095878 -0.021151 0.234923 0.597043 0.038997 0.287095 0.482735 0.473074 0.001219 0.077613 0.156749 0.617753 0.430211 0.327523 0.214178 0.194582 0.110004 0.227209 0.028984 -0.212225 0.526817 0.547374 0.834598 0.708923 0.575913 0.633696 0.321180 0.411098 0.525568 0.426338 0.896937 1.000000 0.382849 0.476104 -0.109481 -0.381613 0.209688 0.229631 0.342816 0.236436 0.306942 0.309734 -0.141727 -0.168677 -0.391200 -0.155537 -0.295217 -0.469256 -0.568279 -0.186655 -0.306375 -0.408338 -0.433284 -0.282140 -0.078228 -0.238242 -0.179527 -0.335252 -0.733758 -0.626463 -0.326878 -0.410499 -0.124665 -0.209657 0.207000 -0.255591 -0.566084 -0.498308 -0.423439 -0.655771 0.229154 0.603777 0.383097 0.579555 0.261359 0.451119 0.062026 0.135936 0.043728 0.040344 -0.211951 -0.172141 0.158928 0.298328 0.173334 0.191128 0.089753 0.292846 0.020826 -0.399847 -0.670748 -0.607323 -0.349128 -0.554035 0.074048 0.280320 -0.223124 0.054085 -0.550213 -0.238851 -0.459394 -0.599581 -0.543684 -0.522038 -0.488774 -0.462372 -0.289542 -0.277438 0.026853 -0.101469 -0.283526 -0.260395 -0.190004 -0.102096 0.136495 0.156389
0.487735 0.471045 0.096149 0.170179 -0.005049 0.166048 0.167607 0.109525 -0.097562 -0.090500 0.031216 0.462884 0.315611 0.324291 0.052847 0.172990 0.255025 0.352428 0.092930 -0.081973 0.257886 0.103171 0.291500 0.025006 0.412552 0.137860 0.026541 -0.083825 0.509512 0.417297 0.455420 0.382849 1.000000 0.553610 -0.319474 -0.428510 0.005786 0.036634 -0.166158 -0.130172 -0.119172 0.029597 -0.006878 0.009572 -0.316458 -0.173658 -0.106446 -0.305378 -0.384792 -0.077455 -0.387814 -0.366924 -0.259253 -0.292624 -0.133407 0.034860 0.170590 0.072301 -0.140101 -0.095779 0.233928 0.036613 0.183517 0.133418 -0.136302 -0.022790 -0.173703 -0.486591 -0.085251 -0.263050 -0.153265 0.153525 0.537670 0.414551 0.217294 0.138331 0.191398 -0.125686 0.331350 0.250708 0.203637 0.150751 -0.120410 -0.076344 -0.021390 -0.085931 -0.068166 0.117506 -0.073342 -0.304420 -0.392167 -0.432560 -0.359044 -0.324751 -0.161637 0.208467 -0.026550 -0.173211 -0.215169 -0.069505 -0.215381 -0.339918 -0.242667 -0.374844 -0.344943 -0.402165 -0.269216 -0.157878 0.240680 -0.169584 -0.431300 -0.036103 -0.005386 0.031020 -0.226273 0.004953
0.194123 0.182469 0.074010 0.234952 -0.017585 -0.014986 0.299937 0.221077 0.030127 0.033959 0.001971 0.312622 0.349771 0.189564 0.069675 -0.075560 0.157436 0.214590 0.267796 0.192408 0.187940 0.045362 0.297448 0.158619 0.216564 0.035085 -0.056562 -0.116372 0.343093 0.313101 0.458447 0.476104 0.553610 1.000000 -0.054750 -0.109993 0.192763 0.146441 0.170502 -0.114935 -0.034493 0.259719 -0.171906 -0.161430 -0.314860 -0.180219 -0.288925 -0.290065 -0.322838 -0.171456 -0.332060 -0.459903 -0.423321 -0.339516 -0.184639 -0.140526 0.044427 -0.020848 -0.275465 -0.085367 -0.069977 -0.005347 0.045067 -0.021338 0.073641 -0.109449 -0.043596 -0.204434 -0.105598 -0.263002 -0.146802 0.148611 0.398979 0.311591 0.137894 0.227273 0.130783 0.014718 0.102307 0.183964 0.178937 0.125848 0.003525 0.155765 -0.094407 -0.130036 -0.001987 0.073634 -0.146328 -0.295672 -0.298342 -0.410435 -0.270682 -0.411620 -0.136983 0.167046 -0.101008 0.029309 -0.254763 -0.271376 -0.248134 -0.265744 -0.217306 -0.301393 -0.272328 -0.238453 -0.125060 -0.023949 0.056957 -0.201701 -0.217691 -0.179848 -0.278257 -0.106593 -0.153782 0.071801
-0.313001 -0.433755 0.161762 0.047143 0.065092 -0.098187 0.124071 -0.003677 0.112108 0.037454 0.173201 -0.225419 -0.187542 -0.382136 -0.149200 -0.250327 -0.387047 -0.414656 0.167980 0.138489 -0.195498 -0.185224 -0.135452 -0.026432 -0.316710 -0.059790 -0.133228 0.098380 -0.463300 -0.297595 -0.340444 -0.109481 -0.319474 -0.054750 1.000000 0.632982 -0.053428 0.077376 0.311275 0.189226 -0.000415 0.036646 -0.047643 -0.164523 0.116645 -0.010233 -0.055956 -0.012435 0.281255 -0.183898 0.418454 0.015774 0.058706 0.332108 0.216433 -0.040123 -0.257981 -0.216126 0.017579 -0.147305 -0.219919 -0.050046 -0.367828 -0.331474 0.400702 0.076246 0.301146 0.436874 0.027264 0.070778 0.171438 -0.081616 -0.282753 -0.160547 0.067928 0.157021 0.124275 0.401494 -0.426515 -0.166412 -0.473971 -0.409708 0.013144 -0.153760 0.108154 0.063268 0.057303 0.040463 0.240062 0.186773 0.226674 0.322126 0.134294 0.174995 0.085369 0.094767 -0.044817 0.163189 0.054109 -0.028023 -0.195317 0.103635 0.025704 0.094306 0.029499 0.077819 -0.052296 0.030187 0.030697 0.117685 0.174756 -0.087639 -0.100919 -0.098984 0.238245 -0.042583
-0.277691 -0.332677 -0.044543 -0.234302 -0.139672 -0.203244 -0.125247 -0.107257 -0.084021 -0.019410 0.035683 -0.239813 -0.296699 -0.337745 -0.178317 -0.182839 -0.477935 -0.514369 -0.050702 0.265218 -0.242944 -0.236676 -0.390229 -0.259345 -0.415335 -0.328487 -0.367700 -0.200405 -0.574970 -0.330607 -0.483839 -0.381613 -0.428510 -0.109993 0.632982 1.000000 -0.180935 0.065324 0.121517 0.047229 -0.157217 -0.055384 -0.020850 -0.048164 0.240177 0.088794 -0.030042 0.174344 0.444243 -0.092549 0.418268 0.135266 0.227200 0.364436 0.192553 0.048892 -0.156331 -0.163810 0.277589 0.073979 -0.160469 0.081925 -0.374905 -0.357856 0.258880 0.290814 0.419325 0.646538 0.154632 0.370588 -0.001630 -0.238641 -0.475265 -0.244978 0.000010 0.009457 -0.027132 0.342073 -0.345019 -0.207807 -0.256186 -0.316217 -0.064846 -0.099561 0.050596 0.008351 0.244025 -0.092115 0.169201 0.336019 0.485375 0.448743 0.321834 0.337715 0.130356 -0.102998 0.167614 0.189516 0.318002 -0.001360 0.097604 0.286557 0.297335 0.300637 0.227337 0.267685 0.134462 0.119371 0.045070 0.042857 0.424308 0.066404 -0.066194 -0.021888 0.123364 0.039542
