1.000000 0.541290 -0.062081 -0.267412 -0.043493 -0.114735 0.007414 -0.154568 0.008521 0.013528 0.335304 0.291316 0.326893 0.239462 -0.013756 -0.045423 0.052495 0.104539 0.304948 0.262787 -0.326572 -0.334623 -0.018095 -0.208884 -0.113559 -0.236647 -0.154117 -0.111470 0.073876 0.107322 -0.103648 -0.253237 0.149225 -0.026969 -0.293831 -0.174535 -0.163876 -0.305669 -0.149877 -0.214486 -0.210075 -0.173162 -0.052541 -0.104150 0.052619 -0.246842 0.023447 -0.145311 0.260931 0.088466 0.264043 0.214261 0.210913 0.299086 0.218660 0.169078 0.268204 0.181341 0.146103 0.000775 0.151281 -0.165888 -0.037543 0.012815 -0.168267 -0.182848 -0.202587 -0.423527 0.330374 0.214500 -0.275280 -0.232122 0.058822 -0.124779 -0.081589 -0.235939 0.128418 -0.181951 0.063754 0.136467 -0.085377 0.022735 -0.130136 -0.095558 -0.014208 -0.078030 0.021076 -0.120618 -0.146146 -0.062718 0.114572 -0.015154 -0.114888 -0.103055 -0.090011 0.115122 0.133647 0.138098 0.169027 0.085363 0.123616 0.029080 0.022663 -0.154091 -0.012303 -0.079193 -0.186544 -0.121517 0.092699 0.044621 -0.152661 -0.030997 -0.034464 0.015171 0.027071 0.060832
0.541290 1.000000 -0.325528 -0.430874 -0.337314 -0.214344 -0.099736 -0.102733 -0.372912 -0.081348 0.175306 0.403758 0.516856 0.471620 -0.245640 -0.041728 0.526077 0.392947 0.134331 0.217656 -0.194131 -0.183640 -0.365088 -0.396807 -0.478610 -0.490515 -0.426316 -0.356441 0.205448 0.284933 -0.139784 -0.326572 0.325770 0.194140 -0.460425 -0.219825 0.043352 -0.154914 -0.252846 -0.212496 -0.149207 -0.089764 -0.031247 -0.026792 0.056016 -0.140200 0.022284 -0.216480 0.170366 0.253603 0.150620 0.224751 0.410720 0.320729 0.244881 0.209854 0.530534 0.614532 0.213170 0.328335 0.356892 0.043461 0.407772 0.500875 -0.504349 -0.318909 -0.182916 -0.493962 0.330368 0.231522 -0.210667 -0.185220 0.297274 0.031106 0.093567 -0.203120 -0.002545 -0.320454 0.249966 0.291497 0.234974 0.201661 -0.326646 -0.102722 -0.292287 -0.180291 -0.200001 -0.252788 -0.374163 -0.008993 0.295516 -0.382635 -0.213619 -0.431550 0.056400 -0.076015 0.037571 0.031960 0.272188 -0.027477 0.043071 -0.243385 0.046669 -0.209273 -0.112554 -0.113374 -0.147417 -0.031463 -0.135170 -0.143433 -0.340379 -0.047124 0.027971 -0.045155 0.007662 0.092402
-0.062081 -0.325528 1.000000 0.336367 0.640216 0.022770 0.699873 0.168607 0.485308 0.044533 0.375606 -0.067178 0.026325 -0.212232 0.525507 0.029233 -0.169440 -0.104854 0.278754 0.335257 -0.081507 0.065534 0.669716 0.487511 0.290920 0.225446 0.319216 0.092727 0.170326 0.009297 0.572455 0.554413 -0.027769 0.239472 0.247758 -0.109313 -0.329247 -0.383397 0.057121 -0.253481 -0.057354 -0.071187 -0.195735 -0.215996 -0.251513 -0.325774 -0.212507 -0.177886 -0.264624 -0.493169 -0.144986 -0.410692 -0.442286 -0.277431 -0.387079 -0.506535 -0.339838 -0.399910 -0.201880 -0.361107 0.139203 -0.007942 -0.057105 -0.125570 0.642887 -0.021134 0.028404 -0.034825 -0.223426 -0.135726 0.227703 0.303930 0.148177 0.240741 0.187592 0.216895 0.300537 0.066623 -0.002108 0.032582 -0.214775 -0.241653 0.116705 0.061280 0.182383 -0.259214 0.128225 -0.233555 0.323581 -0.259808 -0.284967 0.331111 0.146941 0.452956 -0.155085 -0.074063 -0.276934 -0.145259 -0.480545 -0.271875 -0.132648 0.089953 -0.103475 -0.081294 -0.115211 -0.074722 -0.148067 -0.143672 -0.022339 -0.142225 -0.008509 -0.068145 -0.179949 0.128054 -0.103877 -0.166574
-0.267412 -0.430874 0.336367 1.000000 0.270359 0.081834 0.036698 0.181662 0.358021 0.272303 0.153200 0.130547 -0.369342 -0.244114 0.182101 -0.002207 -0.104931 -0.056397 -0.008936 -0.210386 0.012883 0.136149 0.469234 0.685704 0.437075 0.617651 0.223888 0.369465 -0.340976 -0.298632 0.451734 0.574643 -0.263339 -0.040622 0.339213 0.203909 -0.178984 -0.026242 -0.065964 -0.190344 -0.236842 -0.134547 -0.145387 -0.143542 -0.318725 -0.028615 -0.271140 -0.073505 -0.203208 -0.382453 -0.010099 -0.228823 -0.425583 -0.408462 -0.370475 -0.306787 -0.357281 -0.456731 -0.498699 -0.432300 -0.376166 0.055321 -0.175414 -0.326848 0.506303 0.547165 -0.093566 0.534371 -0.410513 -0.281859 0.079903 0.180781 -0.408718 0.077199 -0.077828 0.172530 0.037065 0.257633 -0.208326 -0.100415 -0.253058 -0.199787 0.049406 -0.204706 0.240411 0.231906 0.218342 0.181461 0.314463 -0.009602 -0.361010 0.108186 0.390273 0.267478 0.047289 0.124388 -0.201758 0.163118 -0.352175 -0.020566 0.007722 0.033551 -0.085758 0.073155 0.155729 0.381887 0.011748 0.013961 0.234064 0.054678 0.283784 0.043117 0.039413 0.234965 -0.112226 0.117898
-0.043493 -0.337314 0.640216 0.270359 1.000000 0.172382 0.513741 0.053941 0.774370 0.344509 0.315265 -0.124709 -0.075535 -0.214913 0.666976 0.261496 -0.233058 -0.169090 0.241110 0.279947 -0.069916 -0.023507 0.573696 0.372586 0.356619 0.116870 0.524179 0.219394 0.169896 0.020989 0.337464 0.283718 -0.214897 -0.048459 0.150378 -0.194507 -0.058492 -0.177322 -0.011947 -0.144750 0.093925 0.056656 -0.314571 -0.326717 -0.351529 -0.398235 -0.332166 -0.209753 -0.382370 -0.525177 -0.178076 -0.419837 -0.478497 -0.211997 -0.227540 -0.478738 -0.253968 -0.256846 -0.058323 -0.377282 0.076507 0.040162 -0.236173 -0.265931 0.680399 -0.007152 -0.022513 -0.044138 -0.223263 -0.041633 0.160422 0.193878 0.066687 0.221703 0.069234 0.203766 0.119968 -0.065192 -0.206471 0.081193 -0.197788 -0.155047 0.302153 0.278992 0.392755 -0.099244 0.107836 -0.068749 0.436364 0.085911 -0.116148 0.427791 0.270970 0.601325 -0.011131 0.046248 -0.270251 -0.010590 -0.363076 -0.185773 -0.033071 0.250345 -0.134435 0.035008 -0.140430 0.026892 -0.072275 -0.005814 0.185027 0.084267 -0.061423 -0.054781 -0.217699 0.097760 -0.148719 -0.238530
-0.114735 -0.214344 0.022770 0.081834 0.172382 1.000000 -0.100736 -0.090133 -0.091044 0.144386 -0.078625 -0.197780 -0.114890 -0.127952 0.188334 0.108508 -0.048352 -0.093251 -0.155261 -0.106951 0.610248 0.375191 0.141379 0.113576 0.242468 0.293734 0.437099 0.472944 -0.052890 -0.078919 -0.067044 -0.021106 0.068582 0.034552 0.055804 -0.009385 0.120677 -0.003424 0.222771 0.126071 0.203946 -0.073881 0.230718 0.264830 0.087582 0.115916 0.237734 0.120335 -0.079437 0.046441 -0.009089 -0.028554 -0.134551 -0.023518 -0.162846 0.005250 0.017284 0.011574 -0.175736 -0.178436 -0.082887 -0.019926 -0.032618 -0.191025 0.031648 0.018438 -0.040041 0.061252 0.063937 0.034646 -0.062321 -0.009403 -0.198603 -0.180088 -0.089833 -0.029321 -0.266341 -0.240817 0.157415 0.141702 0.088179 0.094740 0.306666 0.104224 0.184576 0.066323 0.145887 0.158349 -0.006171 -0.078819 -0.258553 -0.193626 -0.101156 -0.152705 0.086390 -0.139458 0.071175 -0.056354 -0.240420 -0.244109 -0.197467 -0.154336 -0.341056 -0.138956 -0.166011 0.088304 -0.204773 0.049786 -0.015160 0.005629 0.053727 0.120684 0.138564 -0.057455 -0.073746 -0.086175
0.007414 -0.099736 0.699873 0.036698 0.513741 -0.100736 1.000000 0.289910 0.445016 0.086761 0.456139 0.070266 0.343456 0.083647 0.589808 0.376749 0.044381 -0.108752 0.283823 0.595911 -0.185549 -0.112676 0.437759 0.239107 -0.113540 -0.159685 0.105753 -0.172176 0.496444 0.361723 0.407147 0.386072 0.082175 0.433046 0.065715 -0.096065 -0.090080 -0.324246 -0.045401 -0.336484 -0.050595 0.025476 -0.473467 -0.494589 -0.309535 -0.470212 -0.412859 -0.389399 -0.432209 -0.547257 -0.410324 -0.595146 -0.561367 -0.403780 -0.284995 -0.602934 -0.222300 -0.250890 -0.101323 -0.308425 0.330422 -0.004172 0.006971 -0.057366 0.531705 -0.314593 0.049675 -0.283849 -0.171038 -0.016225 0.302982 0.359472 0.482735 0.304979 0.351119 0.300459 0.377079 0.108703 0.022207 -0.000895 -0.055690 -0.127692 0.092575 0.342383 0.144443 -0.321833 0.014672 -0.159410 0.165974 -0.330800 -0.128751 0.397264 0.142147 0.466106 -0.026949 0.059258 -0.452013 -0.007412 -0.443820 -0.081809 -0.138992 0.364875 -0.018743 0.057249 -0.182523 -0.139830 -0.007239 0.010519 0.028378 0.043381 -0.118380 -0.062012 -0.213421 0.203609 -0.024197 -0.067472
-0.154568 -0.102733 0.168607 0.181662 0.053941 -0.090133 0.289910 1.000000 0.149463 0.679739 0.528953 0.532509 0.442871 0.619844 0.092683 0.505502 -0.031316 -0.130002 -0.215225 -0.116432 -0.152827 0.022659 -0.263981 -0.061610 -0.395919 -0.234205 -0.343197 -0.555597 -0.096351 0.255052 0.108086 0.128589 -0.340515 0.147698 -0.272266 -0.045918 -0.348981 -0.092592 -0.433531 -0.279169 -0.406985 -0.126907 -0.262221 -0.327084 -0.011514 0.014083 -0.246424 -0.184882 0.046107 -0.160049 -0.305476 -0.181376 -0.170338 -0.188130 -0.301691 -0.228640 -0.315140 -0.411326 0.058714 0.079645 0.030679 0.630002 -0.250778 -0.189367 -0.015818 0.311556 -0.119100 0.016648 -0.345950 -0.146855 0.217103 0.197037 -0.018247 -0.012307 0.049819 0.338655 0.127322 0.218720 -0.117688 -0.214661 -0.229797 -0.417602 -0.312317 0.067542 -0.264617 -0.152958 -0.387975 -0.157278 -0.291828 -0.184805 0.207475 0.131316 0.616643 0.210166 -0.022183 0.140528 -0.392477 0.119538 -0.180032 -0.032818 0.468305 0.145763 0.382723 0.288073 0.246581 0.109304 0.244394 0.115611 0.076971 0.065432 -0.058169 -0.087002 0.026989 0.138464 -0.002591 0.111036
0.008521 -0.372912 0.485308 0.358021 0.774370 -0.091044 0.445016 0.149463 1.000000 0.436188 0.331424 -0.063897 -0.106890 -0.141927 0.621234 0.269987 -0.258707 -0.188535 0.129162 0.170944 -0.299175 -0.233148 0.520051 0.288950 0.335703 0.109056 0.279487 0.153236 -0.005931 -0.016616 0.194168 0.178496 -0.248837 -0.128605 0.151887 -0.129985 -0.029293 -0.102180 -0.053022 -0.124783 0.000085 0.046592 -0.412119 -0.434300 -0.377261 -0.416695 -0.403000 -0.256593 -0.298346 -0.542105 -0.154834 -0.375884 -0.445521 -0.218984 -0.145935 -0.463355 -0.221572 -0.325129 0.036155 -0.402633 0.071702 0.109092 -0.390467 -0.300665 0.718220 0.115802 -0.068155 -0.032654 -0.240793 -0.047446 0.127296 0.116784 -0.042524 0.209644 0.094066 0.242438 0.181894 0.061765 -0.269691 0.033428 -0.235857 -0.146662 0.213205 0.184332 0.368770 -0.001281 0.100977 -0.054891 0.448058 0.157860 -0.126836 0.454786 0.415212 0.623731 -0.096497 0.086442 -0.333347 0.100721 -0.230311 0.034288 0.085976 0.346533 0.006523 0.105716 -0.063884 0.061691 -0.024032 -0.092231 0.281019 0.071769 0.008752 -0.019058 -0.143545 0.116524 0.025235 -0.111905
0.013528 -0.081348 0.044533 0.272303 0.344509 0.144386 0.086761 0.679739 0.436188 1.000000 0.485359 0.448148 0.262639 0.464266 0.197808 0.482869 -0.065989 -0.113947 -0.211262 -0.064292 -0.101935 -0.066353 -0.163820 -0.048495 -0.191055 -0.155348 -0.098195 -0.247065 -0.200116 0.166580 -0.030582 -0.086896 -0.400185 -0.049930 -0.353214 -0.101243 -0.163843 -0.031110 -0.420012 -0.274782 -0.322173 -0.161636 -0.340867 -0.392861 -0.215177 -0.217734 -0.284046 -0.152460 -0.062740 -0.331935 -0.288563 -0.232173 -0.228926 -0.105391 -0.198671 -0.261407 -0.124478 -0.209589 0.104011 -0.063971 0.043190 0.550973 -0.288807 -0.200270 0.130621 0.278416 -0.153269 -0.038680 -0.212039 0.080623 0.072401 0.058487 -0.202678 -0.017337 -0.075180 0.278734 -0.003236 0.079707 -0.198123 -0.054558 -0.152037 -0.251322 -0.170852 0.088388 -0.005547 0.006946 -0.340438 -0.079270 -0.118932 0.042129 0.213786 0.236300 0.655954 0.351526 0.051356 0.213824 -0.265142 0.300270 -0.139493 0.085172 0.445436 0.206897 0.248289 0.224259 0.158701 0.200264 0.138089 0.068877 0.249867 0.189110 0.002767 0.064747 0.144216 0.221495 -0.018675 0.123216
0.335304 0.175306 0.375606 0.153200 0.315265 -0.078625 0.456139 0.528953 0.331424 0.485359 1.000000 0.603631 0.698920 0.585308 0.311516 0.423316 0.088104 0.043316 0.077416 0.211256 -0.325810 -0.209784 0.113122 0.094983 -0.243097 -0.235033 -0.241196 -0.322340 0.105806 0.276767 0.278438 0.159188 -0.223544 0.123066 -0.171491 -0.207825 -0.251723 -0.263154 -0.334729 -0.462005 -0.420850 -0.194754 -0.410481 -0.509998 -0.225481 -0.400575 -0.353125 -0.424058 0.132770 -0.356707 -0.072260 -0.171908 -0.157554 -0.055034 -0.208970 -0.337735 -0.253071 -0.334194 0.019802 -0.082255 0.330118 0.340645 -0.113018 0.002653 0.216594 0.116238 -0.147127 -0.227491 -0.291659 -0.164245 0.145493 0.159324 0.154196 0.132013 0.182416 0.292716 0.319020 0.119514 -0.116368 0.040366 -0.267754 -0.364969 -0.228551 0.007037 -0.068178 -0.239795 -0.101840 -0.159755 -0.139292 -0.244091 0.115895 0.124696 0.451330 0.304257 -0.087591 0.169233 -0.340593 0.092937 -0.284582 -0.208249 0.263595 0.172768 0.189582 0.039538 0.089444 0.036872 -0.028157 -0.018016 0.119942 0.101243 -0.128231 -0.189990 -0.142844 0.177427 -0.045970 0.041082
0.291316 0.403758 -0.067178 0.130547 -0.124709 -0.197780 0.070266 0.532509 -0.063897 0.448148 0.603631 1.000000 0.573867 0.731171 -0.187478 0.249061 0.286948 0.163518 -0.134123 -0.038375 -0.315460 -0.103621 -0.244884 -0.004893 -0.448048 -0.293580 -0.519806 -0.481774 -0.053577 0.187911 0.202004 0.077982 -0.113778 0.129417 -0.228531 0.048728 -0.366695 -0.238449 -0.539803 -0.511230 -0.597036 -0.347173 -0.313889 -0.387054 -0.066493 -0.107226 -0.282252 -0.324401 0.175166 -0.059629 -0.006097 0.019360 0.069962 0.010511 -0.081009 -0.031276 0.006633 -0.191183 0.003109 0.048790 0.059230 0.400942 -0.099785 0.042183 -0.150670 0.218711 -0.136685 -0.014248 -0.252783 -0.181700 -0.025148 0.089375 -0.031243 -0.082794 -0.105779 0.072977 0.130210 0.103764 -0.053645 -0.094532 -0.254995 -0.395148 -0.501668 -0.228789 -0.283915 -0.161759 -0.206007 -0.139162 -0.355042 -0.187412 0.151058 -0.101268 0.410246 -0.048690 0.110572 0.340999 -0.116960 0.383628 -0.072885 0.084580 0.334997 -0.006211 0.204457 0.146876 0.274521 0.241605 0.087148 0.220532 0.172271 0.219861 -0.031633 -0.115784 0.055746 0.216157 0.108764 0.370085
0.326893 0.516856 0.026325 -0.369342 -0.075535 -0.114890 0.343456 0.442871 -0.106890 0.262639 0.698920 0.573867 1.000000 0.772265 0.034277 0.382433 0.292822 0.110037 -0.007928 0.220956 -0.175939 -0.147668 -0.347638 -0.388056 -0.634943 -0.616780 -0.490745 -0.572177 0.240222 0.411762 -0.058450 -0.206390 0.039360 0.255665 -0.425479 -0.209884 -0.094335 -0.214108 -0.266529 -0.346525 -0.232958 -0.058377 -0.288994 -0.336619 0.012298 -0.240466 -0.130873 -0.330106 0.243936 -0.009773 -0.112530 0.021377 0.146610 0.150120 0.082633 -0.039807 0.050962 0.049402 0.208020 0.290561 0.520103 0.331568 0.118512 0.271558 -0.297229 -0.171679 -0.061979 -0.476133 -0.007902 0.024691 0.091614 0.030343 0.349537 0.089230 0.202434 0.108669 0.177460 -0.070168 0.084206 0.029118 -0.011812 -0.176318 -0.305601 0.081379 -0.297924 -0.323481 -0.243735 -0.257591 -0.389583 -0.217642 0.278456 -0.129243 0.146339 -0.025588 -0.044030 0.019565 -0.188808 0.016893 -0.095964 -0.175896 0.254642 0.080389 0.209318 -0.002924 0.050227 -0.156985 0.059104 0.017866 -0.132605 -0.023439 -0.318907 -0.222299 -0.100490 0.062192 0.048464 0.076253
0.239462 0.471620 -0.212232 -0.244114 -0.214913 -0.127952 0.083647 0.619844 -0.141927 0.464266 0.585308 0.731171 0.772265 1.000000 -0.136992 0.420285 0.317741 0.155744 -0.205916 0.008095 -0.230037 -0.181220 -0.507146 -0.437466 -0.647541 -0.551770 -0.595048 -0.652331 0.074036 0.384249 -0.108646 -0.239900 -0.111006 0.130847 -0.497748 -0.075457 -0.203410 -0.112175 -0.497094 -0.322891 -0.374877 -0.191870 -0.198611 -0.277973 0.069462 -0.084589 -0.115205 -0.248990 0.312373 0.074111 -0.074755 0.113182 0.178732 0.145254 0.025233 0.062684 0.071812 -0.004389 0.231049 0.323867 0.306548 0.532953 0.020840 0.201868 -0.381359 0.027392 -0.210507 -0.323636 -0.043706 -0.021466 0.032380 -0.038665 0.202135 -0.044546 0.072990 0.214263 0.119515 0.076221 0.022026 -0.087515 -0.019800 -0.218488 -0.450827 -0.022316 -0.404513 -0.199103 -0.393011 -0.202567 -0.477295 -0.227877 0.346197 -0.175844 0.368954 -0.145015 -0.115966 0.155580 -0.171029 0.149430 0.088947 -0.024324 0.406936 0.000786 0.324934 0.062052 0.137425 -0.063032 0.125457 0.033358 -0.043366 0.045903 -0.204677 -0.172115 0.058362 0.097376 0.053098 0.165045
-0.013756 -0.245640 0.525507 0.182101 0.666976 0.188334 0.589808 0.092683 0.621234 0.197808 0.311516 -0.187478 0.034277 -0.136992 1.000000 0.538195 -0.232960 -0.220661 0.244727 0.432132 0.105134 -0.013011 0.534357 0.305394 0.216178 0.050191 0.428798 0.181441 0.287442 0.181601 0.229709 0.291983 -0.112877 0.094815 0.105802 -0.242375 0.224713 0.059729 0.203217 0.037221 0.341516 0.283290 -0.311391 -0.311884 -0.258863 -0.426550 -0.271492 -0.268351 -0.398626 -0.423581 -0.166806 -0.402863 -0.489457 -0.279249 -0.153610 -0.447936 -0.288741 -0.218940 -0.090176 -0.463138 0.121182 -0.108225 -0.267452 -0.334606 0.626170 -0.199655 -0.110862 -0.268036 -0.142181 0.033165 0.157199 0.003017 0.174174 0.259244 0.238775 0.274904 0.190989 0.035227 -0.180215 0.075501 -0.034837 0.014653 0.561171 0.539203 0.478152 0.005966 0.268441 0.059505 0.418455 -0.036001 -0.104140 0.311336 0.143164 0.402033 -0.099824 -0.102329 -0.352390 -0.167616 -0.310081 -0.284416 -0.131032 0.258159 -0.167607 -0.075123 -0.308916 -0.137071 -0.218530 -0.107907 -0.005550 -0.014320 -0.141596 -0.156536 -0.177757 -0.029109 -0.200743 -0.258385
-0.045423 -0.041728 0.029233 -0.002207 0.261496 0.108508 0.376749 0.505502 0.269987 0.482869 0.423316 0.249061 0.382433 0.420285 0.538195 1.000000 -0.014321 -0.059423 -0.206596 0.179263 0.030272 -0.016757 -0.062506 -0.011709 -0.266129 -0.310858 0.005149 -0.190491 0.276004 0.455079 0.048356 0.088310 -0.263572 0.178156 -0.249642 -0.144091 0.229847 0.190299 -0.063319 -0.001586 0.147870 0.255180 -0.330703 -0.322609 -0.201145 -0.274104 -0.278485 -0.306073 -0.274424 -0.294653 -0.295548 -0.326798 -0.259529 -0.227231 -0.079491 -0.259728 -0.224520 -0.127234 0.019302 -0.167722 0.130243 0.235004 -0.212505 -0.204933 0.152551 -0.111865 -0.185198 -0.285789 -0.131711 -0.002122 0.171410 0.048451 0.199063 0.024624 0.134270 0.287118 0.009919 0.132101 -0.204343 0.017273 0.124617 -0.005348 0.224187 0.650526 0.184802 0.063730 -0.119440 0.045340 -0.024950 -0.131957 0.149776 0.133301 0.351102 0.166923 -0.003810 0.016236 -0.471643 -0.009405 -0.217719 -0.191814 0.126650 0.210499 0.026599 0.062644 -0.139954 -0.036363 -0.031776 0.120479 -0.105580 0.069945 -0.267108 -0.268333 -0.076966 0.003150 -0.051955 0.002090
0.052495 0.526077 -0.169440 -0.104931 -0.233058 -0.048352 0.044381 -0.031316 -0.258707 -0.065989 0.088104 0.286948 0.292822 0.317741 -0.232960 -0.014321 1.000000 0.615362 0.004876 0.191076 -0.124351 -0.142735 -0.108552 -0.059901 -0.271224 -0.167584 -0.214459 -0.079605 0.392791 0.349011 0.121283 -0.008430 0.391418 0.412783 -0.043743 0.111203 0.018233 -0.165617 -0.192726 -0.242221 -0.185029 -0.161969 -0.210127 -0.127739 -0.292641 -0.202953 -0.249212 -0.442172 -0.185658 -0.121283 -0.225985 -0.178364 -0.067146 -0.195795 -0.007802 -0.189584 0.603496 0.494365 0.030452 0.136931 0.301085 -0.018713 0.623857 0.517941 -0.160683 -0.194481 -0.062453 -0.184214 0.296365 0.152434 -0.038466 0.054498 0.378221 0.197283 0.215054 -0.044632 -0.040566 -0.170519 0.566873 0.450634 0.549546 0.447412 -0.301279 -0.062632 -0.115706 -0.059171 -0.175372 -0.073843 -0.096019 0.064899 -0.020079 -0.418627 -0.111919 -0.325647 0.087213 0.024655 -0.268631 0.006758 -0.104412 -0.010678 -0.037474 -0.053156 0.008629 -0.100747 -0.181814 0.081609 -0.138228 0.107857 -0.133163 -0.195395 -0.310263 -0.106568 -0.045573 -0.023420 0.029000 0.108211
0.104539 0.392947 -0.104854 -0.056397 -0.169090 -0.093251 -0.108752 -0.130002 -0.188535 -0.113947 0.043316 0.163518 0.110037 0.155744 -0.220661 -0.059423 0.615362 1.000000 0.044977 0.082296 -0.115095 -0.048059 0.001845 0.038338 -0.085989 -0.078909 -0.182231 0.023695 0.341226 0.402249 0.227843 0.138974 0.323143 0.316384 0.080260 0.081659 0.006131 -0.132728 -0.043199 -0.095931 -0.057070 -0.163143 0.007240 0.032560 -0.276286 -0.197070 -0.051149 -0.343160 -0.092268 -0.140169 -0.052190 -0.044289 0.111839 -0.061285 0.069816 -0.070811 0.399084 0.445593 0.030148 0.078633 0.155825 -0.026954 0.448842 0.529515 -0.120951 -0.153751 -0.146126 -0.167394 0.273120 0.051584 0.003110 0.091213 0.311798 0.208444 0.172932 0.052533 -0.086341 -0.138403 0.366390 0.536414 0.386412 0.419759 -0.249479 -0.076544 -0.121179 -0.070587 -0.136857 -0.124433 -0.100674 0.011612 -0.066556 -0.471217 -0.095152 -0.389876 0.078663 -0.124881 -0.153691 -0.112070 0.028044 -0.080603 -0.097588 -0.270921 -0.114281 -0.340572 -0.279088 0.026637 -0.243544 0.145426 -0.103370 -0.252407 -0.355050 -0.173298 -0.077379 -0.102553 0.054795 0.036391
0.304948 0.134331 0.278754 -0.008936 0.241110 -0.155261 0.283823 -0.215225 0.129162 -0.211262 0.077416 -0.134123 -0.007928 -0.205916 0.244727 -0.206596 0.004876 0.044977 1.000000 0.435815 -0.148313 -0.187429 0.265255 0.108257 0.050446 -0.047148 0.113941 -0.031782 0.291810 0.031062 0.174586 0.130386 0.225916 0.008664 0.097824 -0.290135 -0.163795 -0.171591 -0.012740 -0.105918 -0.057737 -0.005608 0.006085 -0.029263 -0.113585 -0.231804 -0.027523 -0.048807 -0.144613 -0.118552 -0.022655 -0.092296 -0.118772 0.038545 -0.091961 -0.138577 -0.068968 0.046412 -0.143162 -0.062518 -0.000832 -0.234526 0.116288 0.145719 0.171223 -0.303678 -0.035153 -0.225170 0.063260 0.031551 -0.075151 -0.068836 0.322581 0.152013 0.131679 -0.027870 0.108242 -0.168863 0.208697 0.051425 -0.028197 0.078342 0.072425 0.001704 0.112738 -0.164993 0.155893 -0.072668 0.246529 0.026853 0.069942 0.160875 -0.067161 0.119354 0.103917 -0.131983 -0.161955 -0.142754 -0.023182 -0.059197 0.005933 0.174169 0.033257 -0.134257 -0.070266 -0.122332 -0.038110 -0.063395 0.138880 0.002503 -0.171687 -0.014329 -0.241109 -0.124455 -0.254243 -0.189389
0.262787 0.217656 0.335257 -0.210386 0.279947 -0.106951 0.595911 -0.116432 0.170944 -0.064292 0.211256 -0.038375 0.220956 0.008095 0.432132 0.179263 0.191076 0.082296 0.435815 1.000000 -0.111703 -0.206413 0.311040 0.057363 -0.017784 -0.169034 0.166265 -0.061192 0.591202 0.394684 0.162511 0.099794 0.240911 0.352908 -0.007761 -0.183809 0.085559 -0.131195 0.119301 -0.105854 0.087199 0.090796 -0.385001 -0.343958 -0.307390 -0.509683 -0.318321 -0.343386 -0.456752 -0.426088 -0.300781 -0.520733 -0.362988 -0.280951 -0.075710 -0.428200 0.118262 0.272532 0.074998 -0.185002 0.386878 -0.205483 0.271668 0.159933 0.321765 -0.566680 0.068321 -0.429375 0.345363 0.453579 -0.058864 0.065153 0.503809 0.210550 0.243678 0.130110 0.277848 -0.071091 0.195988 0.239516 0.242227 0.244283 0.184244 0.400832 0.233128 -0.134209 0.068255 -0.003301 0.173235 -0.235651 -0.057971 0.241387 -0.090092 0.183953 0.003392 -0.122148 -0.345249 -0.179105 -0.244181 -0.113875 -0.205678 0.237767 -0.060954 -0.167148 -0.387554 -0.334878 -0.193753 -0.091184 -0.082784 -0.064867 -0.297325 -0.114738 -0.294966 -0.034740 -0.227306 -0.264871
-0.326572 -0.194131 -0.081507 0.012883 -0.069916 0.610248 -0.185549 -0.152827 -0.299175 -0.101935 -0.325810 -0.315460 -0.175939 -0.230037 0.105134 0.030272 -0.124351 -0.115095 -0.148313 -0.111703 1.000000 0.571979 -0.052027 0.006730 0.138161 0.189697 0.390711 0.303239 -0.058189 -0.107454 -0.170839 -0.029780 0.088201 -0.006537 0.053702 -0.059389 0.254949 0.249403 0.353779 0.298783 0.425590 0.149047 0.309152 0.372749 0.118591 0.223668 0.334110 0.365501 -0.088771 0.204860 -0.007315 0.115925 0.042898 0.044483 -0.034435 0.180982 -0.072312 0.076908 -0.218848 -0.095590 -0.199222 -0.183031 -0.046071 -0.133911 -0.178453 -0.072948 0.100698 0.061300 0.069613 0.079147 0.043198 -0.050106 -0.167227 -0.111502 -0.092813 -0.062492 -0.278504 -0.112681 0.052456 0.052255 0.132925 0.164694 0.445973 0.150202 0.116516 0.066575 0.168009 0.100693 -0.022171 -0.057688 -0.244582 -0.182095 -0.273631 -0.230044 0.107906 -0.209312 0.199966 -0.114001 -0.039170 -0.256559 -0.290660 -0.120674 -0.246743 -0.080877 -0.102406 -0.035434 -0.068015 -0.059301 -0.149192 -0.005155 0.089568 0.049433 0.132321 -0.207605 -0.120220 -0.132155
-0.334623 -0.183640 0.065534 0.136149 -0.023507 0.375191 -0.112676 0.022659 -0.233148 -0.066353 -0.209784 -0.103621 -0.147668 -0.181220 -0.013011 -0.016757 -0.142735 -0.048059 -0.187429 -0.206413 0.571979 1.000000 0.119066 0.338559 0.196735 0.310354 0.263304 0.267067 -0.154011 -0.196220 0.169223 0.273181 0.042533 0.052876 0.071680 0.025398 0.056584 0.171463 0.177016 0.238420 0.190018 0.128949 0.233608 0.273107 0.033153 0.239824 0.276516 0.199599 0.047086 0.142455 0.173064 0.123385 0.061825 -0.022933 -0.094216 0.009714 -0.216170 -0.126511 -0.232926 -0.047797 -0.327909 -0.069123 -0.013430 -0.263898 -0.081130 0.093161 0.207810 0.186925 -0.038796 -0.071341 0.076114 0.309364 -0.319749 -0.052448 -0.086981 0.000320 -0.216447 -0.158915 -0.025298 0.052393 0.033616 -0.077238 0.286671 -0.092835 -0.003749 -0.055002 0.129065 0.040617 -0.169341 -0.150513 -0.262718 -0.190388 -0.134409 -0.088686 0.202243 -0.187606 0.065116 -0.080509 -0.164134 -0.279881 -0.279816 -0.312246 -0.426779 -0.154886 -0.094150 0.065270 -0.091476 0.219665 -0.177440 -0.037044 -0.018968 -0.103830 -0.044861 -0.100184 -0.087057 0.003035
-0.018095 -0.365088 0.669716 0.469234 0.573696 0.141379 0.437759 -0.263981 0.520051 -0.163820 0.113122 -0.244884 -0.347638 -0.507146 0.534357 -0.062506 -0.108552 0.001845 0.265255 0.311040 -0.052027 0.119066 1.000000 0.786941 0.681975 0.600368 0.526665 0.593622 0.142490 -0.108857 0.648073 0.669978 0.096075 0.157036 0.530118 0.059048 -0.006820 -0.240284 0.254345 -0.095549 0.070576 -0.041746 -0.230600 -0.205727 -0.409230 -0.403491 -0.260873 -0.281624 -0.352791 -0.534329 0.041449 -0.371748 -0.503106 -0.343995 -0.204347 -0.514912 -0.243833 -0.243259 -0.366740 -0.597286 -0.105921 -0.385251 -0.050381 -0.251814 0.778129 -0.019662 -0.052751 0.087396 -0.048204 -0.064930 0.118042 0.284619 -0.043232 0.216684 0.126904 0.179007 0.237725 0.077539 -0.015497 0.237551 -0.092522 0.033825 0.315023 0.036701 0.454962 0.017643 0.483465 0.162117 0.489637 -0.118216 -0.511204 0.216093 -0.014475 0.399491 -0.054567 0.004599 -0.216715 -0.074303 -0.447413 -0.183513 -0.363338 0.102630 -0.403635 -0.176095 -0.246428 0.055937 -0.354776 -0.047508 0.073514 -0.017169 0.091809 -0.004808 -0.204039 0.066451 -0.027127 -0.152063
-0.208884 -0.396807 0.487511 0.685704 0.372586 0.113576 0.239107 -0.061610 0.288950 -0.048495 0.094983 -0.004893 -0.388056 -0.437466 0.305394 -0.011709 -0.059901 0.038338 0.108257 0.057363 0.006730 0.338559 0.786941 1.000000 0.574521 0.675637 0.369874 0.529607 -0.019338 -0.140058 0.712574 0.805603 -0.036912 0.115031 0.541134 0.153519 -0.122441 -0.159413 0.062625 -0.155799 -0.119012 -0.111322 -0.200840 -0.168659 -0.404292 -0.228810 -0.257016 -0.229141 -0.306579 -0.445928 0.039450 -0.292056 -0.450828 -0.394520 -0.313250 -0.439617 -0.337910 -0.358121 -0.500450 -0.461913 -0.371950 -0.278108 -0.031086 -0.327524 0.595101 0.221347 0.048959 0.379438 -0.247941 -0.158925 0.142595 0.380333 -0.222484 0.161712 0.036234 0.144157 0.105629 0.142056 -0.110768 0.129696 -0.133188 -0.100149 0.162367 -0.097828 0.290230 0.017742 0.355634 0.194985 0.295028 -0.119639 -0.450888 0.133590 0.140847 0.340489 0.168035 0.060256 -0.254276 0.049655 -0.493056 -0.171890 -0.291498 0.020009 -0.406879 -0.067454 -0.067659 0.293245 -0.210763 0.230961 0.121216 0.068201 0.134496 -0.080773 -0.099688 0.168663 -0.098232 0.043285
-0.113559 -0.478610 0.290920 0.437075 0.356619 0.242468 -0.113540 -0.395919 0.335703 -0.191055 -0.243097 -0.448048 -0.634943 -0.647541 0.216178 -0.266129 -0.271224 -0.085989 0.050446 -0.017784 0.138161 0.196735 0.681975 0.574521 1.000000 0.828230 0.606385 0.764512 -0.121709 -0.284143 0.350790 0.411396 0.050915 -0.103280 0.572670 0.113491 0.098283 -0.036741 0.418713 0.267129 0.231140 0.095806 0.097892 0.144699 -0.165091 -0.076854 0.004659 -0.008068 -0.108377 -0.221794 0.266141 -0.057009 -0.265058 -0.188087 -0.054638 -0.138766 -0.146218 -0.110517 -0.324962 -0.460925 -0.365899 -0.355775 -0.179370 -0.328442 0.526933 0.208443 -0.056759 0.289713 0.056530 0.058534 -0.068143 0.073507 -0.274209 0.014475 -0.061325 0.068628 0.017238 0.070869 -0.014275 0.196711 -0.040554 0.135261 0.389934 -0.073881 0.538219 0.331655 0.466066 0.357072 0.469427 0.110943 -0.590984 0.010000 -0.120920 0.147924 -0.157768 -0.095588 0.043898 -0.204037 -0.224134 -0.211627 -0.314984 -0.114367 -0.386698 -0.263435 -0.169656 0.032133 -0.345800 -0.228012 -0.004318 -0.184481 0.161095 0.029276 -0.150721 -0.125601 -0.078154 -0.237606
-0.236647 -0.490515 0.225446 0.617651 0.116870 0.293734 -0.159685 -0.234205 0.109056 -0.155348 -0.235033 -0.293580 -0.616780 -0.551770 0.050191 -0.310858 -0.167584 -0.078909 -0.047148 -0.169034 0.189697 0.310354 0.600368 0.675637 0.828230 1.000000 0.510957 0.768275 -0.285030 -0.326666 0.397731 0.510272 -0.004154 -0.007726 0.588612 0.282650 -0.006345 -0.064968 0.215183 0.104594 -0.025779 -0.016495 0.082294 0.115358 -0.146263 0.041340 -0.038751 0.014586 -0.014135 -0.180265 0.230862 -0.046865 -0.278588 -0.291932 -0.260224 -0.164350 -0.160641 -0.238567 -0.454747 -0.418075 -0.462133 -0.293436 -0.042011 -0.330557 0.401374 0.319617 -0.070430 0.466314 -0.064937 -0.061226 -0.027820 0.125398 -0.384401 0.054503 -0.009427 0.132472 0.021439 0.195039 -0.014514 0.081869 -0.060979 -0.002008 0.200852 -0.247327 0.294193 0.192546 0.379480 0.306035 0.286158 -0.035610 -0.537604 -0.038426 -0.020623 0.119425 0.021650 0.048878 0.077122 -0.016945 -0.242572 -0.076818 -0.281176 -0.099165 -0.314465 -0.115499 0.038088 0.233090 -0.173261 -0.011050 0.072853 -0.055805 0.381069 0.109397 0.002622 0.071986 -0.078119 -0.021040
-0.154117 -0.426316 0.319216 0.223888 0.524179 0.437099 0.105753 -0.343197 0.279487 -0.098195 -0.241196 -0.519806 -0.490745 -0.595048 0.428798 0.005149 -0.214459 -0.182231 0.113941 0.166265 0.390711 0.263304 0.526665 0.369874 0.606385 0.510957 1.000000 0.671811 0.119088 -0.223671 0.126222 0.222785 0.045832 0.046313 0.332647 0.004913 0.134442 0.011119 0.364575 0.254001 0.340938 0.181669 0.072525 0.114605 -0.180619 -0.055426 -0.064503 0.060858 -0.331120 -0.272651 -0.058985 -0.282377 -0.361483 -0.220133 -0.182414 -0.289039 -0.097720 -0.007154 -0.228830 -0.442848 -0.148904 -0.329450 -0.062347 -0.312366 0.450051 -0.038292 0.050338 0.151297 0.108120 0.103763 -0.102133 -0.010488 -0.114374 -0.047287 -0.082794 -0.071340 -0.168585 -0.123794 -0.041256 0.168850 0.121635 0.218127 0.574870 0.280951 0.523739 0.187602 0.334589 0.131831 0.458685 0.036766 -0.334635 0.175346 -0.138846 0.250472 0.043376 -0.064235 0.018031 -0.148370 -0.262218 -0.197077 -0.340135 0.105199 -0.322969 -0.068208 -0.262245 -0.017962 -0.271050 -0.011658 -0.036834 -0.040738 0.149521 0.072071 -0.196379 -0.058405 -0.252193 -0.248575
-0.111470 -0.356441 0.092727 0.369465 0.219394 0.472944 -0.172176 -0.555597 0.153236 -0.247065 -0.322340 -0.481774 -0.572177 -0.652331 0.181441 -0.190491 -0.079605 0.023695 -0.031782 -0.061192 0.303239 0.267067 0.593622 0.529607 0.764512 0.768275 0.671811 1.000000 -0.112958 -0.278198 0.179955 0.266578 0.116282 -0.067268 0.450665 0.154792 0.237859 -0.010198 0.437654 0.264270 0.248602 0.156742 0.111434 0.193932 -0.201641 -0.075816 0.037181 0.005542 -0.107782 -0.162539 0.220016 -0.020441 -0.189624 -0.162012 -0.060028 -0.099325 0.013142 0.065449 -0.363988 -0.441730 -0.316151 -0.464049 -0.002663 -0.231176 0.359245 0.094838 -0.081119 0.250495 0.116091 0.009016 -0.088408 0.021250 -0.290865 0.079340 0.004925 -0.071298 -0.145373 -0.062522 0.041566 0.232263 0.124807 0.290915 0.427395 -0.017102 0.416095 0.269080 0.431548 0.321506 0.401676 0.067679 -0.468156 -0.082844 -0.260450 0.062018 0.058490 -0.071766 0.144958 -0.052379 -0.182165 -0.130489 -0.448871 -0.127314 -0.539819 -0.256234 -0.214117 0.103350 -0.350495 -0.020503 0.007323 -0.054794 0.223952 0.039570 -0.038064 -0.031931 -0.047258 -0.038960
0.073876 0.205448 0.170326 -0.340976 0.169896 -0.052890 0.496444 -0.096351 -0.005931 -0.200116 0.105806 -0.053577 0.240222 0.074036 0.287442 0.276004 0.392791 0.341226 0.291810 0.591202 -0.058189 -0.154011 0.142490 -0.019338 -0.121709 -0.285030 0.119088 -0.112958 1.000000 0.632737 0.295772 0.271050 0.466603 0.580028 0.150824 -0.006815 0.243362 -0.009455 0.188176 -0.004350 0.264664 0.204685 -0.213730 -0.158260 -0.356993 -0.397204 -0.225646 -0.412330 -0.511085 -0.384436 -0.411183 -0.475555 -0.331799 -0.283054 -0.008564 -0.352040 0.149420 0.287494 -0.003546 -0.167987 0.326695 -0.214140 0.325707 0.280220 0.201140 -0.490322 0.024512 -0.398022 0.280699 0.196340 -0.015534 0.146288 0.763277 0.252884 0.340785 0.133471 0.070643 -0.058738 0.379804 0.427102 0.489863 0.482262 0.181878 0.534185 0.321328 -0.012411 -0.053720 -0.059600 0.069072 -0.160070 -0.107620 -0.000650 -0.217529 -0.051798 -0.094983 -0.177895 -0.421655 -0.302875 -0.336148 -0.210537 -0.241176 0.149096 -0.142799 -0.212347 -0.501248 -0.285542 -0.332158 -0.006168 -0.272704 -0.220112 -0.434965 -0.145820 -0.376128 -0.099918 -0.096965 -0.233745
0.107322 0.284933 0.009297 -0.298632 0.020989 -0.078919 0.361723 0.255052 -0.016616 0.166580 0.276767 0.187911 0.411762 0.384249 0.181601 0.455079 0.349011 0.402249 0.031062 0.394684 -0.107454 -0.196220 -0.108857 -0.140058 -0.284143 -0.326666 -0.223671 -0.278198 0.632737 1.000000 0.170230 0.113027 0.284018 0.535580 -0.078934 -0.062002 0.188648 -0.049332 -0.111034 -0.043840 0.083221 0.160609 -0.249196 -0.231566 -0.217082 -0.399953 -0.152678 -0.443181 -0.240983 -0.244366 -0.306851 -0.266181 -0.134997 -0.188172 -0.081132 -0.209122 0.129166 0.210978 0.048357 0.025764 0.321395 0.123554 0.214075 0.323200 -0.023839 -0.418594 -0.188142 -0.544498 0.182104 0.174472 0.098233 0.151006 0.656710 0.332707 0.490219 0.357176 0.194136 0.005977 0.183247 0.338379 0.338783 0.335150 -0.077377 0.508625 0.092942 -0.030595 -0.269602 -0.076053 -0.180065 -0.201748 0.099281 -0.144918 0.022069 -0.177445 -0.117964 -0.109438 -0.342144 -0.168760 -0.143234 -0.182757 -0.006369 0.080184 0.062815 -0.245655 -0.333693 -0.228451 -0.165399 -0.059516 -0.115986 -0.230154 -0.427810 -0.167185 -0.136547 0.031434 0.097047 -0.146730
-0.103648 -0.139784 0.572455 0.451734 0.337464 -0.067044 0.407147 0.108086 0.194168 -0.030582 0.278438 0.202004 -0.058450 -0.108646 0.229709 0.048356 0.121283 0.227843 0.174586 0.162511 -0.170839 0.169223 0.648073 0.712574 0.350790 0.397731 0.126222 0.179955 0.295772 0.170230 1.000000 0.887111 0.092583 0.375513 0.365373 0.158618 -0.147097 -0.227095 0.028607 -0.221423 -0.149346 -0.105884 -0.214707 -0.204828 -0.356635 -0.313350 -0.247831 -0.361219 -0.268515 -0.458503 -0.009824 -0.299134 -0.376099 -0.311551 -0.202731 -0.401716 -0.323579 -0.327248 -0.452761 -0.420974 -0.251005 -0.159491 0.000824 -0.114306 0.506659 0.066935 -0.117819 0.090558 -0.177424 -0.240673 0.258726 0.523006 0.151029 0.313352 0.194818 0.281665 0.255842 0.200499 0.109111 0.235874 -0.099831 -0.084132 -0.052491 0.000462 0.170243 -0.094726 0.197731 0.058815 0.134614 -0.243348 -0.380443 0.005380 0.030477 0.165673 -0.024805 0.043104 -0.325065 -0.046011 -0.451818 -0.202616 -0.235183 -0.070792 -0.262577 -0.170933 -0.121611 0.130857 -0.221065 0.096139 -0.061929 -0.103734 -0.035224 -0.085064 -0.267980 0.123612 -0.048262 -0.063041
-0.253237 -0.326572 0.554413 0.574643 0.283718 -0.021106 0.386072 0.128589 0.178496 -0.086896 0.159188 0.077982 -0.206390 -0.239900 0.291983 0.088310 -0.008430 0.138974 0.130386 0.099794 -0.029780 0.273181 0.669978 0.805603 0.411396 0.510272 0.222785 0.266578 0.271050 0.113027 0.887111 1.000000 0.073939 0.415244 0.479983 0.208027 -0.081651 -0.131918 0.089824 -0.131251 -0.060191 0.006072 -0.183836 -0.178963 -0.374410 -0.223265 -0.260232 -0.304654 -0.367207 -0.486152 -0.091102 -0.383459 -0.460251 -0.438978 -0.323441 -0.435806 -0.404111 -0.392206 -0.518298 -0.498910 -0.298503 -0.193056 -0.011612 -0.215375 0.560466 0.139444 -0.060276 0.252934 -0.248179 -0.262777 0.236507 0.457637 0.087062 0.264633 0.204707 0.309276 0.207024 0.282117 0.069558 0.142733 -0.057563 -0.067417 0.088939 0.087616 0.258634 -0.032176 0.241200 0.129997 0.174392 -0.275512 -0.472001 0.062532 0.062336 0.182833 0.030579 -0.005836 -0.323849 -0.075262 -0.515313 -0.196175 -0.263979 0.015421 -0.288162 -0.101840 -0.116489 0.173306 -0.215204 0.157559 -0.034102 -0.048941 0.028915 -0.102634 -0.257342 0.112594 -0.057907 -0.023056
0.149225 0.325770 -0.027769 -0.263339 -0.214897 0.068582 0.082175 -0.340515 -0.248837 -0.400185 -0.223544 -0.113778 0.039360 -0.111006 -0.112877 -0.263572 0.391418 0.323143 0.225916 0.240911 0.088201 0.042533 0.096075 -0.036912 0.050915 -0.004154 0.045832 0.116282 0.466603 0.284018 0.092583 0.073939 1.000000 0.581971 0.143320 0.048320 0.019627 -0.143015 0.228675 0.147430 0.237563 0.077366 0.116342 0.154321 -0.128432 -0.137121 0.091679 -0.104888 -0.146561 -0.051157 -0.158081 -0.079796 -0.060880 -0.086102 0.139201 -0.018366 0.374410 0.388671 -0.131090 -0.071264 0.186605 -0.246245 0.370285 0.363460 -0.083174 -0.304416 -0.016602 -0.291708 0.441547 0.214564 -0.175522 0.028060 0.378696 0.047808 0.180735 -0.193146 0.005232 -0.173078 0.482974 0.317224 0.363854 0.470660 0.115470 -0.003289 0.128231 0.093585 0.203812 0.096499 0.038831 -0.054560 -0.366289 -0.348998 -0.425985 -0.408059 -0.061726 -0.149969 0.065493 -0.199409 -0.176184 -0.148303 -0.240476 -0.135006 -0.210718 -0.300056 -0.318232 -0.269889 -0.418418 -0.160898 -0.192278 -0.296340 -0.174211 -0.002535 -0.216588 -0.142100 0.062967 -0.206052
-0.026969 0.194140 0.239472 -0.040622 -0.048459 0.034552 0.433046 0.147698 -0.128605 -0.049930 0.123066 0.129417 0.255665 0.130847 0.094815 0.178156 0.412783 0.316384 0.008664 0.352908 -0.006537 0.052876 0.157036 0.115031 -0.103280 -0.007726 0.046313 -0.067268 0.580028 0.535580 0.375513 0.415244 0.581971 1.000000 0.144358 0.328521 0.036180 -0.204660 -0.012034 -0.138228 0.051429 0.030124 -0.231092 -0.212167 -0.242371 -0.207922 -0.259112 -0.466510 -0.422340 -0.370691 -0.418569 -0.488102 -0.395215 -0.459095 -0.180282 -0.388988 0.217156 0.168860 -0.167724 -0.240431 0.298990 -0.008434 0.359094 0.242486 0.171799 -0.210569 -0.047707 -0.188876 0.245949 0.141046 0.067614 0.246340 0.495091 0.153787 0.380939 0.236820 0.185231 0.140823 0.369187 0.314009 0.379652 0.310023 -0.011337 0.248731 0.142245 -0.055740 -0.038340 0.046956 -0.052785 -0.302916 -0.331225 -0.234847 -0.154333 -0.206950 -0.000724 -0.094052 -0.221968 -0.165809 -0.433233 -0.123029 -0.174621 -0.032257 -0.044682 -0.232111 -0.345314 -0.124792 -0.257194 0.053124 -0.210677 -0.220558 -0.171582 -0.058707 -0.295850 0.022076 0.008844 -0.081095
-0.293831 -0.460425 0.247758 0.339213 0.150378 0.055804 0.065715 -0.272266 0.151887 -0.353214 -0.171491 -0.228531 -0.425479 -0.497748 0.105802 -0.249642 -0.043743 0.080260 0.097824 -0.007761 0.053702 0.071680 0.530118 0.541134 0.572670 0.588612 0.332647 0.450665 0.150824 -0.078934 0.365373 0.479983 0.143320 0.144358 1.000000 0.450849 -0.013618 -0.057738 0.212181 0.006557 -0.011224 -0.112551 -0.060535 -0.005039 -0.242293 -0.009616 -0.173291 -0.209112 -0.230972 -0.266647 0.049654 -0.184940 -0.337478 -0.314093 -0.121400 -0.234085 -0.095420 -0.242797 -0.286413 -0.411257 -0.215345 -0.269189 0.009639 -0.119695 0.493393 0.174949 0.159138 0.440217 -0.108009 -0.133308 -0.049951 0.135119 0.016734 0.063502 0.028588 0.028564 0.064884 0.142581 0.057652 0.153507 0.014981 0.103225 0.129333 -0.099222 0.350530 0.169178 0.315411 0.220288 0.362683 0.044774 -0.501554 -0.009301 -0.059982 0.105622 0.008555 -0.003429 -0.066265 -0.158503 -0.372252 -0.051443 -0.302785 -0.030637 -0.243812 -0.115984 -0.095223 0.136495 -0.145623 0.043639 0.008671 -0.074144 0.174435 0.033944 -0.112500 -0.040944 0.067274 -0.022941
-0.174535 -0.219825 -0.109313 0.203909 -0.194507 -0.009385 -0.096065 -0.045918 -0.129985 -0.101243 -0.207825 0.048728 -0.209884 -0.075457 -0.242375 -0.144091 0.111203 0.081659 -0.290135 -0.183809 -0.059389 0.025398 0.059048 0.153519 0.113491 0.282650 0.004913 0.154792 -0.006815 -0.062002 0.158618 0.208027 0.048320 0.328521 0.450849 1.000000 0.001550 0.071242 0.048555 0.007199 -0.112902 -0.179724 -0.140309 -0.088394 -0.032466 0.217610 -0.180524 -0.146516 -0.091742 -0.103218 -0.092062 -0.086121 -0.262210 -0.318952 0.061351 -0.026696 0.061834 -0.131945 -0.109162 -0.184344 -0.171549 -0.046463 -0.000658 -0.133112 0.109356 0.292007 0.151946 0.470783 0.057102 -0.107865 0.008611 0.178385 -0.141445 -0.059428 0.003041 0.113353 0.047425 0.360777 0.002385 -0.029419 0.072046 0.101104 -0.051389 -0.155705 0.089173 0.230628 0.085036 0.298381 0.141395 -0.011928 -0.269058 -0.139114 -0.162767 -0.118698 -0.084288 0.171794 0.096305 0.033044 -0.168130 0.223315 -0.153930 -0.106721 -0.166765 -0.080656 -0.107860 0.029001 0.057616 0.101451 -0.034628 0.005521 0.268343 0.111711 0.007977 0.060209 0.048027 0.167561
