1.000000 0.334581 0.253729 -0.317185 -0.067160 -0.054849 -0.022234 -0.384050 -0.231253 -0.220785 0.464021 0.186462 0.126870 -0.093393 0.038085 -0.129589 0.280060 0.177584 0.239346 0.108266 0.179505 0.057447 0.021991 -0.178953 -0.092580 0.018040 -0.017225 0.089501 0.123028 0.136257 -0.055367 -0.167924 -0.006651 -0.051853 -0.047629 -0.301748 0.011454 -0.131922 0.136350 -0.201516 -0.195369 -0.224858 -0.002425 -0.031088 0.129615 0.003133 0.183416 0.159566 -0.026781 -0.075424 -0.042523 -0.087159 0.191890 -0.034564 0.342656 0.077179 0.439508 0.331693 0.373959 -0.123354 0.197555 -0.189663 0.100129 0.047424 0.182267 -0.270354 -0.047603 -0.268999 0.325950 0.229536 -0.025986 -0.227863 0.085246 0.016500 -0.057456 0.128648 -0.025533 -0.275696 -0.169051 0.191564 0.208293 0.216472 -0.019631 -0.115711 0.243551 -0.007878 0.006537 -0.102845 0.144927 0.135999 -0.352309 -0.303184 -0.476131 -0.307700 0.061762 -0.063322 0.088546 0.001732 0.022729 -0.086059 -0.080637 0.028559 -0.076882 -0.096365 -0.101429 -0.056288 0.063807 -0.025131 -0.122448 -0.159588 0.037283 -0.194798 -0.188013 0.055026 0.198984 0.134254
0.334581 1.000000 -0.254150 0.060931 -0.175879 -0.008528 -0.306197 -0.133372 -0.213065 -0.233495 -0.019753 0.273193 -0.147308 0.093070 -0.235095 -0.024958 0.094215 0.247323 0.079907 0.033097 0.074204 -0.034171 -0.249848 -0.267979 -0.170558 -0.229339 -0.038477 -0.028138 0.069923 0.296991 -0.193094 -0.207796 0.162886 0.158516 -0.140240 -0.249948 0.093750 -0.063324 -0.227009 -0.078745 0.133384 -0.113848 -0.041811 -0.129012 0.069316 -0.071996 0.063441 0.029678 -0.019542 0.143655 -0.003135 0.101899 0.208830 -0.004351 0.167120 0.058121 0.227003 0.309210 0.183524 0.284216 0.166858 0.172840 0.079695 0.299776 -0.199520 -0.105533 0.200849 -0.117457 0.395584 0.229575 0.100014 -0.080105 0.116609 0.108140 -0.009613 0.174148 0.062662 -0.004636 -0.164596 -0.015051 0.080279 0.110471 -0.062618 0.040341 -0.078063 -0.040433 -0.214455 0.007560 -0.214097 0.020823 -0.251401 -0.208295 -0.189870 -0.337853 -0.206204 -0.051346 -0.039406 0.092676 0.031572 -0.029454 0.060091 0.002642 0.180002 -0.065190 -0.026770 -0.188948 -0.003108 0.017267 -0.193238 0.018820 -0.121427 0.073920 -0.162952 0.132890 -0.035269 -0.008467
0.253729 -0.254150 1.000000 -0.142947 0.243347 -0.110307 0.491487 -0.063351 0.077451 0.061783 0.338639 0.106354 0.380562 -0.010183 0.241536 0.015356 0.048001 -0.050469 -0.035345 -0.099333 0.144977 0.134959 0.421335 0.295310 0.167960 0.399617 0.105835 0.231059 -0.099941 -0.164523 0.152802 0.130356 -0.168659 -0.172719 -0.152632 -0.071342 -0.127165 -0.081898 0.220896 0.029319 -0.211147 -0.074808 0.083404 0.146526 -0.233702 -0.222347 -0.037390 0.043164 0.007765 -0.321113 -0.003612 -0.245194 -0.102858 -0.106281 0.153151 -0.033871 -0.129699 -0.185349 0.088679 -0.391484 0.072282 -0.191169 -0.196951 -0.291579 0.069451 -0.269625 -0.349686 -0.283346 -0.232262 -0.094578 0.138491 0.102817 0.146100 0.128460 0.148606 0.229989 0.108874 0.086458 0.043578 0.075254 -0.006938 -0.008386 -0.036745 -0.097464 -0.154591 -0.299807 0.042273 -0.030845 0.202803 -0.050273 0.147954 0.062269 0.003502 0.244485 0.049824 -0.180206 0.096916 -0.093003 0.016420 -0.038332 0.003484 0.008064 -0.185277 -0.009608 0.038888 0.095633 0.150536 -0.169677 0.104496 0.003530 0.209444 -0.132195 -0.074208 -0.045541 0.118079 0.013213
-0.317185 0.060931 -0.142947 1.000000 0.013165 0.013312 0.142813 0.545827 0.006129 0.351065 -0.169939 0.038489 -0.117207 0.198379 -0.166068 0.243974 -0.198316 -0.202794 -0.104492 0.150815 -0.029973 0.029894 -0.031306 0.199543 0.129380 -0.090472 -0.085420 -0.239408 -0.100599 0.088582 0.080918 0.260923 -0.061997 0.091710 0.033103 0.335409 -0.056181 0.229200 -0.181440 0.036595 0.154709 0.112005 -0.036397 -0.095130 -0.089089 -0.068260 -0.190325 -0.216909 -0.185456 -0.140732 -0.098946 -0.007684 -0.269822 -0.004810 -0.165328 -0.125036 -0.266301 -0.394459 -0.349108 0.060575 -0.084678 0.239578 -0.081940 -0.215910 -0.157403 0.161416 -0.052894 0.011352 -0.208206 -0.117964 0.201472 0.292204 0.079374 0.249046 0.000438 0.179362 0.303817 0.356498 0.077184 -0.291166 -0.234527 -0.307745 0.050571 0.336329 -0.112021 -0.028327 -0.054449 -0.039126 -0.104458 -0.271824 0.306206 0.084148 0.352487 0.102821 -0.051831 -0.049224 -0.221452 0.034491 0.158980 0.223789 0.225830 -0.028236 0.301076 0.125362 0.181373 0.121543 0.179043 0.018905 0.125709 0.026706 0.005156 -0.126067 0.183491 0.040342 0.052607 0.046379
-0.067160 -0.175879 0.243347 0.013165 1.000000 0.520578 0.124436 -0.046104 0.356388 0.384820 0.072170 0.058758 0.141685 0.074523 0.362953 0.324597 -0.130126 -0.175236 -0.159059 -0.116924 0.242105 0.381226 0.218935 0.288658 0.387232 0.384090 0.657173 0.491172 -0.170481 -0.157290 0.008971 0.028831 -0.372984 -0.269697 -0.135325 0.009312 0.035191 0.078915 0.131161 0.021564 -0.161595 0.000085 0.036187 0.082672 -0.170323 -0.102144 0.083262 0.071866 0.075682 -0.141250 -0.146797 -0.080717 -0.157513 -0.124387 0.000684 -0.003954 -0.159053 -0.186047 -0.164218 -0.247055 -0.150733 -0.216176 -0.213333 -0.156222 -0.008515 -0.096018 -0.349929 -0.062443 -0.133582 0.039613 0.210861 0.132799 0.036134 -0.162304 0.089901 0.016569 -0.034304 0.006140 0.047296 -0.061703 0.005701 0.045150 0.203411 0.137779 -0.004452 -0.049033 0.050282 0.038911 0.117243 -0.232552 0.050231 0.026675 0.082563 0.267521 -0.027207 0.024832 -0.043937 0.068930 -0.049095 -0.127133 0.144399 0.055609 0.102892 0.207141 0.116990 0.281434 0.202968 0.063796 0.106024 0.196218 0.235092 -0.050666 -0.089361 0.236981 0.319847 0.028502
-0.054849 -0.008528 -0.110307 0.013312 0.520578 1.000000 -0.165818 -0.123955 0.135097 0.159580 -0.121563 0.007136 -0.148227 -0.044658 0.135102 0.243025 -0.200962 -0.194491 -0.043008 -0.083648 0.346862 0.474203 -0.065878 0.038810 0.129538 0.241682 0.624846 0.581326 -0.175271 -0.091238 -0.162611 -0.112823 -0.260377 -0.128930 -0.109144 0.060260 -0.038341 -0.041283 -0.024295 0.204823 -0.109075 0.040570 -0.015636 0.023350 0.115122 0.233833 0.142011 0.031113 0.022373 0.153344 -0.198843 -0.004566 -0.231412 -0.017055 -0.011718 0.028063 -0.059514 -0.014857 0.021858 0.001813 -0.071349 -0.055898 -0.065424 0.025534 -0.152495 0.015805 -0.128435 0.085598 -0.044060 0.071377 0.108325 0.007294 -0.255950 -0.324820 -0.323439 -0.320668 -0.218333 -0.115130 -0.183573 -0.172635 -0.048981 0.044556 0.179428 0.247117 -0.160270 0.131464 -0.061667 0.237003 -0.088207 -0.056085 -0.033722 0.038370 -0.014053 -0.001129 -0.074823 0.071873 -0.070974 0.063345 0.034234 -0.170826 0.093683 0.006170 0.196620 0.282048 0.205201 0.132661 0.080243 0.106978 0.012314 0.104792 0.153794 0.064917 -0.072665 0.114248 0.093551 0.110123
-0.022234 -0.306197 0.491487 0.142813 0.124436 -0.165818 1.000000 0.436562 0.303306 0.271300 0.381184 0.188301 0.477925 0.359053 0.394554 0.200770 0.143000 0.000893 -0.026557 0.175499 0.023892 0.007156 0.350379 0.411086 0.079221 0.121569 -0.004299 -0.099792 0.159177 0.117118 0.263197 0.299984 -0.137803 -0.004059 -0.141564 0.115813 -0.103120 -0.055819 0.198878 -0.105919 -0.199836 -0.043493 -0.262382 -0.264295 -0.274361 -0.388267 -0.347230 -0.350159 -0.282885 -0.357311 -0.175772 -0.381105 -0.189927 -0.318243 -0.077907 -0.288194 -0.212024 -0.350593 -0.049086 -0.332433 0.263410 0.100579 0.071550 -0.104619 0.242841 0.133543 -0.349106 -0.255687 -0.371121 -0.135979 0.200906 0.092700 0.216899 0.211260 0.267845 0.317059 0.017942 0.066422 0.136935 0.026376 0.042828 -0.055855 0.086565 0.111662 0.004609 -0.154417 -0.059628 -0.121076 0.271460 -0.020005 0.045620 0.070128 0.191162 0.195720 -0.177898 -0.136591 -0.290336 -0.199594 -0.277204 -0.105673 -0.024191 0.022820 -0.329890 -0.080617 0.067646 0.047143 -0.002476 -0.206262 0.107367 -0.022275 -0.222731 -0.244419 -0.073339 -0.094010 0.078430 -0.050154
-0.384050 -0.133372 -0.063351 0.545827 -0.046104 -0.123955 0.436562 1.000000 0.204716 0.458590 0.051407 0.316672 0.189747 0.533559 0.007422 0.281003 -0.212667 -0.128959 -0.056808 0.042074 -0.051310 -0.112896 -0.186034 0.241063 -0.102914 -0.157036 -0.199583 -0.412400 -0.041995 0.141313 -0.018837 0.191667 -0.049350 0.007762 0.019644 0.284544 -0.124882 0.083117 -0.153744 0.013192 0.026170 0.145361 -0.369472 -0.368964 -0.229263 -0.219562 -0.485553 -0.464406 -0.232475 -0.197568 -0.048753 -0.107742 -0.263248 -0.233767 -0.228632 -0.162073 -0.397241 -0.541708 -0.091174 0.075077 0.230342 0.485907 -0.085876 -0.185997 0.085928 0.502600 -0.025636 0.154834 -0.406168 -0.305489 0.034733 0.124323 -0.067246 0.179662 0.089554 0.199632 0.168662 0.249301 -0.006061 -0.245226 -0.223813 -0.420318 -0.038634 0.320944 -0.119083 0.038517 -0.079332 0.038719 -0.143959 -0.046273 0.334194 0.156358 0.488083 0.150245 -0.021065 0.012490 -0.283980 0.017812 -0.082233 0.148129 0.292664 0.034935 0.026995 0.086030 0.088412 0.042113 0.146906 -0.011775 0.270929 0.193724 -0.210700 -0.126973 0.234627 0.142360 0.026602 -0.002150
-0.231253 -0.213065 0.077451 0.006129 0.356388 0.135097 0.303306 0.204716 1.000000 0.496832 0.106888 -0.030148 0.289279 0.282903 0.392655 0.227958 0.141531 0.127881 -0.142832 0.005058 -0.007449 -0.009412 0.010801 0.081844 0.288120 0.297018 0.070577 0.145850 0.072826 0.024545 0.032836 -0.084868 -0.070576 -0.001499 -0.045987 0.095671 0.064666 0.033332 0.197481 0.122271 -0.112496 0.002884 -0.360631 -0.256520 -0.240185 -0.267022 -0.218862 -0.265865 -0.291006 -0.145685 -0.198935 -0.156041 -0.136063 -0.156977 -0.279512 -0.145086 -0.061079 -0.068757 -0.129198 -0.244010 -0.000952 -0.023640 0.138426 0.112400 0.156513 0.250812 -0.246611 -0.111854 -0.146581 -0.123407 -0.079462 0.004018 0.129279 -0.006157 0.134094 0.075443 -0.252079 -0.133065 0.110170 0.196572 0.240167 0.209404 0.208815 0.143909 0.142277 0.258767 0.134550 0.052506 0.259041 -0.044182 -0.102646 -0.085310 0.084130 0.140145 0.076667 0.030421 -0.096727 -0.118151 -0.181683 -0.130288 0.089422 -0.067313 -0.072813 -0.071992 0.026150 0.188682 0.201733 0.205929 0.028731 -0.030909 -0.348869 -0.090385 -0.084737 0.232612 0.295391 -0.046121
-0.220785 -0.233495 0.061783 0.351065 0.384820 0.159580 0.271300 0.458590 0.496832 1.000000 0.083128 0.107371 0.206669 0.356080 0.246524 0.321547 -0.042369 -0.130019 -0.222426 -0.052016 0.068266 -0.065342 -0.043914 0.158693 0.302730 0.206107 0.090328 -0.033787 -0.246812 -0.021497 -0.078779 -0.085428 -0.184224 -0.111542 -0.000616 0.244048 0.012092 0.152467 -0.085320 0.001644 -0.078850 -0.079252 -0.331576 -0.288071 -0.162488 -0.173430 -0.289121 -0.214764 -0.287564 -0.141354 -0.256939 -0.170292 -0.216711 -0.252498 -0.275598 -0.104327 -0.024058 -0.185481 -0.148796 -0.114035 -0.013999 0.109882 -0.059653 -0.170161 0.063071 0.369245 -0.095824 0.051859 -0.169006 -0.001577 -0.026428 0.061245 0.053418 0.044208 -0.023601 0.129142 0.084193 0.024824 -0.034756 -0.024862 -0.056071 -0.082150 -0.013483 0.168916 0.088322 0.114175 0.109071 -0.014207 0.057544 -0.109464 0.074359 0.083802 0.420169 0.352219 0.183386 0.166926 -0.159572 0.107893 -0.141102 -0.005014 0.446229 0.179039 0.191760 0.214413 0.122725 0.254288 0.246376 0.149475 0.336827 0.138940 -0.256944 -0.229875 0.054211 0.254612 0.192608 0.051811
0.464021 -0.019753 0.338639 -0.169939 0.072170 -0.121563 0.381184 0.051407 0.106888 0.083128 1.000000 0.617975 0.745669 0.475754 0.544268 0.321026 0.354421 0.152983 0.126553 0.081364 0.025548 0.042464 0.232321 0.150658 -0.052757 0.046249 0.098308 0.056626 0.464901 0.357060 0.037190 0.077530 -0.029621 -0.047177 -0.017677 -0.107852 -0.085711 -0.096185 0.008406 -0.256903 -0.290891 -0.036921 -0.377652 -0.416224 -0.197966 -0.397357 -0.263987 -0.354561 -0.251222 -0.316289 -0.251239 -0.385956 -0.017038 -0.419687 0.137953 -0.109281 0.057813 -0.111707 0.293290 -0.472944 0.471379 0.183415 0.153296 0.090211 0.496989 0.220041 -0.297822 -0.293210 -0.198998 -0.122734 -0.071818 -0.065607 0.361633 0.149947 0.167295 0.289879 0.059809 -0.103485 0.068719 0.236942 0.250070 0.249183 0.144513 0.288825 0.375375 0.206829 0.064984 0.032473 0.335008 0.267741 -0.370204 -0.399274 -0.292831 -0.190858 -0.080499 -0.065304 -0.137199 -0.155772 -0.245123 -0.221921 0.028988 -0.026200 -0.386488 -0.227389 -0.200666 0.009976 0.089875 -0.073943 -0.104759 -0.186107 -0.211412 -0.234515 -0.259457 -0.009130 0.191281 -0.028569
0.186462 0.273193 0.106354 0.038489 0.058758 0.007136 0.188301 0.316672 -0.030148 0.107371 0.617975 1.000000 0.516380 0.696815 0.291728 0.465870 0.118417 0.120645 0.095335 -0.141171 0.129214 0.064139 -0.148626 -0.049994 -0.283124 -0.162655 0.152654 0.016273 0.241830 0.466100 -0.179744 -0.118858 -0.051288 -0.015745 -0.130006 -0.112531 -0.075633 -0.035971 -0.087545 -0.064571 -0.032021 0.141156 -0.340974 -0.377849 -0.197492 -0.312178 -0.230856 -0.339289 -0.077335 -0.046835 0.001137 -0.041725 0.037569 -0.297006 0.141850 -0.003423 -0.173721 -0.299689 0.308126 -0.054397 0.519648 0.482574 -0.013502 0.072965 0.118221 0.421142 -0.103325 -0.149344 -0.178541 -0.228071 0.037709 -0.100133 0.250998 0.195980 0.215331 0.291383 0.165934 0.013426 -0.184869 -0.034472 0.005178 -0.036291 -0.011717 0.332529 0.162146 0.197622 -0.011318 0.161638 -0.080836 0.271585 -0.187699 -0.325125 -0.070026 -0.240772 -0.270808 -0.047503 -0.169336 -0.135928 -0.104249 -0.028841 0.253558 0.073241 -0.197527 -0.123839 -0.214697 -0.124279 0.043237 -0.098644 0.007442 -0.047033 -0.297907 -0.179467 -0.024531 0.087156 0.083920 0.057138
0.126870 -0.147308 0.380562 -0.117207 0.141685 -0.148227 0.477925 0.189747 0.289279 0.206669 0.745669 0.516380 1.000000 0.621842 0.644507 0.425270 0.342764 0.144631 -0.076103 0.017923 -0.015101 0.002699 0.179745 0.168456 -0.007040 0.155343 0.141553 0.110128 0.356451 0.338313 0.021239 0.046776 -0.042347 0.021537 0.042655 0.095002 -0.090318 -0.132764 0.035257 -0.167806 -0.234340 0.085069 -0.505280 -0.456729 -0.362134 -0.513361 -0.415512 -0.438147 -0.333487 -0.350328 -0.302826 -0.448370 -0.029912 -0.487290 0.004278 -0.243425 -0.100216 -0.186301 0.226043 -0.454159 0.505400 0.238498 0.158192 0.129116 0.430204 0.378272 -0.373348 -0.244228 -0.278062 -0.098275 -0.179539 -0.063100 0.390514 0.156993 0.234477 0.234954 0.076747 -0.013835 0.050088 0.129221 0.222541 0.238600 0.154948 0.300036 0.287541 0.117270 0.104469 -0.079723 0.353863 0.175444 -0.290409 -0.303372 -0.119786 0.009277 -0.112613 -0.072090 -0.057523 -0.257581 -0.339384 -0.239166 -0.012393 0.107562 -0.403308 -0.160390 -0.196432 0.061462 0.076822 0.008243 0.012733 -0.150948 -0.219409 -0.172884 -0.267100 0.098973 0.269304 0.029845
-0.093393 0.093070 -0.010183 0.198379 0.074523 -0.044658 0.359053 0.533559 0.282903 0.356080 0.475754 0.696815 0.621842 1.000000 0.370517 0.572485 0.211646 0.163470 -0.092580 0.004294 -0.042279 -0.100636 -0.166751 0.066666 -0.095063 -0.090800 0.078586 -0.106107 0.185836 0.416471 -0.112504 -0.088480 -0.056579 0.086530 -0.059009 0.179653 -0.097325 -0.008842 -0.130637 -0.164619 -0.096072 0.131441 -0.496152 -0.499857 -0.375378 -0.472545 -0.428385 -0.422017 -0.294479 -0.217440 -0.121999 -0.179863 -0.084187 -0.399262 -0.110891 -0.099156 -0.163531 -0.265860 0.116529 -0.145701 0.479195 0.510675 0.084698 0.192754 0.119229 0.543100 -0.087876 -0.124143 -0.190770 -0.061483 -0.010636 -0.104535 0.285191 0.097011 0.164420 0.244154 0.040877 0.040555 0.055716 0.070951 0.061218 0.055258 -0.064897 0.339109 0.090239 0.123329 -0.059797 -0.039768 -0.032591 0.132421 -0.138298 -0.220720 0.069373 -0.014970 -0.187536 0.061693 -0.196814 -0.093513 -0.243668 0.035443 0.195011 0.066417 -0.176174 0.027476 -0.021318 0.029832 0.021036 -0.018907 0.156148 -0.003854 -0.332718 -0.267773 -0.066367 0.191710 0.173842 0.056749
0.038085 -0.235095 0.241536 -0.166068 0.362953 0.135102 0.394554 0.007422 0.392655 0.246524 0.544268 0.291728 0.644507 0.370517 1.000000 0.430686 0.295797 0.092048 -0.098225 -0.006825 0.138910 0.197684 0.388884 0.335375 0.195802 0.257644 0.332124 0.255709 0.303686 0.144859 0.092551 0.108946 -0.236362 -0.183624 -0.154529 -0.027132 -0.072823 -0.114515 0.142103 0.023187 -0.181176 0.103915 -0.324004 -0.287266 -0.186340 -0.270064 -0.215058 -0.291603 -0.221294 -0.144536 -0.320804 -0.279812 -0.079324 -0.395427 -0.063479 -0.109249 -0.076472 -0.143142 0.032062 -0.460995 0.200400 0.013794 -0.014357 -0.005793 0.408601 0.140385 -0.483652 -0.282953 -0.240680 -0.041658 -0.066049 -0.062510 0.193172 -0.022945 0.156186 0.092205 -0.113665 -0.091401 0.110963 0.090496 0.215667 0.171885 0.349046 0.315723 0.275284 0.161716 0.219891 0.112987 0.385518 0.098146 -0.212408 -0.184136 -0.072455 0.120795 -0.019451 -0.030354 -0.174258 -0.179745 -0.182460 -0.239123 0.013788 0.138397 -0.206384 -0.078299 -0.012695 0.206650 0.050103 -0.009719 -0.013473 -0.060094 -0.197422 -0.167938 -0.247547 0.100740 0.290899 0.029701
-0.129589 -0.024958 0.015356 0.243974 0.324597 0.243025 0.200770 0.281003 0.227958 0.321547 0.321026 0.465870 0.425270 0.572485 0.430686 1.000000 0.107498 0.114270 -0.196522 -0.025158 0.237308 0.189982 0.053252 0.218516 -0.011261 0.081010 0.367056 0.218433 0.166169 0.231120 -0.009890 0.045183 -0.187869 -0.084964 -0.202329 0.014594 -0.062257 0.064797 0.034235 0.054418 0.027472 0.299301 -0.256035 -0.299336 -0.314765 -0.374672 -0.159840 -0.297847 -0.210577 -0.130191 -0.177398 -0.172855 -0.107778 -0.249474 -0.120556 -0.048573 -0.186021 -0.242942 -0.063724 -0.238202 0.232636 0.227757 0.078824 0.114804 -0.026674 0.266211 -0.349674 -0.260782 -0.223866 -0.107742 0.068256 -0.100155 0.295139 0.130691 0.193357 0.123797 0.038175 0.037158 0.055280 -0.060488 0.198385 0.111848 0.209537 0.443209 0.116903 0.228486 -0.057307 0.169640 0.043642 0.145063 -0.100441 -0.155067 0.055854 0.079235 -0.120808 0.006164 -0.187295 -0.063392 -0.131154 -0.014380 0.195896 0.065834 -0.061356 -0.118709 -0.138311 -0.036196 0.124192 0.021235 0.082779 -0.073307 -0.170488 -0.138423 -0.103509 0.075421 0.204491 0.051709
0.280060 0.094215 0.048001 -0.198316 -0.130126 -0.200962 0.143000 -0.212667 0.141531 -0.042369 0.354421 0.118417 0.342764 0.211646 0.295797 0.107498 1.000000 0.679481 0.194639 0.354707 -0.011945 -0.157492 0.148876 -0.045389 0.148783 0.166039 -0.065038 -0.009432 0.498751 0.260640 0.305819 0.106574 0.316800 0.370641 -0.094644 -0.280208 0.194657 -0.085588 0.205668 -0.113731 0.057508 -0.028257 -0.167405 -0.158599 0.128006 -0.200894 -0.065768 -0.136850 -0.444133 -0.197679 -0.335134 -0.412394 0.047481 -0.305394 0.007948 -0.288135 0.556809 0.408506 -0.061352 -0.439910 0.194728 -0.147663 0.651114 0.569768 0.163800 -0.185669 0.016635 -0.264812 0.156015 0.216806 0.013085 -0.259821 0.444529 -0.018068 0.008541 0.128086 -0.117795 -0.111714 0.488122 0.500052 0.672974 0.607703 0.112982 0.076126 0.331465 0.089253 0.091191 -0.133336 0.282734 0.028273 -0.515318 -0.493676 -0.396875 -0.282168 -0.056399 -0.071978 -0.195652 -0.381193 -0.385382 -0.296606 -0.198505 0.003985 -0.204246 -0.324873 -0.237809 -0.178814 -0.018613 -0.019139 -0.231664 -0.263011 -0.329673 -0.015643 -0.296954 -0.100662 -0.094896 -0.201285
0.177584 0.247323 -0.050469 -0.202794 -0.175236 -0.194491 0.000893 -0.128959 0.127881 -0.130019 0.152983 0.120645 0.144631 0.163470 0.092048 0.114270 0.679481 1.000000 0.231410 0.307340 0.072839 -0.113451 0.003408 -0.228704 0.029282 0.099083 -0.115846 -0.050055 0.451100 0.201809 0.240067 -0.035600 0.394152 0.349749 -0.054204 -0.179585 0.120090 -0.003533 0.152001 0.024721 0.142180 0.087637 -0.155791 -0.143577 -0.006201 -0.277039 -0.023669 -0.130854 -0.385054 -0.166174 -0.278502 -0.278502 0.111782 -0.209968 -0.101005 -0.199395 0.417698 0.419146 -0.021288 -0.320782 0.089383 -0.128214 0.525133 0.505573 -0.038635 -0.202477 0.097948 -0.346309 0.289484 0.060937 0.107614 -0.190845 0.368686 0.070275 0.129407 0.136030 0.012676 -0.009410 0.286533 0.450856 0.524975 0.524904 0.090606 -0.053728 0.157952 0.066429 0.044267 -0.000917 0.053862 0.048532 -0.428467 -0.391279 -0.252466 -0.250555 0.081074 0.018987 -0.124745 -0.212757 -0.294587 -0.169251 -0.230310 -0.033093 -0.159522 -0.351426 -0.302068 -0.275612 -0.120020 -0.014118 -0.205863 -0.147622 -0.326243 0.092685 -0.256551 0.007272 -0.099434 -0.148219
0.239346 0.079907 -0.035345 -0.104492 -0.159059 -0.043008 -0.026557 -0.056808 -0.142832 -0.222426 0.126553 0.095335 -0.076103 -0.092580 -0.098225 -0.196522 0.194639 0.231410 1.000000 0.493969 -0.018155 0.022080 0.002604 -0.103833 -0.183344 -0.199166 -0.127311 -0.177701 0.427350 0.229897 0.039857 0.110449 0.385247 0.329912 -0.021761 -0.224103 0.063801 -0.014801 0.037261 0.131748 0.056654 0.168204 -0.085061 -0.089757 0.037149 -0.008911 -0.043117 -0.141831 -0.160309 -0.042383 -0.218649 -0.078406 0.042806 0.037103 -0.072998 -0.082121 -0.044390 -0.063038 -0.164395 -0.039198 -0.056483 -0.135599 0.227935 0.059851 0.010379 -0.129673 -0.007864 -0.084483 0.127001 -0.076269 -0.154286 -0.058856 0.107958 0.183206 -0.012944 0.011698 0.186334 0.144137 0.068211 0.064796 -0.105210 -0.044993 0.266400 0.206773 0.029840 -0.097291 0.020261 0.026995 -0.090620 -0.119070 -0.012616 0.107156 -0.245344 -0.238676 0.054791 0.043536 -0.119629 0.056896 0.061496 -0.139178 -0.235252 -0.007722 -0.111251 -0.046492 -0.020080 -0.059736 -0.001504 -0.117554 -0.114262 0.090959 0.005285 0.220382 0.030810 -0.007417 -0.053985 -0.172257
0.108266 0.033097 -0.099333 0.150815 -0.116924 -0.083648 0.175499 0.042074 0.005058 -0.052016 0.081364 -0.141171 0.017923 0.004294 -0.006825 -0.025158 0.354707 0.307340 0.493969 1.000000 -0.023523 0.063088 0.270954 0.287629 0.094634 -0.027847 -0.079237 -0.213401 0.385760 0.065089 0.242691 0.375327 0.316628 0.487140 -0.046318 -0.012857 -0.169644 -0.198549 -0.012975 -0.067031 0.021057 0.007003 -0.204464 -0.219156 -0.101668 -0.155678 -0.326851 -0.356093 -0.432458 -0.358368 -0.474197 -0.469599 -0.185318 -0.218724 -0.338918 -0.455981 0.141548 0.163431 -0.289905 -0.329572 -0.037026 -0.143856 0.317230 0.196997 0.112232 -0.080131 -0.101081 -0.025509 0.277123 0.376674 -0.057728 -0.163562 0.149090 0.027664 -0.134302 0.041077 -0.041008 0.119879 0.485756 0.210824 0.146102 0.231129 0.310054 0.229975 0.036142 -0.115320 -0.158414 -0.135633 0.149374 -0.162216 -0.079152 0.162591 -0.035205 -0.024165 0.050699 0.005430 -0.171448 -0.071627 -0.298946 -0.124564 -0.324876 -0.073782 -0.102580 -0.066874 0.157658 0.137661 -0.088614 -0.035766 0.000561 0.052106 -0.057384 0.053850 -0.217249 -0.076077 -0.030899 0.083556
0.179505 0.074204 0.144977 -0.029973 0.242105 0.346862 0.023892 -0.051310 -0.007449 0.068266 0.025548 0.129214 -0.015101 -0.042279 0.138910 0.237308 -0.011945 0.072839 -0.018155 -0.023523 1.000000 0.437045 -0.024157 -0.051755 0.051543 0.227777 0.387536 0.275402 -0.109084 -0.058535 -0.073897 -0.044156 -0.199905 -0.140991 -0.080431 -0.139489 0.105387 0.218854 0.277936 0.327657 0.204199 0.170763 0.021381 0.080719 -0.041911 -0.109620 0.211129 0.070881 0.156325 0.034959 0.063732 0.138979 0.022927 0.196700 0.202946 0.189085 -0.029292 0.031236 0.085287 -0.073385 -0.060928 -0.093130 -0.141102 -0.169069 -0.114115 -0.155759 -0.286998 -0.327653 -0.048032 -0.035591 0.217906 -0.020993 0.007244 0.038267 0.099072 0.110503 0.033416 -0.036476 -0.125930 -0.115466 -0.033067 -0.133243 0.273290 0.127834 -0.064831 -0.115355 0.151386 0.254151 -0.133716 0.007962 0.040077 0.003241 0.014528 -0.040121 0.188628 0.052174 -0.039226 -0.056190 0.242390 0.015364 -0.014104 0.029916 0.113173 -0.167387 -0.209941 -0.129914 0.091952 -0.117082 0.033389 0.029572 0.006818 0.119264 0.016084 0.020262 0.118826 0.148555
0.057447 -0.034171 0.134959 0.029894 0.381226 0.474203 0.007156 -0.112896 -0.009412 -0.065342 0.042464 0.064139 0.002699 -0.100636 0.197684 0.189982 -0.157492 -0.113451 0.022080 0.063088 0.437045 1.000000 0.224754 0.183591 0.103553 0.304532 0.459901 0.575602 0.028543 -0.083152 -0.041937 0.122943 -0.193333 -0.031503 -0.026824 0.029872 -0.200700 -0.057647 0.125174 0.272916 -0.000861 0.153390 0.099519 0.058569 0.020741 0.110042 0.156807 0.014552 0.089466 -0.037150 -0.109012 -0.025996 0.039515 0.032567 0.183668 0.110553 -0.228807 -0.157578 0.068065 -0.139230 -0.098415 -0.071624 -0.211613 -0.163593 -0.025773 -0.098251 -0.299642 -0.106995 -0.068754 -0.070585 -0.065399 0.094632 -0.145997 -0.151189 -0.134495 -0.141875 -0.252114 0.021606 -0.020633 -0.084087 -0.091756 -0.049698 0.379556 0.258923 -0.079166 -0.017068 0.022729 0.214832 -0.070124 0.008571 0.060828 -0.062168 -0.029143 -0.117208 -0.076225 -0.128556 0.005657 -0.152489 0.117188 -0.086480 -0.188912 -0.178166 -0.079119 -0.114224 -0.085933 -0.061743 -0.096733 -0.002853 -0.122668 0.083680 0.253589 0.082090 -0.042244 -0.080610 0.106993 0.166906
0.021991 -0.249848 0.421335 -0.031306 0.218935 -0.065878 0.350379 -0.186034 0.010801 -0.043914 0.232321 -0.148626 0.179745 -0.166751 0.388884 0.053252 0.148876 0.003408 0.002604 0.270954 -0.024157 0.224754 1.000000 0.636345 0.421019 0.411532 0.228131 0.150776 0.217116 -0.174673 0.542961 0.571084 -0.107659 -0.003299 -0.172709 -0.135125 -0.155318 -0.218125 0.075589 -0.031968 -0.168018 -0.109818 -0.061353 -0.059099 -0.067434 -0.156666 -0.223682 -0.155697 -0.147412 -0.303652 -0.366774 -0.399460 -0.174177 -0.320728 -0.116638 -0.239320 0.058229 0.076716 -0.207942 -0.453287 -0.054291 -0.238747 -0.039421 -0.019533 0.394499 -0.223255 -0.363053 -0.202523 -0.005316 0.123127 0.053525 0.099230 0.147691 -0.014304 0.050615 0.120792 -0.108639 0.001669 0.367399 0.152260 0.109181 0.168391 0.263715 0.123406 0.080626 -0.124874 0.060007 0.006874 0.457497 -0.029633 -0.096872 0.023961 -0.094853 0.202599 0.041179 -0.090121 -0.166519 -0.015212 -0.294875 -0.337986 -0.158113 0.004120 -0.275549 -0.159394 0.059577 0.120922 0.000525 -0.033015 -0.018134 -0.022286 0.098415 -0.125564 -0.324112 -0.180884 0.066580 -0.099032
-0.178953 -0.267979 0.295310 0.199543 0.288658 0.038810 0.411086 0.241063 0.081844 0.158693 0.150658 -0.049994 0.168456 0.066666 0.335375 0.218516 -0.045389 -0.228704 -0.103833 0.287629 -0.051755 0.183591 0.636345 1.000000 0.291852 0.340627 0.216574 0.022863 0.007946 -0.228332 0.354241 0.649143 -0.282940 -0.078505 -0.201630 0.047338 -0.211994 -0.226293 -0.004109 -0.040146 -0.119637 0.023162 0.006858 -0.027428 -0.128444 -0.066864 -0.321524 -0.257067 -0.173718 -0.421112 -0.271353 -0.424930 -0.383651 -0.325051 -0.135173 -0.287386 -0.236475 -0.260580 -0.259583 -0.329500 -0.138374 -0.187394 -0.201961 -0.246931 0.179004 -0.004389 -0.363210 0.208883 -0.212197 0.153786 0.148506 0.094716 -0.080476 -0.093683 -0.070846 0.132674 -0.070518 0.239548 0.388301 0.029697 -0.027583 -0.046499 0.270031 0.296535 -0.108007 -0.089086 -0.115385 0.135176 0.234091 0.027923 0.254839 0.191503 0.263917 0.338434 -0.043952 -0.093247 -0.113876 -0.072781 -0.209367 -0.146512 0.090753 0.043798 -0.132197 0.018312 0.268795 0.187393 0.048414 -0.156511 0.111153 0.165145 0.218975 -0.237353 -0.112359 -0.111970 0.056530 0.019532
-0.092580 -0.170558 0.167960 0.129380 0.387232 0.129538 0.079221 -0.102914 0.288120 0.302730 -0.052757 -0.283124 -0.007040 -0.095063 0.195802 -0.011261 0.148783 0.029282 -0.183344 0.094634 0.051543 0.103553 0.421019 0.291852 1.000000 0.627103 0.295877 0.158290 -0.183198 -0.328029 0.293102 0.259636 -0.177345 0.017817 -0.058043 0.194157 0.040955 0.124246 0.197874 0.100784 -0.196652 -0.162751 0.002739 0.085770 0.007524 0.042430 -0.079148 -0.031408 -0.176324 -0.177189 -0.273789 -0.184577 -0.270298 -0.195565 -0.040357 -0.162854 0.128650 0.088983 -0.317128 -0.247773 -0.269797 -0.265604 0.020150 0.031793 0.021458 -0.200193 -0.219493 0.023540 0.081908 0.165503 0.114868 0.263557 0.111333 -0.048570 -0.109765 -0.062120 -0.060153 0.056965 0.339036 0.167130 0.195671 0.127764 0.073139 -0.002164 0.000009 -0.060851 0.174504 -0.121502 0.242928 -0.277296 -0.024535 0.004003 0.108076 0.210461 0.115782 0.008691 0.030377 -0.143091 -0.115710 -0.096412 0.027476 0.096203 0.102675 0.120105 0.072954 0.163517 0.108056 0.053179 0.022313 -0.065126 0.134127 -0.145692 -0.036641 0.032324 0.028994 -0.024175
0.018040 -0.229339 0.399617 -0.090472 0.384090 0.241682 0.121569 -0.157036 0.297018 0.206107 0.046249 -0.162655 0.155343 -0.090800 0.257644 0.081010 0.166039 0.099083 -0.199166 -0.027847 0.227777 0.304532 0.411532 0.340627 0.627103 1.000000 0.316401 0.401486 -0.084399 -0.364929 0.428632 0.350204 -0.158687 0.069212 -0.072222 0.078299 0.012932 0.002788 0.257403 0.222835 -0.140908 0.040138 0.032911 0.156139 -0.025391 0.010432 -0.002252 0.004338 -0.302278 -0.340776 -0.342241 -0.356275 -0.300326 -0.252745 0.025743 -0.178687 0.069215 0.069642 -0.175617 -0.431712 -0.159851 -0.315239 -0.048869 0.006868 0.113363 -0.150525 -0.400111 -0.100830 0.023344 0.074750 0.038508 0.059744 0.100006 -0.179545 -0.075811 -0.036012 -0.175473 0.018501 0.175087 0.310007 0.216065 0.193232 0.222576 0.109503 0.000121 0.054529 0.279131 0.158561 0.254189 -0.095720 -0.060352 -0.165215 0.002931 0.117185 0.089160 -0.129842 0.108191 -0.241062 -0.176184 -0.331616 -0.096945 -0.063695 -0.075963 -0.016932 0.078313 0.101884 0.289615 0.163013 -0.042357 -0.001201 0.199853 -0.122507 -0.301340 -0.027288 0.107489 0.066154
-0.017225 -0.038477 0.105835 -0.085420 0.657173 0.624846 -0.004299 -0.199583 0.070577 0.090328 0.098308 0.152654 0.141553 0.078586 0.332124 0.367056 -0.065038 -0.115846 -0.127311 -0.079237 0.387536 0.459901 0.228131 0.216574 0.295877 0.316401 1.000000 0.601937 -0.093293 -0.104860 -0.125394 -0.043527 -0.414236 -0.283534 -0.156901 -0.026366 -0.000538 -0.019466 0.167412 0.118449 0.006357 0.076609 -0.065674 -0.056824 -0.119535 -0.083200 0.052518 -0.022627 0.021558 -0.025600 -0.210402 -0.085662 -0.082785 -0.157368 0.147535 0.049241 -0.081334 -0.028789 0.010599 -0.126741 0.054118 -0.025939 -0.143830 0.072656 -0.031320 -0.010381 -0.351551 -0.120081 -0.094281 0.103745 0.149159 -0.036449 0.003024 -0.189183 -0.063920 -0.179378 -0.162667 -0.184381 -0.008041 -0.123092 0.006863 0.063902 0.263342 0.235254 -0.011524 0.029496 0.069520 0.232366 0.073870 0.022039 -0.073800 0.018286 -0.059281 0.131767 -0.089792 0.113154 -0.013172 -0.046699 -0.060787 -0.118816 0.031600 0.092528 0.059220 0.201668 0.065929 0.171112 0.037489 -0.018329 -0.027136 0.015409 0.129414 0.042018 -0.178946 0.043742 0.182477 0.099840
0.089501 -0.028138 0.231059 -0.239408 0.491172 0.581326 -0.099792 -0.412400 0.145850 -0.033787 0.056626 0.016273 0.110128 -0.106107 0.255709 0.218433 -0.009432 -0.050055 -0.177701 -0.213401 0.275402 0.575602 0.150776 0.022863 0.158290 0.401486 0.601937 1.000000 -0.049486 -0.097287 -0.106208 -0.077166 -0.208301 -0.234752 -0.119425 -0.140892 0.050787 -0.191985 0.079711 0.099442 -0.150168 0.040857 0.073926 0.154418 -0.013873 0.069814 0.264387 0.179679 0.092030 0.092209 -0.132828 -0.046813 0.023989 -0.043137 0.161874 0.130131 -0.064951 0.058851 0.172609 -0.109260 -0.060977 -0.175945 -0.117717 0.021884 -0.081690 -0.154542 -0.207394 -0.143828 -0.052597 0.092709 -0.105025 -0.085603 -0.007852 -0.259230 -0.058508 -0.234787 -0.254960 -0.258616 -0.090503 0.022300 0.144437 0.234986 0.164012 0.069450 -0.079553 0.025253 0.029414 0.176619 0.177376 0.049741 -0.114817 -0.165259 -0.219076 -0.051062 -0.109132 -0.091522 0.231886 -0.108514 0.069209 -0.200527 -0.005643 -0.117806 -0.051164 0.050415 -0.036146 0.078550 -0.084433 0.117149 -0.201881 -0.051206 0.203552 0.074255 -0.177315 -0.035789 0.036461 0.059307
0.123028 0.069923 -0.099941 -0.100599 -0.170481 -0.175271 0.159177 -0.041995 0.072826 -0.246812 0.464901 0.241830 0.356451 0.185836 0.303686 0.166169 0.498751 0.451100 0.427350 0.385760 -0.109084 0.028543 0.217116 0.007946 -0.183198 -0.084399 -0.093293 -0.049486 1.000000 0.430351 0.236091 0.233535 0.357557 0.370993 -0.063313 -0.244614 0.049123 -0.135947 0.062692 0.001321 0.058174 0.191897 -0.200072 -0.271710 0.014305 -0.223853 -0.172931 -0.342731 -0.378030 -0.188274 -0.355325 -0.406796 0.072502 -0.334599 -0.073645 -0.285420 0.064773 0.059292 -0.089610 -0.401876 0.238052 0.037479 0.503858 0.331476 0.374256 0.000339 -0.123860 -0.295357 0.041564 -0.129170 -0.122517 -0.239255 0.441844 0.110548 0.123495 0.154546 -0.055161 -0.010860 0.367015 0.344914 0.364231 0.435054 0.368642 0.338614 0.324612 0.239967 0.048536 0.014955 0.276571 0.022275 -0.320486 -0.314211 -0.374350 -0.298926 -0.206583 -0.228151 -0.243743 -0.214180 -0.234300 -0.408204 -0.315992 -0.093923 -0.334455 -0.392538 -0.272986 -0.189837 -0.050290 -0.025083 -0.333666 -0.079104 -0.232679 0.126510 -0.237974 -0.163634 -0.048735 -0.194387
0.136257 0.296991 -0.164523 0.088582 -0.157290 -0.091238 0.117118 0.141313 0.024545 -0.021497 0.357060 0.466100 0.338313 0.416471 0.144859 0.231120 0.260640 0.201809 0.229897 0.065089 -0.058535 -0.083152 -0.174673 -0.228332 -0.328029 -0.364929 -0.104860 -0.097287 0.430351 1.000000 -0.136174 -0.126110 0.284345 0.173145 0.115252 -0.011089 0.152741 0.085304 -0.061727 -0.214903 0.153180 0.099686 -0.365490 -0.475144 -0.080979 -0.360148 -0.232652 -0.319500 -0.246042 -0.080926 -0.070947 -0.180078 0.042381 -0.253423 0.093263 -0.126724 0.032022 -0.110417 0.063540 -0.058847 0.407627 0.316399 0.360384 0.238826 0.080116 0.139626 0.161816 -0.174731 -0.122951 -0.212039 -0.089942 -0.149439 0.421031 0.292240 0.217043 0.230370 0.162246 -0.029732 -0.114291 0.098266 0.166091 0.217293 -0.027034 0.274180 0.305060 0.096664 -0.033039 -0.006264 -0.099711 -0.010728 -0.228755 -0.272219 -0.201543 -0.244808 -0.240590 0.132417 -0.216405 0.049964 -0.124781 -0.170847 0.017615 0.095069 -0.087627 -0.134634 -0.212553 -0.090623 0.039165 -0.126928 -0.055966 -0.121116 -0.316315 -0.010848 -0.069868 0.186407 0.227905 -0.025523
-0.055367 -0.193094 0.152802 0.080918 0.008971 -0.162611 0.263197 -0.018837 0.032836 -0.078779 0.037190 -0.179744 0.021239 -0.112504 0.092551 -0.009890 0.305819 0.240067 0.039857 0.242691 -0.073897 -0.041937 0.542961 0.354241 0.293102 0.428632 -0.125394 -0.106208 0.236091 -0.136174 1.000000 0.739288 0.294843 0.363849 -0.051112 -0.101886 0.061977 -0.005696 0.230134 -0.064786 -0.109969 -0.051312 0.025925 0.048029 0.132676 -0.061991 -0.128537 -0.195133 -0.305417 -0.345591 -0.255964 -0.351039 -0.332020 -0.244281 -0.156001 -0.341025 0.231393 0.134908 -0.305076 -0.433599 -0.099888 -0.255302 0.248040 0.126079 0.217059 -0.199659 -0.092258 -0.118833 0.097103 0.062189 0.266920 0.129094 0.233761 0.040077 0.058905 0.155664 0.051459 0.149543 0.445171 0.297271 0.270979 0.253375 0.117715 -0.033027 0.021155 -0.019104 0.023796 -0.145057 0.338965 -0.180884 -0.145107 -0.213955 -0.075554 -0.078761 0.024372 -0.085323 -0.263331 -0.328822 -0.355344 -0.355307 -0.233759 -0.232134 -0.245916 -0.305862 -0.085991 -0.201510 0.010351 -0.180338 -0.038082 -0.100977 -0.013754 -0.194061 -0.277591 -0.231543 -0.227685 -0.119250
-0.167924 -0.207796 0.130356 0.260923 0.028831 -0.112823 0.299984 0.191667 -0.084868 -0.085428 0.077530 -0.118858 0.046776 -0.088480 0.108946 0.045183 0.106574 -0.035600 0.110449 0.375327 -0.044156 0.122943 0.571084 0.649143 0.259636 0.350204 -0.043527 -0.077166 0.233535 -0.126110 0.739288 1.000000 0.166172 0.323847 -0.116276 -0.047147 -0.098568 -0.036115 0.063920 0.010214 -0.032795 0.100717 0.094471 0.099365 0.092139 -0.028335 -0.188481 -0.269399 -0.259813 -0.401518 -0.258675 -0.389958 -0.379119 -0.224926 -0.135953 -0.322810 -0.157892 -0.183919 -0.304458 -0.379566 -0.094660 -0.156114 -0.029655 -0.130007 0.180138 -0.092272 -0.231216 0.063346 -0.104031 0.025394 0.125910 0.191105 0.075792 -0.003831 -0.053388 0.116738 0.057040 0.355234 0.467106 0.102271 0.029814 -0.002193 0.287031 0.289079 -0.122811 -0.073401 -0.037384 -0.059622 0.239221 -0.139104 0.115419 -0.026889 0.078007 -0.066229 -0.026614 -0.114736 -0.187499 -0.260345 -0.209021 -0.292713 -0.159443 -0.210950 -0.227502 -0.215493 0.005941 -0.068358 -0.032438 -0.213019 -0.026412 0.126388 0.183978 -0.088786 -0.111821 -0.227241 -0.175677 -0.109302
-0.006651 0.162886 -0.168659 -0.061997 -0.372984 -0.260377 -0.137803 -0.049350 -0.070576 -0.184224 -0.029621 -0.051288 -0.042347 -0.056579 -0.236362 -0.187869 0.316800 0.394152 0.385247 0.316628 -0.199905 -0.193333 -0.107659 -0.282940 -0.177345 -0.158687 -0.414236 -0.208301 0.357557 0.284345 0.294843 0.166172 1.000000 0.610444 0.228532 -0.038585 0.151088 -0.053224 -0.023554 -0.019388 0.099690 0.037522 -0.127765 -0.124338 0.022874 -0.123114 -0.076155 -0.143581 -0.269859 -0.120218 -0.162613 -0.163363 0.027618 -0.037750 -0.133378 -0.252842 0.235308 0.229620 -0.090666 -0.122185 0.110450 -0.036486 0.358965 0.262315 -0.003316 -0.117599 0.234730 -0.048110 0.269448 -0.054814 -0.169745 -0.156869 0.264817 0.150889 -0.091114 0.107275 0.049318 0.142911 0.164757 0.204475 0.225928 0.328496 0.111981 0.018051 0.013136 -0.000952 0.038094 -0.151645 0.014745 -0.265966 -0.151875 -0.205780 -0.207813 -0.322942 -0.029252 -0.064240 0.024474 -0.229198 -0.218780 -0.256350 -0.367595 -0.179528 -0.116448 -0.327502 -0.243504 -0.221583 -0.114973 -0.089023 -0.243042 0.014195 -0.136798 0.082333 -0.091550 -0.053436 -0.209240 -0.006938
-0.051853 0.158516 -0.172719 0.091710 -0.269697 -0.128930 -0.004059 0.007762 -0.001499 -0.111542 -0.047177 -0.015745 0.021537 0.086530 -0.183624 -0.084964 0.370641 0.349749 0.329912 0.487140 -0.140991 -0.031503 -0.003299 -0.078505 0.017817 0.069212 -0.283534 -0.234752 0.370993 0.173145 0.363849 0.323847 0.610444 1.000000 0.218170 0.156130 -0.028504 -0.020579 -0.036967 0.027201 0.122883 0.052133 -0.014115 -0.009211 0.059443 -0.024964 -0.166854 -0.252883 -0.432632 -0.271237 -0.319894 -0.347898 -0.145894 -0.197676 -0.162542 -0.478501 0.179771 0.251140 -0.203436 -0.276509 0.086867 -0.062232 0.392693 0.374667 -0.038028 -0.029710 0.141023 0.060661 0.313635 0.074996 -0.039695 -0.044788 0.169626 -0.015595 -0.233573 0.065223 -0.010963 0.279126 0.397151 0.325361 0.231711 0.350323 0.188340 0.156040 -0.012195 0.019077 0.015802 -0.309507 0.009681 -0.282108 -0.288366 -0.204674 -0.145911 -0.302219 -0.175610 -0.092157 -0.093062 -0.333420 -0.314376 -0.375804 -0.401144 -0.177211 -0.225362 -0.253577 -0.110608 -0.205328 -0.027935 -0.201105 -0.117576 0.072005 -0.055146 0.018813 -0.116529 -0.227486 -0.309467 0.032234
-0.047629 -0.140240 -0.152632 0.033103 -0.135325 -0.109144 -0.141564 0.019644 -0.045987 -0.000616 -0.017677 -0.130006 0.042655 -0.059009 -0.154529 -0.202329 -0.094644 -0.054204 -0.021761 -0.046318 -0.080431 -0.026824 -0.172709 -0.201630 -0.058043 -0.072222 -0.156901 -0.119425 -0.063313 0.115252 -0.051112 -0.116276 0.228532 0.218170 1.000000 0.459426 0.127359 0.105733 0.042105 -0.109091 -0.041726 -0.002042 -0.084903 -0.111394 -0.033495 -0.024896 -0.120450 -0.128984 -0.105567 -0.215537 -0.018125 -0.040058 0.012863 -0.027807 -0.006938 -0.160010 0.036175 0.053503 -0.013254 -0.032606 -0.006545 -0.053224 0.136336 -0.042137 0.016416 0.100722 0.273782 0.094182 0.027532 -0.159910 -0.054332 0.076473 -0.029114 0.043781 -0.018776 0.074141 0.115495 0.115769 -0.139197 0.117876 -0.134703 0.011843 0.068995 0.008118 0.019438 0.012435 0.261835 -0.008681 0.034688 -0.143124 -0.003970 -0.090436 0.070051 -0.019897 0.056572 0.170695 0.183444 -0.066230 0.039326 -0.059516 -0.118505 0.005375 -0.000245 -0.092386 -0.118047 0.062280 0.046217 -0.058353 0.074848 -0.117402 -0.046942 0.162187 -0.028592 0.007502 -0.005380 0.023884
-0.301748 -0.249948 -0.071342 0.335409 0.009312 0.060260 0.115813 0.284544 0.095671 0.244048 -0.107852 -0.112531 0.095002 0.179653 -0.027132 0.014594 -0.280208 -0.179585 -0.224103 -0.012857 -0.139489 0.029872 -0.135125 0.047338 0.194157 0.078299 -0.026366 -0.140892 -0.244614 -0.011089 -0.101886 -0.047147 -0.038585 0.156130 0.459426 1.000000 -0.100134 0.099073 -0.023267 0.012591 -0.061697 0.101278 -0.087214 -0.164215 -0.215811 -0.022541 -0.217199 -0.144320 -0.185253 -0.224982 -0.106988 -0.125807 -0.177529 -0.115902 -0.154152 -0.118002 -0.270216 -0.181283 -0.066518 -0.015938 0.012682 0.169359 -0.155824 -0.149651 -0.062044 0.282986 0.000698 0.138124 -0.123032 -0.125452 -0.076131 0.178522 -0.207438 -0.062965 -0.073400 -0.149835 0.057013 0.187005 -0.116342 -0.149181 -0.253244 -0.155316 -0.043817 0.104571 -0.159993 -0.025408 0.102902 -0.004838 -0.075875 -0.101574 0.197451 0.184376 0.405265 0.222791 -0.043707 0.100410 0.077531 0.012176 -0.028699 0.141680 -0.011470 -0.006990 0.034858 0.178821 0.133201 0.133519 0.077632 -0.018441 0.164932 0.073747 0.100871 -0.177075 0.109793 0.008284 0.075136 0.079015
