1.000000 0.700304 -0.159654 -0.295699 -0.176013 -0.105680 -0.279469 -0.307213 -0.317896 -0.113701 0.330235 0.082798 0.287719 -0.009834 0.023219 -0.152651 0.561971 0.289467 0.349495 0.408095 -0.247736 -0.100090 -0.214406 -0.363942 -0.339958 -0.359388 -0.076389 -0.077027 0.261188 -0.108960 -0.415525 -0.523065 0.145485 -0.205313 -0.300897 -0.232076 -0.040001 -0.302203 -0.002569 0.185311 0.041646 -0.333813 -0.269440 -0.178686 -0.516539 -0.571877 0.041850 0.066319 -0.052696 -0.276599 0.138247 0.027826 0.303666 0.325892 0.156841 0.154225 0.636599 0.557789 0.096831 0.153645 0.161750 0.090556 0.211543 0.212076 -0.314099 -0.209340 -0.113596 -0.263484 0.585938 0.403024 -0.298804 -0.253364 -0.053522 -0.360437 -0.356288 -0.384051 -0.467773 -0.477904 0.384016 0.227346 0.453559 0.346316 0.167914 0.205891 0.225745 -0.035295 0.039945 0.026017 0.056682 0.254254 0.011802 -0.145884 -0.375830 -0.324703 -0.103120 -0.180893 0.081856 0.148838 0.210314 0.107529 -0.154068 -0.067600 -0.085084 -0.048554 -0.295828 -0.308897 -0.126815 0.118104 -0.329328 -0.111908 0.031217 -0.134561 -0.235378 -0.173058 -0.234006 -0.244343
0.700304 1.000000 -0.422676 -0.300994 -0.359539 -0.217681 -0.376017 -0.265227 -0.404415 -0.287380 0.220203 0.128531 0.201308 0.067852 -0.228087 -0.001539 0.705480 0.522107 0.307395 0.548293 -0.189126 -0.177103 -0.354398 -0.460717 -0.430720 -0.390250 -0.203555 -0.202503 0.314067 0.059446 -0.281605 -0.440749 0.222805 0.077458 -0.370894 -0.373345 -0.017272 -0.232459 -0.113304 0.150032 0.019202 -0.187990 -0.373457 -0.108856 -0.534223 -0.522657 0.073631 0.104031 -0.177973 -0.183927 0.047171 0.045308 0.258347 0.288466 0.034422 0.264623 0.715354 0.742987 -0.023382 0.287463 0.051934 0.304942 0.367594 0.476036 -0.377281 -0.223455 -0.241670 -0.494217 0.641639 0.305822 -0.269437 -0.380624 0.144035 -0.249772 -0.275581 -0.340910 -0.365673 -0.425892 0.534508 0.353507 0.621846 0.556474 0.089507 0.420145 0.208225 -0.003484 -0.020311 -0.044631 -0.166052 0.230328 -0.064356 -0.307428 -0.437162 -0.476538 -0.168484 -0.159216 0.178133 0.066632 0.280534 0.079229 -0.166915 -0.135365 -0.013092 -0.069951 -0.301157 -0.413638 -0.223606 0.131652 -0.261756 -0.169037 -0.079527 -0.212593 -0.215725 -0.099636 -0.291456 -0.280157
-0.159654 -0.422676 1.000000 0.512027 0.248066 -0.020299 0.768978 0.520284 0.494359 0.331863 0.135016 0.269204 0.096166 0.157782 0.451327 0.126581 -0.400377 -0.444534 0.154467 -0.063433 -0.136421 -0.030244 0.492293 0.488441 0.434615 0.431424 0.183522 0.286355 -0.258833 -0.241961 0.316535 0.404841 -0.199082 -0.043786 0.170304 0.466986 0.011742 -0.079151 0.017790 -0.335295 0.123813 -0.007204 0.104206 -0.171615 0.097627 0.078798 -0.387148 -0.273042 -0.068173 -0.311468 -0.058510 -0.188506 -0.200929 -0.235086 -0.269533 -0.385317 -0.530660 -0.567607 -0.351160 -0.572923 0.185733 -0.325160 -0.205497 -0.530697 0.634522 0.308340 0.025430 0.318248 -0.467024 -0.256178 0.406936 0.490590 -0.165143 0.198178 0.145330 0.303487 0.261343 0.478409 -0.380140 -0.288408 -0.626122 -0.588799 -0.223825 -0.491561 -0.156936 -0.005328 -0.243874 -0.218910 0.237070 -0.192368 0.076954 0.313658 0.401582 0.379104 -0.092789 0.088813 -0.478938 -0.234451 -0.539768 -0.336451 0.237722 0.025301 -0.000467 -0.024263 0.157615 0.148415 0.098400 -0.269197 -0.046559 0.280013 -0.123642 -0.085639 0.074614 0.022184 0.022190 0.148954
-0.295699 -0.300994 0.512027 1.000000 0.067476 -0.028568 0.422125 0.667700 0.545569 0.416198 0.008039 0.254794 -0.070677 0.402376 0.401768 0.396867 -0.530556 -0.580862 0.092714 -0.038534 -0.258498 -0.190475 0.607425 0.771872 0.288804 0.586362 0.133414 0.218553 -0.314360 -0.264779 0.400896 0.448414 -0.534236 -0.173162 0.131658 0.189393 -0.088891 0.123954 -0.138087 -0.409704 -0.043363 -0.037077 0.013509 -0.200038 -0.011826 0.059312 -0.398053 -0.115788 0.163153 -0.121666 -0.011940 0.050731 -0.126623 -0.008149 -0.292659 -0.313865 -0.560709 -0.523410 -0.272934 -0.307346 -0.110903 -0.272999 -0.529379 -0.466752 0.563734 0.509489 -0.458542 0.025544 -0.540210 -0.340171 0.473855 0.438808 -0.312164 0.179068 0.064668 0.276130 0.219771 0.354332 -0.439300 -0.536579 -0.657130 -0.681076 -0.046854 -0.163657 -0.112194 0.060850 -0.056902 -0.099532 0.174841 -0.087255 0.264142 0.407549 0.605249 0.365208 -0.068848 0.000160 -0.479049 -0.232049 -0.236954 -0.167470 0.369984 -0.124366 0.021225 -0.147147 0.195892 -0.087452 0.233657 -0.303096 0.017846 0.129005 -0.272238 0.043607 0.338273 0.026961 -0.010866 0.123042
-0.176013 -0.359539 0.248066 0.067476 1.000000 0.524616 0.090503 -0.010308 0.314164 0.352618 -0.095364 0.017609 -0.108532 -0.036565 0.402435 -0.014076 -0.317635 -0.201990 -0.319185 -0.369207 0.318860 0.185194 0.274619 0.219867 0.290288 0.184151 0.529571 0.150915 -0.214742 -0.020819 0.009123 0.053011 -0.127155 -0.121252 0.234438 0.213347 -0.131608 0.018726 0.123038 0.013981 -0.156500 0.071026 0.025128 -0.142149 0.140232 0.107611 -0.047058 -0.057766 0.112379 0.026912 0.152171 0.153319 0.050195 -0.106609 0.089992 -0.044188 -0.270488 -0.262296 0.038390 -0.107757 0.049241 -0.169416 -0.218363 -0.242882 0.215953 0.188726 0.193460 0.295542 -0.194604 0.019516 -0.112161 -0.002999 -0.053533 -0.015337 0.009101 -0.020354 0.047981 0.005987 -0.384383 -0.086242 -0.318798 -0.258385 -0.004730 -0.275773 -0.040080 0.094849 0.122547 0.189185 0.159335 0.014492 0.005523 0.065441 0.090985 0.135223 -0.123208 -0.027573 0.010749 0.083304 -0.147811 0.010759 0.097722 -0.011584 -0.130585 -0.110923 -0.030875 0.047298 -0.044554 -0.066832 0.187394 -0.075200 0.134820 0.008990 -0.019491 0.010166 0.091979 0.237980
-0.105680 -0.217681 -0.020299 -0.028568 0.524616 1.000000 -0.275465 -0.149689 -0.018830 0.195760 -0.263105 -0.272140 -0.216720 -0.241957 0.011647 -0.313503 -0.067817 -0.068842 -0.334596 -0.274190 0.331153 0.239655 0.007450 0.017128 0.098498 0.163178 0.509503 0.348044 -0.314936 -0.156307 -0.231860 -0.151646 -0.139479 -0.120229 0.112505 0.063182 -0.191108 0.047631 0.203081 0.163671 -0.054590 0.018421 -0.149884 -0.212395 0.024312 -0.039963 0.080995 -0.049997 0.105869 0.041304 0.285792 0.138298 0.255932 0.037201 0.332373 0.129289 -0.017930 -0.027498 0.168927 0.273094 -0.070109 -0.191218 -0.165245 -0.080073 -0.039326 0.078684 0.227494 0.337731 0.051480 0.212051 -0.260186 -0.230339 -0.183051 -0.294458 -0.255800 -0.226642 -0.235643 -0.223773 -0.161818 -0.132790 -0.042969 -0.066658 0.200370 -0.025781 0.203654 0.242614 0.342119 0.419557 0.220413 0.235246 -0.021960 -0.017383 -0.044131 -0.040669 0.099948 -0.038330 0.234843 0.114942 0.207297 0.232341 -0.005984 -0.032380 -0.129409 -0.078016 -0.064397 -0.044765 -0.130419 0.095315 0.091113 -0.197462 0.100552 0.024907 -0.040534 -0.190243 -0.066076 0.081186
-0.279469 -0.376017 0.768978 0.422125 0.090503 -0.275465 1.000000 0.683937 0.559749 0.225030 0.231057 0.333417 0.303993 0.365768 0.354669 0.295174 -0.309779 -0.299060 0.140898 0.033969 -0.251406 -0.087619 0.236679 0.303726 0.227856 0.137082 -0.142505 -0.015560 -0.036168 0.041076 0.357262 0.483812 -0.043011 0.149956 0.031538 0.434055 0.091815 0.017042 -0.075716 -0.305835 0.093025 0.094014 0.229939 -0.106411 0.255479 0.248482 -0.392823 -0.305053 -0.046175 -0.122411 -0.305773 -0.215198 -0.357632 -0.354601 -0.395170 -0.447210 -0.644486 -0.649102 -0.336637 -0.591586 0.241607 -0.147906 -0.038156 -0.346725 0.493678 0.256967 -0.026695 0.087926 -0.592870 -0.451264 0.588517 0.522587 0.143357 0.411371 0.354171 0.410861 0.461632 0.634747 -0.387090 -0.232093 -0.555103 -0.454253 -0.371951 -0.336042 -0.423146 -0.223152 -0.507169 -0.487430 -0.092338 -0.451482 0.086088 0.252565 0.420093 0.363093 -0.124260 0.186190 -0.574382 -0.300535 -0.499281 -0.395804 0.237268 0.179254 0.099101 0.040207 0.233493 0.287824 0.165756 -0.187722 0.035996 0.320468 -0.301360 -0.020148 0.194899 0.101696 0.173052 0.219523
-0.307213 -0.265227 0.520284 0.667700 -0.010308 -0.149689 0.683937 1.000000 0.611031 0.617241 0.185693 0.526202 0.178965 0.710352 0.301303 0.580165 -0.434445 -0.423727 -0.024372 0.042892 -0.384281 -0.059686 0.072538 0.440726 0.107977 0.175502 -0.160308 -0.001016 -0.241687 -0.009997 0.251783 0.511350 -0.220021 0.161447 -0.007713 0.403915 0.039410 0.213300 -0.085928 -0.269220 0.158174 0.040402 0.133067 -0.168332 0.141152 0.225516 -0.513448 -0.251489 -0.037978 -0.106657 -0.376058 -0.192790 -0.369409 -0.248635 -0.462947 -0.439419 -0.637479 -0.627548 -0.421722 -0.492461 0.057897 0.018620 -0.220377 -0.300875 0.407861 0.576289 -0.346261 0.001534 -0.646634 -0.434557 0.514616 0.473650 0.000076 0.418705 0.238687 0.422985 0.417143 0.627263 -0.440825 -0.319486 -0.539404 -0.511081 -0.314437 -0.054278 -0.449538 -0.137896 -0.436835 -0.416636 -0.092889 -0.304000 0.245430 0.365180 0.640179 0.345665 -0.114637 0.233359 -0.659717 -0.234737 -0.418800 -0.364839 0.451460 -0.012433 0.189326 -0.013401 0.336311 0.193806 0.305068 -0.159334 0.074123 0.377190 -0.353588 0.103518 0.308088 0.092471 0.179205 0.232039
-0.317896 -0.404415 0.494359 0.545569 0.314164 -0.018830 0.559749 0.611031 1.000000 0.542668 0.249201 0.315418 0.266122 0.511459 0.495339 0.456956 -0.377992 -0.395032 -0.068565 0.027374 -0.209000 -0.039022 0.234407 0.413705 0.146926 0.177982 0.037304 -0.116272 -0.112559 0.010925 0.281425 0.431803 -0.285648 0.078797 0.193188 0.422138 0.088395 0.233516 -0.135480 -0.245002 0.032338 0.079244 0.162053 -0.208031 0.260158 0.255237 -0.408064 -0.196063 0.051615 0.020462 -0.390637 -0.153726 -0.304475 -0.236105 -0.428922 -0.500023 -0.631265 -0.606822 -0.356147 -0.480507 0.210369 -0.054374 -0.185228 -0.236435 0.498248 0.373079 -0.311893 -0.055051 -0.569112 -0.349135 0.496320 0.447798 0.084102 0.390439 0.343692 0.324612 0.445478 0.537649 -0.482362 -0.393885 -0.512764 -0.470702 -0.126456 -0.148062 -0.479150 -0.343224 -0.299655 -0.346720 -0.100733 -0.418915 0.303181 0.433701 0.597716 0.520316 -0.059778 0.171573 -0.642974 -0.174605 -0.355152 -0.214035 0.416268 0.132293 0.170936 0.033355 0.184044 0.134680 0.210021 -0.114925 0.152782 0.267552 -0.253135 0.213945 0.303587 0.080724 0.233369 0.321039
-0.113701 -0.287380 0.331863 0.416198 0.352618 0.195760 0.225030 0.617241 0.542668 1.000000 0.046112 0.454497 0.057684 0.518000 0.452414 0.504981 -0.470772 -0.461460 -0.267962 -0.086484 -0.222700 0.090345 0.099227 0.464754 0.092068 0.121530 0.091371 0.009943 -0.411851 -0.177399 -0.066450 0.240307 -0.294050 -0.003601 0.081457 0.446157 -0.130464 0.266825 -0.013639 0.053523 0.199413 -0.009333 -0.047271 -0.308793 0.026902 0.092391 -0.502043 -0.140703 -0.069391 -0.204465 -0.317534 -0.223202 -0.260912 -0.211338 -0.267847 -0.394711 -0.347286 -0.406429 -0.265842 -0.295446 0.039177 0.025104 -0.307334 -0.375686 0.241858 0.542831 -0.233521 0.208052 -0.373331 -0.026885 0.184309 0.285826 -0.164052 0.190465 0.047404 0.195285 0.185883 0.374560 -0.468558 -0.310672 -0.395770 -0.457413 0.010330 0.013977 -0.288704 -0.148068 -0.067403 -0.076201 0.103305 -0.128661 0.403660 0.472399 0.661934 0.403989 -0.064868 0.230605 -0.517573 0.029424 -0.281395 -0.066402 0.442926 -0.027396 0.266207 0.115178 0.276636 0.130091 0.345791 -0.033704 0.067942 0.338763 0.082437 0.250902 0.259885 0.017451 0.189100 0.160792
0.330235 0.220203 0.135016 0.008039 -0.095364 -0.263105 0.231057 0.185693 0.249201 0.046112 1.000000 0.549497 0.713135 0.479521 0.353305 0.288554 0.286548 0.164721 0.294172 0.296699 -0.367382 -0.180516 -0.144224 -0.117115 -0.183940 -0.267135 -0.226740 -0.255232 0.337762 0.280221 0.030745 -0.037450 0.131285 0.121025 -0.081959 0.045424 0.102882 -0.149193 -0.069452 -0.198756 -0.042192 -0.045935 0.106978 -0.146040 -0.193226 -0.246646 -0.136188 -0.170441 0.012118 -0.200110 -0.152680 -0.015355 0.035207 0.078741 -0.098797 -0.119759 -0.040305 -0.055734 -0.041178 -0.263073 0.578842 0.224760 0.365546 0.194145 0.108930 0.089199 -0.237635 -0.423302 -0.026259 -0.235074 0.110832 0.161166 0.321528 0.129737 0.238560 0.052982 0.155920 0.131203 -0.070806 0.134749 -0.021683 0.031297 -0.163291 0.042138 -0.201243 -0.180379 -0.277202 -0.405625 -0.128212 -0.143093 -0.011534 -0.037231 -0.117651 -0.150101 -0.017847 -0.090197 -0.320352 -0.164099 -0.183499 -0.228448 -0.006204 -0.010510 -0.075628 -0.191578 -0.195461 -0.141075 -0.113460 -0.050491 -0.200798 0.144584 -0.353751 -0.165719 -0.165507 -0.064238 0.064164 -0.067707
0.082798 0.128531 0.269204 0.254794 0.017609 -0.272140 0.333417 0.526202 0.315418 0.454497 0.549497 1.000000 0.394149 0.728892 0.400332 0.499782 -0.057871 0.024298 0.066696 0.093153 -0.246630 -0.069606 0.009816 0.164085 -0.042980 -0.061031 -0.145295 -0.070486 0.059269 0.219814 0.107161 0.167570 0.055375 0.222882 -0.069147 0.179917 0.041439 -0.067631 -0.069775 -0.056353 0.136430 0.008810 -0.063702 -0.192992 -0.191470 -0.107638 -0.342415 -0.185806 -0.148130 -0.236997 -0.237092 -0.127437 -0.138525 -0.071814 -0.341033 -0.210209 -0.198230 -0.196028 -0.247128 -0.394089 0.361976 0.309410 0.076369 0.013821 0.312059 0.487400 -0.365769 -0.300258 -0.251774 -0.363772 0.204862 0.161543 0.217684 0.273148 0.223381 0.189662 0.297636 0.337596 -0.240078 0.065164 -0.242472 -0.166395 -0.249365 0.034530 -0.200517 -0.044670 -0.302137 -0.430988 -0.072044 -0.108984 -0.022471 0.076583 0.229802 -0.007236 -0.148935 0.101838 -0.479369 -0.008410 -0.345861 -0.360434 0.155482 -0.212349 0.058385 -0.233607 0.021110 0.008171 -0.018721 -0.133344 0.027699 0.314228 -0.264241 -0.117560 0.048565 0.140012 0.111380 0.053483
0.287719 0.201308 0.096166 -0.070677 -0.108532 -0.216720 0.303993 0.178965 0.266122 0.057684 0.713135 0.394149 1.000000 0.477320 0.424603 0.272229 0.326102 0.259063 0.088654 0.198602 -0.231383 -0.139480 -0.173214 -0.197047 -0.334794 -0.458985 -0.319505 -0.368778 0.354492 0.260615 -0.115218 -0.042024 0.212264 0.109620 -0.206871 -0.022933 0.122652 -0.159490 -0.040555 -0.030588 0.131849 0.014494 -0.033253 -0.261962 -0.260786 -0.334943 -0.194205 -0.241657 -0.069855 -0.258184 -0.223606 -0.075744 0.053443 -0.048113 -0.051622 -0.200001 -0.026471 -0.017537 0.010320 -0.129823 0.573542 0.376711 0.440904 0.299725 0.011139 0.101091 -0.144371 -0.436680 -0.062642 -0.159636 0.145440 0.060732 0.341763 0.154273 0.259150 0.007385 0.160297 0.112301 -0.002110 0.185339 0.094139 0.137451 0.017887 0.239198 -0.199763 -0.255525 -0.140885 -0.223697 -0.166503 -0.109515 0.090042 -0.058695 -0.099379 -0.068572 -0.043797 0.098784 -0.323884 -0.152237 -0.071714 -0.240466 0.012489 0.144486 0.100592 -0.073980 -0.204414 -0.096601 -0.090892 -0.025158 -0.169519 0.180688 -0.346498 -0.195401 -0.020570 0.036165 0.064819 -0.092109
-0.009834 0.067852 0.157782 0.402376 -0.036565 -0.241957 0.365768 0.710352 0.511459 0.518000 0.479521 0.728892 0.477320 1.000000 0.391229 0.731672 -0.141178 -0.084622 -0.074580 0.106909 -0.302537 -0.135483 -0.060988 0.243127 -0.164988 -0.154458 -0.191885 -0.198860 -0.023671 0.150822 0.032702 0.165260 -0.158576 0.099241 -0.115329 0.168998 0.040412 0.165604 -0.094658 -0.126470 0.084532 0.030041 0.023269 -0.241162 -0.008056 0.022227 -0.313461 -0.088213 0.101348 0.008901 -0.337494 0.009171 -0.161309 0.024925 -0.349691 -0.239520 -0.350587 -0.352624 -0.242596 -0.319505 0.275991 0.344787 -0.044653 0.010532 0.248060 0.581160 -0.583533 -0.407956 -0.443485 -0.430083 0.359800 0.270399 0.124822 0.311887 0.181432 0.188369 0.299022 0.421632 -0.373362 -0.078306 -0.303457 -0.253920 -0.291518 0.156914 -0.442594 -0.286201 -0.359612 -0.481647 -0.188452 -0.168302 0.204153 0.215632 0.383397 0.124072 -0.066638 0.177779 -0.612185 0.001527 -0.254269 -0.281144 0.232361 -0.082427 0.090253 -0.128072 0.111157 0.014618 0.127709 -0.052515 0.068018 0.322137 -0.348321 0.082928 0.189672 0.195507 0.200527 0.173008
0.023219 -0.228087 0.451327 0.401768 0.402435 0.011647 0.354669 0.301303 0.495339 0.452414 0.353305 0.400332 0.424603 0.391229 1.000000 0.428201 -0.258975 -0.320968 -0.055293 -0.158145 -0.011544 0.022898 0.524888 0.501686 0.219834 0.202339 0.247680 0.074824 -0.050533 -0.009689 0.209631 0.134060 -0.125507 -0.147431 0.112864 0.183015 0.031056 -0.006019 0.063922 -0.070283 0.081321 -0.050589 0.004562 -0.274177 -0.104360 -0.137587 -0.319054 -0.257910 0.063002 -0.230742 -0.008251 0.052573 0.019015 -0.035370 -0.116989 -0.255269 -0.338673 -0.350556 -0.063118 -0.324232 0.235834 -0.141777 -0.270974 -0.333377 0.408380 0.366317 -0.267116 -0.112411 -0.282765 -0.253039 0.185207 0.278337 -0.026639 0.151530 0.158453 0.176312 0.218699 0.262640 -0.450182 -0.250629 -0.483665 -0.461435 0.144635 -0.117911 -0.146588 -0.105469 0.003224 -0.037195 0.177826 -0.069086 0.087684 0.225876 0.273793 0.222029 0.006417 0.084961 -0.350634 -0.025652 -0.332129 -0.159232 0.108011 -0.112857 -0.091445 -0.256149 -0.064710 -0.086200 0.069979 -0.283534 0.125772 0.166096 -0.112005 0.026691 0.132974 0.108793 0.064477 0.060397
-0.152651 -0.001539 0.126581 0.396867 -0.014076 -0.313503 0.295174 0.580165 0.456956 0.504981 0.288554 0.499782 0.272229 0.731672 0.428201 1.000000 -0.237517 -0.190520 -0.079486 0.055465 -0.234075 -0.013437 0.089010 0.391402 0.062845 0.091764 -0.076222 -0.127091 -0.006427 0.128041 0.197335 0.319333 -0.177482 0.161156 -0.084656 0.175933 0.069396 0.257959 -0.093316 0.015583 0.057634 -0.001371 0.047302 -0.167046 0.120288 0.142394 -0.366276 -0.127915 0.004381 0.035929 -0.343259 -0.125948 -0.203842 -0.065536 -0.310271 -0.248541 -0.306102 -0.332397 -0.255049 -0.349229 0.075894 0.118002 -0.075122 -0.127592 0.203850 0.379708 -0.538589 -0.319706 -0.358013 -0.383186 0.287529 0.334837 0.093205 0.310944 0.218536 0.257218 0.307063 0.403282 -0.293324 -0.105671 -0.275424 -0.292531 -0.161468 0.217959 -0.414015 -0.280744 -0.306517 -0.322750 -0.201944 -0.182585 0.159876 0.225614 0.391580 0.150860 0.060924 0.167575 -0.454774 -0.006571 -0.327226 -0.177279 0.152669 -0.092941 0.063564 -0.029241 0.200010 0.042289 0.236269 -0.150027 0.097590 0.208032 -0.159707 0.083263 0.218363 0.244568 0.228729 0.102533
0.561971 0.705480 -0.400377 -0.530556 -0.317635 -0.067817 -0.309779 -0.434445 -0.377992 -0.470772 0.286548 -0.057871 0.326102 -0.141178 -0.258975 -0.237517 1.000000 0.632855 0.315016 0.422639 -0.016813 -0.093100 -0.459048 -0.687384 -0.457444 -0.512452 -0.216287 -0.268899 0.509058 0.208289 -0.303720 -0.482462 0.370435 0.098781 -0.257309 -0.388660 0.049033 -0.335386 -0.057710 0.185539 0.068833 -0.139006 -0.237538 -0.053896 -0.393781 -0.402533 0.177409 0.026718 -0.267195 -0.115102 -0.068990 -0.059903 0.228659 0.143113 0.191331 0.195051 0.683392 0.683485 0.122912 0.373752 0.273682 0.327362 0.686339 0.645575 -0.416678 -0.410610 0.047872 -0.401904 0.546585 0.232266 -0.239200 -0.439491 0.313917 -0.272148 -0.135250 -0.372129 -0.283313 -0.402494 0.538308 0.413732 0.687185 0.664453 0.060368 0.284915 0.166985 0.010565 0.005666 -0.031322 -0.106366 0.205400 -0.243242 -0.345655 -0.555507 -0.437201 -0.025704 -0.093318 0.263456 0.040275 0.277979 0.113416 -0.276098 0.039339 -0.054948 -0.053371 -0.323453 -0.263609 -0.327297 0.057399 -0.232674 -0.176451 -0.068835 -0.229280 -0.211713 -0.221291 -0.204805 -0.186060
0.289467 0.522107 -0.444534 -0.580862 -0.201990 -0.068842 -0.299060 -0.423727 -0.395032 -0.461460 0.164721 0.024298 0.259063 -0.084622 -0.320968 -0.190520 0.632855 1.000000 0.190416 0.201203 0.208902 0.041001 -0.405561 -0.612382 -0.360024 -0.486452 -0.184273 -0.309295 0.573885 0.545827 -0.114405 -0.238992 0.503234 0.258460 -0.368927 -0.416349 0.204877 -0.160894 0.100186 0.192028 0.093739 0.115829 -0.206797 -0.017962 -0.240122 -0.296905 0.204687 -0.025082 -0.260592 0.004978 -0.033087 -0.016022 0.188119 0.059753 0.172850 0.230853 0.462735 0.550766 0.010839 0.220280 0.171866 0.435621 0.633688 0.699934 -0.347644 -0.408300 0.019175 -0.470376 0.456267 0.021769 -0.229583 -0.340471 0.490051 -0.047988 0.089647 -0.234420 -0.092965 -0.251985 0.488041 0.636529 0.629957 0.772425 0.059007 0.415769 0.073585 0.020747 0.134341 -0.007256 -0.184197 0.151659 -0.376111 -0.436321 -0.540992 -0.390593 0.092793 0.010136 0.288691 0.126804 0.226770 0.074781 -0.235268 -0.005305 -0.019725 -0.057523 -0.304145 -0.131065 -0.360279 0.111515 0.016935 -0.051954 -0.131347 -0.234857 -0.258027 -0.025702 -0.012734 -0.061534
0.349495 0.307395 0.154467 0.092714 -0.319185 -0.334596 0.140898 -0.024372 -0.068565 -0.267962 0.294172 0.066696 0.088654 -0.074580 -0.055293 -0.079486 0.315016 0.190416 1.000000 0.532714 -0.245086 -0.283658 0.078044 -0.103930 -0.177416 -0.084023 -0.215661 -0.167127 0.395295 0.122900 0.176184 -0.047750 0.079272 -0.065594 -0.250142 -0.209112 0.080987 -0.181351 -0.111445 -0.182803 0.042216 -0.067824 -0.021163 0.071413 -0.249255 -0.227274 -0.010130 -0.020611 -0.145634 -0.106917 -0.059680 -0.092643 0.009893 0.153996 -0.103809 -0.021613 0.134315 0.161836 -0.150474 -0.106608 0.032391 -0.150339 0.188259 0.032193 0.033779 -0.314683 -0.151702 -0.294903 0.121216 -0.080328 0.150725 0.084814 0.167341 -0.010524 0.036620 -0.056514 -0.002627 -0.023535 0.232810 0.032607 0.071702 0.008191 0.039044 -0.102844 0.041912 -0.052753 -0.058200 -0.233378 0.036444 -0.063529 -0.080645 0.097637 -0.107672 -0.047048 -0.080588 -0.164271 -0.094756 -0.132211 -0.007760 0.040344 -0.035699 -0.084032 -0.079903 -0.032162 -0.105965 -0.132920 -0.034507 -0.153325 -0.219750 -0.019783 -0.176365 -0.077233 0.105470 -0.127085 -0.137721 -0.120659
0.408095 0.548293 -0.063433 -0.038534 -0.369207 -0.274190 0.033969 0.042892 0.027374 -0.086484 0.296699 0.093153 0.198602 0.106909 -0.158145 0.055465 0.422639 0.201203 0.532714 1.000000 -0.370256 -0.371491 -0.310911 -0.179794 -0.464434 -0.346267 -0.262978 -0.351923 0.309589 0.116507 -0.071691 -0.129083 0.022148 0.127401 -0.168166 -0.087900 0.112548 0.007399 -0.116787 -0.087171 0.107382 -0.023898 -0.012273 -0.050007 -0.263711 -0.260183 -0.204430 -0.056883 -0.315900 -0.186812 -0.411687 -0.349992 -0.205094 0.001774 -0.262840 -0.216117 0.286581 0.251488 -0.309066 -0.025614 0.049827 0.034114 0.302698 0.205580 -0.234631 -0.339143 -0.205094 -0.300770 0.252936 0.270292 0.191176 0.094800 0.287091 0.026743 -0.063656 -0.057521 -0.029219 0.000584 0.258614 0.052848 0.301989 0.203056 0.123114 0.227229 -0.200136 -0.396752 -0.207673 -0.314888 -0.318707 -0.295532 0.152663 0.236558 -0.006378 0.066672 -0.094055 -0.059592 -0.235647 -0.031289 -0.090576 0.020167 0.002622 0.103429 0.190501 0.216894 0.051147 -0.109884 0.197411 0.095428 -0.170053 0.024132 0.031756 0.081228 0.066348 -0.057137 0.011612 0.041153
-0.247736 -0.189126 -0.136421 -0.258498 0.318860 0.331153 -0.251406 -0.384281 -0.209000 -0.222700 -0.367382 -0.246630 -0.231383 -0.302537 -0.011544 -0.234075 -0.016813 0.208902 -0.245086 -0.370256 1.000000 0.444229 0.100411 -0.008684 0.153309 0.142268 0.479405 0.268304 0.075823 0.169083 0.093775 -0.008434 0.204584 0.147763 0.231277 -0.070801 0.108825 0.062879 0.230582 0.199463 0.058427 0.244855 -0.039546 0.029076 0.156471 0.129345 0.152701 -0.138683 -0.081478 0.128350 0.182235 0.075831 0.075223 -0.119113 0.159682 0.107259 0.081147 0.137771 0.047227 0.079214 -0.178655 -0.006532 0.043387 0.123153 -0.045114 -0.138228 0.251654 0.148267 0.131103 0.069459 -0.101892 -0.149663 0.135747 -0.024067 -0.012929 0.021399 0.097687 -0.039528 0.049766 0.157782 0.131044 0.190180 0.072456 -0.023648 0.155947 0.178132 0.214717 0.308267 -0.003972 0.101111 -0.367806 -0.283077 -0.261483 -0.108378 0.208626 -0.051341 0.264870 0.054699 -0.042353 -0.031476 -0.147343 -0.025782 -0.130210 -0.145798 -0.115238 -0.009713 -0.234793 -0.151591 0.220106 -0.111902 0.127120 -0.160446 -0.196129 0.164986 -0.000741 0.005216
-0.100090 -0.177103 -0.030244 -0.190475 0.185194 0.239655 -0.087619 -0.059686 -0.039022 0.090345 -0.180516 -0.069606 -0.139480 -0.135483 0.022898 -0.013437 -0.093100 0.041001 -0.283658 -0.371491 0.444229 1.000000 -0.058754 0.040394 0.331614 0.201424 0.267729 0.333404 -0.098645 0.072991 0.164447 0.240261 0.181007 0.223499 0.022388 0.143600 0.214773 0.222614 0.281987 0.260741 0.085460 0.268304 0.037202 0.011001 0.298256 0.291625 -0.107158 -0.249187 -0.165856 0.084474 -0.010426 -0.121880 -0.172560 -0.322588 -0.145415 -0.077631 -0.047520 -0.060800 -0.160553 -0.112700 -0.134322 -0.062868 0.027176 -0.047290 0.048382 -0.050465 0.127266 0.201937 0.076872 0.010582 -0.028956 0.081826 0.055731 0.174601 0.147644 0.179019 0.182212 0.143322 0.120316 0.080094 0.104902 0.115844 0.050632 0.110621 0.053786 0.099432 -0.031566 0.107269 -0.069510 -0.031407 -0.276253 -0.195479 0.002982 -0.023946 0.020449 0.044709 0.059419 -0.155216 -0.198038 -0.126372 -0.023167 -0.080930 -0.081343 -0.106772 0.007109 0.094279 -0.083709 -0.034234 0.039373 0.087344 0.001650 -0.152225 -0.059770 0.131724 0.155324 0.062662
-0.214406 -0.354398 0.492293 0.607425 0.274619 0.007450 0.236679 0.072538 0.234407 0.099227 -0.144224 0.009816 -0.173214 -0.060988 0.524888 0.089010 -0.459048 -0.405561 0.078044 -0.310911 0.100411 -0.058754 1.000000 0.728155 0.527611 0.667788 0.386914 0.373915 -0.199796 -0.291921 0.480244 0.243844 -0.352534 -0.368614 0.184277 0.030066 -0.114317 0.004333 -0.047096 -0.273325 -0.021410 -0.075893 -0.085961 -0.152668 -0.023849 -0.041453 -0.175112 -0.065389 0.184086 -0.095131 0.244150 0.167857 0.036407 0.078689 -0.086139 -0.107542 -0.337581 -0.318235 -0.093895 -0.158901 -0.186760 -0.384357 -0.554103 -0.539189 0.559674 0.213513 -0.213006 0.125457 -0.279340 -0.221358 0.226119 0.334406 -0.370976 0.011044 0.049980 0.123265 0.085973 0.150983 -0.355895 -0.355488 -0.552032 -0.547666 0.199300 -0.391536 0.202060 0.125827 0.275095 0.166808 0.380210 0.093091 0.064955 0.245102 0.314670 0.309938 -0.007570 -0.076333 -0.147476 -0.070268 -0.197106 0.014560 0.112857 -0.146479 -0.151327 -0.164695 0.013878 -0.108769 -0.000274 -0.322703 0.039281 0.043541 -0.036675 0.002164 0.161105 0.102390 -0.082656 0.049104
-0.363942 -0.460717 0.488441 0.771872 0.219867 0.017128 0.303726 0.440726 0.413705 0.464754 -0.117115 0.164085 -0.197047 0.243127 0.501686 0.391402 -0.687384 -0.612382 -0.103930 -0.179794 -0.008684 0.040394 0.728155 1.000000 0.473180 0.690775 0.335695 0.340302 -0.400520 -0.324731 0.450781 0.492918 -0.448238 -0.174026 0.245419 0.271235 0.034100 0.249041 0.051047 -0.254450 0.052750 0.102136 0.115281 -0.126718 0.143839 0.192170 -0.387453 -0.140208 0.101388 -0.055300 -0.076466 -0.049919 -0.291206 -0.155713 -0.346523 -0.370424 -0.573802 -0.567547 -0.278250 -0.324903 -0.255596 -0.318720 -0.614945 -0.624641 0.501745 0.392971 -0.320287 0.224407 -0.467135 -0.198117 0.441437 0.579573 -0.372305 0.236867 0.083753 0.360191 0.289836 0.441466 -0.529868 -0.525136 -0.701127 -0.736569 0.146326 -0.198274 -0.128677 -0.065264 0.070385 0.018507 0.168384 -0.180533 0.196912 0.459906 0.649040 0.518655 0.016127 0.114086 -0.444653 -0.082488 -0.404385 -0.115087 0.330560 -0.076778 0.013199 0.015562 0.278966 0.030817 0.323270 -0.276688 0.104840 0.151764 -0.014944 0.165984 0.314575 0.131525 0.135510 0.153875
-0.339958 -0.430720 0.434615 0.288804 0.290288 0.098498 0.227856 0.107977 0.146926 0.092068 -0.183940 -0.042980 -0.334794 -0.164988 0.219834 0.062845 -0.457444 -0.360024 -0.177416 -0.464434 0.153309 0.331614 0.527611 0.473180 1.000000 0.755251 0.325512 0.498560 -0.276988 -0.165291 0.561450 0.475001 -0.053712 0.070243 0.253033 0.416998 0.072519 0.082169 0.051434 -0.195570 -0.038793 -0.001268 0.087231 0.013129 0.339703 0.332383 -0.160607 -0.219549 0.043712 0.009640 0.199397 -0.024936 -0.161693 -0.200969 -0.141689 -0.122180 -0.337259 -0.417331 -0.157811 -0.376003 -0.058765 -0.306598 -0.319288 -0.500968 0.557758 0.195444 0.140317 0.440546 -0.223257 -0.244585 0.100605 0.223329 -0.165638 0.121671 0.171291 0.222522 0.209306 0.309266 -0.170803 -0.136551 -0.373909 -0.326615 -0.142185 -0.260531 0.135818 0.249126 -0.057373 0.064469 0.158708 -0.040114 -0.283736 -0.185413 0.129534 0.044324 -0.000974 -0.023243 -0.117038 -0.180350 -0.342224 -0.279764 0.015006 -0.164282 -0.167108 -0.182519 0.077072 0.119242 -0.024922 -0.293829 0.133352 0.166665 -0.063833 -0.052879 -0.078727 0.087898 -0.050888 0.048420
-0.359388 -0.390250 0.431424 0.586362 0.184151 0.163178 0.137082 0.175502 0.177982 0.121530 -0.267135 -0.061031 -0.458985 -0.154458 0.202339 0.091764 -0.512452 -0.486452 -0.084023 -0.346267 0.142268 0.201424 0.667788 0.690775 0.755251 1.000000 0.528552 0.693556 -0.359108 -0.295637 0.548448 0.505624 -0.244479 -0.002111 0.285385 0.293038 0.059360 0.096815 0.067631 -0.196863 -0.042250 0.058493 0.046038 -0.005168 0.186167 0.234250 -0.186528 -0.137139 0.034679 -0.033762 0.202713 -0.013099 -0.158909 -0.069694 -0.162996 -0.099576 -0.324382 -0.350362 -0.267024 -0.344492 -0.300919 -0.500334 -0.536225 -0.588443 0.531079 0.199399 -0.110835 0.361208 -0.207600 -0.184746 0.141298 0.265393 -0.331693 0.079513 0.081197 0.255207 0.138095 0.240507 -0.155153 -0.342163 -0.452088 -0.469127 0.007161 -0.248490 0.164094 0.279708 0.062166 0.138821 0.223189 0.013964 -0.169668 0.011999 0.275161 0.157318 0.098576 -0.028611 -0.068378 -0.118682 -0.282911 -0.129907 0.152538 -0.256632 -0.183330 -0.206393 0.128183 -0.007557 0.038718 -0.271805 0.092805 0.064628 -0.004535 -0.062749 0.016461 0.076584 -0.023441 0.038676
-0.076389 -0.203555 0.183522 0.133414 0.529571 0.509503 -0.142505 -0.160308 0.037304 0.091371 -0.226740 -0.145295 -0.319505 -0.191885 0.247680 -0.076222 -0.216287 -0.184273 -0.215661 -0.262978 0.479405 0.267729 0.386914 0.335695 0.325512 0.528552 1.000000 0.593766 -0.168299 -0.116921 0.107545 0.051606 -0.047655 -0.044853 0.227108 0.024992 0.119286 0.056372 0.264015 0.039857 -0.003607 0.206579 -0.090955 -0.109376 0.008889 -0.017693 -0.057026 -0.186195 -0.074379 -0.044236 0.182287 0.046290 0.023221 -0.055781 0.113595 -0.017659 -0.063898 -0.065500 -0.157351 -0.108774 -0.258224 -0.397046 -0.364546 -0.278248 0.156496 0.065892 0.074400 0.318377 0.024640 0.129396 -0.115927 0.028251 -0.124643 -0.009935 -0.036167 0.038776 -0.001307 -0.043510 -0.124721 -0.122215 -0.119072 -0.142847 0.222290 -0.128533 0.199846 0.221731 0.229947 0.263344 0.211844 0.118165 -0.258238 -0.024133 0.008480 0.088739 0.148121 -0.032176 0.150274 0.090057 -0.193292 0.007051 0.022288 -0.134376 -0.228039 -0.139720 0.025586 -0.012856 0.013532 -0.138276 0.239385 -0.150271 0.168016 -0.087352 -0.094751 0.080763 0.095212 0.207283
-0.077027 -0.202503 0.286355 0.218553 0.150915 0.348044 -0.015560 -0.001016 -0.116272 0.009943 -0.255232 -0.070486 -0.368778 -0.198860 0.074824 -0.127091 -0.268899 -0.309295 -0.167127 -0.351923 0.268304 0.333404 0.373915 0.340302 0.498560 0.693556 0.593766 1.000000 -0.273745 -0.239003 0.212220 0.145357 0.004281 0.017113 0.201549 0.213643 0.027790 -0.117646 0.134825 0.047687 0.001100 0.022397 -0.066579 -0.004104 0.039739 0.082957 -0.028492 -0.137181 -0.057112 -0.070313 0.317703 0.024014 -0.033746 -0.034279 -0.000415 0.081440 -0.024565 -0.085286 -0.143025 -0.203584 -0.177456 -0.383331 -0.364255 -0.366184 0.361929 0.166582 0.028528 0.331599 0.031298 -0.037819 -0.153030 -0.027832 -0.251484 -0.053927 -0.085632 0.059628 -0.051350 -0.020103 -0.021102 -0.055848 -0.215055 -0.199146 -0.040392 -0.227894 0.371113 0.385416 0.077321 0.156401 0.262244 0.129594 -0.365972 -0.190411 0.058600 -0.028854 0.003147 -0.050128 0.104588 -0.084338 -0.175986 -0.056901 0.013494 -0.302495 -0.198571 -0.212487 0.040500 -0.004743 -0.123490 -0.071736 0.052513 -0.119537 0.009705 -0.149774 -0.131843 0.054143 0.040489 0.088326
0.261188 0.314067 -0.258833 -0.314360 -0.214742 -0.314936 -0.036168 -0.241687 -0.112559 -0.411851 0.337762 0.059269 0.354492 -0.023671 -0.050533 -0.006427 0.509058 0.573885 0.395295 0.309589 0.075823 -0.098645 -0.199796 -0.400520 -0.276988 -0.359108 -0.168299 -0.273745 1.000000 0.644198 0.198121 -0.023506 0.460827 0.334413 -0.153175 -0.277990 0.336592 -0.184749 0.018088 0.051259 0.170378 0.076363 -0.069994 0.014334 -0.161587 -0.210290 0.023165 -0.152667 -0.310980 -0.049650 -0.193420 -0.174313 -0.021217 -0.105868 0.003165 -0.101123 0.291902 0.348657 -0.074520 -0.004106 0.184399 0.223994 0.468064 0.482213 -0.153669 -0.360834 -0.055236 -0.471883 0.304225 -0.098528 -0.012802 -0.134881 0.648651 0.088032 0.256910 -0.020651 0.147532 -0.123451 0.435252 0.493066 0.454965 0.542020 0.072315 0.239505 0.054750 -0.007564 0.013850 -0.151919 -0.219913 -0.082438 -0.409581 -0.321521 -0.407873 -0.253998 0.053382 -0.185802 0.030991 -0.101587 -0.006922 -0.116215 -0.171013 -0.090373 0.024325 -0.081953 -0.255410 -0.087384 -0.299440 -0.101782 -0.044034 -0.097669 -0.264923 -0.147870 -0.120842 -0.035425 0.082203 0.015325
-0.108960 0.059446 -0.241961 -0.264779 -0.020819 -0.156307 0.041076 -0.009997 0.010925 -0.177399 0.280221 0.219814 0.260615 0.150822 -0.009689 0.128041 0.208289 0.545827 0.122900 0.116507 0.169083 0.072991 -0.291921 -0.324731 -0.165291 -0.295637 -0.116921 -0.239003 0.644198 1.000000 0.238996 0.170562 0.487207 0.510419 -0.103347 -0.182696 0.380170 0.155472 0.104944 0.080645 0.151585 0.320059 0.003574 0.019594 0.085402 0.037047 -0.038223 -0.242158 -0.316781 0.106499 -0.268058 -0.207220 -0.162045 -0.283204 -0.032636 -0.088439 -0.059757 0.028713 -0.109439 -0.147696 0.144911 0.281273 0.450261 0.467421 -0.101631 -0.215338 0.023074 -0.399742 -0.030225 -0.386985 -0.007327 -0.101623 0.775001 0.403791 0.476438 0.194985 0.410869 0.126878 0.158676 0.488741 0.240480 0.414537 -0.054784 0.276403 -0.123214 0.014122 -0.055460 -0.247061 -0.273010 -0.272493 -0.480779 -0.317499 -0.264718 -0.163138 0.076835 0.128193 0.039665 -0.022326 -0.234157 -0.228879 -0.035975 -0.093013 0.199340 -0.065366 0.025173 0.180239 -0.189367 0.076152 0.273503 0.109335 -0.286600 -0.064445 -0.008337 0.196534 0.286078 0.194974
-0.415525 -0.281605 0.316535 0.400896 0.009123 -0.231860 0.357262 0.251783 0.281425 -0.066450 0.030745 0.107161 -0.115218 0.032702 0.209631 0.197335 -0.303720 -0.114405 0.176184 -0.071691 0.093775 0.164447 0.480244 0.450781 0.561450 0.548448 0.107545 0.212220 0.198121 0.238996 1.000000 0.742844 0.149282 0.356837 0.215897 0.236546 0.318468 0.168388 -0.000098 -0.329986 0.143880 0.222253 0.143111 0.058405 0.303348 0.336845 -0.346367 -0.366151 -0.114412 0.083429 -0.179293 -0.158761 -0.423981 -0.326745 -0.455873 -0.348437 -0.418715 -0.371455 -0.422166 -0.410226 -0.119991 -0.100331 -0.149624 -0.199706 0.510790 0.066066 -0.143327 -0.023321 -0.291438 -0.450868 0.411387 0.434806 0.211610 0.439108 0.441363 0.445288 0.512572 0.493810 -0.043921 -0.052680 -0.306415 -0.211410 -0.120539 -0.149059 -0.131378 0.038593 -0.199244 -0.252967 -0.158802 -0.308412 -0.327893 -0.063740 0.238533 0.162521 -0.029224 -0.017508 -0.287230 -0.340135 -0.436687 -0.376830 0.192311 -0.201890 0.050014 -0.158560 0.175348 0.052425 0.006001 -0.325665 0.127488 0.117544 -0.372258 -0.153511 0.064530 0.124465 0.068928 0.106274
-0.523065 -0.440749 0.404841 0.448414 0.053011 -0.151646 0.483812 0.511350 0.431803 0.240307 -0.037450 0.167570 -0.042024 0.165260 0.134060 0.319333 -0.482462 -0.238992 -0.047750 -0.129083 -0.008434 0.240261 0.243844 0.492918 0.475001 0.505624 0.051606 0.145357 -0.023506 0.170562 0.742844 1.000000 0.027829 0.441805 0.136755 0.374316 0.391331 0.331131 0.085581 -0.257368 0.226670 0.391610 0.298842 0.088174 0.373504 0.421913 -0.468198 -0.388422 -0.170546 -0.018172 -0.388936 -0.312356 -0.528128 -0.481186 -0.527621 -0.467154 -0.618036 -0.593303 -0.452732 -0.511521 -0.091651 -0.063917 -0.099831 -0.283056 0.402066 0.164073 -0.106439 0.118298 -0.496713 -0.450699 0.487806 0.542417 0.204580 0.568035 0.534968 0.586637 0.602659 0.639860 -0.196834 -0.112403 -0.395331 -0.336125 -0.112878 0.011833 -0.320937 -0.061155 -0.284663 -0.221248 -0.245293 -0.377849 -0.099272 0.128585 0.458523 0.370356 0.021502 0.213455 -0.445274 -0.306419 -0.563962 -0.440746 0.400421 0.029172 0.215837 -0.000370 0.328524 0.229979 0.203778 -0.278789 0.165101 0.257630 -0.355329 -0.135038 0.143609 0.168974 0.258203 0.210499
0.145485 0.222805 -0.199082 -0.534236 -0.127155 -0.139479 -0.043011 -0.220021 -0.285648 -0.294050 0.131285 0.055375 0.212264 -0.158576 -0.125507 -0.177482 0.370435 0.503234 0.079272 0.022148 0.204584 0.181007 -0.352534 -0.448238 -0.053712 -0.244479 -0.047655 0.004281 0.460827 0.487207 0.149282 0.027829 1.000000 0.621260 0.031961 -0.000262 0.349785 -0.188678 0.121638 0.184813 0.292284 0.167708 -0.132406 -0.011263 -0.128132 -0.124554 -0.038942 -0.342472 -0.456532 -0.148533 -0.136681 -0.266420 -0.156564 -0.341444 -0.008873 -0.090359 0.289331 0.342702 -0.011204 -0.034650 0.128227 0.253212 0.453000 0.402156 -0.159877 -0.280804 0.393797 -0.124720 0.413590 0.044886 -0.245751 -0.212293 0.500943 0.174572 0.243354 0.065290 0.167299 0.010737 0.477345 0.540488 0.421108 0.553417 -0.082936 0.197123 0.064645 0.111051 -0.137427 -0.082755 -0.152606 -0.095557 -0.563259 -0.565662 -0.383776 -0.361640 0.004885 -0.030161 0.151288 -0.070243 -0.085223 -0.304271 -0.170644 -0.102262 0.036781 0.002503 -0.062624 0.116756 -0.159022 0.094041 0.062718 -0.085602 -0.132038 -0.263519 -0.309491 0.003455 0.041904 -0.086606
-0.205313 0.077458 -0.043786 -0.173162 -0.121252 -0.120229 0.149956 0.161447 0.078797 -0.003601 0.121025 0.222882 0.109620 0.099241 -0.147431 0.161156 0.098781 0.258460 -0.065594 0.127401 0.147763 0.223499 -0.368614 -0.174026 0.070243 -0.002111 -0.044853 0.017113 0.334413 0.510419 0.356837 0.441805 0.621260 1.000000 0.180638 0.363024 0.377101 0.103724 0.049475 0.106329 0.248628 0.340439 0.013008 -0.055872 0.117412 0.208313 -0.337823 -0.421076 -0.503438 -0.134668 -0.416765 -0.431834 -0.388933 -0.556855 -0.374633 -0.368221 -0.011987 0.032218 -0.281243 -0.274172 0.199147 0.258444 0.365820 0.270140 0.070418 -0.022531 0.179284 -0.010004 0.098745 -0.137174 0.050544 0.005191 0.578722 0.394465 0.343842 0.325549 0.426500 0.338279 0.285349 0.268529 0.216176 0.323469 -0.271375 0.240809 -0.237076 -0.024025 -0.394428 -0.206778 -0.423224 -0.381666 -0.449118 -0.342317 -0.049758 -0.105822 0.093482 0.056108 -0.193082 -0.232855 -0.372711 -0.464136 0.048878 -0.075686 0.180674 0.068481 0.139377 0.234795 -0.062764 0.030478 0.143878 0.158236 -0.192359 -0.242233 -0.185894 0.209434 0.186301 0.016275
-0.300897 -0.370894 0.170304 0.131658 0.234438 0.112505 0.031538 -0.007713 0.193188 0.081457 -0.081959 -0.069147 -0.206871 -0.115329 0.112864 -0.084656 -0.257309 -0.368927 -0.250142 -0.168166 0.231277 0.022388 0.184277 0.245419 0.253033 0.285385 0.227108 0.201549 -0.153175 -0.103347 0.215897 0.136755 0.031961 0.180638 1.000000 0.394477 -0.004820 0.036678 -0.131912 -0.143863 -0.051515 -0.067628 0.141511 0.091135 0.318246 0.315742 -0.124865 -0.068497 -0.011313 0.078155 -0.107229 -0.020368 -0.248706 -0.261960 -0.205149 -0.202876 -0.220889 -0.225874 0.032629 -0.070568 0.060482 -0.090408 -0.217847 -0.202707 0.333232 0.177498 0.203574 0.335243 -0.111611 0.057139 -0.019512 0.062920 -0.145045 -0.053281 -0.079966 0.124089 0.135315 0.177558 -0.177252 -0.240334 -0.303966 -0.223339 -0.162601 -0.210879 -0.127817 -0.042804 -0.255548 0.059792 -0.003898 -0.195933 -0.162638 0.044742 0.091699 0.173819 0.160384 -0.153067 -0.055403 -0.035402 -0.269535 -0.173161 0.031007 0.008444 -0.033347 0.018605 0.162795 0.110159 0.125876 0.015180 0.131445 0.086929 0.159771 -0.015122 -0.139340 -0.064366 0.019204 0.055806
-0.232076 -0.373345 0.466986 0.189393 0.213347 0.063182 0.434055 0.403915 0.422138 0.446157 0.045424 0.179917 -0.022933 0.168998 0.183015 0.175933 -0.388660 -0.416349 -0.209112 -0.087900 -0.070801 0.143600 0.030066 0.271235 0.416998 0.293038 0.024992 0.213643 -0.277990 -0.182696 0.236546 0.374316 -0.000262 0.363024 0.394477 1.000000 -0.058024 0.150248 -0.082239 -0.064198 0.061690 -0.102683 0.100144 -0.172691 0.376009 0.414111 -0.437925 -0.268553 -0.090705 -0.079993 -0.284755 -0.267452 -0.423593 -0.343508 -0.420252 -0.373923 -0.348242 -0.445011 -0.167940 -0.476833 0.292004 -0.026229 -0.171689 -0.371357 0.451136 0.412439 0.095630 0.443349 -0.275191 -0.023089 0.228003 0.288214 -0.041842 0.173240 0.080827 0.318078 0.310315 0.509335 -0.235369 -0.296346 -0.432503 -0.377783 -0.431324 -0.306742 -0.360138 -0.160305 -0.428471 -0.250209 -0.098084 -0.306710 0.047775 0.138911 0.385816 0.284045 -0.062409 0.093032 -0.466203 -0.087135 -0.332148 -0.260071 0.228409 0.081628 0.105793 0.143701 0.191658 0.312173 0.208243 -0.033313 0.074439 0.336131 0.027655 0.142147 -0.124907 0.067747 -0.003614 0.059749
