1.000000 0.457145 -0.221089 -0.334852 -0.130075 -0.266999 0.155216 0.011738 -0.063314 0.013461 0.354172 0.052433 0.364112 0.129618 -0.141377 -0.071174 0.096044 0.111445 0.311101 0.067698 -0.243184 -0.140410 -0.332934 -0.212631 -0.311627 -0.334906 -0.243257 -0.208792 -0.120746 0.028267 -0.301888 -0.438938 0.320875 0.055405 0.032384 -0.293300 0.070034 -0.012024 -0.060387 -0.097890 -0.099954 0.022915 -0.020567 0.017884 -0.011030 -0.161253 0.084776 -0.013584 0.255590 0.094883 -0.074261 0.212324 0.292194 0.079257 0.177048 0.211090 0.220522 0.178805 0.316676 0.174585 0.343441 0.196860 0.137448 0.150344 -0.376295 -0.073847 0.181516 -0.366667 0.085929 -0.122801 -0.168756 -0.211936 0.088030 0.120397 -0.063579 -0.032760 0.173014 0.055255 -0.078442 0.002540 -0.072071 -0.025172 -0.239466 -0.214387 -0.185255 -0.089675 -0.114614 -0.095244 -0.256540 0.113710 0.242747 -0.091636 -0.063238 -0.016302 -0.052543 -0.204150 0.196341 0.121384 0.186640 0.125636 0.220873 0.181996 0.113924 0.052543 -0.035702 -0.053132 0.062285 0.022606 -0.288496 0.005148 -0.029422 -0.080287 0.042482 0.111228 0.048380 -0.079896
0.457145 1.000000 -0.498832 -0.208099 -0.313189 -0.492617 -0.066190 0.369267 -0.062131 -0.067568 -0.173188 0.175756 0.108230 0.034680 -0.093573 0.125233 0.337372 0.428488 0.355317 0.462242 -0.199108 -0.279768 -0.656385 -0.528417 -0.516419 -0.452346 -0.470037 -0.451165 0.110609 0.386479 -0.344496 -0.404246 0.669621 0.327483 -0.200115 -0.377323 0.503107 0.176435 -0.005331 0.116505 0.300254 0.117573 -0.055331 -0.070609 -0.047524 -0.197600 0.007389 -0.035943 -0.054127 0.029064 -0.492441 -0.005486 0.201619 0.038523 0.307774 0.183788 0.339081 0.609138 0.020399 0.373845 0.204589 0.353934 0.278050 0.455523 -0.611237 -0.329450 -0.012867 -0.437715 0.268773 -0.035033 -0.128627 -0.093349 0.344867 0.171723 0.096924 0.103883 0.031847 0.227062 0.195447 0.154411 0.340087 0.351747 -0.004449 0.111683 -0.110026 0.015622 0.151248 -0.134603 -0.412092 0.141496 0.078486 -0.358085 -0.156808 -0.352298 0.011022 -0.352088 -0.029578 -0.112724 0.192187 -0.162545 0.155106 0.098963 0.260082 -0.121238 -0.299046 -0.180377 -0.105338 -0.145273 -0.445013 0.050057 -0.272022 -0.179833 0.032279 -0.219952 -0.117981 -0.265609
-0.221089 -0.498832 1.000000 0.471933 0.379204 0.314635 0.388268 -0.163410 0.159917 0.124493 0.277486 -0.199375 -0.089445 -0.212734 0.217746 -0.326763 -0.355920 -0.430632 -0.015105 -0.405988 0.093817 -0.018441 0.735168 0.546397 0.673729 0.534152 0.384923 0.385730 -0.171297 -0.570681 0.476339 0.267717 -0.430975 -0.251417 0.201048 0.262362 -0.307987 -0.143968 0.120880 0.093775 -0.201359 -0.222106 -0.421348 -0.286623 -0.409808 -0.153677 -0.420596 -0.298026 0.016680 -0.397687 0.487161 -0.124915 -0.164642 -0.061490 -0.247768 -0.242594 -0.444101 -0.321493 0.029684 -0.473659 -0.177282 -0.312891 -0.501920 -0.556434 0.630282 0.344773 0.076380 0.472470 -0.132181 -0.157851 0.013463 0.092292 -0.299527 -0.156586 -0.098255 -0.081504 -0.188212 -0.263114 -0.217297 -0.173554 -0.331339 -0.353287 0.347916 -0.109787 0.447955 0.113127 0.109690 0.273128 0.689462 0.059893 -0.170630 0.358385 0.286900 0.380264 -0.086665 0.165089 -0.051996 0.123507 -0.456006 -0.193930 -0.079392 0.053598 -0.276751 -0.063951 -0.020325 0.108408 -0.098277 -0.169283 0.070564 0.205044 0.275971 -0.323273 -0.313024 0.006513 0.251501 -0.049854
-0.334852 -0.208099 0.471933 1.000000 -0.058390 0.183956 0.116418 0.162420 0.051127 -0.050422 -0.129414 0.029327 -0.251890 -0.293292 0.218165 -0.019346 -0.098822 -0.100197 -0.152773 -0.021219 0.197924 0.076573 0.465183 0.593815 0.515143 0.660605 0.169618 0.362450 0.015018 -0.189213 0.474185 0.455808 -0.092307 0.020069 -0.033398 0.391807 -0.183239 -0.011056 -0.043157 0.136428 0.005478 -0.063486 -0.380927 -0.395281 -0.364057 -0.176837 -0.486313 -0.433830 -0.490396 -0.505697 0.153663 -0.551701 -0.552704 -0.321581 -0.238154 -0.456442 -0.174200 -0.168614 -0.386967 -0.619251 -0.323871 -0.218811 -0.158976 -0.220196 0.533633 0.299057 -0.302672 0.339274 0.013861 -0.050076 -0.092427 0.199137 -0.166474 0.004063 0.096460 0.002613 -0.149681 -0.122102 0.030154 0.018750 0.027496 0.032743 0.392877 0.387192 0.434575 0.537482 0.257021 0.337648 0.557359 -0.209874 -0.324990 0.024946 0.433808 0.111629 -0.115354 0.066841 -0.324271 -0.057999 -0.448717 -0.326646 0.006438 -0.141252 -0.170239 -0.159555 -0.028888 -0.003309 -0.242483 -0.180469 0.081363 -0.071693 -0.024518 -0.222898 -0.188041 -0.095655 -0.090509 -0.051693
-0.130075 -0.313189 0.379204 -0.058390 1.000000 0.392204 0.203906 -0.233714 0.452886 0.390639 0.446362 -0.014358 0.257471 0.126574 0.132874 -0.063290 -0.376902 -0.426203 -0.041919 -0.392843 0.047791 0.201569 0.407102 0.280447 0.160780 0.032546 0.538551 0.193751 -0.279148 -0.363760 -0.089753 -0.055725 -0.393560 -0.189618 0.199026 0.237326 -0.290391 -0.250660 0.149805 0.061472 -0.148068 -0.035835 -0.095382 -0.025176 -0.127949 -0.028975 -0.102644 -0.087903 0.182780 -0.039882 0.245697 0.144316 0.091196 0.191241 0.045849 -0.019316 -0.367286 -0.358135 0.474028 0.014694 0.102493 0.024385 -0.567806 -0.552623 0.296208 0.291847 0.179960 0.196438 -0.143630 -0.042852 -0.086225 -0.247006 -0.239146 -0.270131 -0.118353 -0.093831 -0.265377 -0.213578 -0.291726 -0.329421 -0.393257 -0.446439 0.036254 -0.188295 0.075808 -0.332114 -0.048403 0.000984 0.417086 0.307150 0.102068 0.343466 0.089433 0.255060 -0.026641 0.140004 0.004020 0.140312 -0.187419 0.029346 -0.158311 -0.079399 -0.358435 -0.148384 -0.017698 0.060160 0.021359 -0.054367 0.118767 0.109139 0.193696 -0.038083 -0.047029 -0.014536 0.237909 0.012611
-0.266999 -0.492617 0.314635 0.183956 0.392204 1.000000 -0.143648 -0.330291 0.053010 0.218485 0.123067 -0.216740 -0.086501 -0.047893 0.059396 -0.097931 -0.325025 -0.329223 -0.332079 -0.317069 0.054384 0.181953 0.501701 0.510742 0.528369 0.545497 0.533291 0.656182 -0.317260 -0.320897 0.115464 0.161815 -0.394929 -0.293566 0.115222 0.364741 -0.314924 -0.105362 0.080932 0.004851 -0.087988 0.055708 0.056485 0.017250 0.036081 0.077318 -0.018705 0.012878 0.035947 -0.048976 0.425111 -0.070947 -0.247535 -0.147031 -0.138466 -0.161453 -0.303140 -0.356896 -0.032721 -0.258380 -0.345845 -0.286332 -0.290175 -0.351166 0.337654 0.264758 -0.087086 0.212930 -0.244707 -0.105930 -0.135112 -0.015317 -0.531003 -0.147917 -0.132184 -0.133753 -0.196637 -0.145187 -0.211863 -0.195754 -0.203665 -0.232040 0.099641 0.054712 0.215855 0.018180 -0.014569 0.171776 0.432484 -0.097009 -0.038817 0.259982 0.262975 0.312221 0.142809 0.067587 0.108446 0.037230 -0.010426 0.001926 0.050599 -0.031656 -0.179988 0.038239 0.143552 0.225002 0.076167 -0.064629 0.163277 0.180247 0.250675 0.042765 -0.003356 0.077161 0.035395 -0.017376
0.155216 -0.066190 0.388268 0.116418 0.203906 -0.143648 1.000000 0.363426 0.600080 0.352590 0.421384 0.165313 0.496793 0.205436 0.223451 0.021617 -0.182313 -0.227895 0.127731 -0.100973 -0.114884 -0.263948 0.149429 0.175818 0.041628 -0.136020 -0.054120 -0.139582 -0.175257 -0.170344 0.020395 -0.065420 -0.160539 -0.010622 -0.065579 -0.031277 -0.151315 -0.336023 -0.182892 -0.244164 -0.276703 -0.241784 -0.408876 -0.409699 -0.301633 -0.289031 -0.369266 -0.375248 0.016527 -0.315688 0.098456 -0.177623 0.081809 -0.133921 -0.210253 -0.354557 -0.264040 -0.299241 0.248961 -0.032376 0.180203 0.265785 -0.244342 -0.254765 0.301393 0.299962 -0.072137 0.102396 -0.078400 -0.115693 0.052158 -0.258125 0.046133 0.054139 -0.003783 -0.070160 0.060362 -0.228058 -0.399179 -0.273575 -0.174517 -0.369003 0.175563 -0.192680 0.123291 -0.085092 0.077514 -0.069620 0.275663 -0.065846 0.357685 0.423522 0.452066 0.417771 -0.218714 -0.066435 -0.202170 0.058460 -0.177020 0.068502 0.105529 0.324201 0.066655 0.078914 -0.059402 0.017486 0.000031 -0.036580 -0.198945 -0.034957 0.069337 -0.188212 -0.314476 0.134703 0.334360 -0.076405
0.011738 0.369267 -0.163410 0.162420 -0.233714 -0.330291 0.363426 1.000000 0.290507 0.348082 -0.135112 0.442216 0.304652 0.412370 -0.025526 0.287387 0.176561 0.174700 -0.095862 0.159856 -0.063887 -0.249965 -0.404678 -0.130265 -0.258201 -0.201821 -0.483259 -0.389806 0.041955 0.389232 -0.017414 0.078177 0.309650 0.238019 -0.176257 -0.199720 0.122620 -0.123501 -0.214317 -0.182649 0.030398 -0.123840 -0.216207 -0.335792 -0.099422 -0.180166 -0.236679 -0.273674 -0.172557 -0.156227 -0.343526 -0.267314 -0.086232 -0.280806 -0.228245 -0.239445 0.032537 -0.028317 -0.009974 0.232714 0.214049 0.589179 0.141876 0.201523 -0.130118 0.143125 -0.148706 -0.121358 -0.024614 -0.118679 0.063889 -0.029225 0.281044 0.161887 0.041800 0.079572 0.060896 -0.001517 0.010284 0.018058 0.253368 0.137581 -0.004445 0.065307 0.034026 0.086973 0.119671 -0.323539 -0.280578 -0.210494 0.103580 -0.135826 0.290850 -0.056266 -0.248839 -0.120296 -0.353375 -0.160472 -0.094554 -0.133123 0.242941 0.147030 0.272762 -0.096088 -0.143189 -0.005939 -0.068037 -0.040367 -0.197760 -0.151952 -0.305257 -0.090614 -0.089869 -0.068398 -0.025347 -0.017680
-0.063314 -0.062131 0.159917 0.051127 0.452886 0.053010 0.600080 0.290507 1.000000 0.572059 0.331908 0.252442 0.501548 0.319134 0.363817 0.298536 -0.055628 -0.144049 -0.061959 -0.040723 -0.026456 -0.176488 0.100096 0.166850 -0.134462 -0.152529 -0.078784 -0.187700 -0.088618 -0.016838 -0.247729 -0.052905 -0.122717 0.059134 -0.114107 0.026683 -0.196052 -0.367013 -0.152335 -0.174840 -0.204610 -0.080213 -0.221249 -0.288991 -0.137540 -0.200005 -0.219432 -0.254088 -0.055219 -0.180050 -0.086094 -0.154524 0.062343 -0.084922 -0.156082 -0.337924 -0.238398 -0.283689 0.408972 0.081205 0.268283 0.405675 -0.319851 -0.291594 0.234842 0.251089 -0.066877 -0.007620 -0.102271 0.044456 -0.007653 -0.183580 0.028526 -0.047329 -0.140205 -0.085098 -0.252900 -0.249344 -0.313443 -0.271042 0.011798 -0.242296 0.133196 0.018500 0.047309 -0.116709 0.029200 -0.222620 0.127278 -0.044190 0.310840 0.350739 0.331910 0.315210 -0.239131 -0.019477 -0.294670 0.017228 -0.093038 0.063597 -0.060826 0.167167 -0.014590 -0.094163 -0.212880 -0.073765 0.016706 -0.058587 -0.048553 -0.121705 -0.085793 -0.032445 -0.145980 0.014273 0.225609 -0.084032
0.013461 -0.067568 0.124493 -0.050422 0.390639 0.218485 0.352590 0.348082 0.572059 1.000000 0.326467 0.275544 0.366033 0.538786 0.101672 0.139745 -0.124289 -0.298916 -0.218756 -0.338519 -0.095795 -0.141356 0.001252 0.246504 -0.096653 -0.139612 -0.009771 -0.137838 -0.162465 -0.043365 -0.267526 -0.085189 -0.136780 -0.146273 0.094960 0.078821 -0.219528 -0.261134 -0.259208 -0.179209 -0.130486 -0.031158 -0.103501 -0.154514 -0.048799 -0.042022 -0.159013 -0.201594 0.074848 -0.083007 0.032665 -0.019242 0.032151 -0.201910 -0.213978 -0.285332 -0.332272 -0.433880 0.456488 0.230495 0.256064 0.584496 -0.298686 -0.346454 0.209568 0.524612 0.084685 0.108229 -0.287951 -0.209204 -0.044940 -0.133327 -0.176233 -0.148340 -0.240193 -0.137400 -0.231742 -0.232374 -0.267617 -0.313162 -0.041000 -0.279700 -0.039704 -0.095403 0.126291 -0.147081 -0.189662 -0.219535 0.074731 -0.143335 0.245982 0.282190 0.449168 0.276816 -0.173571 -0.165899 -0.281251 -0.118662 -0.179936 -0.063955 0.138430 0.099237 -0.064034 -0.123511 -0.118958 0.007311 0.110797 -0.076633 -0.076127 -0.017736 0.018591 -0.221152 -0.146800 0.067819 -0.005005 -0.058228
0.354172 -0.173188 0.277486 -0.129414 0.446362 0.123067 0.421384 -0.135112 0.331908 0.326467 1.000000 0.216353 0.675325 0.352715 0.353471 0.063023 -0.132129 -0.362283 0.129392 -0.253838 -0.118617 -0.040565 0.331717 0.343338 0.000694 -0.157628 0.183710 0.004381 -0.164864 -0.346315 -0.209101 -0.221122 -0.198985 -0.207769 0.145554 -0.072838 -0.346611 -0.302049 -0.054146 -0.106046 -0.336362 -0.163046 -0.209900 -0.128728 -0.227003 -0.238828 -0.191029 -0.136619 0.220392 -0.132076 0.310822 0.072839 0.246774 -0.064038 -0.012138 -0.064794 -0.325083 -0.300521 0.582105 0.032076 0.363536 0.226649 -0.265375 -0.328041 0.257375 0.386862 -0.036644 -0.079949 -0.238857 -0.144404 -0.089281 -0.265985 -0.138923 -0.141074 -0.041743 -0.026068 -0.023044 -0.231237 -0.438664 -0.273561 -0.371244 -0.405685 0.061567 -0.267514 0.016402 -0.370983 -0.144405 -0.050653 0.283269 0.038224 0.305984 0.369947 0.184482 0.393956 -0.103522 0.032293 0.033877 0.155554 -0.160558 0.037111 0.064803 0.019459 -0.228123 0.029075 0.044661 0.101625 0.063453 -0.073567 -0.016392 -0.013442 0.163878 -0.144319 -0.071095 0.219303 0.258009 0.024852
0.052433 0.175756 -0.199375 0.029327 -0.014358 -0.216740 0.165313 0.442216 0.252442 0.275544 0.216353 1.000000 0.427533 0.534366 0.039870 0.356944 0.213524 0.203398 -0.149616 0.061854 0.039699 -0.134300 -0.221010 -0.019061 -0.301973 -0.191331 -0.323007 -0.485831 0.141947 0.431475 -0.061633 0.126659 0.190149 0.203241 -0.016531 -0.113959 0.106139 -0.107194 -0.210441 -0.169466 -0.122029 0.007380 -0.146143 -0.180894 -0.010593 -0.098758 -0.107364 -0.167442 -0.059132 -0.008576 -0.376309 -0.138212 -0.092119 -0.177766 -0.253059 -0.148548 0.055206 -0.179154 0.161300 0.026722 0.294876 0.477244 0.042119 0.121452 -0.014011 0.065793 0.042776 -0.086856 -0.167300 -0.111419 -0.056721 -0.092522 0.289003 0.156811 0.245636 0.298518 0.153341 0.139906 -0.038363 0.083655 0.073768 0.047904 -0.017124 0.250654 -0.062014 -0.025883 -0.039652 -0.154416 -0.211400 -0.263797 0.032147 -0.189471 0.143109 -0.075252 -0.157558 0.044625 -0.290157 -0.038445 -0.198267 -0.071058 0.202007 0.029924 0.087134 -0.170108 -0.090825 -0.049257 -0.071718 0.007679 -0.015869 -0.224045 -0.270129 -0.093935 0.042569 0.016085 0.071672 0.118029
0.364112 0.108230 -0.089445 -0.251890 0.257471 -0.086501 0.496793 0.304652 0.501548 0.366033 0.675325 0.427533 1.000000 0.590894 0.244037 0.236713 0.019244 -0.158045 -0.022289 -0.113355 -0.201027 -0.148323 -0.066881 0.073024 -0.249692 -0.398315 -0.196911 -0.252517 -0.235842 -0.021425 -0.405973 -0.325798 -0.009011 0.034890 0.070977 -0.141923 -0.163010 -0.301668 -0.101781 -0.164059 -0.284785 -0.312398 -0.080456 -0.089988 -0.019492 -0.123635 -0.063603 -0.062764 0.327540 0.017008 0.008344 0.076375 0.251817 -0.157770 -0.007835 -0.057655 -0.119090 -0.170211 0.635585 0.260196 0.516999 0.428531 -0.106599 -0.142219 -0.119977 0.309138 -0.013058 -0.219008 -0.161679 -0.063273 -0.119832 -0.488545 0.066667 -0.100223 -0.104969 -0.039963 0.117189 -0.040888 -0.441222 -0.271170 -0.227505 -0.331393 -0.198598 -0.288990 -0.283646 -0.373830 -0.046738 -0.242791 -0.137280 -0.038785 0.365744 0.178356 0.200526 0.239877 -0.139569 -0.012042 0.024147 0.081195 0.050273 0.115425 0.177118 0.174911 -0.004360 -0.015033 -0.048906 0.044327 -0.026513 0.003400 -0.125701 -0.110149 0.042855 0.006537 0.061218 0.105930 0.227979 0.051425
0.129618 0.034680 -0.212734 -0.293292 0.126574 -0.047893 0.205436 0.412370 0.319134 0.538786 0.352715 0.534366 0.590894 1.000000 0.115992 0.467834 0.025910 -0.009390 -0.310689 -0.118021 -0.183874 -0.072788 -0.108300 0.124591 -0.274685 -0.361178 -0.207943 -0.306255 0.001834 0.255777 -0.190384 0.023822 -0.023611 0.079101 0.015497 -0.045187 -0.217119 -0.320422 -0.247768 -0.279520 -0.218541 -0.083170 0.053076 -0.041726 -0.014649 -0.104707 -0.016779 -0.053904 0.175268 0.031413 -0.117857 0.101344 0.060973 -0.089617 -0.285926 -0.111135 -0.087211 -0.248383 0.457157 0.372417 0.400137 0.648015 -0.095584 -0.064434 -0.107538 0.352482 -0.067136 -0.236891 -0.152905 0.013670 -0.085416 -0.191033 0.070756 0.046614 -0.047637 0.095168 -0.029179 -0.108510 -0.104238 -0.003448 -0.027533 -0.110237 -0.241831 -0.202734 -0.199419 -0.474371 -0.166713 -0.512981 -0.335361 -0.174000 0.221486 0.039553 0.104200 0.095256 -0.172560 0.078378 -0.133271 -0.069760 -0.072989 0.090960 0.228766 0.003113 -0.069833 -0.026696 0.079281 0.079311 0.224709 0.160757 0.069054 -0.220625 -0.164867 0.019110 0.075093 0.205512 0.124002 0.202773
-0.141377 -0.093573 0.217746 0.218165 0.132874 0.059396 0.223451 -0.025526 0.363817 0.101672 0.353471 0.039870 0.244037 0.115992 1.000000 0.421404 0.081567 -0.078847 0.082491 0.103396 0.247754 -0.046460 0.434015 0.371669 0.177770 0.151354 0.145002 0.153259 0.252329 -0.216777 0.033864 0.102026 -0.075701 0.109486 -0.254771 0.085378 -0.177386 -0.266048 0.013998 -0.117614 -0.085608 -0.022412 -0.322313 -0.382146 -0.413784 -0.392071 -0.393239 -0.416781 -0.199263 -0.378238 0.245338 -0.292795 -0.005288 -0.259629 -0.127833 -0.402364 -0.106023 0.062850 0.058945 -0.039039 0.033108 0.065139 -0.105722 -0.108429 0.296098 0.175930 -0.328290 0.029676 0.071954 0.189302 0.067511 -0.005900 -0.069547 -0.111451 -0.099359 0.000172 -0.371464 -0.401904 -0.078260 -0.079877 0.171612 0.058132 0.531604 0.193180 0.377259 -0.021465 0.241130 -0.061589 0.296236 -0.042143 0.045131 0.199887 0.218532 0.340115 -0.379686 0.078260 -0.318871 -0.202058 -0.409559 -0.113245 0.050115 0.054550 -0.153108 -0.056782 -0.086159 -0.093501 -0.134384 0.005739 0.085095 -0.193700 -0.253072 -0.151503 -0.205190 0.098968 -0.020733 0.035208
-0.071174 0.125233 -0.326763 -0.019346 -0.063290 -0.097931 0.021617 0.287387 0.298536 0.139745 0.063023 0.356944 0.236713 0.467834 0.421404 1.000000 0.407318 0.292923 -0.055674 0.418867 0.049263 -0.012637 -0.103045 0.044858 -0.272499 -0.183161 -0.179513 -0.168344 0.444206 0.427719 -0.082785 0.147593 0.160808 0.251995 -0.364498 -0.070877 0.066580 -0.149182 -0.115135 -0.159914 -0.075089 0.222115 -0.037830 -0.215487 -0.150842 -0.280524 -0.145592 -0.196438 -0.420416 -0.157693 -0.353793 -0.326033 -0.109155 -0.145353 -0.086859 -0.286157 0.209151 0.053633 -0.101435 0.131849 0.168723 0.360038 0.294923 0.276381 -0.060438 -0.125537 -0.465152 -0.383426 -0.024712 0.234616 0.087271 0.040241 0.300095 0.135546 0.139314 0.138969 -0.172011 -0.154603 0.215411 0.101960 0.389430 0.267707 0.101282 0.363684 -0.041279 -0.149453 0.006827 -0.312252 -0.259701 -0.129137 0.113979 -0.066381 0.047205 0.054688 -0.209494 0.184085 -0.306939 -0.210081 -0.070340 0.097489 0.133639 0.158975 0.127453 0.016753 -0.016912 -0.042418 0.042386 0.229496 0.148471 -0.242405 -0.391707 0.224918 -0.011258 0.024063 -0.109670 0.066013
0.096044 0.337372 -0.355920 -0.098822 -0.376902 -0.325025 -0.182313 0.176561 -0.055628 -0.124289 -0.132129 0.213524 0.019244 0.025910 0.081567 0.407318 1.000000 0.646715 0.165289 0.620930 -0.060002 -0.149243 -0.344834 -0.265251 -0.377235 -0.323003 -0.438335 -0.332707 0.508968 0.395262 -0.180524 -0.123094 0.541755 0.280708 -0.306603 -0.226359 0.433480 0.113037 0.008223 -0.115216 0.138752 0.364011 -0.102436 -0.189385 -0.070156 -0.232504 -0.085401 -0.049515 -0.368561 -0.117875 -0.460126 -0.333566 -0.126776 -0.151864 0.121949 -0.166540 0.655093 0.482086 -0.177834 -0.020515 0.253136 0.179159 0.629678 0.602199 -0.299878 -0.355432 -0.162400 -0.226604 0.309693 0.264078 0.261009 0.177469 0.492100 0.376127 0.374463 0.204340 0.079805 0.162569 0.442720 0.208143 0.652630 0.408645 -0.016408 0.086581 -0.103504 -0.046462 -0.024944 -0.243963 -0.396994 -0.118550 -0.069968 -0.226227 -0.222902 -0.069256 -0.219402 0.067614 -0.340046 -0.160978 -0.002688 -0.038615 0.144512 0.234099 0.164369 0.053458 -0.004295 -0.068537 -0.013642 0.183728 0.156678 -0.067314 -0.396219 0.151417 0.156545 0.017658 -0.302560 0.121730
0.111445 0.428488 -0.430632 -0.100197 -0.426203 -0.329223 -0.227895 0.174700 -0.144049 -0.298916 -0.362283 0.203398 -0.158045 -0.009390 -0.078847 0.292923 0.646715 1.000000 0.123067 0.686124 -0.103926 -0.028364 -0.369661 -0.387260 -0.276998 -0.241851 -0.382434 -0.314386 0.499856 0.602634 -0.029892 0.048348 0.624759 0.505386 -0.312436 -0.229783 0.522145 0.150885 0.051191 -0.049904 0.225276 0.349538 -0.144034 -0.240132 -0.139576 -0.255561 -0.126115 -0.138577 -0.376836 -0.133025 -0.535963 -0.317768 -0.125461 -0.113208 0.013163 -0.186802 0.618896 0.579467 -0.320064 -0.035056 0.144253 0.130847 0.601065 0.719050 -0.395355 -0.474207 -0.100979 -0.319241 0.314844 0.196808 0.149673 0.277444 0.489093 0.536248 0.385727 0.285275 0.184925 0.354711 0.675159 0.525336 0.658566 0.610167 -0.024021 0.149862 -0.106243 -0.012196 0.013813 -0.250240 -0.406037 -0.122476 -0.132089 -0.389472 -0.255433 -0.188655 -0.068789 -0.025724 -0.241173 -0.026921 -0.065596 -0.091133 0.188959 0.162029 0.327088 0.014283 -0.027610 -0.098191 0.048633 0.123876 0.075647 -0.084706 -0.377440 0.133989 0.111200 -0.070786 -0.168281 0.000698
0.311101 0.355317 -0.015105 -0.152773 -0.041919 -0.332079 0.127731 -0.095862 -0.061959 -0.218756 0.129392 -0.149616 -0.022289 -0.310689 0.082491 -0.055674 0.165289 0.123067 1.000000 0.297697 -0.079096 -0.210174 -0.212307 -0.338705 -0.283651 -0.222501 -0.126088 -0.178715 0.256488 0.010416 -0.080941 -0.218109 0.266097 0.099365 -0.174029 -0.389506 0.281165 0.079645 0.006943 0.115784 0.167591 0.147720 -0.163060 -0.112795 -0.165895 -0.275638 -0.002781 -0.048589 -0.026672 -0.057835 -0.206218 0.107780 0.357601 0.250655 0.245449 0.157300 -0.014568 0.338129 -0.038169 0.155495 -0.015225 -0.092822 0.211520 0.189620 -0.281922 -0.422790 -0.031366 -0.248863 0.060506 -0.076538 0.138813 0.040778 0.333306 0.191042 0.147290 0.195169 0.083781 0.073430 0.048727 -0.012187 0.178879 0.209182 0.244934 0.113347 0.056645 -0.055089 0.078684 0.107509 -0.039318 0.187132 0.163837 -0.029649 -0.242735 -0.155602 0.067818 -0.201281 0.125487 -0.030860 0.202288 -0.059023 0.045771 0.166853 0.142347 -0.009612 -0.171718 -0.187298 -0.137499 -0.184211 -0.259167 0.129987 -0.126913 -0.219007 -0.083005 -0.129360 0.061343 -0.211890
0.067698 0.462242 -0.405988 -0.021219 -0.392843 -0.317069 -0.100973 0.159856 -0.040723 -0.338519 -0.253838 0.061854 -0.113355 -0.118021 0.103396 0.418867 0.620930 0.686124 0.297697 1.000000 -0.063701 -0.158554 -0.271108 -0.301279 -0.254993 -0.242147 -0.288229 -0.184579 0.410114 0.379139 -0.084060 -0.000076 0.447573 0.344853 -0.362678 -0.207871 0.387168 -0.001445 -0.010385 -0.130546 0.053340 0.282456 -0.183664 -0.319507 -0.159916 -0.372659 -0.187745 -0.149617 -0.394410 -0.177953 -0.455891 -0.326051 -0.124769 -0.090321 0.041160 -0.245159 0.617309 0.538712 -0.314384 0.000817 0.075505 0.093426 0.532801 0.651611 -0.298059 -0.466978 -0.249969 -0.358254 0.392264 0.484487 0.217476 0.139907 0.359753 0.495548 0.396889 0.196425 0.120557 0.165157 0.452151 0.307027 0.551569 0.416745 0.142149 0.171152 -0.095474 -0.069748 0.148039 -0.241975 -0.255290 -0.084562 0.031390 -0.104917 -0.133936 -0.038220 -0.028475 0.018742 -0.374465 -0.172602 0.063869 0.035923 0.158450 0.240617 0.239940 0.192630 0.090035 -0.036177 0.084776 0.171195 0.141033 -0.095453 -0.383104 0.279272 0.231321 0.002989 -0.190368 0.058595
-0.243184 -0.199108 0.093817 0.197924 0.047791 0.054384 -0.114884 -0.063887 -0.026456 -0.095795 -0.118617 0.039699 -0.201027 -0.183874 0.247754 0.049263 -0.060002 -0.103926 -0.079096 -0.063701 1.000000 0.193515 0.119918 0.095692 0.083461 0.259046 0.228559 0.165826 0.114553 -0.056118 0.216531 0.266582 -0.177315 -0.020214 -0.153071 0.048039 -0.074339 0.001036 0.046083 -0.047739 0.090146 0.077856 0.001235 -0.014561 0.008271 0.032773 -0.070736 -0.110048 -0.172165 -0.061976 -0.031846 -0.156876 -0.199392 -0.109459 -0.137797 -0.143137 0.029591 -0.056494 -0.281657 -0.229616 -0.161247 -0.163923 -0.085628 -0.033587 0.234059 -0.033875 -0.052384 0.209692 0.102078 0.195637 0.146263 0.094856 -0.138320 -0.148814 -0.083814 -0.065889 -0.225619 -0.110624 0.029786 0.040770 0.047795 0.028353 0.316070 0.378376 0.314361 0.244780 0.177230 0.116260 0.155647 0.014469 -0.070247 0.039323 0.046532 0.041297 -0.096158 0.223302 -0.216387 0.059085 -0.197101 -0.047178 -0.225231 -0.009490 -0.176920 -0.010411 0.090367 -0.008635 -0.089416 0.081054 0.134971 -0.077150 -0.178657 0.098293 -0.081425 -0.085488 -0.110144 0.183139
-0.140410 -0.279768 -0.018441 0.076573 0.201569 0.181953 -0.263948 -0.249965 -0.176488 -0.141356 -0.040565 -0.134300 -0.148323 -0.072788 -0.046460 -0.012637 -0.149243 -0.028364 -0.210174 -0.158554 0.193515 1.000000 0.203031 0.186586 0.196684 0.211700 0.310287 0.288408 0.065183 -0.026382 0.110539 0.220706 -0.153713 -0.115905 0.020649 0.109775 -0.142666 0.011390 0.052677 0.144235 -0.000998 0.240885 0.142781 0.190937 -0.010574 0.118481 0.047773 0.073027 -0.049098 -0.008507 0.133284 -0.028933 -0.127839 0.081555 0.031568 0.007279 0.055012 -0.075761 -0.130994 -0.170536 -0.144491 -0.192547 -0.087982 -0.142944 0.067207 0.066636 -0.033458 0.135117 0.101150 0.068519 0.002063 0.048862 -0.142865 -0.085897 0.043774 0.050510 -0.032482 -0.175748 0.194634 -0.024821 -0.082692 -0.071740 -0.110567 0.022224 0.035622 0.029000 -0.044825 -0.007495 0.088498 -0.012731 -0.229044 -0.107608 -0.154493 -0.060569 -0.077086 0.383635 0.006416 0.036936 -0.064857 0.047768 -0.164030 -0.299085 -0.181583 -0.075336 0.172699 0.070183 0.123003 0.161510 0.283955 -0.066933 0.029314 0.201706 0.112493 0.099419 -0.088980 0.202677
-0.332934 -0.656385 0.735168 0.465183 0.407102 0.501701 0.149429 -0.404678 0.100096 0.001252 0.331717 -0.221010 -0.066881 -0.108300 0.434015 -0.103045 -0.344834 -0.369661 -0.212307 -0.271108 0.119918 0.203031 1.000000 0.754445 0.753338 0.608030 0.589451 0.588911 -0.112206 -0.593764 0.426139 0.363492 -0.533472 -0.210006 0.236938 0.541733 -0.500054 -0.251454 0.088154 0.002898 -0.317486 -0.132956 -0.242412 -0.191611 -0.336750 -0.109378 -0.362927 -0.252938 -0.088165 -0.341510 0.612117 -0.208957 -0.305551 -0.113843 -0.312290 -0.359492 -0.353644 -0.268734 0.006329 -0.464837 -0.215452 -0.375453 -0.471626 -0.509444 0.723022 0.406586 -0.080480 0.395976 -0.058766 0.091537 -0.085469 0.047665 -0.466256 -0.206269 -0.037538 -0.104191 -0.223207 -0.309499 -0.133096 -0.062123 -0.365932 -0.323155 0.322149 -0.063600 0.302243 -0.026815 0.087410 0.243363 0.719390 -0.042022 -0.219846 0.306354 0.235876 0.394205 -0.151245 0.276718 -0.132467 -0.007676 -0.483586 -0.117677 -0.134973 -0.164536 -0.402589 -0.019224 0.177796 0.124937 -0.008939 -0.030840 0.324858 -0.085064 0.193586 -0.101546 -0.112774 0.099117 0.122435 0.110346
-0.212631 -0.528417 0.546397 0.593815 0.280447 0.510742 0.175818 -0.130265 0.166850 0.246504 0.343338 -0.019061 0.073024 0.124591 0.371669 0.044858 -0.265251 -0.387260 -0.338705 -0.301279 0.095692 0.186586 0.754445 1.000000 0.608868 0.582213 0.460349 0.600061 -0.209138 -0.430932 0.302349 0.312776 -0.441490 -0.285600 0.123140 0.484705 -0.478048 -0.110655 0.021968 0.132345 -0.276026 -0.075995 -0.260663 -0.247314 -0.381207 -0.202054 -0.382187 -0.257773 -0.173763 -0.424112 0.465201 -0.309479 -0.323486 -0.273946 -0.266935 -0.374625 -0.290697 -0.415776 0.036825 -0.461481 -0.177078 -0.129797 -0.387616 -0.489418 0.613169 0.611580 -0.273685 0.320948 -0.093455 0.005734 -0.185188 -0.065514 -0.468676 -0.164217 -0.062653 -0.076988 -0.148442 -0.343156 -0.247836 -0.143126 -0.305172 -0.358878 0.159167 0.003173 0.238061 0.067186 -0.018093 0.122737 0.584109 -0.112219 -0.099391 0.286614 0.462357 0.390249 -0.133430 0.080669 -0.141492 -0.009196 -0.400958 -0.110046 0.028899 -0.146753 -0.422029 -0.076793 0.142405 0.123923 0.022866 -0.042801 0.166536 -0.142264 0.247836 -0.160343 -0.163881 0.161881 0.061573 0.059484
-0.311627 -0.516419 0.673729 0.515143 0.160780 0.528369 0.041628 -0.258201 -0.134462 -0.096653 0.000694 -0.301973 -0.249692 -0.274685 0.177770 -0.272499 -0.377235 -0.276998 -0.283651 -0.254993 0.083461 0.196684 0.753338 0.608868 1.000000 0.796909 0.514688 0.749695 -0.175517 -0.464678 0.596260 0.419890 -0.315858 -0.107161 0.242462 0.498215 -0.291164 -0.035876 0.171004 0.103172 -0.077068 -0.212297 -0.251258 -0.164266 -0.259930 0.004700 -0.307400 -0.233642 -0.091067 -0.324812 0.614031 -0.300081 -0.374082 -0.233283 -0.318948 -0.273895 -0.284293 -0.202950 -0.266015 -0.573251 -0.403102 -0.485537 -0.365223 -0.421116 0.556757 0.318811 -0.054179 0.444827 -0.045907 -0.104876 -0.196951 0.054175 -0.479163 -0.191008 -0.144734 -0.187638 -0.098992 -0.183944 -0.109894 -0.052609 -0.279601 -0.210142 0.302172 0.023359 0.403745 0.272099 0.174168 0.343111 0.670742 -0.127477 -0.360808 0.083957 0.281102 0.234778 -0.004636 0.133759 -0.008451 0.074090 -0.386747 -0.220928 0.029630 -0.047035 -0.200736 -0.037721 0.114707 0.207569 -0.082079 -0.036037 0.120650 0.120013 0.322406 -0.126356 -0.123814 0.042613 0.145806 -0.007028
-0.334906 -0.452346 0.534152 0.660605 0.032546 0.545497 -0.136020 -0.201821 -0.152529 -0.139612 -0.157628 -0.191331 -0.398315 -0.361178 0.151354 -0.183161 -0.323003 -0.241851 -0.222501 -0.242147 0.259046 0.211700 0.608030 0.582213 0.796909 1.000000 0.396848 0.687748 -0.013857 -0.301891 0.676312 0.574213 -0.204751 -0.071542 0.170934 0.449771 -0.252099 0.056078 0.138774 0.160320 0.043912 0.012576 -0.148851 -0.116622 -0.148366 0.040012 -0.161726 -0.184561 -0.203504 -0.228084 0.357787 -0.276238 -0.393114 -0.180500 -0.305262 -0.232095 -0.303858 -0.231576 -0.416051 -0.599530 -0.487189 -0.506502 -0.291043 -0.323449 0.485383 0.148868 -0.143776 0.366535 -0.158129 -0.208702 -0.121209 0.244078 -0.342269 -0.092422 -0.035157 0.014960 -0.153488 -0.130969 -0.070437 -0.077853 -0.190625 -0.067665 0.380033 0.389661 0.431637 0.447048 0.201115 0.431737 0.543423 -0.163728 -0.440675 -0.105697 0.229471 0.020510 0.005367 0.103068 0.020331 0.045020 -0.304821 -0.233481 0.039519 -0.172240 -0.187731 -0.140326 0.039346 0.049482 -0.213440 -0.163705 0.052427 0.068246 0.116051 -0.151460 -0.081521 -0.011181 0.062249 -0.065595
-0.243257 -0.470037 0.384923 0.169618 0.538551 0.533291 -0.054120 -0.483259 -0.078784 -0.009771 0.183710 -0.323007 -0.196911 -0.207943 0.145002 -0.179513 -0.438335 -0.382434 -0.126088 -0.288229 0.228559 0.310287 0.589451 0.460349 0.514688 0.396848 1.000000 0.668685 -0.226849 -0.466979 0.227973 0.173686 -0.395724 -0.183826 0.205642 0.389895 -0.294914 -0.025832 0.241238 0.172392 -0.042418 0.059684 -0.097103 -0.010856 -0.196655 -0.025180 -0.141269 -0.078384 0.003494 -0.175914 0.451296 -0.004754 -0.099703 0.120381 -0.000049 -0.063664 -0.277228 -0.244591 -0.021700 -0.311206 -0.281498 -0.369210 -0.415514 -0.445187 0.405246 0.266062 0.072698 0.312699 0.037468 0.130181 -0.085281 -0.111149 -0.425979 -0.182034 -0.126304 -0.252666 -0.166708 -0.222549 -0.176693 -0.152817 -0.415317 -0.285680 0.135539 -0.069472 0.185891 -0.073654 -0.017434 0.164961 0.577907 0.165357 -0.070193 0.251307 0.055198 0.180351 0.124389 0.195435 0.083850 0.091216 -0.234246 -0.002487 -0.100612 -0.187574 -0.267434 0.004405 0.293777 0.262112 0.117161 0.064005 0.191712 0.135202 0.291503 -0.002878 -0.150244 0.088142 0.159077 0.121805
-0.208792 -0.451165 0.385730 0.362450 0.193751 0.656182 -0.139582 -0.389806 -0.187700 -0.137838 0.004381 -0.485831 -0.252517 -0.306255 0.153259 -0.168344 -0.332707 -0.314386 -0.178715 -0.184579 0.165826 0.288408 0.588911 0.600061 0.749695 0.687748 0.668685 1.000000 -0.216662 -0.460177 0.339554 0.229986 -0.298338 -0.165791 0.178949 0.440484 -0.228035 0.142269 0.332226 0.255428 0.069263 0.030652 -0.079231 -0.069530 -0.195974 -0.073405 -0.105195 -0.071721 -0.063657 -0.292191 0.533190 -0.209835 -0.190971 -0.130872 -0.012902 -0.145603 -0.196065 -0.165107 -0.223231 -0.459359 -0.426380 -0.522599 -0.274683 -0.322253 0.309166 0.261573 -0.180799 0.270722 0.052595 0.066549 -0.149633 0.016687 -0.510627 -0.172190 -0.183778 -0.198363 -0.104732 -0.146171 -0.139704 -0.224308 -0.305341 -0.184963 0.147585 0.015012 0.193641 0.152190 0.055663 0.216489 0.531261 0.012440 -0.194370 0.121527 0.121711 0.155128 0.084158 0.092165 0.170060 0.098737 -0.160669 -0.124689 -0.024822 -0.094642 -0.259512 0.014009 0.186356 0.173332 -0.019891 -0.039397 0.094778 0.228381 0.355636 0.040240 -0.085836 0.069809 0.008695 0.013628
-0.120746 0.110609 -0.171297 0.015018 -0.279148 -0.317260 -0.175257 0.041955 -0.088618 -0.162465 -0.164864 0.141947 -0.235842 0.001834 0.252329 0.444206 0.508968 0.499856 0.256488 0.410114 0.114553 0.065183 -0.112206 -0.209138 -0.175517 -0.013857 -0.226849 -0.216662 1.000000 0.439000 0.240010 0.317281 0.381089 0.356871 -0.303605 -0.157030 0.361093 0.234081 0.122067 -0.013544 0.369772 0.464904 -0.119896 -0.188647 -0.178871 -0.218201 -0.127518 -0.187807 -0.463992 -0.155918 -0.366129 -0.254867 -0.080317 -0.017881 -0.048363 -0.200235 0.226228 0.340868 -0.417440 -0.152756 -0.084027 -0.011628 0.307570 0.357858 -0.087915 -0.464595 -0.320543 -0.240666 0.072337 0.019976 0.418253 0.498594 0.570025 0.402293 0.327971 0.391506 -0.085725 0.003471 0.558600 0.209915 0.622061 0.559156 0.363260 0.453062 0.299071 0.148919 0.146673 0.037858 -0.178067 -0.107739 -0.284034 -0.397234 -0.294910 -0.262000 -0.281346 0.117682 -0.258225 -0.173000 -0.259384 -0.220028 0.101868 -0.028804 0.104460 -0.208793 -0.207165 -0.324078 -0.101511 -0.118081 0.056806 -0.028076 -0.485753 -0.035826 -0.039983 -0.086704 -0.195493 -0.147831
0.028267 0.386479 -0.570681 -0.189213 -0.363760 -0.320897 -0.170344 0.389232 -0.016838 -0.043365 -0.346315 0.431475 -0.021425 0.255777 -0.216777 0.427719 0.395262 0.602634 0.010416 0.379139 -0.056118 -0.026382 -0.593764 -0.430932 -0.464678 -0.301891 -0.466979 -0.460177 0.439000 1.000000 -0.021220 0.204075 0.559469 0.471607 -0.332117 -0.400435 0.440774 0.260558 -0.062164 0.008336 0.239584 0.245170 0.117293 0.001927 0.127429 -0.086485 0.135293 0.093905 -0.239295 0.116476 -0.699588 -0.067945 0.035450 0.090074 0.004504 0.122912 0.386943 0.200444 -0.253553 0.133589 0.057440 0.240801 0.422181 0.523297 -0.471491 -0.492650 -0.103850 -0.534959 -0.019643 -0.090633 0.057087 0.155344 0.698284 0.451106 0.290654 0.299615 0.223892 0.308083 0.432429 0.354015 0.492719 0.545077 -0.127566 0.344579 -0.208370 0.019258 -0.100891 -0.235690 -0.581342 -0.078548 -0.058681 -0.438982 -0.269924 -0.362307 -0.078593 -0.075997 -0.052738 -0.140980 0.136423 -0.058468 0.091205 0.047438 0.306089 -0.056945 -0.099641 -0.004186 0.077461 0.052466 -0.103991 -0.134329 -0.390019 0.141335 0.117441 -0.193359 -0.014069 -0.049682
-0.301888 -0.344496 0.476339 0.474185 -0.089753 0.115464 0.020395 -0.017414 -0.247729 -0.267526 -0.209101 -0.061633 -0.405973 -0.190384 0.033864 -0.082785 -0.180524 -0.029892 -0.080941 -0.084060 0.216531 0.110539 0.426139 0.302349 0.596260 0.676312 0.227973 0.339554 0.240010 -0.021220 1.000000 0.777772 -0.089474 0.176872 0.088054 0.220051 -0.044194 0.146380 0.029305 0.031535 -0.006136 0.014254 -0.279317 -0.197589 -0.246708 -0.074615 -0.248583 -0.260673 -0.301852 -0.297702 0.095032 -0.261796 -0.326757 -0.035487 -0.428231 -0.165482 -0.130910 -0.090105 -0.518999 -0.495370 -0.361148 -0.377823 -0.140708 -0.089185 0.392088 -0.052774 -0.122362 0.172617 -0.069458 -0.145602 0.101020 0.353123 0.018824 0.122234 0.138744 0.220954 0.058028 -0.018220 0.197509 0.207644 -0.073156 0.080309 0.295553 0.259770 0.318780 0.247404 0.098899 0.239752 0.368028 -0.099537 -0.489002 -0.198714 -0.003387 -0.055860 -0.029140 0.166239 -0.011382 0.082844 -0.371119 -0.191102 0.048955 -0.110994 -0.141346 -0.015857 0.162383 0.078470 -0.074092 -0.028127 0.054763 0.051604 -0.021099 -0.097769 -0.084042 -0.019206 0.122422 0.025275
-0.438938 -0.404246 0.267717 0.455808 -0.055725 0.161815 -0.065420 0.078177 -0.052905 -0.085189 -0.221122 0.126659 -0.325798 0.023822 0.102026 0.147593 -0.123094 0.048348 -0.218109 -0.000076 0.266582 0.220706 0.363492 0.312776 0.419890 0.574213 0.173686 0.229986 0.317281 0.204075 0.777772 1.000000 -0.058131 0.325152 0.011594 0.230012 -0.170740 0.024701 -0.106768 -0.031485 -0.008384 0.085552 -0.118000 -0.165604 -0.180832 -0.114858 -0.160031 -0.195585 -0.363785 -0.292465 -0.074684 -0.320924 -0.396056 -0.070509 -0.527703 -0.276945 -0.119028 -0.208852 -0.458507 -0.482281 -0.338322 -0.201135 -0.156139 -0.088076 0.351224 -0.037089 -0.165697 0.067366 -0.085643 -0.043116 0.114220 0.476864 0.115573 0.170705 0.144114 0.269273 -0.045914 0.006620 0.293930 0.184841 0.118387 0.196501 0.294060 0.386562 0.304473 0.182517 0.136531 0.071806 0.197910 -0.314004 -0.463798 -0.197005 0.054813 -0.057690 -0.052539 0.281686 -0.136952 0.036465 -0.390181 -0.173725 0.032354 -0.198113 -0.151134 -0.080034 0.167769 0.043198 0.040856 -0.021942 0.229709 -0.060807 -0.163407 0.034936 -0.028981 0.083702 0.057476 0.118067
0.320875 0.669621 -0.430975 -0.092307 -0.393560 -0.394929 -0.160539 0.309650 -0.122717 -0.136780 -0.198985 0.190149 -0.009011 -0.023611 -0.075701 0.160808 0.541755 0.624759 0.266097 0.447573 -0.177315 -0.153713 -0.533472 -0.441490 -0.315858 -0.204751 -0.395724 -0.298338 0.381089 0.559469 -0.089474 -0.058131 1.000000 0.663379 -0.169851 -0.258214 0.522668 0.197452 0.003470 0.094966 0.384827 0.165746 -0.090840 -0.094501 -0.027553 -0.181464 0.048913 -0.061962 -0.242725 -0.071032 -0.519686 -0.195346 0.042040 -0.018857 0.205931 0.096776 0.395434 0.533629 -0.209731 0.032161 0.137399 0.236067 0.388982 0.520201 -0.492419 -0.364183 -0.032081 -0.387613 0.196934 -0.160923 -0.032902 0.209605 0.530398 0.334875 0.172451 0.127561 0.164592 0.363771 0.320074 0.233170 0.491137 0.562430 0.057133 0.205739 -0.011721 0.113070 0.129527 -0.127913 -0.401662 -0.078319 -0.259172 -0.591860 -0.311462 -0.444592 -0.098362 -0.195973 -0.039408 -0.085364 -0.012582 -0.370752 0.175997 0.036920 0.240018 -0.208192 -0.307854 -0.180598 -0.248906 -0.168993 -0.259628 0.077253 -0.372874 -0.208289 0.004192 -0.199171 -0.137203 -0.215464
0.055405 0.327483 -0.251417 0.020069 -0.189618 -0.293566 -0.010622 0.238019 0.059134 -0.146273 -0.207769 0.203241 0.034890 0.079101 0.109486 0.251995 0.280708 0.505386 0.099365 0.344853 -0.020214 -0.115905 -0.210006 -0.285600 -0.107161 -0.071542 -0.183826 -0.165791 0.356871 0.471607 0.176872 0.325152 0.663379 1.000000 -0.021627 0.052434 0.308793 0.045893 -0.079980 -0.031026 0.244212 0.087833 -0.205611 -0.217386 -0.100350 -0.190154 -0.097019 -0.260391 -0.279212 -0.219496 -0.402651 -0.292014 -0.120402 -0.090798 -0.117336 -0.138023 0.241985 0.323752 -0.173285 -0.107570 0.130691 0.159271 0.181564 0.383051 -0.188340 -0.254630 0.074289 -0.241883 0.201654 -0.002623 -0.005496 0.159061 0.445976 0.280177 0.143368 0.137594 0.107577 0.330921 0.364039 0.343662 0.377791 0.509680 0.184426 0.242522 0.050037 0.032236 0.236656 -0.128016 -0.187138 -0.143271 -0.400269 -0.505229 -0.281951 -0.329910 -0.101732 0.011077 -0.127467 -0.020131 -0.289462 -0.373225 -0.052108 -0.089476 0.128630 -0.131316 -0.162619 -0.095929 -0.127675 -0.007212 -0.088179 0.037551 -0.369999 -0.149540 -0.104892 -0.199529 -0.039652 -0.021673
0.032384 -0.200115 0.201048 -0.033398 0.199026 0.115222 -0.065579 -0.176257 -0.114107 0.094960 0.145554 -0.016531 0.070977 0.015497 -0.254771 -0.364498 -0.306603 -0.312436 -0.174029 -0.362678 -0.153071 0.020649 0.236938 0.123140 0.242462 0.170934 0.205642 0.178949 -0.303605 -0.332117 0.088054 0.011594 -0.169851 -0.021627 1.000000 0.483463 -0.193406 -0.010911 -0.095459 -0.061214 -0.158081 -0.200071 0.056988 0.171041 0.168801 0.286517 0.074697 0.069148 0.271539 0.086284 0.295806 0.117996 -0.039290 0.015915 -0.181362 0.049303 -0.297470 -0.235366 0.251002 -0.093674 0.051523 -0.066714 -0.252578 -0.245713 0.233775 0.352334 0.428036 0.311507 -0.162314 -0.136692 -0.109703 -0.101818 -0.250079 -0.192232 -0.091889 -0.072147 0.149437 0.190688 -0.224176 -0.078079 -0.494208 -0.322294 -0.194031 -0.277253 -0.159932 -0.118821 -0.135288 0.158749 0.225408 -0.032078 -0.250241 -0.061515 -0.111305 -0.099817 0.144498 -0.053418 0.175440 0.011199 -0.138266 -0.128908 -0.094191 -0.296942 -0.195608 -0.035002 0.102088 0.096823 -0.095284 -0.129195 -0.031460 -0.026238 0.339946 -0.230192 0.057041 -0.016621 0.107012 0.042539
-0.293300 -0.377323 0.262362 0.391807 0.237326 0.364741 -0.031277 -0.199720 0.026683 0.078821 -0.072838 -0.113959 -0.141923 -0.045187 0.085378 -0.070877 -0.226359 -0.229783 -0.389506 -0.207871 0.048039 0.109775 0.541733 0.484705 0.498215 0.449771 0.389895 0.440484 -0.157030 -0.400435 0.220051 0.230012 -0.258214 0.052434 0.483463 1.000000 -0.390945 -0.148308 -0.114981 -0.127009 -0.010016 0.009518 -0.080936 -0.067065 -0.036948 0.213801 -0.167423 -0.261330 -0.132023 -0.168865 0.401767 -0.264205 -0.432284 -0.203747 -0.224377 -0.398241 -0.236501 -0.271072 -0.027286 -0.358763 -0.191378 -0.145310 -0.316728 -0.352212 0.515669 0.436337 0.087857 0.546854 0.024242 0.038406 -0.095005 0.010613 -0.483770 -0.140844 0.030135 -0.156401 -0.052708 -0.052627 -0.131951 -0.106090 -0.248869 -0.226393 0.120854 0.043412 0.157592 0.105123 0.144221 0.262275 0.439367 -0.102873 -0.232808 0.005305 0.200901 0.093725 -0.113176 0.019812 -0.205081 -0.156310 -0.341573 -0.171486 -0.097351 -0.240293 -0.297488 -0.126603 0.108842 -0.018402 -0.121126 0.046594 0.151946 -0.207252 0.155364 -0.153835 -0.056610 0.069632 -0.124849 0.047716
