1.000000 0.369715 -0.169051 -0.375215 -0.220702 -0.345785 -0.222063 -0.285863 -0.249323 -0.366588 0.620857 0.012722 0.282390 0.072469 0.172011 -0.102231 0.231404 0.213726 0.411246 0.469277 -0.040902 -0.093023 -0.203089 -0.143359 -0.193901 -0.192442 0.053255 0.187418 0.045461 -0.077892 -0.139897 -0.208940 0.255039 0.105406 -0.143584 -0.205084 0.059061 -0.085109 -0.021600 -0.038475 0.117012 -0.041905 -0.194551 -0.138569 -0.159416 -0.346834 -0.285924 -0.180285 -0.155435 -0.244316 -0.198529 -0.258383 -0.181559 -0.223600 -0.143081 -0.189047 0.492369 0.423366 0.307962 0.184455 0.171518 -0.039300 0.119810 0.180026 -0.067452 -0.253479 0.108388 -0.102597 0.343137 0.281968 0.002160 0.002283 0.148152 -0.033144 -0.134927 0.176575 0.051924 0.079715 0.117934 0.037542 0.424087 0.252354 0.147447 -0.155812 0.105857 -0.091619 -0.075092 0.234805 0.112691 -0.063631 -0.116530 0.002609 -0.348304 0.065612 0.180724 0.051771 0.119390 -0.169173 -0.080942 -0.099329 -0.245896 -0.079341 0.081718 -0.086159 0.062068 -0.011539 -0.039743 0.040205 -0.255788 -0.033686 0.160115 -0.057495 -0.303145 -0.117923 -0.063683 -0.160389
0.369715 1.000000 -0.514550 -0.243348 -0.397280 -0.191398 -0.121810 0.002207 -0.304775 -0.141441 0.047509 -0.010825 0.045028 0.346178 0.003087 0.196951 0.285791 0.407798 0.179901 0.401269 -0.089947 -0.083868 -0.595558 -0.429725 -0.441903 -0.346926 -0.302840 -0.255835 0.282081 0.393708 -0.144201 -0.201973 0.443709 0.360546 -0.010577 -0.115409 0.181297 -0.167908 -0.238735 -0.122906 0.216288 0.081512 -0.026483 0.072068 0.028324 -0.209769 0.067782 0.057347 -0.056581 0.058251 -0.434950 -0.039591 0.037248 0.123851 -0.113369 -0.086229 0.349291 0.322785 0.129796 0.317677 0.214743 0.429791 0.202232 0.477695 -0.244150 -0.151591 -0.008797 -0.413502 0.304432 0.258010 -0.042364 0.017642 0.426099 -0.006351 0.003006 0.124544 0.072090 0.074431 0.318096 0.116454 0.311458 0.417582 -0.140416 0.275707 -0.135319 -0.079423 -0.306244 -0.106073 -0.162096 -0.064653 -0.131882 -0.234309 -0.215448 -0.310871 0.026299 -0.168630 0.102121 -0.161940 0.199165 -0.002002 0.072198 -0.111606 -0.033684 -0.105354 0.051287 -0.189458 -0.107799 -0.235381 -0.201267 -0.063000 0.031259 0.048600 0.059891 -0.070642 0.187541 0.050189
-0.169051 -0.514550 1.000000 0.427515 0.319278 0.150413 0.503632 0.326021 0.127143 0.023785 -0.027736 0.113131 -0.126087 -0.358035 -0.085016 -0.318193 -0.505443 -0.588595 0.023648 -0.117930 0.254493 0.139243 0.637905 0.570799 0.460385 0.491854 0.437551 0.407202 -0.393769 -0.448467 0.474022 0.477637 -0.254220 -0.062469 0.195265 0.410912 -0.224406 0.028601 0.201061 0.199674 0.081793 -0.047220 -0.256352 -0.222769 -0.148141 0.083407 -0.246441 -0.221245 -0.134191 -0.250234 0.238422 -0.205569 -0.280293 -0.402607 -0.032658 -0.140472 -0.357572 -0.288024 -0.212880 -0.521318 -0.289630 -0.293820 -0.361048 -0.597024 0.394274 0.260546 -0.068583 0.451732 -0.266356 -0.293133 0.066587 0.051033 -0.446632 -0.026553 -0.046228 -0.038859 -0.091527 0.031366 -0.337628 -0.154686 -0.396610 -0.484414 0.224792 -0.179511 0.141915 0.054588 0.126357 0.205480 0.248639 -0.117061 0.007924 0.018367 0.115668 0.117857 0.184832 0.082795 -0.031629 0.130768 -0.365528 -0.337473 -0.158752 -0.140933 -0.209984 -0.077780 -0.123297 0.233337 0.004151 0.267800 0.275749 0.161768 -0.018319 -0.190017 -0.313256 -0.075384 -0.067791 -0.087901
-0.375215 -0.243348 0.427515 1.000000 0.220199 0.439927 0.278211 0.652663 0.271612 0.478126 -0.164192 0.324102 -0.197185 -0.037925 0.120573 0.316873 -0.259980 -0.524829 0.116932 0.033987 0.176953 0.225955 0.416834 0.667210 0.212706 0.495807 0.275633 0.250463 -0.195365 -0.303874 0.376358 0.506498 -0.386833 0.000916 0.173610 0.240164 -0.091440 -0.171958 0.037719 0.050553 -0.003886 -0.086672 -0.371125 -0.471911 -0.386331 -0.131292 -0.356994 -0.400843 -0.346405 -0.368852 0.064279 -0.273147 -0.218702 -0.189764 -0.089208 -0.302233 -0.429160 -0.483008 -0.353792 -0.474325 -0.184253 -0.000586 -0.092885 -0.491536 0.525681 0.465011 -0.206493 0.243738 -0.191187 -0.277474 0.014177 0.147938 -0.412883 -0.061173 0.063069 -0.028088 -0.131816 -0.035086 -0.186976 -0.297697 -0.212463 -0.379703 0.381138 0.234179 0.353288 0.291031 0.098098 0.278197 0.343743 0.249717 0.063942 -0.185623 0.478857 -0.110013 -0.054537 -0.069647 -0.471464 0.026120 -0.408075 -0.370169 -0.148941 -0.213622 -0.195073 -0.192711 -0.264962 0.006262 0.065076 -0.031441 0.199619 0.050824 -0.186784 -0.227634 -0.203422 0.076122 0.060127 -0.052497
-0.220702 -0.397280 0.319278 0.220199 1.000000 0.574456 0.381238 0.015266 0.775412 0.512317 0.019363 0.174139 0.220210 0.053934 -0.015843 -0.046757 -0.286627 -0.156052 -0.308943 -0.171679 -0.289592 -0.354677 0.352304 0.110330 0.596968 -0.062461 0.241226 -0.095527 -0.171398 -0.109612 -0.395693 -0.332746 -0.343091 -0.372762 0.163493 0.071016 -0.343130 -0.136605 -0.282897 -0.237981 -0.121418 -0.159849 -0.037152 0.035460 0.198230 0.310595 0.117347 0.099419 0.202383 0.289131 0.248222 0.188793 0.178494 -0.084273 -0.325389 -0.146260 -0.259077 -0.243219 0.155070 -0.032088 0.062865 0.008638 -0.172369 -0.193726 0.229401 0.218708 0.132548 0.202318 -0.369536 -0.116354 -0.212431 -0.257375 -0.214581 -0.403684 -0.276894 -0.215198 -0.211904 0.068635 -0.262100 -0.286360 -0.248318 -0.179338 -0.090109 0.149856 -0.088116 -0.000694 0.007335 -0.032651 -0.200214 -0.175455 0.222155 0.169484 0.184142 0.160556 -0.158147 -0.199699 -0.184686 -0.074871 -0.088827 -0.133317 -0.032991 -0.054330 0.208823 0.053059 0.072793 -0.045873 0.056114 0.159474 -0.047850 -0.103880 -0.019981 -0.170576 -0.319439 -0.151897 -0.372090 -0.223458
-0.345785 -0.191398 0.150413 0.439927 0.574456 1.000000 0.433623 0.376511 0.660531 0.812807 -0.100571 0.179168 0.164644 0.274303 0.031058 0.292715 -0.248686 -0.196051 -0.140696 -0.021497 -0.111009 -0.238354 0.229277 0.177871 0.319213 -0.041425 0.118432 -0.174786 -0.039104 0.100997 -0.258444 -0.173331 -0.353106 -0.218079 0.271961 0.077015 -0.180654 -0.139945 -0.189875 -0.122162 -0.081547 -0.104628 -0.081643 -0.136834 -0.058039 0.005671 0.025835 -0.051724 -0.013365 0.055092 0.004355 0.061862 0.235010 0.028929 -0.179132 -0.213983 -0.337121 -0.387139 0.043619 -0.055756 0.146194 0.295275 -0.084418 -0.090047 0.214295 0.297811 -0.116683 -0.084822 -0.334887 -0.372049 -0.197642 0.021758 -0.124033 -0.252886 -0.132095 -0.009220 -0.309564 -0.076939 -0.117543 -0.268056 -0.187885 -0.035138 -0.063558 0.338900 -0.079044 0.032940 -0.012063 -0.118840 0.018236 0.176365 0.284547 0.088393 0.271469 0.003940 -0.167793 -0.140022 -0.322843 -0.063959 -0.210277 -0.291979 0.013612 -0.182551 -0.071123 -0.198339 -0.293387 -0.097922 0.101068 0.002662 0.067425 -0.134151 -0.164354 -0.144856 -0.115806 -0.149804 0.023345 0.015227
-0.222063 -0.121810 0.503632 0.278211 0.381238 0.433623 1.000000 0.511199 0.385841 0.431548 0.004603 0.316869 0.307120 0.111105 0.044862 -0.000032 -0.259505 -0.228043 -0.016339 0.015381 0.072472 -0.093570 0.149089 0.043107 0.092208 -0.096675 -0.016000 -0.233097 -0.001296 0.013476 -0.012266 -0.019360 -0.195773 -0.042469 0.245048 0.254249 -0.197839 -0.125130 -0.158957 -0.159293 0.013544 -0.175037 -0.158600 -0.056183 -0.005787 -0.004303 0.035128 -0.002447 -0.025465 -0.011060 -0.087914 -0.046405 0.155157 -0.063388 -0.159553 -0.231953 -0.410081 -0.377577 0.099304 -0.327535 0.201780 0.235829 -0.103545 -0.095483 0.427619 0.331178 -0.237755 -0.107970 -0.462908 -0.420334 -0.038167 -0.133802 -0.019341 -0.132052 0.006433 0.053449 -0.131660 -0.063650 -0.082707 -0.178518 -0.277849 -0.295291 -0.069487 0.201363 -0.103634 0.027573 -0.195919 -0.099194 0.058747 -0.051494 0.113349 -0.007961 0.130600 0.004856 -0.027289 -0.188889 -0.193881 -0.011493 -0.176968 -0.198339 0.086272 -0.061445 -0.191857 -0.208972 -0.251965 -0.038389 -0.086012 0.069403 0.092856 -0.043007 -0.245785 -0.035986 -0.166632 -0.238521 -0.050228 -0.021637
-0.285863 0.002207 0.326021 0.652663 0.015266 0.376511 0.511199 1.000000 0.050278 0.506199 -0.131024 0.426375 -0.129966 0.287290 -0.074523 0.330929 -0.304601 -0.422626 -0.112031 0.125511 0.242291 0.165723 0.009142 0.355932 -0.060613 0.248996 -0.024448 -0.085402 -0.017537 0.040373 0.358623 0.442598 -0.159508 0.177449 0.232934 0.358683 -0.160327 -0.243293 -0.138320 -0.072891 0.048446 -0.191405 -0.291478 -0.321322 -0.241142 -0.091330 -0.217479 -0.224925 -0.286442 -0.285616 -0.165595 -0.235301 -0.161629 -0.158139 -0.157388 -0.347585 -0.394328 -0.510936 -0.221767 -0.324290 -0.017914 0.350184 -0.018314 -0.186681 0.430812 0.542233 -0.246760 0.022157 -0.235171 -0.333525 -0.128499 0.078891 -0.161355 -0.042384 0.041867 0.115136 -0.155641 -0.160443 -0.039928 -0.260322 -0.206626 -0.303545 0.128099 0.318993 0.082050 0.178578 -0.124486 0.120080 0.203585 0.058689 0.005836 -0.207591 0.371564 -0.099186 -0.074474 -0.054756 -0.321716 0.123564 -0.365744 -0.234866 0.032348 -0.182019 -0.254688 -0.254140 -0.321091 -0.001259 -0.083926 -0.036813 0.265870 0.107362 -0.184633 -0.000911 -0.103815 0.026643 0.222476 0.107101
-0.249323 -0.304775 0.127143 0.271612 0.775412 0.660531 0.385841 0.050278 1.000000 0.634397 0.061166 0.206245 0.328340 0.055187 0.242651 0.156036 -0.142787 -0.116571 -0.085110 -0.038787 -0.278666 -0.371545 0.364750 0.135254 0.434940 -0.098911 0.147706 -0.127224 -0.139539 -0.083094 -0.443428 -0.378633 -0.385156 -0.382367 0.293655 0.070662 -0.237161 -0.138123 -0.242369 -0.298947 -0.103630 -0.186143 -0.087337 -0.085635 -0.005966 -0.000168 0.101615 0.065217 0.011626 0.159676 0.125727 0.127067 0.220241 0.107685 -0.256721 -0.200774 -0.261839 -0.249553 0.098468 -0.048140 0.113966 0.060387 -0.125449 -0.080646 0.317598 0.221224 -0.107053 -0.007496 -0.256643 -0.143856 -0.281440 -0.157843 -0.144354 -0.384270 -0.241021 -0.133967 -0.277824 -0.014410 -0.231841 -0.194734 -0.171375 -0.076755 -0.045809 0.206914 -0.094450 0.007837 0.068564 -0.081216 0.013649 0.020638 0.277997 0.162284 0.243962 0.203137 -0.140068 -0.180092 -0.217538 -0.118357 -0.126186 -0.102180 -0.073225 -0.108059 0.100541 -0.026564 -0.131206 -0.147572 0.103998 0.030378 -0.023290 -0.165000 -0.084492 -0.046044 -0.137131 -0.094721 -0.215979 -0.138589
-0.366588 -0.141441 0.023785 0.478126 0.512317 0.812807 0.431548 0.506199 0.634397 1.000000 -0.066456 0.252696 0.163695 0.386484 0.147313 0.497552 -0.148289 -0.257466 -0.123699 0.064048 -0.101772 -0.099735 0.131699 0.156156 0.173025 -0.064010 0.001978 -0.271954 0.044476 0.125936 -0.244015 -0.170799 -0.402962 -0.252203 0.255391 0.076197 -0.245576 -0.260032 -0.229503 -0.217179 -0.134686 -0.240841 -0.184599 -0.218337 -0.126579 -0.109392 -0.039729 -0.024796 -0.107320 -0.002895 -0.161400 -0.039874 0.214797 0.027028 -0.333022 -0.347015 -0.325131 -0.404922 0.027565 -0.048384 0.156035 0.370321 -0.037875 -0.053715 0.278662 0.301980 -0.194213 -0.183528 -0.283871 -0.242486 -0.228127 -0.033160 -0.134947 -0.320381 -0.203680 -0.082303 -0.313333 -0.133523 -0.120023 -0.224669 -0.139341 -0.029462 0.015372 0.384434 -0.099949 0.003738 -0.045411 -0.175500 0.008561 0.191401 0.272071 0.139228 0.436076 0.199020 -0.132595 -0.118818 -0.406867 0.063127 -0.197218 -0.153218 0.187669 -0.013361 0.060208 -0.062220 -0.200298 -0.042560 0.113871 0.005179 0.057982 -0.069955 -0.140018 -0.080702 -0.116208 -0.027058 0.083241 0.094741
0.620857 0.047509 -0.027736 -0.164192 0.019363 -0.100571 0.004603 -0.131024 0.061166 -0.066456 1.000000 0.270155 0.547962 0.128978 0.485553 0.091240 0.166553 -0.042929 0.330346 0.224830 0.050908 -0.044748 0.217038 0.128728 0.066653 0.024385 0.361811 0.289519 -0.043470 -0.165670 -0.046058 -0.066283 -0.066668 -0.119392 0.093897 -0.085586 -0.049433 0.076429 0.139826 -0.053908 0.036133 -0.136699 -0.210322 -0.228661 -0.299607 -0.387050 -0.299963 -0.168895 -0.306656 -0.365215 -0.071705 -0.326573 -0.209616 -0.258638 -0.247189 -0.320767 0.107273 0.194513 -0.000629 -0.159476 0.008006 -0.177749 -0.101300 -0.104288 0.338718 -0.067481 -0.200924 -0.088460 0.167341 0.140351 -0.011898 0.098889 -0.114619 -0.188023 -0.001291 0.206423 0.110305 0.242935 -0.075713 -0.076830 0.231257 0.059808 0.347651 -0.152635 0.286531 0.077901 0.219931 0.185501 0.351634 -0.059840 -0.127604 0.075767 -0.153669 0.275481 0.052931 0.181412 0.070420 -0.060635 -0.273227 -0.146227 -0.267530 -0.045933 -0.039292 -0.149801 -0.064451 -0.133658 -0.150350 -0.037436 -0.156954 0.105720 0.112168 -0.009522 -0.274916 0.023156 -0.028042 -0.165197
0.012722 -0.010825 0.113131 0.324102 0.174139 0.179168 0.316869 0.426375 0.206245 0.252696 0.270155 1.000000 0.169572 0.413149 0.136394 0.343852 -0.172270 -0.266097 -0.024508 0.176988 0.112645 0.120620 0.090382 0.236569 0.141651 0.125880 0.085251 0.003356 -0.198051 0.053913 0.073919 0.063830 -0.411699 -0.224316 0.172147 0.121178 -0.120591 -0.103144 -0.179198 -0.065246 -0.231803 -0.255028 -0.263535 -0.277584 -0.256079 -0.055490 -0.213152 -0.030852 -0.159453 -0.195120 0.023945 -0.097325 -0.039035 -0.086285 -0.228638 -0.254111 -0.330647 -0.346664 -0.122147 -0.264833 -0.063149 0.103103 -0.038164 -0.147214 0.365739 0.268712 -0.259598 0.040086 -0.200707 -0.141142 -0.071585 0.002335 -0.147042 -0.096338 0.028064 0.059798 0.111739 0.148934 -0.156902 -0.228632 -0.004359 -0.160504 0.149805 0.261994 0.239228 0.251888 -0.143545 0.258341 0.095878 -0.098897 -0.082140 -0.060949 0.274420 0.000069 -0.029333 0.076367 -0.084026 0.196006 -0.268455 -0.033594 0.003994 -0.056338 -0.174922 -0.153132 -0.338682 -0.243411 -0.050096 -0.136915 0.120506 0.219781 0.216882 -0.055147 -0.164575 -0.020175 -0.078551 -0.111039
0.282390 0.045028 -0.126087 -0.197185 0.220210 0.164644 0.307120 -0.129966 0.328340 0.163695 0.547962 0.169572 1.000000 0.306874 0.495443 0.109049 0.116459 0.128029 0.164971 -0.006545 -0.096930 -0.237896 0.092756 -0.185982 -0.033696 -0.281697 0.042482 -0.057518 -0.034987 -0.100504 -0.337145 -0.399992 -0.161867 -0.118743 0.154591 0.018780 -0.034560 0.057876 -0.039312 -0.098120 -0.061997 -0.270904 -0.179258 -0.061483 -0.213434 -0.198048 -0.130569 -0.046900 -0.058540 -0.127991 -0.106554 -0.074665 0.228621 -0.173691 -0.097794 -0.286878 0.003832 0.101606 0.384841 -0.075644 0.439058 0.176933 -0.096965 0.034147 0.239411 0.073116 -0.194132 -0.209190 -0.002934 -0.091070 -0.098804 -0.185129 0.013832 -0.287242 -0.112979 0.009315 0.029353 0.023542 0.091894 0.020740 0.084134 0.134319 -0.073822 -0.067864 -0.012346 0.030747 -0.008962 -0.096392 0.192725 0.031572 0.019088 -0.015470 -0.060806 0.206530 0.183150 -0.012121 0.070803 -0.055282 -0.169606 -0.143487 -0.174165 0.063924 -0.064592 -0.087919 -0.072598 -0.085285 0.008233 0.015203 -0.138607 -0.004679 -0.048909 -0.046636 -0.188047 -0.216621 0.015820 -0.240429
0.072469 0.346178 -0.358035 -0.037925 0.053934 0.274303 0.111105 0.287290 0.055187 0.386484 0.128978 0.413149 0.306874 1.000000 0.103551 0.494217 0.015163 0.061801 -0.107535 0.193143 -0.167343 -0.150344 -0.347008 -0.228733 -0.136758 -0.310691 -0.189384 -0.362015 0.075415 0.342350 -0.307388 -0.339492 -0.080743 -0.184341 0.053659 -0.146971 -0.078662 -0.114309 -0.240645 -0.109910 -0.209503 -0.208472 -0.066483 -0.003930 -0.097139 -0.030725 0.001683 0.084864 0.160260 0.047192 -0.182768 0.139949 0.370458 -0.031531 -0.091369 -0.163679 -0.139559 -0.156924 0.313222 0.277884 0.330383 0.584725 -0.028066 0.176331 -0.143054 0.141486 -0.042083 -0.307853 -0.039225 -0.113264 -0.004330 0.071932 0.162649 -0.088494 -0.069215 0.124058 0.119591 0.063303 0.023386 -0.209373 0.017509 0.068672 -0.268828 0.224091 -0.323160 -0.076426 -0.335393 -0.175284 -0.204337 -0.015857 0.109043 -0.014364 0.213330 0.050250 -0.042218 -0.065355 -0.062051 0.103079 -0.021257 -0.058686 0.201947 0.112963 0.019289 -0.041027 -0.080177 -0.207802 -0.120742 -0.188110 -0.128294 0.045608 0.099657 -0.097180 -0.014592 -0.010153 0.148402 0.030982
0.172011 0.003087 -0.085016 0.120573 -0.015843 0.031058 0.044862 -0.074523 0.242651 0.147313 0.485553 0.136394 0.495443 0.103551 1.000000 0.366761 0.169584 -0.168288 0.482630 0.189985 -0.012721 0.031814 0.333772 0.223770 -0.086486 0.119343 0.299846 0.277890 -0.160041 -0.301365 -0.006524 -0.032590 -0.309420 -0.263135 0.160701 -0.060896 0.076421 -0.062581 0.218443 0.054447 0.000303 -0.119454 -0.235579 -0.308416 -0.491820 -0.525999 -0.238351 -0.181140 -0.269221 -0.378237 -0.142144 -0.303857 0.021309 -0.113707 -0.040984 -0.217534 -0.052789 0.099036 -0.013142 -0.185594 -0.059420 -0.147761 -0.233979 -0.260616 0.337621 -0.088440 -0.324020 -0.280144 0.072283 0.140397 0.042588 0.238834 -0.275219 -0.104079 -0.119751 0.043075 0.025976 0.083939 -0.056259 -0.145719 0.002016 -0.021753 0.442909 -0.043926 0.133034 -0.132506 0.188387 0.003531 0.495056 0.180243 0.130684 0.180798 0.049913 0.269079 0.223296 0.048834 0.049630 0.151988 -0.116076 -0.133675 -0.185850 0.170082 -0.016319 0.092153 -0.021750 -0.007630 0.087996 0.029480 -0.044879 0.233011 -0.066847 -0.050162 -0.122029 0.122707 0.103425 -0.138115
-0.102231 0.196951 -0.318193 0.316873 -0.046757 0.292715 -0.000032 0.330929 0.156036 0.497552 0.091240 0.343852 0.109049 0.494217 0.366761 1.000000 0.096126 -0.129868 0.043425 0.233092 0.071883 0.113983 -0.121908 0.086966 -0.238875 -0.047357 -0.054277 -0.134767 0.084747 0.161219 -0.077911 -0.064002 -0.260968 -0.126361 0.027366 -0.203196 -0.013274 -0.096119 -0.101711 -0.022282 -0.140608 -0.105928 -0.077334 -0.202216 -0.287160 -0.242462 -0.110803 -0.023957 -0.174636 -0.157826 -0.221836 -0.105207 0.129595 -0.011631 -0.128905 -0.195528 -0.170097 -0.264413 -0.033599 -0.063085 0.007850 0.236634 0.108185 0.020865 0.078618 0.011970 -0.234815 -0.320193 -0.115271 0.008092 0.069994 0.275235 -0.086529 -0.112558 -0.152310 0.003022 -0.034996 -0.015692 0.038675 -0.191312 0.122284 0.012561 0.148232 0.466625 0.034696 0.021631 -0.100689 -0.027931 0.029261 0.137781 0.213375 0.083692 0.247394 -0.078103 -0.041018 0.048450 -0.200573 0.112434 0.051078 -0.014686 0.130144 0.019404 0.158522 0.030696 -0.171130 -0.190070 -0.086491 -0.196411 -0.003436 0.192518 -0.014824 -0.032975 0.008241 -0.018161 0.179487 -0.016649
0.231404 0.285791 -0.505443 -0.259980 -0.286627 -0.248686 -0.259505 -0.304601 -0.142787 -0.148289 0.166553 -0.172270 0.116459 0.015163 0.169584 0.096126 1.000000 0.579035 0.292113 0.317821 -0.106027 -0.110036 -0.275183 -0.260375 -0.405610 -0.329937 -0.189001 -0.213881 0.518331 0.213781 -0.171129 -0.222656 0.275496 0.272921 -0.274255 -0.356661 0.188925 -0.080899 -0.026193 -0.246040 0.025206 0.064528 0.077581 0.095316 0.121285 -0.228740 0.147807 0.043408 -0.156711 0.047798 -0.233159 -0.095723 -0.039180 0.256542 -0.009481 0.045826 0.434688 0.358239 -0.015034 0.170159 0.197646 0.085536 0.468839 0.471495 -0.116984 -0.289042 -0.146944 -0.554318 0.348751 0.251065 -0.032062 -0.068813 0.462127 0.072302 0.245232 0.163075 0.117855 0.043916 0.512607 0.255291 0.547443 0.449480 0.090706 -0.056827 0.001454 -0.139273 0.066664 -0.233882 -0.032507 0.172636 -0.178211 -0.180567 -0.189648 -0.141280 -0.106701 0.010759 -0.086351 -0.159868 0.185074 0.343603 0.039703 0.187393 0.028630 -0.074590 -0.051238 -0.133433 -0.070884 -0.121135 -0.311991 -0.149023 -0.162938 0.182237 0.252644 0.081355 -0.126961 -0.117543
0.213726 0.407798 -0.588595 -0.524829 -0.156052 -0.196051 -0.228043 -0.422626 -0.116571 -0.257466 -0.042929 -0.266097 0.128029 0.061801 -0.168288 -0.129868 0.579035 1.000000 -0.058582 0.181535 -0.210419 -0.282153 -0.504077 -0.582204 -0.341608 -0.576762 -0.378471 -0.391651 0.508352 0.478136 -0.370871 -0.416424 0.447499 0.313798 -0.242323 -0.252694 0.183263 -0.028537 -0.144786 -0.218888 0.073327 0.140894 0.149594 0.227312 0.337621 -0.006262 0.250409 0.057890 0.141992 0.296219 -0.112257 0.208460 0.084593 0.252264 0.013392 0.113772 0.463263 0.379035 0.218847 0.440898 0.289230 0.272084 0.467412 0.706134 -0.290099 -0.249690 0.147861 -0.388441 0.261918 0.204019 -0.108580 -0.240310 0.726212 -0.034611 0.178190 0.051297 0.173925 0.005692 0.561701 0.345654 0.504038 0.560895 -0.368444 0.033659 -0.154936 -0.088991 -0.152604 -0.299033 -0.294205 -0.017277 -0.196870 -0.199600 -0.337467 -0.240149 -0.155151 -0.158423 0.012558 -0.302715 0.273690 0.285150 0.020991 0.068038 0.074051 0.025141 0.034670 -0.199198 -0.207513 -0.264959 -0.345002 -0.357847 -0.155007 0.055641 0.270423 -0.137266 -0.144952 -0.120311
0.411246 0.179901 0.023648 0.116932 -0.308943 -0.140696 -0.016339 -0.112031 -0.085110 -0.123699 0.330346 -0.024508 0.164971 -0.107535 0.482630 0.043425 0.292113 -0.058582 1.000000 0.413790 0.065792 0.088330 0.169973 0.235438 -0.186506 0.135789 0.131917 0.302356 -0.014468 -0.320488 0.145974 0.103292 -0.030406 0.026435 -0.021125 -0.121380 0.131390 0.013139 0.201109 0.078293 0.199992 -0.106785 -0.173062 -0.237347 -0.394149 -0.480054 -0.276304 -0.261357 -0.274841 -0.376144 -0.220534 -0.330927 -0.169768 -0.080585 0.042749 -0.151180 0.079029 0.145763 -0.082202 -0.189036 -0.015327 -0.195405 -0.037834 -0.161841 0.114010 -0.220523 -0.138740 -0.162157 0.261770 0.052098 0.125718 0.301737 -0.110339 0.144920 0.015679 0.118862 0.009218 -0.022397 0.032647 0.049204 0.179828 0.079070 0.449600 -0.167834 0.143525 -0.039717 0.142284 0.168972 0.389004 0.218661 -0.023114 -0.016230 -0.055705 0.014254 0.277877 0.052747 -0.022780 -0.046036 -0.134471 -0.153042 -0.248649 -0.047637 -0.164502 -0.071664 -0.070947 0.000515 0.145745 -0.002513 -0.166089 -0.024263 0.027886 -0.063835 -0.075180 0.018621 0.085618 0.010569
0.469277 0.401269 -0.117930 0.033987 -0.171679 -0.021497 0.015381 0.125511 -0.038787 0.064048 0.224830 0.176988 -0.006545 0.193143 0.189985 0.233092 0.317821 0.181535 0.413790 1.000000 0.009089 -0.107754 -0.167078 0.086908 -0.275866 -0.241280 -0.047138 -0.082217 0.226085 0.196007 -0.053682 -0.107838 0.092041 0.234671 -0.141890 -0.150349 -0.021852 -0.223076 -0.037451 -0.136994 0.262816 0.040517 -0.209677 -0.241976 -0.167318 -0.420290 -0.202446 -0.038827 -0.272905 -0.221892 -0.564814 -0.310275 -0.291796 -0.147473 -0.309857 -0.275602 0.087526 0.013780 -0.045033 0.077974 -0.096901 0.140819 0.228299 0.194746 0.017591 -0.278712 -0.090180 -0.320807 0.186071 0.354049 -0.025574 0.158403 0.207881 0.044021 -0.052363 0.217656 0.029418 0.088831 0.167961 0.025196 0.415742 0.158409 0.281182 0.293739 -0.145968 -0.304979 -0.129494 0.109463 0.006486 -0.011916 0.158872 0.102289 -0.055813 -0.043912 0.113207 -0.033534 -0.112639 0.001113 -0.029643 -0.005235 -0.057324 0.010681 0.104431 0.045716 -0.113824 -0.050286 -0.082024 0.015062 -0.094320 0.096503 0.039964 -0.103077 -0.222143 -0.126038 -0.053136 -0.044854
-0.040902 -0.089947 0.254493 0.176953 -0.289592 -0.111009 0.072472 0.242291 -0.278666 -0.101772 0.050908 0.112645 -0.096930 -0.167343 -0.012721 0.071883 -0.106027 -0.210419 0.065792 0.009089 1.000000 0.424913 0.271093 0.320675 -0.051736 0.296871 0.208654 0.252474 -0.184940 -0.112679 0.455721 0.498189 0.019626 0.223302 0.102213 0.203643 0.074501 0.230479 0.290751 0.274901 0.182499 0.137910 -0.222312 -0.250134 -0.176077 -0.176349 -0.304047 -0.237465 -0.402612 -0.398943 -0.125212 -0.370575 -0.348778 -0.312869 0.050985 -0.191381 0.021513 0.016224 -0.305043 -0.301845 -0.301689 -0.029953 -0.103709 -0.208798 0.250004 -0.021399 -0.260293 0.101053 0.111196 0.013464 0.195408 -0.010967 -0.212727 0.152795 0.241122 0.132700 0.052974 0.039677 0.043478 0.145113 0.112642 -0.063522 0.313863 -0.072490 0.250167 0.046912 0.162490 0.183466 0.366030 0.104674 -0.143356 -0.155649 -0.065064 -0.109619 0.098129 0.250574 0.081058 0.266050 -0.143417 -0.069913 -0.105371 -0.079477 -0.247991 -0.047618 -0.188309 0.035584 -0.145331 0.037024 0.261459 0.270111 0.179778 0.067511 0.079490 -0.073386 0.061036 0.058454
-0.093023 -0.083868 0.139243 0.225955 -0.354677 -0.238354 -0.093570 0.165723 -0.371545 -0.099735 -0.044748 0.120620 -0.237896 -0.150344 0.031814 0.113983 -0.110036 -0.282153 0.088330 -0.107754 0.424913 1.000000 0.212116 0.361305 -0.095341 0.513871 0.221021 0.404680 -0.050171 -0.250428 0.535380 0.592073 -0.159314 0.039411 0.000531 0.084772 0.102265 0.059292 0.278620 0.296470 0.013151 -0.009169 -0.128374 -0.236970 -0.304307 -0.128998 -0.283626 -0.221201 -0.307498 -0.370737 -0.046487 -0.356858 -0.279924 -0.175753 0.071171 -0.085296 -0.029417 0.000206 -0.313315 -0.339141 -0.215825 -0.277816 -0.095583 -0.281963 0.141146 -0.020029 -0.204355 0.211015 -0.001194 -0.012565 0.182099 0.332641 -0.232638 0.077555 -0.001337 -0.125387 0.088000 -0.026409 0.036840 0.240557 0.023829 -0.147112 0.372343 -0.080937 0.303358 0.068473 0.020742 0.035733 0.263537 -0.002351 -0.184603 -0.033112 0.230549 -0.031552 0.118247 0.250099 -0.084042 0.198776 -0.236034 -0.070979 0.083272 0.032496 -0.187896 -0.123995 -0.158326 0.153222 0.185823 -0.088164 0.249246 0.206339 0.180836 -0.026255 0.102883 -0.023010 0.132961 -0.034594
-0.203089 -0.595558 0.637905 0.416834 0.352304 0.229277 0.149089 0.009142 0.364750 0.131699 0.217038 0.090382 0.092756 -0.347008 0.333772 -0.121908 -0.275183 -0.504077 0.169973 -0.167078 0.271093 0.212116 1.000000 0.750583 0.663686 0.647551 0.659691 0.630391 -0.416651 -0.608052 0.352512 0.376722 -0.413772 -0.282568 0.321691 0.317272 -0.115003 0.079563 0.414869 0.194831 0.010364 -0.036856 -0.308502 -0.382341 -0.394760 -0.149281 -0.373977 -0.255106 -0.309018 -0.373092 0.248738 -0.272850 -0.318119 -0.367708 -0.043813 -0.202859 -0.277959 -0.088245 -0.393301 -0.494762 -0.426364 -0.471259 -0.445097 -0.703828 0.466717 0.136506 -0.244743 0.416955 -0.032017 -0.098479 0.000428 0.154694 -0.637765 -0.154841 -0.029470 -0.110438 -0.044441 0.136806 -0.341555 -0.062653 -0.263959 -0.348941 0.472255 -0.280777 0.255918 -0.017296 0.543505 0.179580 0.492047 0.084768 0.034244 0.127995 0.242206 0.324618 0.130925 0.252750 -0.113120 0.126627 -0.445402 -0.308632 -0.246755 -0.032529 -0.162538 0.005645 -0.131516 0.125427 0.151725 0.158541 0.224605 0.182389 0.115954 -0.183802 -0.205258 0.035196 -0.101932 -0.105789
-0.143359 -0.429725 0.570799 0.667210 0.110330 0.177871 0.043107 0.355932 0.135254 0.156156 0.128728 0.236569 -0.185982 -0.228733 0.223770 0.086966 -0.260375 -0.582204 0.235438 0.086908 0.320675 0.361305 0.750583 1.000000 0.418621 0.720705 0.662508 0.688658 -0.331614 -0.552541 0.534215 0.635286 -0.367329 -0.118001 0.150634 0.256424 -0.011689 0.021758 0.390395 0.214670 0.159791 -0.010443 -0.398892 -0.505288 -0.549433 -0.271820 -0.557167 -0.374180 -0.475302 -0.595738 0.049311 -0.481064 -0.505625 -0.468924 -0.119870 -0.337073 -0.309875 -0.245927 -0.537213 -0.516151 -0.491932 -0.424447 -0.281970 -0.683093 0.455735 0.187646 -0.210417 0.452908 0.017730 -0.029441 0.019283 0.347723 -0.579848 0.036052 0.100786 0.039021 -0.062528 0.048306 -0.272727 -0.120489 -0.167122 -0.438614 0.567898 -0.113887 0.332830 0.107215 0.348387 0.397050 0.476614 0.124115 0.063627 0.072396 0.409124 0.139800 0.060473 0.237563 -0.281674 0.115158 -0.535442 -0.305265 -0.227908 -0.184918 -0.211721 -0.106932 -0.224248 0.091979 0.090348 0.119230 0.260826 0.220237 0.113137 -0.162111 -0.247526 0.124552 0.055988 -0.002926
-0.193901 -0.441903 0.460385 0.212706 0.596968 0.319213 0.092208 -0.060613 0.434940 0.173025 0.066653 0.141651 -0.033696 -0.136758 -0.086486 -0.238875 -0.405610 -0.341608 -0.186506 -0.275866 -0.051736 -0.095341 0.663686 0.418621 1.000000 0.472722 0.452160 0.384110 -0.343457 -0.313409 0.009836 0.018116 -0.252084 -0.421032 0.313336 0.345192 -0.135525 0.111535 0.198490 0.076388 -0.042894 0.087400 -0.066561 -0.107958 -0.049952 0.246847 -0.082397 -0.007125 0.043020 0.028171 0.396452 0.113771 -0.129428 -0.209653 -0.164118 -0.089869 -0.187943 -0.055708 -0.220460 -0.186716 -0.386053 -0.296921 -0.502534 -0.515379 0.169093 0.193579 0.016048 0.486061 -0.062166 -0.053514 -0.119501 0.019536 -0.484397 -0.178158 -0.110495 -0.096063 -0.099779 0.260207 -0.380696 -0.179128 -0.289224 -0.250836 0.084740 -0.163569 0.035955 0.028181 0.391532 0.214759 0.072569 -0.075730 -0.001897 0.094881 0.255358 0.260468 -0.117242 0.039730 -0.098969 -0.028733 -0.300328 -0.307841 -0.019199 -0.092040 0.011616 -0.044311 -0.009138 -0.092219 0.128830 0.040197 -0.018198 -0.011523 0.211231 -0.242787 -0.347770 0.018908 -0.196983 -0.019156
-0.192442 -0.346926 0.491854 0.495807 -0.062461 -0.041425 -0.096675 0.248996 -0.098911 -0.064010 0.024385 0.125880 -0.281697 -0.310691 0.119343 -0.047357 -0.329937 -0.576762 0.135789 -0.241280 0.296871 0.513871 0.647551 0.720705 0.472722 1.000000 0.501046 0.746684 -0.366018 -0.597123 0.647407 0.712844 -0.214904 -0.115454 0.284225 0.439151 0.095085 0.083777 0.449699 0.300761 0.087501 0.080301 -0.225170 -0.387438 -0.452677 -0.053846 -0.362979 -0.299156 -0.333344 -0.421273 0.259649 -0.306725 -0.450885 -0.348156 0.083666 -0.170406 -0.173501 -0.071080 -0.564522 -0.482696 -0.497123 -0.396393 -0.429767 -0.685466 0.305400 0.234105 -0.193357 0.508129 0.076475 -0.069426 0.091713 0.333138 -0.603678 0.118543 0.068267 -0.060744 0.027056 0.128510 -0.310368 -0.096702 -0.248956 -0.354635 0.529385 -0.205298 0.355492 0.175955 0.430343 0.307910 0.463495 -0.009327 -0.174950 -0.111517 0.295643 0.082803 0.082707 0.172327 -0.081903 0.167928 -0.510696 -0.320446 -0.152996 -0.124172 -0.224493 -0.095768 -0.104815 0.059192 0.236930 -0.057041 0.217667 0.222712 0.239630 -0.171880 -0.157513 0.174075 0.063798 -0.021704
0.053255 -0.302840 0.437551 0.275633 0.241226 0.118432 -0.016000 -0.024448 0.147706 0.001978 0.361811 0.085251 0.042482 -0.189384 0.299846 -0.054277 -0.189001 -0.378471 0.131917 -0.047138 0.208654 0.221021 0.659691 0.662508 0.452160 0.501046 1.000000 0.708471 -0.374563 -0.483727 0.272062 0.368775 -0.219578 -0.168446 0.159119 0.106603 0.019153 0.206149 0.402777 0.269737 0.068184 0.094376 -0.262463 -0.257998 -0.295292 -0.207374 -0.346084 -0.272128 -0.377430 -0.407784 0.092808 -0.364026 -0.358452 -0.442076 -0.148903 -0.271959 -0.107014 -0.004281 -0.260545 -0.370455 -0.328467 -0.437442 -0.380724 -0.511181 0.324574 0.032122 -0.087801 0.325206 0.079881 0.052346 0.048873 0.274997 -0.449887 -0.079315 0.027505 -0.026234 -0.020307 0.204798 -0.249100 -0.105248 -0.198672 -0.303641 0.443480 -0.201461 0.180320 -0.028403 0.325665 0.213943 0.459297 -0.074877 0.049180 0.174870 0.147231 0.226150 0.016885 0.257234 0.031468 0.058891 -0.363124 -0.284407 -0.249584 -0.142467 -0.155082 -0.088463 -0.111663 0.169414 0.000773 0.153094 0.104266 0.196273 0.162984 -0.080679 -0.214664 0.181074 -0.059546 -0.158002
0.187418 -0.255835 0.407202 0.250463 -0.095527 -0.174786 -0.233097 -0.085402 -0.127224 -0.271954 0.289519 0.003356 -0.057518 -0.362015 0.277890 -0.134767 -0.213881 -0.391651 0.302356 -0.082217 0.252474 0.404680 0.630391 0.688658 0.384110 0.746684 0.708471 1.000000 -0.429046 -0.629124 0.504573 0.553708 -0.062408 -0.102809 0.164438 0.229121 0.143909 0.245530 0.552995 0.415999 0.227702 0.110697 -0.297348 -0.349920 -0.482574 -0.218605 -0.506208 -0.415573 -0.343601 -0.518576 0.240370 -0.340954 -0.450497 -0.471234 0.032449 -0.180354 0.045927 0.184285 -0.376927 -0.378487 -0.454297 -0.548308 -0.389410 -0.582980 0.220245 0.010187 -0.087057 0.452387 0.261454 0.081353 0.077175 0.346898 -0.513229 0.069545 0.064965 0.007333 0.079138 0.152257 -0.212746 0.058492 -0.075819 -0.228465 0.477455 -0.371461 0.343091 0.120717 0.372233 0.393206 0.522048 0.057103 -0.186421 -0.047285 0.044129 0.100379 0.194520 0.259327 0.031833 0.077117 -0.478958 -0.397024 -0.300969 -0.160754 -0.190745 -0.135029 -0.032984 0.107943 0.174254 0.012327 0.075161 0.192492 0.195610 -0.226419 -0.266037 0.140277 0.059382 -0.068355
0.045461 0.282081 -0.393769 -0.195365 -0.171398 -0.039104 -0.001296 -0.017537 -0.139539 0.044476 -0.043470 -0.198051 -0.034987 0.075415 -0.160041 0.084747 0.518331 0.508352 -0.014468 0.226085 -0.184940 -0.050171 -0.416651 -0.331614 -0.343457 -0.366018 -0.374563 -0.429046 1.000000 0.529375 -0.123371 -0.128758 0.339239 0.361666 -0.246082 -0.301757 0.208866 -0.161465 -0.036661 -0.280072 0.213367 0.118689 0.171203 0.099805 0.219944 -0.040698 0.249721 0.047482 -0.017091 0.100141 -0.292123 0.003427 -0.006364 0.261894 -0.039358 0.064828 0.070453 -0.043496 -0.070214 0.163499 0.199507 0.235451 0.517095 0.518740 -0.165430 -0.160593 -0.057655 -0.429406 0.011952 0.080587 0.040861 0.085052 0.657350 0.014418 0.152591 0.244936 0.102305 -0.127627 0.548783 0.194248 0.465680 0.333866 -0.065228 0.371239 -0.068926 0.000442 -0.197847 -0.216672 -0.337819 0.115890 -0.054420 -0.118840 -0.115987 -0.264007 -0.313429 -0.202179 -0.255797 -0.236654 0.212389 0.242934 0.154612 0.121270 0.065276 -0.168176 -0.088129 -0.194765 -0.134787 -0.315071 -0.323280 -0.401838 -0.230429 0.086953 0.234461 -0.097694 -0.049418 0.069592
-0.077892 0.393708 -0.448467 -0.303874 -0.109612 0.100997 0.013476 0.040373 -0.083094 0.125936 -0.165670 0.053913 -0.100504 0.342350 -0.301365 0.161219 0.213781 0.478136 -0.320488 0.196007 -0.112679 -0.250428 -0.608052 -0.552541 -0.313409 -0.597123 -0.483727 -0.629124 0.529375 1.000000 -0.325492 -0.316221 0.305094 0.251889 -0.145629 -0.211849 0.080389 -0.009818 -0.232275 -0.188695 0.041066 0.087013 0.291071 0.261545 0.360689 0.080797 0.445285 0.240043 0.130583 0.307629 -0.227440 0.216603 0.204311 0.333287 -0.022147 0.154644 0.002172 -0.142752 0.054366 0.314897 0.181635 0.421764 0.429506 0.658406 -0.277284 -0.147161 -0.047393 -0.513620 -0.200022 -0.065727 -0.062125 -0.085886 0.652832 0.094668 0.095296 0.234657 0.134426 0.036787 0.354574 0.118343 0.261617 0.374455 -0.398982 0.476791 -0.272104 -0.056479 -0.361647 -0.334000 -0.464461 -0.012033 -0.011825 -0.055407 -0.215416 -0.253545 -0.252070 -0.056049 0.072562 -0.007153 0.335613 0.287300 0.278780 0.138948 0.032289 -0.008583 -0.086420 -0.158705 -0.225637 -0.221777 -0.095697 -0.200414 -0.112423 0.213679 0.305449 0.053399 0.074340 0.175663
-0.139897 -0.144201 0.474022 0.376358 -0.395693 -0.258444 -0.012266 0.358623 -0.443428 -0.244015 -0.046058 0.073919 -0.337145 -0.307388 -0.006524 -0.077911 -0.171129 -0.370871 0.145974 -0.053682 0.455721 0.535380 0.352512 0.534215 0.009836 0.647407 0.272062 0.504573 -0.123371 -0.325492 1.000000 0.878050 -0.063628 0.222799 0.054339 0.275527 0.175874 0.078619 0.443635 0.396494 0.158752 0.089843 -0.234452 -0.315829 -0.373677 -0.201733 -0.344028 -0.368644 -0.418126 -0.515638 -0.010075 -0.447741 -0.525997 -0.283983 0.131289 -0.109686 -0.139407 -0.042569 -0.571146 -0.489152 -0.447689 -0.219894 -0.224304 -0.455122 0.288588 0.098011 -0.330222 0.206403 0.098248 -0.055643 0.183854 0.327735 -0.278180 0.237115 0.213231 0.083834 0.163422 0.001542 0.021856 0.114052 -0.053924 -0.235603 0.429702 -0.153524 0.314408 0.088523 0.240906 0.223368 0.414444 0.015567 -0.230103 -0.170753 0.131656 -0.048319 0.154048 0.303930 0.047292 0.277964 -0.262843 -0.098483 -0.085487 0.001505 -0.314063 -0.090258 -0.084197 0.140467 0.035117 0.025410 0.403949 0.293831 0.074475 0.028006 0.003214 0.134064 0.206015 0.049828
-0.208940 -0.201973 0.477637 0.506498 -0.332746 -0.173331 -0.019360 0.442598 -0.378633 -0.170799 -0.066283 0.063830 -0.399992 -0.339492 -0.032590 -0.064002 -0.222656 -0.416424 0.103292 -0.107838 0.498189 0.592073 0.376722 0.635286 0.018116 0.712844 0.368775 0.553708 -0.128758 -0.316221 0.878050 1.000000 -0.037237 0.272331 0.091730 0.271678 0.153210 0.112964 0.418750 0.361813 0.224461 0.105867 -0.202065 -0.307354 -0.317163 -0.126721 -0.332257 -0.406435 -0.447962 -0.513348 0.019151 -0.457538 -0.578548 -0.295187 0.108006 -0.118390 -0.207376 -0.167678 -0.624018 -0.547769 -0.414180 -0.262736 -0.132560 -0.459043 0.343767 0.192792 -0.243100 0.339803 0.014905 -0.132816 0.112876 0.297455 -0.326618 0.221236 0.210616 0.030313 0.094911 -0.045269 -0.025135 0.061834 -0.102117 -0.294946 0.448324 -0.078391 0.388560 0.222051 0.179162 0.266123 0.421836 -0.043708 -0.215678 -0.233526 0.124930 -0.195690 0.099389 0.261823 -0.058795 0.233160 -0.351071 -0.143859 -0.167714 -0.179665 -0.374427 -0.233774 -0.178956 0.133208 0.001559 -0.032299 0.310196 0.244362 0.028467 0.012636 0.036179 0.176989 0.157509 0.033239
0.255039 0.443709 -0.254220 -0.386833 -0.343091 -0.353106 -0.195773 -0.159508 -0.385156 -0.402962 -0.066668 -0.411699 -0.161867 -0.080743 -0.309420 -0.260968 0.275496 0.447499 -0.030406 0.092041 0.019626 -0.159314 -0.413772 -0.367329 -0.252084 -0.214904 -0.219578 -0.062408 0.339239 0.305094 -0.063628 -0.037237 1.000000 0.605878 -0.112747 -0.011648 0.212347 0.096022 0.074500 -0.095000 0.332980 0.253660 0.105585 0.219264 0.225652 -0.033041 0.170110 0.023430 -0.004482 0.106788 -0.144467 0.022278 -0.161797 0.146763 0.224005 0.135249 0.335319 0.298796 0.072509 0.285167 0.135939 0.112845 0.295504 0.460676 -0.367362 -0.113665 0.199839 -0.161506 0.343549 0.228347 0.026575 -0.170583 0.473307 0.169135 0.246990 0.140230 0.075482 0.000787 0.353566 0.232715 0.296643 0.304137 -0.287889 -0.007266 -0.166592 0.037641 -0.107577 -0.110841 -0.167870 0.035625 -0.313032 -0.272379 -0.516087 -0.315866 -0.143669 -0.098917 0.066522 -0.256727 0.177703 0.053918 -0.052692 -0.080441 0.036513 -0.164007 0.133110 -0.096585 -0.201019 -0.146968 -0.291637 -0.309913 0.003350 0.061076 0.107204 -0.040358 -0.048199 0.169753
0.105406 0.360546 -0.062469 0.000916 -0.372762 -0.218079 -0.042469 0.177449 -0.382367 -0.252203 -0.119392 -0.224316 -0.118743 -0.184341 -0.263135 -0.126361 0.272921 0.313798 0.026435 0.234671 0.223302 0.039411 -0.282568 -0.118001 -0.421032 -0.115454 -0.168446 -0.102809 0.361666 0.251889 0.222799 0.272331 0.605878 1.000000 -0.128632 0.087541 0.172587 -0.124446 0.009834 -0.137373 0.385934 0.059518 -0.057182 0.028117 0.107325 -0.067490 -0.007788 -0.093958 -0.251430 -0.117952 -0.284143 -0.237268 -0.354645 -0.051127 0.088026 -0.076568 0.127370 0.004914 -0.121967 -0.075097 0.172300 0.281052 0.475167 0.396425 0.075049 0.112924 0.039520 -0.075931 0.210718 0.112405 -0.068105 -0.214545 0.406086 0.011038 0.232781 -0.000596 -0.026344 -0.187299 0.441645 0.152907 0.278336 0.178376 -0.033113 0.165078 0.104268 0.103105 -0.129860 -0.091352 0.062735 0.028110 -0.282953 -0.370580 -0.376038 -0.460296 -0.088456 -0.170267 -0.010513 -0.271616 0.035440 0.032182 -0.175552 -0.178645 -0.113395 -0.243762 -0.137757 0.021941 -0.249648 -0.078358 -0.056268 -0.249113 -0.097718 0.058205 0.114338 -0.116338 -0.059554 -0.004612
-0.143584 -0.010577 0.195265 0.173610 0.163493 0.271961 0.245048 0.232934 0.293655 0.255391 0.093897 0.172147 0.154591 0.053659 0.160701 0.027366 -0.274255 -0.242323 -0.021125 -0.141890 0.102213 0.000531 0.321691 0.150634 0.313336 0.284225 0.159119 0.164438 -0.246082 -0.145629 0.054339 0.091730 -0.112747 -0.128632 1.000000 0.586717 -0.095550 0.012336 0.105791 0.056106 -0.017567 0.004643 -0.317056 -0.247255 -0.282773 -0.060216 -0.203173 -0.161370 -0.266842 -0.207398 0.104780 -0.029509 -0.052745 -0.196393 -0.063190 -0.279393 -0.119558 0.100665 -0.182405 -0.187279 -0.044905 0.185652 -0.489477 -0.181656 0.400672 0.526388 -0.179250 0.278468 0.020448 -0.149776 -0.295634 -0.007746 -0.206012 -0.172101 -0.005704 -0.134622 -0.067660 0.143490 -0.128979 -0.231162 -0.243124 -0.058935 0.031821 -0.114584 0.084255 0.217707 0.085641 0.110576 0.264016 0.018945 -0.191959 -0.231370 0.089716 0.168335 -0.007485 -0.036570 -0.088471 0.077489 -0.501931 -0.314427 -0.085083 -0.214524 -0.280315 -0.190166 -0.147698 -0.181002 0.071671 -0.199683 0.045357 0.065078 0.176206 -0.041155 -0.028313 0.014207 0.161750 0.052301
-0.205084 -0.115409 0.410912 0.240164 0.071016 0.077015 0.254249 0.358683 0.070662 0.076197 -0.085586 0.121178 0.018780 -0.146971 -0.060896 -0.203196 -0.356661 -0.252694 -0.121380 -0.150349 0.203643 0.084772 0.317272 0.256424 0.345192 0.439151 0.106603 0.229121 -0.301757 -0.211849 0.275527 0.271678 -0.011648 0.087541 0.586717 1.000000 -0.077477 0.031101 0.102093 0.088129 0.065384 -0.091538 -0.299202 -0.299040 -0.232981 0.026179 -0.205249 -0.183941 -0.207957 -0.181781 0.137088 0.005758 -0.202010 -0.159302 0.022171 -0.263162 -0.130393 0.002990 -0.200999 -0.204616 -0.148403 0.100235 -0.393557 -0.252649 0.347705 0.533731 -0.109933 0.375721 0.051957 -0.158629 -0.182596 -0.078309 -0.283996 -0.089598 0.021975 -0.222795 -0.094732 -0.008700 -0.127146 -0.109717 -0.235941 -0.099876 -0.003355 -0.199455 0.083538 0.147073 0.167536 0.176762 0.325070 -0.046514 -0.286480 -0.327592 0.131243 0.127355 -0.005869 -0.042490 -0.141110 0.036716 -0.549510 -0.405493 -0.186140 -0.162766 -0.335839 -0.133540 -0.135037 0.001096 0.028832 -0.084602 0.136845 0.066310 0.085526 -0.121235 -0.180561 0.000200 0.119225 -0.085741
