1.000000 0.463264 0.064922 -0.287152 -0.193426 -0.098630 0.125638 -0.099302 -0.026313 -0.006789 0.263523 0.207811 0.164001 0.185432 -0.055062 0.080845 0.131692 0.233825 0.039353 0.150602 -0.112875 -0.130900 -0.199073 -0.234957 0.001449 -0.192007 -0.220547 -0.135550 0.271527 0.119280 -0.167040 -0.310247 0.011210 -0.277148 -0.287863 -0.290606 0.113431 -0.006948 -0.130200 -0.242635 0.001091 -0.060263 0.046431 -0.010214 -0.078053 -0.286660 0.029939 -0.065876 0.023990 -0.029416 0.094177 0.040453 0.351363 0.171320 0.131275 -0.070355 0.453798 0.248290 0.464615 0.161494 0.395270 0.090704 0.317590 0.199353 -0.192883 -0.176968 0.031033 -0.396030 0.165104 0.069901 0.074579 0.031013 0.290543 -0.016007 0.071339 0.150251 0.227872 0.081775 0.053490 0.173105 0.209840 0.285283 -0.258036 -0.181552 -0.049206 -0.177837 -0.193350 -0.378307 -0.135144 0.079756 -0.129878 -0.030609 -0.081755 0.072370 0.029948 0.085043 -0.049203 -0.021370 0.006581 0.077294 -0.065014 -0.104987 -0.013002 -0.264828 -0.326103 -0.309312 -0.072163 -0.143196 -0.016493 0.034523 -0.190857 0.026324 0.082038 -0.045036 0.019125 -0.062678
0.463264 1.000000 -0.188034 -0.471314 -0.272026 -0.371545 -0.243844 -0.244435 -0.121302 -0.075186 0.253580 0.198087 -0.049294 0.226162 -0.245914 0.013802 0.293472 0.507439 -0.160767 0.264912 -0.194332 0.040040 -0.496552 -0.425888 -0.243867 -0.387903 -0.385367 -0.396863 0.367826 0.294382 -0.300958 -0.425041 0.448786 -0.045751 -0.322826 -0.356421 0.084372 0.123233 -0.173142 -0.179942 -0.042353 -0.126097 0.118497 0.220654 0.149525 -0.127876 0.256352 0.013910 -0.043732 0.236069 0.184385 0.289293 0.306332 0.123224 0.169086 0.218419 0.613381 0.614693 0.371187 0.469873 0.523874 0.576442 0.448137 0.684645 -0.201748 -0.003049 0.177714 -0.477155 0.399461 0.358150 -0.328357 -0.396614 0.259135 -0.078319 0.056358 -0.046179 0.143186 -0.206839 0.278204 0.481700 0.292547 0.507648 -0.534478 -0.268049 -0.112532 0.043027 -0.234301 -0.413269 -0.317330 0.078765 -0.455419 -0.436140 -0.357174 -0.452770 0.101821 0.209321 0.108982 0.239555 -0.039049 -0.008677 0.069018 -0.240834 -0.103292 -0.354406 -0.398746 -0.437554 0.045312 -0.251178 0.071525 0.246499 -0.254650 -0.060922 -0.014296 -0.181523 -0.019452 -0.038727
0.064922 -0.188034 1.000000 0.253247 0.283801 0.135479 0.745994 0.361005 0.421702 0.271680 -0.143048 -0.131138 -0.085340 -0.196806 0.076524 -0.123394 -0.126216 -0.236406 0.410251 -0.031026 -0.119560 -0.063646 0.369089 0.103899 0.091254 -0.046803 -0.092260 -0.102761 -0.006480 -0.206507 0.141751 0.123117 -0.069074 0.109220 0.027176 -0.050234 -0.234828 -0.353418 -0.196366 -0.151223 -0.041692 -0.093527 -0.313695 -0.283233 -0.260880 -0.181924 -0.378462 -0.195120 -0.039306 -0.295599 -0.234677 -0.433264 -0.217851 -0.313149 -0.383439 -0.459988 -0.208864 -0.196439 0.142613 0.055699 0.139146 -0.168255 -0.050559 -0.319564 -0.021706 -0.192931 -0.054367 0.193346 -0.072708 -0.007181 0.291033 0.243639 0.013945 0.129900 0.088319 0.089120 -0.132792 0.048569 -0.271515 -0.256846 -0.127763 -0.304719 0.168217 0.036770 -0.079664 -0.265825 -0.133833 -0.153180 0.274162 -0.078685 0.299010 0.326093 0.225648 0.352407 0.042526 0.136649 -0.296771 -0.002627 -0.007665 0.048274 0.063452 0.144727 0.129338 0.173557 0.080515 0.087868 -0.066500 -0.041949 0.137405 0.096148 0.063314 0.060494 -0.106584 -0.018263 -0.060067 0.010058
-0.287152 -0.471314 0.253247 1.000000 0.073150 0.258022 0.225951 0.699748 0.188311 0.246368 -0.471238 -0.031634 -0.227049 -0.095998 -0.024692 0.106825 -0.492212 -0.558121 0.157227 -0.037376 0.124482 0.166136 0.335412 0.582350 0.270758 0.359342 0.046823 0.348170 -0.434730 -0.254947 0.254580 0.487577 -0.092684 0.289457 0.214705 0.312105 -0.181044 -0.203431 -0.189090 0.015605 -0.030288 0.102604 -0.337501 -0.307590 -0.380901 -0.042091 -0.414189 -0.229466 -0.194611 -0.418481 -0.249084 -0.385254 -0.532374 -0.383233 -0.515311 -0.409363 -0.377742 -0.472958 -0.182287 -0.241482 -0.312599 -0.186671 -0.361834 -0.399348 0.152013 0.343248 -0.030144 0.528059 -0.054495 0.075781 0.212634 0.324476 -0.340910 0.068268 -0.007475 0.026642 -0.337224 -0.009414 -0.492745 -0.279940 -0.132281 -0.436640 0.289356 0.248082 0.002260 0.124802 0.002919 0.263883 0.255519 -0.055940 0.299907 0.087429 0.434315 0.109613 -0.019595 -0.167428 -0.357976 -0.148423 -0.135632 -0.215397 0.012026 0.140449 0.138127 0.147235 0.129172 0.149406 -0.130001 -0.094856 -0.067112 -0.195543 0.179006 -0.046058 -0.141127 0.092613 0.082484 0.017641
-0.193426 -0.272026 0.283801 0.073150 1.000000 0.397884 0.181916 -0.079763 0.398390 0.430572 -0.062820 -0.015951 0.065392 -0.119326 0.423322 0.174678 -0.025841 -0.100510 0.092181 -0.127323 -0.062977 -0.114770 0.340694 0.159288 0.259429 -0.023781 0.403405 0.149082 -0.131260 -0.289882 -0.102994 -0.047149 -0.414841 -0.276679 -0.084597 -0.311372 -0.079697 -0.117504 0.126300 0.094060 -0.043821 0.060976 -0.001329 -0.090335 -0.001744 -0.158302 -0.029076 0.136625 0.269123 0.001748 0.165741 -0.046175 0.153234 -0.026291 -0.037709 -0.088633 -0.197508 -0.185762 -0.044585 0.042705 -0.103297 -0.417775 -0.212034 -0.323297 -0.150348 -0.449365 -0.123456 -0.018456 -0.289301 -0.258472 0.286189 0.173862 -0.114070 -0.011285 -0.093415 0.066241 -0.122687 0.001094 -0.174505 -0.352785 -0.082318 -0.320890 0.244493 0.079308 0.048525 -0.289606 0.114802 0.147144 0.213054 0.234701 0.428465 0.363479 0.136417 0.228541 -0.055314 0.065620 0.051367 -0.014800 0.281678 0.248034 0.094861 0.134086 0.034493 0.175197 0.075429 0.201583 -0.057318 0.092473 -0.002210 0.024833 0.092599 0.263207 0.039546 0.021821 0.000936 0.254345
-0.098630 -0.371545 0.135479 0.258022 0.397884 1.000000 0.073826 0.226732 0.191764 0.437408 -0.267911 -0.010678 0.017606 -0.107013 0.007805 0.077548 -0.442633 -0.378848 -0.149094 -0.372440 0.144508 -0.036183 0.322275 0.416542 0.490680 0.390363 0.508167 0.410693 -0.500991 -0.317048 0.074832 -0.017878 -0.463012 -0.216709 0.029694 0.182441 -0.304872 -0.232679 -0.023883 0.153298 -0.103080 0.057060 -0.014028 -0.098498 0.015194 0.164744 -0.133728 0.078926 0.277913 0.003946 0.076230 -0.045510 -0.002535 -0.019283 -0.132254 -0.241760 -0.353359 -0.379660 0.056182 0.025459 -0.304535 -0.371485 -0.421838 -0.437917 -0.178952 -0.078951 -0.078139 0.256889 -0.237721 -0.310138 0.262304 0.340460 -0.433511 -0.003695 -0.134750 0.086422 -0.168952 -0.016852 -0.326617 -0.365003 -0.301445 -0.507754 0.070160 -0.158361 -0.050336 -0.374889 0.082709 0.282268 0.326007 0.415212 0.497765 0.291844 0.282176 0.195201 0.023185 0.001276 0.119657 -0.019567 0.279405 0.171972 -0.046872 -0.021414 0.003197 0.085474 0.112798 0.266082 0.050281 0.189992 -0.093755 -0.112551 0.281930 0.241379 0.259333 -0.012780 -0.018943 0.058820
0.125638 -0.243844 0.745994 0.225951 0.181916 0.073826 1.000000 0.462788 0.508570 0.332442 0.010261 0.017776 0.147805 0.061755 0.161087 -0.025260 -0.081522 -0.084229 0.293204 0.001902 -0.189381 -0.057219 0.250158 0.057394 -0.055077 -0.140702 -0.132255 -0.153706 0.021429 -0.181955 0.028445 0.048660 -0.173982 0.021865 0.027610 0.041382 -0.175229 -0.296333 -0.238322 -0.156246 -0.003059 -0.059840 -0.462135 -0.395396 -0.327622 -0.199330 -0.424335 -0.220025 -0.107517 -0.365485 -0.319225 -0.441873 -0.180103 -0.224715 -0.271051 -0.436419 -0.150589 -0.215977 0.117062 -0.093898 0.247915 -0.038642 -0.034181 -0.290111 0.074235 -0.179421 -0.230659 0.150802 -0.185040 -0.066455 0.330531 0.220361 0.054934 0.129371 -0.028673 0.178988 -0.050124 0.115796 -0.233237 -0.274439 -0.059776 -0.227085 0.208792 0.078101 0.048497 -0.165867 -0.073883 -0.138208 0.342292 -0.047659 0.367630 0.436860 0.344584 0.470668 -0.096051 -0.003967 -0.295339 -0.020925 0.131128 0.177767 -0.018813 0.068818 0.141434 0.090859 0.038172 0.005609 -0.039146 -0.127668 0.171598 -0.031157 0.014721 0.216983 -0.107802 -0.063140 -0.106508 -0.062965
-0.099302 -0.244435 0.361005 0.699748 -0.079763 0.226732 0.462788 1.000000 0.247598 0.472954 -0.394028 0.040701 -0.277547 0.170026 -0.159179 0.069249 -0.330957 -0.236826 -0.029288 0.020802 0.060471 0.179847 0.050604 0.318662 0.071117 0.111905 -0.182065 -0.036063 -0.224106 -0.047058 0.154788 0.241549 -0.001121 0.374382 0.076350 0.303466 -0.103137 -0.200334 -0.330461 -0.053598 -0.020270 0.192571 -0.417075 -0.377095 -0.396831 -0.079659 -0.442266 -0.280130 -0.200763 -0.462617 -0.390920 -0.402338 -0.403668 -0.311421 -0.484241 -0.495975 -0.262782 -0.430371 0.025717 -0.073357 -0.024663 0.174275 -0.101092 -0.172344 -0.084884 0.351613 -0.040741 0.380676 -0.140608 0.026754 0.166295 0.383032 -0.193591 0.195474 0.003727 0.196599 -0.168331 0.007146 -0.366953 -0.178152 -0.042710 -0.291935 0.042992 0.160305 -0.133708 -0.107388 -0.181793 -0.083715 0.200353 -0.033186 0.352139 0.120061 0.495540 0.185092 0.011311 -0.102000 -0.339671 -0.118390 -0.043831 -0.104908 0.100706 0.100545 0.181555 0.082008 0.001878 -0.085724 -0.059209 -0.248423 -0.006190 -0.214868 0.037261 0.034221 -0.104091 0.045799 0.012260 -0.091225
-0.026313 -0.121302 0.421702 0.188311 0.398390 0.191764 0.508570 0.247598 1.000000 0.349520 -0.181249 -0.116920 0.108701 -0.097018 0.311916 0.088995 -0.109720 -0.142070 0.119284 -0.048248 -0.056510 -0.207896 0.141276 0.160129 -0.032057 -0.189540 -0.074146 -0.014137 -0.154875 -0.200800 -0.164510 -0.214714 -0.085251 -0.140201 0.042656 -0.027652 -0.139885 -0.439778 -0.207416 0.068029 -0.123129 -0.121440 -0.363758 -0.290745 -0.213418 -0.173543 -0.362742 -0.134701 0.017715 -0.233432 -0.320697 -0.276673 -0.192173 -0.346239 -0.215339 -0.366437 -0.083988 -0.018136 0.240689 0.075557 0.206218 0.012192 -0.062431 -0.225510 -0.075894 -0.089224 -0.094524 0.127064 -0.097710 0.007062 0.218437 0.106682 -0.160779 -0.065752 -0.241155 0.028761 -0.246714 -0.141311 -0.382587 -0.413725 0.022080 -0.252072 0.123819 -0.035736 -0.082467 -0.338769 -0.118215 -0.064885 0.316625 0.019970 0.260886 0.496239 0.343632 0.448965 0.248213 0.301007 -0.047812 0.252909 0.180070 0.232870 0.217417 0.158558 0.325385 0.331381 0.100137 0.218180 -0.199593 -0.008421 0.242507 0.265301 0.084006 0.372449 0.134890 0.148546 0.243466 0.284503
-0.006789 -0.075186 0.271680 0.246368 0.430572 0.437408 0.332442 0.472954 0.349520 1.000000 -0.271663 0.016174 -0.210285 0.093898 0.047344 0.220667 -0.162004 -0.008602 -0.051262 0.087333 -0.120429 -0.113998 0.060562 0.235181 0.131721 -0.140252 0.009863 -0.125772 -0.192192 -0.218611 -0.234366 -0.132676 -0.296517 -0.078465 -0.253204 -0.153196 -0.061309 -0.154722 -0.217911 -0.079198 -0.106448 0.057658 -0.068164 -0.151478 -0.109136 -0.169343 -0.115524 0.066611 0.171474 -0.122753 0.069684 -0.121984 0.146286 0.023835 -0.211677 -0.320367 -0.154576 -0.238329 0.164112 0.191769 0.110768 0.026241 -0.100790 -0.113808 -0.164365 -0.212938 -0.036686 0.045743 -0.180434 -0.080326 0.213975 0.297260 -0.198517 0.016910 -0.186953 0.186654 -0.205870 -0.024600 -0.274768 -0.287431 0.076767 -0.206030 -0.024693 -0.019539 -0.111841 -0.321183 -0.121356 -0.122220 0.294292 0.320393 0.521151 0.328265 0.264132 0.094521 -0.061214 -0.013944 -0.180864 -0.033698 0.188137 0.093123 -0.010146 -0.111333 0.016090 -0.047750 -0.185171 -0.139313 -0.153183 -0.320139 -0.118083 -0.073434 0.061349 0.174033 -0.112401 -0.242006 -0.181374 -0.004584
0.263523 0.253580 -0.143048 -0.471238 -0.062820 -0.267911 0.010261 -0.394028 -0.181249 -0.271663 1.000000 0.412684 0.531006 0.244987 0.349826 0.007507 0.369294 0.259700 0.100096 0.103504 -0.054176 0.011912 -0.122870 -0.356637 -0.206864 -0.274500 0.024235 -0.139587 0.353006 0.114407 -0.090890 -0.178137 0.013597 -0.134961 -0.156916 -0.211735 0.148181 0.120894 0.057557 -0.246313 0.054230 -0.066976 0.072683 0.117978 0.179253 -0.015456 0.254232 0.030313 0.071035 0.202936 0.200008 0.209664 0.262353 0.248326 0.242423 0.272202 0.150521 0.143495 -0.005834 -0.011772 0.223626 -0.006718 0.304098 0.317428 0.146488 -0.257678 0.026076 -0.312771 0.013719 0.044060 -0.112245 -0.312434 0.349737 0.001715 0.225451 -0.043110 0.271852 0.033780 0.265439 0.241512 0.118990 0.286465 -0.006679 0.014230 0.194287 0.145974 0.001257 -0.133658 -0.162562 -0.047671 -0.260882 -0.172264 -0.266938 -0.047366 -0.325105 -0.155966 -0.028146 -0.128577 -0.017436 -0.015062 -0.130219 -0.188644 -0.262845 -0.307539 -0.112122 -0.200967 0.115281 -0.009076 0.054031 -0.082794 -0.314177 -0.191636 0.038252 -0.074934 -0.208342 -0.116779
0.207811 0.198087 -0.131138 -0.031634 -0.015951 -0.010678 0.017776 0.040701 -0.116920 0.016174 0.412684 1.000000 0.243731 0.482883 0.135288 0.185009 -0.012701 0.203926 0.004189 0.043220 -0.172435 0.201293 -0.041705 0.018638 0.007467 -0.086104 -0.017827 -0.022524 0.028685 0.055988 -0.273873 -0.135082 0.029459 -0.042767 -0.120955 -0.024317 0.098624 0.180396 -0.050448 -0.221924 0.100740 -0.128523 -0.116727 -0.042740 0.026457 -0.072476 0.052398 -0.085989 0.155874 0.045897 0.130010 0.120382 0.085214 -0.048631 0.106816 0.075350 0.053945 -0.175293 0.065393 -0.032587 0.081765 0.120562 0.051117 0.094092 0.087169 0.111981 -0.083569 -0.031622 -0.115427 -0.084120 -0.105289 -0.121013 0.055958 -0.040697 0.043698 0.010407 0.219581 0.128414 -0.008222 0.107520 -0.076422 -0.025396 0.005209 0.020176 0.051902 0.116100 -0.051088 -0.012978 0.060664 0.151195 0.011331 -0.079272 0.072227 0.023363 -0.332711 -0.194634 0.023099 -0.291537 0.100944 -0.025592 -0.083271 -0.189058 -0.154434 -0.220305 -0.016085 -0.183918 0.068415 -0.135859 0.086902 -0.131338 -0.075005 -0.097206 0.043690 0.006905 -0.159472 -0.094062
0.164001 -0.049294 -0.085340 -0.227049 0.065392 0.017606 0.147805 -0.277547 0.108701 -0.210285 0.531006 0.243731 1.000000 0.370177 0.476312 0.210971 0.052026 0.119135 0.070623 -0.136677 -0.067194 0.008133 0.309080 0.081328 0.156105 0.146854 0.264921 0.290348 0.123510 0.095519 0.014296 -0.088978 -0.276603 -0.286607 0.115096 0.162802 -0.037168 0.064837 0.128204 0.026215 0.085973 -0.126416 -0.097563 -0.085304 -0.059276 -0.089470 -0.003804 -0.041541 0.032104 -0.051818 0.018487 -0.017554 0.014076 0.120457 0.287563 0.118106 -0.005940 0.040454 -0.107939 -0.344938 -0.072299 -0.280965 -0.088407 -0.182395 0.108004 -0.174295 -0.361611 -0.207382 -0.004990 -0.086544 0.121431 -0.140428 0.174679 0.068232 0.025110 0.137180 0.196853 0.180628 0.082202 0.049581 -0.102057 0.015827 0.172394 -0.172014 0.258650 -0.026567 0.228507 0.021080 0.154321 0.008166 -0.022746 0.142144 -0.026777 0.204021 -0.182635 0.013738 0.088325 0.039239 0.168117 0.090249 -0.208000 -0.176660 -0.268627 -0.220781 0.025447 -0.019122 0.080232 -0.004921 0.188744 -0.023696 0.036821 0.017501 -0.045678 -0.106178 -0.044443 -0.115582
0.185432 0.226162 -0.196806 -0.095998 -0.119326 -0.107013 0.061755 0.170026 -0.097018 0.093898 0.244987 0.482883 0.370177 1.000000 0.123637 0.457748 0.090286 0.359407 -0.269524 0.030716 -0.016872 0.112198 -0.046967 0.070999 -0.057611 -0.019215 -0.008185 0.010153 0.159373 0.334618 -0.142885 -0.115960 -0.044512 -0.042657 -0.149744 0.113030 0.187629 0.310884 0.011104 -0.008035 0.120222 0.111450 -0.162641 -0.169752 -0.163679 -0.309750 -0.093417 -0.193552 -0.054037 -0.142002 -0.092272 -0.049152 0.030062 0.079390 0.211040 0.000494 0.220213 0.048085 -0.019720 -0.221293 0.164835 0.159846 0.003972 0.051942 0.055018 0.157451 -0.274771 -0.319969 0.057494 0.056193 -0.045624 -0.121985 0.196638 0.090523 0.039862 0.136033 0.174527 0.066397 0.025542 0.277699 0.064017 0.183286 -0.170453 -0.016929 0.124882 0.200571 -0.070048 -0.156693 0.067575 0.129146 -0.028688 -0.083409 -0.016901 -0.053300 -0.128422 -0.146779 -0.115768 -0.048784 0.129428 0.107492 -0.189852 -0.185909 -0.320197 -0.412912 -0.173327 -0.275034 0.208296 -0.127842 0.050194 -0.168211 -0.090486 0.072481 -0.109395 -0.090985 -0.017801 -0.120012
-0.055062 -0.245914 0.076524 -0.024692 0.423322 0.007805 0.161087 -0.159179 0.311916 0.047344 0.349826 0.135288 0.476312 0.123637 1.000000 0.486669 0.179236 0.037601 0.237622 0.064396 -0.013420 -0.161612 0.370528 0.106855 0.076327 -0.029857 0.243019 0.176891 0.172750 0.001772 0.021258 0.132364 -0.131223 -0.015387 0.010805 -0.082123 0.234720 0.123654 0.265437 0.065559 0.187236 0.095887 -0.146258 -0.257638 -0.214830 -0.329133 -0.176482 -0.167528 -0.143776 -0.239132 -0.059649 -0.241906 -0.026901 -0.079270 0.040720 -0.111461 -0.062978 -0.007995 -0.311395 -0.327161 -0.048837 -0.285213 0.036746 -0.101402 0.190246 -0.269012 -0.301165 -0.196526 -0.210811 -0.187906 0.217379 0.010010 0.183238 0.090815 0.074253 -0.068697 0.070814 0.064214 -0.045839 -0.256257 0.074216 -0.035335 0.577915 0.393507 0.403777 0.077726 0.204006 0.202948 0.191464 -0.013761 0.000481 0.279533 0.160029 0.315831 -0.059416 0.037317 -0.190697 -0.025029 -0.089637 0.026729 -0.072638 0.116075 -0.040845 -0.009453 -0.161870 0.004051 -0.250124 -0.014546 0.099547 -0.057059 -0.100525 -0.007581 -0.007012 0.205417 0.151241 0.252790
0.080845 0.013802 -0.123394 0.106825 0.174678 0.077548 -0.025260 0.069249 0.088995 0.220667 0.007507 0.185009 0.210971 0.457748 0.486669 1.000000 0.029702 0.139824 -0.092605 -0.068936 0.183537 -0.019349 0.279376 0.364425 0.150664 0.172449 0.258695 0.318507 0.058213 0.204706 0.052757 0.157361 -0.080114 0.074887 -0.149941 0.054261 0.328456 0.262717 0.278245 0.315107 0.242427 0.235974 -0.111342 -0.331431 -0.439034 -0.533553 -0.233886 -0.229724 -0.230730 -0.408956 -0.215968 -0.340792 -0.059191 -0.000556 -0.008657 -0.105751 0.076047 -0.002432 -0.239681 -0.361336 0.006216 -0.109987 -0.073691 -0.125505 0.128434 0.043295 -0.401776 -0.304975 -0.037086 -0.097655 0.079421 0.204842 0.079122 0.013101 -0.083615 -0.019961 0.050205 0.111951 -0.038207 -0.093062 0.079251 0.015415 0.221625 0.369827 0.188046 -0.017648 0.160746 0.133874 0.152246 0.147062 0.075620 0.045064 0.141841 0.032961 0.116030 0.145665 -0.136792 0.167759 -0.017157 0.102909 -0.054102 0.016568 -0.084466 -0.180210 -0.212519 0.023866 -0.063292 0.008075 0.034369 -0.015862 0.006223 -0.046854 -0.121692 0.033850 0.277636 0.319867
0.131692 0.293472 -0.126216 -0.492212 -0.025841 -0.442633 -0.081522 -0.330957 -0.109720 -0.162004 0.369294 -0.012701 0.052026 0.090286 0.179236 0.029702 1.000000 0.555468 -0.056562 0.230708 -0.012118 -0.058451 -0.342295 -0.446082 -0.374723 -0.436408 -0.196430 -0.447967 0.574846 0.245002 -0.211890 -0.223430 0.289422 0.103209 -0.042851 -0.320023 0.353755 0.195750 0.110377 -0.003272 0.150559 0.113475 -0.110480 -0.084007 0.007361 -0.219069 0.041616 -0.135422 -0.260175 -0.003398 -0.063111 0.013235 0.164653 0.122890 0.110643 0.079578 0.404699 0.430906 -0.087837 0.078124 0.343960 0.184894 0.633554 0.482130 0.025735 -0.234836 0.038720 -0.375025 0.137722 0.095844 -0.073471 -0.212902 0.498439 0.066629 0.148041 -0.108664 0.286459 0.045483 0.543634 0.274336 0.592597 0.593916 -0.048932 0.149475 0.079887 0.117671 -0.183876 -0.178737 -0.210519 -0.165448 -0.379866 -0.152753 -0.282037 -0.072909 -0.120411 0.034359 -0.070830 -0.083387 -0.087117 0.078860 0.080125 0.110707 0.084580 0.083537 0.031479 0.015867 0.050912 0.067388 0.055864 0.024450 -0.313117 -0.140332 -0.052747 0.016361 -0.008244 0.116414
0.233825 0.507439 -0.236406 -0.558121 -0.100510 -0.378848 -0.084229 -0.236826 -0.142070 -0.008602 0.259700 0.203926 0.119135 0.359407 0.037601 0.139824 0.555468 1.000000 -0.128935 0.293771 -0.139460 0.038016 -0.322047 -0.356764 -0.262862 -0.375622 -0.238524 -0.341087 0.564929 0.513577 -0.246186 -0.251922 0.170916 0.069012 -0.219673 -0.191700 0.329505 0.349905 0.086852 -0.030884 0.215806 0.205441 -0.092840 -0.114774 -0.060624 -0.326122 0.034729 -0.193857 -0.233843 -0.043707 0.001302 0.018764 0.173350 0.074811 0.358017 0.129529 0.390605 0.377287 -0.108877 -0.023813 0.259637 0.282453 0.472653 0.492546 -0.097810 -0.200000 -0.178741 -0.500853 0.016938 -0.023587 -0.048482 -0.072419 0.526046 0.262249 0.208808 0.237599 0.454947 0.244724 0.479378 0.462279 0.381602 0.602470 -0.166942 0.047501 0.131432 0.033935 0.020000 -0.163745 -0.101623 0.021812 -0.298653 -0.153913 -0.250576 -0.142819 -0.046535 0.181433 0.128188 0.137499 0.128384 0.220825 -0.029634 0.002870 -0.040651 -0.142391 -0.172223 -0.224493 0.002171 -0.150363 0.144561 0.184202 -0.098525 0.032261 -0.088256 -0.022094 -0.009402 0.056555
0.039353 -0.160767 0.410251 0.157227 0.092181 -0.149094 0.293204 -0.029288 0.119284 -0.051262 0.100096 0.004189 0.070623 -0.269524 0.237622 -0.092605 -0.056562 -0.128935 1.000000 0.480976 -0.091726 -0.057723 0.377662 0.010829 0.063250 -0.065634 0.016549 0.055083 0.029855 -0.040285 0.082323 0.169702 -0.006254 0.010979 0.126399 -0.074054 -0.048455 -0.074385 -0.077695 -0.148692 -0.012984 -0.250338 -0.175260 -0.088384 -0.131791 -0.130793 -0.140115 -0.002122 -0.119072 -0.244142 -0.149708 -0.329859 -0.287564 -0.267726 -0.137566 -0.188846 -0.130147 -0.144928 -0.171505 -0.107544 -0.184165 -0.284916 -0.096414 -0.197364 0.074625 -0.278332 0.001471 0.132940 0.148105 0.208881 0.227421 0.046442 0.018023 0.032762 0.094677 0.067809 -0.046909 0.115944 -0.022376 -0.036310 0.142511 0.013251 0.282826 0.011013 0.146873 0.062268 0.192397 0.067839 0.256570 0.049619 0.081676 0.242102 -0.007843 0.132818 -0.230234 0.029466 -0.102349 -0.160012 0.027621 -0.082701 -0.165605 0.045073 -0.112959 0.063631 0.042792 0.033995 -0.220103 -0.257247 0.152461 0.133176 0.082793 -0.215808 -0.207788 -0.045123 -0.229740 -0.053326
0.150602 0.264912 -0.031026 -0.037376 -0.127323 -0.372440 0.001902 0.020802 -0.048248 0.087333 0.103504 0.043220 -0.136677 0.030716 0.064396 -0.068936 0.230708 0.293771 0.480976 1.000000 -0.233124 -0.201904 -0.202657 -0.197156 -0.289790 -0.459510 -0.361619 -0.400880 0.228782 0.261309 -0.193045 -0.091849 0.124793 0.061107 -0.161735 -0.185880 0.091830 0.054307 -0.264428 -0.174526 -0.174565 -0.102119 -0.110978 0.020524 0.006728 -0.117803 0.015732 -0.028998 -0.150365 -0.097716 -0.096055 -0.054666 -0.059917 -0.146690 -0.032318 -0.189658 0.149455 0.107495 0.040812 0.206764 -0.021791 0.184755 0.263347 0.287931 -0.211087 -0.252920 0.163027 -0.116273 0.259224 0.382312 0.054811 -0.054270 0.184475 0.135537 0.112127 0.086383 0.019752 0.039386 0.127338 0.251385 0.489635 0.404442 -0.093575 -0.003241 0.025962 0.133723 -0.051304 -0.208709 0.067478 0.025907 -0.062550 0.096961 -0.003526 -0.070527 -0.202132 -0.000034 -0.165090 -0.194941 -0.030144 -0.049886 -0.026281 0.110640 0.029901 -0.008290 -0.233427 -0.249485 -0.187607 -0.481882 -0.036457 0.134515 -0.055185 -0.209050 -0.088601 -0.012466 -0.127752 -0.140217
-0.112875 -0.194332 -0.119560 0.124482 -0.062977 0.144508 -0.189381 0.060471 -0.056510 -0.120429 -0.054176 -0.172435 -0.067194 -0.016872 -0.013420 0.183537 -0.012118 -0.139460 -0.091726 -0.233124 1.000000 0.217009 0.114124 0.229666 0.186763 0.411579 0.278120 0.328941 -0.038001 0.209721 0.497580 0.394720 -0.002489 0.177502 0.033224 0.122700 0.232329 0.267747 0.379448 0.315899 0.254419 0.357671 -0.053154 -0.037272 -0.259278 -0.177038 -0.045027 -0.133201 -0.227428 -0.174534 -0.253676 -0.069973 -0.162226 0.000557 0.059720 0.072396 -0.046809 -0.045924 -0.296773 -0.328585 -0.269944 -0.272273 0.012652 -0.124562 -0.039729 0.064297 -0.159571 -0.145728 0.123881 0.038803 0.047851 0.219429 -0.002737 0.192712 0.187489 0.110659 0.067103 0.135029 0.075847 -0.031647 -0.042967 -0.025533 0.090910 0.243550 0.074195 -0.088727 0.091820 0.220706 -0.045644 -0.111903 -0.066543 -0.289525 -0.093687 -0.132372 0.177630 -0.080209 0.190619 0.107090 -0.014984 -0.080104 0.008440 0.089100 -0.109333 -0.036796 0.032165 0.162213 0.152438 0.165207 0.046637 -0.090430 0.148281 -0.059584 -0.042474 0.192291 0.211618 0.245121
-0.130900 0.040040 -0.063646 0.166136 -0.114770 -0.036183 -0.057219 0.179847 -0.207896 -0.113998 0.011912 0.201293 0.008133 0.112198 -0.161612 -0.019349 -0.058451 0.038016 -0.057723 -0.201904 0.217009 1.000000 0.143091 0.287865 0.326292 0.507952 0.079730 0.350827 -0.011394 -0.054063 0.350340 0.376703 0.173458 0.290792 -0.003367 0.224475 0.035295 0.149366 0.123806 -0.009877 0.149256 0.068065 -0.204449 -0.146271 -0.270556 -0.083282 -0.067405 -0.220394 -0.152931 -0.174963 -0.078247 -0.015622 -0.294200 -0.058959 -0.107186 0.023064 0.016821 -0.054032 -0.308317 -0.247618 -0.127217 0.119844 -0.013530 -0.019850 0.170991 0.320136 -0.167970 0.061078 -0.033840 -0.075313 -0.289649 -0.126162 -0.068110 -0.037803 -0.005595 -0.000610 -0.052478 0.015961 0.027857 -0.014325 -0.021261 0.009250 0.116878 0.048001 0.152525 0.183511 0.118754 0.171110 -0.039456 -0.200211 -0.086194 -0.218356 0.175748 -0.108335 -0.125683 -0.115727 0.039504 0.048829 -0.153687 -0.207985 0.124351 -0.027049 0.002731 -0.098692 0.028551 -0.116143 0.072111 -0.179451 0.425908 -0.037285 0.031356 -0.092504 -0.135714 0.158957 0.132631 0.095208
-0.199073 -0.496552 0.369089 0.335412 0.340694 0.322275 0.250158 0.050604 0.141276 0.060562 -0.122870 -0.041705 0.309080 -0.046967 0.370528 0.279376 -0.342295 -0.322047 0.377662 -0.202657 0.114124 0.143091 1.000000 0.706439 0.526753 0.553195 0.539037 0.671025 -0.365135 -0.232655 0.348065 0.444288 -0.412761 -0.008107 0.191595 0.327014 -0.113637 -0.018066 0.353566 0.213618 0.085629 -0.054571 -0.264057 -0.381575 -0.410824 -0.332097 -0.428969 -0.211054 -0.095378 -0.431363 -0.158713 -0.467840 -0.396275 -0.235868 -0.111291 -0.267109 -0.256992 -0.259393 -0.381598 -0.507813 -0.432409 -0.567668 -0.471594 -0.643257 0.237906 -0.121649 -0.490725 0.075835 -0.098496 -0.128670 0.370327 0.254080 -0.330863 0.014151 -0.132672 0.117291 -0.149240 0.185724 -0.321591 -0.364790 -0.229307 -0.372915 0.593506 0.098632 0.363487 -0.053052 0.542880 0.483432 0.595741 0.233660 0.322130 0.375444 0.351309 0.424062 -0.081448 0.051262 -0.001485 -0.025677 0.076192 -0.028073 -0.074067 0.113637 -0.047037 0.059552 0.170355 0.252372 -0.122708 0.010456 0.207219 -0.029824 0.385761 0.034075 -0.157298 0.194071 0.069357 0.093645
-0.234957 -0.425888 0.103899 0.582350 0.159288 0.416542 0.057394 0.318662 0.160129 0.235181 -0.356637 0.018638 0.081328 0.070999 0.106855 0.364425 -0.446082 -0.356764 0.010829 -0.197156 0.229666 0.287865 0.706439 1.000000 0.500818 0.622612 0.386105 0.724188 -0.575053 -0.255385 0.227698 0.367779 -0.312287 0.121821 0.092388 0.508260 -0.167444 -0.091806 0.212482 0.348005 -0.026752 0.043657 -0.352498 -0.426715 -0.495244 -0.303128 -0.433355 -0.264994 -0.127206 -0.479028 -0.246408 -0.379692 -0.466864 -0.323759 -0.221556 -0.280126 -0.291361 -0.334741 -0.290492 -0.395600 -0.408634 -0.325228 -0.498083 -0.534739 0.176575 0.215605 -0.398237 0.224320 -0.071259 -0.107176 0.157700 0.272764 -0.497971 -0.108709 -0.264770 0.029517 -0.345917 0.082594 -0.475645 -0.347757 -0.149863 -0.388391 0.400522 0.078803 0.194297 -0.041183 0.386041 0.537559 0.611982 0.219870 0.388156 0.289005 0.502337 0.301841 0.037052 0.033049 0.001333 -0.017771 0.023292 -0.048094 0.074071 0.101578 0.064043 0.141061 0.161238 0.283489 -0.094822 -0.038146 0.191127 -0.018494 0.423830 0.032294 -0.130363 0.222638 0.269534 0.181352
0.001449 -0.243867 0.091254 0.270758 0.259429 0.490680 -0.055077 0.071117 -0.032057 0.131721 -0.206864 0.007467 0.156105 -0.057611 0.076327 0.150664 -0.374723 -0.262862 0.063250 -0.289790 0.186763 0.326292 0.526753 0.500818 1.000000 0.709653 0.431125 0.576250 -0.228575 -0.097596 0.382699 0.357762 -0.216862 0.016452 0.221641 0.284696 -0.068470 0.077401 0.160731 -0.002347 0.183995 0.011055 -0.028271 -0.142677 -0.156125 -0.035008 -0.205452 -0.138687 0.062190 -0.155165 0.115972 -0.090962 -0.166869 0.009747 -0.128109 -0.181470 -0.236716 -0.285596 -0.203023 -0.265609 -0.327741 -0.384136 -0.256126 -0.403116 0.025254 0.046084 -0.190394 0.105469 -0.253612 -0.340205 0.187700 0.232137 -0.197823 0.064908 0.000008 0.242962 0.012238 0.197751 -0.186766 -0.198332 -0.234879 -0.334314 0.254365 -0.050294 0.205328 -0.142388 0.301212 0.329276 0.216860 0.126737 0.165422 0.073947 0.244952 0.067843 -0.055587 0.114062 -0.003575 0.015637 -0.075743 -0.157550 -0.079317 0.067003 0.006350 -0.146644 -0.074817 -0.002672 -0.038399 -0.102005 0.269325 -0.071093 0.238833 0.071705 -0.038963 0.165610 0.110074 0.092581
-0.192007 -0.387903 -0.046803 0.359342 -0.023781 0.390363 -0.140702 0.111905 -0.189540 -0.140252 -0.274500 -0.086104 0.146854 -0.019215 -0.029857 0.172449 -0.436408 -0.375622 -0.065634 -0.459510 0.411579 0.507952 0.553195 0.622612 0.709653 1.000000 0.448962 0.782825 -0.328794 -0.070938 0.574569 0.587987 -0.168142 0.217367 0.288129 0.496336 -0.057743 0.158496 0.370166 0.258502 0.246913 0.163014 -0.058597 -0.147707 -0.283075 -0.020876 -0.182389 -0.145877 -0.150465 -0.240532 -0.110021 -0.170454 -0.351315 -0.032820 -0.122123 -0.024425 -0.264325 -0.250492 -0.401912 -0.557698 -0.542717 -0.410446 -0.413255 -0.525557 0.088999 0.245243 -0.381329 0.088197 -0.114134 -0.299468 0.075472 0.263282 -0.263956 0.093723 0.033717 0.139934 -0.005763 0.219606 -0.144166 -0.188027 -0.311047 -0.366391 0.331752 0.071379 0.261030 -0.016543 0.391783 0.511302 0.170461 -0.007783 0.147241 -0.041734 0.250777 0.019584 0.027112 -0.066237 0.116066 0.068421 -0.030787 -0.107362 -0.102577 0.000523 -0.049237 -0.104385 0.126215 0.136503 0.121247 0.126562 0.174377 -0.157082 0.375069 0.042030 -0.075259 0.227831 0.177864 0.121477
-0.220547 -0.385367 -0.092260 0.046823 0.403405 0.508167 -0.132255 -0.182065 -0.074146 0.009863 0.024235 -0.017827 0.264921 -0.008185 0.243019 0.258695 -0.196430 -0.238524 0.016549 -0.361619 0.278120 0.079730 0.539037 0.386105 0.431125 0.448962 1.000000 0.603190 -0.343249 -0.302090 0.210368 0.179726 -0.410278 -0.272607 0.092929 0.104592 -0.035450 0.105199 0.441608 0.363601 0.137235 0.102532 0.045617 -0.032266 -0.054082 -0.008763 0.028335 0.107971 0.113290 -0.017451 0.082163 -0.062828 0.020010 0.146535 0.161239 0.137291 -0.270507 -0.293976 -0.288808 -0.256211 -0.391829 -0.534778 -0.379020 -0.466317 0.044734 -0.204537 -0.284927 -0.052566 -0.195800 -0.281232 0.175286 0.148696 -0.344998 -0.089985 -0.143484 -0.079064 -0.090828 0.033589 -0.159005 -0.327288 -0.267659 -0.351899 0.291863 0.048281 0.227880 -0.082429 0.380924 0.485444 0.271278 0.409155 0.311595 0.104353 0.076760 0.113776 -0.021104 -0.021314 0.283095 0.074097 0.209209 0.115170 -0.072112 0.006195 -0.263125 -0.035541 0.143164 0.330773 0.124334 0.342410 -0.019355 -0.146455 0.251748 0.050895 0.116263 0.024618 0.081471 0.118558
-0.135550 -0.396863 -0.102761 0.348170 0.149082 0.410693 -0.153706 -0.036063 -0.014137 -0.125772 -0.139587 -0.022524 0.290348 0.010153 0.176891 0.318507 -0.447967 -0.341087 0.055083 -0.400880 0.328941 0.350827 0.671025 0.724188 0.576250 0.782825 0.603190 1.000000 -0.441570 -0.214646 0.357476 0.414649 -0.343136 -0.070201 0.169130 0.420162 -0.105537 0.007382 0.372438 0.361315 0.119385 0.093300 -0.110612 -0.215566 -0.284441 -0.147735 -0.216955 -0.124277 -0.019090 -0.234446 -0.038336 -0.225178 -0.286496 -0.177004 -0.040688 -0.053473 -0.281175 -0.278515 -0.357531 -0.517097 -0.476850 -0.541287 -0.471696 -0.533504 0.218186 0.151128 -0.410669 0.074611 -0.115485 -0.290036 0.048364 0.124465 -0.325118 -0.103082 -0.105385 0.044716 -0.172877 0.113249 -0.269359 -0.248461 -0.262965 -0.367478 0.427350 0.089676 0.296232 0.029129 0.502717 0.614793 0.381742 0.238310 0.204552 0.099394 0.204438 0.148999 0.078614 0.039705 0.168714 0.063355 0.063286 -0.010317 -0.122038 0.005403 -0.170816 -0.040289 0.139303 0.310528 0.082595 0.180853 0.210244 -0.020199 0.372176 0.069021 -0.025452 0.178851 0.238177 0.107976
0.271527 0.367826 -0.006480 -0.434730 -0.131260 -0.500991 0.021429 -0.224106 -0.154875 -0.192192 0.353006 0.028685 0.123510 0.159373 0.172750 0.058213 0.574846 0.564929 0.029855 0.228782 -0.038001 -0.011394 -0.365135 -0.575053 -0.228575 -0.328794 -0.343249 -0.441570 1.000000 0.600868 0.027054 0.030650 0.332977 0.266723 -0.048775 -0.335732 0.365939 0.236844 -0.019823 -0.288710 0.269589 0.204027 0.124026 0.081127 0.003483 -0.141398 0.117998 -0.130965 -0.240141 0.027568 0.004041 -0.001081 0.136147 0.153954 0.183120 0.126740 0.217764 0.260721 -0.029680 -0.027877 0.332006 0.152356 0.647058 0.427470 0.106825 -0.187571 0.007193 -0.410195 0.027946 -0.004692 -0.152187 -0.142933 0.829894 0.288435 0.381547 0.212492 0.440363 0.120927 0.502169 0.432278 0.317545 0.601919 -0.093135 0.315970 0.081585 0.101926 -0.195098 -0.341783 -0.472135 -0.301398 -0.508499 -0.327919 -0.446072 -0.256133 0.030514 0.062214 -0.213316 0.027600 -0.309787 -0.091211 -0.082816 -0.042401 -0.050956 -0.282040 -0.388609 -0.359192 -0.030768 -0.158161 0.091609 -0.067042 -0.435331 -0.165422 -0.146053 -0.098495 -0.007595 0.017979
0.119280 0.294382 -0.206507 -0.254947 -0.289882 -0.317048 -0.181955 -0.047058 -0.200800 -0.218611 0.114407 0.055988 0.095519 0.334618 0.001772 0.204706 0.245002 0.513577 -0.040285 0.261309 0.209721 -0.054063 -0.232655 -0.255385 -0.097596 -0.070938 -0.302090 -0.214646 0.600868 1.000000 0.151355 0.115122 0.246536 0.317775 0.001519 0.064448 0.396328 0.397788 0.083119 -0.037430 0.308028 0.298150 0.038583 0.056436 -0.073645 -0.160713 0.075096 -0.152121 -0.304597 -0.085265 -0.222206 -0.046568 -0.106596 0.055029 0.234950 0.135602 0.139270 0.135850 -0.183209 -0.262425 -0.060952 0.031270 0.309188 0.229609 -0.115776 0.016741 -0.154753 -0.377886 0.133766 0.061944 -0.008637 0.085016 0.573625 0.468266 0.445122 0.325437 0.516022 0.331685 0.435864 0.593375 0.163251 0.502855 -0.113936 0.230474 0.041967 -0.009702 0.044759 -0.141545 -0.225713 -0.225360 -0.371971 -0.349174 -0.329177 -0.321472 0.067004 0.127002 -0.071822 0.000658 -0.043790 -0.007870 -0.173113 0.021965 -0.091958 -0.257030 -0.213269 -0.224562 0.122609 -0.132738 0.046291 -0.046203 -0.136275 -0.101845 -0.112315 0.032154 0.017405 0.053898
-0.167040 -0.300958 0.141751 0.254580 -0.102994 0.074832 0.028445 0.154788 -0.164510 -0.234366 -0.090890 -0.273873 0.014296 -0.142885 0.021258 0.052757 -0.211890 -0.246186 0.082323 -0.193045 0.497580 0.350340 0.348065 0.227698 0.382699 0.574569 0.210368 0.357476 0.027054 0.151355 1.000000 0.784593 0.081650 0.420467 0.166005 0.243079 0.109313 0.221781 0.201578 0.125636 0.229747 0.308273 -0.159620 -0.234447 -0.379128 -0.096211 -0.217346 -0.312786 -0.303408 -0.314728 -0.223963 -0.274426 -0.415013 -0.027387 -0.121737 -0.060176 -0.141174 -0.146750 -0.400661 -0.393975 -0.392423 -0.320740 -0.068243 -0.224826 0.071931 0.053122 -0.174480 0.043565 0.054401 -0.033872 0.135435 0.231186 0.041690 0.214001 0.264916 0.189469 0.079105 0.155041 -0.033768 -0.057361 -0.069494 -0.064624 0.229360 0.313619 0.302872 0.037777 0.194518 0.241810 -0.024028 -0.197355 -0.040939 -0.155636 0.127676 -0.023336 0.070502 -0.048901 -0.159490 0.168168 -0.238440 -0.186404 0.021358 0.098188 0.004273 -0.087989 -0.086383 -0.067362 -0.031759 -0.025814 0.157108 -0.128463 0.067119 -0.131863 -0.177235 0.204370 0.122041 0.124336
-0.310247 -0.425041 0.123117 0.487577 -0.047149 -0.017878 0.048660 0.241549 -0.214714 -0.132676 -0.178137 -0.135082 -0.088978 -0.115960 0.132364 0.157361 -0.223430 -0.251922 0.169702 -0.091849 0.394720 0.376703 0.444288 0.367779 0.357762 0.587987 0.179726 0.414649 0.030650 0.115122 0.784593 1.000000 0.025241 0.569207 0.277015 0.330328 0.180351 0.251463 0.261107 0.067467 0.398395 0.333305 -0.188429 -0.271888 -0.423333 -0.155568 -0.292735 -0.310902 -0.368347 -0.408651 -0.161734 -0.359328 -0.443367 -0.115917 -0.221702 -0.157351 -0.260506 -0.304930 -0.532550 -0.582722 -0.433435 -0.356897 -0.116810 -0.289808 0.283643 0.093325 -0.274852 0.109203 -0.092769 -0.126759 0.166335 0.270971 0.047202 0.207049 0.273884 0.118746 0.077407 0.271970 -0.067472 -0.134048 -0.098323 -0.177222 0.486462 0.587095 0.365949 0.199817 0.268897 0.412878 0.065878 -0.197763 0.029816 -0.124974 0.157003 -0.040509 -0.009219 -0.164106 -0.290995 -0.080299 -0.298589 -0.328807 -0.097840 0.102410 -0.033725 -0.105245 -0.102650 -0.030229 -0.082229 -0.041110 0.089768 -0.261024 0.098840 -0.216245 -0.250349 0.231675 0.079205 0.082044
0.011210 0.448786 -0.069074 -0.092684 -0.414841 -0.463012 -0.173982 -0.001121 -0.085251 -0.296517 0.013597 0.029459 -0.276603 -0.044512 -0.131223 -0.080114 0.289422 0.170916 -0.006254 0.124793 -0.002489 0.173458 -0.412761 -0.312287 -0.216862 -0.168142 -0.410278 -0.343136 0.332977 0.246536 0.081650 0.025241 1.000000 0.493151 -0.012496 -0.121868 0.102748 0.142051 -0.124323 -0.053378 0.135606 0.084127 -0.057928 0.061297 0.014302 0.040099 0.023106 -0.217361 -0.307778 0.065772 -0.078097 0.002346 -0.156480 -0.142294 -0.137669 0.059262 0.253017 0.295167 0.031730 0.227636 0.380985 0.542786 0.394619 0.515656 0.210743 0.406018 0.307236 -0.036218 0.307385 0.232188 -0.470588 -0.348865 0.210301 -0.055252 0.061684 -0.245118 0.027287 -0.258740 0.170634 0.260472 0.217413 0.399284 -0.218691 0.121841 -0.006823 0.291308 -0.283204 -0.192882 -0.339398 -0.314176 -0.562838 -0.483291 -0.244750 -0.456443 0.173365 0.019156 -0.100309 0.154751 -0.452549 -0.226833 0.042089 -0.166394 -0.058615 -0.123024 -0.186915 -0.240959 0.040484 -0.116440 0.152388 0.085527 -0.407056 -0.215767 -0.165332 -0.022057 0.086449 0.062638
-0.277148 -0.045751 0.109220 0.289457 -0.276679 -0.216709 0.021865 0.374382 -0.140201 -0.078465 -0.134961 -0.042767 -0.286607 -0.042657 -0.015387 0.074887 0.103209 0.069012 0.010979 0.061107 0.177502 0.290792 -0.008107 0.121821 0.016452 0.217367 -0.272607 -0.070201 0.266723 0.317775 0.420467 0.569207 0.493151 1.000000 0.175646 0.346347 0.137204 0.136887 0.001361 0.012969 0.268766 0.364308 -0.286866 -0.284362 -0.360462 -0.085035 -0.305155 -0.370646 -0.501788 -0.380796 -0.282064 -0.335064 -0.489205 -0.263236 -0.336732 -0.123982 -0.158112 -0.137318 -0.386431 -0.272581 -0.053010 0.210804 0.222825 0.157537 0.211449 0.304309 -0.098636 0.152141 -0.014264 -0.061496 -0.028349 0.167483 0.212963 0.254087 0.309930 0.057859 0.124354 0.213786 0.091167 0.034641 0.160143 0.108173 0.222384 0.551291 0.195684 0.169945 -0.002836 0.191304 -0.073745 -0.316483 -0.216526 -0.288984 0.060387 -0.210043 0.087698 -0.013769 -0.303789 -0.018350 -0.380309 -0.293882 -0.013467 -0.014401 0.101477 -0.066905 -0.114123 -0.168202 -0.098978 -0.159533 0.123239 -0.107797 -0.085025 -0.241582 -0.270045 0.202219 0.123739 0.152358
-0.287863 -0.322826 0.027176 0.214705 -0.084597 0.029694 0.027610 0.076350 0.042656 -0.253204 -0.156916 -0.120955 0.115096 -0.149744 0.010805 -0.149941 -0.042851 -0.219673 0.126399 -0.161735 0.033224 -0.003367 0.191595 0.092388 0.221641 0.288129 0.092929 0.169130 -0.048775 0.001519 0.166005 0.277015 -0.012496 0.175646 1.000000 0.546340 -0.094468 -0.028786 -0.004018 0.028735 0.210354 -0.198250 -0.167961 -0.149364 -0.039532 0.302215 -0.261088 -0.206454 -0.113476 -0.104653 -0.082433 -0.085207 -0.351373 -0.163672 -0.230319 -0.091293 -0.296007 -0.236300 -0.130300 -0.273101 -0.261873 -0.153507 -0.089274 -0.185993 0.185761 0.240127 0.058179 0.419366 -0.098504 -0.087387 0.123197 0.129543 -0.123253 0.195492 0.013474 0.044354 0.121198 0.215475 0.002378 -0.043164 -0.215146 -0.243833 0.243835 0.010388 0.096556 0.077354 0.133896 0.275287 0.090854 -0.218896 -0.068310 0.046495 0.131579 0.070164 -0.060818 0.069241 -0.121947 -0.107212 -0.135121 -0.166151 -0.112180 0.043273 0.106611 0.140611 0.248603 0.196237 0.006376 0.077097 0.117147 -0.102690 0.151543 -0.133782 -0.026355 0.197774 -0.025099 -0.019544
-0.290606 -0.356421 -0.050234 0.312105 -0.311372 0.182441 0.041382 0.303466 -0.027652 -0.153196 -0.211735 -0.024317 0.162802 0.113030 -0.082123 0.054261 -0.320023 -0.191700 -0.074054 -0.185880 0.122700 0.224475 0.327014 0.508260 0.284696 0.496336 0.104592 0.420162 -0.335732 0.064448 0.243079 0.330328 -0.121868 0.346347 0.546340 1.000000 -0.164407 -0.042660 0.001298 0.146407 0.032494 -0.064843 -0.255140 -0.231127 -0.195078 0.217739 -0.342394 -0.219365 -0.105520 -0.284233 -0.276919 -0.191742 -0.538340 -0.299711 -0.198557 -0.175624 -0.419187 -0.378708 -0.203733 -0.370997 -0.401743 -0.054316 -0.313620 -0.327796 0.163756 0.420271 -0.150806 0.485272 -0.161276 -0.177974 0.106665 0.193077 -0.285743 0.130750 -0.067095 0.099165 -0.013234 0.323440 -0.161739 -0.114828 -0.314692 -0.340139 0.248236 0.019971 0.036156 -0.023634 0.266302 0.332287 0.335290 -0.118544 0.123380 0.066012 0.303488 0.156165 -0.033310 0.052919 -0.036917 -0.107009 -0.043352 -0.195790 -0.096817 0.029482 0.033865 0.060775 0.200290 0.178634 0.025975 -0.012585 0.177451 -0.037296 0.296717 -0.099276 -0.084824 0.280018 0.193326 -0.067551
