1.000000 0.658718 -0.270121 -0.359002 -0.300027 -0.375198 -0.011280 -0.293904 -0.114691 -0.125379 0.393956 0.022165 0.082518 0.094205 0.159769 -0.134016 0.345274 0.114688 0.369667 0.534839 -0.207524 -0.484185 -0.281160 -0.473905 -0.380787 -0.473784 -0.379420 -0.372477 -0.108207 0.365884 -0.206167 -0.331401 0.203408 0.185988 0.041225 -0.084120 -0.052283 0.085901 -0.006299 -0.079971 -0.260863 -0.120836 -0.186487 -0.190588 -0.237387 -0.455026 -0.198999 0.129150 -0.167983 -0.146334 -0.473846 -0.164822 0.018842 0.097728 0.022948 0.061436 0.634863 0.608331 0.264518 0.017476 0.290093 0.100735 0.074654 0.176197 -0.207029 -0.414669 0.107736 -0.517286 0.383394 0.290443 -0.226600 -0.011009 0.313926 0.121725 0.284304 0.141330 0.331958 0.272453 -0.288285 0.005213 -0.192845 -0.054246 -0.001743 -0.138868 0.083466 -0.259324 0.074859 -0.035750 -0.026560 -0.037786 -0.309374 -0.001516 -0.287171 -0.091473 -0.198234 0.223090 0.254681 0.224487 -0.031596 0.429170 -0.059638 0.056823 0.056321 0.128547 0.052599 -0.037397 0.148089 0.027042 0.298884 0.298761 -0.055122 0.199570 0.097904 0.066581 0.174271 0.112218
0.658718 1.000000 -0.418925 -0.283914 -0.034864 -0.330012 -0.232779 -0.370659 0.009430 -0.253968 0.171108 -0.038237 0.016638 -0.017835 0.063072 -0.173487 0.296130 0.132237 0.290057 0.608357 -0.168826 -0.324454 -0.246928 -0.489123 -0.324621 -0.436687 -0.161833 -0.361810 -0.086430 0.326941 -0.087681 -0.271597 0.188217 0.152152 -0.082513 -0.090805 -0.002156 -0.003508 0.279312 0.014662 -0.062438 -0.058300 -0.003085 -0.070437 0.015091 -0.187634 -0.238116 -0.001208 -0.221162 0.047176 -0.444336 -0.178294 -0.114224 0.156631 -0.040998 0.041210 0.636753 0.697588 0.101554 0.027422 0.186823 0.167780 0.181597 0.397584 -0.201859 -0.384690 -0.122183 -0.517893 0.483793 0.460968 -0.245236 -0.071723 0.210591 -0.130649 0.035336 0.032709 0.059813 0.129493 -0.102888 0.155819 -0.069681 0.168264 0.199927 0.057379 0.100809 -0.134648 0.128801 0.071159 0.048315 0.029874 -0.435055 -0.197953 -0.424857 -0.071275 -0.062851 0.013207 0.101380 0.090678 -0.087119 0.327945 -0.064964 0.052944 0.001631 0.035839 -0.011584 -0.025681 0.100408 0.182881 0.063504 0.005619 -0.164276 0.110913 -0.024512 0.020003 0.087731 0.054884
-0.270121 -0.418925 1.000000 0.307812 0.254951 0.101447 0.584997 0.259134 0.278427 0.095487 -0.291946 -0.008136 -0.139096 -0.205153 -0.020673 0.053294 -0.409215 -0.307160 -0.048756 -0.433312 0.421583 0.240563 0.318501 0.246751 0.283642 0.230577 0.109052 0.243339 -0.107962 -0.225175 0.364795 0.115315 0.106166 -0.014741 0.303574 0.110771 -0.182180 0.086421 -0.269939 -0.011815 -0.056761 0.109184 -0.099677 -0.038216 -0.180688 -0.106659 0.097823 -0.022277 0.076677 -0.303034 0.190525 0.119369 0.032402 0.082900 -0.057879 0.044435 -0.437082 -0.451253 -0.127661 -0.183587 -0.042724 -0.216918 -0.402883 -0.280387 0.272877 0.191811 0.298376 0.226934 -0.354111 -0.378076 0.117978 0.006452 -0.187292 0.291415 0.093417 0.093610 0.079429 0.051468 -0.075324 -0.265870 -0.333551 -0.362700 -0.365836 -0.124898 -0.073137 0.041127 -0.275763 -0.188397 -0.011602 0.051494 0.116863 0.221563 0.094064 0.029383 0.066587 0.141189 0.024221 0.086994 -0.032649 -0.241356 -0.211132 0.077188 -0.136519 -0.068341 -0.228551 -0.110521 -0.049587 -0.154105 0.044203 -0.011091 0.119546 -0.028557 -0.150832 -0.013018 0.005249 0.059694
-0.359002 -0.283914 0.307812 1.000000 0.117572 0.186193 -0.007340 0.391722 0.185218 0.302892 -0.314529 0.027750 -0.267763 -0.172593 -0.018680 0.158263 -0.286995 -0.088138 -0.017591 -0.138599 0.139638 0.277870 0.436829 0.606658 0.114868 0.262305 0.131036 0.187747 -0.130568 -0.178167 0.409654 0.397573 -0.136384 -0.005076 0.069907 -0.129647 -0.041543 0.136690 -0.025151 0.249108 0.081579 0.040106 -0.111192 -0.208445 -0.289012 -0.122587 -0.240254 -0.330380 -0.227826 -0.382928 0.216897 -0.057517 -0.095699 -0.051968 -0.160031 -0.183687 -0.377674 -0.336899 -0.340269 -0.369900 -0.109036 -0.115276 -0.212263 -0.122089 0.506875 0.334603 -0.167468 0.074621 0.006633 -0.039795 0.125101 0.046254 -0.322949 0.003764 0.043021 -0.147153 -0.266757 -0.261885 0.241187 -0.007615 -0.114081 -0.151176 -0.037004 0.195954 0.381053 0.517442 0.131110 0.322515 0.430243 0.216127 0.271021 0.059369 0.215932 -0.050842 0.218931 -0.157391 -0.184292 -0.047208 -0.252772 -0.318895 0.056622 -0.091698 -0.078181 -0.304199 -0.313236 -0.102004 -0.069351 0.052814 0.011931 -0.182348 -0.130924 -0.281523 -0.222745 -0.212298 -0.113738 -0.151610
-0.300027 -0.034864 0.254951 0.117572 1.000000 0.390701 0.330554 0.174256 0.470303 0.187908 -0.195353 -0.089990 -0.224677 -0.100827 -0.056169 0.197879 -0.237062 -0.194424 0.075674 0.075629 0.103310 0.154858 -0.168062 -0.118932 0.029248 -0.139096 0.468160 0.006716 0.151638 -0.129321 0.101952 -0.071685 0.125039 0.114642 -0.040527 0.060464 -0.064079 -0.179547 -0.113042 -0.012397 0.077737 0.180587 0.055206 -0.085495 0.106159 0.162344 -0.029067 -0.219733 -0.049195 0.069532 -0.061771 -0.029030 -0.248826 0.093300 -0.177343 -0.073094 -0.222665 -0.256748 -0.039466 -0.037488 0.110347 0.070871 0.048033 0.011309 -0.061934 0.033805 -0.054607 0.145732 -0.225680 -0.018443 0.148151 -0.098680 -0.011412 -0.018789 -0.140021 0.016610 -0.267623 -0.145371 0.062123 -0.101488 0.040576 0.054812 0.037100 0.172281 -0.219150 0.020522 -0.031922 -0.071104 -0.065825 0.107674 0.134658 0.208302 -0.008286 0.026294 0.164264 -0.156421 -0.165718 -0.077325 -0.021777 -0.152268 -0.053673 0.248759 -0.001391 0.101765 0.000147 0.004634 0.105974 0.035745 -0.223508 -0.257417 -0.226930 -0.132649 0.058634 -0.136397 -0.085183 0.076169
-0.375198 -0.330012 0.101447 0.186193 0.390701 1.000000 0.083536 0.413457 0.215708 0.497231 -0.128357 0.021371 -0.073654 0.029859 0.128283 0.403897 -0.172593 -0.069686 -0.079815 -0.123855 0.049749 0.330728 -0.128629 0.063544 0.040499 0.183644 0.446075 0.328770 0.113795 -0.233915 0.015132 0.045858 -0.162862 -0.039539 -0.236503 -0.071926 0.010091 -0.230858 -0.101861 0.061687 0.128213 0.150441 0.020928 -0.120580 0.001597 0.027505 -0.028290 -0.317524 0.197749 0.046694 0.356182 0.134191 0.167461 0.001360 -0.043486 0.004287 -0.277561 -0.300541 0.096563 0.144402 0.081059 0.224976 0.030673 -0.160424 -0.083939 0.209676 -0.119312 0.178617 -0.210195 -0.106126 0.230420 0.152716 -0.189960 -0.066491 -0.021450 -0.109698 -0.317899 -0.349264 0.249491 -0.095030 0.205621 0.018615 -0.002896 0.182497 -0.162777 0.001944 -0.095586 -0.023083 0.057112 0.146289 0.415558 0.039881 0.331983 0.047123 0.110230 -0.283853 -0.258880 -0.276057 -0.158855 -0.243543 0.096013 0.110041 0.152843 0.109971 0.090408 0.154261 0.007505 -0.061340 -0.228946 -0.218631 -0.246685 -0.411043 -0.034453 -0.091157 -0.126956 -0.020761
-0.011280 -0.232779 0.584997 -0.007340 0.330554 0.083536 1.000000 0.293407 0.467963 0.262666 0.042764 0.142448 0.176165 0.195819 0.101737 0.204149 -0.163302 -0.143437 -0.004669 -0.115354 0.118423 -0.162563 -0.110811 -0.191172 -0.104281 -0.187778 -0.189458 -0.150057 -0.081950 -0.015141 -0.032771 -0.320051 0.182855 0.138466 -0.010556 0.014675 -0.084163 -0.023282 -0.428099 -0.298369 -0.226968 0.045743 -0.177183 -0.138714 -0.113111 -0.166639 -0.005084 0.025458 0.226117 -0.138908 -0.044588 0.088406 0.163859 -0.029723 -0.033386 -0.037780 -0.158771 -0.336088 0.191926 0.077020 0.339568 0.080618 -0.112486 -0.157371 -0.112041 0.153901 0.176486 0.073339 -0.335709 -0.233272 0.088614 -0.062971 0.129436 0.407713 0.273308 0.172461 0.254576 0.070766 -0.192285 -0.391738 -0.293772 -0.373143 -0.322721 -0.241637 -0.296718 -0.148442 -0.257096 -0.397876 -0.056820 -0.010123 0.211617 0.257986 0.064330 0.183245 -0.161191 0.222545 -0.004103 -0.006626 0.017464 -0.034845 -0.047920 0.109537 0.054706 0.119457 -0.045539 0.030336 0.019147 -0.010513 0.118235 0.109805 -0.044800 0.142105 0.052563 0.097200 0.052433 0.064368
-0.293904 -0.370659 0.259134 0.391722 0.174256 0.413457 0.293407 1.000000 0.278557 0.644389 -0.042508 0.366402 0.120148 0.277268 0.039418 0.422449 -0.019866 -0.027317 -0.295316 -0.242551 0.012037 0.084594 -0.104414 0.103800 -0.014739 0.130936 -0.038557 -0.095394 -0.033204 -0.060382 0.112028 0.099784 -0.136724 0.058324 -0.049741 -0.001446 -0.076737 -0.133602 -0.440078 -0.163892 -0.111739 -0.007948 -0.200634 -0.206092 -0.066856 -0.025236 -0.117184 -0.184617 0.081829 -0.102991 0.181134 0.038053 0.035987 -0.259062 -0.229960 -0.349060 -0.270896 -0.378744 0.014119 -0.011655 0.274117 0.487228 0.050388 -0.068709 0.205046 0.501265 -0.111408 0.150532 -0.252163 -0.271462 0.126842 0.107948 -0.065780 0.053567 0.053243 0.134094 -0.073395 -0.110790 0.072397 -0.283140 0.091449 -0.143884 -0.263899 0.093241 -0.076723 0.027791 -0.236987 -0.206662 0.107209 0.030111 0.225407 -0.077691 0.430367 0.022432 -0.095881 0.068660 -0.231880 -0.092857 -0.140465 -0.162191 0.327192 0.070939 0.139555 -0.150836 -0.084254 0.000445 -0.084853 -0.096374 0.103775 -0.005031 -0.173778 -0.096843 -0.028915 0.065595 0.038537 -0.092307
-0.114691 0.009430 0.278427 0.185218 0.470303 0.215708 0.467963 0.278557 1.000000 0.394127 0.045284 0.127598 0.106194 0.144480 0.211234 0.221812 -0.037599 -0.038499 0.092243 0.135980 -0.158839 -0.084320 -0.057817 -0.026787 -0.210010 -0.291237 -0.076245 -0.219757 0.133924 -0.009170 0.133303 -0.068098 -0.085423 0.051115 -0.159966 -0.244133 0.013032 -0.155904 -0.262486 -0.158417 0.060543 0.149162 -0.074432 -0.203273 -0.013365 -0.044174 -0.186241 -0.240950 -0.001663 -0.059512 -0.057653 -0.097390 -0.092342 -0.092484 -0.201050 -0.096000 -0.053834 -0.072549 0.014627 -0.016159 0.300306 0.192870 0.014865 0.054837 0.124113 0.110831 -0.072814 0.005495 0.007179 0.164827 0.051391 0.001741 0.013083 0.069870 0.088083 -0.018153 -0.123518 -0.197963 0.063135 -0.007739 -0.061568 -0.069049 0.031287 0.140944 -0.044659 0.099667 -0.058172 -0.208938 0.030319 0.131216 0.117226 0.041956 0.036193 0.308832 0.013816 -0.213051 -0.331217 -0.093491 -0.297340 -0.344071 0.032297 0.020662 0.040616 -0.036601 -0.206541 -0.126362 -0.022443 0.034237 -0.156745 -0.232605 -0.305961 -0.260500 -0.237978 -0.254794 -0.202081 -0.187485
-0.125379 -0.253968 0.095487 0.302892 0.187908 0.497231 0.262666 0.644389 0.394127 1.000000 0.216230 0.451985 0.240186 0.194856 0.256961 0.377796 -0.019399 -0.064209 -0.079713 0.006904 -0.194271 -0.088841 -0.133712 0.040883 -0.351174 -0.207991 -0.098900 -0.072459 0.032177 -0.028854 -0.152308 -0.246866 -0.226540 -0.083956 -0.180100 -0.185751 0.092073 -0.144700 -0.336060 -0.136939 -0.146535 -0.064586 -0.282640 -0.271052 -0.209494 -0.155458 -0.197513 -0.237679 0.054414 -0.095341 0.136525 0.128117 0.156021 -0.087998 -0.089991 -0.102783 -0.209418 -0.240132 0.159943 -0.010131 0.317993 0.445731 -0.024927 -0.128873 0.207207 0.475249 -0.140344 0.045227 -0.126830 -0.025985 0.058976 0.066214 -0.062911 0.034320 0.212594 0.042964 -0.009842 -0.159294 0.085547 -0.199448 -0.059790 -0.166620 -0.085914 0.105424 -0.006295 -0.042691 -0.031687 -0.047632 0.271517 0.122180 0.267864 0.006055 0.422031 0.112962 -0.140932 0.084305 -0.248203 -0.194137 -0.275919 -0.230404 0.075339 -0.021707 0.089982 -0.055478 -0.065870 -0.051255 -0.042696 -0.095852 0.093017 -0.074777 -0.231113 -0.316290 -0.144034 -0.043446 -0.097802 -0.174074
0.393956 0.171108 -0.291946 -0.314529 -0.195353 -0.128357 0.042764 -0.042508 0.045284 0.216230 1.000000 0.354266 0.681211 0.553326 0.330217 0.179389 0.340020 0.250206 0.051349 0.303417 -0.227870 -0.507643 -0.143556 -0.170702 -0.320616 -0.375695 -0.287255 -0.251887 0.196989 0.199194 -0.147573 -0.199629 -0.156190 0.050810 -0.316923 -0.145096 0.044578 -0.225956 -0.261724 -0.352304 -0.113496 -0.119060 -0.201106 -0.119694 -0.158556 -0.147852 -0.145441 0.119287 -0.058594 -0.085198 -0.230808 -0.071535 0.088242 -0.088533 0.044614 -0.103203 0.330462 0.221391 0.208111 0.030221 0.284846 0.181751 0.246059 0.117555 -0.141067 -0.028925 -0.274304 -0.173474 0.089878 0.141271 0.008482 -0.098317 0.410233 0.037006 0.228301 0.274328 0.190462 0.033139 -0.263684 -0.015411 -0.024599 -0.029102 0.075659 -0.105684 0.076681 -0.217618 -0.049087 -0.154160 -0.033995 -0.164766 -0.161317 -0.162760 0.081318 0.092465 -0.196106 0.137850 -0.080634 -0.098671 -0.156395 0.064763 0.128194 -0.041662 0.128138 0.123681 0.120701 -0.007114 -0.136424 -0.007608 0.143510 0.063353 -0.086409 -0.042989 0.008507 -0.032130 -0.071409 -0.143515
0.022165 -0.038237 -0.008136 0.027750 -0.089990 0.021371 0.142448 0.366402 0.127598 0.451985 0.354266 1.000000 0.485362 0.559318 0.228559 0.314545 0.160364 0.206439 -0.162591 -0.079941 0.052600 -0.264603 -0.167747 -0.057557 -0.273905 -0.186577 -0.268407 -0.207160 0.039614 0.158370 -0.182668 -0.222783 -0.236833 -0.018490 -0.174385 -0.151324 0.056943 0.035056 -0.264438 -0.156566 -0.229115 -0.144641 -0.289697 -0.146670 -0.156793 -0.143495 -0.066183 0.002096 0.055096 -0.181372 -0.053705 0.066478 0.265607 -0.269958 0.070575 -0.044109 0.006419 -0.151733 0.123282 -0.021378 0.352792 0.352939 0.222832 0.120647 0.152451 0.401527 -0.204377 -0.093627 -0.242712 -0.274736 -0.053445 -0.027093 0.139100 0.097879 0.111668 0.154766 0.237505 0.100216 -0.062891 -0.179033 -0.143820 -0.170291 -0.124440 0.037682 -0.017426 -0.038649 -0.027678 -0.092859 0.165875 0.253617 -0.067114 -0.221750 0.167275 -0.000276 -0.249251 0.197688 -0.078066 -0.171858 -0.076934 0.008168 0.208609 -0.127648 -0.007569 -0.159392 -0.007720 0.047727 0.012373 0.037361 0.171738 -0.071332 0.005053 -0.210470 -0.060637 0.085642 0.045431 -0.064003
0.082518 0.016638 -0.139096 -0.267763 -0.224677 -0.073654 0.176165 0.120148 0.106194 0.240186 0.681211 0.485362 1.000000 0.637694 0.330559 0.258845 0.339175 0.258179 -0.204017 0.141503 -0.071537 -0.443805 0.009263 -0.069252 -0.162136 -0.153180 -0.327559 -0.075473 0.143642 0.131846 -0.119755 -0.225805 -0.242901 0.000101 -0.452567 -0.176235 0.101152 -0.126954 -0.213534 -0.307173 -0.079095 -0.182382 -0.386671 -0.284773 -0.238700 -0.186182 -0.269885 -0.037596 0.057585 -0.101594 -0.034285 0.007904 0.242083 -0.155897 0.070728 -0.217961 0.267847 0.189339 0.251752 0.121224 0.305334 0.221537 0.210487 0.027538 -0.169375 0.171706 -0.271849 -0.129942 0.039247 0.081789 -0.036474 -0.133690 0.253151 0.026189 0.173639 0.206989 0.154928 -0.046732 -0.141182 0.082677 0.093073 0.117195 0.005261 -0.112975 0.019343 -0.217489 -0.147434 -0.260827 0.048595 -0.031804 -0.089914 -0.204298 0.162363 0.303544 -0.312337 0.116236 -0.262876 -0.274667 -0.218782 -0.046371 0.227137 -0.079097 0.131296 0.109550 0.155976 0.103055 -0.186089 0.027441 0.055794 -0.081502 -0.090616 -0.079091 -0.160018 -0.002458 -0.109015 -0.166238
0.094205 -0.017835 -0.205153 -0.172593 -0.100827 0.029859 0.195819 0.277268 0.144480 0.194856 0.553326 0.559318 0.637694 1.000000 0.303534 0.566698 0.433995 0.401378 -0.016488 0.190875 -0.183128 -0.419108 -0.270275 -0.118970 -0.268634 -0.226089 -0.266546 -0.356614 0.346424 0.436812 -0.024917 -0.020562 -0.004504 0.182283 -0.517622 -0.382785 0.251533 -0.195803 -0.274155 -0.376105 0.023351 0.013781 -0.149669 -0.213211 -0.121633 -0.173956 -0.215885 -0.153183 -0.018383 -0.082730 -0.104071 -0.177937 0.135285 -0.317348 0.103432 -0.199136 0.221430 -0.025080 0.210522 0.144245 0.357732 0.348798 0.535951 0.300060 -0.251908 0.062816 -0.340163 -0.290790 -0.112053 -0.118596 0.064460 -0.053518 0.526404 0.142059 0.294959 0.242878 0.033703 -0.159116 0.013865 -0.061703 0.194065 -0.000235 0.047624 0.175357 -0.114305 -0.021260 0.016882 -0.228463 0.077405 0.204618 -0.053410 -0.269909 0.056824 0.047474 -0.148923 -0.042869 -0.300410 -0.232653 -0.064537 0.040607 0.357824 -0.075724 0.162131 0.062106 0.183428 0.137394 -0.090615 0.105175 0.036077 -0.001001 -0.280849 -0.054794 0.062163 0.042996 -0.017525 -0.157135
0.159769 0.063072 -0.020673 -0.018680 -0.056169 0.128283 0.101737 0.039418 0.211234 0.256961 0.330217 0.228559 0.330559 0.303534 1.000000 0.434589 0.111123 0.134367 0.147762 0.233319 -0.159551 -0.131621 0.237414 0.099311 -0.115671 -0.192595 -0.123670 -0.079987 0.164218 0.006828 0.102383 -0.084923 -0.160522 -0.004964 -0.225714 -0.268452 0.071804 -0.077194 -0.006424 0.099290 -0.004738 0.143420 -0.240941 -0.225458 -0.462935 -0.435044 -0.192668 -0.223262 -0.157966 -0.366807 -0.065654 -0.152960 0.289614 -0.078281 0.007252 0.042109 0.024797 0.049645 0.048849 -0.082339 0.135159 0.092111 0.046444 -0.049362 -0.040002 -0.049167 -0.270461 -0.328084 0.149421 0.174534 0.010016 -0.111376 0.075810 0.050831 0.191269 0.011162 0.024981 -0.064321 0.073932 0.075791 -0.091867 -0.144069 0.308861 0.392244 0.124560 -0.137628 0.231521 0.232954 0.252387 0.148630 0.085478 0.029498 0.076521 0.191356 -0.109634 -0.104215 -0.123956 -0.213103 -0.266792 -0.150782 0.072089 -0.010880 -0.077155 0.093769 0.001936 -0.013781 -0.062846 0.038131 -0.081681 -0.029495 -0.099922 -0.205208 -0.142883 -0.036008 -0.077558 -0.096816
-0.134016 -0.173487 0.053294 0.158263 0.197879 0.403897 0.204149 0.422449 0.221812 0.377796 0.179389 0.314545 0.258845 0.566698 0.434589 1.000000 0.160187 0.257083 -0.021346 0.169598 -0.185710 0.084233 -0.072188 0.123683 -0.138293 0.025514 0.058979 -0.029975 0.477115 0.246787 0.242744 0.180800 0.004644 0.173788 -0.516702 -0.404947 0.195711 -0.183250 -0.144461 -0.183644 0.165320 0.250126 -0.075469 -0.201607 -0.186828 -0.199351 -0.267716 -0.560814 -0.074090 -0.200039 0.044863 -0.167836 0.129177 -0.247963 -0.098952 -0.242836 -0.039807 -0.182020 0.145403 0.079455 0.263199 0.277027 0.321774 0.075830 -0.108554 0.107264 -0.370620 -0.295841 -0.125554 -0.102320 0.080299 -0.068475 0.176004 0.122815 0.196472 0.157399 -0.290602 -0.445912 0.279588 -0.011589 0.283766 0.006889 0.183326 0.523110 -0.022820 0.140697 0.148783 0.001799 0.266237 0.358791 0.198149 -0.164305 0.188803 0.027466 0.123445 -0.297838 -0.482664 -0.248921 -0.120280 -0.251279 0.330314 0.011016 0.153374 0.113445 0.121544 0.156681 -0.018663 0.142509 -0.179261 -0.148131 -0.470735 -0.297508 0.060015 -0.081715 -0.208095 -0.026425
0.345274 0.296130 -0.409215 -0.286995 -0.237062 -0.172593 -0.163302 -0.019866 -0.037599 -0.019399 0.340020 0.160364 0.339175 0.433995 0.111123 0.160187 1.000000 0.391817 0.028476 0.405861 -0.207915 -0.275523 -0.309579 -0.149130 -0.275610 -0.255571 -0.426560 -0.429462 0.364563 0.433477 -0.074458 -0.031942 0.027403 0.094505 -0.367450 -0.291147 0.137566 -0.201747 -0.137084 -0.299162 -0.129631 -0.036259 -0.019374 -0.039565 -0.007763 -0.086866 -0.180141 -0.004078 -0.090827 0.116758 -0.322633 -0.263925 -0.007788 -0.145562 -0.266176 -0.295774 0.583533 0.451394 0.198386 0.073191 0.233105 0.157764 0.453612 0.278936 -0.282637 -0.245671 -0.342154 -0.446960 0.314816 0.322147 -0.106211 0.117675 0.359994 -0.073292 0.120165 0.109116 0.029982 -0.010678 0.255899 0.287190 0.463701 0.420775 0.159560 0.120724 -0.050087 -0.124297 0.092511 -0.122730 -0.088555 -0.073795 -0.152027 -0.209954 -0.123069 -0.025111 -0.201371 -0.015656 -0.215461 -0.043613 -0.019748 0.159980 0.244938 -0.033719 0.232691 0.135318 0.134772 0.039349 -0.073000 -0.033253 -0.022098 -0.024859 -0.291869 0.007251 -0.020945 0.068260 0.104418 -0.051288
0.114688 0.132237 -0.307160 -0.088138 -0.194424 -0.069686 -0.143437 -0.027317 -0.038499 -0.064209 0.250206 0.206439 0.258179 0.401378 0.134367 0.257083 0.391817 1.000000 0.191782 0.353260 -0.145624 -0.083208 -0.078499 0.063670 -0.199305 -0.033365 -0.199653 -0.248010 0.226526 0.326902 -0.033744 0.112517 0.070655 0.149563 -0.394617 -0.451267 0.051954 -0.239653 -0.049436 -0.162544 0.118688 0.003106 0.087702 -0.049760 0.005369 -0.065821 -0.096037 -0.111248 -0.126580 -0.036462 -0.048068 -0.203131 0.031988 -0.107929 0.026663 -0.196573 0.314352 0.222798 0.048808 0.037413 0.112904 0.059162 0.457182 0.306397 -0.142204 -0.235974 -0.250019 -0.330993 0.181371 0.170489 -0.038857 -0.164431 0.220004 0.033587 0.055809 0.117860 -0.177073 -0.321896 0.192827 0.336771 0.303474 0.333005 0.039989 0.121602 0.027019 0.089643 0.262943 -0.109458 0.011936 0.242279 -0.069075 -0.142013 -0.302951 -0.150926 0.036578 -0.177687 -0.259261 -0.155575 -0.075693 -0.083489 0.045181 -0.114956 0.230086 0.030200 0.096355 0.106906 -0.000537 0.140348 -0.011537 -0.045947 -0.170192 -0.076314 -0.030475 -0.016559 -0.023696 -0.069834
0.369667 0.290057 -0.048756 -0.017591 0.075674 -0.079815 -0.004669 -0.295316 0.092243 -0.079713 0.051349 -0.162591 -0.204017 -0.016488 0.147762 -0.021346 0.028476 0.191782 1.000000 0.627297 -0.196365 -0.117832 0.049604 -0.068336 -0.282495 -0.297449 -0.060996 -0.205919 0.218106 0.214345 0.075054 0.047169 0.385551 0.359717 0.065652 -0.268741 0.079364 -0.006517 0.026705 0.084533 0.061016 0.091914 0.020178 -0.177111 -0.214472 -0.362635 -0.176617 -0.243978 -0.247293 -0.181759 -0.282598 -0.288811 -0.056828 0.046825 -0.070704 0.086940 0.116963 0.226377 -0.008380 -0.105448 -0.028703 -0.174369 0.088139 0.125945 -0.024522 -0.459093 0.074811 -0.363431 0.326984 0.374231 -0.068841 0.008925 0.085129 0.101635 0.170476 0.001841 -0.105520 -0.186147 0.140531 0.094108 -0.147857 -0.041538 0.207969 0.244924 0.121186 0.042983 0.232804 0.158278 0.090753 0.151846 -0.172133 0.121763 -0.370740 -0.074201 0.248074 -0.123723 -0.092673 0.063404 -0.256922 -0.112819 -0.229236 0.041244 0.032943 -0.035910 -0.184634 -0.200888 0.264808 0.152418 0.019319 -0.023647 -0.140625 -0.024337 -0.175551 -0.162258 -0.074155 -0.020985
0.534839 0.608357 -0.433312 -0.138599 0.075629 -0.123855 -0.115354 -0.242551 0.135980 0.006904 0.303417 -0.079941 0.141503 0.190875 0.233319 0.169598 0.405861 0.353260 0.627297 1.000000 -0.374533 -0.279203 -0.134151 -0.144489 -0.431011 -0.426833 -0.158865 -0.360313 0.279162 0.304666 -0.058856 -0.053171 0.287106 0.300277 -0.260555 -0.379368 0.129284 -0.107254 0.121434 -0.014943 0.093324 -0.042677 -0.100312 -0.278598 -0.217223 -0.293596 -0.456736 -0.344617 -0.325099 -0.069903 -0.495039 -0.332266 -0.158537 0.010122 -0.203714 -0.095147 0.509625 0.609081 0.049069 -0.036081 0.140816 0.077449 0.296204 0.241492 -0.246577 -0.501356 -0.325593 -0.562998 0.559336 0.692797 -0.125511 -0.094681 0.187129 -0.124770 0.121533 -0.076569 -0.251482 -0.242813 0.163923 0.255968 0.149545 0.237852 0.376641 0.343716 0.145600 -0.062172 0.256306 0.098872 0.127132 0.183769 -0.149713 0.066070 -0.297912 0.047554 0.163553 -0.147365 -0.242948 -0.005333 -0.302781 -0.009997 0.022284 -0.011137 0.137070 0.172329 -0.016388 -0.080249 0.196760 0.288451 -0.052166 -0.047623 -0.344888 -0.094269 -0.118995 -0.124832 -0.074512 -0.116389
-0.207524 -0.168826 0.421583 0.139638 0.103310 0.049749 0.118423 0.012037 -0.158839 -0.194271 -0.227870 0.052600 -0.071537 -0.183128 -0.159551 -0.185710 -0.207915 -0.145624 -0.196365 -0.374533 1.000000 0.286533 0.122856 0.060004 0.423572 0.338891 0.336775 0.337483 -0.250925 -0.299503 0.165461 0.079659 -0.022482 -0.104061 0.196344 0.208298 -0.037648 0.288046 0.144212 0.313224 0.008048 0.191561 -0.141605 -0.058595 -0.116641 -0.127449 0.131056 0.124615 0.017564 -0.284473 0.110750 0.028014 0.091684 -0.022487 0.195658 0.098697 -0.166705 -0.172086 -0.196355 -0.270892 -0.097411 -0.250750 -0.189809 -0.138926 0.112653 0.124658 0.080938 0.107383 -0.162379 -0.274832 0.191300 0.051174 -0.090689 0.023976 -0.085339 -0.031503 0.091191 0.168344 -0.002454 -0.151408 -0.006824 0.005507 -0.328205 -0.219924 -0.061694 0.088063 -0.071665 0.051003 0.101849 0.092863 -0.026326 -0.034368 0.058841 -0.071957 0.075309 0.106395 0.227953 0.071625 0.087308 0.097229 0.064488 -0.033113 -0.188206 -0.168406 -0.074876 0.091401 -0.153839 -0.095586 0.079946 -0.049042 0.316018 0.002229 -0.086784 0.034597 0.118501 0.129447
-0.484185 -0.324454 0.240563 0.277870 0.154858 0.330728 -0.162563 0.084594 -0.084320 -0.088841 -0.507643 -0.264603 -0.443805 -0.419108 -0.131621 0.084233 -0.275523 -0.083208 -0.117832 -0.279203 0.286533 1.000000 0.219479 0.333625 0.411566 0.599493 0.369317 0.502646 0.067666 -0.231943 0.285077 0.487123 -0.001050 -0.021824 0.084140 0.058548 -0.108340 -0.014805 0.148525 0.309386 0.222732 0.211239 0.266009 0.173939 0.047845 0.200401 0.131867 -0.257098 -0.052341 -0.126482 0.298321 -0.067941 -0.058050 -0.141514 -0.033041 0.018507 -0.382525 -0.266305 -0.247334 -0.170058 -0.279665 -0.203985 -0.172852 -0.165377 0.223873 0.106764 0.031269 0.192150 -0.012389 -0.106166 0.073107 0.182785 -0.393941 -0.120888 -0.277807 -0.111203 -0.341984 -0.204768 0.299296 0.211307 0.248290 0.136460 0.012294 0.198306 0.101083 0.339729 0.035130 0.240861 0.075106 0.041218 0.213745 0.004485 0.031788 -0.122457 0.202158 -0.234706 -0.050953 -0.032436 -0.054369 -0.372441 0.029882 -0.043309 -0.040723 -0.106042 -0.058546 -0.003163 -0.043978 -0.091736 -0.278787 -0.183888 0.039174 -0.199519 -0.072041 -0.208589 -0.079299 0.115051
-0.281160 -0.246928 0.318501 0.436829 -0.168062 -0.128629 -0.110811 -0.104414 -0.057817 -0.133712 -0.143556 -0.167747 0.009263 -0.270275 0.237414 -0.072188 -0.309579 -0.078499 0.049604 -0.134151 0.122856 0.219479 1.000000 0.753575 0.450473 0.442413 0.074115 0.429900 -0.097209 -0.318553 0.479605 0.435600 -0.177123 0.034670 0.114652 -0.028153 -0.113564 0.232440 0.252415 0.368529 0.248533 -0.034737 -0.180889 -0.139792 -0.405550 -0.174414 -0.177488 -0.219196 -0.252559 -0.433001 0.240418 -0.062834 0.029911 0.047984 -0.056021 -0.009721 -0.215810 -0.067643 -0.404478 -0.374922 -0.488255 -0.540728 -0.453918 -0.388459 0.388070 0.048937 -0.153115 0.066821 0.171668 0.137887 -0.041130 -0.057076 -0.442938 -0.140738 -0.083524 -0.053056 -0.231048 -0.185063 0.064902 0.266291 -0.185173 -0.058455 0.068730 0.070706 0.528339 0.271561 0.036999 0.198246 0.329003 -0.023064 0.045600 0.126455 0.169462 0.253529 0.197568 -0.143856 -0.136456 -0.068040 -0.297953 -0.459550 -0.155212 -0.110239 -0.278889 -0.147936 -0.205698 -0.048000 -0.080135 0.000654 -0.076480 -0.071420 0.143019 -0.106765 -0.319610 -0.165937 -0.125795 -0.105189
-0.473905 -0.489123 0.246751 0.606658 -0.118932 0.063544 -0.191172 0.103800 -0.026787 0.040883 -0.170702 -0.057557 -0.069252 -0.118970 0.099311 0.123683 -0.149130 0.063670 -0.068336 -0.144489 0.060004 0.333625 0.753575 1.000000 0.421988 0.555302 0.071266 0.424640 0.111332 -0.307487 0.431267 0.641228 -0.246058 -0.032281 -0.052497 -0.196701 -0.062547 0.000011 0.078967 0.268011 0.292639 -0.072846 -0.050452 -0.056927 -0.278489 0.033326 -0.132114 -0.304836 -0.247498 -0.325943 0.279471 -0.083842 -0.057879 -0.060634 -0.218572 -0.131242 -0.317538 -0.229006 -0.415444 -0.398654 -0.462097 -0.436165 -0.298683 -0.374397 0.473983 0.238523 -0.308309 0.179820 0.035796 0.059080 0.067842 -0.024434 -0.405393 -0.157670 -0.136763 -0.110542 -0.434099 -0.375688 0.333354 0.224502 0.095468 0.047302 0.086554 0.221365 0.459626 0.467658 0.053746 0.177582 0.306349 0.141025 0.225425 0.151292 0.327786 0.188082 0.326269 -0.233057 -0.321109 -0.103896 -0.272157 -0.522725 0.018036 -0.229702 -0.199849 -0.127879 -0.130711 0.026583 -0.178759 -0.032824 -0.153784 -0.190128 -0.014977 -0.331958 -0.270223 -0.205447 -0.189253 -0.176827
-0.380787 -0.324621 0.283642 0.114868 0.029248 0.040499 -0.104281 -0.014739 -0.210010 -0.351174 -0.320616 -0.273905 -0.162136 -0.268634 -0.115671 -0.138293 -0.275610 -0.199305 -0.282495 -0.431011 0.423572 0.411566 0.450473 0.421988 1.000000 0.736181 0.332841 0.520032 -0.084535 -0.394292 0.449569 0.478974 -0.048198 -0.015324 0.213924 0.301203 -0.198608 0.158620 0.232514 0.292289 0.256012 0.128279 0.069659 0.123987 -0.045401 0.179950 0.175879 0.043763 -0.151492 -0.138927 0.212631 -0.050625 -0.138045 0.130239 -0.049543 -0.080970 -0.304103 -0.211150 -0.293230 -0.241907 -0.502862 -0.442530 -0.376100 -0.377620 0.194278 0.094370 0.045723 0.334972 -0.132824 -0.186081 0.072354 0.165207 -0.196470 -0.086341 -0.232931 0.049126 -0.170895 -0.023540 0.073694 0.102840 0.199644 0.102778 -0.151167 -0.061517 0.084536 0.141116 -0.156363 0.056524 0.019020 -0.121187 0.137507 0.010090 0.234192 0.088798 0.098964 -0.064418 0.021705 -0.138266 0.102869 -0.169151 -0.006322 -0.037332 -0.217317 -0.145906 -0.076378 0.039561 -0.224563 -0.212701 -0.130425 -0.192227 0.205733 0.011891 -0.010634 -0.070234 -0.009281 -0.026865
-0.473784 -0.436687 0.230577 0.262305 -0.139096 0.183644 -0.187778 0.130936 -0.291237 -0.207991 -0.375695 -0.186577 -0.153180 -0.226089 -0.192595 0.025514 -0.255571 -0.033365 -0.297449 -0.426833 0.338891 0.599493 0.442413 0.555302 0.736181 1.000000 0.229022 0.716952 0.027928 -0.268727 0.436461 0.607972 -0.068880 0.038166 0.034374 0.066049 -0.130355 0.076853 0.202825 0.251737 0.281288 0.157631 0.068451 0.138732 -0.039340 0.159674 0.116623 -0.110603 -0.062619 -0.188375 0.444139 0.026249 -0.032774 0.033090 -0.017887 0.004805 -0.266773 -0.218690 -0.386620 -0.286838 -0.513090 -0.388725 -0.339256 -0.383744 0.257608 0.242127 -0.006093 0.306120 0.008889 -0.137436 0.066571 0.106871 -0.246876 -0.095737 -0.119947 0.063102 -0.239117 -0.172390 0.314245 0.154207 0.303058 0.203453 -0.218628 -0.082370 0.185109 0.362453 -0.151472 0.009016 0.103966 -0.056249 0.040063 -0.157634 0.254190 0.059271 0.047531 -0.089357 -0.046071 -0.181140 -0.095758 -0.298281 0.022789 -0.147374 -0.177467 -0.213502 -0.083877 0.091594 -0.281997 -0.253608 -0.021145 -0.176579 0.157834 -0.075627 -0.053505 -0.037779 -0.045090 -0.023281
-0.379420 -0.161833 0.109052 0.131036 0.468160 0.446075 -0.189458 -0.038557 -0.076245 -0.098900 -0.287255 -0.268407 -0.327559 -0.266546 -0.123670 0.058979 -0.426560 -0.199653 -0.060996 -0.158865 0.336775 0.369317 0.074115 0.071266 0.332841 0.229022 1.000000 0.428056 -0.013933 -0.331322 0.094459 0.177885 0.032223 -0.106209 0.073726 0.167815 0.061801 0.004184 0.311592 0.213478 0.295175 0.135644 0.146939 0.085508 0.140359 0.280968 0.057946 -0.144553 -0.113781 0.070078 0.221009 -0.032931 -0.230879 0.019155 0.084516 0.009659 -0.347206 -0.312413 -0.197341 0.001855 -0.167706 -0.066228 0.036346 0.058990 0.020460 -0.019269 0.007964 0.317966 -0.289100 -0.206946 0.041869 -0.142429 -0.140798 -0.284620 -0.328340 -0.220891 -0.377395 -0.248132 0.114811 0.006306 0.135028 0.128871 0.146850 0.224538 0.012357 0.200662 0.151795 0.321879 -0.026851 0.259855 0.043402 0.057833 0.033872 -0.168347 0.296769 -0.258458 -0.057937 -0.143114 0.062116 -0.092891 0.022774 0.110357 -0.010928 0.029649 0.034505 0.108796 0.031900 0.000945 -0.184663 -0.083142 0.060166 -0.223195 0.089681 -0.182583 -0.159104 0.058764
-0.372477 -0.361810 0.243339 0.187747 0.006716 0.328770 -0.150057 -0.095394 -0.219757 -0.072459 -0.251887 -0.207160 -0.075473 -0.356614 -0.079987 -0.029975 -0.429462 -0.248010 -0.205919 -0.360313 0.337483 0.502646 0.429900 0.424640 0.520032 0.716952 0.428056 1.000000 -0.065941 -0.425314 0.265673 0.347563 -0.166780 -0.038462 -0.044826 0.082084 -0.047657 0.038522 0.279818 0.295215 0.230636 0.072019 -0.024541 0.034814 -0.177385 0.029060 0.042818 -0.159107 0.021277 -0.193604 0.450602 0.129915 0.098893 0.127504 0.136762 0.101471 -0.254682 -0.136643 -0.184429 -0.154650 -0.376975 -0.390990 -0.430299 -0.455828 0.231458 0.291169 0.057042 0.326254 -0.030056 -0.043488 0.022525 -0.044431 -0.383462 -0.180012 -0.110794 -0.088709 -0.228600 -0.201201 0.161565 0.110757 0.077733 0.111216 -0.043517 -0.107504 0.250975 0.282346 -0.113452 0.147872 0.200880 0.005891 0.056212 -0.074717 0.281536 0.118972 0.080376 -0.111476 -0.025833 -0.130567 -0.199262 -0.332354 -0.092030 -0.137397 -0.176273 -0.057563 -0.019614 0.159437 -0.142860 -0.154477 -0.017181 -0.208261 0.138461 -0.208539 -0.102867 -0.157549 -0.174659 0.092894
-0.108207 -0.086430 -0.107962 -0.130568 0.151638 0.113795 -0.081950 -0.033204 0.133924 0.032177 0.196989 0.039614 0.143642 0.346424 0.164218 0.477115 0.364563 0.226526 0.218106 0.279162 -0.250925 0.067666 -0.097209 0.111332 -0.084535 0.027928 -0.013933 -0.065941 1.000000 0.354513 0.232712 0.313498 0.248102 0.240343 -0.345547 -0.358293 0.211373 -0.141623 0.010608 -0.177574 0.378700 0.318572 0.261159 0.135377 0.097112 0.118739 0.028888 -0.384599 -0.072889 0.087949 -0.015555 -0.182140 -0.139819 -0.080969 -0.192403 0.013170 -0.013663 -0.027824 0.002825 0.011253 -0.040049 -0.023588 0.330137 0.070193 -0.118555 -0.166408 -0.397840 -0.261871 0.090674 0.020498 -0.000012 -0.057540 0.324531 -0.011824 0.141899 0.074009 -0.227882 -0.282620 0.535623 0.245875 0.408040 0.290317 0.317739 0.422529 -0.064666 0.090516 0.179582 -0.007235 -0.045248 0.079782 -0.090811 -0.124425 0.045353 -0.038931 0.203871 -0.324688 -0.403147 -0.208266 -0.038350 -0.273684 0.145847 -0.070225 0.076281 -0.121960 -0.044686 -0.147817 -0.227712 -0.128330 -0.331786 -0.260901 -0.474042 -0.375115 -0.135185 -0.212869 -0.369121 -0.143174
0.365884 0.326941 -0.225175 -0.178167 -0.129321 -0.233915 -0.015141 -0.060382 -0.009170 -0.028854 0.199194 0.158370 0.131846 0.436812 0.006828 0.246787 0.433477 0.326902 0.214345 0.304666 -0.299503 -0.231943 -0.318553 -0.307487 -0.394292 -0.268727 -0.331322 -0.425314 0.354513 1.000000 -0.012458 -0.042727 0.305665 0.293590 -0.224756 -0.213848 0.206845 -0.050123 -0.030411 -0.252068 0.048415 0.108097 0.007241 -0.108950 -0.029993 -0.191253 -0.149112 -0.117064 -0.117200 -0.070547 -0.295421 -0.258263 -0.029767 -0.170832 -0.015889 -0.091673 0.342659 0.195693 0.241922 0.086926 0.306566 0.265975 0.439053 0.500521 -0.187969 -0.250768 -0.075525 -0.447927 0.074525 -0.025033 -0.150350 0.067528 0.556869 0.296082 0.322859 0.304628 0.258773 0.151594 -0.004093 0.073672 0.101959 0.099395 0.107570 0.147482 -0.122830 -0.064014 0.237150 -0.026069 0.011315 0.101471 -0.215508 -0.235602 -0.208123 -0.293142 -0.194992 -0.031489 -0.059657 -0.092736 -0.013181 0.105015 0.001467 -0.088344 0.155632 -0.080755 -0.017838 -0.108925 -0.031603 -0.037362 0.035910 -0.000888 -0.259037 -0.002025 0.067019 -0.010470 -0.044177 -0.084457
-0.206167 -0.087681 0.364795 0.409654 0.101952 0.015132 -0.032771 0.112028 0.133303 -0.152308 -0.147573 -0.182668 -0.119755 -0.024917 0.102383 0.242744 -0.074458 -0.033744 0.075054 -0.058856 0.165461 0.285077 0.479605 0.431267 0.449569 0.436461 0.094459 0.265673 0.232712 -0.012458 1.000000 0.684521 0.012729 0.190799 0.002983 -0.133938 -0.100719 0.003113 0.073469 0.104496 0.330291 0.296911 0.140315 -0.000470 -0.219475 -0.100729 -0.139692 -0.328085 -0.262051 -0.361073 0.090587 -0.197335 -0.220182 -0.031493 -0.152659 -0.195683 -0.134492 -0.054153 -0.439238 -0.322136 -0.409424 -0.323314 -0.157139 -0.149512 0.229789 -0.011936 -0.210038 -0.072613 0.113067 0.096485 0.075073 0.162415 -0.153787 -0.059781 0.035641 0.111567 -0.346684 -0.225650 0.289435 0.173111 0.165170 0.121172 0.064592 0.270403 0.275233 0.404055 -0.019981 0.048749 0.204393 0.030243 -0.060405 -0.143938 0.064327 0.008042 0.190852 -0.268751 -0.233669 -0.131034 -0.262833 -0.344777 -0.019727 -0.076175 -0.255117 -0.178185 -0.192898 0.007970 -0.195572 -0.048864 -0.112640 -0.270928 -0.171068 -0.068085 -0.186715 -0.124000 -0.048652 -0.080319
-0.331401 -0.271597 0.115315 0.397573 -0.071685 0.045858 -0.320051 0.099784 -0.068098 -0.246866 -0.199629 -0.222783 -0.225805 -0.020562 -0.084923 0.180800 -0.031942 0.112517 0.047169 -0.053171 0.079659 0.487123 0.435600 0.641228 0.478974 0.607972 0.177885 0.347563 0.313498 -0.042727 0.684521 1.000000 0.047417 0.273135 0.004392 -0.107711 0.014696 -0.054123 0.111004 0.167646 0.455031 0.174456 0.225771 0.064637 -0.050756 0.141249 -0.047617 -0.331622 -0.311628 -0.234866 0.096428 -0.357791 -0.302425 -0.253648 -0.270621 -0.296134 -0.203545 -0.112081 -0.465212 -0.339917 -0.437138 -0.269222 -0.067583 -0.131277 0.342618 0.020894 -0.228005 0.070061 0.107789 0.013168 0.126064 0.096285 -0.184875 -0.249939 -0.125398 0.056493 -0.506302 -0.290022 0.343334 0.246095 0.343913 0.214177 0.173562 0.378204 0.391514 0.537135 0.090273 0.173738 0.129259 0.023264 -0.046031 -0.178985 0.087735 -0.078945 0.377445 -0.285161 -0.320848 -0.069772 -0.280816 -0.441828 0.099132 -0.191353 -0.207489 -0.200873 -0.107834 0.020820 -0.146590 -0.023392 -0.159674 -0.230462 -0.145681 -0.213217 -0.148613 -0.194777 -0.159415 -0.034135
0.203408 0.188217 0.106166 -0.136384 0.125039 -0.162862 0.182855 -0.136724 -0.085423 -0.226540 -0.156190 -0.236833 -0.242901 -0.004504 -0.160522 0.004644 0.027403 0.070655 0.385551 0.287106 -0.022482 -0.001050 -0.177123 -0.246058 -0.048198 -0.068880 0.032223 -0.166780 0.248102 0.305665 0.012729 0.047417 1.000000 0.504072 0.172670 0.032250 0.100970 0.045600 0.186673 0.073998 0.198480 0.225401 0.102356 0.078513 0.020519 -0.050674 0.069555 -0.085409 -0.131837 0.016169 -0.243166 -0.277422 -0.341436 0.053323 -0.090930 0.103999 0.033804 0.066707 -0.025827 -0.074408 0.058859 -0.089909 0.038605 0.125384 -0.147576 -0.376580 0.213374 -0.230609 0.115246 -0.010070 -0.127005 0.006850 0.217967 0.160219 0.121692 0.078240 0.047730 0.053775 0.171656 -0.132297 0.043546 -0.007208 0.091204 0.096794 -0.176100 -0.060468 0.173559 0.070784 -0.179100 -0.054397 -0.163603 0.052680 -0.289378 -0.327027 0.120177 0.008775 0.072479 0.048223 0.120873 0.013396 -0.086081 0.101998 0.123324 -0.116781 -0.283203 -0.289582 0.055398 0.003725 0.048059 0.027029 -0.114963 0.063034 -0.070027 0.021425 0.022749 0.080638
0.185988 0.152152 -0.014741 -0.005076 0.114642 -0.039539 0.138466 0.058324 0.051115 -0.083956 0.050810 -0.018490 0.000101 0.182283 -0.004964 0.173788 0.094505 0.149563 0.359717 0.300277 -0.104061 -0.021824 0.034670 -0.032281 -0.015324 0.038166 -0.106209 -0.038462 0.240343 0.293590 0.190799 0.273135 0.504072 1.000000 -0.074765 0.124205 0.077115 -0.056203 -0.099284 -0.073368 0.169688 0.044570 -0.049877 -0.089385 -0.019015 -0.077576 -0.119662 -0.186759 -0.228451 -0.130064 -0.311735 -0.420125 -0.217210 -0.195347 -0.258074 -0.192074 0.164747 0.175411 -0.065505 -0.239297 0.125833 0.054032 0.039941 0.059800 0.061047 -0.080836 -0.059304 -0.211436 0.225095 0.116873 -0.255301 -0.068282 0.196697 -0.037811 0.202911 0.262758 -0.089249 -0.057502 0.028380 0.091912 0.062610 0.124258 0.082396 0.098026 0.069620 0.067778 -0.010965 -0.060432 0.111287 -0.104162 -0.184177 -0.116354 -0.086335 -0.110556 -0.084640 0.019809 -0.164921 -0.177315 -0.303620 -0.139842 0.073756 -0.143458 -0.094182 -0.165519 -0.253448 -0.180753 -0.102310 -0.117761 0.011431 -0.035513 -0.204153 0.078918 -0.083563 -0.051576 -0.098313 0.079201
0.041225 -0.082513 0.303574 0.069907 -0.040527 -0.236503 -0.010556 -0.049741 -0.159966 -0.180100 -0.316923 -0.174385 -0.452567 -0.517622 -0.225714 -0.516702 -0.367450 -0.394617 0.065652 -0.260555 0.196344 0.084140 0.114652 -0.052497 0.213924 0.034374 0.073726 -0.044826 -0.345547 -0.224756 0.002983 0.004392 0.172670 -0.074765 1.000000 0.647764 -0.129095 0.310031 0.014973 0.309989 -0.133853 0.015792 0.021901 0.165445 0.044783 0.136659 0.271934 0.412614 -0.103011 -0.062548 -0.177808 -0.039026 -0.270508 0.018411 -0.115198 0.186565 -0.374449 -0.237153 -0.273359 -0.263964 -0.281667 -0.221203 -0.422175 -0.150654 0.288590 -0.056474 0.383473 0.342888 -0.178892 -0.236594 -0.067896 0.130148 -0.223158 0.072589 -0.140085 -0.120171 0.283085 0.488699 -0.282999 -0.301890 -0.404240 -0.342220 -0.130096 -0.170665 -0.010276 -0.104361 -0.078211 0.195891 -0.284006 -0.199740 -0.056976 0.225305 -0.053937 -0.182015 -0.042522 0.289177 0.535818 0.266001 0.099283 0.097235 -0.300828 0.066942 -0.196898 -0.205664 -0.262399 -0.334046 0.139748 -0.110090 0.150971 0.244109 0.540681 0.245959 0.030484 0.215554 0.195980 0.005177
-0.084120 -0.090805 0.110771 -0.129647 0.060464 -0.071926 0.014675 -0.001446 -0.244133 -0.185751 -0.145096 -0.151324 -0.176235 -0.382785 -0.268452 -0.404947 -0.291147 -0.451267 -0.268741 -0.379368 0.208298 0.058548 -0.028153 -0.196701 0.301203 0.066049 0.167815 0.082084 -0.358293 -0.213848 -0.133938 -0.107711 0.032250 0.124205 0.647764 1.000000 -0.073896 0.157989 -0.084738 0.112357 -0.177228 -0.071175 -0.012199 0.201515 0.225496 0.332008 0.273470 0.522901 0.014641 0.116726 -0.234004 -0.052152 -0.230404 -0.067349 -0.158223 -0.031593 -0.255104 -0.179989 -0.087202 -0.086845 -0.071582 -0.014622 -0.286446 -0.061475 0.100383 0.109255 0.267864 0.503662 -0.309912 -0.303621 -0.124771 0.093364 -0.080755 -0.003353 -0.168737 0.052182 0.322770 0.520858 -0.454420 -0.347315 -0.273796 -0.183616 -0.084299 -0.253861 -0.192000 -0.314371 -0.256556 0.071892 -0.330632 -0.413901 0.020172 0.163620 0.113892 -0.072965 -0.251723 0.337203 0.447547 0.089374 0.186837 0.193091 -0.044591 0.007303 -0.121069 -0.083011 -0.134714 -0.172917 -0.026449 -0.197008 0.085215 0.199682 0.490430 0.318121 0.216293 0.252303 0.140678 0.120589
