1.000000 0.242870 0.147275 -0.236424 0.233035 -0.204039 0.348668 -0.048862 0.154438 -0.085397 0.401757 -0.032253 0.591458 0.400265 0.449565 0.125801 0.381920 0.342113 0.446839 0.271667 0.024353 -0.099444 0.193810 -0.446821 -0.284756 -0.355895 0.085002 -0.184398 0.282357 0.123578 -0.268643 -0.337499 0.029779 -0.001452 -0.125637 -0.205996 -0.140692 -0.187666 0.271700 -0.061019 -0.232564 -0.037424 -0.119141 -0.030549 -0.223024 -0.348816 -0.038066 -0.182053 0.058984 -0.187958 -0.125111 -0.112125 0.261939 0.077813 0.209930 -0.176810 0.199565 -0.014952 0.397557 -0.281388 0.598240 0.397052 0.247242 0.294238 0.228408 0.076291 -0.123089 -0.629040 0.343914 0.147241 -0.126468 -0.196544 0.019915 -0.164568 -0.144591 -0.010956 -0.132997 -0.001907 0.013837 -0.011989 -0.076730 -0.013534 0.327404 0.035654 0.067435 -0.286423 0.050284 0.130596 0.380993 0.052707 -0.311486 -0.149939 -0.269934 -0.074079 -0.127568 -0.115491 -0.203848 -0.185779 -0.243519 -0.102269 -0.118924 -0.035209 -0.308606 -0.170332 -0.389233 -0.192436 -0.122019 -0.057227 -0.113269 -0.034924 -0.351553 -0.140343 -0.065601 -0.132545 -0.180654 -0.163117
0.242870 1.000000 -0.294268 0.008368 0.058180 -0.075806 -0.133476 0.053356 -0.036974 -0.086658 0.052134 0.121275 -0.075706 0.122418 0.112387 0.139920 0.273107 0.243092 0.113322 0.295967 -0.061452 -0.062595 -0.136762 -0.281955 -0.167708 -0.142653 -0.135601 -0.128910 0.162521 0.124803 -0.074954 -0.232482 0.350615 0.222363 -0.324041 -0.334683 -0.154315 -0.085642 -0.004964 0.132132 -0.069968 0.001812 -0.003980 0.041983 -0.033660 -0.078796 -0.007298 0.005722 -0.202532 -0.047464 -0.184227 -0.058222 -0.109809 -0.221613 -0.128183 -0.116900 0.309513 0.478782 -0.264110 -0.107538 -0.148516 0.017026 0.142283 0.261145 -0.186784 -0.067207 -0.191768 -0.321531 0.626683 0.525740 -0.236431 -0.255776 -0.072816 -0.264587 -0.137234 -0.287681 -0.405529 -0.321890 0.169233 0.161051 0.232126 0.255794 0.199421 0.245719 0.178430 0.202729 -0.170638 -0.025219 -0.100587 0.102857 -0.293949 -0.227087 -0.185277 -0.232272 -0.061871 -0.232805 0.154821 -0.109532 0.077227 -0.202423 -0.084826 -0.108739 -0.150101 -0.210063 -0.277059 -0.198852 -0.066800 -0.109665 -0.072130 -0.160671 -0.029676 0.070851 -0.260954 -0.112124 -0.205093 -0.185727
0.147275 -0.294268 1.000000 0.128592 0.228982 0.206437 0.559600 0.115095 0.033138 0.133460 0.237737 -0.050146 0.212245 0.152803 0.135894 -0.061175 -0.151400 -0.167555 0.303135 -0.007070 -0.162690 0.039966 0.536348 0.213343 0.114647 0.131607 0.139412 0.327147 -0.078068 -0.231346 0.173091 0.068237 -0.310686 -0.240805 0.165090 0.249914 -0.121047 -0.150364 0.025502 -0.359972 -0.365285 -0.220387 -0.403311 -0.400545 -0.407172 -0.309559 -0.349702 -0.292587 -0.047248 -0.297407 0.074632 0.102921 0.143923 0.190143 0.118556 -0.112343 -0.215205 -0.373212 0.350491 0.247686 0.233112 0.174294 -0.224759 -0.046402 0.331168 0.104512 0.030532 0.130374 -0.403539 -0.361051 0.007793 -0.106230 -0.178739 -0.086498 -0.222405 -0.192720 -0.129419 -0.137273 -0.233340 -0.237213 -0.243618 -0.219662 0.004627 -0.178497 0.013277 0.017758 0.199855 -0.010471 0.393311 0.223547 0.161522 0.188313 0.103086 0.235363 0.010541 -0.197260 -0.193964 0.021554 -0.248278 -0.012407 -0.009357 0.119656 0.001615 0.142845 0.041729 0.021727 0.061532 -0.070136 -0.092135 -0.027016 -0.054092 -0.150566 0.006023 0.140362 0.049057 0.023879
-0.236424 0.008368 0.128592 1.000000 -0.152693 0.100021 0.206421 0.713903 -0.158402 0.532067 0.315140 0.606988 -0.096699 0.385181 0.359591 0.553969 -0.200852 -0.241064 0.116173 -0.083055 -0.100931 -0.039338 0.269584 0.537918 0.318610 0.598072 -0.161576 0.294801 0.036461 0.040358 0.302036 0.397273 -0.285634 -0.158671 -0.015795 -0.015915 -0.114211 -0.166971 -0.273031 -0.312585 -0.073612 -0.039980 -0.408968 -0.427858 -0.434347 -0.297411 -0.522319 -0.413024 -0.288690 -0.317632 -0.024636 -0.016756 0.027043 -0.054559 -0.196554 -0.464442 -0.647978 -0.536992 -0.116253 -0.045092 0.082568 0.266653 0.019118 0.154551 0.497697 0.533930 -0.394596 0.093779 -0.437554 -0.437582 -0.129200 0.153271 -0.193521 0.184013 0.026989 0.068663 -0.135854 -0.022959 -0.271996 -0.419828 -0.097910 -0.199177 0.354025 0.377044 0.351357 0.411606 0.187372 -0.041829 0.419969 0.187355 0.357908 0.185925 0.546731 0.165055 -0.349925 -0.284970 -0.409541 -0.245368 -0.213787 -0.118312 -0.023921 -0.144599 -0.181604 -0.184233 -0.089219 -0.191619 0.104717 -0.144544 -0.255486 -0.339114 -0.261082 -0.032842 0.039504 0.038253 -0.088659 -0.137577
0.233035 0.058180 0.228982 -0.152693 1.000000 0.170260 0.389273 0.040524 0.335637 0.085489 0.013838 -0.081807 0.205906 0.042200 0.309572 0.173125 -0.006391 0.077477 0.045197 0.138888 0.409118 0.379482 0.125205 0.007150 0.094668 -0.080805 0.517762 0.157173 0.045491 0.077383 -0.197371 -0.092479 -0.124159 0.027740 -0.051496 -0.102053 0.241338 0.044832 0.375089 0.179552 0.133286 0.209097 -0.352504 -0.220401 -0.329649 -0.291735 -0.272017 -0.294959 -0.279123 -0.300845 -0.182931 -0.197701 -0.065202 -0.122983 0.154531 -0.167805 0.043284 -0.036626 0.118644 -0.014986 0.071014 0.138670 -0.029268 0.098523 0.043520 0.040879 -0.025050 -0.167061 0.010541 -0.050331 0.148958 0.037095 0.054033 -0.064717 0.160259 0.004730 0.037092 0.018531 0.067043 0.090324 0.098611 0.082178 0.259724 0.181925 0.037257 -0.003635 0.111380 0.087724 0.178305 0.206011 -0.142343 -0.054199 -0.119139 0.006781 -0.022650 -0.041709 -0.120984 -0.074265 -0.146384 -0.086307 0.100087 0.215550 -0.177481 0.169067 0.037604 0.061652 -0.209378 0.065543 -0.054137 -0.045990 -0.179105 -0.068653 -0.146910 0.015567 -0.074427 0.054166
-0.204039 -0.075806 0.206437 0.100021 0.170260 1.000000 0.159646 0.134240 0.332522 0.324186 -0.051271 -0.016882 -0.101805 0.006160 -0.014177 0.160512 -0.210727 -0.150225 -0.116521 0.078557 0.142310 0.031107 0.080785 0.262895 0.247509 0.049871 0.467941 0.381057 -0.198235 -0.218949 -0.008152 -0.088503 -0.192020 -0.172941 0.117077 0.035104 -0.205688 -0.112789 -0.115871 -0.172485 -0.201979 -0.270935 -0.125022 -0.139259 -0.133491 0.037405 -0.210426 -0.101216 -0.093198 -0.038057 0.037889 0.081213 -0.036534 -0.109693 -0.139126 -0.177281 -0.089118 -0.110923 -0.153007 0.320642 -0.126281 0.021204 -0.110444 -0.061775 0.010259 0.053845 0.016335 0.276821 -0.151080 -0.103834 -0.007133 0.052907 -0.371738 0.003257 -0.184429 -0.164578 -0.254704 -0.152099 -0.316597 -0.304716 -0.077253 -0.264928 -0.213031 0.055621 -0.189603 -0.103589 -0.373682 -0.266006 -0.010472 0.247530 0.221099 0.307599 0.147013 0.178181 0.134150 0.140953 -0.178472 0.124777 -0.163342 0.225357 -0.088584 -0.074935 0.054155 0.248670 0.312754 0.276744 0.086790 0.221412 0.133617 -0.093945 0.181415 0.149290 0.261102 0.129666 0.216449 0.407264
0.348668 -0.133476 0.559600 0.206421 0.389273 0.159646 1.000000 0.527581 0.446843 0.529981 0.329353 0.091756 0.479141 0.467676 0.440001 0.350413 0.072516 0.018057 0.281523 0.098300 -0.027647 0.081549 0.149597 -0.045552 0.044968 0.050432 0.115017 0.160599 0.196757 0.064055 0.004163 0.039245 -0.263344 -0.208393 -0.060553 -0.176637 0.015573 0.064896 0.233044 -0.266126 -0.183876 -0.044534 -0.301390 -0.244528 -0.437690 -0.384923 -0.289731 -0.346597 -0.159187 -0.322290 -0.096613 -0.049222 0.200808 0.036818 0.223605 -0.281929 -0.316616 -0.493737 0.358799 0.073262 0.376654 0.430432 0.085639 0.300603 0.343703 0.233716 -0.182526 -0.321608 -0.240221 -0.337340 0.001162 -0.011248 -0.011955 -0.038521 -0.054500 -0.019236 -0.146291 -0.114781 -0.206692 -0.280854 -0.207154 -0.238491 0.337515 0.185243 0.012165 -0.079872 0.122952 0.002411 0.579928 0.249776 0.011485 -0.006131 0.070473 0.084987 -0.268235 -0.252792 -0.273145 -0.326300 -0.282883 -0.227061 -0.109494 0.028609 -0.311680 -0.067948 -0.207821 -0.176184 -0.190948 -0.207027 -0.339968 -0.136363 -0.451025 -0.333117 -0.063713 -0.171582 -0.284727 -0.217527
-0.048862 0.053356 0.115095 0.713903 0.040524 0.134240 0.527581 1.000000 0.126690 0.795154 0.269336 0.499423 0.174320 0.569699 0.350467 0.560522 0.027534 -0.052899 0.136152 -0.025337 -0.138314 -0.019739 -0.060766 0.139313 0.219773 0.402897 -0.137872 0.146390 0.205406 0.200775 0.206949 0.231785 -0.225538 -0.109936 -0.100294 -0.191689 0.001291 0.035627 -0.056710 -0.204019 0.020189 0.123657 -0.306880 -0.281801 -0.410638 -0.302343 -0.434704 -0.355387 -0.293150 -0.345476 -0.152141 -0.048217 0.059789 -0.119541 -0.035991 -0.475116 -0.616981 -0.557948 -0.021742 0.089048 0.177457 0.487354 0.040996 0.315085 0.316572 0.540886 -0.376125 -0.147544 -0.267787 -0.361773 -0.178205 0.155426 -0.058601 0.121321 0.011134 0.107586 -0.156063 -0.086648 -0.149090 -0.315563 -0.096978 -0.215480 0.321879 0.412489 0.062135 0.111735 0.049763 -0.099924 0.434758 0.235382 0.196206 0.022834 0.391793 0.076503 -0.345961 -0.377115 -0.251739 -0.324909 -0.204502 -0.217055 -0.029967 -0.148320 -0.267375 -0.259544 -0.178821 -0.269072 0.042216 -0.242149 -0.297076 -0.294372 -0.398534 -0.135458 0.009838 -0.120368 -0.303751 -0.287319
0.154438 -0.036974 0.033138 -0.158402 0.335637 0.332522 0.446843 0.126690 1.000000 0.355145 -0.007547 -0.176286 0.257743 0.130730 0.222928 0.198263 0.141913 0.370503 -0.017366 0.114847 0.189569 0.264283 -0.159969 -0.176797 0.136970 -0.105203 0.369330 0.019538 0.212297 0.151315 -0.193088 -0.076378 -0.127428 -0.071392 -0.013964 -0.268693 0.101275 0.264493 0.310045 0.108083 0.134905 0.212901 -0.060620 -0.040211 -0.147043 -0.178372 -0.071330 -0.199488 -0.025357 -0.025646 0.010305 0.104743 0.134001 0.100278 0.133313 -0.057760 0.025376 -0.082717 0.100878 0.094850 0.134104 0.166921 0.118359 0.158086 -0.046505 -0.030682 0.075971 -0.155221 0.091635 0.050059 0.106046 0.114174 0.077103 0.222446 0.047846 0.063557 -0.088914 -0.044022 -0.032918 -0.049213 -0.024371 -0.092627 0.071725 0.101511 -0.122093 -0.200684 -0.185982 0.042708 0.176620 0.214327 -0.028040 -0.022292 -0.129431 -0.015351 -0.149168 -0.057437 -0.216214 -0.264231 -0.136421 -0.113069 -0.060360 0.113864 -0.204431 -0.034969 -0.049833 -0.145227 -0.225754 -0.116091 -0.235117 -0.143143 -0.318876 -0.300139 -0.084988 -0.367503 -0.286113 -0.073470
-0.085397 -0.086658 0.133460 0.532067 0.085489 0.324186 0.529981 0.795154 0.355145 1.000000 0.235885 0.339651 0.152409 0.468646 0.366724 0.532657 -0.025758 -0.027106 0.045153 -0.036023 -0.030495 -0.050457 -0.061575 0.108063 0.219588 0.283541 0.000055 0.085671 0.205736 0.197852 0.096660 0.119172 -0.290134 -0.170054 0.042109 -0.176026 -0.015439 0.004643 0.024800 -0.268973 -0.014125 0.097627 -0.267899 -0.257202 -0.353049 -0.261372 -0.393653 -0.317276 -0.206959 -0.328625 -0.147458 -0.073060 0.049320 -0.106999 -0.024670 -0.467182 -0.507649 -0.482389 0.052687 0.110927 0.201226 0.461890 0.061631 0.322775 0.368342 0.469529 -0.231695 -0.093251 -0.219336 -0.242127 -0.130132 0.113320 -0.037050 0.166497 0.049378 0.095755 -0.098595 0.021644 -0.190401 -0.337191 -0.167369 -0.306510 0.282573 0.366031 0.037770 -0.043609 -0.042034 -0.182803 0.474331 0.237813 0.259176 0.120197 0.361724 0.158293 -0.412535 -0.280873 -0.305146 -0.342880 -0.255229 -0.151986 -0.039147 -0.014622 -0.232836 -0.154216 -0.149432 -0.213217 -0.024919 -0.216897 -0.182991 -0.239756 -0.332940 -0.132281 -0.003867 -0.142334 -0.250435 -0.248668
0.401757 0.052134 0.237737 0.315140 0.013838 -0.051271 0.329353 0.269336 -0.007547 0.235885 1.000000 0.610644 0.544783 0.630209 0.630279 0.564645 0.193565 0.014710 0.366556 0.051608 -0.142775 0.023709 0.308444 0.050178 0.135022 0.236765 -0.080520 0.218985 0.602244 0.385646 0.235806 0.201824 -0.223651 -0.018739 -0.238527 -0.272320 0.124164 -0.036185 0.144067 -0.220097 0.041408 0.112262 -0.293386 -0.214664 -0.370648 -0.284826 -0.336308 -0.391750 -0.309957 -0.358912 -0.267531 -0.293367 -0.013710 -0.201494 0.134318 -0.408837 -0.322840 -0.333697 0.102967 -0.377190 0.386600 0.289770 0.415194 0.238023 0.470118 0.413460 -0.348498 -0.317724 -0.184860 -0.126296 -0.257571 -0.172632 0.187335 0.046757 -0.019162 0.080985 -0.172449 0.037555 0.048216 -0.190259 0.104136 0.071110 0.642066 0.579837 0.463387 0.143958 0.238604 0.150439 0.540489 -0.178126 -0.191386 -0.200928 -0.107856 -0.117491 -0.403149 -0.323617 -0.240831 -0.297397 -0.508681 -0.353912 -0.413590 -0.331461 -0.586338 -0.437061 -0.499867 -0.410661 -0.159985 -0.286521 -0.247080 -0.145721 -0.340767 -0.236326 -0.066368 -0.238397 -0.299347 -0.397584
-0.032253 0.121275 -0.050146 0.606988 -0.081807 -0.016882 0.091756 0.499423 -0.176286 0.339651 0.610644 1.000000 0.157089 0.545490 0.395318 0.668531 0.051247 -0.143448 0.090812 -0.155480 -0.111133 -0.013094 0.086105 0.369643 0.304972 0.518891 -0.123834 0.276724 0.361737 0.300868 0.298578 0.356453 -0.136991 0.062358 -0.044055 -0.070989 0.112667 -0.077000 -0.054323 -0.209075 0.121702 0.060480 -0.273169 -0.259118 -0.249331 -0.104313 -0.425966 -0.379263 -0.326300 -0.321947 -0.220093 -0.302079 -0.170935 -0.391389 0.059511 -0.486470 -0.473042 -0.365751 -0.066399 -0.226111 0.157543 0.285350 0.150236 0.128851 0.426574 0.678182 -0.260078 0.062282 -0.263115 -0.240944 -0.253015 0.016627 -0.011772 0.010817 -0.109084 0.095972 -0.142232 0.020985 0.022482 -0.280180 0.087994 0.020527 0.505579 0.679048 0.327437 0.282804 0.215414 0.091582 0.336294 -0.176287 -0.044521 -0.215776 0.214588 -0.147496 -0.263365 -0.233146 -0.220985 -0.233731 -0.379551 -0.394573 -0.261052 -0.461100 -0.489918 -0.380809 -0.259906 -0.293566 -0.063122 -0.169443 -0.169126 -0.070975 -0.216915 -0.208947 -0.095730 -0.220187 -0.271909 -0.247726
0.591458 -0.075706 0.212245 -0.096699 0.205906 -0.101805 0.479141 0.174320 0.257743 0.152409 0.544783 0.157089 1.000000 0.622309 0.482834 0.304234 0.340506 0.245357 0.270110 -0.117586 0.001356 0.226395 0.093399 -0.358496 -0.058351 -0.112021 0.061912 0.070070 0.406676 0.176321 -0.143264 -0.168307 -0.209325 -0.048032 -0.017010 -0.180769 -0.028522 0.132460 0.308697 0.031850 -0.086979 0.097057 -0.074401 0.011415 -0.171259 -0.240513 -0.057333 -0.235875 0.012520 -0.181587 -0.007113 -0.017662 0.174392 0.035551 0.350477 -0.169390 -0.196838 -0.309081 0.482116 -0.102732 0.676974 0.480970 0.156289 0.249327 0.201246 0.355183 -0.057145 -0.389096 0.024841 -0.100583 0.005940 -0.026993 0.104651 -0.127035 -0.109764 0.114214 -0.157999 0.045715 0.071858 -0.050579 -0.093696 -0.030081 0.387569 0.152691 0.009054 -0.172528 0.094577 0.191492 0.371344 0.004806 -0.325262 -0.308327 -0.289692 -0.178979 -0.232744 -0.211366 -0.093268 -0.272315 -0.382429 -0.316255 -0.221571 -0.204701 -0.516952 -0.370750 -0.456921 -0.367152 -0.242440 -0.226450 -0.268511 -0.096167 -0.456596 -0.454516 -0.150183 -0.331178 -0.370297 -0.344565
0.400265 0.122418 0.152803 0.385181 0.042200 0.006160 0.467676 0.569699 0.130730 0.468646 0.630209 0.545490 0.622309 1.000000 0.597750 0.681342 0.246599 0.172495 0.196017 -0.052838 -0.141525 0.123492 0.134006 -0.067956 0.117574 0.168368 -0.090520 0.107946 0.443165 0.224203 0.089289 0.045898 -0.210312 -0.031110 0.006529 -0.194961 -0.151974 -0.097665 0.011337 -0.216835 -0.111499 -0.002380 -0.201529 -0.157176 -0.324409 -0.267533 -0.286479 -0.341076 -0.170229 -0.281049 -0.112419 -0.126442 0.126971 -0.133286 0.123979 -0.424660 -0.439285 -0.458544 0.236232 0.018464 0.498587 0.735823 0.101762 0.414189 0.381159 0.591704 -0.283249 -0.339130 -0.069119 -0.193059 -0.161535 -0.017272 -0.071844 -0.164892 -0.215986 0.055289 -0.292175 -0.118601 -0.073587 -0.225478 -0.108728 -0.138423 0.507206 0.409637 0.094801 -0.115224 0.028410 -0.009214 0.447980 0.150751 -0.167426 -0.225416 0.005202 -0.156082 -0.349649 -0.280648 -0.201859 -0.322440 -0.426463 -0.352808 -0.194383 -0.318650 -0.482233 -0.453413 -0.421510 -0.428753 -0.093483 -0.267052 -0.289264 -0.224625 -0.444685 -0.379134 -0.137421 -0.281308 -0.387409 -0.345870
0.449565 0.112387 0.135894 0.359591 0.309572 -0.014177 0.440001 0.350467 0.222928 0.366724 0.630279 0.395318 0.482834 0.597750 1.000000 0.734358 0.167864 0.116127 0.345416 0.180191 0.120108 0.213937 0.423355 0.125970 0.222194 0.268625 0.091870 0.286912 0.500982 0.349748 0.050836 0.141674 -0.149722 0.040007 -0.140493 -0.325786 0.032855 -0.080938 0.276314 -0.165470 0.059524 0.229339 -0.336599 -0.239668 -0.483612 -0.469755 -0.373404 -0.418133 -0.392216 -0.416728 -0.261949 -0.305271 -0.040313 -0.108300 0.023018 -0.481967 -0.272038 -0.275360 0.113046 -0.447682 0.408089 0.377123 0.193632 0.242590 0.589695 0.401144 -0.425990 -0.480255 -0.006420 -0.057366 -0.036163 0.009849 0.078268 0.173604 0.110784 0.243331 -0.123825 0.126926 -0.007464 -0.137945 0.004379 -0.027372 0.841546 0.571970 0.378206 0.038874 0.219793 0.140129 0.643817 0.017968 -0.165942 -0.131614 0.010866 -0.020843 -0.489231 -0.320323 -0.379620 -0.475681 -0.447287 -0.319427 -0.157359 -0.198847 -0.464474 -0.363839 -0.427295 -0.391520 -0.307739 -0.339573 -0.361674 -0.231969 -0.534506 -0.328054 -0.118444 -0.207101 -0.296035 -0.277090
0.125801 0.139920 -0.061175 0.553969 0.173125 0.160512 0.350413 0.560522 0.198263 0.532657 0.564645 0.668531 0.304234 0.681342 0.734358 1.000000 0.117750 0.086203 0.130344 0.068117 0.057657 0.160295 0.176545 0.284976 0.345726 0.363563 0.019140 0.282230 0.429863 0.370691 0.157448 0.264230 -0.156875 0.050696 -0.195719 -0.432611 0.066111 -0.137858 0.054111 -0.229027 0.144494 0.176322 -0.297573 -0.214983 -0.417234 -0.299974 -0.416592 -0.361607 -0.517532 -0.337760 -0.318996 -0.304781 -0.135135 -0.281685 -0.038813 -0.437612 -0.498948 -0.403816 -0.134470 -0.274866 0.268134 0.438849 0.280251 0.372205 0.531130 0.509012 -0.560848 -0.356979 -0.147034 -0.178367 -0.098871 0.102661 -0.014562 0.099055 0.032849 0.111947 -0.232016 -0.076787 -0.050161 -0.269968 0.059752 -0.043235 0.703838 0.776046 0.289300 0.164329 0.062675 0.029524 0.515106 0.127505 -0.044661 -0.045454 0.185587 -0.049705 -0.473213 -0.303219 -0.291779 -0.367881 -0.353903 -0.265517 -0.201476 -0.337848 -0.485770 -0.363971 -0.346627 -0.378100 -0.215971 -0.264693 -0.337577 -0.276464 -0.397551 -0.167966 -0.068993 -0.152348 -0.276397 -0.242659
0.381920 0.273107 -0.151400 -0.200852 -0.006391 -0.210727 0.072516 0.027534 0.141913 -0.025758 0.193565 0.051247 0.340506 0.246599 0.167864 0.117750 1.000000 0.748379 0.327591 0.203642 -0.067630 0.084607 -0.200152 -0.483117 -0.118338 -0.112540 -0.129615 -0.233875 0.601751 0.449089 -0.092625 -0.074267 0.393858 0.385995 -0.158877 -0.366509 0.071576 0.001507 0.277602 0.216020 0.108387 0.068853 0.181350 0.233378 0.097198 0.017572 0.131450 -0.020202 -0.171695 0.006190 -0.287098 -0.179816 -0.193335 -0.205249 0.088836 -0.098421 0.270762 0.088664 -0.187483 -0.244400 0.203584 0.202580 0.418944 0.531589 -0.152041 0.080782 -0.168489 -0.457723 0.360815 0.092016 0.026654 0.036233 0.433084 0.000254 0.040448 0.101463 -0.098319 -0.072714 0.532795 0.297487 0.437668 0.504156 0.213019 0.239879 -0.052320 -0.102044 -0.072301 0.046473 0.034395 -0.149208 -0.601257 -0.546205 -0.513508 -0.521512 -0.213686 -0.235273 0.195135 -0.191433 -0.078165 -0.209707 -0.412944 -0.248807 -0.408106 -0.377279 -0.391750 -0.372618 -0.212631 -0.216588 -0.211031 -0.097326 -0.307364 -0.236584 -0.311309 -0.296154 -0.343054 -0.271726
0.342113 0.243092 -0.167555 -0.241064 0.077477 -0.150225 0.018057 -0.052899 0.370503 -0.027106 0.014710 -0.143448 0.245357 0.172495 0.116127 0.086203 0.748379 1.000000 0.180129 0.271441 -0.054410 0.131179 -0.167782 -0.421387 -0.063437 -0.198094 -0.007688 -0.276894 0.479487 0.411541 -0.181518 -0.115587 0.253159 0.243727 -0.241759 -0.463062 0.084337 0.137349 0.313067 0.332022 0.178195 0.262952 0.037859 0.066757 0.024693 -0.110073 0.073049 -0.127077 -0.112564 0.079836 -0.113586 0.046213 0.045259 0.084501 0.086010 0.047783 0.296975 0.105344 -0.152509 -0.092531 0.128567 0.234573 0.365253 0.544087 -0.219232 -0.056732 -0.153995 -0.447401 0.330757 0.092568 0.100526 0.090237 0.354963 0.056601 0.009444 -0.023553 -0.181274 -0.135602 0.355885 0.332073 0.295304 0.438793 0.101413 0.128222 -0.056721 -0.055490 -0.103244 0.009874 0.010549 0.083986 -0.339157 -0.348049 -0.431856 -0.372990 -0.137220 -0.202266 0.030960 -0.218510 0.088334 -0.039223 -0.234122 -0.044726 -0.285635 -0.255009 -0.301651 -0.338235 -0.250895 -0.117498 -0.193804 -0.215028 -0.347639 -0.208734 -0.208561 -0.252932 -0.364410 -0.198453
0.446839 0.113322 0.303135 0.116173 0.045197 -0.116521 0.281523 0.136152 -0.017366 0.045153 0.366556 0.090812 0.270110 0.196017 0.345416 0.130344 0.327591 0.180129 1.000000 0.482626 -0.192574 -0.034923 0.278813 -0.132570 -0.187820 0.016529 -0.147060 -0.080550 0.392132 0.093149 0.094963 0.021099 0.057842 0.042519 -0.194607 -0.219991 0.044921 -0.097114 0.125241 -0.022316 -0.078176 -0.021639 -0.194422 -0.184419 -0.229447 -0.312404 -0.233665 -0.311200 -0.092638 -0.283345 -0.203971 -0.200192 -0.027867 -0.157529 0.065502 -0.225470 -0.027355 -0.176653 -0.015029 -0.425890 0.283509 0.144189 0.194564 0.167215 0.254285 0.161874 -0.335989 -0.382508 -0.003317 -0.142657 -0.047221 -0.114888 0.095098 0.085693 0.111596 0.066074 -0.069721 -0.005858 0.102056 -0.187950 0.114344 0.059551 0.320757 0.172281 0.335779 0.223149 0.025610 -0.027010 0.420844 -0.023141 -0.177348 0.004346 -0.027776 0.056713 -0.239108 -0.255301 0.022274 -0.276519 -0.101873 -0.131483 -0.215644 -0.019070 -0.115658 -0.137935 -0.227347 -0.267179 -0.161227 -0.137207 -0.326998 -0.130919 -0.299588 -0.088638 -0.174009 -0.098499 -0.139737 -0.237535
0.271667 0.295967 -0.007070 -0.083055 0.138888 0.078557 0.098300 -0.025337 0.114847 -0.036023 0.051608 -0.155480 -0.117586 -0.052838 0.180191 0.068117 0.203642 0.271441 0.482626 1.000000 -0.044140 -0.120405 0.064396 0.015798 -0.247948 -0.202103 0.022123 -0.193389 0.199159 0.243549 0.006289 0.033133 0.186611 0.202093 -0.183399 -0.387587 0.109826 -0.014386 -0.015386 0.119713 0.090660 0.018848 -0.152648 -0.095686 -0.233309 -0.254016 -0.185789 -0.129674 -0.323067 -0.230425 -0.440663 -0.279811 -0.115037 -0.193040 -0.162670 -0.198484 0.199193 0.096551 -0.294443 -0.240430 -0.135698 -0.135412 0.272409 0.181016 -0.066450 -0.318253 -0.236235 -0.368807 0.175885 0.180435 0.056969 0.034945 0.148815 0.197080 0.208714 -0.082534 -0.049607 -0.101998 -0.033310 -0.008066 0.183693 0.081141 0.142230 0.184464 0.131778 0.017213 -0.108270 -0.201528 0.121724 0.048148 -0.089178 0.139254 -0.018424 0.058189 0.011400 0.158632 -0.048106 -0.035065 -0.022246 0.063224 -0.041857 0.170778 0.127266 0.261247 0.119130 0.122149 -0.110443 0.246052 -0.048300 0.032368 -0.051215 0.140646 -0.044456 0.093484 0.052692 0.158756
0.024353 -0.061452 -0.162690 -0.100931 0.409118 0.142310 -0.027647 -0.138314 0.189569 -0.030495 -0.142775 -0.111133 0.001356 -0.141525 0.120108 0.057657 -0.067630 -0.054410 -0.192574 -0.044140 1.000000 0.435064 -0.023742 0.050904 0.296906 0.092686 0.452829 0.135523 -0.113166 0.129470 -0.121320 0.075148 0.058957 0.242704 0.012974 0.105349 0.210238 0.073153 0.125589 0.301422 0.284773 0.247706 -0.106611 -0.049134 -0.109013 -0.119158 -0.101057 -0.060764 -0.046398 -0.159238 0.077808 -0.070948 -0.046592 -0.074457 -0.133715 -0.131597 0.019081 0.116479 0.079734 -0.085395 0.041198 -0.171514 -0.082754 -0.119884 -0.042806 -0.073689 0.134913 0.094440 0.099932 0.122050 0.222804 0.150575 0.108721 0.181086 0.244721 0.239440 0.275590 0.202162 0.159475 0.165825 0.079232 0.095917 0.046124 0.038298 -0.038627 -0.141354 0.044866 0.211561 -0.088833 -0.165895 -0.039997 -0.044675 -0.093094 -0.054808 -0.080438 0.166700 -0.068879 -0.069722 -0.156803 -0.078056 0.126257 -0.000897 -0.085313 0.027158 0.107066 0.126348 -0.031948 0.043317 0.120479 -0.008849 -0.026231 -0.089784 -0.054400 0.059781 0.036486 0.163785
-0.099444 -0.062595 0.039966 -0.039338 0.379482 0.031107 0.081549 -0.019739 0.264283 -0.050457 0.023709 -0.013094 0.226395 0.123492 0.213937 0.160295 0.084607 0.131179 -0.034923 -0.120405 0.435064 1.000000 0.000381 -0.015958 0.321741 0.239659 0.328550 0.272182 0.248200 0.111646 -0.033148 0.226599 -0.013592 0.271309 0.081596 -0.067205 0.250721 0.304163 0.244403 0.306947 0.253815 0.321688 0.073184 0.128112 0.037700 0.017541 0.066304 -0.041521 -0.038029 0.040434 0.121396 0.052537 -0.088016 -0.025528 0.079061 0.051482 -0.119880 -0.065796 0.001586 0.005816 -0.121928 -0.095325 -0.141001 -0.155827 -0.145351 0.027777 0.092834 0.088871 0.025137 -0.051621 0.283638 0.253368 0.148453 0.045186 0.089567 0.242189 0.043019 0.074653 0.378385 0.174537 0.229448 0.230969 0.253308 0.166897 0.010236 0.007471 -0.093867 0.269503 -0.117515 -0.120915 -0.266086 -0.376373 -0.329451 -0.357415 -0.195837 -0.181535 0.169352 -0.264486 -0.102648 -0.291820 -0.169968 -0.231418 -0.300529 -0.329350 -0.103226 -0.266695 -0.387936 -0.273208 -0.169370 -0.125880 -0.226680 -0.449266 -0.239058 -0.252780 -0.270949 -0.144363
0.193810 -0.136762 0.536348 0.269584 0.125205 0.080785 0.149597 -0.060766 -0.159969 -0.061575 0.308444 0.086105 0.093399 0.134006 0.423355 0.176545 -0.200152 -0.167782 0.278813 0.064396 -0.023742 0.000381 1.000000 0.478687 0.225256 0.262016 0.058791 0.345514 -0.027037 -0.230864 0.243840 0.184938 -0.229134 -0.074116 0.112312 0.223024 -0.201153 -0.283235 -0.044575 -0.332058 -0.324162 -0.204652 -0.345362 -0.330745 -0.336733 -0.254321 -0.329496 -0.249046 -0.209633 -0.185126 -0.015597 -0.073112 0.035372 0.117726 -0.124959 -0.239608 -0.103592 -0.131699 0.088812 -0.131619 0.134963 0.085048 -0.137940 -0.044848 0.591736 0.142768 -0.238595 0.018406 -0.231888 -0.187706 -0.068475 -0.122880 -0.362383 -0.039807 -0.162603 -0.013580 -0.249404 -0.061936 -0.161074 -0.170732 -0.193411 -0.099421 0.333776 -0.035030 0.304460 0.140984 0.317677 0.115323 0.477035 0.081023 0.158909 0.200668 0.131597 0.181188 -0.240142 -0.242942 -0.414503 -0.151717 -0.245297 0.037357 -0.036204 -0.076817 -0.115229 0.036725 -0.084772 -0.065755 -0.021469 -0.131471 -0.147644 -0.228670 -0.078190 -0.041314 0.027863 0.102206 0.083018 0.037650
-0.446821 -0.281955 0.213343 0.537918 0.007150 0.262895 -0.045552 0.139313 -0.176797 0.108063 0.050178 0.369643 -0.358496 -0.067956 0.125970 0.284976 -0.483117 -0.421387 -0.132570 0.015798 0.050904 -0.015958 0.478687 1.000000 0.385734 0.486719 0.122111 0.437702 -0.233818 -0.150152 0.368758 0.542807 -0.329986 -0.085700 0.197231 0.196275 -0.020049 -0.196940 -0.303730 -0.326253 0.014087 -0.131998 -0.354309 -0.368179 -0.304615 -0.062294 -0.446898 -0.249703 -0.364355 -0.196428 -0.071657 -0.100051 -0.171834 -0.075616 -0.327027 -0.256035 -0.373142 -0.300082 -0.189376 0.028111 -0.235043 -0.114961 -0.110816 -0.229564 0.378305 0.177236 -0.092694 0.462297 -0.581044 -0.361806 0.114639 0.263367 -0.319029 0.285823 0.101875 0.090351 -0.000420 0.017210 -0.307159 -0.285946 -0.187136 -0.214176 0.127019 0.170228 0.225796 0.313408 0.216232 -0.119732 0.166370 0.053249 0.410829 0.367965 0.526712 0.285853 -0.000889 0.084746 -0.424121 0.050848 -0.240238 0.083999 0.147758 0.016090 0.142345 0.326010 0.363204 0.234170 0.109508 0.126999 0.039213 -0.043082 0.141638 0.092036 0.146177 0.213374 0.268461 0.340757
-0.284756 -0.167708 0.114647 0.318610 0.094668 0.247509 0.044968 0.219773 0.136970 0.219588 0.135022 0.304972 -0.058351 0.117574 0.222194 0.345726 -0.118338 -0.063437 -0.187820 -0.247948 0.296906 0.321741 0.225256 0.385734 1.000000 0.623216 0.159031 0.465455 0.131651 0.111436 0.394090 0.444244 -0.143666 0.107019 -0.062210 0.037935 0.126582 0.167541 0.061902 -0.013721 0.204829 0.207905 -0.243950 -0.257335 -0.193351 -0.068110 -0.294369 -0.243173 -0.218148 -0.068079 0.030005 0.090963 -0.014021 0.048992 -0.120867 -0.187933 -0.313266 -0.215918 -0.128034 0.064251 -0.150537 -0.008409 -0.110076 -0.121138 0.245185 0.246223 -0.138142 0.240115 -0.268532 -0.127139 -0.002355 0.269719 -0.051050 0.088126 -0.047150 0.151643 -0.065016 0.062101 0.018118 -0.051473 -0.001856 0.033654 0.293215 0.258494 0.185102 0.155837 0.299219 0.291559 0.097417 -0.087414 0.203766 0.011031 0.150138 0.032793 -0.295676 -0.286166 -0.259824 -0.164750 -0.226575 -0.109734 -0.000006 -0.306965 -0.248645 -0.212828 -0.137264 -0.228984 0.057574 -0.283465 -0.256928 -0.142226 -0.139825 -0.197108 0.029616 -0.045985 -0.132050 -0.073870
-0.355895 -0.142653 0.131607 0.598072 -0.080805 0.049871 0.050432 0.402897 -0.105203 0.283541 0.236765 0.518891 -0.112021 0.168368 0.268625 0.363563 -0.112540 -0.198094 0.016529 -0.202103 0.092686 0.239659 0.262016 0.486719 0.623216 1.000000 -0.049663 0.462334 0.260615 0.125176 0.621941 0.714029 0.015694 0.286090 0.000861 0.156187 0.174049 0.097364 -0.073156 -0.145404 0.292973 0.113342 -0.281763 -0.323789 -0.204193 -0.083251 -0.403431 -0.348155 -0.295821 -0.263514 -0.084613 -0.211831 -0.134588 -0.168363 -0.171647 -0.355283 -0.432319 -0.354142 -0.152497 -0.095592 -0.104572 -0.005883 -0.061506 -0.043182 0.359446 0.403832 -0.193785 0.311777 -0.358264 -0.284866 -0.044021 0.198210 0.003028 0.196954 0.048779 0.232340 -0.063979 0.038584 0.113358 -0.158760 0.210822 0.115893 0.349558 0.401584 0.336507 0.376727 0.308317 0.165438 0.229376 -0.189881 0.114312 -0.141300 0.256900 -0.057746 -0.359904 -0.367469 -0.247046 -0.370672 -0.275152 -0.304985 -0.126423 -0.389819 -0.218230 -0.356934 -0.162881 -0.358217 0.003469 -0.376983 -0.294986 -0.269520 -0.217458 -0.288554 -0.077556 -0.159943 -0.247885 -0.256770
0.085002 -0.135601 0.139412 -0.161576 0.517762 0.467941 0.115017 -0.137872 0.369330 0.000055 -0.080520 -0.123834 0.061912 -0.090520 0.091870 0.019140 -0.129615 -0.007688 -0.147060 0.022123 0.452829 0.328550 0.058791 0.122111 0.159031 -0.049663 1.000000 0.321378 -0.194242 -0.123639 -0.306584 -0.184217 -0.177977 -0.130256 0.242023 0.141565 0.104399 0.025360 0.238297 0.176195 0.038637 0.064061 -0.171443 -0.157313 -0.185570 -0.155638 -0.160319 -0.150824 -0.003299 -0.114153 0.021819 0.049888 -0.036701 0.004369 0.034754 -0.077359 0.118503 0.013698 0.147699 0.107415 0.013643 -0.061984 -0.147674 -0.227631 -0.033107 -0.034874 0.213456 0.150583 -0.088969 -0.130461 0.136839 0.042124 -0.071713 0.087774 0.095949 0.154227 0.021937 0.090651 -0.065610 0.015208 0.053533 -0.034918 -0.048515 -0.005605 -0.105431 -0.145544 -0.079406 0.075958 -0.036633 0.047831 -0.002285 0.010680 -0.119466 0.028096 0.030735 0.147533 -0.261070 0.052889 -0.270453 0.039723 -0.002570 0.082845 -0.065473 0.289173 0.269483 0.317786 -0.130922 0.273584 0.146104 -0.098052 0.053453 -0.055718 0.045445 0.049996 0.120398 0.384119
-0.184398 -0.128910 0.327147 0.294801 0.157173 0.381057 0.160599 0.146390 0.019538 0.085671 0.218985 0.276724 0.070070 0.107946 0.286912 0.282230 -0.233875 -0.276894 -0.080550 -0.193389 0.135523 0.272182 0.345514 0.437702 0.465455 0.462334 0.321378 1.000000 -0.090854 -0.074649 0.281964 0.272201 -0.091526 -0.014899 0.041352 0.177693 0.016445 0.022392 0.082915 -0.178376 -0.030511 -0.026949 -0.365282 -0.347890 -0.365591 -0.228026 -0.382652 -0.254982 -0.314467 -0.332486 0.016131 -0.082644 -0.068926 -0.055977 0.005175 -0.203354 -0.245906 -0.182435 -0.018591 -0.006182 0.016852 -0.070743 -0.200455 -0.198840 0.344106 0.216841 -0.143370 0.231765 -0.321369 -0.263364 -0.040772 0.026240 -0.149341 0.001896 -0.139158 0.050357 -0.122170 0.003526 -0.067622 -0.033533 -0.001432 -0.020558 0.213856 0.229154 0.105350 0.157175 0.222063 0.234779 0.265280 0.010759 0.139426 0.084153 0.213773 0.140135 -0.069149 -0.179382 -0.148903 -0.010006 -0.393304 -0.077577 -0.004424 -0.249708 -0.091501 -0.053742 0.047276 0.030665 0.026230 -0.040102 -0.078708 -0.092974 0.018229 -0.088594 0.127156 0.199934 0.068027 0.150852
0.282357 0.162521 -0.078068 0.036461 0.045491 -0.198235 0.196757 0.205406 0.212297 0.205736 0.602244 0.361737 0.406676 0.443165 0.500982 0.429863 0.601751 0.479487 0.392132 0.199159 -0.113166 0.248200 -0.027037 -0.233818 0.131651 0.260615 -0.194242 -0.090854 1.000000 0.643436 0.262813 0.335764 0.203808 0.430260 -0.359675 -0.522527 0.295886 0.271408 0.381651 0.189850 0.417025 0.330685 0.030020 0.083654 -0.060329 -0.047938 -0.068607 -0.252298 -0.299167 -0.126942 -0.344961 -0.352699 -0.191222 -0.298669 0.134029 -0.250302 -0.026622 -0.099207 -0.174374 -0.426884 0.108422 0.164347 0.458196 0.367838 0.126213 0.233215 -0.311060 -0.408236 0.146488 0.058870 -0.122868 -0.015491 0.531262 0.124862 0.127009 0.190188 -0.180689 -0.067047 0.479929 0.115456 0.455928 0.448380 0.624923 0.628817 0.338632 0.093558 0.065666 0.111480 0.261086 -0.284738 -0.530185 -0.553914 -0.403316 -0.453773 -0.437543 -0.374214 0.048713 -0.514816 -0.203365 -0.420011 -0.544734 -0.339333 -0.549681 -0.581400 -0.575297 -0.650045 -0.437991 -0.507227 -0.391916 -0.136275 -0.504715 -0.406950 -0.290680 -0.511241 -0.596628 -0.551484
0.123578 0.124803 -0.231346 0.040358 0.077383 -0.218949 0.064055 0.200775 0.151315 0.197852 0.385646 0.300868 0.176321 0.224203 0.349748 0.370691 0.449089 0.411541 0.093149 0.243549 0.129470 0.111646 -0.230864 -0.150152 0.111436 0.125176 -0.123639 -0.074649 0.643436 1.000000 0.203252 0.307585 0.172960 0.368399 -0.363934 -0.483706 0.417176 0.278457 0.339295 0.295003 0.510426 0.533727 -0.220380 -0.120604 -0.241539 -0.268665 -0.244029 -0.293746 -0.458598 -0.324842 -0.367602 -0.323986 -0.115925 -0.235723 0.074854 -0.259463 -0.102419 -0.071813 -0.170576 -0.284554 0.127528 0.081829 0.472947 0.372341 0.068329 0.093627 -0.243852 -0.381741 0.073903 0.079794 -0.099536 0.134034 0.712398 0.308858 0.311530 0.160680 0.147292 0.032475 0.393127 0.296613 0.383475 0.371988 0.423710 0.629725 0.175525 -0.024473 0.204643 0.103878 0.235826 -0.159919 -0.283049 -0.320166 -0.203696 -0.290425 -0.251705 -0.135651 0.034150 -0.206413 -0.204790 -0.257583 -0.157288 -0.116246 -0.341916 -0.277517 -0.250122 -0.244548 -0.233065 -0.175173 -0.122472 0.014549 -0.316936 -0.179076 -0.213999 -0.177611 -0.308294 -0.285360
-0.268643 -0.074954 0.173091 0.302036 -0.197371 -0.008152 0.004163 0.206949 -0.193088 0.096660 0.235806 0.298578 -0.143264 0.089289 0.050836 0.157448 -0.092625 -0.181518 0.094963 0.006289 -0.121320 -0.033148 0.243840 0.368758 0.394090 0.621941 -0.306584 0.281964 0.262813 0.203252 1.000000 0.705772 0.184507 0.336407 -0.044536 0.064384 0.192628 0.077995 -0.201910 -0.153987 0.272768 -0.017552 -0.248476 -0.314877 -0.160500 -0.053386 -0.397997 -0.293477 -0.414908 -0.282474 -0.317995 -0.379786 -0.255083 -0.308254 -0.290557 -0.367746 -0.183578 -0.032908 -0.264477 -0.087904 -0.184177 -0.054835 0.046796 -0.044674 0.302764 0.135005 -0.214612 0.177072 -0.212633 -0.054587 -0.102611 0.083748 0.099456 0.103251 0.027278 -0.050338 -0.053491 -0.126938 0.134352 -0.040223 0.117909 0.081563 0.176272 0.252138 0.237794 0.278704 0.236760 0.074447 0.152314 -0.108175 0.031579 0.051127 0.254110 0.111885 -0.139445 -0.246532 -0.098787 -0.107962 -0.226087 -0.116093 0.024150 -0.190198 0.064454 -0.093877 -0.070202 -0.168975 0.111783 -0.180197 -0.172338 -0.062032 0.023879 -0.044767 -0.016130 0.020507 -0.013974 -0.142520
-0.337499 -0.232482 0.068237 0.397273 -0.092479 -0.088503 0.039245 0.231785 -0.076378 0.119172 0.201824 0.356453 -0.168307 0.045898 0.141674 0.264230 -0.074267 -0.115587 0.021099 0.033133 0.075148 0.226599 0.184938 0.542807 0.444244 0.714029 -0.184217 0.272201 0.335764 0.307585 0.705772 1.000000 0.026406 0.465876 -0.118711 -0.031044 0.313783 0.149001 -0.079918 -0.083760 0.482873 0.211589 -0.260845 -0.296376 -0.216012 -0.054103 -0.363879 -0.334294 -0.441347 -0.247351 -0.182836 -0.329007 -0.139346 -0.156039 -0.234328 -0.293366 -0.334470 -0.311388 -0.296707 -0.194955 -0.220869 -0.164058 0.200948 -0.011692 0.232180 0.135855 -0.219511 0.207672 -0.411552 -0.245422 0.106260 0.382780 0.242217 0.393632 0.276740 0.234084 0.095991 0.054217 0.255025 -0.000367 0.290806 0.227641 0.264961 0.388358 0.302496 0.354111 0.277851 0.130592 0.139411 -0.226727 0.084215 -0.073097 0.228953 -0.049285 -0.244650 -0.181654 -0.174862 -0.251325 -0.217326 -0.168691 -0.038012 -0.196366 -0.080607 -0.147186 -0.002806 -0.209461 -0.091701 -0.260843 -0.169196 -0.041710 -0.140978 -0.178292 -0.045989 -0.093613 -0.119173 -0.141887
0.029779 0.350615 -0.310686 -0.285634 -0.124159 -0.192020 -0.263344 -0.225538 -0.127428 -0.290134 -0.223651 -0.136991 -0.209325 -0.210312 -0.149722 -0.156875 0.393858 0.253159 0.057842 0.186611 0.058957 -0.013592 -0.229134 -0.329986 -0.143666 0.015694 -0.177977 -0.091526 0.203808 0.172960 0.184507 0.026406 1.000000 0.604325 -0.099577 -0.022870 0.139302 0.024290 0.044054 0.253094 0.295807 -0.018736 0.261471 0.202701 0.199027 0.098743 0.172551 0.182759 -0.161502 -0.073406 -0.314455 -0.383727 -0.382384 -0.324230 -0.209048 -0.034154 0.500617 0.548287 -0.305285 -0.154319 -0.223713 -0.237538 0.129188 0.118610 -0.177346 -0.240700 0.065146 -0.127087 0.611378 0.513641 -0.059572 -0.202823 0.282837 -0.056033 0.057422 -0.038991 -0.013928 -0.108885 0.445201 0.476041 0.495595 0.544359 -0.036685 0.051460 -0.058423 -0.026067 -0.019402 0.075022 -0.223811 -0.331771 -0.510188 -0.401250 -0.287892 -0.316619 -0.009689 -0.059274 0.374411 -0.029986 0.083931 -0.141435 -0.099688 -0.180081 0.088630 -0.193045 -0.141042 -0.138264 -0.172646 -0.150129 -0.021693 0.039158 0.092955 -0.017273 -0.323747 0.004071 -0.006984 -0.083021
-0.001452 0.222363 -0.240805 -0.158671 0.027740 -0.172941 -0.208393 -0.109936 -0.071392 -0.170054 -0.018739 0.062358 -0.048032 -0.031110 0.040007 0.050696 0.385995 0.243727 0.042519 0.202093 0.242704 0.271309 -0.074116 -0.085700 0.107019 0.286090 -0.130256 -0.014899 0.430260 0.368399 0.336407 0.465876 0.604325 1.000000 -0.196680 -0.054765 0.239220 0.104270 0.121563 0.213253 0.474996 0.162784 0.052753 0.068378 0.106430 0.113512 -0.050104 -0.003600 -0.326715 -0.157185 -0.329836 -0.489697 -0.362886 -0.400620 -0.165457 -0.134062 0.238503 0.262235 -0.313492 -0.210401 -0.152819 -0.195264 0.179734 0.178101 -0.118454 -0.063191 -0.052935 -0.035937 0.337970 0.354326 0.049863 0.104232 0.392182 0.032920 0.073376 0.140032 0.028172 -0.024665 0.587227 0.374596 0.554204 0.608079 0.143806 0.322351 0.018407 0.041508 0.006508 0.208455 -0.135996 -0.354964 -0.472554 -0.489311 -0.292406 -0.442671 -0.173696 -0.102525 0.226293 -0.189268 -0.063187 -0.208169 -0.181225 -0.317308 -0.159808 -0.352235 -0.229195 -0.286157 -0.159993 -0.283154 -0.046040 0.003753 -0.047849 -0.138339 -0.323333 -0.125735 -0.185226 -0.201594
-0.125637 -0.324041 0.165090 -0.015795 -0.051496 0.117077 -0.060553 -0.100294 -0.013964 0.042109 -0.238527 -0.044055 -0.017010 0.006529 -0.140493 -0.195719 -0.158877 -0.241759 -0.194607 -0.183399 0.012974 0.081596 0.112312 0.197231 -0.062210 0.000861 0.242023 0.041352 -0.359675 -0.363934 -0.044536 -0.118711 -0.099577 -0.196680 1.000000 0.678182 -0.184909 -0.156756 -0.207595 -0.109600 -0.329561 -0.366123 0.123599 0.021726 0.179986 0.170359 0.018269 0.090249 0.297406 0.089380 0.113667 0.070690 -0.083669 -0.029421 -0.053518 -0.097970 -0.013427 -0.078049 0.229577 0.257114 0.041565 0.090671 -0.502269 -0.379165 0.075258 0.204670 0.442003 0.417633 -0.104403 -0.125358 0.185643 0.137131 -0.281517 -0.055464 -0.113084 0.062600 0.238226 0.290726 -0.104924 -0.184990 -0.254130 -0.355521 -0.222414 -0.379312 -0.286766 -0.339630 0.067232 -0.043208 -0.036115 -0.008857 0.011438 0.031583 0.160572 0.066863 0.122942 0.222785 -0.105748 0.161034 -0.280677 0.024882 0.117656 0.078569 0.210024 0.249423 0.288410 0.230326 0.078463 0.215279 0.181328 0.115174 0.232855 -0.100642 -0.034144 0.007238 0.268785 0.300545
-0.205996 -0.334683 0.249914 -0.015915 -0.102053 0.035104 -0.176637 -0.191689 -0.268693 -0.176026 -0.272320 -0.070989 -0.180769 -0.194961 -0.325786 -0.432611 -0.366509 -0.463062 -0.219991 -0.387587 0.105349 -0.067205 0.223024 0.196275 0.037935 0.156187 0.141565 0.177693 -0.522527 -0.483706 0.064384 -0.031044 -0.022870 -0.054765 0.678182 1.000000 -0.103826 -0.112083 -0.232566 -0.127505 -0.312219 -0.308784 -0.007812 -0.144150 0.129207 0.130411 -0.027850 0.101576 0.372757 0.009350 0.237046 0.073615 0.052844 0.108815 0.003941 -0.015956 0.038391 0.029283 0.270347 0.247473 -0.035112 -0.092229 -0.601022 -0.473151 0.018573 0.113993 0.417175 0.575704 -0.158292 -0.102995 0.066515 -0.049791 -0.265343 -0.130141 -0.177415 0.027705 0.297846 0.290126 -0.095516 -0.086658 -0.209819 -0.215860 -0.407346 -0.474012 -0.243664 -0.178178 0.222801 0.063080 -0.108487 -0.112945 0.198058 0.094024 0.195275 0.171732 0.152902 0.176559 -0.073891 0.214587 -0.104240 0.092340 0.202647 0.070641 0.294836 0.179211 0.294747 0.262295 0.327095 0.152504 0.213706 0.109684 0.348570 -0.001243 0.054331 0.143338 0.311076 0.195240
