1.000000 0.381931 -0.120975 -0.546864 -0.281635 -0.205473 -0.182106 -0.312849 -0.200174 -0.532293 0.199123 0.162072 0.379701 0.085851 -0.230400 -0.176402 0.193224 0.204120 0.154721 -0.042293 -0.064656 -0.099327 -0.292194 -0.595786 -0.432832 -0.293747 -0.096483 -0.059549 0.238051 0.157128 -0.316847 -0.534303 0.291260 0.053372 -0.231112 -0.272217 0.200201 -0.071681 -0.092019 -0.025069 0.009296 -0.134709 0.207773 0.206612 0.223799 0.176505 0.143650 -0.047711 0.311289 0.217368 0.158011 0.187945 0.363555 0.218209 0.293177 0.204290 0.166915 0.252888 0.347382 0.108848 0.095997 -0.093772 0.321515 0.312855 -0.404282 -0.376519 0.172146 -0.052094 0.134167 -0.076285 0.067493 0.019461 0.296793 0.260208 0.276586 0.066628 0.082995 -0.011460 -0.000205 0.054107 0.139496 0.061261 -0.212285 -0.047747 -0.243653 -0.061818 -0.032413 -0.111876 -0.329441 -0.071029 -0.134004 -0.252970 -0.454883 -0.131001 -0.077842 -0.134015 0.112040 -0.000768 0.090717 0.005376 -0.176260 -0.106726 0.083475 0.057902 -0.024452 -0.037002 -0.097478 0.188348 -0.194921 -0.052908 0.035775 -0.082877 -0.049339 -0.199462 -0.043021 -0.081568
0.381931 1.000000 -0.072662 -0.177277 -0.100985 -0.152710 -0.057543 -0.124601 -0.122177 -0.131997 -0.035815 -0.021629 0.051326 0.154072 -0.080581 0.146294 0.209704 0.070516 0.330321 0.296952 0.098794 -0.092360 -0.193008 -0.266146 -0.194068 -0.286896 0.028031 -0.163505 0.010969 -0.022622 -0.255812 -0.280619 0.249688 0.099742 -0.160957 -0.389678 0.115382 -0.213748 -0.237890 -0.182822 -0.040829 -0.055709 -0.251324 -0.231146 -0.206506 -0.146517 -0.161374 -0.084887 -0.065942 -0.086087 -0.243605 -0.054510 -0.033095 -0.049632 -0.075213 -0.148334 0.526667 0.581017 0.097300 0.224912 0.103181 0.140420 0.113432 0.403392 -0.169688 -0.227933 -0.025233 -0.069991 0.475719 0.285755 -0.047210 -0.239032 0.133423 -0.081162 0.037594 -0.149684 -0.212186 -0.217757 -0.095104 -0.051697 0.058552 0.227276 -0.093087 0.137942 -0.028340 -0.039694 -0.050424 -0.048398 -0.062367 0.067236 0.011069 0.080506 -0.139162 0.117807 -0.303904 -0.295275 -0.261699 -0.106617 -0.047931 0.005773 -0.047329 0.115242 0.104369 0.083695 0.102756 -0.032659 0.032799 0.006294 -0.171360 -0.142572 -0.154212 -0.063235 -0.156343 -0.273806 0.079004 -0.072863
-0.120975 -0.072662 1.000000 0.157728 0.404284 0.334941 0.535103 0.247262 0.435769 0.354723 0.276687 0.132092 0.036740 0.072608 0.592513 0.185068 -0.117010 -0.197596 0.361126 0.157196 0.036285 0.031471 0.599224 0.427596 0.191468 0.063388 0.277401 0.100459 -0.308982 -0.296897 0.292018 0.245484 -0.285527 -0.081041 0.088729 0.092074 0.002201 -0.036983 0.009434 -0.015719 0.068118 -0.128088 -0.305576 -0.268339 -0.320278 -0.302315 -0.358609 -0.325760 -0.089671 -0.276985 -0.147762 -0.185619 -0.059647 -0.209548 -0.282889 -0.342691 -0.056072 -0.130616 0.100468 -0.212560 0.391535 0.091142 -0.313982 -0.282738 0.480980 0.193065 -0.270600 -0.125301 -0.200339 -0.110464 -0.095530 -0.165082 -0.267347 -0.211467 0.018670 0.037892 -0.017218 -0.196534 -0.229122 -0.204859 -0.378902 -0.314303 0.023769 0.019220 0.329510 -0.067987 -0.011306 -0.113899 0.519045 -0.134141 0.021431 0.260006 0.040363 0.256321 -0.345753 -0.123646 -0.291746 -0.282499 -0.306917 -0.163297 -0.133348 -0.010388 -0.357972 -0.144303 -0.201344 -0.090524 -0.060724 0.051922 -0.139319 -0.106771 -0.278447 -0.190764 -0.222335 -0.066582 -0.222908 -0.121472
-0.546864 -0.177277 0.157728 1.000000 0.012327 0.281148 0.020196 0.325230 -0.175665 0.327282 -0.497010 -0.361876 -0.402766 -0.193266 0.143660 0.171370 -0.313008 -0.292016 -0.080960 -0.073637 0.140572 0.330337 0.434041 0.604051 0.559673 0.525869 0.062446 0.345577 -0.506781 -0.357065 0.344160 0.619289 -0.372324 -0.032304 0.308617 0.152641 -0.236610 0.050371 0.226100 0.131887 -0.024508 0.060830 -0.258873 -0.297653 -0.380502 -0.293455 -0.224274 -0.136369 -0.267344 -0.367261 0.071301 -0.104179 -0.209235 -0.146852 -0.105074 -0.115808 0.086072 -0.019246 -0.381118 -0.046238 -0.261536 -0.057523 -0.370266 -0.223477 0.415740 0.374888 -0.161145 0.114024 -0.023842 0.262552 -0.120558 0.053171 -0.435646 -0.218107 -0.310131 -0.114468 -0.153856 -0.119209 -0.091254 0.126506 -0.261513 -0.127238 -0.082112 0.027360 0.270902 0.148377 0.058413 0.348757 0.233637 0.229008 0.002227 0.077676 0.312503 0.106342 0.098432 0.110224 -0.258074 -0.001556 -0.235228 -0.034132 -0.036368 0.045427 -0.068134 -0.001180 -0.064127 0.026606 0.131135 0.030750 0.006741 -0.020938 -0.247957 -0.137113 -0.028208 -0.015498 0.023389 0.024850
-0.281635 -0.100985 0.404284 0.012327 1.000000 0.109971 0.518462 0.249374 0.501491 0.507151 0.260968 0.155957 -0.069407 0.106483 0.388326 0.168196 0.019239 -0.114502 0.183577 0.126704 0.171566 -0.095458 0.249772 0.255033 0.066438 -0.175240 0.322139 -0.193783 -0.018015 -0.013401 0.231322 0.175401 -0.316113 -0.296517 -0.087544 -0.004043 -0.033207 0.013338 -0.040971 -0.179806 -0.048198 0.032110 -0.145803 -0.098793 -0.095054 -0.143547 -0.202520 -0.112106 -0.109829 0.000296 -0.363519 -0.144569 -0.148205 -0.092083 -0.121294 -0.258722 -0.297920 -0.383831 0.130147 -0.161953 0.204998 0.133877 -0.282583 -0.159909 0.267260 -0.072132 -0.264725 -0.137994 -0.248109 -0.248005 0.157227 -0.189832 -0.048504 0.064972 0.085339 0.026637 -0.042865 -0.201185 -0.229095 -0.276245 -0.244310 -0.076232 0.251204 0.194326 0.175886 -0.083346 0.062475 -0.062208 0.371948 -0.040998 0.203901 0.346281 0.084928 0.235288 -0.309430 -0.002936 -0.101594 -0.206224 -0.132132 -0.097188 0.056645 0.194937 -0.149607 -0.058777 -0.083836 0.084102 -0.120242 0.073254 -0.068245 0.103494 -0.094130 -0.116235 -0.242696 0.051982 0.029533 -0.136384
-0.205473 -0.152710 0.334941 0.281148 0.109971 1.000000 0.090502 0.079092 0.128902 0.388464 -0.071514 -0.173155 -0.185955 -0.126643 0.284131 0.126814 0.014845 -0.029362 -0.043277 0.115593 0.407741 0.327047 0.396890 0.307150 0.347405 0.391736 0.529062 0.526996 -0.322680 -0.045134 0.066216 0.323964 -0.284651 -0.020335 0.086729 0.216573 0.135420 0.156831 0.077931 0.276634 0.107711 0.111525 -0.215050 -0.272601 -0.339285 -0.276189 -0.360223 -0.357452 -0.199263 -0.285823 0.004336 -0.165079 -0.303018 -0.260899 -0.170199 -0.111285 0.160029 0.072408 -0.072372 -0.128065 -0.075297 -0.128327 -0.270772 -0.075325 0.251269 0.199354 -0.021101 -0.055892 0.059451 0.088575 0.019282 0.085984 -0.275209 -0.132956 -0.134501 0.003752 0.022950 -0.214772 0.086338 -0.030115 -0.033819 0.035508 0.099249 0.142269 0.159762 0.123618 0.086401 0.053395 0.175569 0.095599 -0.027123 0.100039 0.130827 0.048921 -0.058048 0.142203 -0.293237 0.027993 -0.280243 0.053850 -0.124359 -0.251579 -0.256941 -0.125602 -0.156058 0.057183 -0.025449 -0.072373 0.046017 0.082683 -0.351431 -0.046765 -0.111967 0.091042 -0.180177 -0.098304
-0.182106 -0.057543 0.535103 0.020196 0.518462 0.090502 1.000000 0.507385 0.534710 0.349277 0.408816 0.405314 0.211932 0.371823 0.430459 0.220839 -0.171733 -0.126248 0.245565 0.088866 0.066925 -0.097214 0.147521 0.198197 -0.072343 -0.357559 0.294804 -0.300063 -0.025153 -0.078431 0.268380 0.110516 -0.179886 -0.007615 -0.161956 -0.096968 0.009080 -0.135036 -0.216085 -0.143111 0.228926 -0.124281 -0.282913 -0.168584 -0.124102 -0.208838 -0.197183 -0.224014 -0.016023 -0.095527 -0.323762 -0.117228 -0.119995 -0.029048 -0.284005 -0.244410 -0.331444 -0.373193 0.220685 -0.087498 0.543085 0.392081 -0.094985 -0.038112 0.506980 0.215043 -0.158935 -0.247895 -0.429013 -0.468766 0.001754 -0.316714 0.002713 -0.088957 0.172938 -0.041364 0.236760 -0.164213 -0.401813 -0.198654 -0.336465 -0.218718 0.199650 0.138487 0.323342 -0.099569 0.015087 -0.156100 0.353172 -0.144309 -0.025306 0.172054 0.051769 0.193500 -0.197184 0.053009 -0.093904 -0.250071 -0.079083 0.016720 0.075957 0.260050 0.037204 -0.322718 -0.297408 -0.014764 -0.094738 0.056461 0.025969 0.028370 -0.253489 -0.032161 -0.042072 0.077308 -0.190955 -0.191307
-0.312849 -0.124601 0.247262 0.325230 0.249374 0.079092 0.507385 1.000000 0.208919 0.486323 0.028794 0.235247 0.209932 0.338894 0.068505 0.302498 -0.286590 -0.214690 -0.069572 -0.183889 0.011561 0.143037 -0.087598 -0.005916 -0.001297 -0.137680 0.091043 -0.132245 0.055902 0.070437 0.287014 0.202460 -0.197714 0.074460 -0.036213 0.047880 -0.023770 -0.125121 0.083888 0.062689 0.011823 0.060868 -0.289751 -0.216787 -0.060708 -0.091141 -0.170199 -0.169740 -0.037793 -0.150417 -0.222752 -0.103455 -0.036618 -0.276670 -0.390604 -0.275256 -0.326103 -0.368707 0.053003 0.141175 0.371046 0.512374 0.085654 0.056726 0.296669 0.271722 -0.013358 0.079782 -0.405198 -0.399681 -0.105700 -0.138045 -0.081139 -0.176815 -0.112511 -0.040680 0.155010 -0.074048 -0.209588 -0.093598 -0.145808 -0.080702 0.199272 0.216675 0.113550 -0.042251 -0.065883 -0.147489 0.255740 -0.036742 -0.040895 -0.053296 0.159616 -0.050060 -0.175733 -0.011211 -0.142691 -0.169127 -0.123860 -0.205201 0.145654 0.186015 0.060306 -0.331311 -0.243208 -0.085514 -0.078518 0.068424 0.020636 0.050125 -0.069696 -0.126494 -0.145365 -0.146264 -0.028944 -0.099394
-0.200174 -0.122177 0.435769 -0.175665 0.501491 0.128902 0.534710 0.208919 1.000000 0.460842 0.385289 0.308725 0.219824 0.275466 0.474831 0.342747 0.135081 0.051086 0.184516 0.169510 0.070536 -0.117530 0.226714 0.093556 -0.152118 -0.327367 0.273802 -0.248097 0.071131 0.133456 0.100015 0.052941 -0.217971 -0.136368 -0.183889 -0.040796 -0.027974 -0.078302 -0.256428 -0.107217 0.082533 -0.221861 -0.149394 -0.073929 -0.054469 -0.261404 -0.136400 -0.136807 -0.102588 -0.115186 -0.413680 -0.196856 -0.271490 -0.084045 -0.222105 -0.273164 -0.185726 -0.280248 0.231812 -0.112746 0.501748 0.291596 -0.108487 -0.016063 0.180350 -0.037529 -0.198023 -0.342322 -0.208136 -0.361400 -0.065067 -0.198763 -0.039467 -0.119661 0.041315 -0.059437 0.002995 -0.202911 -0.118219 -0.166180 -0.140320 -0.003727 0.188770 0.229830 0.112988 -0.233966 0.102921 -0.225536 0.498063 -0.238807 0.113294 0.384319 0.094630 0.173376 -0.312776 -0.081690 -0.055769 -0.200723 -0.090875 0.058710 0.061301 0.088330 -0.120935 -0.140815 -0.069240 0.141486 -0.095641 0.013815 -0.008425 -0.037679 -0.147364 0.070900 -0.058088 0.023142 -0.103747 -0.108943
-0.532293 -0.131997 0.354723 0.327282 0.507151 0.388464 0.349277 0.486323 0.460842 1.000000 -0.030109 0.058995 -0.139986 0.145276 0.360567 0.437763 -0.029886 -0.154620 0.008664 0.067361 0.161527 0.013285 0.308964 0.337538 0.289752 0.083379 0.220164 -0.077900 -0.173159 -0.007455 0.219614 0.311553 -0.335389 -0.125923 0.093539 0.143747 -0.117761 -0.098378 0.046767 -0.090412 -0.094174 0.040414 -0.301180 -0.362230 -0.338651 -0.376745 -0.279891 -0.230193 -0.303118 -0.279227 -0.297194 -0.226906 -0.290631 -0.282802 -0.278401 -0.336217 -0.016567 -0.175370 -0.037267 -0.062899 0.197219 0.249636 -0.248287 -0.105546 0.304379 0.163675 -0.166371 -0.066839 -0.033192 0.005418 -0.133419 -0.105516 -0.304185 -0.165296 -0.170854 -0.046362 -0.095047 -0.223806 -0.070057 -0.122338 -0.165809 0.036470 0.133933 0.213071 0.172141 -0.040719 -0.015873 -0.101345 0.473215 0.096409 0.166891 0.289939 0.381142 0.122876 -0.257921 0.055887 -0.348881 -0.167368 -0.297179 -0.076585 0.070163 0.172977 -0.145718 -0.080517 -0.086917 -0.108508 -0.045603 -0.003862 0.035142 -0.062086 -0.282502 -0.023316 -0.121166 -0.119249 -0.110738 -0.143099
0.199123 -0.035815 0.276687 -0.497010 0.260968 -0.071514 0.408816 0.028794 0.385289 -0.030109 1.000000 0.544338 0.416085 0.351292 0.387881 -0.075639 0.065235 0.104298 0.139465 -0.106094 -0.058457 -0.276859 0.007802 -0.100917 -0.173252 -0.463089 0.020638 -0.285642 0.257544 0.069109 -0.109400 -0.298246 0.028230 0.016900 -0.167274 0.067860 -0.026454 -0.218709 -0.185912 -0.216203 0.194255 -0.286322 0.165010 0.208894 0.254658 0.128702 0.087654 -0.049812 0.130154 0.221747 -0.039277 0.120253 0.045025 0.079967 -0.031737 -0.027299 -0.337738 -0.261908 0.307458 -0.159921 0.469823 0.176552 0.018969 -0.018184 0.176710 0.106988 -0.098407 -0.202042 -0.395394 -0.443902 -0.006401 -0.241950 0.058420 -0.062630 0.074005 0.089706 0.194463 -0.006748 -0.214863 -0.202987 -0.148101 -0.134174 0.179596 -0.036560 0.206179 0.028383 -0.032464 -0.207523 0.147864 -0.109098 -0.130811 -0.133401 -0.111742 -0.001914 -0.110297 0.002822 0.233218 -0.056558 0.076599 -0.020562 -0.019785 0.006657 -0.236768 -0.338495 -0.362851 -0.119043 -0.153579 0.009230 0.052297 0.092637 0.082868 0.006417 0.004360 -0.007179 -0.124398 -0.151508
0.162072 -0.021629 0.132092 -0.361876 0.155957 -0.173155 0.405314 0.235247 0.308725 0.058995 0.544338 1.000000 0.317769 0.567756 0.239974 0.202421 0.195006 0.059916 -0.062000 -0.219903 -0.025778 -0.117782 -0.166937 -0.164038 -0.331432 -0.467442 -0.084098 -0.268386 0.355655 0.186334 -0.076930 -0.173176 0.143205 0.123593 -0.192414 -0.241560 0.107220 -0.088649 -0.133533 0.077007 0.229691 0.000574 0.061843 0.122868 0.190917 0.047095 0.024888 -0.115539 0.302219 0.197767 0.074973 0.232935 0.151570 0.152577 -0.065615 0.091595 -0.455066 -0.359987 0.183446 -0.084658 0.369708 0.316948 0.262481 0.122309 0.039443 0.156639 -0.046641 -0.289167 -0.445672 -0.495932 -0.016013 -0.162529 0.180223 0.024030 0.234124 0.130995 0.342309 0.169337 -0.132909 -0.135402 -0.052810 0.039187 0.130911 0.086820 0.079855 0.218937 0.155582 -0.251321 -0.032795 -0.132296 -0.272023 -0.324513 -0.186399 -0.291693 -0.034065 -0.034040 0.265466 0.016403 0.130030 -0.105552 0.024593 0.109323 -0.088930 -0.466441 -0.361688 -0.075421 -0.136749 0.016551 0.042469 0.107312 0.015914 -0.053843 -0.004859 -0.014897 -0.148134 -0.206050
0.379701 0.051326 0.036740 -0.402766 -0.069407 -0.185955 0.211932 0.209932 0.219824 -0.139986 0.416085 0.317769 1.000000 0.536655 -0.081062 0.109164 0.041013 0.126721 -0.025106 -0.128405 -0.037674 -0.087422 -0.393345 -0.519464 -0.430596 -0.390069 -0.027081 -0.171053 0.322664 0.175197 -0.080100 -0.370160 0.266059 0.167652 -0.191731 -0.044920 0.203458 -0.173690 -0.095647 -0.043665 0.210048 -0.130849 0.014214 0.114239 0.236880 0.121671 -0.010954 -0.232548 0.113346 0.066173 -0.090495 -0.094225 0.084636 -0.091106 0.160520 -0.079557 -0.159787 -0.094649 0.237727 -0.009059 0.526524 0.368018 0.410057 0.261666 -0.110207 -0.032130 0.061173 -0.074561 -0.218592 -0.405148 0.134952 -0.090138 0.377991 -0.019581 0.188568 0.245165 0.227128 -0.052410 0.053568 0.006193 0.175853 -0.052896 -0.019844 -0.019985 -0.179397 -0.123411 -0.131497 -0.256390 -0.007884 -0.279433 -0.232519 -0.111454 -0.209379 -0.077449 -0.172357 -0.008664 0.131655 -0.126210 -0.018107 0.081555 0.023756 -0.010924 0.116280 -0.204170 -0.210405 -0.205920 -0.010326 -0.007377 -0.045567 -0.139143 -0.028935 -0.001699 0.037925 -0.099191 0.013332 -0.036083
0.085851 0.154072 0.072608 -0.193266 0.106483 -0.126643 0.371823 0.338894 0.275466 0.145276 0.351292 0.567756 0.536655 1.000000 0.216840 0.483080 0.088186 0.069835 0.037537 -0.085979 0.078187 -0.015971 -0.197660 -0.178478 -0.361950 -0.479854 0.022409 -0.299941 0.245834 0.129131 0.008762 -0.189230 0.170774 0.265730 -0.240069 -0.233406 0.084012 -0.203905 -0.260960 -0.007614 0.272087 0.088009 -0.183173 -0.098424 -0.078857 -0.209034 -0.059804 -0.249144 0.025295 -0.008814 -0.196836 -0.097311 0.081930 -0.105454 -0.147804 -0.144495 -0.136328 -0.192320 0.181661 -0.079858 0.469006 0.575080 0.222219 0.347710 0.077766 0.183323 -0.083848 -0.354636 -0.203506 -0.321650 0.055452 -0.155816 0.188167 -0.075766 0.127081 0.159861 0.257970 -0.067261 -0.045001 0.077430 0.010198 0.093329 0.162993 0.189228 0.084867 0.049989 0.040297 -0.200399 0.176495 -0.116465 -0.286178 -0.209170 -0.048552 -0.111615 -0.058509 0.020650 -0.027255 -0.054299 0.013973 0.102995 0.115502 0.182322 0.019012 -0.312857 -0.370791 -0.078403 -0.066764 -0.066544 0.089860 -0.084483 -0.142719 -0.012418 -0.062156 -0.051065 -0.008024 -0.157856
-0.230400 -0.080581 0.592513 0.143660 0.388326 0.284131 0.430459 0.068505 0.474831 0.360567 0.387881 0.239974 -0.081062 0.216840 1.000000 0.336266 -0.099946 -0.037266 0.285537 0.170434 0.216188 -0.000154 0.659352 0.598717 0.230155 -0.050851 0.185769 0.029721 -0.136542 -0.124235 0.264639 0.359924 -0.266104 -0.101203 0.117474 0.093726 -0.018980 -0.078483 -0.164092 -0.079952 0.010940 -0.057554 -0.204364 -0.200599 -0.352931 -0.476108 -0.333131 -0.263589 -0.276941 -0.330598 -0.305579 -0.167088 -0.276304 -0.043960 -0.302748 -0.258248 -0.133717 -0.099335 -0.154384 -0.339312 0.220719 0.112772 -0.449389 -0.175183 0.455195 0.200067 -0.467333 -0.413695 -0.186125 -0.104635 -0.135405 -0.139301 -0.212881 -0.173423 0.009303 -0.037350 -0.041424 -0.059833 -0.202480 -0.116662 -0.341994 -0.046202 0.261974 0.280548 0.503699 0.176723 -0.030779 0.093877 0.569623 0.041071 0.008635 0.200048 0.248057 0.170136 -0.113799 0.083886 -0.240306 -0.089711 -0.245930 -0.021534 -0.015133 0.127144 -0.355553 -0.192159 -0.243325 0.070125 -0.076493 0.054457 0.034015 -0.073224 -0.327762 -0.116405 -0.192833 0.086755 -0.139475 -0.098419
-0.176402 0.146294 0.185068 0.171370 0.168196 0.126814 0.220839 0.302498 0.342747 0.437763 -0.075639 0.202421 0.109164 0.483080 0.336266 1.000000 0.055864 0.008911 -0.010989 0.234706 0.144112 0.161804 0.200466 0.129070 -0.012062 -0.126090 0.122322 0.004538 -0.002451 0.106595 0.081445 0.186930 -0.026820 0.136006 -0.138069 -0.203061 0.159658 -0.019237 0.097901 0.068653 0.058644 0.159123 -0.353739 -0.263143 -0.279926 -0.377021 -0.245907 -0.238990 -0.344185 -0.209027 -0.378300 -0.224989 -0.234090 -0.185396 -0.182522 -0.240264 0.041044 0.082987 -0.199219 -0.181014 0.232311 0.358696 -0.040885 0.233262 0.019206 0.001899 -0.370205 -0.375311 0.062981 -0.003277 -0.070434 -0.103742 0.018697 -0.145728 -0.089099 -0.101745 -0.112509 -0.165035 -0.031960 0.013554 0.021633 0.229540 0.127769 0.493160 0.087988 0.008126 0.063963 0.104435 0.366395 -0.084018 -0.081755 0.085814 0.057844 -0.100126 -0.141290 0.044265 -0.298789 -0.148444 -0.261420 0.057094 -0.011260 0.118474 -0.027045 -0.091799 -0.147136 -0.065969 0.065665 0.156392 0.005796 -0.255569 -0.322054 -0.093470 -0.163649 -0.078487 -0.025322 -0.086997
0.193224 0.209704 -0.117010 -0.313008 0.019239 0.014845 -0.171733 -0.286590 0.135081 -0.029886 0.065235 0.195006 0.041013 0.088186 -0.099946 0.055864 1.000000 0.389438 -0.051829 0.066680 0.077686 0.163068 -0.216203 -0.273056 -0.237156 -0.037462 0.188666 -0.122862 0.353771 0.230950 -0.243818 -0.263476 0.067835 -0.009179 -0.222416 -0.183929 0.111910 0.033554 -0.071092 0.101939 0.072075 0.044657 -0.125134 -0.171042 -0.097170 -0.124452 -0.051823 -0.148849 -0.008238 -0.038654 -0.040736 0.011183 -0.024581 0.097957 0.150497 -0.088889 0.296128 0.240480 0.029979 -0.092804 0.077824 -0.063408 0.195737 0.208415 -0.232546 -0.071002 -0.031062 -0.199330 0.225869 0.083196 0.081173 -0.082933 0.230631 0.170179 0.140076 0.048987 -0.060433 -0.154929 0.225768 0.081037 0.268272 0.356753 -0.127158 -0.078003 -0.193172 0.093760 0.007889 -0.080087 -0.158285 0.132337 -0.093963 -0.013382 -0.106438 0.126621 -0.057687 -0.038336 0.059766 -0.057781 0.024396 0.093451 -0.029897 -0.002652 -0.063186 0.069031 0.110314 0.085176 -0.117831 -0.131895 -0.075499 0.076967 0.028713 0.116204 0.162900 -0.007291 0.097095 -0.046501
0.204120 0.070516 -0.197596 -0.292016 -0.114502 -0.029362 -0.126248 -0.214690 0.051086 -0.154620 0.104298 0.059916 0.126721 0.069835 -0.037266 0.008911 0.389438 1.000000 -0.099828 -0.015348 -0.093557 0.129419 -0.273770 -0.334507 -0.343279 -0.161421 -0.003305 -0.118176 0.349832 0.368480 -0.083579 -0.177565 0.204158 0.034823 -0.098504 -0.034264 0.074081 0.137002 -0.032371 -0.017851 0.080826 -0.032669 0.057186 -0.016505 -0.038044 -0.179906 -0.021954 -0.012423 -0.151310 -0.190266 -0.038907 -0.024000 -0.131557 0.022765 0.159485 -0.031438 0.235430 0.262231 -0.079867 -0.262623 0.091881 0.051023 0.289951 0.391491 -0.152546 -0.209718 -0.086661 -0.325971 0.087710 -0.094214 0.082321 0.103432 0.345174 0.172981 0.139760 0.119651 0.131394 0.159523 0.034745 0.283903 0.255395 0.365529 -0.115475 0.043858 -0.204327 -0.024058 -0.194348 -0.123452 -0.168833 -0.045862 -0.012699 -0.142638 0.033477 -0.071570 -0.100883 0.086812 0.066515 0.124546 0.319916 0.086734 0.105270 -0.024109 0.010011 -0.015394 0.052762 -0.004781 -0.026215 -0.124126 -0.084846 0.114140 0.013607 0.229110 0.208553 -0.019296 -0.166798 -0.041516
0.154721 0.330321 0.361126 -0.080960 0.183577 -0.043277 0.245565 -0.069572 0.184516 0.008664 0.139465 -0.062000 -0.025106 0.037537 0.285537 -0.010989 -0.051829 -0.099828 1.000000 0.443159 0.194513 -0.150191 0.169746 0.082640 -0.051577 -0.361946 0.105987 -0.278632 0.084722 -0.104463 0.151772 -0.019679 -0.040971 0.092889 -0.121307 -0.270270 -0.017681 -0.178247 -0.111819 -0.157660 -0.057615 0.020448 -0.100149 -0.120785 -0.061094 -0.132304 -0.187473 -0.217722 -0.110215 -0.025937 -0.286184 -0.183929 0.059354 0.005839 -0.150049 -0.148097 0.137339 0.115983 0.158438 -0.016015 0.224987 0.085604 -0.226347 0.023364 0.110859 -0.177888 -0.089569 -0.213907 0.150614 -0.003505 0.016813 -0.175586 0.007989 0.000654 0.206229 -0.137498 -0.200385 -0.149853 -0.160873 -0.176051 -0.321237 -0.088326 0.175921 0.171281 0.110557 -0.188395 0.099607 -0.133968 0.196863 -0.060019 0.087952 0.255276 -0.037553 0.254506 -0.332724 -0.205618 -0.246241 -0.309445 -0.200149 -0.151577 -0.132396 0.010378 -0.113892 -0.003512 -0.098652 0.081575 0.048244 0.093286 -0.179383 -0.281414 -0.208883 -0.317717 0.011619 -0.222862 -0.224343 -0.098664
-0.042293 0.296952 0.157196 -0.073637 0.126704 0.115593 0.088866 -0.183889 0.169510 0.067361 -0.106094 -0.219903 -0.128405 -0.085979 0.170434 0.234706 0.066680 -0.015348 0.443159 1.000000 0.204418 -0.079659 0.191476 0.104784 -0.026998 -0.143255 0.318180 -0.000957 0.090737 0.131327 -0.035316 0.106902 0.044637 0.081486 -0.050816 -0.148033 0.212395 -0.007856 -0.099318 0.099067 -0.074354 0.174903 -0.361400 -0.337548 -0.257603 -0.240374 -0.389306 -0.248021 -0.343972 -0.192115 -0.425865 -0.314315 -0.177020 -0.187097 -0.150191 -0.231676 0.269441 0.365833 -0.085336 -0.136743 0.022805 0.024587 -0.259331 0.071797 -0.077727 -0.273744 -0.296222 -0.210150 0.426713 0.208906 0.046615 -0.130518 -0.016852 -0.089082 -0.032473 -0.108941 -0.310781 -0.246423 -0.021720 -0.234373 0.113117 0.295529 0.171489 0.438507 0.059794 -0.116534 -0.017354 -0.061497 0.234372 -0.068545 0.139088 0.416156 -0.049101 0.043691 -0.259349 -0.186485 -0.300365 -0.187161 -0.247992 -0.088771 -0.012733 -0.158237 -0.036174 0.208890 0.123338 0.159002 0.124790 -0.160695 -0.218858 -0.239552 -0.162563 -0.123835 -0.202505 -0.022919 -0.054940 -0.042973
-0.064656 0.098794 0.036285 0.140572 0.171566 0.407741 0.066925 0.011561 0.070536 0.161527 -0.058457 -0.025778 -0.037674 0.078187 0.216188 0.144112 0.077686 -0.093557 0.194513 0.204418 1.000000 0.179818 0.112977 0.168749 0.087581 0.018532 0.549222 0.211867 -0.084651 0.043931 -0.002480 0.197788 -0.087654 0.050470 0.091236 -0.023691 0.150427 0.036415 0.055672 0.284961 0.059192 0.232861 -0.215597 -0.207549 -0.138665 -0.118881 -0.286947 -0.138300 -0.246581 -0.079355 -0.217098 -0.278233 -0.363115 -0.220707 -0.139406 -0.110125 0.162494 0.028431 -0.109418 -0.074892 -0.134225 -0.037582 -0.249702 0.065361 -0.001941 0.065390 -0.113519 -0.063926 0.146699 0.102787 0.306593 0.120943 -0.088285 -0.036339 -0.084035 0.050631 -0.132400 -0.105045 0.031045 -0.024578 -0.043284 0.071680 0.346176 0.274636 0.097248 0.207283 0.182654 0.216119 0.094679 -0.065751 -0.079217 0.150376 -0.051808 -0.002585 -0.153019 0.140861 -0.136904 -0.011699 -0.385790 -0.033612 -0.312645 -0.239587 -0.106300 -0.109720 -0.098945 0.139372 0.071761 -0.089262 0.042240 0.098631 -0.107890 -0.231047 -0.069136 -0.053125 0.011548 -0.086521
-0.099327 -0.092360 0.031471 0.330337 -0.095458 0.327047 -0.097214 0.143037 -0.117530 0.013285 -0.276859 -0.117782 -0.087422 -0.015971 -0.000154 0.161804 0.163068 0.129419 -0.150191 -0.079659 0.179818 1.000000 0.013707 0.084410 -0.051012 0.299454 0.178415 0.282921 0.080791 0.017346 0.179059 0.265707 -0.029776 0.095438 0.002670 -0.087341 -0.067801 0.177247 0.201778 0.411715 -0.131707 0.166211 -0.268344 -0.287806 -0.168963 -0.176212 -0.192736 -0.167733 0.013045 -0.168766 0.156935 0.016383 -0.042064 -0.018904 -0.104367 0.013916 0.109216 0.106583 -0.227461 0.081752 -0.157517 -0.020400 -0.149979 0.000436 -0.053938 0.102700 0.023794 -0.049634 0.089002 0.101172 0.010486 0.089430 0.101934 -0.083074 0.042774 0.073116 0.022632 -0.124737 0.105146 0.057226 -0.020623 0.075379 -0.106602 0.104156 -0.093226 -0.016160 0.166958 0.314274 0.043203 0.062100 -0.104950 -0.179599 -0.068713 -0.048325 0.032668 0.071501 -0.158605 0.112037 -0.021619 -0.016061 -0.082038 -0.042363 -0.134206 0.024747 -0.014594 0.325195 0.046871 0.076957 0.067571 0.196298 -0.227171 -0.011404 -0.074249 -0.040686 0.239002 0.245616
-0.292194 -0.193008 0.599224 0.434041 0.249772 0.396890 0.147521 -0.087598 0.226714 0.308964 0.007802 -0.166937 -0.393345 -0.197660 0.659352 0.200466 -0.216203 -0.273770 0.169746 0.191476 0.112977 0.013707 1.000000 0.774418 0.608558 0.383435 0.248867 0.360661 -0.554408 -0.490595 0.289312 0.556177 -0.477025 -0.279844 0.250496 0.203125 -0.177226 -0.019779 0.042860 0.059032 -0.048153 -0.090580 -0.159991 -0.216587 -0.464828 -0.365959 -0.314050 -0.164083 -0.261277 -0.355148 -0.112500 -0.196132 -0.210945 -0.068561 -0.182141 -0.254042 0.046382 0.036067 -0.178842 -0.288822 -0.094347 -0.327608 -0.582099 -0.441016 0.442652 0.160715 -0.336456 -0.076475 0.017708 0.192909 -0.171787 -0.002100 -0.549320 -0.267976 -0.209192 -0.172280 -0.257843 -0.176489 -0.194272 -0.096165 -0.357715 -0.239618 0.087106 -0.007690 0.466811 0.061642 0.031594 0.187689 0.507846 0.048397 0.175452 0.383548 0.303708 0.361563 -0.071235 0.023297 -0.333951 -0.111828 -0.288343 0.028618 -0.143425 0.045292 -0.324161 0.134382 -0.055990 0.065505 -0.007528 0.023762 -0.028321 -0.144181 -0.263894 -0.112368 -0.165523 0.083921 -0.104355 -0.032877
-0.595786 -0.266146 0.427596 0.604051 0.255033 0.307150 0.198197 -0.005916 0.093556 0.337538 -0.100917 -0.164038 -0.519464 -0.178478 0.598717 0.129070 -0.273056 -0.334507 0.082640 0.104784 0.168749 0.084410 0.774418 1.000000 0.654146 0.420795 0.176409 0.299109 -0.561412 -0.451853 0.358678 0.668642 -0.392376 -0.169830 0.354427 0.264820 -0.244490 0.102000 0.028990 0.067174 -0.072378 0.087240 -0.228784 -0.232931 -0.458238 -0.347549 -0.242255 -0.073442 -0.330099 -0.299854 -0.084949 -0.105725 -0.301058 -0.047503 -0.232294 -0.116548 -0.077985 -0.138540 -0.362031 -0.291137 -0.192830 -0.193278 -0.646217 -0.491247 0.589050 0.432001 -0.316106 -0.063806 -0.077242 0.235285 -0.060556 0.012960 -0.466074 -0.162099 -0.168156 -0.089796 -0.125752 0.002579 -0.165299 -0.057793 -0.489424 -0.316082 0.092643 -0.001399 0.504839 0.208091 0.038861 0.332562 0.408440 0.204194 0.095894 0.228378 0.416149 0.254613 0.071243 0.100707 -0.226202 -0.000060 -0.211637 -0.006491 -0.058977 0.057484 -0.281614 0.005865 -0.078517 0.045640 -0.003922 -0.070904 0.053904 -0.028595 -0.257204 -0.152847 -0.179828 0.229259 -0.044333 0.049018
-0.432832 -0.194068 0.191468 0.559673 0.066438 0.347405 -0.072343 -0.001297 -0.152118 0.289752 -0.173252 -0.331432 -0.430596 -0.361950 0.230155 -0.012062 -0.237156 -0.343279 -0.051577 -0.026998 0.087581 -0.051012 0.608558 0.654146 1.000000 0.606302 0.098990 0.326001 -0.480480 -0.373553 0.266033 0.576232 -0.410741 -0.205270 0.296310 0.321313 -0.223289 -0.002271 0.197231 -0.008475 0.023993 -0.001974 -0.023893 -0.127293 -0.307363 -0.125779 -0.120209 -0.050880 -0.229894 -0.191919 -0.015362 -0.006944 -0.238861 -0.080621 -0.009720 -0.129548 0.034618 -0.021562 -0.377371 -0.138470 -0.414695 -0.433549 -0.464754 -0.488711 0.348458 0.294512 -0.126668 0.186217 0.073062 0.308441 -0.026723 0.132850 -0.515466 -0.188696 -0.304721 -0.065593 -0.226377 -0.011273 -0.153934 0.042354 -0.298076 -0.248787 -0.057771 -0.188077 0.303591 0.163287 -0.028763 0.177801 0.174277 0.294628 0.142422 0.199568 0.408309 0.284103 0.085273 0.171440 -0.226104 0.002734 -0.250982 0.114732 -0.164483 0.097072 -0.131180 0.133665 0.041683 0.002045 -0.028616 -0.167258 0.071669 -0.125667 -0.173957 -0.000256 0.006495 0.196163 -0.102443 -0.048139
-0.293747 -0.286896 0.063388 0.525869 -0.175240 0.391736 -0.357559 -0.137680 -0.327367 0.083379 -0.463089 -0.467442 -0.390069 -0.479854 -0.050851 -0.126090 -0.037462 -0.161421 -0.361946 -0.143255 0.018532 0.299454 0.383435 0.420795 0.606302 1.000000 0.105851 0.653295 -0.431268 -0.249566 0.142460 0.462506 -0.253256 -0.121257 0.299851 0.466706 -0.234616 0.158247 0.315472 0.253724 0.016738 0.076281 -0.021417 -0.127736 -0.301121 -0.040813 -0.139979 0.041447 -0.128063 -0.277032 0.277455 -0.084560 -0.231025 -0.122465 0.169814 -0.021886 0.170800 0.081612 -0.400774 -0.220787 -0.492988 -0.538884 -0.369930 -0.473532 0.169991 0.315354 -0.032763 0.364561 0.158162 0.431772 -0.123607 0.234556 -0.357458 -0.147281 -0.265637 0.039179 -0.196136 -0.041455 0.134326 0.190785 -0.043942 -0.164078 -0.166273 -0.216424 0.148516 0.149513 0.053292 0.354255 -0.011702 0.294420 0.003904 0.074056 0.202273 0.113175 0.168992 0.146924 -0.102865 0.123855 -0.297177 0.112715 -0.217758 -0.156722 -0.140766 0.262489 0.160398 0.015081 -0.045613 -0.192704 0.102152 0.076474 0.004127 0.126176 -0.008366 0.239024 0.131047 0.161453
-0.096483 0.028031 0.277401 0.062446 0.322139 0.529062 0.294804 0.091043 0.273802 0.220164 0.020638 -0.084098 -0.027081 0.022409 0.185769 0.122322 0.188666 -0.003305 0.105987 0.318180 0.549222 0.178415 0.248867 0.176409 0.098990 0.105851 1.000000 0.309004 -0.108755 -0.079497 0.106386 0.163139 -0.188909 -0.038846 0.054014 0.122951 0.146000 0.227932 -0.085916 0.262844 0.183236 0.212544 -0.320285 -0.326512 -0.308161 -0.259495 -0.421906 -0.349673 -0.221648 -0.191378 -0.281033 -0.333412 -0.326927 -0.294171 -0.117647 -0.272621 0.119353 0.024098 0.094466 -0.201386 0.074671 0.014688 -0.190264 0.009219 0.211317 0.118913 0.001272 -0.153551 0.102150 -0.015489 0.182059 0.019024 -0.103311 -0.063210 0.074056 0.020441 0.004487 -0.268595 -0.018430 -0.069725 -0.062249 0.004553 0.317430 0.178782 0.208430 0.071260 0.241680 0.168789 0.175751 -0.002991 -0.058970 0.199795 -0.048728 0.213666 -0.198610 0.064826 -0.248132 -0.099376 -0.314268 0.020669 -0.210731 -0.185998 -0.200254 -0.095612 -0.034817 0.098443 -0.124196 -0.181449 -0.095246 -0.010184 -0.270164 -0.109082 -0.090515 0.034243 -0.109374 -0.262850
-0.059549 -0.163505 0.100459 0.345577 -0.193783 0.526996 -0.300063 -0.132245 -0.248097 -0.077900 -0.285642 -0.268386 -0.171053 -0.299941 0.029721 0.004538 -0.122862 -0.118176 -0.278632 -0.000957 0.211867 0.282921 0.360661 0.299109 0.326001 0.653295 0.309004 1.000000 -0.429683 -0.231129 0.091649 0.358421 -0.090050 0.032628 0.299806 0.372555 0.088501 0.365804 0.295768 0.529828 0.096470 0.210377 -0.107578 -0.124095 -0.210076 -0.076943 -0.344725 -0.127840 -0.181034 -0.308776 0.205981 -0.237425 -0.298879 -0.279415 0.073561 0.030374 0.096653 0.102858 -0.296626 -0.292833 -0.272439 -0.330945 -0.237703 -0.224804 0.163276 0.300975 -0.091394 0.184880 0.071681 0.211326 -0.009454 0.245587 -0.282911 -0.109976 -0.138231 0.014830 -0.046987 0.038429 0.143744 0.120106 0.039631 -0.064953 0.078985 0.103912 0.195487 0.221075 0.144136 0.272689 -0.003504 0.147716 -0.146584 -0.066093 -0.016532 -0.145274 0.075599 0.027818 -0.115902 0.091921 -0.244224 -0.004014 -0.311124 -0.441246 -0.229163 0.057719 -0.018040 0.090799 0.115918 -0.101882 0.051339 0.124274 -0.085430 -0.147978 -0.137314 0.081149 -0.006894 0.015953
0.238051 0.010969 -0.308982 -0.506781 -0.018015 -0.322680 -0.025153 0.055902 0.071131 -0.173159 0.257544 0.355655 0.322664 0.245834 -0.136542 -0.002451 0.353771 0.349832 0.084722 0.090737 -0.084651 0.080791 -0.554408 -0.561412 -0.480480 -0.431268 -0.108755 -0.429683 1.000000 0.614518 -0.049940 -0.308442 0.243033 0.191885 -0.381522 -0.202007 0.133822 0.014627 -0.067197 -0.035042 0.003164 0.175070 0.216395 0.196250 0.368211 0.169456 0.180827 0.057339 0.187018 0.280532 -0.023346 0.190217 0.222376 0.240242 0.020119 0.116091 -0.192076 -0.100311 0.010831 0.000140 0.106406 0.169298 0.331431 0.289759 -0.408853 -0.311561 -0.029189 -0.266856 -0.073132 -0.304761 0.110673 -0.063226 0.556897 0.251268 0.315319 0.199453 0.204831 0.145606 0.078859 0.015589 0.232385 0.389900 0.114187 0.175882 -0.292909 -0.119383 -0.027524 -0.228116 -0.244924 -0.095646 -0.117529 -0.300507 -0.219529 -0.257835 -0.006636 -0.024640 0.256740 0.026352 0.194150 -0.051625 0.134018 0.078714 0.015794 -0.201000 -0.128860 0.111536 -0.112783 -0.118293 -0.069839 0.075098 0.208927 0.110289 0.112132 -0.051259 0.122605 -0.007715
0.157128 -0.022622 -0.296897 -0.357065 -0.013401 -0.045134 -0.078431 0.070437 0.133456 -0.007455 0.069109 0.186334 0.175197 0.129131 -0.124235 0.106595 0.230950 0.368480 -0.104463 0.131327 0.043931 0.017346 -0.490595 -0.451853 -0.373553 -0.249566 -0.079497 -0.231129 0.614518 1.000000 -0.096430 -0.218814 0.384976 0.202137 -0.260096 -0.162551 0.188503 0.050320 0.055445 0.061876 -0.015577 0.122416 0.145137 0.141639 0.244037 0.056753 0.128506 -0.011387 -0.012134 0.178572 -0.043802 0.065195 -0.019186 0.071807 0.096558 0.117157 -0.127219 -0.037300 -0.078939 -0.024361 0.041609 0.185683 0.318965 0.292242 -0.379442 -0.277594 -0.019654 -0.264782 -0.029312 -0.219620 0.022313 -0.022663 0.485775 0.191952 0.100394 0.204210 0.187612 0.086048 0.070914 0.157868 0.313009 0.536444 0.145265 0.348008 -0.313990 0.089017 0.019151 -0.145417 -0.187893 -0.062709 -0.215271 -0.339617 -0.239471 -0.431622 0.076729 0.022135 0.154806 0.140579 0.205766 -0.066653 0.050524 -0.152929 0.039275 -0.246934 -0.134732 0.101878 -0.160448 -0.064754 -0.051530 0.064372 0.099563 0.136448 -0.013712 -0.038329 0.019967 -0.071282
-0.316847 -0.255812 0.292018 0.344160 0.231322 0.066216 0.268380 0.287014 0.100015 0.219614 -0.109400 -0.076930 -0.080100 0.008762 0.264639 0.081445 -0.243818 -0.083579 0.151772 -0.035316 -0.002480 0.179059 0.289312 0.358678 0.266033 0.142460 0.106386 0.091649 -0.049940 -0.096430 1.000000 0.600133 -0.174272 0.106771 0.235187 0.150339 -0.044290 0.142231 0.092127 0.142335 0.045120 0.138356 -0.255136 -0.213381 -0.259847 -0.334164 -0.180683 -0.185890 -0.167065 -0.388525 -0.241012 -0.295134 -0.208842 -0.179256 -0.101645 -0.235436 -0.088467 -0.171328 -0.184356 -0.179047 -0.028655 0.016242 -0.190770 -0.075186 0.344754 0.038845 -0.016441 -0.125894 -0.226781 -0.256280 0.010112 0.012845 0.000999 -0.033333 0.049775 0.073452 0.102196 -0.014910 -0.171788 0.157005 -0.264219 -0.047782 0.182975 0.199280 0.176771 -0.002134 0.090282 0.130893 0.321467 -0.032480 -0.029332 0.003779 0.120891 0.194807 -0.077374 0.092988 -0.198664 -0.020979 -0.110215 0.089629 -0.053209 0.222921 -0.056739 -0.069474 -0.138826 0.161666 0.086355 0.153620 0.071126 -0.000510 -0.211551 -0.144640 0.045680 0.048740 -0.128679 0.009469
-0.534303 -0.280619 0.245484 0.619289 0.175401 0.323964 0.110516 0.202460 0.052941 0.311553 -0.298246 -0.173176 -0.370160 -0.189230 0.359924 0.186930 -0.263476 -0.177565 -0.019679 0.106902 0.197788 0.265707 0.556177 0.668642 0.576232 0.462506 0.163139 0.358421 -0.308442 -0.218814 0.600133 1.000000 -0.345653 0.005423 0.279036 0.275164 -0.151264 0.107190 0.225303 0.274533 -0.011101 0.112737 -0.240838 -0.246564 -0.372305 -0.264977 -0.333160 -0.139795 -0.332759 -0.378608 -0.172681 -0.249990 -0.384046 -0.200470 -0.275414 -0.253552 -0.105379 -0.137263 -0.485105 -0.313267 -0.280577 -0.282700 -0.461662 -0.341069 0.405322 0.198953 -0.273958 0.002371 -0.083392 0.020640 -0.013217 0.123650 -0.324438 -0.205598 -0.228330 0.045981 -0.094221 0.088282 -0.141828 0.123936 -0.274879 -0.072256 0.203324 0.174264 0.332818 0.126455 0.026816 0.159666 0.313390 0.039301 0.072419 0.189626 0.329280 0.179767 0.058784 0.173615 -0.136289 0.056799 -0.263012 0.083741 -0.034415 0.077482 -0.095967 0.030081 -0.091551 0.250679 0.070282 -0.029429 0.124209 0.075700 -0.177260 -0.093128 -0.141617 0.228709 -0.064303 0.061979
0.291260 0.249688 -0.285527 -0.372324 -0.316113 -0.284651 -0.179886 -0.197714 -0.217971 -0.335389 0.028230 0.143205 0.266059 0.170774 -0.266104 -0.026820 0.067835 0.204158 -0.040971 0.044637 -0.087654 -0.029776 -0.477025 -0.392376 -0.410741 -0.253256 -0.188909 -0.090050 0.243033 0.384976 -0.174272 -0.345653 1.000000 0.522386 0.151960 -0.125387 0.115022 0.129986 0.092128 0.024174 0.113488 0.142096 0.096175 0.091252 0.128640 0.100961 0.158618 -0.027449 -0.076918 0.089783 0.029478 -0.085744 0.004471 -0.048166 0.195569 0.244770 -0.003739 0.199309 -0.093409 0.050015 0.051822 0.108827 0.387458 0.322301 -0.271467 -0.117206 0.210166 -0.062712 0.110053 0.073657 -0.078658 -0.149729 0.484821 0.047431 0.175167 0.174061 0.198388 0.110766 0.064056 0.167158 0.315817 0.278869 0.048087 0.198091 -0.199454 0.111298 0.113720 0.104159 -0.211562 -0.195010 -0.369492 -0.398338 -0.376632 -0.438272 0.099217 0.061560 0.119466 0.106042 0.190591 -0.160185 -0.189973 -0.149601 0.078140 -0.074045 -0.061821 0.021286 0.001606 0.028085 0.163113 -0.141530 0.007483 -0.039159 -0.046959 -0.223510 0.187444 -0.009667
0.053372 0.099742 -0.081041 -0.032304 -0.296517 -0.020335 -0.007615 0.074460 -0.136368 -0.125923 0.016900 0.123593 0.167652 0.265730 -0.101203 0.136006 -0.009179 0.034823 0.092889 0.081486 0.050470 0.095438 -0.279844 -0.169830 -0.205270 -0.121257 -0.038846 0.032628 0.191885 0.202137 0.106771 0.005423 0.522386 1.000000 0.163102 0.072574 0.072224 0.069098 0.017425 0.157364 0.261099 0.267719 -0.116211 -0.109213 0.001055 -0.088906 0.041461 -0.185330 -0.181313 -0.124977 0.024977 -0.204099 -0.030229 -0.130692 -0.066917 0.109481 0.045006 0.122599 -0.114688 -0.030474 0.203567 0.232954 0.224192 0.366093 0.165769 0.168938 0.046849 -0.214500 0.017975 -0.029431 -0.077181 -0.204557 0.369172 -0.141920 0.041128 0.236367 0.198153 0.014438 0.158206 0.215646 0.184530 0.215564 0.122080 0.265342 0.105094 0.195913 0.112356 0.008947 0.087224 -0.111203 -0.554942 -0.477963 -0.349364 -0.393501 0.020395 0.040116 0.053829 -0.033780 -0.022954 -0.087197 -0.247782 -0.141308 -0.099011 -0.362214 -0.351323 -0.141458 0.069450 0.069480 0.139060 -0.228154 -0.052721 -0.067066 0.008774 -0.177929 0.125815 0.022282
-0.231112 -0.160957 0.088729 0.308617 -0.087544 0.086729 -0.161956 -0.036213 -0.183889 0.093539 -0.167274 -0.192414 -0.191731 -0.240069 0.117474 -0.138069 -0.222416 -0.098504 -0.121307 -0.050816 0.091236 0.002670 0.250496 0.354427 0.296310 0.299851 0.054014 0.299806 -0.381522 -0.260096 0.235187 0.279036 0.151960 0.163102 1.000000 0.501045 -0.151153 0.217573 0.181833 0.184167 -0.131312 0.120044 -0.057385 -0.132719 -0.247493 -0.130621 -0.084098 0.025976 -0.287561 -0.275876 -0.049495 -0.216250 -0.200586 -0.212866 -0.052893 0.041510 0.054525 0.102236 -0.182971 -0.131164 -0.181247 -0.136813 -0.212953 -0.173231 0.197474 0.157164 0.120634 0.178542 0.055104 0.230044 -0.170362 0.111744 -0.243834 -0.166656 -0.131408 -0.138904 -0.109194 0.084139 0.056001 0.163701 -0.045474 -0.084115 0.035565 0.023860 0.087688 0.194731 0.029877 0.314064 0.052244 -0.019318 -0.073699 -0.004124 0.136016 -0.101284 0.120501 0.122999 -0.088002 0.208953 -0.163316 -0.147598 -0.281986 -0.209339 -0.237261 -0.028491 0.069746 -0.135607 0.074605 0.046746 0.046997 -0.136922 0.032001 -0.127247 -0.116737 -0.098834 0.053593 0.021997
-0.272217 -0.389678 0.092074 0.152641 -0.004043 0.216573 -0.096968 0.047880 -0.040796 0.143747 0.067860 -0.241560 -0.044920 -0.233406 0.093726 -0.203061 -0.183929 -0.034264 -0.270270 -0.148033 -0.023691 -0.087341 0.203125 0.264820 0.321313 0.466706 0.122951 0.372555 -0.202007 -0.162551 0.150339 0.275164 -0.125387 0.072574 0.501045 1.000000 -0.214033 0.173183 0.203352 0.007487 0.059343 0.126565 0.048157 -0.056697 -0.124071 0.062235 -0.107952 0.086315 -0.307884 -0.240921 -0.019629 -0.197379 -0.281024 -0.300575 -0.053270 -0.089537 -0.135860 -0.191950 -0.215983 -0.296213 -0.052170 -0.218897 -0.175603 -0.286170 0.332436 0.327528 0.038298 0.351668 -0.152205 0.043535 -0.132284 0.188284 -0.229865 -0.036101 -0.274008 0.120342 0.067537 0.115449 -0.024031 0.084148 -0.044069 -0.214563 0.054800 -0.052655 0.206400 0.116146 -0.262156 0.072803 0.057614 0.025822 0.003981 -0.009629 0.297728 -0.025081 0.069995 0.275558 0.024924 0.130242 -0.253893 -0.066623 -0.170174 -0.143411 -0.208950 -0.011575 0.021242 -0.198491 0.054061 -0.187981 0.150471 0.182408 0.241490 0.068625 -0.093589 0.209536 0.103232 -0.027009
