1.000000 0.535073 -0.141720 -0.100726 0.060160 -0.134673 -0.074562 -0.133330 0.126769 0.066888 0.253627 0.313636 0.239036 0.194709 -0.063816 0.271603 0.301625 0.191894 0.130213 0.312264 -0.042119 -0.331187 -0.354845 -0.318837 -0.377979 -0.368637 -0.085825 -0.232000 0.189677 0.238405 -0.263508 -0.369559 0.253823 0.288641 -0.213057 -0.267550 0.205782 0.065147 0.007546 0.171758 0.068239 0.078859 -0.325156 -0.271784 -0.164679 -0.238850 -0.187352 -0.144974 -0.121481 0.057358 -0.315293 -0.178066 0.090823 -0.191513 0.091841 -0.010307 0.434068 0.280588 0.389947 -0.005133 0.246937 0.205408 0.193049 0.228854 -0.317945 -0.075947 -0.052846 -0.332804 0.401812 0.201816 -0.001046 -0.073171 0.232668 0.205996 0.174395 0.104497 0.055937 0.072376 0.052305 0.097884 0.178427 0.068782 0.001271 0.068233 -0.330822 -0.332795 -0.283365 -0.135492 -0.130144 0.197082 0.002723 0.113861 -0.234221 -0.064170 0.028246 0.038834 0.072643 0.058021 0.064285 0.211936 -0.095331 -0.049034 -0.072694 0.110680 0.052865 0.096075 0.056261 0.051255 0.009005 -0.027802 0.037697 0.041385 0.087197 -0.060106 0.001042 0.119360
0.535073 1.000000 -0.305466 0.116271 -0.076707 -0.127829 -0.016676 -0.120633 0.113324 0.123256 0.177151 0.280245 0.084457 0.294140 0.149774 0.276874 0.315290 0.397289 0.326781 0.482922 -0.138929 -0.367825 -0.268340 -0.172947 -0.182143 -0.305249 -0.149223 -0.197964 0.333539 0.402465 -0.157865 -0.208373 0.205671 0.399106 -0.185888 -0.207138 0.297846 0.119246 0.170709 0.225871 0.201920 0.296974 -0.376252 -0.483001 -0.312864 -0.331576 -0.142990 -0.297979 -0.385109 0.001238 -0.410529 -0.272077 0.048040 -0.148466 0.079689 -0.119413 0.273573 0.470209 0.085216 -0.025622 0.046316 0.288608 0.148602 0.369771 -0.215423 -0.184847 -0.168599 -0.493836 0.483343 0.240544 -0.027401 -0.183965 0.270176 0.252998 0.314643 0.111978 0.023421 -0.018701 0.155768 0.147064 0.188097 0.196475 0.166675 0.272428 -0.152039 -0.223789 0.051158 -0.102093 -0.047854 0.163225 -0.110166 -0.091787 -0.120208 -0.079717 -0.088364 0.044788 -0.094040 -0.072881 -0.013113 -0.027392 0.114626 -0.095674 0.094590 -0.109453 -0.110241 -0.073856 -0.028417 -0.043286 0.003044 -0.044124 -0.135830 0.007592 -0.020426 -0.286858 -0.023928 -0.024189
-0.141720 -0.305466 1.000000 -0.158834 0.409041 0.008539 0.407526 0.056222 0.391746 -0.094178 0.205113 -0.186358 0.250805 -0.125529 -0.045698 -0.116757 -0.411947 -0.454644 -0.000716 -0.305151 0.183893 0.016873 0.393291 0.058070 0.250392 0.225481 0.113130 0.200819 -0.267822 -0.341806 0.144030 0.053492 -0.348913 -0.277588 0.170558 0.108436 -0.224480 -0.047086 -0.175249 -0.047946 -0.100355 -0.297480 0.057089 0.074594 -0.021889 -0.089853 -0.131889 -0.012833 0.323801 -0.194382 0.538944 0.098113 0.076213 0.118861 -0.103118 -0.000793 -0.361269 -0.350265 0.096881 -0.248522 0.289726 -0.369915 -0.183061 -0.358382 0.231034 0.009558 -0.033680 0.247877 -0.313602 -0.251575 0.185408 0.146720 -0.105476 -0.188435 -0.231561 0.171641 -0.073668 -0.184384 -0.365885 -0.145682 -0.324423 -0.325341 -0.159717 -0.300025 0.035327 -0.082026 -0.080093 0.114433 0.368345 -0.005498 0.221867 0.371793 0.006949 0.424513 -0.208081 -0.005997 -0.113365 0.004671 -0.128833 -0.032613 0.071740 0.108960 0.075407 0.152199 0.027388 0.018268 0.073463 -0.225563 -0.015503 -0.007753 -0.128815 0.009228 0.053805 0.051535 0.009869 0.054912
-0.100726 0.116271 -0.158834 1.000000 -0.019326 0.133977 0.158412 0.564869 0.263845 0.513117 0.057384 0.136576 -0.022545 0.043976 0.250364 0.284425 -0.138951 -0.071860 0.015758 0.202621 -0.317982 -0.025665 0.166036 0.411081 0.011771 -0.044280 -0.169559 0.022558 -0.146279 -0.087373 -0.120421 0.016885 -0.118665 0.085710 -0.103502 -0.018936 -0.063604 -0.259588 -0.233079 -0.013111 0.018439 -0.055376 -0.296175 -0.260177 -0.334937 -0.064338 -0.228895 -0.065376 -0.124086 -0.119454 0.094235 -0.061818 -0.216178 0.000384 -0.274164 -0.127189 -0.130410 -0.221695 -0.279745 -0.155522 -0.042262 0.181056 -0.317874 0.011297 0.324978 0.368110 -0.176771 -0.100417 -0.063922 0.054513 -0.141903 -0.115549 -0.158347 -0.091024 -0.027658 0.058153 -0.125293 -0.123132 -0.041775 -0.170671 -0.156477 -0.118596 0.197763 0.245459 0.256823 0.151104 0.114983 -0.011116 0.346809 0.426863 0.002816 0.016507 0.390624 0.112469 -0.059229 0.052841 -0.365803 -0.185193 -0.196053 -0.262222 0.031937 -0.115409 0.033958 -0.252038 -0.206324 -0.313788 -0.092293 -0.133771 -0.103424 -0.032542 -0.180183 -0.321320 -0.107783 -0.187801 -0.132738 -0.189437
0.060160 -0.076707 0.409041 -0.019326 1.000000 0.194019 0.396170 0.058997 0.557226 0.307737 0.307364 0.182541 0.428916 0.290828 0.318378 0.393715 -0.086925 -0.251148 0.039076 -0.074093 0.274369 -0.050246 0.079246 -0.031200 0.089858 -0.116646 0.280910 0.007904 -0.030312 -0.140242 -0.053610 -0.133109 -0.134090 -0.004844 -0.107958 0.006816 -0.128498 -0.112819 -0.080169 -0.003277 0.008394 -0.076524 -0.106589 -0.187485 -0.167841 -0.089120 -0.287925 -0.275456 0.058943 -0.163252 0.051035 -0.220001 0.057353 -0.176446 -0.040577 -0.339306 -0.112150 -0.008737 0.154370 -0.278699 0.398623 0.053841 -0.042649 -0.033900 0.069378 0.027088 -0.022621 -0.035648 -0.032207 -0.008679 0.176783 0.102887 0.020273 0.064345 -0.007298 0.145463 0.043810 -0.098731 -0.057609 0.122814 0.004017 -0.063782 0.200357 0.062494 -0.050586 -0.247235 0.017982 -0.071215 0.200578 0.015022 0.217693 0.263734 0.047309 0.240519 -0.256326 -0.113154 -0.201232 -0.160698 -0.430644 -0.323639 -0.068678 -0.026133 0.095292 0.108797 0.033432 0.024440 0.112999 -0.143650 -0.201103 -0.049375 -0.188317 -0.296784 0.041041 0.009734 -0.222749 -0.024267
-0.134673 -0.127829 0.008539 0.133977 0.194019 1.000000 -0.260401 0.101349 -0.014310 0.048993 -0.336425 -0.347461 -0.247273 -0.336457 -0.038268 0.018766 0.021005 0.028321 -0.263357 -0.082868 0.260052 0.451068 0.144569 0.116993 0.450183 0.435378 0.551881 0.523014 -0.176577 -0.222084 -0.107869 0.191634 -0.140773 -0.057094 -0.122146 -0.085514 -0.072634 -0.101739 0.275833 0.355514 0.343721 0.077137 0.208603 0.189919 -0.118410 0.059035 0.011483 0.104952 -0.105116 -0.035140 0.105057 0.161664 0.064108 0.059095 -0.012933 0.120368 0.285389 0.177340 -0.208434 0.005416 -0.186538 -0.092829 -0.228215 -0.184198 0.001688 0.020847 -0.040141 0.078986 0.153215 0.073141 -0.098457 0.198269 -0.268747 -0.174661 -0.225292 -0.180770 -0.243789 -0.240743 0.111116 0.095959 0.000235 -0.100944 -0.028023 0.007956 -0.047665 0.173690 0.228284 0.309196 0.058967 0.093922 -0.136507 -0.141672 -0.062703 -0.232847 0.155678 -0.119110 0.043172 0.036405 -0.355665 -0.136902 -0.149275 -0.063948 -0.162588 -0.123747 0.065321 0.036390 -0.151260 -0.151130 -0.021672 -0.081917 -0.022450 -0.181220 0.077756 0.081669 0.040034 0.094354
-0.074562 -0.016676 0.407526 0.158412 0.396170 -0.260401 1.000000 0.446019 0.547965 0.323478 0.537341 0.449673 0.452029 0.507707 0.433268 0.275637 -0.213554 -0.145337 0.243617 -0.092966 -0.097035 -0.238215 0.011375 0.032806 -0.210781 -0.239561 -0.261516 -0.336207 0.059070 -0.030593 0.154135 -0.010415 -0.254288 -0.108757 -0.215806 0.048209 -0.140820 -0.275844 -0.385980 -0.270408 -0.170578 -0.238798 -0.369068 -0.370222 -0.119398 -0.154486 -0.407056 -0.338465 0.035949 -0.213215 -0.012688 -0.187037 0.130534 0.066106 -0.267117 -0.348209 -0.431235 -0.385308 0.186212 -0.374395 0.545654 0.104189 0.106286 0.226133 0.542561 0.255241 -0.321703 -0.185937 -0.298602 -0.279014 0.098421 -0.151222 0.097415 0.048818 -0.003561 0.262704 -0.052715 -0.105252 -0.239354 -0.218250 -0.114569 -0.156332 0.209528 0.247719 0.247327 -0.065761 -0.212316 -0.054783 0.253582 0.043787 0.171368 0.215111 0.175186 0.435820 -0.288552 0.006137 -0.489755 -0.175167 -0.181297 -0.125451 0.136807 0.317344 0.243889 0.082559 -0.102231 -0.144721 0.115882 -0.151938 -0.112126 -0.111450 -0.262768 -0.047298 -0.041325 -0.075272 -0.129554 -0.177873
-0.133330 -0.120633 0.056222 0.564869 0.058997 0.101349 0.446019 1.000000 0.396096 0.646118 0.230075 0.393713 0.252594 0.319344 0.191029 0.352756 -0.317409 -0.205192 -0.166095 -0.191009 -0.231253 0.002608 -0.145315 0.061123 -0.278650 -0.054168 -0.380787 -0.230216 -0.223308 -0.055893 -0.132115 0.011103 -0.109345 -0.026043 -0.242923 -0.023033 -0.135442 -0.317676 -0.342375 -0.136275 -0.125765 -0.274339 -0.241440 -0.200636 -0.251836 -0.074525 -0.250784 -0.033878 -0.080837 -0.221526 -0.039058 -0.068375 -0.060464 0.075076 -0.173326 -0.108012 -0.268390 -0.392137 -0.059611 -0.195160 0.296606 0.347383 -0.138136 0.068198 0.417501 0.615592 -0.262541 -0.003411 -0.280929 -0.117457 0.094744 0.015141 0.008241 -0.017336 -0.116990 0.204765 -0.086753 0.072142 -0.282312 -0.327037 -0.218916 -0.358779 -0.007929 0.117816 0.078596 0.036534 -0.342361 -0.087359 0.150848 0.292791 0.083659 0.005820 0.418607 0.134614 0.125035 0.066918 -0.303127 0.045096 -0.056898 0.001109 0.083930 0.078881 0.130222 -0.108008 -0.177658 -0.267012 -0.109217 -0.129715 0.049230 0.032325 -0.081859 -0.057012 -0.088573 0.011358 -0.010926 -0.124459
0.126769 0.113324 0.391746 0.263845 0.557226 -0.014310 0.547965 0.396096 1.000000 0.532185 0.505819 0.392336 0.677767 0.515705 0.494364 0.583604 -0.193082 -0.241386 -0.072191 -0.111810 -0.184178 -0.310571 -0.004091 -0.147745 -0.132117 -0.304677 -0.123299 -0.225517 -0.072679 -0.029378 -0.159940 -0.214268 -0.190811 0.001324 -0.270960 -0.040495 -0.038989 -0.173956 -0.306749 -0.102638 -0.160766 -0.195290 -0.241795 -0.264334 -0.281538 -0.088386 -0.415323 -0.293410 0.090534 -0.127744 0.028212 -0.265865 0.100464 -0.156444 -0.082376 -0.338356 -0.252972 -0.147838 0.241721 -0.320617 0.600199 0.195186 -0.002249 0.107873 0.199993 0.282975 -0.277551 -0.131493 -0.189997 -0.162094 0.125115 -0.072582 0.144238 0.068629 -0.009082 0.235264 0.066898 -0.025757 -0.228309 -0.087817 -0.177028 -0.248259 0.222542 0.125443 -0.059944 -0.341025 -0.181834 -0.186358 0.392008 0.194471 0.230466 0.273018 0.244950 0.418720 -0.265268 -0.050374 -0.343288 -0.232270 -0.263684 -0.185960 0.024564 0.091683 0.271573 0.082127 -0.086682 -0.154611 0.120518 -0.235893 -0.243628 -0.032041 -0.215207 -0.242634 -0.087678 -0.172674 -0.262599 0.012426
0.066888 0.123256 -0.094178 0.513117 0.307737 0.048993 0.323478 0.646118 0.532185 1.000000 0.273503 0.465391 0.340954 0.490637 0.283743 0.635415 -0.101184 -0.091868 -0.007277 0.077908 -0.217516 -0.263050 -0.225981 0.012032 -0.270387 -0.266412 -0.351188 -0.350537 0.030944 0.055685 -0.142605 -0.048416 0.072887 0.199822 -0.222640 -0.081638 -0.146616 -0.224956 -0.324175 -0.154515 -0.040619 -0.111102 -0.296015 -0.301766 -0.306502 -0.050667 -0.265606 -0.293667 -0.127489 -0.115432 -0.253840 -0.263348 -0.064083 -0.201508 -0.186103 -0.372187 -0.107434 -0.110830 0.107704 -0.154532 0.350760 0.467458 -0.059752 0.155971 0.242013 0.596123 -0.179070 -0.156483 -0.050810 -0.000564 0.114175 -0.175504 0.144325 0.057869 0.038926 0.226182 0.019664 0.001918 0.023075 0.028525 -0.009968 -0.098145 0.227895 0.170156 0.010294 -0.148777 -0.291819 -0.378245 0.219862 0.323337 0.123279 0.011761 0.453839 0.159578 -0.132102 -0.167004 -0.401854 -0.314508 -0.231514 -0.147514 -0.034866 -0.130610 0.128066 -0.112934 -0.146829 -0.244497 -0.043478 -0.224362 -0.117463 -0.132017 -0.243593 -0.195422 -0.046681 -0.143125 -0.235068 -0.153945
0.253627 0.177151 0.205113 0.057384 0.307364 -0.336425 0.537341 0.230075 0.505819 0.273503 1.000000 0.560549 0.726088 0.541823 0.531400 0.535108 -0.007875 0.016205 0.213184 -0.046061 -0.083244 -0.365221 -0.011272 -0.075803 -0.385830 -0.324574 -0.230222 -0.219601 0.179828 0.195960 -0.106646 -0.237569 0.069889 0.153309 -0.170436 0.025096 0.068036 -0.113579 -0.086221 -0.149834 -0.099057 -0.034417 -0.323634 -0.317431 -0.370489 -0.419210 -0.411586 -0.239750 -0.047229 -0.355940 -0.078658 -0.288020 -0.069078 -0.075594 0.019337 -0.396314 -0.282503 -0.221803 0.208006 -0.422777 0.636763 0.093306 0.284247 0.179433 0.248752 0.113910 -0.356153 -0.299782 -0.183711 -0.201783 0.098906 -0.068745 0.283477 0.225744 0.255183 0.303039 0.076290 0.111982 -0.188740 0.002401 -0.049388 -0.085712 0.286854 0.188098 0.119064 -0.225214 -0.135528 -0.124131 0.143913 0.001095 0.086538 0.102289 0.038175 0.228457 -0.162800 -0.000448 -0.278101 -0.110385 -0.188836 -0.185993 -0.148073 0.076090 0.110957 0.000820 -0.216087 -0.139196 -0.071855 -0.078065 -0.103175 -0.113393 -0.131759 -0.097866 0.038893 -0.092624 0.008433 -0.109669
0.313636 0.280245 -0.186358 0.136576 0.182541 -0.347461 0.449673 0.393713 0.392336 0.465391 0.560549 1.000000 0.546777 0.751144 0.338746 0.566454 0.010210 0.120683 0.113295 0.058527 -0.199170 -0.316328 -0.376257 -0.163619 -0.604240 -0.462951 -0.393543 -0.494442 0.179372 0.309261 -0.122092 -0.190142 0.128298 0.337587 -0.252249 0.040811 0.050906 -0.154375 -0.122170 -0.196620 -0.162552 -0.018780 -0.462308 -0.464911 -0.129172 -0.191805 -0.293607 -0.368326 -0.042868 -0.177012 -0.349045 -0.320141 -0.006681 -0.153498 0.022783 -0.385666 -0.188633 -0.207798 0.267603 -0.276068 0.542853 0.416506 0.251093 0.375283 0.230243 0.371214 -0.159792 -0.272901 -0.022219 0.005464 0.215447 -0.120906 0.312369 0.275889 0.168533 0.281852 0.127954 0.265219 -0.202227 -0.117756 -0.029909 -0.060291 0.230787 0.304677 -0.033651 -0.224164 -0.297231 -0.248860 0.026825 0.060223 0.051004 -0.019722 0.151409 0.062214 -0.044779 0.041758 -0.253535 -0.153184 -0.091249 -0.091098 -0.002388 -0.029272 0.109317 0.029803 -0.205659 -0.201566 0.001675 -0.085884 -0.109638 -0.073152 -0.127296 -0.100309 -0.200573 -0.168353 -0.115599 -0.096271
0.239036 0.084457 0.250805 -0.022545 0.428916 -0.247273 0.452029 0.252594 0.677767 0.340954 0.726088 0.546777 1.000000 0.632096 0.551340 0.578880 -0.160002 -0.150305 -0.078579 -0.271102 -0.098634 -0.298225 -0.024630 -0.269179 -0.377958 -0.346534 -0.257965 -0.221459 -0.013291 0.075094 -0.164353 -0.305049 0.000185 0.105264 -0.202632 0.040395 0.042118 -0.039506 -0.001350 -0.172900 -0.209546 -0.121500 -0.151834 -0.131408 -0.211424 -0.228803 -0.254864 -0.173112 0.002424 -0.294685 -0.007456 -0.303077 0.041558 -0.166613 0.207722 -0.314422 -0.286368 -0.204901 0.261543 -0.373170 0.727777 0.123654 0.306782 0.090551 0.192790 0.187986 -0.236575 -0.179348 -0.259043 -0.204304 0.157536 -0.059674 0.305883 0.196334 0.197266 0.274545 0.190428 0.214694 -0.275586 -0.084255 -0.187354 -0.212193 0.143943 -0.011512 -0.148862 -0.318403 -0.273421 -0.177664 0.213265 -0.016448 0.100413 0.104788 0.066165 0.232653 -0.141577 0.051288 -0.059565 -0.060760 -0.125893 -0.141873 -0.110222 0.069069 0.217666 0.027811 -0.229684 -0.188262 0.027955 -0.111461 -0.176538 0.008403 -0.057268 -0.140917 -0.010407 -0.036263 -0.092217 -0.104075
0.194709 0.294140 -0.125529 0.043976 0.290828 -0.336457 0.507707 0.319344 0.515705 0.490637 0.541823 0.751144 0.632096 1.000000 0.479964 0.603722 0.089662 0.165597 0.143059 0.058830 -0.094715 -0.328039 -0.456834 -0.414688 -0.487251 -0.356911 -0.380681 -0.559170 0.391176 0.450959 -0.042282 -0.034499 0.236587 0.416778 -0.274570 -0.108802 0.111405 -0.053539 -0.031664 -0.138376 -0.065345 0.126965 -0.379051 -0.489076 -0.224189 -0.191663 -0.384556 -0.484884 -0.212742 -0.220822 -0.493869 -0.523114 0.032140 -0.263480 0.035148 -0.481878 -0.194084 -0.060781 0.305532 -0.266964 0.675185 0.472413 0.431634 0.544892 0.203149 0.183178 -0.187620 -0.371004 -0.050551 -0.124424 0.165347 -0.170696 0.520061 0.378042 0.326362 0.310838 0.123059 0.217265 0.022192 0.093261 0.180128 0.161636 0.279081 0.386492 -0.104549 -0.270949 -0.249649 -0.287749 -0.026318 -0.040818 -0.029850 -0.105752 0.036720 0.017574 -0.224945 -0.186729 -0.330390 -0.306515 -0.200821 -0.177104 -0.054678 -0.012462 0.234530 -0.045578 -0.305293 -0.242979 0.096447 -0.205256 -0.236943 -0.166295 -0.274727 -0.178631 -0.134879 -0.132153 -0.217637 -0.229342
-0.063816 0.149774 -0.045698 0.250364 0.318378 -0.038268 0.433268 0.191029 0.494364 0.283743 0.531400 0.338746 0.551340 0.479964 1.000000 0.575776 -0.183276 -0.058225 0.109591 0.044961 -0.173195 -0.194624 0.195838 0.185715 -0.094519 -0.266262 -0.074582 -0.006000 0.160194 0.028127 0.073645 -0.087967 -0.088854 0.002649 -0.250464 0.014496 -0.037112 -0.096682 0.011999 -0.047725 0.016444 0.039792 -0.159320 -0.242088 -0.302645 -0.250588 -0.261424 -0.290503 -0.084229 -0.158131 -0.097867 -0.126558 0.128462 0.079950 0.109945 -0.273788 -0.321415 -0.139189 -0.040738 -0.309894 0.300197 0.001441 0.168137 0.112024 0.195649 -0.068594 -0.430739 -0.303316 -0.125176 -0.119790 0.064801 -0.106151 0.103015 0.028144 0.147897 0.101224 0.008635 -0.033158 -0.160498 -0.116435 -0.155625 -0.123820 0.646155 0.438513 0.327488 0.059217 0.279117 0.110948 0.223457 0.095413 0.053685 -0.001833 0.151028 0.180381 -0.269928 -0.159907 -0.331941 -0.384217 -0.206043 -0.238906 -0.055717 0.024473 0.087633 -0.208527 -0.321592 -0.329483 -0.106811 -0.259992 -0.335159 -0.212106 -0.295530 -0.305769 -0.015053 -0.221361 -0.253223 -0.329678
0.271603 0.276874 -0.116757 0.284425 0.393715 0.018766 0.275637 0.352756 0.583604 0.635415 0.535108 0.566454 0.578880 0.603722 0.575776 1.000000 -0.033754 -0.027794 -0.000698 0.098438 -0.133617 -0.252347 -0.126738 -0.078907 -0.210792 -0.311753 -0.144120 -0.181646 0.196542 0.181239 -0.178733 -0.170755 0.108627 0.251962 -0.367801 -0.177148 0.005624 -0.178100 -0.061822 0.014208 0.101105 0.079476 -0.265904 -0.355929 -0.399724 -0.260053 -0.301402 -0.368864 -0.181804 -0.153205 -0.251916 -0.263017 0.003093 -0.120258 0.140831 -0.358184 -0.023320 -0.088477 0.059243 -0.241593 0.388193 0.333877 0.022353 0.114668 0.026544 0.313415 -0.352418 -0.337150 0.027132 -0.041821 0.016045 -0.069760 0.258636 0.203118 0.161687 0.138689 -0.050127 -0.005072 -0.032145 0.007723 0.067429 -0.061556 0.408834 0.299123 -0.003413 -0.214488 -0.030540 -0.216150 0.181272 0.264576 0.034152 -0.028971 0.120516 0.041821 -0.043321 -0.128718 -0.271675 -0.281752 -0.322496 -0.181942 -0.157094 -0.156921 -0.016781 -0.157330 -0.233631 -0.186287 -0.098214 -0.180853 -0.232355 -0.163058 -0.301086 -0.262158 0.002470 -0.264337 -0.245120 -0.112127
0.301625 0.315290 -0.411947 -0.138951 -0.086925 0.021005 -0.213554 -0.317409 -0.193082 -0.101184 -0.007875 0.010210 -0.160002 0.089662 -0.183276 -0.033754 1.000000 0.681190 0.210784 0.294118 0.121473 -0.029976 -0.419209 -0.374660 -0.059210 -0.080133 0.124846 -0.224627 0.555555 0.508095 -0.074151 0.073444 0.271580 0.237373 -0.168928 -0.443505 0.290428 0.170751 0.263777 0.182341 0.215117 0.406600 -0.087009 -0.175467 -0.167524 -0.243125 -0.059234 -0.186622 -0.338068 0.033450 -0.488433 -0.225574 -0.025759 -0.255485 0.032115 -0.165784 0.562141 0.537764 0.154821 0.166469 -0.063596 0.247903 0.376873 0.478171 -0.265402 -0.315082 0.090217 -0.387971 0.364193 -0.007070 -0.071697 -0.150937 0.401396 0.458805 0.352233 0.005024 0.001697 -0.057167 0.544708 0.502395 0.678086 0.637721 0.025202 0.257555 -0.228415 -0.087615 -0.091329 -0.175579 -0.411106 -0.191260 -0.316231 -0.315564 -0.355174 -0.426640 -0.014518 -0.114945 0.018315 -0.007082 -0.057950 -0.061830 -0.143314 -0.028616 -0.063318 0.035030 0.048093 0.139912 -0.017703 0.093319 -0.088838 -0.139847 -0.034854 -0.108727 -0.014284 -0.002255 0.065912 0.163057
0.191894 0.397289 -0.454644 -0.071860 -0.251148 0.028321 -0.145337 -0.205192 -0.241386 -0.091868 0.016205 0.120683 -0.150305 0.165597 -0.058225 -0.027794 0.681190 1.000000 0.188981 0.286864 -0.106131 0.055783 -0.316243 -0.258687 -0.053322 -0.121017 0.051996 -0.146828 0.503566 0.562413 -0.137210 0.062227 0.239161 0.246420 -0.148568 -0.497027 0.227330 0.238197 0.301833 0.355767 0.416942 0.562303 -0.114968 -0.153609 -0.140226 -0.285204 -0.062439 -0.262603 -0.260016 0.129319 -0.372471 -0.053295 0.155900 -0.114622 0.034561 -0.161830 0.417449 0.521858 0.086204 0.247914 -0.090432 0.168507 0.375047 0.471555 -0.127547 -0.371062 0.009153 -0.466443 0.287123 -0.050230 -0.083617 -0.183997 0.377340 0.327298 0.299665 -0.130512 -0.123076 -0.110796 0.442943 0.416098 0.487529 0.589434 0.041321 0.246063 -0.141782 0.008092 0.046552 -0.132371 -0.286118 -0.065633 -0.319168 -0.360046 -0.301011 -0.405413 -0.011852 -0.207824 -0.061670 -0.104173 -0.038261 -0.076726 -0.178073 -0.014690 -0.060158 -0.192448 -0.103707 -0.017601 -0.286304 -0.039180 -0.176055 -0.336988 -0.242610 -0.072109 0.079028 -0.000225 -0.086106 0.038744
0.130213 0.326781 -0.000716 0.015758 0.039076 -0.263357 0.243617 -0.166095 -0.072191 -0.007277 0.213184 0.113295 -0.078579 0.143059 0.109591 -0.000698 0.210784 0.188981 1.000000 0.608618 0.095874 -0.366125 -0.121156 0.069529 -0.085598 -0.240258 -0.075745 -0.238665 0.438664 0.198284 0.271209 0.159108 0.211615 0.178797 0.049541 -0.056955 -0.098358 0.086175 -0.174383 0.003306 0.103851 0.302700 -0.286870 -0.448841 -0.218439 -0.294862 -0.143156 -0.325208 -0.280181 -0.184318 -0.352248 -0.253039 -0.032604 0.038408 -0.165686 -0.252926 -0.152584 0.013096 0.012564 -0.150194 0.016254 0.047167 0.181570 0.234182 0.037462 -0.246120 -0.063392 -0.403406 0.166369 0.115079 0.021768 -0.306329 0.159366 0.222715 0.433462 0.368442 0.233492 0.006352 0.270144 0.084948 0.290623 0.285927 0.282382 0.411715 0.240865 -0.111124 0.158386 -0.105085 -0.127334 -0.073902 0.026267 0.107353 0.001557 0.128345 -0.345550 -0.110267 -0.389487 -0.249300 -0.113237 0.005180 0.004199 0.086373 0.028748 -0.032735 -0.076594 -0.095509 0.000979 -0.283560 -0.043880 -0.162626 -0.132921 -0.003427 -0.051413 -0.214629 -0.138761 -0.208323
0.312264 0.482922 -0.305151 0.202621 -0.074093 -0.082868 -0.092966 -0.191009 -0.111810 0.077908 -0.046061 0.058527 -0.271102 0.058830 0.044961 0.098438 0.294118 0.286864 0.608618 1.000000 -0.051005 -0.145462 -0.218431 0.199266 0.083851 -0.203998 -0.033830 -0.129235 0.388573 0.177054 0.003170 0.023739 0.256982 0.249144 0.023114 -0.245042 -0.032324 0.068400 -0.052175 0.219921 0.243661 0.393163 -0.252047 -0.443087 -0.294050 -0.222515 -0.165483 -0.370024 -0.290814 -0.070904 -0.402458 -0.215676 0.051011 -0.082323 -0.138210 -0.145947 0.152765 0.263144 -0.045402 0.014351 -0.217406 0.096338 0.039130 0.222493 -0.243471 -0.242327 0.024764 -0.302048 0.399384 0.351357 -0.132206 -0.236681 0.050165 0.147160 0.313973 0.103965 -0.010649 -0.050692 0.311480 0.122655 0.311855 0.277217 0.315876 0.461850 0.124235 0.032346 0.235238 -0.100253 -0.056704 0.106326 -0.009453 0.082150 0.018764 -0.073240 -0.274402 -0.188879 -0.340968 -0.296928 -0.104528 0.019966 -0.133867 -0.140970 -0.094908 -0.119795 -0.070838 -0.048911 -0.008832 -0.237487 -0.176866 -0.234311 -0.221532 -0.167418 0.107438 -0.314450 -0.232734 -0.139756
-0.042119 -0.138929 0.183893 -0.317982 0.274369 0.260052 -0.097035 -0.231253 -0.184178 -0.217516 -0.083244 -0.199170 -0.098634 -0.094715 -0.173195 -0.133617 0.121473 -0.106131 0.095874 -0.051005 1.000000 0.214059 0.008370 -0.153312 0.224872 0.467520 0.250974 0.264316 0.061084 0.115698 0.239594 0.308865 0.037516 0.060555 0.141205 0.187631 0.068772 0.010829 0.257116 0.063601 0.111324 0.141679 0.107361 0.028740 -0.002932 0.061822 -0.051053 -0.001920 -0.149995 -0.273740 -0.039732 -0.124500 -0.150318 -0.150700 -0.054295 -0.123546 0.121340 0.012970 0.024101 -0.129291 -0.041526 0.022563 0.007314 -0.097384 -0.024848 -0.100889 0.073846 0.121380 0.074622 -0.004242 0.265489 0.235455 0.074897 0.285317 0.171156 0.147691 0.087919 0.096455 0.109092 0.103092 0.128986 0.081117 -0.104281 -0.054217 -0.088456 -0.065540 0.141148 0.025574 -0.281214 -0.278297 -0.107994 -0.111110 -0.260004 -0.207267 -0.011883 -0.029889 0.031319 0.171877 -0.252583 -0.053386 -0.007655 -0.161231 -0.110027 0.083898 0.104221 0.219264 0.214556 -0.000138 0.049452 -0.004437 0.048203 -0.055312 -0.013125 0.178681 0.191107 0.082817
-0.331187 -0.367825 0.016873 -0.025665 -0.050246 0.451068 -0.238215 0.002608 -0.310571 -0.263050 -0.365221 -0.316328 -0.298225 -0.328039 -0.194624 -0.252347 -0.029976 0.055783 -0.366125 -0.145462 0.214059 1.000000 0.207179 0.193020 0.376430 0.563471 0.359651 0.567539 -0.119329 -0.200672 0.076337 0.401688 -0.205934 -0.107450 0.086228 -0.059124 -0.303516 0.006167 0.218387 0.316017 0.306545 0.136114 0.422044 0.412590 0.245216 0.279736 0.193751 0.191489 0.114515 0.039895 0.249893 0.364094 0.043808 0.187025 -0.056677 0.192446 0.030972 0.001500 -0.219689 0.099262 -0.384050 -0.271750 -0.132284 -0.325091 0.006821 -0.066341 0.035922 0.219315 -0.039764 -0.058349 0.019619 0.309171 -0.193851 -0.147222 -0.226215 -0.234647 -0.409859 -0.188925 0.010905 0.041979 -0.045602 -0.074174 -0.088395 -0.133315 -0.004202 0.330018 0.214373 0.208603 -0.052131 -0.104967 -0.289272 -0.306112 -0.245296 -0.370393 0.039939 -0.189799 0.159445 0.022941 -0.099250 -0.098944 -0.236536 -0.172008 -0.303859 -0.277994 -0.124723 -0.026661 -0.228048 -0.090474 -0.156825 -0.194734 -0.091864 -0.119316 0.097275 0.154207 -0.015171 -0.097866
-0.354845 -0.268340 0.393291 0.166036 0.079246 0.144569 0.011375 -0.145315 -0.004091 -0.225981 -0.011272 -0.376257 -0.024630 -0.456834 0.195838 -0.126738 -0.419209 -0.316243 -0.121156 -0.218431 0.008370 0.207179 1.000000 0.674221 0.536802 0.373234 0.291813 0.656968 -0.394574 -0.547854 0.180718 0.048547 -0.414973 -0.342176 0.344155 0.334366 -0.265661 -0.008142 0.064404 0.030597 -0.009718 -0.171605 0.263528 0.314511 -0.051494 0.016950 0.220224 0.273720 0.291612 -0.043120 0.794225 0.471947 -0.025398 0.464194 -0.018176 0.252004 -0.275177 -0.305477 -0.439256 -0.249137 -0.292165 -0.527724 -0.499482 -0.723626 0.156022 0.008908 -0.281529 0.148531 -0.443105 -0.259798 0.077016 0.112896 -0.394353 -0.298894 -0.120004 -0.094384 -0.108240 -0.273593 -0.301322 -0.216862 -0.531592 -0.394095 0.044048 -0.311415 0.425464 0.248763 0.465133 0.264891 0.590350 0.110434 0.009554 0.050447 0.178874 0.289590 -0.037861 0.042164 0.022152 -0.003407 -0.084075 -0.121119 0.029205 -0.081838 -0.200970 -0.329632 -0.224207 -0.244598 -0.282525 -0.146814 -0.010709 0.032988 -0.069147 -0.028679 0.052225 0.042407 0.052777 -0.124579
-0.318837 -0.172947 0.058070 0.411081 -0.031200 0.116993 0.032806 0.061123 -0.147745 0.012032 -0.075803 -0.163619 -0.269179 -0.414688 0.185715 -0.078907 -0.374660 -0.258687 0.069529 0.199266 -0.153312 0.193020 0.674221 1.000000 0.414983 0.155305 0.123723 0.428495 -0.286583 -0.558340 0.184500 0.067679 -0.371250 -0.334275 0.220946 0.290145 -0.408933 -0.166727 -0.195302 -0.020849 -0.023980 -0.201669 0.044319 0.089650 -0.031425 0.068200 0.112606 0.093073 0.233194 -0.010967 0.432658 0.394167 -0.002707 0.304259 -0.151208 0.159711 -0.283768 -0.310234 -0.416060 -0.118567 -0.416029 -0.388515 -0.466770 -0.528885 0.095393 0.079793 -0.156956 0.209147 -0.202106 0.117226 -0.026409 0.027428 -0.485073 -0.391412 -0.229770 -0.153536 -0.255671 -0.271677 -0.309399 -0.251970 -0.410322 -0.362564 0.195600 0.007881 0.525267 0.384414 0.455253 0.203891 0.416393 0.166451 0.170982 0.190688 0.399248 0.292589 -0.045644 -0.053379 -0.216842 -0.148400 -0.055304 -0.082695 0.058816 -0.051284 -0.188283 -0.225728 -0.056091 -0.105184 -0.141678 -0.098029 0.020883 -0.115995 -0.111411 -0.126340 0.108255 -0.064943 -0.095621 -0.107185
-0.377979 -0.182143 0.250392 0.011771 0.089858 0.450183 -0.210781 -0.278650 -0.132117 -0.270387 -0.385830 -0.604240 -0.377958 -0.487251 -0.094519 -0.210792 -0.059210 -0.053322 -0.085598 0.083851 0.224872 0.376430 0.536802 0.414983 1.000000 0.545083 0.487437 0.508488 -0.067753 -0.276059 0.214881 0.299891 -0.291266 -0.313712 0.197056 -0.071897 -0.136963 0.047157 0.161281 0.250937 0.202166 0.111758 0.298327 0.202468 -0.082075 0.017917 0.188505 0.097581 0.061457 -0.054225 0.330323 0.297685 0.107541 0.117133 0.035173 0.202975 0.069158 0.059740 -0.391286 0.071252 -0.452330 -0.382067 -0.330744 -0.375897 -0.171138 -0.319993 0.016931 0.149891 -0.070157 -0.047334 -0.003815 0.178908 -0.289875 -0.126464 -0.189564 -0.187266 -0.266241 -0.332707 0.072203 0.137190 -0.033512 0.006300 -0.091682 -0.155489 0.118980 0.226505 0.453695 0.249898 0.171478 -0.054831 -0.022203 -0.007844 -0.061902 -0.056208 0.029495 -0.057954 0.016701 0.028723 -0.233320 -0.071555 -0.035661 -0.069746 -0.244928 -0.206519 0.015116 0.063570 -0.062329 -0.133248 0.004818 -0.093579 -0.098271 -0.016880 0.149189 0.061025 0.040126 0.144806
-0.368637 -0.305249 0.225481 -0.044280 -0.116646 0.435378 -0.239561 -0.054168 -0.304677 -0.266412 -0.324574 -0.462951 -0.346534 -0.356911 -0.266262 -0.311753 -0.080133 -0.121017 -0.240258 -0.203998 0.467520 0.563471 0.373234 0.155305 0.545083 1.000000 0.241052 0.551034 -0.141715 -0.099394 0.392099 0.594237 -0.163404 0.071841 0.234642 0.140884 -0.059415 0.019757 0.287567 0.208530 0.157981 0.092624 0.322609 0.286628 -0.016254 0.175671 0.136687 0.202474 -0.093023 -0.176205 0.298823 0.194522 -0.216635 0.146096 -0.196729 0.238167 0.035524 -0.159178 -0.363643 -0.141693 -0.318457 -0.283494 -0.266522 -0.406810 0.064039 0.000694 -0.107032 0.230251 -0.182477 -0.221816 0.199781 0.347690 -0.179164 -0.014178 -0.107170 0.034227 -0.133885 -0.058874 -0.036077 0.019946 -0.085044 -0.078039 -0.261416 -0.215820 0.056404 0.253839 0.224108 0.116725 0.013499 -0.146208 -0.290533 -0.301600 -0.220136 -0.306381 0.091825 -0.102886 0.134705 0.170456 -0.192303 -0.088327 -0.029272 -0.185819 -0.199718 -0.216690 -0.148865 -0.039018 -0.148295 -0.146988 0.033563 0.030094 0.037003 -0.020221 -0.046536 0.209758 0.273893 -0.022069
-0.085825 -0.149223 0.113130 -0.169559 0.280910 0.551881 -0.261516 -0.380787 -0.123299 -0.351188 -0.230222 -0.393543 -0.257965 -0.380681 -0.074582 -0.144120 0.124846 0.051996 -0.075745 -0.033830 0.250974 0.359651 0.291813 0.123723 0.487437 0.241052 1.000000 0.568164 -0.092910 -0.272028 -0.045212 0.038937 -0.149092 -0.140487 0.225326 0.018517 -0.056928 0.072596 0.273781 0.214620 0.228663 0.052967 0.321890 0.273778 0.000390 0.026110 0.078830 0.180162 -0.050286 0.008996 0.222482 0.102586 -0.105338 0.038750 0.174904 0.099476 0.222798 0.236513 -0.185627 -0.022132 -0.230234 -0.314780 -0.168154 -0.238437 -0.202188 -0.295263 0.053325 0.055807 0.226333 0.084874 -0.035996 0.121863 -0.186420 -0.171252 -0.189868 -0.308927 -0.138025 -0.253151 0.188461 0.272285 0.069299 0.049528 0.006465 -0.047772 -0.031154 -0.007638 0.332274 0.327284 0.005573 -0.068005 -0.070076 0.013232 -0.198056 -0.155848 0.064945 -0.098924 0.141426 0.101384 -0.234354 -0.043615 -0.051660 -0.060749 -0.329612 -0.038079 0.167097 0.235563 -0.029838 0.143756 0.022673 -0.059398 0.100910 0.009390 0.130268 0.132719 0.111621 0.261942
-0.232000 -0.197964 0.200819 0.022558 0.007904 0.523014 -0.336207 -0.230216 -0.225517 -0.350537 -0.219601 -0.494442 -0.221459 -0.559170 -0.006000 -0.181646 -0.224627 -0.146828 -0.238665 -0.129235 0.264316 0.567539 0.656968 0.428495 0.508488 0.551034 0.568164 1.000000 -0.336858 -0.462819 0.000773 0.142265 -0.246324 -0.177094 0.256550 0.184579 -0.224860 0.075246 0.371557 0.383036 0.288257 0.101820 0.391231 0.425768 -0.059146 0.058262 0.232983 0.304027 0.056712 -0.105644 0.541659 0.367967 -0.085570 0.305396 0.064666 0.270101 0.017397 -0.091667 -0.372583 -0.138363 -0.359326 -0.519199 -0.336281 -0.625487 -0.013927 -0.138239 -0.079382 0.235040 -0.038988 -0.049780 0.058857 0.208428 -0.325791 -0.292846 -0.150456 -0.164481 -0.202185 -0.231094 -0.103850 -0.063841 -0.316711 -0.278718 -0.032866 -0.282581 0.182007 0.240377 0.481780 0.322690 0.268142 0.075753 -0.092965 -0.060739 -0.024992 -0.045289 0.085536 -0.081350 0.209262 0.073645 -0.138362 -0.070094 -0.135421 -0.164312 -0.301704 -0.297571 -0.140531 -0.042496 -0.305543 -0.106584 -0.035620 -0.064477 -0.012669 -0.111181 0.104230 0.102077 0.123910 -0.036097
0.189677 0.333539 -0.267822 -0.146279 -0.030312 -0.176577 0.059070 -0.223308 -0.072679 0.030944 0.179828 0.179372 -0.013291 0.391176 0.160194 0.196542 0.555555 0.503566 0.438664 0.388573 0.061084 -0.119329 -0.394574 -0.286583 -0.067753 -0.141715 -0.092910 -0.336858 1.000000 0.627025 0.231298 0.426519 0.337984 0.333289 -0.344193 -0.489415 0.054313 0.101767 0.143756 0.147560 0.407950 0.480657 -0.269979 -0.388202 -0.164182 -0.359205 -0.155971 -0.552023 -0.307852 -0.112805 -0.572438 -0.219202 0.102987 -0.203407 0.021879 -0.319435 0.183223 0.298063 0.176116 0.114456 0.102193 0.277140 0.487604 0.577505 -0.150654 -0.352236 -0.031073 -0.537746 0.303916 -0.086049 -0.047500 -0.199951 0.610010 0.399019 0.438541 0.147768 -0.088147 -0.199352 0.569605 0.528891 0.706205 0.703590 0.396678 0.591318 -0.076432 0.029990 -0.029698 -0.151696 -0.308962 -0.113843 -0.351234 -0.339341 -0.434593 -0.328518 -0.304506 -0.365606 -0.331180 -0.342866 -0.118752 -0.080950 -0.250703 -0.104194 -0.135130 -0.179396 -0.188095 -0.058572 -0.110745 -0.231853 -0.272522 -0.495900 -0.454112 -0.127000 -0.000239 -0.157319 -0.177321 -0.121595
0.238405 0.402465 -0.341806 -0.087373 -0.140242 -0.222084 -0.030593 -0.055893 -0.029378 0.055685 0.195960 0.309261 0.075094 0.450959 0.028127 0.181239 0.508095 0.562413 0.198284 0.177054 0.115698 -0.200672 -0.547854 -0.558340 -0.276059 -0.099394 -0.272028 -0.462819 0.627025 1.000000 0.109609 0.184544 0.395065 0.472862 -0.286733 -0.363218 0.447545 0.124019 0.242134 0.017335 0.197199 0.359643 -0.329109 -0.385156 -0.108833 -0.285022 -0.124151 -0.347173 -0.305454 -0.032554 -0.593427 -0.386151 -0.044475 -0.279788 0.079125 -0.236581 0.236081 0.240348 0.199034 0.076568 0.130390 0.410812 0.435041 0.577223 -0.144824 -0.201987 -0.052509 -0.447901 0.224506 -0.134923 0.059284 -0.017768 0.676075 0.563540 0.448861 0.189153 0.181245 0.220988 0.334526 0.218962 0.497433 0.527068 0.027483 0.382968 -0.266387 -0.144395 -0.162257 -0.299250 -0.433565 -0.122655 -0.381848 -0.424704 -0.377440 -0.438307 -0.042128 -0.096826 -0.088270 -0.014295 -0.009151 -0.095992 -0.100222 -0.137869 0.099233 -0.073223 -0.175022 -0.076520 -0.031699 -0.002017 -0.050152 -0.097036 -0.168192 -0.060935 -0.111021 -0.009046 0.050862 -0.006217
-0.263508 -0.157865 0.144030 -0.120421 -0.053610 -0.107869 0.154135 -0.132115 -0.159940 -0.142605 -0.106646 -0.122092 -0.164353 -0.042282 0.073645 -0.178733 -0.074151 -0.137210 0.271209 0.003170 0.239594 0.076337 0.180718 0.184500 0.214881 0.392099 -0.045212 0.000773 0.231298 0.109609 1.000000 0.675784 -0.144430 0.045979 0.083157 0.099016 -0.180995 -0.089780 -0.090866 -0.249724 -0.096516 -0.136642 -0.009620 -0.077192 0.180582 0.086396 0.125882 -0.159058 -0.084511 -0.107238 -0.043265 0.036293 -0.054666 0.123109 -0.266554 0.053251 -0.243987 -0.184619 -0.100817 -0.080539 -0.168177 -0.072025 -0.027811 -0.097245 0.156376 -0.130359 -0.134695 -0.005014 -0.097883 -0.118157 0.212329 0.024678 0.099680 0.026683 0.025793 0.152014 0.068220 -0.014814 0.009276 -0.056474 -0.033667 -0.009559 0.111295 0.161080 0.260442 0.138563 0.181014 -0.129878 -0.081629 -0.237257 -0.255695 -0.163141 -0.225244 -0.024013 -0.179702 -0.127837 -0.229406 -0.098648 -0.012970 -0.025949 0.122748 -0.048639 0.001753 -0.081944 -0.110701 -0.112794 0.070348 -0.100292 -0.054434 -0.014770 -0.091740 0.080177 -0.079753 0.080922 -0.057665 -0.184935
-0.369559 -0.208373 0.053492 0.016885 -0.133109 0.191634 -0.010415 0.011103 -0.214268 -0.048416 -0.237569 -0.190142 -0.305049 -0.034499 -0.087967 -0.170755 0.073444 0.062227 0.159108 0.023739 0.308865 0.401688 0.048547 0.067679 0.299891 0.594237 0.038937 0.142265 0.426519 0.184544 0.675784 1.000000 -0.112359 0.184252 -0.022849 -0.072451 -0.248954 -0.100569 0.022446 0.026335 0.261594 0.155361 0.057942 -0.015560 0.094286 0.086962 0.144379 -0.228315 -0.215559 -0.228204 -0.091570 0.058716 -0.151481 0.078965 -0.334904 -0.077714 -0.141122 -0.131408 -0.211636 -0.033293 -0.210666 -0.005387 -0.031254 0.008272 0.190551 -0.037857 -0.093039 -0.018705 -0.018530 -0.204834 0.170963 0.184599 0.125709 0.048763 0.024528 0.139828 -0.160991 -0.182543 0.294571 0.160617 0.260282 0.260452 0.155683 0.306735 0.152799 0.294586 0.116129 -0.084182 -0.147456 -0.270915 -0.386248 -0.398512 -0.286079 -0.280719 -0.212605 -0.353713 -0.302257 -0.197377 -0.162421 -0.122177 -0.108917 -0.170626 -0.206903 -0.299118 -0.166999 -0.082811 -0.144693 -0.289954 -0.270814 -0.351255 -0.276367 -0.040709 -0.081248 0.146660 -0.028036 -0.122983
0.253823 0.205671 -0.348913 -0.118665 -0.134090 -0.140773 -0.254288 -0.109345 -0.190811 0.072887 0.069889 0.128298 0.000185 0.236587 -0.088854 0.108627 0.271580 0.239161 0.211615 0.256982 0.037516 -0.205934 -0.414973 -0.371250 -0.291266 -0.163404 -0.149092 -0.246324 0.337984 0.395065 -0.144430 -0.112359 1.000000 0.552993 -0.038839 -0.212074 0.258435 0.154075 0.302936 0.124161 0.230522 0.290225 -0.093323 -0.129874 -0.181412 -0.272436 -0.119879 -0.182610 -0.277594 -0.077591 -0.409491 -0.312800 0.064764 -0.227149 0.223619 -0.066591 0.151495 0.223408 0.186981 0.101918 0.201947 0.391221 0.435278 0.376529 -0.144966 -0.006618 0.221312 -0.253356 0.195000 -0.005111 -0.305872 -0.327749 0.382431 0.208540 0.387345 0.015859 0.194265 0.195997 0.332523 0.279879 0.327711 0.336912 0.007661 0.073824 -0.097645 0.054076 -0.066072 -0.273335 -0.204137 0.095492 -0.284231 -0.311244 -0.217207 -0.363001 -0.025566 -0.071721 0.011560 -0.136182 0.016955 -0.065751 -0.081386 -0.350824 0.093604 -0.206811 -0.307566 -0.254358 -0.126614 -0.106196 -0.070529 0.019151 -0.129005 -0.085380 -0.120713 -0.203253 -0.025998 -0.238218
0.288641 0.399106 -0.277588 0.085710 -0.004844 -0.057094 -0.108757 -0.026043 0.001324 0.199822 0.153309 0.337587 0.105264 0.416778 0.002649 0.251962 0.237373 0.246420 0.178797 0.249144 0.060555 -0.107450 -0.342176 -0.334275 -0.313712 0.071841 -0.140487 -0.177094 0.333289 0.472862 0.045979 0.184252 0.552993 1.000000 0.070347 0.012640 0.320526 0.078139 0.247248 0.015558 0.213746 0.322749 -0.345739 -0.437800 -0.267982 -0.235980 -0.167842 -0.365317 -0.424586 -0.323415 -0.325168 -0.473841 -0.219108 -0.307858 -0.080186 -0.313836 0.046000 0.188380 0.079529 -0.235968 0.226700 0.428166 0.181199 0.334382 0.061188 0.178947 0.028666 -0.216066 0.191403 -0.049528 0.001442 -0.094684 0.261175 0.267478 0.398187 0.212619 0.226367 0.288281 0.306165 0.281908 0.247376 0.315991 0.104412 0.229285 -0.072989 -0.008345 -0.039333 -0.269000 -0.049809 -0.002440 -0.341614 -0.383120 -0.221848 -0.348330 -0.199519 -0.096584 -0.140538 -0.240786 -0.186450 -0.304439 0.002597 -0.409571 0.052331 -0.244479 -0.371407 -0.298302 -0.134658 -0.160328 -0.260160 0.027748 -0.129337 -0.212283 -0.268261 -0.276328 -0.047715 -0.307839
-0.213057 -0.185888 0.170558 -0.103502 -0.107958 -0.122146 -0.215806 -0.242923 -0.270960 -0.222640 -0.170436 -0.252249 -0.202632 -0.274570 -0.250464 -0.367801 -0.168928 -0.148568 0.049541 0.023114 0.141205 0.086228 0.344155 0.220946 0.197056 0.234642 0.225326 0.256550 -0.344193 -0.286733 0.083157 -0.022849 -0.038839 0.070347 1.000000 0.534137 0.006502 0.226527 0.082494 -0.239589 -0.235905 -0.162618 0.199856 0.174584 0.031115 0.064499 0.254471 0.283005 0.010029 -0.176872 0.347149 -0.023980 -0.247923 0.054608 0.039743 0.089242 -0.155994 -0.061422 -0.244621 -0.184509 -0.195024 -0.190357 -0.320003 -0.380858 0.120613 0.007881 0.226477 0.344922 -0.166723 0.003099 0.119123 0.064450 -0.254120 -0.232878 0.023767 -0.091570 0.160511 0.211060 -0.083914 -0.058166 -0.321966 -0.171842 -0.225155 -0.374427 0.145876 0.040148 0.160509 0.000791 0.141818 -0.176392 0.044557 0.034673 0.138998 -0.000803 -0.115420 0.091598 0.204345 0.125854 0.167700 0.030316 0.125276 -0.168268 -0.068362 -0.063285 -0.059139 0.018235 -0.102229 0.068626 0.126652 0.201563 0.298878 0.184082 -0.080727 0.084647 0.199199 -0.035532
-0.267550 -0.207138 0.108436 -0.018936 0.006816 -0.085514 0.048209 -0.023033 -0.040495 -0.081638 0.025096 0.040811 0.040395 -0.108802 0.014496 -0.177148 -0.443505 -0.497027 -0.056955 -0.245042 0.187631 -0.059124 0.334366 0.290145 -0.071897 0.140884 0.018517 0.184579 -0.489415 -0.363218 0.099016 -0.072451 -0.212074 0.012640 0.534137 1.000000 0.012652 -0.064999 -0.104145 -0.428419 -0.419461 -0.392717 0.002640 0.089450 0.127768 0.307127 0.076889 0.331899 0.105979 -0.203211 0.337824 -0.089787 -0.288617 0.145195 -0.121723 0.040236 -0.378136 -0.379824 -0.219307 -0.390051 -0.035074 -0.064113 -0.382728 -0.374120 0.273849 0.343179 -0.050666 0.410447 -0.280894 -0.032985 0.163819 0.134915 -0.392810 -0.278977 -0.054960 0.105087 0.283887 0.388054 -0.313901 -0.336311 -0.481681 -0.398208 -0.038960 -0.248367 0.271680 -0.035628 0.132512 0.091697 0.190925 -0.116630 0.246168 0.170050 0.336716 0.259213 -0.036194 0.320619 0.119065 0.140035 0.171520 0.071339 0.286572 -0.035791 0.107518 0.129843 0.075855 0.040787 0.149679 0.116804 0.204344 0.348731 0.437933 0.212197 -0.139556 0.100349 0.288035 -0.049101
