1.000000 0.641105 0.006456 -0.102145 0.013820 0.121272 0.037980 0.135352 0.099020 0.081666 0.521409 0.484189 0.536208 0.447096 0.384540 0.295426 0.464877 0.449586 0.094719 -0.123923 0.139186 0.075576 -0.157457 -0.476974 -0.266884 -0.220422 0.185386 0.022432 0.361501 0.214945 -0.080821 -0.230357 0.196999 0.362795 0.242389 0.029662 0.151845 -0.079975 -0.019974 -0.309765 0.126579 -0.162224 -0.447242 -0.219367 -0.044545 -0.066605 -0.433188 -0.333861 -0.017612 0.103530 -0.334530 -0.310213 -0.518031 -0.398697 -0.247412 -0.258651 0.660392 0.514039 0.472434 -0.018901 0.694992 0.478615 0.535475 0.535553 0.383045 0.066764 0.044284 -0.296387 0.100008 -0.169622 -0.098169 -0.161527 0.267474 -0.164709 0.040123 -0.123818 -0.233838 -0.201643 0.156916 0.139833 0.295850 0.322874 0.326744 0.226642 0.315712 0.177217 0.160922 0.057412 0.263334 -0.174684 -0.665658 -0.608949 -0.325852 -0.552174 -0.268920 -0.264471 -0.302212 -0.160780 -0.328409 -0.343862 -0.221530 -0.488274 -0.391513 -0.509900 -0.389152 -0.325307 0.155607 0.020248 -0.302579 0.012754 -0.183673 -0.278938 -0.139483 -0.073732 0.069292 -0.053917
0.641105 1.000000 -0.000493 -0.062925 0.060423 0.212065 -0.119368 0.191726 0.059879 0.115114 0.361544 0.551330 0.299072 0.451236 0.287027 0.146996 0.364428 0.517445 0.120619 0.033465 0.056796 -0.163476 -0.101915 -0.422404 -0.053711 -0.041123 0.226460 0.112454 0.099017 -0.021448 -0.150558 -0.268368 0.256123 0.479290 0.288133 0.243552 -0.141727 -0.315630 -0.230022 -0.312523 -0.140109 -0.252934 -0.368430 -0.185414 0.167786 0.170518 -0.372037 -0.232960 0.029831 0.190471 -0.257986 -0.251712 -0.559198 -0.491286 -0.360313 -0.355988 0.634553 0.737055 0.531790 0.133384 0.494721 0.574222 0.312055 0.480478 0.152444 0.050704 0.094414 -0.040995 0.290174 0.226984 -0.160757 -0.056217 0.040056 -0.336383 -0.133337 -0.222455 -0.473323 -0.345742 0.072247 0.088702 0.279840 0.362799 0.242011 0.121910 0.444432 0.194962 0.170220 0.022574 0.326006 -0.278772 -0.576794 -0.597414 -0.275394 -0.484638 -0.437892 -0.356401 -0.260539 -0.296736 -0.252025 -0.430688 -0.240327 -0.283743 -0.356175 -0.520852 -0.534282 -0.557187 0.123004 -0.062053 -0.285288 -0.083485 -0.104329 -0.260837 -0.032644 -0.048034 -0.082187 -0.174003
0.006456 -0.000493 1.000000 0.372104 0.321315 0.411499 0.210100 0.234369 0.205954 0.286051 -0.003032 -0.162297 -0.109796 -0.030890 0.074136 0.191249 -0.104340 -0.193394 0.377491 0.123809 0.147423 0.284419 0.594170 -0.021649 0.412474 0.362559 0.402062 0.376153 0.049280 -0.110535 0.291887 0.177213 0.124600 0.186773 -0.066708 -0.161402 0.104554 -0.375325 0.191753 0.004494 0.056092 -0.366931 0.217736 0.172357 -0.078049 -0.209989 0.133935 0.164993 -0.173663 -0.277461 -0.136672 0.037019 -0.032863 0.103308 -0.157787 -0.224255 -0.084045 -0.135279 -0.171642 -0.310997 0.001832 -0.174009 -0.048039 0.046385 -0.291550 -0.192711 0.102683 0.034567 -0.068401 0.053575 0.331922 0.165606 -0.120320 -0.005013 -0.128247 0.010472 -0.031534 -0.001373 -0.080680 -0.034351 0.002857 -0.024129 0.231397 0.022173 0.154256 -0.229443 -0.262996 -0.204152 0.170955 -0.283903 -0.207144 -0.058203 -0.300462 -0.109233 0.067417 -0.049874 0.026268 0.048855 0.002489 0.000612 -0.230346 -0.202789 -0.373655 -0.097541 -0.086076 -0.010897 0.043241 0.194871 0.055232 0.051825 0.030538 0.168973 0.060934 -0.137813 0.097721 0.038350
-0.102145 -0.062925 0.372104 1.000000 0.260379 0.203961 -0.067458 0.477278 0.164973 0.238236 0.137693 0.083480 -0.044821 0.080458 0.060513 0.347506 -0.121890 -0.097208 0.403336 0.127612 0.049399 0.161911 0.580770 0.500554 0.284609 0.521476 0.186195 0.307597 0.063669 -0.063931 0.390760 0.558780 -0.289183 0.026742 -0.192224 -0.288975 -0.113093 -0.071044 0.081078 0.075535 0.031775 -0.104478 0.112930 -0.071801 -0.256326 -0.230931 -0.204215 -0.181833 -0.268639 -0.407868 -0.014653 -0.067107 0.095127 0.102696 -0.044976 -0.193285 -0.224867 -0.281687 -0.328216 -0.296630 -0.141394 -0.143151 -0.055662 -0.256670 -0.007989 0.119167 -0.199256 -0.040491 -0.089500 -0.069153 0.400731 0.202863 -0.144541 0.021149 -0.042803 0.219306 0.113268 0.260419 -0.222610 -0.157681 -0.066454 -0.244090 0.258827 0.159787 0.006371 -0.182958 -0.084900 -0.158918 0.037206 -0.092868 0.014351 0.076834 0.045634 -0.050361 0.011666 0.017270 -0.133284 -0.201882 -0.229602 -0.080503 -0.079627 -0.067599 -0.176719 0.001549 -0.035330 0.005984 -0.155367 0.000832 0.037491 -0.033072 -0.069759 -0.120992 -0.267813 -0.123559 -0.009624 0.066534
0.013820 0.060423 0.321315 0.260379 1.000000 0.735108 0.189573 0.166692 0.665874 0.785010 0.263663 0.075232 0.169189 0.346144 0.428702 0.590706 0.135899 0.027321 0.330173 0.208636 0.285188 0.329658 0.355353 0.037520 0.494551 0.398524 0.739630 0.601245 0.254066 -0.091935 0.041848 0.188751 0.241048 0.223856 0.010462 -0.125414 0.067067 -0.382614 0.084660 -0.060696 -0.000458 -0.415733 0.091065 -0.029464 -0.150546 -0.216226 -0.084318 -0.055010 -0.328913 -0.399785 -0.265239 -0.061238 -0.039368 -0.009485 -0.288480 -0.483139 0.092306 -0.101221 -0.040648 -0.340113 0.255074 0.169429 0.295904 0.186016 -0.011572 -0.081137 0.068513 -0.117854 -0.131709 0.152293 0.079407 -0.051212 -0.002485 -0.282789 -0.231330 -0.066454 -0.110552 -0.260340 -0.027139 -0.100051 0.210791 -0.050910 0.430677 0.408521 0.066288 -0.226191 -0.467265 -0.294892 0.188455 -0.462632 -0.146007 -0.207293 -0.122862 -0.363503 -0.113502 -0.201845 -0.011319 -0.263723 -0.017117 -0.262793 -0.264634 -0.366526 -0.460110 -0.355250 -0.150375 -0.047858 0.038745 0.106894 -0.061631 0.063064 -0.084554 -0.030940 -0.300185 -0.222929 -0.133310 -0.067730
0.121272 0.212065 0.411499 0.203961 0.735108 1.000000 0.134633 0.121249 0.560639 0.678356 0.227076 0.027146 0.080714 0.169120 0.428595 0.487180 0.136647 0.058530 0.269678 0.325643 0.354685 0.404322 0.393645 0.002137 0.548384 0.533991 0.801556 0.787478 0.164790 -0.195587 0.080469 0.150733 0.281129 0.431201 0.019669 -0.052545 0.081878 -0.527746 0.055224 -0.092475 -0.036630 -0.437498 0.029609 -0.023866 0.043032 0.016925 -0.014902 -0.028407 -0.365302 -0.292162 -0.267216 -0.205765 -0.224608 -0.141852 -0.370522 -0.558576 0.281538 0.138001 0.047809 -0.263268 0.312005 0.135565 0.240990 0.293351 -0.113216 -0.144087 0.188933 0.100398 -0.005716 0.277246 0.086963 -0.003170 -0.098017 -0.356585 -0.334169 -0.154803 -0.320267 -0.330314 0.050836 -0.020041 0.363263 0.097777 0.437806 0.397495 0.299716 -0.142459 -0.338837 -0.255420 0.315850 -0.412636 -0.248350 -0.351725 -0.257035 -0.434819 -0.226585 -0.364679 -0.143916 -0.347134 0.039176 -0.363507 -0.366272 -0.399365 -0.516252 -0.511098 -0.280144 -0.312823 0.166346 0.003549 -0.147713 -0.069562 -0.178064 -0.090559 -0.192650 -0.342390 -0.151518 -0.171392
0.037980 -0.119368 0.210100 -0.067458 0.189573 0.134633 1.000000 0.171783 0.410874 0.234243 -0.109890 -0.087044 0.139911 0.117351 0.123188 0.206763 -0.163366 -0.182085 0.031302 -0.006187 0.105382 0.092333 0.132040 -0.072809 0.126130 0.041056 0.192507 0.145505 0.094696 0.074094 0.029740 -0.015322 0.348644 0.103453 -0.090114 -0.095154 0.325601 -0.123413 0.237340 0.053723 0.166104 0.066450 -0.085343 -0.072661 -0.084369 -0.255763 -0.100709 -0.198231 0.106877 -0.089889 0.180338 0.086175 0.125209 -0.085979 0.026212 -0.191605 -0.224016 -0.231733 0.262495 -0.111023 0.216025 0.081053 -0.029581 0.019951 0.150685 0.039804 0.152794 -0.099453 -0.124235 -0.027899 0.141680 0.027403 0.144978 0.157318 0.176019 0.170093 0.094958 -0.172598 0.011409 0.006971 -0.046484 -0.015901 -0.064937 0.059313 0.065636 -0.176752 -0.272133 0.026168 0.217287 -0.094419 -0.122072 -0.094412 -0.049381 -0.047888 -0.209200 -0.268509 -0.019496 -0.160544 0.026059 -0.162670 -0.185233 -0.210076 -0.152660 -0.186428 -0.058916 -0.036330 -0.070347 0.037055 -0.041033 -0.170370 -0.261957 -0.097981 -0.147915 -0.037827 -0.102615 -0.075454
0.135352 0.191726 0.234369 0.477278 0.166692 0.121249 0.171783 1.000000 0.134860 0.395454 0.137431 0.219047 0.030816 0.339977 0.067993 0.364508 -0.122506 -0.113618 0.270249 -0.009757 -0.006043 -0.102957 0.311274 0.147627 0.218373 0.335888 0.179191 0.035529 -0.046418 -0.031456 0.230660 0.227152 -0.168610 0.060563 -0.062882 -0.208263 -0.025417 -0.142980 0.020636 -0.114633 0.159658 -0.043557 -0.040371 -0.040886 -0.105952 -0.108126 -0.239097 -0.246713 0.010338 -0.003224 0.071938 0.079027 -0.073821 -0.064636 -0.095782 -0.239860 -0.118374 -0.124428 0.072404 -0.061316 0.027097 0.206306 0.026873 -0.126107 0.008262 0.143280 -0.131319 -0.098365 -0.131116 0.037115 0.163788 0.171571 -0.083139 0.065294 0.010678 0.110004 0.011208 0.042733 -0.259737 -0.231484 -0.094901 -0.190564 0.123949 0.066050 0.033935 -0.027217 -0.113092 -0.115751 0.011696 -0.258765 -0.122952 -0.145453 -0.005261 -0.233269 -0.127770 -0.083220 -0.131531 -0.123047 -0.199284 -0.171000 -0.022367 -0.157633 -0.114286 -0.130387 -0.097226 -0.062549 0.056713 0.053963 -0.036680 -0.126942 -0.183900 -0.139029 -0.232344 -0.054528 -0.100563 -0.091369
0.099020 0.059879 0.205954 0.164973 0.665874 0.560639 0.410874 0.134860 1.000000 0.610298 0.390657 0.093840 0.330373 0.294255 0.644628 0.420485 0.295442 0.077184 0.254031 0.255812 0.198986 0.294073 0.410150 0.084157 0.292242 0.328508 0.590838 0.498447 0.327881 -0.077108 -0.121716 0.125703 0.201502 0.112234 0.000042 -0.256892 0.144643 -0.226673 0.176898 -0.042019 0.010393 -0.291699 -0.090798 -0.143677 -0.272770 -0.292201 -0.266379 -0.204371 -0.333372 -0.380785 -0.110054 -0.191721 -0.081169 -0.076041 -0.229550 -0.440025 0.131273 -0.067679 0.011685 -0.345351 0.307546 0.067952 0.339690 0.177431 0.274122 -0.060683 -0.007990 -0.246020 -0.093461 0.050024 -0.010790 -0.200009 0.103769 -0.166229 -0.110521 -0.000786 -0.078516 -0.200494 0.084169 -0.028007 0.328236 -0.009582 0.504508 0.305102 0.197226 -0.234357 -0.197466 -0.131992 0.308478 -0.348394 -0.166394 -0.150629 -0.049806 -0.230883 -0.165088 -0.310814 -0.129992 -0.236351 -0.117475 -0.222591 -0.235796 -0.236631 -0.398048 -0.337110 -0.074546 -0.041613 -0.080926 0.082609 -0.084978 -0.085958 -0.188205 -0.030398 -0.250839 -0.192261 -0.184262 0.020686
0.081666 0.115114 0.286051 0.238236 0.785010 0.678356 0.234243 0.395454 0.610298 1.000000 0.247970 0.038475 0.164900 0.389797 0.372125 0.533478 0.110074 -0.013763 0.394408 0.152747 0.255816 0.263339 0.371210 -0.004719 0.501493 0.410584 0.708418 0.489093 0.178701 -0.183917 0.070144 0.091175 0.243717 0.166295 0.131211 -0.066270 0.030315 -0.376524 0.161728 -0.119215 0.001156 -0.429967 -0.046960 -0.192477 -0.170362 -0.225979 -0.195562 -0.197806 -0.329326 -0.319257 -0.281775 -0.068829 -0.125612 -0.100076 -0.340405 -0.579647 0.107292 -0.053922 0.081674 -0.211694 0.290513 0.294545 0.223820 0.202627 -0.057065 -0.075948 0.045064 -0.084864 -0.079878 0.235008 -0.056355 0.004875 -0.173944 -0.312390 -0.375202 -0.196199 -0.238812 -0.354817 -0.071828 -0.179292 0.141209 -0.096461 0.402668 0.311527 0.029366 -0.116438 -0.464770 -0.236578 0.259923 -0.443035 -0.044181 -0.153810 -0.034618 -0.286769 -0.158282 -0.201795 -0.076785 -0.212142 -0.062341 -0.223493 -0.185643 -0.294786 -0.408881 -0.303020 -0.039019 -0.021813 0.159491 0.125178 -0.025006 0.004325 -0.054115 0.006087 -0.226954 -0.163258 -0.186385 -0.095481
0.521409 0.361544 -0.003032 0.137693 0.263663 0.227076 -0.109890 0.137431 0.390657 0.247970 1.000000 0.501734 0.656930 0.474432 0.767573 0.329863 0.683349 0.491381 0.168588 0.033914 0.153769 0.212574 0.153084 -0.163523 -0.052373 0.158690 0.320266 0.221271 0.567496 0.135608 -0.105710 0.126152 -0.058148 0.169862 0.051327 -0.243828 0.248561 0.051967 0.044104 -0.213428 0.202045 -0.085672 -0.302347 -0.303851 -0.349087 -0.292295 -0.430598 -0.368467 -0.272052 -0.264072 -0.254728 -0.266087 -0.247708 -0.127133 -0.172929 -0.218197 0.470352 0.170087 -0.001782 -0.338617 0.441738 0.159020 0.698016 0.318345 0.519476 -0.055731 -0.247305 -0.444094 -0.020096 -0.208615 -0.017617 -0.158050 0.347059 -0.085702 0.000882 -0.046719 0.009829 -0.098429 0.292785 -0.066299 0.496098 0.024236 0.687262 0.362960 0.185086 -0.046385 0.300797 -0.026166 0.116068 -0.105715 -0.412854 -0.325491 -0.259814 -0.434646 -0.061782 -0.192096 -0.336432 -0.133162 -0.385391 -0.169187 -0.040825 -0.214577 -0.378318 -0.268060 -0.207957 -0.117033 0.090909 0.191708 -0.143460 -0.015474 -0.243688 -0.219077 -0.293601 -0.035454 0.028814 0.177682
0.484189 0.551330 -0.162297 0.083480 0.075232 0.027146 -0.087044 0.219047 0.093840 0.038475 0.501734 1.000000 0.417192 0.572982 0.409276 0.343973 0.428524 0.570097 0.050175 -0.254734 0.132059 -0.067000 -0.049058 -0.241248 -0.198627 0.039515 0.121192 0.052756 0.340537 0.270615 -0.057578 0.026530 0.004104 0.200213 0.169352 0.125345 0.026508 -0.014415 -0.187043 -0.416846 0.047267 -0.079973 -0.423875 -0.172510 -0.135872 -0.037015 -0.533219 -0.404852 -0.075968 -0.001677 -0.215561 -0.175005 -0.437184 -0.334121 -0.149149 -0.241001 0.359627 0.380392 0.308353 -0.138326 0.427912 0.435074 0.412891 0.338445 0.467804 0.374710 -0.139808 -0.241502 -0.036013 -0.190681 -0.190232 -0.167530 0.315407 -0.055181 0.214246 -0.027821 -0.027969 -0.087516 0.137464 0.255272 0.215483 0.187113 0.245724 0.272060 0.253879 0.075378 0.144326 -0.084317 0.133938 -0.080887 -0.588560 -0.535873 -0.200310 -0.437905 -0.344659 -0.182444 -0.242568 -0.233507 -0.499229 -0.339261 -0.079288 -0.236759 -0.293629 -0.285423 -0.393472 -0.249563 -0.045966 0.044692 -0.204789 -0.069217 -0.239305 -0.309893 -0.320770 0.023885 -0.119001 -0.156024
0.536208 0.299072 -0.109796 -0.044821 0.169189 0.080714 0.139911 0.030816 0.330373 0.164900 0.656930 0.417192 1.000000 0.517408 0.638681 0.377413 0.551814 0.472873 0.117894 0.061534 0.033204 0.198589 -0.058943 -0.239767 -0.095324 -0.065092 0.087610 0.032503 0.594794 0.297489 -0.055261 0.087813 0.117044 0.379314 0.044242 -0.081935 0.330429 0.089883 -0.002696 -0.293914 0.109966 -0.035470 -0.338167 -0.302142 -0.391671 -0.368596 -0.492339 -0.401798 -0.224908 -0.278133 -0.401079 -0.386801 -0.279849 -0.195113 -0.158141 -0.239363 0.426746 0.230648 0.191114 -0.119299 0.648257 0.379665 0.731522 0.453574 0.521216 -0.054818 -0.021234 -0.380884 -0.057573 -0.136536 -0.026514 -0.173902 0.366704 -0.041226 0.054156 0.035918 0.045330 -0.060462 0.187312 0.181706 0.521737 0.187491 0.518636 0.329481 0.121664 -0.106116 0.271916 -0.012982 0.166562 -0.071183 -0.449320 -0.410951 -0.276425 -0.473093 -0.116907 -0.175691 -0.236620 -0.171690 -0.522984 -0.276777 -0.184604 -0.342412 -0.331671 -0.335715 -0.178021 -0.141757 -0.094996 0.092058 -0.109999 -0.018982 -0.245636 -0.310225 -0.332176 -0.077656 -0.003886 0.023903
0.447096 0.451236 -0.030890 0.080458 0.346144 0.169120 0.117351 0.339977 0.294255 0.389797 0.474432 0.572982 0.517408 1.000000 0.472009 0.644105 0.487559 0.449908 0.136947 -0.166711 0.108997 -0.028780 0.026997 -0.250774 0.055566 0.088051 0.251016 0.096779 0.571542 0.262434 -0.017431 0.080339 0.090478 0.226698 0.108810 -0.069948 0.189314 -0.078998 -0.023907 -0.259617 0.138303 -0.142450 -0.443420 -0.407277 -0.175574 -0.308445 -0.540069 -0.503347 -0.084821 -0.138917 -0.327283 -0.238643 -0.404345 -0.434276 -0.337687 -0.488902 0.372955 0.255102 0.363085 -0.065670 0.590336 0.601292 0.544177 0.479798 0.351446 0.199637 -0.006471 -0.294624 -0.117091 -0.088848 -0.147953 -0.170342 0.310151 -0.258962 -0.043979 -0.155329 -0.109116 -0.230593 0.015122 0.055987 0.367259 0.176090 0.460071 0.454536 0.152915 0.026414 -0.071038 -0.093946 0.144146 -0.383286 -0.458143 -0.534866 -0.220713 -0.543448 -0.308613 -0.232957 -0.286750 -0.241864 -0.452304 -0.378559 -0.206440 -0.325877 -0.353878 -0.329528 -0.232074 -0.146899 0.103034 0.165646 -0.237862 -0.020142 -0.213831 -0.419133 -0.384536 -0.115416 -0.204323 -0.106568
0.384540 0.287027 0.074136 0.060513 0.428702 0.428595 0.123188 0.067993 0.644628 0.372125 0.767573 0.409276 0.638681 0.472009 1.000000 0.392203 0.574135 0.365890 0.132528 0.174649 0.328284 0.283988 0.278387 -0.086288 0.095760 0.256651 0.458663 0.453712 0.549382 0.052044 -0.132111 0.097543 0.101947 0.261733 0.116933 -0.115006 0.259997 -0.117767 0.103011 -0.157333 0.073308 -0.191233 -0.334370 -0.298005 -0.275093 -0.275791 -0.359235 -0.369334 -0.362297 -0.330385 -0.246242 -0.356737 -0.299068 -0.246329 -0.271578 -0.353802 0.384157 0.150832 0.077367 -0.334158 0.484060 0.176550 0.578767 0.330675 0.486848 -0.075966 -0.103021 -0.334011 -0.023470 -0.053436 -0.111725 -0.292473 0.247440 -0.270956 -0.105676 -0.081875 -0.115470 -0.220655 0.251330 0.007970 0.531434 0.100826 0.705563 0.480775 0.240300 -0.104287 0.115800 -0.061925 0.237210 -0.133553 -0.422960 -0.383321 -0.239862 -0.460245 -0.209753 -0.307261 -0.220561 -0.221864 -0.340435 -0.342959 -0.257807 -0.351162 -0.444717 -0.371632 -0.203903 -0.110874 0.024109 0.065308 -0.103409 -0.047771 -0.250091 -0.277209 -0.354733 -0.139928 -0.017959 0.067713
0.295426 0.146996 0.191249 0.347506 0.590706 0.487180 0.206763 0.364508 0.420485 0.533478 0.329863 0.343973 0.377413 0.644105 0.392203 1.000000 0.330264 0.257400 0.241017 -0.071750 0.119389 0.176193 0.163389 -0.043588 0.214348 0.348041 0.450701 0.413653 0.534247 0.325719 0.038029 0.355499 0.068022 0.230833 -0.029878 -0.263037 0.292266 -0.152146 0.112216 -0.259351 0.180973 -0.183113 -0.190402 -0.235740 -0.318625 -0.397987 -0.429095 -0.387326 -0.360559 -0.426237 -0.420032 -0.303329 -0.202871 -0.182047 -0.255302 -0.585890 0.238817 -0.015857 0.073184 -0.292020 0.484103 0.428197 0.446074 0.352034 0.142506 0.226818 -0.070558 -0.295006 -0.216760 -0.200478 0.100086 -0.024751 0.247698 -0.171159 -0.040505 0.010759 0.049484 -0.117770 0.023019 0.114403 0.339479 0.055475 0.436664 0.629862 0.160642 -0.165682 -0.266290 -0.312945 0.106269 -0.509358 -0.304864 -0.355350 -0.185894 -0.508048 -0.179007 -0.197771 -0.294574 -0.354505 -0.342170 -0.293327 -0.286681 -0.463073 -0.434870 -0.331972 -0.147521 -0.007723 0.090346 0.199035 -0.215333 -0.050159 -0.312441 -0.329246 -0.403126 -0.236835 -0.216396 -0.107690
0.464877 0.364428 -0.104340 -0.121890 0.135899 0.136647 -0.163366 -0.122506 0.295442 0.110074 0.683349 0.428524 0.551814 0.487559 0.574135 0.330264 1.000000 0.666704 0.093283 -0.089761 0.104148 0.035123 -0.051123 -0.421581 -0.137482 -0.026065 0.158714 0.047396 0.647977 0.332693 -0.245603 -0.090361 0.158392 0.166034 0.155280 -0.189009 0.230263 0.110403 0.127227 -0.237771 0.246842 -0.032073 -0.415595 -0.330097 -0.341710 -0.275225 -0.431144 -0.356660 -0.283581 -0.211757 -0.484451 -0.403546 -0.401612 -0.243349 -0.106151 -0.192731 0.615153 0.417448 0.020555 -0.273708 0.506200 0.300532 0.677655 0.608933 0.368144 -0.013983 -0.208741 -0.456360 0.008897 -0.277142 -0.216090 -0.160008 0.508796 -0.138376 0.033560 -0.052060 -0.076757 -0.080125 0.543630 0.329307 0.634559 0.390893 0.483393 0.424012 0.180443 0.061889 0.207177 0.064351 0.082709 -0.219028 -0.443818 -0.399254 -0.334690 -0.398019 -0.186573 -0.286125 -0.300780 -0.160037 -0.325075 -0.069307 -0.096393 -0.142399 -0.339315 -0.237480 -0.284594 -0.134409 0.037623 0.217788 -0.297969 -0.078623 -0.156045 -0.162319 -0.055244 -0.146405 0.014234 -0.054379
0.449586 0.517445 -0.193394 -0.097208 0.027321 0.058530 -0.182085 -0.113618 0.077184 -0.013763 0.491381 0.570097 0.472873 0.449908 0.365890 0.257400 0.666704 1.000000 0.001628 -0.095234 0.035434 -0.118836 -0.147810 -0.372361 -0.220183 -0.123454 0.009792 0.009689 0.497687 0.292616 -0.267525 -0.167619 0.081819 0.230772 0.028072 -0.045772 -0.035955 -0.089318 -0.117780 -0.236726 0.067832 -0.052879 -0.347370 -0.252705 -0.205176 -0.081215 -0.478568 -0.308361 -0.229225 -0.179363 -0.400821 -0.373767 -0.461847 -0.320100 -0.237981 -0.296512 0.590373 0.563911 0.297488 -0.057043 0.555125 0.470102 0.588692 0.714375 0.424295 0.222488 -0.016014 -0.185424 0.043986 -0.140587 -0.170069 -0.102752 0.422130 -0.123844 0.031609 -0.083092 -0.208900 -0.200096 0.412179 0.319595 0.498373 0.524095 0.331917 0.364866 0.220358 0.031013 0.170785 -0.038448 0.129084 -0.280535 -0.501330 -0.476368 -0.175383 -0.350211 -0.223803 -0.385069 -0.452752 -0.349073 -0.445566 -0.283696 -0.167674 -0.242963 -0.276427 -0.328842 -0.343308 -0.339976 0.049262 0.010982 -0.342852 -0.192281 -0.277065 -0.216131 -0.077849 -0.076766 -0.065246 -0.105387
0.094719 0.120619 0.377491 0.403336 0.330173 0.269678 0.031302 0.270249 0.254031 0.394408 0.168588 0.050175 0.117894 0.136947 0.132528 0.241017 0.093283 0.001628 1.000000 0.402767 0.037593 0.122070 0.413229 0.121147 0.251846 0.208854 0.255770 0.089533 0.136926 -0.176889 0.281728 0.288652 0.083732 0.246219 -0.059140 -0.137953 -0.199162 -0.237697 -0.105522 -0.166930 -0.198949 -0.415106 0.064743 -0.110829 -0.198108 -0.183997 -0.065573 -0.077800 -0.274910 -0.314156 -0.224680 -0.090132 0.031146 0.160586 -0.228060 -0.305755 0.026478 0.058655 0.026116 -0.041114 0.176837 0.064968 0.139268 0.134051 -0.022282 -0.255899 0.184092 -0.037612 0.135067 0.284064 0.210501 0.081636 -0.032841 -0.046527 -0.172869 0.038250 -0.029448 0.112807 -0.150389 -0.060875 0.048845 -0.063143 0.259364 -0.029113 -0.002645 -0.271443 -0.159234 -0.094486 0.022845 -0.189215 -0.072968 -0.089277 -0.213063 -0.201748 -0.129961 -0.103852 -0.207786 -0.219364 -0.153876 -0.129305 -0.190727 -0.168332 -0.323405 -0.156537 -0.210123 -0.086539 -0.081539 0.024047 0.023266 -0.055264 -0.094051 -0.067442 -0.128218 -0.062879 -0.158254 -0.069206
-0.123923 0.033465 0.123809 0.127612 0.208636 0.325643 -0.006187 -0.009757 0.255812 0.152747 0.033914 -0.254734 0.061534 -0.166711 0.174649 -0.071750 -0.089761 -0.095234 0.402767 1.000000 0.084373 0.180428 0.204944 0.295878 0.287663 0.156392 0.221018 0.319902 -0.083324 -0.257520 0.089643 0.097590 0.098977 0.260755 -0.210005 -0.104500 -0.261628 -0.315564 -0.222534 0.050717 -0.322248 -0.240631 0.199494 -0.011256 0.174810 0.142929 0.268432 0.206426 -0.108589 -0.072718 0.006935 -0.158121 0.093174 0.094701 -0.261110 -0.103764 0.060476 0.132718 0.007828 0.242027 0.033013 -0.099140 0.050549 0.060147 -0.168447 -0.469709 0.350533 0.304163 0.372737 0.577358 0.209312 -0.207999 -0.233802 -0.189213 -0.300000 0.032700 -0.274017 -0.173821 -0.152738 -0.130429 0.194925 0.025003 0.229636 -0.013282 -0.009788 -0.266835 -0.045907 -0.003890 0.042581 -0.011101 0.094784 -0.104345 -0.261608 -0.169545 -0.108553 -0.250802 -0.021465 -0.211198 0.136251 -0.296612 -0.214879 -0.056628 -0.107382 -0.193484 -0.098442 -0.236326 0.004806 -0.174542 -0.074085 -0.227578 -0.022423 -0.048484 -0.066453 -0.287639 -0.321803 -0.028312
0.139186 0.056796 0.147423 0.049399 0.285188 0.354685 0.105382 -0.006043 0.198986 0.255816 0.153769 0.132059 0.033204 0.108997 0.328284 0.119389 0.104148 0.035434 0.037593 0.084373 1.000000 0.497000 0.283961 -0.056484 0.206990 0.268101 0.421164 0.436444 0.163612 -0.079144 0.100073 0.067115 0.121264 0.171151 0.081032 0.100070 0.224495 -0.083235 0.223217 0.081337 0.154829 -0.106235 -0.233073 -0.080239 0.010381 0.037680 0.048062 -0.095120 -0.085462 -0.086220 -0.032724 -0.131667 -0.213587 -0.102995 -0.013351 -0.074842 0.138215 0.051735 0.016256 -0.206192 0.193624 -0.000672 0.039126 0.128164 0.056874 -0.058304 -0.033734 -0.009059 -0.022129 0.010491 -0.067706 -0.258055 0.027347 -0.273634 -0.091783 -0.089568 -0.159261 -0.234342 0.225962 0.118885 0.213740 0.173484 0.197075 0.231557 0.168840 0.052538 -0.221937 0.125715 0.133851 0.016898 -0.320841 -0.320850 -0.223354 -0.333945 -0.223354 -0.217270 0.047582 -0.047277 0.069907 -0.177729 -0.118282 -0.302224 -0.226838 -0.291878 -0.276202 -0.218244 0.055800 -0.156797 -0.103107 -0.001380 -0.025379 -0.137120 -0.190630 0.005321 0.062070 -0.121006
0.075576 -0.163476 0.284419 0.161911 0.329658 0.404322 0.092333 -0.102957 0.294073 0.263339 0.212574 -0.067000 0.198589 -0.028780 0.283988 0.176193 0.035123 -0.118836 0.122070 0.180428 0.497000 1.000000 0.274470 0.044276 0.295964 0.328541 0.455119 0.496179 0.368160 0.054339 0.258218 0.350889 0.072994 0.245850 -0.019978 -0.060510 0.234845 -0.048018 0.350089 0.098914 0.158486 -0.163635 0.023252 -0.080798 -0.296299 -0.188946 0.116181 -0.029593 -0.301763 -0.408514 -0.154547 -0.166240 0.019610 0.118290 0.076776 -0.061975 -0.037314 -0.150739 -0.149321 -0.266488 0.174549 -0.113925 0.225018 0.029854 -0.025729 -0.158117 0.121275 -0.054059 -0.118132 -0.001457 0.146397 -0.085246 0.054173 -0.085634 -0.044667 0.121338 0.041467 -0.023129 0.220353 -0.032436 0.253987 0.003370 0.369475 0.213951 0.152867 -0.261889 -0.122171 -0.087380 0.089185 0.031335 -0.206636 -0.230422 -0.376381 -0.387054 0.194423 0.044286 0.120698 0.135975 -0.047571 -0.063769 -0.198108 -0.259722 -0.334392 -0.314673 -0.132571 -0.087702 0.031578 0.064160 0.080380 0.124662 0.006433 -0.194954 -0.257418 -0.139492 0.124647 0.145778
-0.157457 -0.101915 0.594170 0.580770 0.355353 0.393645 0.132040 0.311274 0.410150 0.371210 0.153084 -0.049058 -0.058943 0.026997 0.278387 0.163389 -0.051123 -0.147810 0.413229 0.204944 0.283961 0.274470 1.000000 0.432651 0.532749 0.633351 0.352640 0.416514 0.089665 -0.311162 0.442194 0.488547 -0.016346 0.153137 -0.158777 -0.147741 0.067144 -0.235762 0.169674 0.075652 -0.024746 -0.203908 0.150920 0.086446 -0.211722 -0.252286 -0.052146 -0.027271 -0.372293 -0.410204 -0.037202 -0.161722 -0.135504 0.037568 -0.165134 -0.338221 -0.127779 -0.186311 -0.288406 -0.418942 -0.103205 -0.337371 -0.080266 -0.098972 0.081793 -0.135114 -0.061905 0.047730 -0.065923 0.056937 0.328304 0.180440 -0.195169 0.027196 -0.071325 0.048394 0.002432 0.133325 -0.064695 -0.121554 0.098899 -0.125966 0.358057 0.124227 0.121427 -0.195292 -0.199252 -0.105280 0.156476 -0.250791 -0.137118 0.013675 -0.111136 -0.069138 0.013879 -0.200959 -0.067800 -0.167578 -0.141203 -0.143428 -0.218727 -0.120068 -0.292469 -0.107075 -0.087659 -0.063035 -0.055668 -0.006727 0.037658 -0.087577 0.017396 0.019858 -0.132250 -0.181763 0.014301 0.035209
-0.476974 -0.422404 -0.021649 0.500554 0.037520 0.002137 -0.072809 0.147627 0.084157 -0.004719 -0.163523 -0.241248 -0.239767 -0.250774 -0.086288 -0.043588 -0.421581 -0.372361 0.121147 0.295878 -0.056484 0.044276 0.432651 1.000000 0.228468 0.396058 -0.093637 0.178626 -0.227898 -0.320566 0.269710 0.461844 -0.309960 -0.195826 -0.286134 -0.214913 -0.135710 0.048447 -0.066047 0.325733 -0.213222 0.074878 0.217327 0.052187 -0.061570 -0.070462 0.103360 0.068695 -0.167952 -0.197352 0.232708 -0.047447 0.261110 0.106129 0.134142 0.086974 -0.430376 -0.381535 -0.314237 0.003474 -0.430753 -0.394012 -0.349270 -0.461916 -0.039087 -0.059973 -0.110283 0.239291 0.076174 0.197139 0.283099 0.115132 -0.406681 0.060555 -0.099599 0.129999 0.081674 0.162990 -0.323919 -0.254581 -0.143317 -0.315390 -0.054186 -0.029392 -0.162120 -0.090502 0.003876 -0.010272 -0.048123 0.198545 0.371552 0.325508 0.223877 0.219802 0.177252 0.093013 0.089338 -0.071868 0.115680 -0.049625 0.020191 0.107129 0.202806 0.168276 0.203016 0.096065 -0.107528 -0.215264 0.134465 -0.031496 0.102579 -0.120961 -0.224445 -0.096541 -0.158857 0.097757
-0.266884 -0.053711 0.412474 0.284609 0.494551 0.548384 0.126130 0.218373 0.292242 0.501493 -0.052373 -0.198627 -0.095324 0.055566 0.095760 0.214348 -0.137482 -0.220183 0.251846 0.287663 0.206990 0.295964 0.532749 0.228468 1.000000 0.632877 0.473340 0.431317 -0.014518 -0.363512 0.407207 0.369910 0.109128 0.345233 -0.082202 0.044145 0.103959 -0.374320 0.100010 -0.002651 -0.031911 -0.270248 0.237009 0.109466 0.018591 -0.033489 0.112237 0.147958 -0.218966 -0.237267 -0.110441 -0.006935 -0.072727 0.016458 -0.296737 -0.395112 -0.133549 -0.065953 -0.150664 -0.096231 -0.065102 -0.061658 -0.055969 -0.048620 -0.182225 -0.174455 0.204713 0.279115 0.071860 0.392105 0.175786 0.209250 -0.357382 -0.133046 -0.273680 0.001953 -0.174816 -0.122951 -0.201330 -0.160521 0.097346 -0.141644 0.212825 0.060213 -0.010888 -0.276162 -0.362535 -0.220740 0.112954 -0.351703 0.027054 -0.070446 -0.197027 -0.190931 -0.048980 -0.205978 0.038610 -0.134025 0.065679 -0.184818 -0.109053 -0.103203 -0.263920 -0.120561 -0.108721 -0.117363 0.137494 -0.032854 0.013270 -0.040397 -0.002784 0.030658 -0.105120 -0.265907 -0.095882 -0.032625
-0.220422 -0.041123 0.362559 0.521476 0.398524 0.533991 0.041056 0.335888 0.328508 0.410584 0.158690 0.039515 -0.065092 0.088051 0.256651 0.348041 -0.026065 -0.123454 0.208854 0.156392 0.268101 0.328541 0.633351 0.396058 0.632877 1.000000 0.508808 0.613243 0.100841 -0.316182 0.416573 0.574897 -0.162147 0.165095 -0.047824 -0.143623 0.095353 -0.201422 0.110929 0.022859 0.005733 -0.221646 0.121381 0.025645 -0.235666 -0.212168 -0.114234 -0.129747 -0.428103 -0.465393 -0.060890 -0.110075 -0.059320 0.035603 -0.137821 -0.405462 -0.167118 -0.207076 -0.287991 -0.344094 -0.109213 -0.172505 -0.034667 -0.140460 -0.021644 0.027924 -0.108232 0.117297 -0.035176 0.055482 0.197200 0.188776 -0.265357 -0.171472 -0.233105 -0.023313 -0.123724 -0.000312 0.011778 -0.056234 0.166343 -0.104943 0.292709 0.234063 0.225315 -0.104851 -0.136016 -0.241658 0.158465 -0.193775 -0.020191 -0.066522 -0.093406 -0.163996 -0.001054 -0.206000 -0.108925 -0.194854 -0.201214 -0.162225 -0.155708 -0.073150 -0.296676 -0.060015 -0.137907 -0.031063 0.005597 0.029071 -0.081192 -0.026273 -0.055799 -0.112747 -0.237270 -0.178202 0.051392 -0.033391
0.185386 0.226460 0.402062 0.186195 0.739630 0.801556 0.192507 0.179191 0.590838 0.708418 0.320266 0.121192 0.087610 0.251016 0.458663 0.450701 0.158714 0.009792 0.255770 0.221018 0.421164 0.455119 0.352640 -0.093637 0.473340 0.508808 1.000000 0.715718 0.214913 -0.238000 0.102007 0.079668 0.260801 0.264840 0.156532 -0.037238 0.085296 -0.404413 0.149033 -0.113137 0.032941 -0.442567 -0.014408 -0.098888 -0.052810 -0.133079 -0.103281 -0.135933 -0.233875 -0.261014 -0.212624 -0.076013 -0.148350 -0.110367 -0.295846 -0.506462 0.174116 0.046040 0.035551 -0.345469 0.251785 0.125159 0.205326 0.231006 -0.057829 -0.084187 0.045400 -0.083170 -0.012693 0.180126 0.059940 0.028318 -0.094850 -0.353482 -0.311449 -0.168606 -0.307724 -0.355174 0.061434 -0.070339 0.203449 0.024574 0.393885 0.320440 0.231141 -0.153052 -0.371744 -0.276117 0.310432 -0.311445 -0.212313 -0.338116 -0.279339 -0.418209 -0.192170 -0.263572 -0.055788 -0.198474 -0.042855 -0.309516 -0.189162 -0.345258 -0.444250 -0.420603 -0.270150 -0.155054 0.153730 0.087590 -0.072436 0.114500 -0.115591 -0.121645 -0.330170 -0.220112 -0.055200 -0.040737
0.022432 0.112454 0.376153 0.307597 0.601245 0.787478 0.145505 0.035529 0.498447 0.489093 0.221271 0.052756 0.032503 0.096779 0.453712 0.413653 0.047396 0.009689 0.089533 0.319902 0.436444 0.496179 0.416514 0.178626 0.431317 0.613243 0.715718 1.000000 0.121263 -0.187218 0.063295 0.148815 0.179470 0.283591 0.060054 -0.012733 0.038874 -0.449098 0.105519 0.017548 -0.070340 -0.413590 0.034125 0.013271 -0.016722 -0.049998 0.028884 -0.017244 -0.333586 -0.369655 -0.139088 -0.228486 -0.134316 -0.137595 -0.266193 -0.450880 0.135158 0.022216 -0.027872 -0.262899 0.171903 -0.017887 0.153815 0.144384 -0.054766 0.053394 0.132822 0.194530 0.045846 0.159231 0.128826 -0.147756 -0.134667 -0.378036 -0.264512 -0.139866 -0.322918 -0.360107 0.132418 -0.021915 0.329103 0.083979 0.397249 0.388757 0.399893 -0.119809 -0.217868 -0.208836 0.339366 -0.196036 -0.199389 -0.293279 -0.209789 -0.335362 -0.209183 -0.299009 -0.093077 -0.299351 -0.015315 -0.371370 -0.388300 -0.310711 -0.448974 -0.426176 -0.228147 -0.287503 0.097351 -0.085696 -0.205303 -0.055693 -0.102726 -0.165477 -0.236616 -0.266804 -0.091109 -0.108132
0.361501 0.099017 0.049280 0.063669 0.254066 0.164790 0.094696 -0.046418 0.327881 0.178701 0.567496 0.340537 0.594794 0.571542 0.549382 0.534247 0.647977 0.497687 0.136926 -0.083324 0.163612 0.368160 0.089665 -0.227898 -0.014518 0.100841 0.214913 0.121263 1.000000 0.571629 0.086348 0.376800 0.049849 0.172738 -0.114024 -0.311753 0.473692 0.168763 0.270159 -0.066839 0.404922 0.047820 -0.328092 -0.364742 -0.492949 -0.452704 -0.457125 -0.464837 -0.419547 -0.460369 -0.525674 -0.486131 -0.301733 -0.174082 -0.048465 -0.272565 0.327825 0.084544 0.013393 -0.394003 0.571629 0.246172 0.680032 0.480144 0.387106 -0.034516 -0.092305 -0.531905 -0.189360 -0.376920 0.074603 -0.082515 0.638248 -0.003727 0.131108 0.165024 0.148860 0.007151 0.398226 0.224208 0.597175 0.300312 0.620304 0.584635 0.162248 -0.120656 0.080392 -0.038157 0.054569 -0.281033 -0.473393 -0.401734 -0.415161 -0.541951 0.018183 -0.219883 -0.297042 -0.157488 -0.486021 -0.143687 -0.216113 -0.334203 -0.426233 -0.314845 -0.235227 -0.047353 -0.037996 0.243888 -0.224421 -0.033478 -0.327773 -0.388470 -0.333359 -0.192214 -0.001233 -0.000651
0.214945 -0.021448 -0.110535 -0.063931 -0.091935 -0.195587 0.074094 -0.031456 -0.077108 -0.183917 0.135608 0.270615 0.297489 0.262434 0.052044 0.325719 0.332693 0.292616 -0.176889 -0.257520 -0.079144 0.054339 -0.311162 -0.320566 -0.363512 -0.316182 -0.238000 -0.187218 0.571629 1.000000 -0.042049 0.135348 0.076940 -0.042442 -0.124877 -0.145233 0.318651 0.338481 0.227594 0.004758 0.405587 0.314987 -0.263046 -0.178108 -0.216835 -0.153521 -0.289479 -0.290489 -0.102089 -0.046360 -0.260855 -0.222138 -0.158133 -0.018182 0.209486 0.151589 0.097406 -0.034477 -0.057503 -0.213930 0.257596 0.161116 0.356995 0.204943 0.162675 0.209780 -0.207259 -0.457924 -0.308485 -0.544118 -0.016567 -0.018153 0.696471 0.321797 0.409995 0.368042 0.378708 0.147555 0.318563 0.321077 0.211407 0.272889 0.184366 0.364376 0.118998 0.104905 0.204072 0.140437 -0.128388 -0.042157 -0.316959 -0.185831 -0.316044 -0.288406 0.012132 0.061321 -0.066033 -0.021718 -0.264625 0.093098 -0.022041 -0.167596 -0.102004 -0.077049 -0.129906 0.026503 -0.152199 0.146665 -0.133671 -0.079097 -0.264762 -0.221552 -0.047077 0.008961 0.001318 -0.043572
-0.080821 -0.150558 0.291887 0.390760 0.041848 0.080469 0.029740 0.230660 -0.121716 0.070144 -0.105710 -0.057578 -0.055261 -0.017431 -0.132111 0.038029 -0.245603 -0.267525 0.281728 0.089643 0.100073 0.258218 0.442194 0.269710 0.407207 0.416573 0.102007 0.063295 0.086348 -0.042049 1.000000 0.580452 0.084539 0.280218 -0.091535 0.094881 0.041261 0.035614 0.068691 0.020001 0.087725 0.102035 0.065189 0.123089 -0.005840 -0.068934 -0.029184 -0.082054 -0.126463 -0.138160 -0.006821 -0.063400 -0.051058 0.109507 -0.017238 -0.046160 -0.288741 -0.169921 -0.150864 -0.207234 -0.118502 -0.241660 -0.165281 -0.225735 -0.050617 -0.123725 0.071858 0.125232 -0.124793 -0.008566 0.320587 0.370886 -0.117513 0.211619 0.154817 0.243805 0.119331 0.265777 -0.168291 -0.044376 -0.128826 -0.033746 0.117612 -0.030289 -0.043052 0.054730 -0.124464 -0.041734 -0.007694 -0.061257 -0.167531 -0.074857 -0.311272 -0.165829 0.092468 -0.011946 0.148743 -0.051884 -0.233921 -0.101208 -0.098800 -0.048141 -0.094656 -0.042737 -0.199103 -0.125975 -0.109314 -0.156612 -0.065380 -0.046062 -0.029142 -0.173552 -0.153025 -0.121476 0.014681 -0.075160
-0.230357 -0.268368 0.177213 0.558780 0.188751 0.150733 -0.015322 0.227152 0.125703 0.091175 0.126152 0.026530 0.087813 0.080339 0.097543 0.355499 -0.090361 -0.167619 0.288652 0.097590 0.067115 0.350889 0.488547 0.461844 0.369910 0.574897 0.079668 0.148815 0.376800 0.135348 0.580452 1.000000 -0.317703 0.084212 -0.351371 -0.276902 0.209451 0.176170 0.132305 0.113593 0.136907 0.119757 0.140853 0.014275 -0.337753 -0.308057 -0.140957 -0.144242 -0.412821 -0.469864 -0.121375 -0.182862 0.143246 0.242582 0.070137 -0.105338 -0.293729 -0.421153 -0.437079 -0.413064 -0.128871 -0.283309 0.039421 -0.293320 0.077047 -0.059645 -0.190613 -0.194731 -0.303324 -0.216531 0.359417 0.248530 0.096220 0.162623 0.063164 0.281696 0.358321 0.396625 -0.089512 -0.063551 0.084070 -0.191873 0.296499 0.256894 -0.005357 -0.222428 -0.015345 -0.146849 -0.156273 -0.090503 -0.011306 0.094191 -0.097918 -0.183644 0.274651 0.064343 -0.075790 -0.067634 -0.298095 0.075932 -0.039644 -0.083206 -0.122799 0.029267 -0.015954 0.120892 -0.223401 0.044576 0.070162 0.031822 -0.101733 -0.192486 -0.255006 -0.005527 0.078735 0.174264
0.196999 0.256123 0.124600 -0.289183 0.241048 0.281129 0.348644 -0.168610 0.201502 0.243717 -0.058148 0.004104 0.117044 0.090478 0.101947 0.068022 0.158392 0.081819 0.083732 0.098977 0.121264 0.072994 -0.016346 -0.309960 0.109128 -0.162147 0.260801 0.179470 0.049849 0.076940 0.084539 -0.317703 1.000000 0.529607 0.189848 0.268160 0.067186 -0.319632 0.086238 -0.080924 -0.013418 -0.139170 -0.123365 0.048746 0.237102 0.159531 0.006130 -0.012311 -0.007859 0.130362 -0.115869 -0.088234 -0.239695 -0.219856 -0.136009 -0.162611 0.183248 0.346930 0.313587 0.016401 0.261966 0.160375 0.061593 0.322770 -0.137939 -0.154314 0.353084 0.136355 0.112190 0.233440 -0.095659 -0.000149 0.081049 -0.006400 0.069958 -0.012881 -0.206787 -0.336405 0.102393 0.176643 0.214076 0.338760 0.086622 0.143035 0.188327 0.125659 -0.203167 0.168689 0.218014 -0.278597 -0.401915 -0.384974 -0.362215 -0.236654 -0.402222 -0.308148 0.181515 -0.298141 0.157548 -0.342099 -0.338343 -0.233378 -0.282164 -0.397048 -0.433409 -0.402209 -0.002754 -0.195062 -0.238252 -0.193681 -0.119992 -0.114980 -0.001924 -0.211893 -0.149577 -0.339588
0.362795 0.479290 0.186773 0.026742 0.223856 0.431201 0.103453 0.060563 0.112234 0.166295 0.169862 0.200213 0.379314 0.226698 0.261733 0.230833 0.166034 0.230772 0.246219 0.260755 0.171151 0.245850 0.153137 -0.195826 0.345233 0.165095 0.264840 0.283591 0.172738 -0.042442 0.280218 0.084212 0.529607 1.000000 0.065160 0.261329 0.036822 -0.382099 -0.049943 -0.227670 -0.058092 -0.196956 -0.132734 0.070669 0.147343 0.150036 -0.100818 -0.075445 -0.130905 -0.044284 -0.263230 -0.304279 -0.411784 -0.270742 -0.291226 -0.350368 0.354246 0.497992 0.331147 0.079921 0.419976 0.247194 0.249303 0.344990 0.026331 -0.198372 0.442948 0.254254 0.226964 0.386659 0.011117 0.039223 0.015606 -0.172547 -0.079716 0.052707 -0.304696 -0.173223 0.043272 0.074180 0.457334 0.362683 0.348346 0.200667 0.333027 -0.019118 0.032802 0.033592 0.239933 -0.334943 -0.591778 -0.593037 -0.454252 -0.580345 -0.399040 -0.370250 -0.036938 -0.416117 -0.127076 -0.593946 -0.365163 -0.437624 -0.480230 -0.599688 -0.548491 -0.603778 0.031179 -0.211250 -0.252446 -0.160449 -0.160171 -0.383821 -0.219973 -0.315971 -0.098438 -0.300703
0.242389 0.288133 -0.066708 -0.192224 0.010462 0.019669 -0.090114 -0.062882 0.000042 0.131211 0.051327 0.169352 0.044242 0.108810 0.116933 -0.029878 0.155280 0.028072 -0.059140 -0.210005 0.081032 -0.019978 -0.158777 -0.286134 -0.082202 -0.047824 0.156532 0.060054 -0.114024 -0.124877 -0.091535 -0.351371 0.189848 0.065160 1.000000 0.637862 -0.080278 -0.101822 -0.215676 -0.336765 -0.230011 -0.297751 -0.307369 -0.206859 0.048403 0.168515 -0.062312 0.031510 0.008446 0.154102 -0.162035 -0.089360 -0.319276 -0.143734 -0.188013 -0.075583 0.205236 0.288182 0.159391 0.079492 0.148314 0.168001 -0.012656 0.109652 -0.028945 0.043976 0.109443 0.174897 0.123396 0.039072 -0.314020 -0.166042 -0.073331 -0.247780 -0.059081 -0.215816 -0.170479 -0.035870 0.067454 0.164929 -0.029386 0.110595 -0.089844 -0.229423 0.096371 0.176538 -0.046625 -0.175077 -0.042002 -0.061608 -0.088597 -0.062838 0.036007 -0.012057 -0.096065 0.168761 0.108495 0.153484 0.023924 0.008601 0.084740 0.043126 -0.027110 -0.055607 -0.153261 -0.111267 0.072090 -0.121719 -0.011504 0.321243 0.386678 0.073189 -0.002965 0.131419 0.117168 0.069917
0.029662 0.243552 -0.161402 -0.288975 -0.125414 -0.052545 -0.095154 -0.208263 -0.256892 -0.066270 -0.243828 0.125345 -0.081935 -0.069948 -0.115006 -0.263037 -0.189009 -0.045772 -0.137953 -0.104500 0.100070 -0.060510 -0.147741 -0.214913 0.044145 -0.143623 -0.037238 -0.012733 -0.311753 -0.145233 0.094881 -0.276902 0.268160 0.261329 0.637862 1.000000 -0.201459 -0.146311 -0.298714 -0.308963 -0.249359 -0.213190 -0.078655 0.112924 0.346337 0.401297 0.150877 0.239947 0.169230 0.320555 -0.010797 -0.009962 -0.308794 -0.065148 -0.288586 -0.102601 0.073304 0.329005 0.227483 0.265414 -0.005774 0.060383 -0.216654 -0.021219 -0.046729 0.105589 0.289030 0.473906 0.089809 0.244181 -0.252430 -0.056072 -0.142260 -0.168720 -0.010316 -0.146370 -0.144644 0.001384 -0.049019 0.109952 -0.198542 0.102371 -0.276797 -0.348204 0.037129 0.113486 -0.116001 -0.151455 -0.119770 -0.053666 -0.049952 -0.098906 -0.043986 -0.033212 -0.182944 0.160879 0.123754 0.079833 -0.032648 -0.145061 0.032004 0.040507 0.060797 -0.015668 -0.193869 -0.234494 -0.013334 -0.349127 -0.013890 0.160636 0.376585 0.057570 0.118187 0.227102 0.026085 -0.085291
