1.000000 0.501817 -0.422428 -0.120215 -0.056620 -0.046309 -0.087071 -0.159167 0.020641 -0.041910 0.391352 0.078614 0.448841 0.234898 0.040744 -0.107183 0.288655 -0.097959 0.386535 0.301169 -0.124106 -0.157715 -0.504249 -0.379751 -0.257928 -0.378752 -0.134190 -0.203358 0.211686 -0.036109 -0.324986 -0.356310 0.139644 -0.082500 -0.494754 -0.488391 0.072802 -0.121185 0.073021 0.113911 0.074783 0.027648 -0.065428 -0.382439 0.157977 -0.175403 0.280109 -0.021266 0.104516 0.109345 -0.175964 -0.165248 0.228624 0.215033 0.062480 0.079759 0.635953 0.343558 -0.036319 0.356158 0.124194 0.095603 0.516892 0.435227 -0.566730 -0.436454 0.356036 -0.145263 0.059872 0.078489 0.163884 -0.202556 -0.065444 -0.161273 -0.139076 -0.190921 0.129570 -0.103570 0.076430 -0.101924 0.306653 0.058327 -0.029988 0.247201 -0.093833 -0.396472 -0.138692 0.009178 -0.398084 -0.151169 0.192883 0.136548 -0.100594 0.009204 -0.070931 -0.064202 0.223465 -0.023580 0.349477 0.343316 0.421301 0.290396 0.418239 0.239632 0.304417 -0.122904 0.351959 0.067299 -0.074687 0.057419 -0.223585 0.048896 -0.032306 0.234068 -0.109064 -0.074328
0.501817 1.000000 -0.562045 0.122443 -0.508828 -0.241956 -0.434232 -0.178422 -0.407300 -0.198404 0.234969 0.356767 0.004918 0.403183 -0.046574 0.046520 0.200584 0.260785 0.459793 0.556756 -0.449540 -0.338678 -0.249953 0.132125 -0.431961 -0.230949 -0.461565 -0.074310 0.117742 0.128239 -0.023249 0.044498 0.304017 0.298410 -0.115028 -0.217004 -0.017092 -0.252203 -0.089123 -0.109785 0.052445 0.050215 -0.335254 -0.465526 -0.184230 -0.454292 0.163322 -0.073205 -0.150792 -0.327401 -0.352559 -0.488515 -0.040869 -0.022555 0.004911 -0.033020 0.337460 0.458800 -0.125619 0.076383 -0.091382 -0.040314 0.339014 0.337130 -0.339330 -0.373150 0.041641 -0.315146 0.315862 0.300974 -0.151479 0.120803 0.028338 0.057136 0.058637 0.163729 0.146270 -0.033204 0.085536 0.261188 0.262127 0.326255 0.070581 0.207242 0.122889 -0.003750 0.247690 0.133568 -0.013058 -0.065930 0.064498 -0.044519 0.016344 -0.122827 -0.103291 -0.071466 0.095039 -0.042895 0.082253 0.126814 -0.030756 -0.062359 -0.002793 -0.019223 -0.060189 -0.181974 0.207397 -0.026695 -0.104549 -0.068751 -0.078806 -0.013488 0.086097 0.167469 -0.164948 -0.092197
-0.422428 -0.562045 1.000000 -0.136158 0.477778 0.373950 0.601856 0.449363 0.460762 0.366808 0.063421 0.038462 0.079113 -0.034461 0.226792 0.103765 -0.247847 -0.067762 -0.227182 -0.551862 0.319008 0.391973 0.482429 0.098157 0.267010 0.341100 0.230862 0.312312 -0.000003 -0.036541 0.467195 0.359639 -0.155876 -0.103757 0.244847 0.248586 -0.026685 0.170806 0.047088 -0.054814 -0.005128 0.206143 0.155378 0.253533 -0.182961 0.061601 -0.272159 -0.146228 0.008412 -0.015295 0.162492 0.073844 -0.036058 -0.215931 -0.094334 -0.154793 -0.366225 -0.351031 -0.014853 -0.328919 0.049998 -0.027845 -0.532770 -0.517342 0.425327 0.194185 -0.309842 -0.094708 -0.403372 -0.348999 0.329491 0.218476 0.107342 0.282458 0.210107 0.139064 -0.087414 0.046631 -0.218672 -0.147651 -0.384849 -0.340284 0.141896 -0.257071 -0.008539 -0.094827 0.066333 -0.152943 0.142639 -0.149348 -0.357211 -0.344110 -0.192758 -0.106114 0.140747 0.112799 -0.193117 -0.051135 -0.319035 -0.315943 -0.053804 -0.251121 -0.157753 -0.356711 -0.188908 -0.020666 -0.306098 -0.064384 0.108903 -0.085543 -0.166448 -0.288108 -0.265054 -0.289745 0.066386 -0.048113
-0.120215 0.122443 -0.136158 1.000000 -0.192902 -0.009234 -0.260348 0.368182 -0.164541 0.240955 -0.339321 0.024843 -0.430834 0.094690 0.088445 0.401598 -0.292008 -0.062596 0.089651 0.229767 -0.106041 -0.037411 0.418262 0.572519 0.153465 0.214207 -0.051052 0.253135 -0.382440 -0.050695 0.042067 0.131014 -0.325918 -0.217014 -0.073128 -0.085419 -0.084361 -0.134517 -0.009003 -0.027851 -0.138294 -0.103219 -0.145284 -0.085649 -0.075539 -0.123771 0.130033 0.072256 0.198118 -0.008215 0.226479 0.041910 0.214009 0.139097 -0.120285 0.017911 -0.317354 -0.024736 -0.121751 -0.047176 -0.508932 -0.334636 -0.368725 -0.352742 -0.182647 0.041404 -0.140203 -0.092394 0.001202 0.351484 -0.197649 0.100173 -0.241767 -0.064007 -0.174303 -0.039449 -0.175852 -0.154062 -0.341641 0.036395 -0.141518 -0.166348 0.018614 -0.002574 0.043198 0.190098 0.104924 -0.116592 0.259776 0.133714 0.150030 0.027437 0.234518 -0.217402 -0.007738 -0.203339 -0.027380 -0.178450 -0.085736 -0.042390 -0.129422 -0.167193 -0.052134 -0.023110 -0.069094 -0.217339 0.022793 0.071763 -0.130023 -0.021880 0.008298 -0.144219 -0.020089 -0.126125 -0.076494 -0.117051
-0.056620 -0.508828 0.477778 -0.192902 1.000000 0.486170 0.552645 0.101114 0.744800 0.328191 0.050867 -0.362058 0.352859 -0.239424 0.491738 0.054216 0.140531 -0.376106 -0.391216 -0.416026 0.701236 0.619768 0.160937 -0.232564 0.503935 0.225643 0.687829 0.139628 0.149023 -0.176070 -0.022700 -0.158572 -0.395451 -0.418192 -0.042065 -0.224267 0.015601 0.283957 0.203558 0.284744 0.151957 0.115329 0.457942 0.303956 0.199536 0.158623 -0.131336 -0.283229 0.135068 0.314966 0.260806 0.366970 0.062264 -0.098791 -0.220286 -0.208537 0.098470 -0.263311 -0.064997 -0.101426 0.042927 -0.067330 -0.146489 -0.325629 0.067613 0.011407 -0.071454 0.067590 -0.160244 -0.224219 0.501414 -0.033647 0.068892 -0.018455 -0.123510 -0.172594 -0.206375 -0.098248 0.045820 -0.328969 -0.055578 -0.461202 0.150335 -0.216400 -0.122425 -0.176127 -0.168979 -0.162482 -0.230405 -0.179666 -0.023494 -0.104509 -0.284005 -0.087956 0.176877 0.047162 -0.073144 0.011142 -0.052970 -0.140743 0.072960 0.029233 0.238210 0.009338 0.116558 0.000040 0.019108 0.016937 0.060057 0.030312 -0.214242 -0.007523 -0.241683 -0.173350 0.223478 0.021318
-0.046309 -0.241956 0.373950 -0.009234 0.486170 1.000000 0.324186 0.287194 0.654847 0.630118 -0.129760 0.096725 0.080595 0.091029 0.337955 0.544177 -0.098557 -0.025353 -0.277160 -0.369917 0.530155 0.568218 0.211267 0.015361 0.168173 0.374753 0.377571 0.557525 0.150827 0.304686 0.355435 0.186937 -0.456964 -0.475584 -0.167247 -0.258869 -0.087429 0.453576 -0.055245 0.201056 -0.000343 0.167809 0.328408 0.123346 0.110277 0.157190 -0.007086 -0.181070 0.067222 0.032144 0.115228 0.104882 0.132610 0.082619 -0.234639 -0.167971 -0.049981 -0.179682 -0.312559 -0.197287 -0.219108 -0.127270 -0.156691 -0.359439 -0.187818 -0.232371 -0.320835 -0.279231 -0.259169 -0.356663 0.271569 0.219208 0.081206 0.152071 -0.165173 -0.025590 -0.339327 -0.114864 -0.058198 -0.208487 -0.224042 -0.257848 -0.034804 0.165246 -0.254711 -0.178024 -0.095840 -0.017053 -0.195121 -0.446450 -0.066019 -0.172966 -0.152189 -0.295818 0.218478 0.033925 -0.025248 -0.032458 0.041800 -0.084683 0.023360 -0.228108 0.125685 -0.088305 0.034830 -0.034042 0.009152 -0.082926 0.059134 0.170142 -0.245985 -0.098466 -0.088160 -0.164930 0.179051 -0.146632
-0.087071 -0.434232 0.601856 -0.260348 0.552645 0.324186 1.000000 0.456715 0.531879 0.443300 0.193888 -0.025912 0.392870 -0.021982 0.340383 0.109790 -0.062437 -0.171839 -0.078197 -0.398502 0.450402 0.345708 0.151936 -0.282857 0.137583 -0.096371 0.326870 -0.002081 0.263870 -0.054382 0.166840 0.006325 -0.114806 -0.184635 -0.117876 -0.153970 0.116106 0.037057 -0.049668 -0.049080 0.086437 0.052560 0.326388 0.240001 0.101212 0.180755 -0.207729 -0.215691 0.054839 0.262349 0.061076 0.171331 -0.010147 -0.210276 -0.005133 -0.152416 -0.241884 -0.443734 -0.084509 -0.166136 0.273596 0.126793 -0.240123 -0.171669 0.110464 0.042843 -0.221738 -0.205452 -0.494611 -0.388900 0.451293 0.031790 0.237002 0.117730 0.130214 0.036333 0.004781 -0.065119 -0.119864 -0.233075 -0.340463 -0.432675 0.179745 -0.131038 -0.115255 -0.190166 -0.182511 -0.148479 -0.091551 -0.142742 -0.207380 -0.194529 -0.271911 0.009491 -0.027306 -0.090503 -0.255730 -0.093831 -0.155194 -0.114864 0.212376 0.050445 0.126855 -0.112014 -0.126055 -0.166686 -0.189480 -0.109581 -0.075146 -0.181299 -0.346272 -0.200167 -0.352776 -0.054998 0.030107 -0.085735
-0.159167 -0.178422 0.449363 0.368182 0.101114 0.287194 0.456715 1.000000 0.166966 0.522295 -0.059996 0.317067 -0.074469 0.265577 0.006430 0.337465 -0.416620 -0.041232 -0.014859 -0.225503 0.095540 0.175522 0.196706 0.062185 -0.111498 -0.108195 -0.026548 0.037348 -0.122446 0.052082 0.183204 0.166756 -0.235359 -0.174113 -0.134669 -0.074428 -0.066820 0.043613 -0.278118 -0.151043 -0.103165 0.033831 0.077321 0.084800 -0.071272 0.162914 -0.024468 0.082449 0.119469 0.045486 0.019079 -0.026419 0.216552 0.004963 -0.054713 0.059918 -0.409871 -0.228946 -0.081770 -0.081420 0.024458 0.141885 -0.377188 -0.276247 0.021514 0.112547 -0.393805 -0.198029 -0.585518 -0.254420 0.118414 0.177963 -0.092619 0.072519 -0.107492 -0.081978 -0.143354 -0.120060 -0.413892 -0.261861 -0.373489 -0.355753 -0.046394 0.033098 -0.185699 -0.096606 -0.160438 -0.085669 -0.039440 0.065610 0.034000 -0.037287 0.109087 -0.061240 -0.066867 0.070441 -0.126351 -0.100756 -0.075439 0.070881 0.215970 -0.024080 0.041202 -0.112382 -0.028038 -0.135792 -0.103420 -0.109229 -0.077268 -0.108611 -0.206139 -0.106004 -0.036400 -0.057091 0.044151 -0.186015
0.020641 -0.407300 0.460762 -0.164541 0.744800 0.654847 0.531879 0.166966 1.000000 0.517711 0.119017 -0.073435 0.397380 0.059250 0.610521 0.282963 0.127132 -0.358117 -0.268535 -0.476842 0.685116 0.625930 0.312303 -0.098819 0.441428 0.392543 0.572470 0.433841 0.179367 -0.007975 0.234377 0.064120 -0.370173 -0.442862 -0.099230 -0.224991 -0.070399 0.265220 -0.010949 0.118263 -0.047618 -0.000417 0.367437 0.216136 0.185097 0.135162 -0.105100 -0.235312 0.236421 0.272966 0.254602 0.251911 0.046106 -0.036277 -0.230115 -0.209394 0.026589 -0.355193 -0.166347 -0.199750 -0.146720 -0.103626 -0.251177 -0.432803 -0.027877 -0.084228 -0.140596 -0.237670 -0.340466 -0.421287 0.398939 -0.002132 0.086877 -0.022318 -0.144131 -0.114059 -0.281121 -0.263831 0.010981 -0.326690 -0.117312 -0.513327 -0.008243 -0.258838 -0.149352 -0.183547 -0.143677 -0.144866 -0.240250 -0.437807 -0.127480 -0.168839 -0.173406 -0.113610 0.094368 -0.070552 -0.057586 -0.074013 -0.018704 -0.038858 0.126783 -0.076110 0.173958 -0.140906 0.056868 0.000937 -0.042970 -0.105460 0.046686 0.018027 -0.246380 -0.148302 -0.167681 -0.170022 0.311873 -0.007733
-0.041910 -0.198404 0.366808 0.240955 0.328191 0.630118 0.443300 0.522295 0.517711 1.000000 -0.000377 0.165317 0.054564 0.265987 0.341257 0.571402 -0.179292 -0.139972 -0.026413 -0.347418 0.273865 0.329003 0.236262 0.016638 0.188007 0.185925 0.228949 0.329132 0.081425 0.065981 0.362217 0.220484 -0.401893 -0.422313 -0.286272 -0.254182 -0.027661 0.227474 -0.195814 -0.051171 -0.000287 0.030806 0.103034 -0.080667 -0.029429 0.098327 -0.051797 -0.274476 0.185484 0.124008 -0.016532 0.086057 0.124796 -0.108108 -0.180342 -0.273383 -0.247066 -0.246198 -0.073572 -0.099453 -0.171600 0.038197 -0.428860 -0.416499 -0.158695 -0.021427 -0.364748 -0.357360 -0.416866 -0.293463 0.264909 0.226384 -0.031043 0.018312 -0.152109 0.071676 -0.286516 -0.179529 -0.325028 -0.234892 -0.303881 -0.342360 0.019280 -0.071621 -0.230264 -0.122598 -0.106248 -0.144465 -0.071385 -0.287779 0.006065 -0.095775 0.007728 -0.232553 0.110415 -0.176611 -0.245180 -0.131897 -0.010618 -0.030946 0.178423 -0.129419 0.163814 -0.127265 -0.050591 -0.211024 -0.030059 -0.048433 -0.108708 -0.045708 -0.361203 -0.229341 -0.187471 -0.199684 -0.022037 -0.186730
0.391352 0.234969 0.063421 -0.339321 0.050867 -0.129760 0.193888 -0.059996 0.119017 -0.000377 1.000000 0.368770 0.678418 0.546033 0.379033 -0.072223 0.437877 -0.158848 0.312147 -0.028641 -0.132566 -0.137054 -0.115140 -0.205378 -0.147136 -0.154482 -0.200712 -0.065326 0.413905 -0.197990 0.112934 0.118721 0.185065 0.155838 -0.114828 -0.133113 0.258055 -0.212345 -0.016413 -0.248731 0.239731 -0.204960 -0.234820 -0.359949 -0.300832 -0.384191 -0.006380 -0.092235 0.044764 -0.100699 -0.325142 -0.306447 -0.104105 -0.141072 0.068481 -0.116205 0.252974 -0.062050 0.136542 -0.042673 0.158905 0.134849 0.066595 0.202899 -0.064257 -0.081403 -0.068450 -0.339193 -0.155541 -0.088119 0.125094 0.016036 0.186218 -0.044225 0.178334 0.030770 0.208572 -0.001236 0.097206 -0.068137 0.338754 -0.172242 0.299290 -0.152057 0.338388 -0.166633 0.362953 -0.230466 0.057989 -0.280457 -0.129207 -0.162192 -0.145876 0.069446 -0.171794 -0.059774 -0.093174 -0.065417 -0.248549 -0.128657 0.198768 0.079644 -0.038843 -0.196963 -0.010983 0.021670 -0.023000 -0.229720 -0.126913 -0.128550 -0.063131 -0.221600 -0.379562 0.108948 -0.032880 0.053833
0.078614 0.356767 0.038462 0.024843 -0.362058 0.096725 -0.025912 0.317067 -0.073435 0.165317 0.368770 1.000000 0.184085 0.789224 -0.046920 0.325132 -0.078908 0.294954 0.238825 -0.075289 -0.297352 -0.164036 0.126977 0.119784 -0.343558 0.040869 -0.454785 0.178586 0.047148 0.361327 0.421267 0.432446 0.227417 0.212529 0.000493 0.025690 -0.209820 -0.074212 -0.483539 -0.419622 -0.220762 -0.068632 -0.321828 -0.245116 -0.277404 -0.172808 -0.058851 0.006862 0.059665 -0.206290 -0.274304 -0.299023 -0.156753 0.008430 -0.029772 0.002972 -0.152271 -0.095724 -0.086653 -0.095186 -0.100393 0.090018 -0.120476 0.071044 0.028761 -0.020457 -0.269049 -0.479441 -0.361591 -0.328686 -0.259493 0.209052 0.082296 0.167320 0.079860 0.217594 0.028647 -0.098422 -0.004593 0.062784 -0.157673 0.092855 -0.198309 0.039172 -0.060410 -0.021223 0.135148 0.023627 -0.024949 -0.262495 -0.244098 -0.154735 0.037414 -0.007640 -0.124108 -0.005572 0.057213 -0.049161 -0.115273 -0.066665 0.111002 -0.137536 -0.112952 -0.258154 -0.161324 0.048517 -0.036745 -0.317195 -0.021450 -0.106406 -0.060494 -0.305276 -0.061150 0.008442 0.120712 -0.112878
0.448841 0.004918 0.079113 -0.430834 0.352859 0.080595 0.392870 -0.074469 0.397380 0.054564 0.678418 0.184085 1.000000 0.396874 0.359957 -0.068964 0.267215 -0.407512 0.040604 -0.208556 0.143118 0.040451 -0.158256 -0.358504 0.025071 -0.144919 0.098535 -0.108226 0.195941 -0.236890 -0.116180 -0.176723 -0.011731 -0.090623 -0.117006 -0.250262 0.030631 -0.107388 -0.061907 -0.086895 0.066607 -0.159797 0.195224 0.008124 0.038346 0.007898 0.046331 -0.105050 0.143106 0.197655 -0.060401 -0.016102 -0.090039 0.037617 -0.106551 -0.141371 0.384149 -0.273640 0.118900 0.030944 0.310309 0.096088 0.150322 0.070034 -0.002624 -0.010235 0.073066 -0.215920 -0.301352 -0.284978 0.288598 -0.175996 -0.003299 -0.229220 -0.052357 -0.128713 0.161979 -0.090758 0.119805 -0.376971 0.123852 -0.325845 -0.087719 -0.075058 0.022112 -0.103114 -0.153425 -0.139931 -0.249320 -0.263236 -0.048644 -0.000207 -0.051511 0.242506 -0.086844 -0.052740 -0.048690 -0.121950 -0.009000 -0.016838 0.304747 0.279991 0.173544 -0.017535 0.172864 0.098521 -0.070172 -0.300125 -0.103943 -0.103064 -0.168842 -0.111204 -0.257256 0.170561 0.276937 0.123398
0.234898 0.403183 -0.034461 0.094690 -0.239424 0.091029 -0.021982 0.265577 0.059250 0.265987 0.546033 0.789224 0.396874 1.000000 0.184222 0.361823 0.007746 0.086331 0.227337 -0.085578 -0.262561 -0.136450 0.124713 0.118579 -0.255906 0.063805 -0.350020 0.228421 0.037465 0.108873 0.312371 0.346270 0.042325 0.047378 -0.115962 -0.077228 -0.137726 -0.169387 -0.366483 -0.378156 -0.084239 -0.255127 -0.342702 -0.344745 -0.337322 -0.235605 0.003510 0.014073 0.100556 -0.176474 -0.267793 -0.324675 -0.093775 -0.013432 -0.075812 -0.089802 -0.000735 -0.128994 0.024458 -0.056780 -0.094272 0.117988 -0.148424 -0.051283 -0.067706 0.009889 -0.260640 -0.501641 -0.361777 -0.206041 -0.141940 0.224958 -0.048776 -0.014738 -0.037521 0.121280 0.025037 -0.188604 -0.157441 -0.058555 0.031292 -0.088281 -0.084622 -0.054589 0.096518 0.043428 0.197289 -0.136803 0.011723 -0.256006 -0.168294 -0.152848 0.125890 0.020016 -0.148514 -0.116176 -0.027801 -0.155902 -0.170575 -0.120612 0.143282 -0.056169 -0.139722 -0.263468 -0.129295 -0.002275 -0.032412 -0.271236 -0.135723 -0.182857 -0.069226 -0.328634 -0.195335 0.008821 0.139787 0.005155
0.040744 -0.046574 0.226792 0.088445 0.491738 0.337955 0.340383 0.006430 0.610521 0.341257 0.379033 -0.046920 0.359957 0.184222 1.000000 0.425350 0.296270 -0.366409 -0.076236 -0.102417 0.508743 0.525068 0.415312 0.259141 0.447880 0.292247 0.513387 0.424798 0.317301 -0.167701 0.255127 0.180516 -0.416975 -0.320310 -0.107416 -0.329784 0.273373 0.106628 0.145888 0.098459 0.121292 -0.087554 0.146438 -0.031954 -0.003899 -0.269017 -0.076712 -0.377248 0.136536 0.017935 0.219064 -0.016996 0.057748 -0.202932 -0.178423 -0.286943 0.055588 -0.197032 -0.351311 -0.392247 -0.365207 -0.358866 -0.294162 -0.382296 -0.133584 -0.268060 -0.237306 -0.369816 -0.143996 -0.050228 0.254095 0.158313 0.215104 -0.015620 -0.018453 0.058298 -0.208990 -0.181367 -0.018753 -0.173501 0.163474 -0.476204 0.489152 -0.291128 0.408548 0.005799 0.343390 -0.242083 0.090006 -0.387081 -0.175160 -0.316997 -0.264975 -0.281680 -0.045875 -0.263443 -0.314312 -0.257020 -0.344756 -0.225772 -0.080388 -0.216526 0.008746 -0.311334 -0.150009 -0.314597 -0.111125 -0.094820 -0.176988 -0.187076 -0.227130 -0.393083 -0.446400 -0.189645 0.009282 -0.131711
-0.107183 0.046520 0.103765 0.401598 0.054216 0.544177 0.109790 0.337465 0.282963 0.571402 -0.072223 0.325132 -0.068964 0.361823 0.425350 1.000000 -0.246000 0.095402 0.047141 -0.118124 0.268834 0.356021 0.369844 0.309988 0.197419 0.291220 0.232089 0.502949 -0.047859 0.362316 0.284778 0.250982 -0.488612 -0.411415 -0.081871 -0.182732 -0.009139 0.342312 -0.101385 0.072922 -0.226732 0.038193 0.018701 -0.123791 -0.106753 -0.163594 -0.028118 -0.256591 0.022327 -0.175181 0.176755 -0.103683 0.196793 -0.024843 -0.055072 -0.105064 -0.243947 -0.158271 -0.308144 -0.339592 -0.383070 -0.247149 -0.329753 -0.366445 -0.184160 -0.231423 -0.354959 -0.514718 -0.203325 -0.088983 -0.041495 0.341591 -0.012978 0.128947 -0.151871 0.184439 -0.320100 -0.112957 -0.320708 0.065350 -0.274585 -0.170403 0.073758 0.175715 0.044416 0.129328 0.219432 0.047601 0.074239 -0.211078 -0.113590 -0.141438 -0.000103 -0.347760 -0.073042 -0.114654 -0.217915 -0.167915 -0.106627 -0.099899 -0.091614 -0.256468 -0.054337 -0.195219 -0.194900 -0.201091 -0.244304 -0.230430 -0.177507 -0.108458 -0.165303 -0.194329 -0.156494 -0.265310 0.038310 -0.224993
0.288655 0.200584 -0.247847 -0.292008 0.140531 -0.098557 -0.062437 -0.416620 0.127132 -0.179292 0.437877 -0.078908 0.267215 0.007746 0.296270 -0.246000 1.000000 0.037206 0.050249 0.202622 -0.026646 -0.060965 -0.215043 -0.242121 0.187015 0.007452 -0.053165 -0.202250 0.639961 0.100213 -0.027136 -0.067463 0.285463 0.229727 0.020223 -0.092179 0.230496 -0.102777 0.070730 -0.081518 0.324509 -0.061624 -0.153211 -0.170836 -0.013773 -0.253722 -0.148467 -0.178654 -0.233469 -0.165878 -0.361674 -0.166627 -0.379116 -0.299593 -0.069507 -0.030636 0.572696 0.282769 -0.136483 -0.168058 0.114780 -0.052873 0.398282 0.371018 -0.094712 -0.103549 0.009570 -0.134802 0.276203 0.019154 0.083603 -0.021932 0.543950 0.231975 0.373670 0.208498 0.392176 0.121033 0.656022 0.164074 0.684506 0.204481 0.311872 -0.132637 0.326523 -0.156441 0.230196 -0.207376 0.012961 -0.165010 -0.234219 -0.283381 -0.352101 -0.178139 -0.194888 -0.239581 0.000635 -0.023699 -0.138705 -0.086606 -0.094780 -0.151725 -0.006029 -0.088845 -0.024415 0.003399 0.158177 -0.047446 -0.025292 -0.142493 -0.068177 -0.133685 -0.201959 0.047553 -0.098625 0.079347
-0.097959 0.260785 -0.067762 -0.062596 -0.376106 -0.025353 -0.171839 -0.041232 -0.358117 -0.139972 -0.158848 0.294954 -0.407512 0.086331 -0.366409 0.095402 0.037206 1.000000 0.234602 0.165736 -0.359931 -0.268279 -0.034122 -0.044186 -0.327975 -0.071133 -0.426347 -0.045395 0.232103 0.653048 0.158983 0.107861 0.381696 0.305674 0.177468 0.198284 0.001733 0.090566 0.004636 -0.054605 0.002680 0.414216 -0.344865 -0.245162 -0.237624 -0.268633 -0.226909 -0.017777 -0.504701 -0.496255 -0.381705 -0.327043 -0.251176 -0.165081 0.233945 0.119915 -0.109784 0.240673 -0.162346 -0.125714 0.127899 0.154397 0.236230 0.348475 0.075836 -0.067187 -0.107837 -0.218467 0.190042 0.039489 -0.238949 0.134895 0.308520 0.528614 0.366887 0.363671 0.293080 0.194438 0.290635 0.654089 -0.003785 0.680373 0.043302 0.323560 0.034020 0.038584 0.223623 0.088800 0.260866 0.120615 -0.347936 -0.264741 -0.186200 -0.243409 -0.119987 0.030716 0.044820 0.058780 -0.087647 -0.154373 -0.226300 -0.329582 -0.301077 -0.223229 -0.384211 -0.083111 0.012107 -0.103370 0.100330 -0.171107 -0.061929 -0.099536 0.041816 -0.109238 -0.153206 -0.102324
0.386535 0.459793 -0.227182 0.089651 -0.391216 -0.277160 -0.078197 -0.014859 -0.268535 -0.026413 0.312147 0.238825 0.040604 0.227337 -0.076236 0.047141 0.050249 0.234602 1.000000 0.442598 -0.361947 -0.314765 -0.173461 -0.107279 -0.458784 -0.329271 -0.427472 -0.052910 0.121255 0.062312 -0.150737 -0.094930 0.343896 0.220986 -0.174855 -0.145404 0.210409 -0.229022 0.189675 0.061953 0.014725 -0.009929 -0.314893 -0.407880 -0.213350 -0.418952 0.104067 0.028628 -0.178573 -0.278129 -0.344860 -0.456729 0.003127 -0.080594 0.204210 0.107443 0.015899 0.246484 0.047904 0.064797 0.104037 0.036386 0.211211 0.217623 -0.252811 -0.274651 0.060180 -0.228056 0.191813 0.353419 -0.145245 0.031493 0.013954 -0.017917 0.052500 0.123617 0.131520 -0.025406 0.011909 0.272596 0.179978 0.197409 0.190857 0.199162 0.187822 -0.097390 0.286835 0.069443 0.182917 0.062958 0.069911 0.026562 -0.084266 -0.070268 -0.244294 -0.131308 0.117410 -0.023762 -0.002794 0.068248 0.039157 -0.027675 -0.159359 -0.070687 -0.134382 -0.191215 0.059279 -0.019274 -0.226892 -0.054340 -0.065965 -0.056065 -0.074283 0.139394 -0.264543 -0.191631
0.301169 0.556756 -0.551862 0.229767 -0.416026 -0.369917 -0.398502 -0.225503 -0.476842 -0.347418 -0.028641 -0.075289 -0.208556 -0.085578 -0.102417 -0.118124 0.202622 0.165736 0.442598 1.000000 -0.278014 -0.285142 -0.233084 0.216639 -0.261243 -0.214008 -0.272227 -0.240844 0.101344 0.020589 -0.167931 -0.059619 0.230579 0.389485 -0.200799 -0.270955 0.107901 -0.279340 0.073947 0.039284 -0.012460 -0.053351 -0.244569 -0.330248 0.029630 -0.344759 0.094897 0.022772 -0.234088 -0.305906 -0.299917 -0.391658 -0.073054 -0.089547 -0.143387 -0.091956 0.188306 0.450161 -0.241678 -0.066035 -0.125127 -0.281194 0.454750 0.275801 -0.327066 -0.339877 0.043947 -0.001785 0.466066 0.556597 -0.106098 0.109175 0.012524 0.007360 -0.054564 0.019446 0.129996 0.109166 0.204158 0.286492 0.358256 0.335827 0.206441 0.283710 0.210547 0.040997 0.116491 0.054555 0.007787 0.054187 0.237396 0.098828 -0.112903 -0.151474 -0.061192 -0.193943 0.020851 -0.106031 0.083737 0.131110 -0.163272 -0.047355 -0.113579 0.123353 -0.015530 -0.213980 0.176284 0.177495 -0.117443 0.007933 0.039363 0.137313 0.079259 0.176395 -0.238255 -0.174944
-0.124106 -0.449540 0.319008 -0.106041 0.701236 0.530155 0.450402 0.095540 0.685116 0.273865 -0.132566 -0.297352 0.143118 -0.262561 0.508743 0.268834 -0.026646 -0.359931 -0.361947 -0.278014 1.000000 0.805449 0.212226 -0.038337 0.511068 0.268066 0.814817 0.318078 0.064297 -0.077979 0.057684 -0.035813 -0.522890 -0.508336 -0.117722 -0.313663 0.099285 0.379199 0.084405 0.309069 -0.033712 -0.052549 0.543186 0.360430 0.329943 0.180730 -0.066108 -0.182179 0.258981 0.273730 0.444872 0.337809 0.205336 -0.093144 -0.244723 -0.237043 -0.053086 -0.210666 -0.238857 -0.233483 -0.177974 -0.283766 -0.153828 -0.384497 -0.087193 -0.212073 -0.081746 0.040770 -0.171245 -0.219793 0.352082 0.127264 0.039637 -0.025012 -0.250999 -0.137575 -0.350065 -0.133654 -0.029636 -0.313884 -0.204479 -0.475220 0.094114 -0.212149 -0.123577 -0.194166 -0.161627 -0.108383 -0.343422 -0.306268 0.030973 -0.008028 -0.163314 -0.121338 0.129384 0.049783 -0.129912 0.004123 -0.023106 -0.040581 0.073677 0.020088 0.271068 0.079599 0.085669 -0.019686 -0.024256 -0.020423 0.047781 0.250161 -0.013764 0.093608 -0.098072 -0.178823 0.184286 -0.040120
-0.157715 -0.338678 0.391973 -0.037411 0.619768 0.568218 0.345708 0.175522 0.625930 0.329003 -0.137054 -0.164036 0.040451 -0.136450 0.525068 0.356021 -0.060965 -0.268279 -0.314765 -0.285142 0.805449 1.000000 0.346369 0.102553 0.414126 0.362832 0.700241 0.496097 0.071676 -0.007256 0.194883 0.142973 -0.512541 -0.421902 -0.125329 -0.248213 0.098918 0.422767 0.111553 0.284598 -0.081043 0.065671 0.415694 0.267298 0.245677 0.055952 0.004568 -0.155181 0.207174 0.107860 0.381359 0.122564 0.195150 -0.145130 -0.249030 -0.133024 -0.089564 -0.188407 -0.320353 -0.284654 -0.303784 -0.345205 -0.227636 -0.470771 -0.081333 -0.308836 -0.239144 -0.117112 -0.213139 -0.172296 0.319416 0.291540 0.070307 0.117989 -0.145357 -0.064256 -0.353671 -0.090381 -0.075292 -0.284297 -0.171642 -0.410314 0.197674 -0.181973 -0.020456 -0.205890 0.001374 0.014853 -0.202303 -0.226439 -0.030390 -0.128490 -0.202337 -0.192290 0.121495 -0.019784 -0.146475 -0.025775 -0.128793 -0.089471 -0.003588 -0.123916 0.169406 -0.103886 0.001779 -0.100780 -0.006258 0.025866 -0.060156 0.161129 -0.016608 -0.071712 -0.092121 -0.195148 0.136550 -0.123217
-0.504249 -0.249953 0.482429 0.418262 0.160937 0.211267 0.151936 0.196706 0.312303 0.236262 -0.115140 0.126977 -0.158256 0.124713 0.415312 0.369844 -0.215043 -0.034122 -0.173461 -0.233084 0.212226 0.346369 1.000000 0.727807 0.426154 0.683466 0.214258 0.609069 -0.201797 0.010732 0.535825 0.555943 -0.205496 -0.056839 0.236652 0.189716 -0.149160 0.005451 -0.015904 -0.136702 -0.153231 -0.051285 -0.102387 0.107951 -0.248938 -0.264019 -0.247068 -0.195900 0.105453 -0.082363 0.327131 0.120134 -0.161073 -0.178706 -0.282827 -0.241817 -0.473086 -0.321150 -0.170358 -0.430514 -0.481504 -0.419406 -0.636890 -0.623274 0.318491 0.221495 -0.383781 -0.300925 -0.196400 -0.004523 -0.114579 0.222185 0.063636 0.183754 0.090351 0.165666 -0.155476 -0.113946 -0.157495 0.076022 -0.309803 -0.296751 0.095318 -0.374322 0.110908 0.297797 0.229655 -0.127491 0.342741 -0.121858 -0.360934 -0.382227 -0.016174 -0.245453 -0.073378 -0.195091 -0.345802 -0.231083 -0.517382 -0.437960 -0.336793 -0.456814 -0.350478 -0.467540 -0.344982 -0.104421 -0.268639 -0.177077 -0.058939 -0.176480 0.003189 -0.443633 -0.254543 -0.248679 0.149514 0.007972
-0.379751 0.132125 0.098157 0.572519 -0.232564 0.015361 -0.282857 0.062185 -0.098819 0.016638 -0.205378 0.119784 -0.358504 0.118579 0.259141 0.309988 -0.242121 -0.044186 -0.107279 0.216639 -0.038337 0.102553 0.727807 1.000000 0.203420 0.553840 0.038430 0.531065 -0.330547 -0.070992 0.452367 0.591027 -0.174337 0.130779 0.210534 0.129734 -0.129225 -0.101492 -0.060653 -0.142431 -0.199511 -0.139382 -0.193648 -0.066933 -0.281696 -0.369781 -0.072539 -0.112301 0.063752 -0.251220 0.243050 -0.106099 -0.062177 -0.091140 -0.295782 -0.244768 -0.366894 -0.063943 -0.280596 -0.412681 -0.606430 -0.534733 -0.450317 -0.482172 0.150505 0.052856 -0.320293 -0.190398 0.019957 0.245886 -0.230323 0.296025 -0.117403 0.058500 -0.061732 0.140093 -0.179667 -0.027257 -0.217887 0.136426 -0.144783 -0.125506 0.089714 -0.190110 0.211693 0.343317 0.286980 -0.091363 0.319530 -0.091777 -0.130597 -0.203571 0.144935 -0.241397 0.014722 -0.132319 -0.263876 -0.234257 -0.392125 -0.313411 -0.340185 -0.406559 -0.328180 -0.345684 -0.234294 -0.120397 -0.153961 -0.005428 -0.084780 -0.052600 0.116242 -0.321667 -0.134603 -0.080628 0.068120 -0.048982
-0.257928 -0.431961 0.267010 0.153465 0.503935 0.168173 0.137583 -0.111498 0.441428 0.188007 -0.147136 -0.343558 0.025071 -0.255906 0.447880 0.197419 0.187015 -0.327975 -0.458784 -0.261243 0.511068 0.414126 0.426154 0.203420 1.000000 0.569915 0.636425 0.176766 0.026071 -0.044775 0.177835 0.102983 -0.292558 -0.243720 0.179032 0.081067 -0.004374 0.177010 0.019657 -0.011155 -0.038969 -0.161684 0.214201 0.260806 0.077617 0.079694 -0.252826 -0.315033 0.100988 0.235910 0.400174 0.398095 -0.115210 -0.222577 -0.237008 -0.280199 -0.009413 -0.189304 -0.115158 -0.322704 -0.274518 -0.376890 -0.347073 -0.450605 0.184101 0.206305 -0.096927 0.085403 0.051859 -0.128260 0.122699 0.034267 0.149190 0.010988 0.020544 0.035049 -0.142989 -0.080665 0.045559 -0.111408 -0.032329 -0.276073 0.016429 -0.428588 0.085455 0.078667 0.002068 -0.258330 0.008440 -0.170776 -0.225197 -0.206971 -0.090759 -0.153349 -0.052873 -0.204603 -0.298477 -0.218198 -0.198334 -0.236268 -0.220427 -0.157373 0.075686 -0.103382 -0.065677 -0.037580 -0.229792 -0.092025 0.022212 -0.077286 0.021593 -0.143425 -0.215306 -0.359909 0.070855 0.026958
-0.378752 -0.230949 0.341100 0.214207 0.225643 0.374753 -0.096371 -0.108195 0.392543 0.185925 -0.154482 0.040869 -0.144919 0.063805 0.292247 0.291220 0.007452 -0.071133 -0.329271 -0.214008 0.268066 0.362832 0.683466 0.553840 0.569915 1.000000 0.237404 0.628240 -0.036527 0.174325 0.608876 0.621167 -0.161252 0.002899 0.263504 0.222536 -0.189673 0.141904 -0.040334 -0.139517 -0.116506 -0.097503 -0.043961 0.137227 -0.222416 -0.134935 -0.174168 -0.165457 0.016774 -0.124500 0.228082 0.128071 -0.250945 -0.126768 -0.351215 -0.314222 -0.189267 -0.205776 -0.226087 -0.445136 -0.533406 -0.467891 -0.456251 -0.583581 0.183850 0.080240 -0.285206 -0.161954 -0.026166 -0.087760 0.007106 0.339487 0.161135 0.241348 0.068853 0.269265 -0.152235 -0.038851 0.062051 0.055227 -0.118163 -0.136789 -0.047073 -0.354677 0.072481 0.111079 0.222399 -0.099237 0.151505 -0.339615 -0.344925 -0.384184 -0.072754 -0.274982 0.124806 -0.134867 -0.132550 -0.149259 -0.345495 -0.371880 -0.381506 -0.510850 -0.255748 -0.390822 -0.220968 0.047574 -0.230839 -0.072054 0.150445 0.060350 0.171732 -0.257677 -0.140784 -0.267917 0.221207 0.070694
-0.134190 -0.461565 0.230862 -0.051052 0.687829 0.377571 0.326870 -0.026548 0.572470 0.228949 -0.200712 -0.454785 0.098535 -0.350020 0.513387 0.232089 -0.053165 -0.426347 -0.427472 -0.272227 0.814817 0.700241 0.214258 0.038430 0.636425 0.237404 1.000000 0.268113 -0.044073 -0.155596 -0.056490 -0.135554 -0.530395 -0.502079 -0.099203 -0.267677 0.058918 0.401768 0.127547 0.369132 -0.081697 -0.061415 0.519811 0.356462 0.270979 0.146076 -0.098126 -0.285695 0.193563 0.357796 0.498016 0.479156 0.234222 -0.093158 -0.190862 -0.205534 -0.051700 -0.239960 -0.200979 -0.113706 -0.182220 -0.240315 -0.199948 -0.307907 -0.009975 -0.068544 0.016425 0.146528 -0.099454 -0.117260 0.309382 0.031824 -0.084799 -0.201675 -0.311726 -0.183781 -0.387662 -0.154796 -0.127792 -0.244525 -0.198084 -0.440253 0.061673 -0.233561 -0.092325 -0.015741 -0.185033 -0.086001 -0.246952 -0.154835 0.050054 -0.016984 -0.097513 -0.152545 0.076176 0.000947 -0.280662 -0.079007 -0.031997 -0.099689 0.028588 0.035494 0.247583 0.023211 0.080857 -0.159321 -0.106101 -0.017146 -0.033166 0.078952 -0.043789 0.045852 -0.138290 -0.278640 0.122985 -0.053860
-0.203358 -0.074310 0.312312 0.253135 0.139628 0.557525 -0.002081 0.037348 0.433841 0.329132 -0.065326 0.178586 -0.108226 0.228421 0.424798 0.502949 -0.202250 -0.045395 -0.052910 -0.240844 0.318078 0.496097 0.609069 0.531065 0.176766 0.628240 0.268113 1.000000 -0.075529 0.131035 0.487669 0.476766 -0.338874 -0.226161 0.057818 -0.007744 -0.003028 0.236622 0.068282 0.068298 -0.115102 0.050138 -0.062545 -0.069228 -0.239440 -0.297679 -0.074794 -0.165253 0.125963 -0.174520 0.226335 -0.037668 0.034747 0.009840 -0.176913 -0.155903 -0.296849 -0.252096 -0.247703 -0.369596 -0.531283 -0.376661 -0.457532 -0.519971 -0.001412 -0.165741 -0.296116 -0.355573 -0.138437 -0.017287 0.107863 0.373338 -0.038968 0.157675 -0.033342 0.169950 -0.267358 -0.082164 -0.236839 0.033473 -0.194951 -0.257726 0.103074 -0.064066 0.101464 0.092818 0.288972 -0.064235 0.236844 -0.351758 -0.232581 -0.269320 -0.038493 -0.238234 0.147042 -0.050345 -0.063115 -0.047664 -0.335182 -0.371850 -0.184808 -0.376800 -0.218787 -0.351659 -0.211446 -0.066876 -0.094370 -0.047086 -0.004391 0.093069 0.003075 -0.417968 -0.265024 -0.203120 0.157590 -0.021191
0.211686 0.117742 -0.000003 -0.382440 0.149023 0.150827 0.263870 -0.122446 0.179367 0.081425 0.413905 0.047148 0.195941 0.037465 0.317301 -0.047859 0.639961 0.232103 0.121255 0.101344 0.064297 0.071676 -0.201797 -0.330547 0.026071 -0.036527 -0.044073 -0.075529 1.000000 0.364379 0.261531 0.144187 0.274792 0.237104 -0.099964 -0.178929 0.402267 0.029756 0.066182 -0.075114 0.430861 0.161912 -0.134418 -0.233920 -0.079659 -0.231248 -0.232631 -0.325749 -0.361986 -0.225969 -0.445620 -0.195551 -0.294794 -0.385245 0.048582 -0.138594 0.255640 0.077328 -0.282122 -0.238442 0.189269 0.067109 0.261299 0.341758 -0.146198 -0.257557 -0.194066 -0.297592 0.088105 -0.200464 0.223330 0.142590 0.774458 0.401528 0.489759 0.339780 0.293139 0.066681 0.530547 0.230284 0.432882 0.198504 0.469488 0.077110 0.354780 -0.255772 0.287544 -0.092580 0.070386 -0.314486 -0.350404 -0.459742 -0.539732 -0.300562 -0.049665 -0.221748 -0.170202 -0.156623 -0.267919 -0.174948 -0.132351 -0.266543 -0.082573 -0.273265 -0.293354 -0.253312 -0.015763 -0.079258 0.018004 -0.263565 -0.262334 -0.297931 -0.291584 -0.106608 -0.234899 -0.047866
-0.036109 0.128239 -0.036541 -0.050695 -0.176070 0.304686 -0.054382 0.052082 -0.007975 0.065981 -0.197990 0.361327 -0.236890 0.108873 -0.167701 0.362316 0.100213 0.653048 0.062312 0.020589 -0.077979 -0.007256 0.010732 -0.070992 -0.044775 0.174325 -0.155596 0.131035 0.364379 1.000000 0.284600 0.200989 0.206540 0.170115 0.164015 0.141069 0.014178 0.374769 -0.145290 -0.031082 -0.099784 0.359664 -0.218577 -0.131024 -0.155985 -0.116931 -0.255860 -0.164094 -0.446743 -0.328313 -0.284759 -0.160940 -0.174270 -0.121128 0.093967 0.071298 -0.022407 0.079330 -0.370209 -0.219026 -0.035833 0.039009 0.170296 0.228512 -0.070447 -0.190042 -0.166190 -0.298675 0.064238 -0.228715 -0.109693 0.217878 0.497752 0.570704 0.305814 0.394184 0.238968 0.199630 0.322901 0.473448 -0.067148 0.468503 -0.051103 0.393096 -0.083083 -0.112316 0.125748 0.198973 0.016849 -0.074088 -0.414023 -0.354620 -0.322862 -0.400687 -0.101911 0.026324 -0.018564 0.047196 -0.131769 -0.143894 -0.207399 -0.334343 -0.160332 -0.177480 -0.259515 -0.031401 -0.105477 -0.189753 0.207781 -0.128426 -0.090047 -0.176200 0.012460 -0.242589 0.077711 -0.010047
-0.324986 -0.023249 0.467195 0.042067 -0.022700 0.355435 0.166840 0.183204 0.234377 0.362217 0.112934 0.421267 -0.116180 0.312371 0.255127 0.284778 -0.027136 0.158983 -0.150737 -0.167931 0.057684 0.194883 0.535825 0.452367 0.177835 0.608876 -0.056490 0.487669 0.261531 0.284600 1.000000 0.908829 0.059253 0.217397 0.168160 0.214312 -0.109896 -0.002000 -0.366597 -0.427468 -0.083335 -0.045084 -0.210117 -0.110446 -0.273484 -0.160447 -0.245755 -0.294132 -0.046706 -0.247730 -0.174072 -0.149082 -0.270531 -0.323858 -0.299857 -0.476785 -0.311604 -0.112096 -0.272579 -0.443722 -0.357795 -0.258210 -0.483566 -0.402416 0.121932 -0.039817 -0.500733 -0.290170 -0.251764 -0.266147 0.030940 0.541387 0.341761 0.384837 0.257124 0.347676 -0.123667 -0.059058 0.030645 0.121893 -0.158070 -0.039096 0.119310 -0.283386 0.102998 -0.051413 0.283309 -0.226212 0.115546 -0.471867 -0.372122 -0.495020 -0.221104 -0.333828 0.062264 -0.154154 -0.304997 -0.194475 -0.373190 -0.401062 -0.229090 -0.505508 -0.195166 -0.427008 -0.314341 -0.127294 -0.228202 -0.071555 0.060019 -0.118137 -0.049019 -0.423890 -0.265589 -0.240453 -0.039877 -0.080085
-0.356310 0.044498 0.359639 0.131014 -0.158572 0.186937 0.006325 0.166756 0.064120 0.220484 0.118721 0.432446 -0.176723 0.346270 0.180516 0.250982 -0.067463 0.107861 -0.094930 -0.059619 -0.035813 0.142973 0.555943 0.591027 0.102983 0.621167 -0.135554 0.476766 0.144187 0.200989 0.908829 1.000000 0.082969 0.346340 0.205563 0.238644 -0.151960 -0.069436 -0.343998 -0.434984 -0.112430 -0.149859 -0.295691 -0.116263 -0.335521 -0.275714 -0.162829 -0.180564 -0.053635 -0.314005 -0.170317 -0.187877 -0.262008 -0.341786 -0.285688 -0.428917 -0.338051 -0.100093 -0.228835 -0.460335 -0.422471 -0.320165 -0.502073 -0.406975 0.169134 0.008799 -0.482634 -0.273137 -0.196586 -0.165576 -0.059410 0.521729 0.251947 0.332477 0.223720 0.343789 -0.098322 0.005822 -0.022246 0.101237 -0.115154 -0.036478 0.147148 -0.304191 0.168912 0.015908 0.343214 -0.150640 0.160610 -0.352151 -0.309047 -0.436021 -0.101864 -0.261322 0.065106 -0.103621 -0.301339 -0.209489 -0.427595 -0.370559 -0.234674 -0.485881 -0.270819 -0.455848 -0.361551 -0.084531 -0.210576 -0.061287 0.060212 -0.098875 0.100621 -0.357946 -0.246254 -0.198864 0.001095 0.016450
0.139644 0.304017 -0.155876 -0.325918 -0.395451 -0.456964 -0.114806 -0.235359 -0.370173 -0.401893 0.185065 0.227417 -0.011731 0.042325 -0.416975 -0.488612 0.285463 0.381696 0.343896 0.230579 -0.522890 -0.512541 -0.205496 -0.174337 -0.292558 -0.161252 -0.530395 -0.338874 0.274792 0.206540 0.059253 0.082969 1.000000 0.764439 0.148934 0.302738 -0.048055 -0.389226 -0.112880 -0.364585 0.069403 -0.022644 -0.394810 -0.190110 -0.171630 -0.191163 -0.128893 0.031121 -0.298709 -0.189234 -0.472877 -0.220791 -0.454725 -0.170844 0.159064 0.115989 0.109912 0.234024 0.159781 0.084185 0.430882 0.283126 0.394070 0.501623 0.149718 0.152449 0.176922 -0.035069 0.314563 0.001818 -0.326290 -0.194626 0.344951 0.118803 0.407259 0.150369 0.360654 -0.065475 0.417822 0.314219 0.219583 0.450155 -0.109595 -0.047051 0.021286 -0.012028 0.043149 0.139235 0.078929 0.144202 -0.312971 -0.171305 -0.129921 0.103488 -0.258369 -0.053061 0.018412 -0.052563 -0.088522 -0.039140 -0.110138 -0.054223 -0.202412 -0.168369 -0.222935 0.031844 0.010295 -0.021533 0.060167 -0.269242 -0.065260 -0.118101 0.042694 0.192044 -0.218472 -0.002373
-0.082500 0.298410 -0.103757 -0.217014 -0.418192 -0.475584 -0.184635 -0.174113 -0.442862 -0.422313 0.155838 0.212529 -0.090623 0.047378 -0.320310 -0.411415 0.229727 0.305674 0.220986 0.389485 -0.508336 -0.421902 -0.056839 0.130779 -0.243720 0.002899 -0.502079 -0.226161 0.237104 0.170115 0.217397 0.346340 0.764439 1.000000 0.250198 0.373570 -0.027089 -0.375371 -0.135442 -0.442525 0.039502 -0.031981 -0.461353 -0.195179 -0.280127 -0.268278 -0.254926 -0.019037 -0.415983 -0.313255 -0.504642 -0.325582 -0.573184 -0.306665 -0.036067 -0.044488 0.009338 0.111398 0.048226 -0.170756 0.262478 0.127449 0.192737 0.338141 0.302988 0.227864 -0.119235 -0.036247 0.253610 0.103616 -0.212245 0.072227 0.305604 0.236405 0.411288 0.270114 0.373414 0.102915 0.365112 0.267549 0.270654 0.402283 0.046716 -0.010517 0.217065 0.170767 0.146282 0.075879 0.194668 0.101036 -0.294584 -0.233765 -0.039232 0.088316 -0.143581 0.017288 -0.174203 -0.074074 -0.322610 -0.197148 -0.206971 -0.202589 -0.344723 -0.310991 -0.274526 -0.003135 -0.078155 -0.059211 0.092682 -0.260551 0.002165 -0.190324 -0.038173 0.143940 -0.105739 0.023021
-0.494754 -0.115028 0.244847 -0.073128 -0.042065 -0.167247 -0.117876 -0.134669 -0.099230 -0.286272 -0.114828 0.000493 -0.117006 -0.115962 -0.107416 -0.081871 0.020223 0.177468 -0.174855 -0.200799 -0.117722 -0.125329 0.236652 0.210534 0.179032 0.263504 -0.099203 0.057818 -0.099964 0.164015 0.168160 0.205563 0.148934 0.250198 1.000000 0.667975 0.009021 0.061037 0.022514 -0.184024 -0.017711 0.066387 -0.056460 0.182022 -0.348283 -0.089207 -0.241974 -0.130180 -0.340040 -0.328913 0.061312 -0.028304 -0.316308 -0.202532 0.050137 -0.035042 -0.113856 -0.106918 0.028235 -0.304560 0.042687 0.019722 -0.202526 -0.108216 0.600371 0.347585 0.007732 0.132844 0.113254 -0.047055 -0.043831 0.073304 0.180006 0.270000 0.355146 0.301032 0.268265 0.265833 0.151823 0.243741 -0.078077 0.104590 -0.050928 -0.113635 0.208108 0.270015 0.193072 -0.028670 0.349008 0.122330 -0.411882 -0.278254 -0.084622 -0.081818 -0.032735 0.293514 -0.001228 0.099316 -0.331464 -0.407139 -0.355614 -0.279165 -0.282467 -0.217164 -0.186427 0.134749 -0.203232 -0.215580 0.235260 -0.101230 0.221138 -0.099109 -0.051776 -0.183221 0.170667 0.227974
-0.488391 -0.217004 0.248586 -0.085419 -0.224267 -0.258869 -0.153970 -0.074428 -0.224991 -0.254182 -0.133113 0.025690 -0.250262 -0.077228 -0.329784 -0.182732 -0.092179 0.198284 -0.145404 -0.270955 -0.313663 -0.248213 0.189716 0.129734 0.081067 0.222536 -0.267677 -0.007744 -0.178929 0.141069 0.214312 0.238644 0.302738 0.373570 0.667975 1.000000 -0.146353 -0.072738 -0.042053 -0.341384 -0.093549 -0.029870 -0.209703 0.037742 -0.311492 0.112075 -0.140312 0.023226 -0.239879 -0.237223 -0.014425 -0.105720 -0.287965 -0.043458 0.170573 0.079415 -0.174039 -0.061339 0.309973 -0.132897 0.166983 0.175972 -0.205839 -0.065915 0.516530 0.409546 -0.036896 0.179533 0.115753 -0.038284 -0.144864 0.079709 0.097968 0.198629 0.295062 0.135233 0.222174 0.221077 0.033074 0.175634 0.000249 0.155814 -0.042222 -0.115462 0.167142 0.232190 0.159603 0.047707 0.376613 0.174501 -0.355835 -0.218969 0.027675 0.102455 -0.181031 0.176915 -0.011647 0.064272 -0.214871 -0.345191 -0.253659 -0.182207 -0.312441 -0.137695 -0.135198 0.241992 -0.165012 -0.143772 0.122406 -0.236391 0.221544 -0.115068 0.009917 -0.163435 0.034877 0.184388
