1.000000 0.364172 -0.001665 -0.159201 0.062784 -0.005877 0.035409 -0.519758 0.191711 0.080274 0.461083 0.232687 0.397756 0.141868 0.368094 0.191354 -0.015568 0.276850 0.546505 0.301118 -0.041614 -0.202994 0.189653 -0.145582 -0.027148 -0.138064 0.080048 0.014835 0.422723 0.088276 0.031569 -0.161076 -0.056907 -0.200983 -0.532596 -0.526987 -0.023183 -0.185594 -0.087263 -0.141226 0.232120 0.023984 -0.002383 -0.046879 -0.168748 -0.474627 -0.091219 0.004464 0.010689 0.045575 -0.156134 -0.041524 0.142320 0.337948 0.017364 -0.012305 0.181069 0.126772 0.063516 -0.198034 0.213004 -0.078632 0.181964 0.048555 0.056801 -0.351596 -0.201018 -0.504874 0.072942 0.224508 -0.147559 -0.131983 0.278936 0.082695 0.195708 -0.024580 0.091570 -0.232111 -0.072633 -0.075234 0.013806 -0.054320 0.508260 0.127959 0.210298 -0.189531 0.343678 0.137301 0.071843 -0.181347 0.050712 0.122173 -0.204898 0.032269 -0.065241 -0.217953 -0.094227 -0.112401 -0.017824 -0.093462 -0.123337 -0.099191 0.019620 -0.035707 0.024357 0.007431 -0.039008 0.123472 -0.151787 -0.124302 -0.381694 -0.120793 -0.098368 -0.056149 -0.034294 0.164138
0.364172 1.000000 -0.486470 -0.301229 -0.560602 -0.525298 -0.609763 -0.424746 -0.270150 -0.053915 -0.345651 0.716993 -0.084990 0.582343 -0.437639 -0.408200 -0.462729 0.219093 0.075591 0.388046 -0.375391 -0.245551 -0.282339 -0.429529 -0.461462 -0.531115 -0.539593 -0.446243 0.030123 0.415333 -0.485780 -0.413583 0.377663 0.298505 -0.550110 -0.319305 0.029754 0.078488 -0.187103 0.246170 0.051461 0.115331 0.379273 0.231288 0.220704 0.096521 0.504111 0.313540 -0.026391 0.407391 -0.260230 0.334389 0.491460 0.525614 0.116350 0.411774 0.422388 0.696786 0.334597 0.512169 0.372049 0.583374 0.197895 0.499698 -0.321401 -0.000155 0.119129 -0.293852 0.409459 0.199690 0.212451 -0.160891 0.241940 0.144390 0.083858 0.055459 0.269754 0.173964 0.052310 0.132856 -0.005730 -0.134219 -0.244655 -0.501329 -0.080083 -0.574322 0.268972 0.521990 -0.309046 -0.211086 0.363885 -0.002679 0.196539 -0.063553 -0.020891 0.204665 0.470280 0.323758 0.563112 0.495455 0.547479 0.304756 0.645855 0.413192 0.435638 -0.052949 0.404789 0.197443 -0.226532 -0.042136 -0.263587 0.338789 0.482816 -0.011353 -0.052438 0.213477
-0.001665 -0.486470 1.000000 -0.100263 0.414325 0.386058 0.385908 0.055943 0.439741 0.164908 0.413953 -0.313014 -0.040145 -0.384466 0.366189 0.199085 -0.202962 -0.531996 0.238599 -0.534667 0.235185 0.181237 0.635346 0.420124 0.462163 0.448784 0.292246 0.590561 -0.131623 -0.607622 0.289374 0.120342 -0.381814 -0.511722 0.287458 -0.015282 -0.294278 -0.296837 0.177077 -0.288221 0.048098 -0.347366 -0.278694 -0.040865 -0.304316 -0.182392 -0.423400 -0.150865 0.340713 -0.175180 0.624412 0.002413 -0.203364 -0.197557 0.048977 -0.218205 -0.466878 -0.564517 -0.007949 -0.445926 -0.173894 -0.507479 -0.492803 -0.552870 0.463317 0.183413 -0.139522 0.071657 -0.242327 -0.050913 -0.306143 -0.219581 -0.352719 -0.382751 -0.251524 -0.402479 -0.371579 -0.492768 -0.430904 -0.290861 -0.471548 -0.281771 0.188095 0.211430 0.415656 0.306971 0.021613 -0.034423 0.636760 0.245546 -0.282957 0.167046 -0.251549 0.107559 -0.186334 -0.430482 -0.275456 -0.567492 -0.419454 -0.580431 -0.450084 -0.261604 -0.574509 -0.402377 -0.405971 -0.173818 -0.304264 -0.262362 -0.145917 -0.026156 0.198094 -0.429202 -0.434111 -0.345172 -0.035447 -0.088842
-0.159201 -0.301229 -0.100263 1.000000 -0.011029 0.257684 0.228940 0.465257 -0.121332 0.052823 -0.028473 -0.121532 -0.041677 -0.243798 0.242954 0.313977 0.280665 0.055963 0.175691 0.454018 0.013903 0.029307 0.110657 0.337752 -0.091427 0.219283 0.148843 0.129150 0.213366 -0.001778 0.420202 0.517397 -0.075904 0.150641 0.065536 -0.031713 -0.066485 -0.070229 -0.275468 -0.034697 0.024284 0.087397 -0.180418 -0.154228 -0.202157 -0.212865 -0.300843 -0.110468 -0.589669 -0.332931 -0.393369 -0.410632 -0.552132 -0.307281 -0.590526 -0.347782 0.063714 -0.151155 -0.602391 -0.388426 -0.367417 -0.322439 0.072222 -0.122404 0.140762 0.025337 -0.348227 0.044839 -0.127442 0.080268 -0.058717 0.287237 -0.092106 0.006094 -0.047127 -0.015957 -0.073446 0.195561 0.097691 -0.097704 0.168666 0.112876 0.320512 0.589230 -0.082944 0.379617 -0.078934 -0.175531 -0.209047 -0.279517 -0.139265 -0.241044 0.079218 -0.190707 0.137557 0.061323 -0.245724 0.044438 -0.278647 -0.212855 -0.291133 -0.358962 -0.148902 -0.237636 -0.179295 0.086951 -0.096720 0.036902 0.197968 -0.043610 -0.078980 -0.127602 -0.132045 0.148564 0.075624 0.056209
0.062784 -0.560602 0.414325 -0.011029 1.000000 0.749472 0.634314 0.247632 0.697586 0.621585 0.659641 -0.428213 0.336104 -0.172414 0.729166 0.748102 0.345033 -0.108276 0.113828 -0.448524 0.527656 0.313406 0.232887 0.408321 0.696630 0.581928 0.827397 0.577049 0.054157 -0.416667 0.604054 0.256170 -0.444237 -0.467979 0.164503 0.059079 -0.183381 -0.401748 0.224532 -0.317610 0.097163 -0.200152 -0.503259 -0.362461 -0.329705 -0.318962 -0.666859 -0.477941 0.264650 -0.395554 0.263420 -0.133931 -0.305456 -0.245751 0.022892 -0.328866 -0.480846 -0.661551 -0.048219 -0.434933 -0.134630 -0.383024 -0.365173 -0.606737 0.214173 0.091544 -0.235178 -0.033664 -0.292259 -0.167690 -0.553178 -0.178727 -0.155802 -0.339455 -0.085328 -0.283792 -0.304446 -0.598193 -0.288979 -0.286764 -0.194818 -0.175957 0.317888 0.331782 0.221221 0.266990 -0.167899 -0.420971 0.469625 0.230180 -0.420061 -0.073344 -0.477027 -0.117226 -0.229881 -0.505800 -0.576917 -0.514839 -0.672185 -0.662738 -0.587110 -0.416252 -0.757367 -0.629760 -0.504035 -0.162773 -0.675524 -0.252606 -0.196966 0.002691 -0.029200 -0.462094 -0.560699 -0.143279 -0.108807 -0.043181
-0.005877 -0.525298 0.386058 0.257684 0.749472 1.000000 0.345837 0.170356 0.441692 0.499184 0.439970 -0.486580 -0.022581 -0.445277 0.743284 0.677234 0.276105 -0.246605 0.290708 -0.257101 0.610977 0.397806 0.517419 0.646281 0.784084 0.880811 0.890245 0.865243 0.186108 -0.487150 0.775099 0.518512 -0.486316 -0.544435 0.163691 -0.080316 -0.100946 -0.181322 0.165535 -0.127918 0.203873 -0.011070 -0.548757 -0.197693 -0.541989 -0.356791 -0.723161 -0.319380 -0.047166 -0.415822 0.135924 -0.180455 -0.452828 -0.258088 -0.186010 -0.424067 -0.267238 -0.469769 -0.460689 -0.490001 -0.461006 -0.656975 -0.369676 -0.521231 0.041470 -0.068397 -0.456349 -0.093247 -0.091205 -0.083796 -0.444583 0.052686 -0.258730 -0.291581 -0.152150 -0.386459 -0.329862 -0.458053 -0.233093 -0.255344 -0.140899 -0.139294 0.441832 0.547449 0.346432 0.525401 -0.173776 -0.258002 0.459660 0.189688 -0.508318 -0.035470 -0.350708 -0.280965 -0.119267 -0.477462 -0.563355 -0.396754 -0.716917 -0.622880 -0.659304 -0.678681 -0.746680 -0.689305 -0.470456 -0.174493 -0.494863 -0.166325 -0.108413 0.095250 0.110821 -0.328142 -0.605904 -0.113663 -0.172753 0.018308
0.035409 -0.609763 0.385908 0.228940 0.634314 0.345837 1.000000 0.419260 0.449157 0.323527 0.600779 -0.361771 0.439471 -0.137968 0.550169 0.631246 0.513858 0.128160 0.086885 -0.225822 0.304064 0.297769 0.062223 0.088035 0.212738 0.241936 0.459932 0.223252 0.106610 -0.127150 0.515854 0.343576 -0.191124 -0.094828 0.159910 -0.054149 -0.260429 -0.345195 -0.079231 -0.451184 -0.080751 -0.212825 -0.288947 -0.356623 -0.254838 -0.369979 -0.448735 -0.517159 0.047404 -0.438167 0.061592 -0.368137 -0.495704 -0.392648 -0.258211 -0.439014 -0.332601 -0.609547 -0.141528 -0.580484 -0.137987 -0.404264 -0.157303 -0.489258 0.493450 0.146974 -0.136043 -0.085447 -0.425162 -0.369042 -0.329721 0.022072 -0.013717 -0.095645 -0.019921 -0.015500 -0.122318 -0.248044 -0.052272 -0.124904 0.019993 0.086652 0.255588 0.415652 -0.157861 0.284712 -0.307780 -0.624381 0.103233 -0.029035 -0.369354 -0.211851 -0.377549 0.037179 -0.201988 -0.155255 -0.525236 -0.401099 -0.558414 -0.550207 -0.520004 -0.220273 -0.598855 -0.438570 -0.458601 -0.076700 -0.560331 -0.217602 -0.058264 -0.179543 -0.272467 -0.381554 -0.380516 -0.072552 -0.016383 -0.166360
-0.519758 -0.424746 0.055943 0.465257 0.247632 0.170356 0.419260 1.000000 0.125450 0.395724 0.014179 -0.084358 0.090653 0.108259 -0.034845 0.260250 0.112000 -0.275072 -0.456110 -0.226042 0.097605 0.205218 -0.273549 0.245868 0.099433 0.166090 0.083708 0.011394 -0.341125 -0.139315 0.273035 0.419653 -0.046294 0.338928 0.411943 0.499198 -0.384992 -0.322744 -0.124225 -0.163407 -0.286824 -0.277518 -0.024597 -0.096615 0.122172 0.297571 -0.164042 -0.139984 0.054308 -0.263182 -0.069923 -0.178737 -0.470769 -0.633484 -0.357031 -0.285251 -0.288456 -0.444297 -0.118440 -0.168543 -0.037862 0.033406 -0.154999 -0.271751 0.154528 0.637900 -0.084560 0.465812 -0.392229 -0.308669 -0.180256 0.190884 -0.336173 -0.255529 -0.239695 -0.100628 -0.297660 -0.017161 -0.101219 -0.196370 -0.146258 -0.170163 -0.316151 0.021974 -0.285317 0.044540 -0.285433 -0.258786 -0.069190 -0.109194 -0.206523 -0.349386 0.013340 -0.153103 -0.113237 -0.055191 -0.108691 -0.217752 -0.377896 -0.342706 -0.139199 -0.134681 -0.344265 -0.363540 -0.404736 -0.037190 -0.325299 -0.099353 -0.047303 -0.186588 0.062052 -0.244955 -0.107586 -0.007515 0.010507 -0.110206
0.191711 -0.270150 0.439741 -0.121332 0.697586 0.441692 0.449157 0.125450 1.000000 0.636104 0.654533 -0.121040 0.330042 0.089849 0.547927 0.568608 -0.035570 -0.176051 0.112145 -0.401371 0.262899 0.071744 0.232153 0.310450 0.460426 0.287040 0.493751 0.431382 -0.038255 -0.372668 0.317959 0.025120 -0.395506 -0.464106 0.115661 -0.021929 -0.262316 -0.393956 0.211748 -0.239325 0.263396 -0.149445 -0.311649 -0.202592 -0.242596 -0.276747 -0.452918 -0.247398 0.402749 -0.140014 0.347996 -0.001418 -0.115029 -0.106749 0.075501 -0.199131 -0.548587 -0.546172 0.185371 -0.286682 0.121062 -0.199324 -0.411841 -0.528769 0.244459 0.177326 -0.171700 -0.038025 -0.231794 0.003634 -0.508927 -0.313495 -0.105407 -0.277262 -0.088558 -0.350565 -0.286402 -0.530194 -0.427990 -0.345656 -0.476121 -0.391091 0.182506 0.101507 0.221330 0.052331 -0.065654 -0.126320 0.495290 0.185840 -0.285516 0.002516 -0.280131 0.028464 -0.432678 -0.485945 -0.423341 -0.590357 -0.463703 -0.649015 -0.395368 -0.217211 -0.582782 -0.480474 -0.462150 -0.216513 -0.396428 -0.298177 -0.176578 0.047583 -0.051919 -0.526936 -0.502409 -0.251107 -0.241365 -0.127558
0.080274 -0.053915 0.164908 0.052823 0.621585 0.499184 0.323527 0.395724 0.636104 1.000000 0.443352 0.161735 0.234091 0.364857 0.444387 0.631360 -0.087355 -0.213775 0.015875 -0.241808 0.277076 0.144734 0.035588 0.425871 0.410231 0.346590 0.436691 0.387726 -0.103163 -0.174777 0.403914 0.282446 -0.344261 -0.206695 -0.021895 0.057320 -0.315528 -0.475852 0.066232 -0.117995 0.134193 -0.176686 -0.262340 -0.206713 -0.135992 -0.147622 -0.406940 -0.254926 0.284237 -0.150468 0.103564 0.064950 -0.095351 -0.088218 -0.091547 -0.203692 -0.403836 -0.457094 0.061385 -0.159134 0.028309 -0.040620 -0.425891 -0.498109 0.080181 0.411728 -0.314779 0.040783 -0.317733 -0.078217 -0.504661 -0.154360 -0.187003 -0.385433 -0.208599 -0.343084 -0.356618 -0.519543 -0.450510 -0.430495 -0.440131 -0.555335 0.038023 0.015582 0.140515 -0.062032 0.054648 0.043443 0.329093 0.064219 -0.143673 -0.116127 -0.215072 -0.274420 -0.277121 -0.408871 -0.333847 -0.458029 -0.409575 -0.522787 -0.247427 -0.298616 -0.453379 -0.541143 -0.333435 -0.216484 -0.452205 -0.200910 -0.334218 0.010040 -0.149350 -0.448387 -0.351799 -0.165866 -0.146413 0.103222
0.461083 -0.345651 0.413953 -0.028473 0.659641 0.439970 0.600779 0.014179 0.654533 0.443352 1.000000 -0.136468 0.705428 -0.003498 0.764561 0.642512 0.287679 0.062528 0.223102 -0.264296 0.180545 -0.009149 0.289125 0.258447 0.364311 0.273044 0.489365 0.376214 0.217428 -0.226139 0.364304 0.094674 -0.463955 -0.494265 0.013679 -0.201510 -0.189978 -0.360914 0.076842 -0.393415 0.174996 -0.174043 -0.362762 -0.252809 -0.337732 -0.513105 -0.531379 -0.350379 0.367610 -0.272303 0.274772 -0.040934 -0.150704 -0.113312 0.082312 -0.191916 -0.466201 -0.604070 0.018616 -0.491625 0.032815 -0.405716 -0.223370 -0.563349 0.427240 -0.049816 -0.265180 -0.218096 -0.405927 -0.086465 -0.491951 -0.159987 0.068084 -0.168421 0.005724 -0.143040 -0.174047 -0.483309 -0.302514 -0.224357 -0.191812 -0.181674 0.503794 0.395989 0.316486 0.247085 0.012395 -0.288460 0.456373 0.229330 -0.273875 -0.079588 -0.395150 -0.004556 -0.227769 -0.406637 -0.476541 -0.555395 -0.518198 -0.638811 -0.539433 -0.341460 -0.571983 -0.509945 -0.426004 -0.171988 -0.492849 -0.187587 -0.126784 -0.044959 -0.195613 -0.566486 -0.492183 -0.256073 -0.112883 -0.028910
0.232687 0.716993 -0.313014 -0.121532 -0.428213 -0.486580 -0.361771 -0.084358 -0.121040 0.161735 -0.136468 1.000000 0.158831 0.817273 -0.320308 -0.184207 -0.522394 0.059101 -0.132890 0.232314 -0.439320 -0.340156 -0.271812 -0.189091 -0.379942 -0.463161 -0.572844 -0.426787 -0.037759 0.452358 -0.327088 -0.163868 0.174431 0.323680 -0.372044 -0.079424 -0.101209 -0.094150 -0.257730 0.096503 0.009410 -0.086975 0.327115 0.125746 0.293842 0.092008 0.365922 0.283649 0.089538 0.269561 -0.128816 0.311302 0.342319 0.402941 0.056596 0.363794 0.107443 0.274215 0.300795 0.292932 0.363333 0.559797 0.100667 0.268665 0.000299 0.334300 -0.015123 -0.056439 -0.006744 0.118575 0.010012 -0.034070 0.218800 -0.033081 -0.024021 -0.063021 0.060149 0.054918 -0.097198 -0.097471 -0.191858 -0.378087 -0.283551 -0.407991 0.007363 -0.591785 0.331645 0.671976 -0.282209 -0.336052 0.399304 -0.079245 0.151481 -0.070606 0.127688 0.196569 0.445659 0.167779 0.448707 0.262433 0.461675 0.228222 0.491610 0.206099 0.306253 -0.004566 0.180575 0.170489 -0.234137 0.075631 -0.266508 -0.049586 0.433439 0.073128 0.079544 0.314457
0.397756 -0.084990 -0.040145 -0.041677 0.336104 -0.022581 0.439471 0.090653 0.330042 0.234091 0.705428 0.158831 1.000000 0.385367 0.404494 0.399733 0.287812 0.236127 -0.063300 -0.114047 -0.077775 -0.136709 -0.157425 -0.067440 -0.019109 -0.159099 0.070595 -0.171855 0.180913 0.140454 0.019966 -0.082856 -0.235571 -0.127744 -0.125659 -0.027601 -0.043602 -0.174650 -0.123079 -0.257074 0.007921 -0.110112 -0.235156 -0.352143 -0.069917 -0.319422 -0.257996 -0.320789 0.269600 -0.247755 -0.037053 -0.062895 0.016658 -0.098253 0.118712 -0.075526 -0.246188 -0.304807 0.288484 -0.141814 0.407766 0.076061 0.169735 -0.236466 0.266719 -0.023282 0.101396 -0.116131 -0.297462 -0.050828 -0.297923 -0.064263 0.297792 0.089819 0.144093 0.088844 -0.005695 -0.184126 -0.087937 -0.130017 0.038037 -0.102215 0.204613 0.135635 0.000894 -0.075859 0.001011 -0.238938 -0.003897 0.027566 0.010583 -0.126319 -0.210733 0.140780 -0.004360 -0.060885 -0.260522 -0.187422 -0.247813 -0.287250 -0.179882 0.029611 -0.123401 -0.092350 -0.057279 -0.026256 -0.230186 -0.090435 0.009541 -0.054740 -0.348865 -0.409955 -0.100148 -0.088786 0.072744 -0.031145
0.141868 0.582343 -0.384466 -0.243798 -0.172414 -0.445277 -0.137968 0.108259 0.089849 0.364857 -0.003498 0.817273 0.385367 1.000000 -0.255085 0.013567 -0.375489 0.096299 -0.364193 0.017412 -0.283494 -0.169998 -0.495660 -0.250610 -0.316299 -0.462448 -0.412632 -0.483684 -0.149132 0.498791 -0.309268 -0.188580 0.103119 0.337293 -0.216540 0.119524 -0.161765 -0.152159 -0.149188 0.106804 -0.031770 -0.100072 0.270197 0.024157 0.413181 0.209486 0.317203 0.129169 0.252436 0.233050 -0.113784 0.308565 0.375029 0.290108 0.102881 0.289853 -0.082759 0.127164 0.485152 0.375610 0.488658 0.670073 0.058786 0.144141 -0.095354 0.367705 0.122828 0.034371 -0.108368 -0.040947 -0.067389 -0.131889 0.207014 -0.027038 -0.018099 0.073038 0.038464 -0.016817 -0.203930 -0.153988 -0.209922 -0.421186 -0.406154 -0.502562 -0.220171 -0.670513 0.182032 0.391661 -0.313661 -0.263331 0.385924 -0.108699 0.120405 0.003275 -0.065799 0.179723 0.360823 0.110615 0.369615 0.196440 0.461283 0.374046 0.398136 0.199257 0.231720 -0.085452 0.107214 0.041032 -0.179437 0.030351 -0.279138 -0.110186 0.346326 0.026389 -0.010664 0.106894
0.368094 -0.437639 0.366189 0.242954 0.729166 0.743284 0.550169 -0.034845 0.547927 0.444387 0.764561 -0.320308 0.404494 -0.255085 1.000000 0.818900 0.386395 -0.017120 0.470409 -0.151268 0.388190 0.254488 0.544389 0.369301 0.481502 0.611755 0.775516 0.642191 0.499819 -0.230491 0.747138 0.438635 -0.455146 -0.547599 -0.016677 -0.343963 -0.019196 -0.190667 0.034005 -0.266987 0.325923 0.018703 -0.554600 -0.305841 -0.590660 -0.639498 -0.747367 -0.443977 -0.070243 -0.445378 0.117545 -0.216960 -0.381425 -0.093983 -0.121470 -0.364756 -0.294501 -0.504899 -0.394285 -0.634674 -0.361554 -0.660535 -0.263480 -0.579343 0.357106 -0.237081 -0.450175 -0.366272 -0.182587 -0.101857 -0.516560 0.032855 0.112908 -0.116285 0.036690 -0.158404 -0.064571 -0.436127 -0.220837 -0.246588 -0.078008 -0.114277 0.730527 0.718666 0.397249 0.507524 -0.059168 -0.333657 0.408314 0.112810 -0.420746 -0.104842 -0.487617 -0.195789 -0.096125 -0.330285 -0.655549 -0.358929 -0.649317 -0.599704 -0.693556 -0.598081 -0.643501 -0.570452 -0.404041 -0.165622 -0.464966 -0.207701 -0.101107 0.104815 -0.212751 -0.485054 -0.578103 -0.065268 -0.089647 0.057902
0.191354 -0.408200 0.199085 0.313977 0.748102 0.677234 0.631246 0.260250 0.568608 0.631360 0.642512 -0.184207 0.399733 0.013567 0.818900 1.000000 0.341969 0.035582 0.214859 -0.139780 0.516430 0.352315 0.218912 0.369032 0.448739 0.522260 0.749150 0.511469 0.258674 -0.070562 0.730797 0.511450 -0.348367 -0.297545 -0.021082 -0.154192 -0.159573 -0.312674 0.038133 -0.158723 0.246002 0.052212 -0.482139 -0.342677 -0.467300 -0.533045 -0.685680 -0.447023 -0.118986 -0.505078 -0.085212 -0.330243 -0.459734 -0.259483 -0.262628 -0.447132 -0.341587 -0.547732 -0.318842 -0.594719 -0.208138 -0.473338 -0.203783 -0.551331 0.250869 -0.002472 -0.381261 -0.217893 -0.247512 -0.116225 -0.444153 0.093338 0.024962 -0.082692 -0.008331 -0.055632 -0.186444 -0.359972 -0.217396 -0.314504 -0.124200 -0.188129 0.433609 0.588173 0.099486 0.295821 -0.206157 -0.356273 0.165246 -0.043018 -0.352766 -0.165862 -0.325832 -0.181707 -0.180158 -0.310960 -0.584549 -0.342630 -0.679155 -0.618709 -0.542542 -0.444714 -0.637782 -0.550408 -0.426104 -0.208660 -0.557222 -0.159235 -0.115908 0.067577 -0.258988 -0.459184 -0.540546 -0.037798 -0.129777 -0.038709
-0.015568 -0.462729 -0.202962 0.280665 0.345033 0.276105 0.513858 0.112000 -0.035570 -0.087355 0.287679 -0.522394 0.287812 -0.375489 0.386395 0.341969 1.000000 0.556991 0.026156 0.119514 0.131415 0.088117 -0.130499 -0.095720 0.127619 0.170346 0.388430 0.016729 0.274861 0.151281 0.312341 0.233234 -0.030454 -0.001025 0.147437 -0.015603 0.317515 0.136476 -0.082122 -0.210917 0.002416 0.211818 -0.297446 -0.392584 -0.274418 -0.303022 -0.304242 -0.439373 -0.354462 -0.440229 -0.282967 -0.517197 -0.412165 -0.333454 -0.267049 -0.358606 0.206255 -0.076515 -0.349227 -0.301587 -0.276680 -0.315422 0.362528 0.059274 0.080564 -0.254565 -0.191912 -0.196429 -0.217734 -0.322927 -0.107099 0.219989 0.246156 0.224789 0.302306 0.249208 0.232675 0.209106 0.588072 0.423209 0.730833 0.680125 0.420449 0.474130 -0.223390 0.394764 -0.319659 -0.732102 -0.180127 0.005990 -0.277718 -0.219689 -0.153215 0.000210 0.168883 0.081600 -0.396393 0.094546 -0.317974 -0.079776 -0.422050 -0.289441 -0.254464 -0.124105 -0.174910 0.133911 -0.323189 0.004340 0.209628 -0.073966 -0.071107 0.089876 -0.152300 0.114274 0.022075 -0.046763
0.276850 0.219093 -0.531996 0.055963 -0.108276 -0.246605 0.128160 -0.275072 -0.176051 -0.213775 0.062528 0.059101 0.236127 0.096299 -0.017120 0.035582 0.556991 1.000000 0.160339 0.524661 -0.193925 -0.242702 -0.389521 -0.449806 -0.324296 -0.416328 -0.065533 -0.452106 0.335525 0.560072 -0.135734 -0.221495 0.295731 0.187523 -0.328717 -0.283561 0.361089 0.159273 -0.155269 -0.041769 0.029257 0.313862 0.102190 -0.206696 0.002380 -0.290813 0.167175 -0.137385 -0.347063 -0.039160 -0.480648 -0.299775 -0.007160 0.127473 -0.134869 -0.049387 0.425961 0.341411 -0.029321 0.044031 0.156187 0.181121 0.559758 0.455280 -0.087254 -0.300090 -0.048221 -0.395293 -0.010913 -0.091620 0.175237 -0.000373 0.475319 0.410654 0.464424 0.413959 0.448221 0.330060 0.606049 0.548410 0.619771 0.627133 0.221392 0.048298 -0.280376 -0.115027 0.025150 -0.259817 -0.402844 -0.206148 0.042065 -0.175094 0.013683 -0.021518 0.057187 0.226120 -0.024380 0.207178 0.165243 0.226418 0.079491 0.122752 0.267996 0.222999 0.163815 0.070694 0.000975 0.120814 0.091429 -0.010830 -0.288359 0.274265 0.168575 0.049725 -0.078161 0.066323
0.546505 0.075591 0.238599 0.175691 0.113828 0.290708 0.086885 -0.456110 0.112145 0.015875 0.223102 -0.132890 -0.063300 -0.364193 0.470409 0.214859 0.026156 0.160339 1.000000 0.377496 0.172068 0.088973 0.599154 0.114752 0.082951 0.239933 0.310373 0.349762 0.547138 -0.188702 0.344469 0.078739 -0.079326 -0.407515 -0.458366 -0.670742 0.012767 -0.104889 -0.050197 -0.112851 0.194256 0.059916 -0.199908 -0.063004 -0.496077 -0.582653 -0.329708 -0.114741 -0.280343 -0.166203 -0.117591 -0.201548 -0.141450 0.164499 -0.105055 -0.240307 0.098083 0.001629 -0.280361 -0.334996 -0.130788 -0.425250 -0.088073 -0.214248 0.088944 -0.441300 -0.250514 -0.498042 0.254076 0.255463 -0.043094 0.008657 0.073992 0.069438 0.167819 -0.136576 0.056759 -0.200878 -0.053987 -0.098332 -0.043747 0.019058 0.652461 0.424863 0.409148 0.310212 0.306131 0.055004 0.275152 -0.006650 -0.213077 0.062401 -0.300960 -0.163014 -0.063192 -0.142112 -0.350008 -0.175359 -0.223570 -0.237646 -0.277587 -0.298049 -0.171472 -0.111174 -0.020928 -0.007192 -0.053053 -0.074329 -0.127733 0.018736 -0.253573 -0.026273 -0.316792 -0.078171 -0.045131 0.070625
0.301118 0.388046 -0.534667 0.454018 -0.448524 -0.257101 -0.225822 -0.226042 -0.401371 -0.241808 -0.264296 0.232314 -0.114047 0.017412 -0.151268 -0.139780 0.119514 0.524661 0.377496 1.000000 -0.222440 -0.287386 -0.140248 -0.125368 -0.403262 -0.305899 -0.231709 -0.328335 0.293685 0.364782 -0.121037 -0.015129 0.230624 0.247567 -0.483290 -0.370798 0.210580 0.128749 -0.284870 0.107151 -0.015227 0.263400 0.245106 0.045287 0.060115 -0.191134 0.236287 0.172446 -0.552730 0.092822 -0.628218 -0.249360 -0.043386 0.202867 -0.301913 0.012309 0.454512 0.411025 -0.285683 0.007021 -0.036256 0.055807 0.368048 0.362324 -0.230431 -0.339228 -0.167497 -0.235286 0.200800 0.364949 0.308297 0.207807 0.208835 0.320280 0.272482 0.218650 0.228383 0.359287 0.346559 0.138624 0.356088 0.315881 0.228609 0.133868 -0.159556 -0.078275 0.241130 0.132083 -0.442655 -0.405602 0.235879 -0.026301 0.095990 -0.125527 0.279320 0.299592 0.097473 0.371903 0.286954 0.330519 0.174455 0.058302 0.402090 0.268583 0.282161 0.261324 0.251301 0.328363 0.204245 0.030473 -0.328023 0.335530 0.258544 0.149336 0.149798 0.177732
-0.041614 -0.375391 0.235185 0.013903 0.527656 0.610977 0.304064 0.097605 0.262899 0.277076 0.180545 -0.439320 -0.077775 -0.283494 0.388190 0.516430 0.131415 -0.193925 0.172068 -0.222440 1.000000 0.694229 0.345438 0.355627 0.649395 0.630052 0.741750 0.618214 0.045180 -0.299459 0.518502 0.343316 -0.224509 -0.326345 0.057729 -0.118515 -0.188773 -0.105013 0.447568 0.205018 -0.027124 0.078707 -0.280616 -0.130648 -0.285062 -0.240226 -0.357188 -0.296192 -0.029090 -0.274074 0.015893 -0.243602 -0.352888 -0.344532 -0.031248 -0.273725 -0.200150 -0.316887 -0.249532 -0.316108 -0.245695 -0.473302 -0.173003 -0.348854 -0.117262 -0.229995 -0.046702 -0.122929 0.110086 -0.074656 -0.101329 0.219478 -0.307378 -0.009243 -0.204165 -0.117896 -0.232246 -0.202535 -0.195837 -0.242208 -0.152406 -0.064605 0.085594 0.255429 -0.034496 0.220084 -0.277073 -0.226718 0.139919 0.086257 -0.423339 -0.126010 -0.295657 -0.111479 -0.233099 -0.285687 -0.296459 -0.200719 -0.525822 -0.392260 -0.294007 -0.201251 -0.529201 -0.370577 -0.271142 -0.101649 -0.340352 -0.089664 -0.043071 0.003647 -0.067542 0.007471 -0.357687 -0.054403 -0.084099 -0.197353
-0.202994 -0.245551 0.181237 0.029307 0.313406 0.397806 0.297769 0.205218 0.071744 0.144734 -0.009149 -0.340156 -0.136709 -0.169998 0.254488 0.352315 0.088117 -0.242702 0.088973 -0.287386 0.694229 1.000000 0.303513 0.088646 0.397317 0.545208 0.476262 0.463038 0.128318 -0.118379 0.484274 0.448901 0.031850 0.029772 0.170589 0.000361 -0.116938 0.042502 0.356568 0.250048 0.004084 0.145107 -0.309967 -0.198836 -0.312198 -0.137380 -0.283503 -0.389424 -0.101775 -0.384934 0.018585 -0.168172 -0.342913 -0.315075 -0.048715 -0.215939 -0.151678 -0.234812 -0.222876 -0.304244 -0.295415 -0.322097 -0.242267 -0.323544 0.019296 -0.018709 -0.031588 -0.217377 0.258365 -0.307387 -0.009136 0.189439 -0.206605 0.003452 -0.165828 -0.055879 0.066355 0.016470 -0.105536 -0.107369 -0.073638 0.024326 -0.012076 0.270423 -0.076819 0.265073 -0.332943 -0.239128 0.072799 0.042552 -0.488913 -0.347205 -0.367687 -0.210381 -0.233665 0.019245 -0.255904 0.076560 -0.477569 -0.252619 -0.255357 -0.123895 -0.402827 -0.227049 -0.119393 -0.076093 -0.207616 -0.168832 -0.086508 -0.063418 -0.035558 0.061054 -0.150551 -0.030063 0.078306 -0.149238
0.189653 -0.282339 0.635346 0.110657 0.232887 0.517419 0.062223 -0.273549 0.232153 0.035588 0.289125 -0.271812 -0.157425 -0.495660 0.544389 0.218912 -0.130499 -0.389521 0.599154 -0.140248 0.345438 0.303513 1.000000 0.436540 0.459909 0.663421 0.428380 0.738686 0.417171 -0.383390 0.515739 0.350479 -0.376022 -0.546939 0.066029 -0.341097 0.045156 0.088354 0.215625 0.007810 0.316872 0.054810 -0.368406 -0.033782 -0.531444 -0.417189 -0.406974 -0.122620 -0.055467 -0.250993 0.311959 -0.067007 -0.216647 0.019884 0.032494 -0.155723 -0.217477 -0.320213 -0.388641 -0.485010 -0.440450 -0.650324 -0.354440 -0.432282 0.239204 -0.265922 -0.393497 -0.329139 0.111031 0.044573 -0.219914 0.048725 -0.078308 -0.129110 -0.041909 -0.251251 -0.042275 -0.222429 -0.292117 -0.197751 -0.279056 -0.173214 0.548434 0.497113 0.583457 0.456448 0.179481 0.143296 0.559673 0.187479 -0.386986 0.033637 -0.355679 -0.136851 -0.039316 -0.219960 -0.325559 -0.242125 -0.380769 -0.412721 -0.509825 -0.472876 -0.439471 -0.406344 -0.233168 -0.111227 -0.154774 -0.276836 -0.086462 0.177402 0.067485 -0.250506 -0.356604 -0.250360 -0.046895 0.017599
-0.145582 -0.429529 0.420124 0.337752 0.408321 0.646281 0.088035 0.245868 0.310450 0.425871 0.258447 -0.189091 -0.067440 -0.250610 0.369301 0.369032 -0.095720 -0.449806 0.114752 -0.125368 0.355627 0.088646 0.436540 1.000000 0.547736 0.661875 0.419174 0.665336 -0.064145 -0.481251 0.396059 0.423240 -0.569313 -0.428390 0.158031 0.124480 -0.136031 -0.195853 0.155385 0.093343 0.229172 -0.037113 -0.467872 -0.201152 -0.288168 -0.205624 -0.569936 -0.097425 0.085002 -0.245030 0.143843 -0.040843 -0.212970 -0.183459 -0.161323 -0.321576 -0.410579 -0.499995 -0.229599 -0.306187 -0.239471 -0.417981 -0.341966 -0.492412 -0.060429 0.040051 -0.258988 0.290697 -0.258418 0.231720 -0.275678 -0.049317 -0.387230 -0.386064 -0.311362 -0.426272 -0.591517 -0.440859 -0.419876 -0.443637 -0.373421 -0.418674 0.226150 0.360018 0.294661 0.283639 0.045226 0.120960 0.368012 0.136116 -0.036057 0.232359 -0.075912 -0.034969 -0.015876 -0.373496 -0.358531 -0.422930 -0.445187 -0.542126 -0.360288 -0.375273 -0.474625 -0.468209 -0.269867 0.000494 -0.194006 -0.140344 0.062999 0.132451 0.199859 -0.499908 -0.502149 -0.121625 0.087344 0.020902
-0.027148 -0.461462 0.462163 -0.091427 0.696630 0.784084 0.212738 0.099433 0.460426 0.410231 0.364311 -0.379942 -0.019109 -0.316299 0.481502 0.448739 0.127619 -0.324296 0.082951 -0.403262 0.649395 0.397317 0.459909 0.547736 1.000000 0.754141 0.754701 0.783855 -0.090824 -0.532880 0.482266 0.236822 -0.486623 -0.569814 0.211038 0.112434 -0.074694 -0.161465 0.414162 -0.044936 0.119023 -0.079766 -0.447136 -0.193373 -0.342885 -0.198387 -0.551722 -0.265139 0.205412 -0.305790 0.271480 -0.112022 -0.228794 -0.220946 0.119441 -0.276015 -0.290358 -0.443464 -0.157026 -0.300472 -0.228939 -0.423956 -0.296255 -0.374064 -0.072074 0.027488 -0.320767 0.000998 -0.111560 -0.035427 -0.359167 -0.046705 -0.376493 -0.321821 -0.192823 -0.446910 -0.359834 -0.469286 -0.207387 -0.193473 -0.159271 -0.135403 0.208830 0.190522 0.371814 0.264077 -0.053800 -0.068479 0.502523 0.268810 -0.399023 0.022177 -0.342610 -0.155794 -0.046604 -0.518313 -0.320769 -0.341629 -0.541303 -0.499774 -0.478960 -0.405120 -0.663893 -0.570552 -0.440321 -0.091379 -0.548926 -0.110553 -0.098168 0.054256 0.289074 -0.265286 -0.423669 -0.229285 -0.059992 -0.020721
-0.138064 -0.531115 0.448784 0.219283 0.581928 0.880811 0.241936 0.166090 0.287040 0.346590 0.273044 -0.463161 -0.159099 -0.462448 0.611755 0.522260 0.170346 -0.416328 0.239933 -0.305899 0.630052 0.545208 0.663421 0.661875 0.754141 1.000000 0.764485 0.877687 0.238297 -0.420774 0.778313 0.668092 -0.446802 -0.420954 0.307895 -0.015057 -0.029440 0.020760 0.308618 0.064934 0.264955 0.064277 -0.513615 -0.140501 -0.508521 -0.267651 -0.592608 -0.223458 -0.077324 -0.457112 0.183748 -0.165338 -0.471130 -0.297948 -0.135821 -0.315411 -0.338787 -0.502397 -0.502145 -0.520346 -0.566192 -0.665511 -0.404078 -0.526286 0.032807 -0.065410 -0.465183 -0.094396 -0.074765 -0.194241 -0.387674 0.132179 -0.236809 -0.305786 -0.148909 -0.317378 -0.243550 -0.274373 -0.229207 -0.236037 -0.173285 -0.162661 0.371583 0.547658 0.317891 0.538867 -0.182680 -0.158790 0.454383 0.187989 -0.536043 -0.099618 -0.435922 -0.314716 -0.052205 -0.272512 -0.404630 -0.245914 -0.646303 -0.546969 -0.643562 -0.676531 -0.679798 -0.644201 -0.363110 -0.138295 -0.406801 -0.255738 -0.064900 0.211145 0.223877 -0.243710 -0.516884 -0.128437 -0.030877 0.026226
0.080048 -0.539593 0.292246 0.148843 0.827397 0.890245 0.459932 0.083708 0.493751 0.436691 0.489365 -0.572844 0.070595 -0.412632 0.775516 0.749150 0.388430 -0.065533 0.310373 -0.231709 0.741750 0.476262 0.428380 0.419174 0.754701 0.764485 1.000000 0.751525 0.239478 -0.383231 0.747294 0.396686 -0.428631 -0.532361 0.105759 -0.138047 -0.091034 -0.188816 0.304276 -0.109283 0.146798 0.025532 -0.453077 -0.198204 -0.450560 -0.396352 -0.629018 -0.362090 -0.050744 -0.370088 0.082524 -0.244270 -0.434163 -0.222198 -0.079706 -0.342870 -0.271307 -0.476404 -0.421289 -0.515023 -0.397074 -0.622095 -0.303952 -0.510903 0.054372 -0.214637 -0.388965 -0.219030 -0.050446 -0.109237 -0.410582 0.060343 -0.170074 -0.167058 -0.062049 -0.212521 -0.211068 -0.416570 -0.192002 -0.209718 -0.061202 -0.012557 0.450618 0.517855 0.241055 0.452152 -0.206354 -0.403413 0.390586 0.183278 -0.530255 -0.105123 -0.456716 -0.265827 -0.199479 -0.440175 -0.548925 -0.346982 -0.667337 -0.555951 -0.639466 -0.537777 -0.749091 -0.628707 -0.477618 -0.150162 -0.561146 -0.144065 -0.080437 0.048593 0.001566 -0.240270 -0.592821 -0.058141 -0.167782 -0.072817
0.014835 -0.446243 0.590561 0.129150 0.577049 0.865243 0.223252 0.011394 0.431382 0.387726 0.376214 -0.426787 -0.171855 -0.483684 0.642191 0.511469 0.016729 -0.452106 0.349762 -0.328335 0.618214 0.463038 0.738686 0.665336 0.783855 0.877687 0.751525 1.000000 0.165214 -0.548430 0.678033 0.471544 -0.482502 -0.558116 0.215955 -0.126263 -0.117266 -0.092783 0.321223 -0.007259 0.339194 0.070980 -0.542795 -0.100025 -0.574728 -0.358808 -0.650371 -0.233489 0.032307 -0.325298 0.314359 -0.086297 -0.344386 -0.149584 -0.054295 -0.330602 -0.338756 -0.456574 -0.408599 -0.501488 -0.480586 -0.694315 -0.494374 -0.544284 0.124275 -0.073407 -0.430344 -0.145449 -0.018850 -0.031484 -0.339055 0.005274 -0.297413 -0.263501 -0.186481 -0.388370 -0.300360 -0.406066 -0.352540 -0.284213 -0.314689 -0.260663 0.406745 0.489538 0.473731 0.524672 -0.087292 -0.067025 0.611664 0.278884 -0.498893 -0.002155 -0.364711 -0.258263 -0.210423 -0.440440 -0.460048 -0.376086 -0.620947 -0.594887 -0.617583 -0.618679 -0.709047 -0.676002 -0.457703 -0.199570 -0.381913 -0.266602 -0.123197 0.096871 0.215819 -0.343523 -0.570616 -0.209673 -0.132327 -0.025684
0.422723 0.030123 -0.131623 0.213366 0.054157 0.186108 0.106610 -0.341125 -0.038255 -0.103163 0.217428 -0.037759 0.180913 -0.149132 0.499819 0.258674 0.274861 0.335525 0.547138 0.293685 0.045180 0.128318 0.417171 -0.064145 -0.090824 0.238297 0.239478 0.165214 1.000000 0.396977 0.486403 0.385776 0.059915 -0.000847 -0.273609 -0.575525 0.339806 0.268483 -0.083483 0.090041 0.472687 0.462155 -0.158454 -0.103147 -0.430220 -0.526209 -0.161354 -0.128114 -0.465046 -0.275985 -0.301280 -0.302233 -0.254937 0.135267 -0.222423 -0.159799 0.145023 0.065195 -0.425220 -0.385544 -0.263700 -0.311969 0.215571 0.008522 0.142712 -0.513182 -0.359270 -0.633854 0.165926 -0.122550 -0.021338 0.182388 0.654713 0.321670 0.478408 0.301327 0.494944 0.165834 0.197851 0.208510 0.268111 0.205125 0.681546 0.557503 0.180507 0.207300 0.137212 -0.056518 -0.021353 -0.256584 -0.304624 -0.225640 -0.454424 -0.239910 0.009869 0.194102 -0.266899 0.121005 -0.201033 -0.126435 -0.311968 -0.422452 -0.006424 -0.191223 0.036127 -0.029182 0.081197 -0.162624 -0.039116 0.163214 -0.328403 -0.029187 -0.155928 0.083338 -0.059928 0.105706
0.088276 0.415333 -0.607622 -0.001778 -0.416667 -0.487150 -0.127150 -0.139315 -0.372668 -0.174777 -0.226139 0.452358 0.140454 0.498791 -0.230491 -0.070562 0.151281 0.560072 -0.188702 0.364782 -0.299459 -0.118379 -0.383390 -0.481251 -0.532880 -0.420774 -0.383231 -0.548430 0.396977 1.000000 -0.142810 0.065728 0.481151 0.593525 -0.212413 -0.141774 0.358487 0.358700 -0.214473 0.271188 0.168009 0.476726 0.272513 -0.048376 0.183936 -0.033515 0.415082 0.026169 -0.427896 0.022513 -0.507890 -0.220978 0.041174 0.188914 -0.248274 0.129034 0.359225 0.407830 -0.036190 0.095486 0.080806 0.346896 0.542813 0.497089 -0.013010 -0.099238 -0.075695 -0.339287 0.036207 -0.200390 0.248845 0.200740 0.722714 0.522603 0.498986 0.618181 0.636484 0.576451 0.431229 0.464819 0.431227 0.307884 -0.032925 -0.076392 -0.366139 -0.389340 0.061854 0.115764 -0.626189 -0.497667 0.201312 -0.207117 0.119541 0.029367 0.107520 0.526734 0.253927 0.490607 0.378126 0.443859 0.299736 0.195364 0.527652 0.364864 0.384736 0.055316 0.282866 0.117386 0.052435 0.099034 -0.320240 0.271145 0.416471 0.237850 0.055319 0.062008
0.031569 -0.485780 0.289374 0.420202 0.604054 0.775099 0.515854 0.273035 0.317959 0.403914 0.364304 -0.327088 0.019966 -0.309268 0.747138 0.730797 0.312341 -0.135734 0.344469 -0.121037 0.518502 0.484274 0.515739 0.396059 0.482266 0.778313 0.747294 0.678033 0.486403 -0.142810 1.000000 0.802821 -0.250732 -0.182824 0.139591 -0.199538 -0.095668 -0.134194 0.005268 -0.158173 0.247119 0.080233 -0.419421 -0.220051 -0.486627 -0.422540 -0.576222 -0.368777 -0.296515 -0.487442 -0.063707 -0.325347 -0.603797 -0.270700 -0.366311 -0.442584 -0.226617 -0.470993 -0.645609 -0.668623 -0.564266 -0.624362 -0.283284 -0.484385 0.217503 -0.047393 -0.570636 -0.277775 -0.105174 -0.304203 -0.379170 0.252175 0.079487 -0.140623 0.033487 -0.122067 -0.039269 -0.184368 -0.128692 -0.198445 -0.057995 -0.081881 0.508822 0.671342 0.161884 0.439802 -0.180408 -0.289166 0.236778 -0.122808 -0.569480 -0.295983 -0.510975 -0.383779 -0.143390 -0.190334 -0.551398 -0.261176 -0.656983 -0.572720 -0.673828 -0.729279 -0.672822 -0.701905 -0.467275 -0.169363 -0.426610 -0.210547 -0.149080 0.111291 -0.143731 -0.318077 -0.485210 -0.021367 -0.140198 -0.004331
-0.161076 -0.413583 0.120342 0.517397 0.256170 0.518512 0.343576 0.419653 0.025120 0.282446 0.094674 -0.163868 -0.082856 -0.188580 0.438635 0.511450 0.233234 -0.221495 0.078739 -0.015129 0.343316 0.448901 0.350479 0.423240 0.236822 0.668092 0.396686 0.471544 0.385776 0.065728 0.802821 1.000000 -0.136046 0.170758 0.244465 0.039099 -0.016463 0.094767 -0.023327 0.116225 0.251060 0.258158 -0.361858 -0.254340 -0.377543 -0.243586 -0.401497 -0.247631 -0.376653 -0.536649 -0.168044 -0.357883 -0.595495 -0.371121 -0.479425 -0.400010 -0.177657 -0.393145 -0.656684 -0.612062 -0.567685 -0.486632 -0.176823 -0.346180 0.189398 0.093310 -0.541716 -0.091290 -0.165945 -0.277028 -0.214493 0.456425 0.033135 -0.076208 -0.030058 -0.015107 -0.043952 0.123277 -0.002788 -0.193093 -0.017360 -0.043108 0.323059 0.620747 -0.060635 0.352960 -0.236939 -0.173694 0.026552 -0.232677 -0.378020 -0.263925 -0.308898 -0.300536 0.048574 0.081945 -0.394083 -0.025731 -0.527739 -0.423862 -0.496414 -0.596613 -0.440410 -0.516211 -0.247581 -0.042087 -0.231605 -0.170174 0.064322 0.165168 -0.068875 -0.245947 -0.296077 0.113693 0.119499 0.019936
-0.056907 0.377663 -0.381814 -0.075904 -0.444237 -0.486316 -0.191124 -0.046294 -0.395506 -0.344261 -0.463955 0.174431 -0.235571 0.103119 -0.455146 -0.348367 -0.030454 0.295731 -0.079326 0.230624 -0.224509 0.031850 -0.376022 -0.569313 -0.486623 -0.446802 -0.428631 -0.482502 0.059915 0.481151 -0.250732 -0.136046 1.000000 0.639305 -0.143850 -0.119463 0.025516 0.099786 -0.265102 -0.001772 -0.178209 0.165684 0.292601 0.063582 0.210289 0.126649 0.376745 0.019368 -0.249015 0.123588 -0.297921 -0.059029 -0.004008 -0.008777 -0.202202 0.018168 0.478958 0.484523 0.036176 0.160186 0.085414 0.234981 0.361924 0.515959 -0.042182 -0.012934 0.216581 -0.177437 0.309250 -0.203084 0.264919 0.073370 0.293999 0.366781 0.205194 0.363357 0.492224 0.449012 0.460351 0.467855 0.272227 0.358885 -0.298306 -0.268392 -0.311106 -0.248662 -0.069825 0.044651 -0.477735 -0.424612 -0.003576 -0.263818 0.085226 -0.035626 -0.025124 0.357657 0.246736 0.316567 0.239035 0.461802 0.294867 0.214134 0.409647 0.424282 0.348472 0.191785 0.266124 0.206150 -0.049608 -0.066934 -0.097088 0.491980 0.502828 0.181782 0.074096 0.031151
-0.200983 0.298505 -0.511722 0.150641 -0.467979 -0.544435 -0.094828 0.338928 -0.464106 -0.206695 -0.494265 0.323680 -0.127744 0.337293 -0.547599 -0.297545 -0.001025 0.187523 -0.407515 0.247567 -0.326345 0.029772 -0.546939 -0.428390 -0.569814 -0.420954 -0.532361 -0.558116 -0.000847 0.593525 -0.182824 0.170758 0.639305 1.000000 0.039032 0.250699 -0.045890 0.110904 -0.265545 0.142080 -0.105115 0.198824 0.334449 0.028874 0.373231 0.356962 0.458933 0.100900 -0.255783 0.063981 -0.414600 -0.116988 -0.112252 -0.122627 -0.335556 0.092017 0.287525 0.294233 0.005373 0.139411 0.093986 0.453220 0.330684 0.449422 -0.024495 0.317498 0.073901 0.069263 0.009675 -0.289251 0.254692 0.164264 0.262664 0.231581 0.167594 0.382373 0.327774 0.569092 0.341700 0.259060 0.248070 0.206715 -0.374893 -0.215471 -0.544045 -0.394978 -0.107660 0.031987 -0.573618 -0.475043 0.075660 -0.354307 0.153693 -0.075957 0.017364 0.506894 0.314721 0.416866 0.250312 0.353791 0.321051 0.159455 0.393573 0.230009 0.194771 0.113867 0.267602 0.140105 0.051792 -0.169588 -0.139782 0.269999 0.471100 0.272550 0.122138 -0.013132
-0.532596 -0.550110 0.287458 0.065536 0.164503 0.163691 0.159910 0.411943 0.115661 -0.021895 0.013679 -0.372044 -0.125659 -0.216540 -0.016677 -0.021082 0.147437 -0.328717 -0.458366 -0.483290 0.057729 0.170589 0.066029 0.158031 0.211038 0.307895 0.105759 0.215955 -0.273609 -0.212413 0.139591 0.244465 -0.143850 0.039032 1.000000 0.651363 -0.068204 0.158363 0.271504 -0.018034 -0.047836 -0.078103 -0.156881 -0.013674 0.092821 0.389780 -0.118291 -0.041759 0.179466 -0.153927 0.432494 0.017251 -0.242674 -0.357239 -0.005375 -0.040266 -0.383889 -0.433026 -0.164642 -0.182246 -0.359015 -0.205035 -0.282443 -0.238175 0.266640 0.292267 -0.146110 0.423503 -0.284257 -0.344910 -0.156384 0.018168 -0.233562 -0.206791 -0.112908 -0.025999 -0.073348 0.134769 -0.038907 0.023019 -0.081966 0.041632 -0.168151 0.044963 0.001135 0.319253 -0.272380 -0.333591 0.255658 0.237494 -0.230171 -0.107569 0.004797 0.008940 -0.037451 -0.087379 -0.013636 -0.032969 -0.164076 -0.193543 -0.277896 -0.126342 -0.321425 -0.254337 -0.348105 -0.040582 -0.177383 -0.240954 0.278376 0.023979 0.568655 -0.152968 -0.148705 -0.006153 0.000962 -0.212487
-0.526987 -0.319305 -0.015282 -0.031713 0.059079 -0.080316 -0.054149 0.499198 -0.021929 0.057320 -0.201510 -0.079424 -0.027601 0.119524 -0.343963 -0.154192 -0.015603 -0.283561 -0.670742 -0.370798 -0.118515 0.000361 -0.341097 0.124480 0.112434 -0.015057 -0.138047 -0.126263 -0.575525 -0.141774 -0.199538 0.039099 -0.119463 0.250699 0.651363 1.000000 -0.024363 0.049129 0.236801 0.102778 -0.179547 -0.116091 -0.107432 -0.183401 0.344957 0.561540 -0.009302 -0.019946 0.284197 -0.077242 0.246400 0.092367 0.058305 -0.235992 0.113945 0.047768 -0.302196 -0.284865 0.234464 0.161202 0.092058 0.306398 -0.153262 -0.109494 -0.032910 0.505546 0.101282 0.662043 -0.268046 -0.046569 -0.060638 -0.046191 -0.357561 -0.242504 -0.192398 -0.084272 -0.307756 0.085526 -0.051291 -0.148144 -0.078466 -0.071394 -0.445338 -0.255219 -0.123063 -0.032244 -0.102826 -0.072705 0.060092 0.185691 0.109168 0.032423 0.250553 0.098803 0.138153 -0.035831 0.099094 0.059496 0.028620 -0.005100 0.055731 0.189541 -0.104832 0.011502 -0.079906 0.115523 -0.130435 0.009411 0.273600 0.050207 0.509587 -0.186849 0.088483 0.135617 0.221740 -0.146504
