1.000000 0.654950 -0.378257 -0.172881 -0.072672 0.067839 -0.216726 -0.339751 -0.211095 -0.037129 0.422985 0.244265 0.184761 -0.025149 0.058585 -0.054567 0.674151 0.557489 0.291113 0.577300 -0.086734 -0.199790 -0.093012 -0.216315 -0.172507 -0.172031 0.178266 0.042097 0.433433 0.012123 -0.170786 -0.212882 0.297265 -0.089559 -0.259253 -0.457308 0.101086 -0.005144 0.057089 -0.031303 -0.027716 0.052223 -0.217692 -0.204077 -0.390852 -0.482176 -0.183916 -0.284817 -0.391095 -0.328281 -0.106930 -0.296792 0.333700 -0.194668 0.346257 -0.059209 0.813002 0.655128 -0.118064 -0.040543 0.052225 -0.018844 0.568638 0.568177 -0.184763 -0.181286 -0.282060 -0.464380 0.720810 0.169692 -0.069093 -0.438622 0.199976 0.156187 0.340072 -0.112717 0.246464 -0.050512 0.297942 0.564341 0.586243 0.494639 0.182073 -0.017199 0.371606 0.298665 0.039884 -0.116063 -0.150992 0.198869 -0.142974 -0.278451 -0.294457 -0.294162 -0.277473 -0.460483 -0.073630 -0.208421 0.145826 0.106944 -0.219539 -0.265346 0.026361 -0.067236 -0.192423 -0.271675 -0.134877 -0.088739 -0.224902 -0.231444 -0.230973 0.192059 -0.006505 -0.126564 -0.210807 -0.285790
0.654950 1.000000 -0.620242 -0.265147 -0.345759 -0.124788 -0.494274 -0.419950 -0.440058 -0.139755 0.288522 0.371790 0.070099 0.187385 -0.181879 -0.097939 0.536959 0.548209 0.068306 0.591214 -0.083764 -0.149099 -0.356992 -0.311528 -0.207949 -0.094007 -0.024416 0.074436 0.254049 0.057199 -0.268905 -0.230371 0.256191 -0.145148 -0.280815 -0.460672 0.144257 0.108142 0.069183 0.092797 -0.075030 0.049163 0.100168 0.113684 -0.181219 -0.284053 0.059163 -0.086529 -0.241168 -0.035061 -0.045606 0.005539 0.330470 0.209495 0.388893 0.238129 0.717842 0.773791 -0.193307 0.066391 -0.229604 -0.054970 0.401257 0.579304 -0.451321 -0.280651 -0.269678 -0.431169 0.690098 0.230044 -0.059564 -0.231194 0.101091 0.167705 0.273071 -0.103391 0.131674 0.076814 0.266274 0.543799 0.567195 0.513228 0.055395 0.126775 0.260584 0.398714 -0.064542 0.008802 -0.475641 0.165864 -0.229472 -0.494969 -0.453326 -0.462189 -0.147931 -0.281101 0.016760 0.015674 0.246621 0.343895 -0.354846 -0.155607 0.043596 -0.035761 -0.219899 -0.246332 -0.301054 -0.203658 -0.073337 -0.147598 -0.150302 0.211405 0.160499 0.077436 -0.113944 -0.282279
-0.378257 -0.620242 1.000000 0.494980 0.471161 0.255576 0.481708 0.237014 0.197076 0.063744 -0.241803 -0.370306 -0.108097 -0.286682 0.208931 0.117650 -0.377551 -0.465278 0.240598 -0.479959 0.593125 0.315192 0.614264 0.519055 0.503619 0.450241 0.418383 0.363809 -0.207489 -0.247177 0.568505 0.359157 -0.152380 0.074383 0.349347 0.251001 -0.124515 -0.001920 0.199675 0.000859 -0.005306 -0.004939 -0.253793 -0.259809 -0.282630 -0.124766 -0.389831 -0.116229 -0.026076 -0.327097 0.221306 -0.317866 -0.480173 -0.378324 -0.290613 -0.449557 -0.464598 -0.407823 -0.020942 -0.330314 0.124499 -0.128999 -0.305037 -0.427626 0.555530 0.466850 -0.014634 0.171121 -0.501938 -0.293328 0.286995 0.387662 -0.206386 -0.069386 -0.130990 0.228671 0.018990 0.253910 -0.019565 -0.176367 -0.377768 -0.309343 0.115670 -0.016545 -0.070753 -0.094889 0.281611 0.206323 0.581794 -0.119596 -0.047728 0.188586 0.368819 0.325341 0.173468 0.103779 0.030765 -0.051763 -0.503153 -0.437725 0.245866 -0.033630 -0.176616 -0.264130 -0.145231 0.017543 0.097289 -0.071272 0.171220 0.184649 0.247781 -0.272688 -0.354436 -0.152003 0.241370 0.112273
-0.172881 -0.265147 0.494980 1.000000 0.243834 0.423601 0.122574 0.416685 0.059436 0.270165 -0.404261 0.019508 -0.349401 -0.267545 0.079219 0.187101 -0.162470 -0.249182 0.304218 -0.074241 0.401106 0.368440 0.351517 0.474489 0.308505 0.332176 0.035109 0.281941 -0.001072 -0.031691 0.519828 0.638616 -0.074852 0.040040 0.185417 -0.026571 -0.070678 0.003363 -0.048210 -0.025573 0.004683 0.002955 -0.423658 -0.325566 -0.461721 -0.391015 -0.259540 -0.237607 -0.376836 -0.389427 0.163109 -0.437285 -0.195429 -0.189285 -0.358002 -0.398493 -0.138672 -0.130733 -0.407064 -0.496370 -0.117473 -0.074120 -0.187951 -0.297190 0.494278 0.439256 -0.455391 -0.174894 -0.158779 -0.380110 0.117605 0.335116 -0.045686 0.023629 0.024454 0.196700 0.032448 0.371463 0.104911 0.161085 -0.122127 -0.088098 0.245035 0.339132 0.198048 0.315788 0.288249 0.176175 0.370768 0.049131 0.050325 0.033059 0.392693 0.156654 0.089620 0.050322 -0.051609 0.076985 -0.583164 -0.362782 0.326035 -0.065116 -0.066977 -0.191547 -0.245399 -0.159162 0.118099 -0.107429 0.127333 0.269896 -0.048004 0.088970 -0.145938 0.077451 0.276640 -0.072609
-0.072672 -0.345759 0.471161 0.243834 1.000000 0.553489 0.504367 0.137842 0.578875 0.288587 -0.153550 -0.149275 0.025233 -0.105313 0.341061 0.085979 -0.058478 -0.103362 0.332250 -0.110821 0.381973 0.449391 0.272348 0.067135 0.373835 -0.006708 0.491237 0.172544 0.140158 0.017154 0.445869 0.333902 -0.019270 0.107006 -0.000219 -0.045453 0.016375 -0.229348 0.050036 -0.249189 0.116807 0.111423 -0.216779 -0.209915 -0.081089 -0.128642 -0.177282 -0.321909 -0.074584 -0.116522 -0.009681 -0.253729 -0.243340 -0.149605 -0.359406 -0.304963 -0.222643 -0.272423 -0.020920 -0.233699 0.294627 0.138379 -0.017622 -0.089168 0.443404 0.036262 -0.171503 -0.169511 -0.241550 -0.343340 0.212828 0.154475 0.086898 0.162203 0.197116 0.150419 0.192666 0.088286 -0.036866 -0.033777 -0.089652 -0.089100 0.383119 0.108403 0.026803 -0.052219 0.362727 0.274726 0.425548 -0.135772 -0.197176 0.057559 0.091966 0.036825 -0.104848 -0.305422 -0.240217 -0.368627 -0.410646 -0.376876 0.055973 -0.031713 -0.201179 -0.195546 -0.257633 -0.170193 0.032013 -0.214453 -0.193094 -0.150256 -0.192546 -0.127549 -0.093813 -0.140212 -0.040730 -0.275168
0.067839 -0.124788 0.255576 0.423601 0.553489 1.000000 0.018065 0.090391 0.239695 0.493479 -0.230085 -0.186844 -0.262387 -0.379114 0.160397 0.085874 -0.006678 0.020147 -0.001313 0.010904 0.335005 0.282893 0.304079 0.349150 0.484591 0.277058 0.573920 0.494753 -0.055711 -0.203930 0.165600 0.311854 -0.254624 -0.127799 0.167697 -0.003347 -0.047194 -0.065087 0.162436 0.078650 -0.084662 0.045444 -0.286327 -0.271623 -0.195630 -0.098012 -0.288955 -0.263888 -0.322671 -0.213195 0.162368 -0.358573 -0.153161 -0.210884 -0.340726 -0.365745 0.105480 0.058238 -0.301812 -0.356770 -0.073174 -0.067792 -0.011705 -0.020811 0.386552 0.300946 -0.392847 -0.032148 0.064988 -0.127481 0.131428 0.099860 -0.195989 -0.150228 -0.051781 -0.053066 -0.011625 0.118501 0.073896 0.097151 0.071097 -0.060757 0.280900 0.044611 0.200060 0.127833 0.302071 0.038770 0.254183 -0.064585 0.101884 0.121383 0.401451 0.038409 -0.011290 -0.305780 -0.154638 -0.069666 -0.411265 -0.264410 0.254345 -0.287232 -0.235047 -0.294637 -0.112681 -0.073960 0.207890 -0.051177 0.058781 -0.153438 0.099529 0.086373 -0.066788 -0.107514 0.160937 -0.048764
-0.216726 -0.494274 0.481708 0.122574 0.504367 0.018065 1.000000 0.608885 0.675711 0.166974 0.049517 0.141794 0.326609 0.307197 0.268374 0.186192 -0.006673 -0.123823 0.274824 -0.132662 0.118684 0.238424 -0.025640 -0.266123 -0.134328 -0.368197 0.128543 -0.366813 0.319666 0.304006 0.477379 0.254889 0.213619 0.482681 -0.219374 0.005944 0.053905 -0.301236 -0.094452 -0.400939 0.112182 0.094345 -0.159095 -0.214465 0.001989 -0.118701 -0.079496 -0.285741 0.096565 -0.091617 -0.391707 -0.189553 -0.292201 -0.165899 -0.226997 -0.191978 -0.396323 -0.532796 0.144179 -0.125486 0.582765 0.387719 0.040810 -0.134247 0.278876 -0.181296 -0.036739 -0.239197 -0.489105 -0.486214 0.121391 0.107503 0.385054 0.241127 0.207276 0.338093 0.223712 0.041121 -0.002628 -0.130281 -0.162031 0.020292 -0.008742 0.087589 -0.296559 -0.312748 -0.139013 -0.111867 0.243127 -0.254265 -0.086025 0.069050 -0.079122 -0.059259 -0.104097 0.054737 -0.202219 -0.215147 -0.129593 -0.230133 0.003302 0.037191 0.184429 0.145250 -0.212016 -0.107029 -0.081580 -0.254838 -0.109889 -0.023706 -0.434267 -0.128423 -0.075608 0.033697 -0.080519 -0.288475
-0.339751 -0.419950 0.237014 0.416685 0.137842 0.090391 0.608885 1.000000 0.417521 0.411779 -0.192315 0.265190 -0.041588 0.329545 -0.072821 0.260801 -0.111878 -0.152204 -0.098136 -0.104804 -0.102968 0.066446 -0.284118 -0.240506 -0.333013 -0.394847 -0.303859 -0.466685 0.156155 0.337011 0.263255 0.300968 0.067520 0.475839 -0.199847 0.047889 -0.107717 -0.265459 -0.259390 -0.150539 0.051436 -0.066350 -0.070654 -0.093834 0.121712 0.033651 0.145068 -0.115053 0.100929 0.067562 -0.372459 0.015325 -0.108893 0.063585 -0.275694 -0.001779 -0.389089 -0.522499 0.016700 -0.089810 0.344284 0.484034 -0.119979 -0.265589 0.164372 -0.009975 -0.221134 -0.197436 -0.419960 -0.543606 -0.042951 0.096039 0.254218 0.006202 -0.072926 0.169129 0.001612 0.081540 0.073394 -0.020829 -0.192242 -0.068984 -0.188412 0.082194 -0.335047 -0.298506 -0.318657 -0.234365 0.059955 -0.099382 0.170585 0.097937 0.090498 0.035462 0.008170 0.240762 -0.064536 0.072494 -0.126475 -0.035188 0.222867 0.229506 0.365918 0.169587 -0.089184 -0.040548 0.020548 -0.084676 0.122418 0.128110 -0.339959 0.097053 0.196813 0.256775 0.174737 -0.163210
-0.211095 -0.440058 0.197076 0.059436 0.578875 0.239695 0.675711 0.417521 1.000000 0.500183 -0.018483 0.044745 0.196262 0.139419 0.392851 0.237751 -0.123825 -0.107732 0.055609 -0.187615 -0.090456 0.143639 -0.022729 -0.171589 -0.090694 -0.414969 0.021952 -0.353844 0.131711 0.177963 0.188442 0.170021 -0.042942 0.270622 -0.251811 0.112274 -0.139944 -0.390189 -0.273872 -0.438195 0.090540 0.018233 -0.071823 -0.042819 0.205473 0.081312 0.097650 -0.228262 0.156279 0.094128 -0.183110 -0.047640 -0.049815 -0.036818 -0.369425 -0.109115 -0.368802 -0.496872 0.242051 0.036535 0.526649 0.361306 -0.001739 -0.088609 0.360710 -0.136051 -0.070219 -0.087368 -0.422609 -0.260803 -0.007570 -0.091601 0.220655 0.083119 0.097176 0.114314 0.002147 -0.205725 -0.213583 -0.122895 -0.272289 -0.100626 0.036364 0.032320 -0.275259 -0.378377 -0.160815 -0.152789 0.255597 -0.136266 -0.023799 0.207846 0.021479 0.046839 -0.188563 0.005064 -0.265177 -0.271897 -0.161139 -0.203795 -0.004604 0.090821 0.090963 0.075705 -0.053630 -0.082697 0.080826 -0.095282 -0.058121 -0.158809 -0.426436 -0.079521 0.100904 -0.009700 -0.157182 -0.275357
-0.037129 -0.139755 0.063744 0.270165 0.288587 0.493479 0.166974 0.411779 0.500183 1.000000 -0.022374 0.151072 -0.046853 0.039548 0.173968 0.626874 -0.190130 -0.143807 -0.253832 -0.210824 -0.114432 -0.049952 -0.085387 0.099529 -0.082769 -0.225518 -0.040934 -0.148307 -0.101941 -0.052008 -0.110086 -0.013752 -0.284300 0.028668 -0.144646 0.150570 -0.227388 -0.261277 -0.165964 -0.074049 0.012580 -0.161063 -0.086121 -0.128208 0.046362 -0.001960 0.128008 -0.168468 0.108744 -0.019596 0.043629 0.009346 0.185649 -0.006274 -0.158490 -0.139782 -0.214662 -0.285725 0.158921 0.038620 0.252287 0.310464 -0.087669 -0.118619 0.215939 0.307909 -0.285558 -0.026035 -0.190698 -0.149742 0.057093 -0.016588 -0.071732 -0.051226 -0.066973 -0.001545 -0.138709 -0.063545 -0.098819 0.015783 -0.160709 -0.232137 -0.172652 -0.068781 -0.203108 -0.238839 -0.232311 -0.227356 0.200742 0.176531 0.187099 0.136225 0.242126 0.035546 0.014908 -0.034898 -0.048889 -0.166689 -0.177292 -0.105659 0.087651 -0.114617 -0.042865 -0.144664 0.069556 -0.068438 0.336425 0.172233 0.157806 -0.201881 -0.169003 -0.062213 -0.000775 0.015111 0.005859 -0.188399
0.422985 0.288522 -0.241803 -0.404261 -0.153550 -0.230085 0.049517 -0.192315 -0.018483 -0.022374 1.000000 0.376973 0.809781 0.430096 0.474155 0.264997 0.310085 0.231596 -0.002965 0.104189 -0.202079 -0.316044 -0.074434 -0.227547 -0.404019 -0.265333 0.177410 -0.184663 0.230057 -0.007425 -0.333996 -0.396167 0.021251 -0.004043 -0.277274 0.000463 -0.087171 -0.059664 0.086292 -0.050024 -0.100781 -0.052113 -0.114671 -0.166523 -0.128727 -0.155145 -0.193585 -0.261927 0.084797 -0.110356 -0.154103 0.033806 0.098275 -0.145078 0.347242 -0.018815 0.200904 0.141799 0.274795 0.243582 0.185904 0.013881 0.080907 0.190139 -0.235657 -0.135510 0.016277 -0.161710 0.160656 0.103308 -0.092451 -0.311496 0.005644 0.081037 0.159465 0.044351 0.014083 -0.216380 0.058236 0.205245 0.255385 0.284474 -0.011838 0.068581 0.098564 -0.016438 -0.229057 -0.212997 -0.109694 0.089105 -0.126858 -0.159817 -0.331319 -0.291674 -0.293219 -0.180498 -0.128756 -0.159439 0.178333 0.046145 -0.170089 -0.148271 0.063460 -0.061681 -0.025310 -0.141459 -0.059565 -0.086311 -0.063185 -0.358485 -0.252054 -0.168249 -0.062444 -0.030189 -0.042681 -0.053090
0.244265 0.371790 -0.370306 0.019508 -0.149275 -0.186844 0.141794 0.265190 0.044745 0.151072 0.376973 1.000000 0.354491 0.730536 -0.050529 0.317836 0.444568 0.366019 0.083893 0.428295 -0.260441 -0.187979 -0.533202 -0.393426 -0.571066 -0.470236 -0.293593 -0.468769 0.425012 0.355511 -0.081924 -0.063165 0.371936 0.224163 -0.443714 -0.302754 0.089034 -0.142642 -0.131806 -0.214429 -0.144166 -0.070124 -0.107720 -0.133049 -0.119740 -0.304941 0.019526 -0.240051 0.006467 -0.026484 -0.454880 0.040366 0.111858 0.044479 0.173489 0.108791 0.130265 -0.001935 -0.105713 0.019357 0.243954 0.363090 0.278860 0.249426 -0.344271 -0.299374 -0.220736 -0.373085 0.147866 -0.210572 -0.130989 -0.161453 0.352523 0.292073 0.264827 0.145216 0.145684 0.026142 0.111437 0.298832 0.265244 0.283924 -0.193133 0.314344 -0.128817 0.181123 -0.423202 -0.262060 -0.400608 0.074293 0.009117 -0.189697 -0.373028 -0.423476 -0.280997 -0.082279 -0.158351 -0.124430 0.218008 0.221415 -0.146410 0.009865 0.324294 0.220496 -0.101677 -0.124600 -0.137947 -0.150595 -0.106679 -0.213222 -0.516355 0.090107 0.118916 0.317206 -0.040940 -0.274294
0.184761 0.070099 -0.108097 -0.349401 0.025233 -0.262387 0.326609 -0.041588 0.196262 -0.046853 0.809781 0.354491 1.000000 0.590585 0.599512 0.322676 0.216656 0.120757 0.155878 0.018292 -0.143497 -0.111240 -0.014604 -0.331018 -0.404873 -0.385054 0.226630 -0.327619 0.196898 0.055225 -0.094346 -0.189869 0.135130 0.230830 -0.294510 0.051015 -0.058080 -0.203093 0.055482 -0.219601 -0.063271 -0.078151 -0.228454 -0.285802 -0.118244 -0.190028 -0.180375 -0.361724 0.163102 -0.116438 -0.262287 -0.001278 0.028171 -0.028585 0.308771 -0.013745 -0.014941 -0.071518 0.300731 0.165044 0.429593 0.214662 -0.000820 0.031625 -0.081700 -0.235101 0.055988 -0.239719 -0.037777 -0.088607 -0.017760 -0.178564 0.074764 0.200066 0.217267 0.156872 0.124964 -0.140718 0.015678 0.098981 0.108806 0.253772 0.025555 0.134178 0.012331 -0.141732 -0.120404 -0.160587 0.060535 -0.005710 -0.221754 -0.143012 -0.356132 -0.278102 -0.331204 -0.064658 -0.181045 -0.200538 0.159492 -0.027239 -0.214209 -0.022417 0.031874 0.052331 -0.136257 -0.137279 -0.148118 -0.217243 -0.113193 -0.244596 -0.477760 -0.174993 -0.063316 0.016253 -0.042650 -0.180540
-0.025149 0.187385 -0.286682 -0.267545 -0.105313 -0.379114 0.307197 0.329545 0.139419 0.039548 0.430096 0.730536 0.590585 1.000000 -0.008523 0.339438 0.261617 0.195158 -0.067044 0.184749 -0.286872 -0.182680 -0.613473 -0.580846 -0.686226 -0.598157 -0.283747 -0.612361 0.259500 0.303739 -0.175472 -0.243617 0.311768 0.355465 -0.478829 -0.120106 0.035909 -0.228820 -0.070360 -0.178480 -0.040186 -0.130048 0.072433 -0.003766 0.117029 -0.057117 0.138706 -0.122418 0.373355 0.159898 -0.527917 0.312015 0.141101 0.236114 0.318777 0.302982 -0.115296 -0.217182 0.245636 0.316583 0.465655 0.566363 0.110227 0.054547 -0.481122 -0.449911 0.089935 -0.271616 -0.061728 -0.244834 -0.085114 -0.145680 0.258492 0.299664 0.173131 0.100464 0.075014 -0.085069 0.107402 0.117519 0.114035 0.175291 -0.342148 0.122618 -0.383164 -0.234654 -0.531744 -0.279141 -0.349634 0.036147 -0.038279 -0.190247 -0.467027 -0.407598 -0.326854 0.122565 -0.116732 -0.076012 0.363408 0.282320 -0.233614 0.175169 0.349441 0.284122 -0.038737 -0.060448 -0.190460 -0.169772 -0.079703 -0.126575 -0.504433 -0.063211 0.230422 0.205426 -0.094317 -0.224373
0.058585 -0.181879 0.208931 0.079219 0.341061 0.160397 0.268374 -0.072821 0.392851 0.173968 0.474155 -0.050529 0.599512 -0.008523 1.000000 0.383783 -0.100758 -0.132829 0.364716 -0.220379 0.037924 0.116701 0.434699 0.034824 0.049846 -0.099832 0.443663 0.014833 0.028037 -0.142532 0.113372 0.127390 -0.174692 0.011138 -0.122579 0.049996 -0.335068 -0.294941 -0.090547 -0.317260 -0.169431 -0.122061 -0.380686 -0.350976 -0.206449 -0.218000 -0.251644 -0.436617 -0.042095 -0.170734 0.152437 -0.162897 -0.015437 -0.088338 -0.046842 -0.247758 -0.138825 -0.079726 0.230052 0.026878 0.278112 0.022219 -0.235986 -0.088099 0.478320 0.091991 -0.093964 -0.150037 -0.132883 -0.061098 0.019713 -0.086819 -0.176397 -0.076173 0.061348 0.046315 -0.001142 -0.118049 -0.202174 0.009899 -0.176797 -0.001030 0.304780 0.111476 0.174241 -0.065030 0.212699 0.001955 0.550710 0.034164 -0.227245 -0.067843 -0.019948 -0.056242 -0.125582 -0.172484 -0.219923 -0.226269 -0.233934 -0.350880 -0.061087 -0.222670 -0.184510 -0.195782 -0.180838 -0.229095 0.006030 -0.178261 -0.038506 -0.259340 -0.353269 -0.182234 -0.188446 -0.195788 -0.019082 -0.121163
-0.054567 -0.097939 0.117650 0.187101 0.085979 0.085874 0.186192 0.260801 0.237751 0.626874 0.264997 0.317836 0.322676 0.339438 0.383783 1.000000 -0.204484 -0.218005 -0.014250 -0.251439 -0.119286 -0.068393 -0.102825 0.025231 -0.376810 -0.244221 0.013765 -0.249095 -0.118740 -0.108954 -0.164218 -0.169505 -0.198997 0.110447 -0.213629 0.135703 -0.278972 -0.288705 -0.121303 -0.103605 -0.057887 -0.148482 -0.114201 -0.185744 -0.071126 -0.106202 0.077130 -0.123589 0.245088 -0.050335 -0.036099 0.094139 0.181896 0.037572 0.152045 -0.125265 -0.281642 -0.283252 0.305111 0.212474 0.362726 0.360067 -0.221491 -0.248038 0.049591 0.246166 -0.057095 -0.088649 -0.142603 -0.122393 0.034868 0.013221 -0.160438 0.018579 -0.096005 0.106390 -0.150415 -0.053884 -0.073179 -0.070583 -0.198886 -0.248635 -0.324756 -0.039750 -0.319728 -0.303826 -0.275917 -0.270271 0.207547 0.235803 0.062119 -0.028447 0.032330 -0.067017 0.080603 0.133133 0.039237 -0.102314 -0.018789 -0.116380 -0.040544 -0.070256 -0.126715 0.029657 0.049731 -0.103242 0.198435 0.036881 0.073739 -0.095428 -0.277196 -0.172008 -0.174932 -0.136915 -0.013162 -0.138123
0.674151 0.536959 -0.377551 -0.162470 -0.058478 -0.006678 -0.006673 -0.111878 -0.123825 -0.190130 0.310085 0.444568 0.216656 0.261617 -0.100758 -0.204484 1.000000 0.860187 0.349782 0.715435 -0.145154 -0.159852 -0.325031 -0.463433 -0.327147 -0.351758 0.080664 -0.231938 0.741261 0.474870 -0.001145 -0.049390 0.633598 0.224251 -0.405869 -0.478180 0.386808 0.115847 0.096460 -0.055721 0.111283 0.125113 -0.133823 -0.149512 -0.327843 -0.490488 -0.165652 -0.329720 -0.396552 -0.318927 -0.516442 -0.365487 0.029383 -0.254987 0.241739 0.009459 0.728218 0.571835 -0.261652 -0.142865 0.216280 0.170264 0.789492 0.688044 -0.290678 -0.449881 -0.225296 -0.550887 0.637474 0.064363 -0.157327 -0.371613 0.565362 0.336251 0.428901 0.049079 0.462712 0.076113 0.418499 0.595847 0.795086 0.742350 0.219942 0.093372 0.213531 0.192718 -0.126332 -0.173547 -0.340760 -0.147931 -0.132201 -0.321866 -0.307259 -0.424161 -0.396012 -0.339098 -0.096319 -0.081919 0.220538 0.135820 -0.010093 -0.093672 0.235967 0.011185 -0.312764 -0.313399 -0.200349 -0.220849 -0.362474 -0.205175 -0.333432 0.294208 0.150894 0.154705 -0.127227 -0.166228
0.557489 0.548209 -0.465278 -0.249182 -0.103362 0.020147 -0.123823 -0.152204 -0.107732 -0.143807 0.231596 0.366019 0.120757 0.195158 -0.132829 -0.218005 0.860187 1.000000 0.223025 0.674185 -0.160401 -0.160362 -0.313335 -0.425528 -0.286941 -0.339941 0.044571 -0.196338 0.671758 0.479237 -0.094875 -0.092215 0.425293 0.103404 -0.463608 -0.521968 0.391109 0.081202 0.038335 -0.057597 0.245275 0.212957 -0.030696 -0.053037 -0.203829 -0.364491 -0.096352 -0.248984 -0.422347 -0.192094 -0.490521 -0.292215 0.025561 -0.150136 0.041165 0.023207 0.627992 0.571469 -0.323563 -0.037515 0.082569 0.194928 0.764647 0.795783 -0.332420 -0.524158 -0.250912 -0.469917 0.588919 0.184375 -0.184616 -0.336799 0.494467 0.234554 0.356223 0.017490 0.274048 -0.104995 0.321712 0.486274 0.767991 0.720402 0.204958 0.094272 0.226378 0.127130 -0.129103 -0.242761 -0.389585 -0.202063 -0.003528 -0.258573 -0.270143 -0.434598 -0.227304 -0.377016 -0.141284 -0.065796 0.291627 0.135759 0.014687 -0.085158 0.235730 0.108828 -0.050085 -0.103477 -0.077145 -0.119647 -0.435124 -0.303064 -0.304961 0.322114 0.145360 0.120155 -0.170158 -0.050572
0.291113 0.068306 0.240598 0.304218 0.332250 -0.001313 0.274824 -0.098136 0.055609 -0.253832 -0.002965 0.083893 0.155878 -0.067044 0.364716 -0.014250 0.349782 0.223025 1.000000 0.353148 0.297527 0.315251 0.244576 -0.102926 0.137011 -0.010376 0.266729 0.082884 0.517782 0.218179 0.568887 0.407226 0.385884 0.150919 -0.120281 -0.379219 0.128620 -0.112687 -0.020868 -0.259547 0.106533 0.053508 -0.386085 -0.329698 -0.497060 -0.614145 -0.269365 -0.399707 -0.464736 -0.389031 -0.164221 -0.504095 -0.178081 -0.207576 -0.107226 -0.264431 0.141825 0.227411 -0.262628 -0.270961 0.132246 -0.010504 0.236136 0.144511 0.275110 -0.194668 -0.141587 -0.444231 0.189466 -0.166328 0.065032 0.095407 0.348227 0.303635 0.382012 0.218459 0.431894 0.222665 0.182911 0.331396 0.226636 0.337955 0.504440 0.260904 0.345510 0.248408 0.407021 0.209492 0.285757 -0.126224 -0.327104 -0.303115 -0.188089 -0.175210 -0.093777 -0.171991 -0.092222 -0.237481 -0.328548 -0.390620 -0.090746 -0.079629 -0.111658 -0.064764 -0.365706 -0.359311 -0.216549 -0.285692 -0.300775 0.017746 -0.323600 0.084392 -0.194914 -0.119551 -0.098998 -0.249478
0.577300 0.591214 -0.479959 -0.074241 -0.110821 0.010904 -0.132662 -0.104804 -0.187615 -0.210824 0.104189 0.428295 0.018292 0.184749 -0.220379 -0.251439 0.715435 0.674185 0.353148 1.000000 -0.120006 -0.055640 -0.361465 -0.391704 -0.237510 -0.262152 -0.017915 -0.108820 0.654533 0.478382 0.019177 0.062648 0.540397 0.191807 -0.380317 -0.562249 0.371530 0.081327 0.037748 -0.021835 0.077269 0.178479 -0.119071 -0.135500 -0.239731 -0.453749 -0.043756 -0.310951 -0.457501 -0.152625 -0.387056 -0.264432 0.081899 0.006634 0.086427 0.073264 0.607320 0.520717 -0.480504 -0.231542 -0.170295 -0.032443 0.563510 0.478963 -0.329271 -0.521075 -0.356263 -0.583072 0.672630 0.014785 -0.002872 -0.129858 0.525536 0.470637 0.461780 0.085969 0.418826 0.171293 0.291682 0.559169 0.660491 0.685045 0.279429 0.359912 0.344091 0.377551 -0.026318 -0.095298 -0.497874 -0.192179 0.016329 -0.250949 -0.304668 -0.344314 -0.178057 -0.221250 -0.127878 -0.023796 0.196707 0.199637 -0.130624 -0.065746 0.222544 0.125643 -0.136312 -0.152780 -0.297570 -0.274966 -0.271186 -0.165042 -0.352319 0.430425 0.207282 0.249547 -0.098799 -0.150328
-0.086734 -0.083764 0.593125 0.401106 0.381973 0.335005 0.118684 -0.102968 -0.090456 -0.114432 -0.202079 -0.260441 -0.143497 -0.286872 0.037924 -0.119286 -0.145154 -0.160401 0.297527 -0.120006 1.000000 0.610097 0.513088 0.464856 0.606876 0.595305 0.513530 0.628056 -0.050495 -0.207083 0.646165 0.521396 -0.058563 -0.032124 0.261949 -0.006380 0.117989 0.108399 0.359391 0.052878 0.082252 0.169986 -0.161179 -0.138919 -0.351376 -0.201852 -0.335194 -0.018821 -0.308624 -0.315862 0.265645 -0.395755 -0.420359 -0.211848 -0.229356 -0.301278 -0.063443 0.048090 -0.466319 -0.509761 -0.287036 -0.369892 -0.125176 -0.133401 0.263112 0.269417 -0.345636 -0.103869 -0.189101 -0.234165 0.392514 0.565117 -0.163639 0.110094 0.169408 0.364033 0.168967 0.376054 0.266117 0.069902 -0.013202 0.026857 0.419264 0.318194 0.257290 0.309888 0.536077 0.556901 0.263180 -0.198135 -0.203721 -0.091052 0.048408 -0.095964 0.108665 -0.160892 0.066197 -0.070116 -0.528039 -0.348133 -0.033059 -0.128959 -0.235953 -0.211893 -0.269447 0.030149 -0.073912 -0.314564 0.062869 0.187112 0.236817 -0.141712 -0.333398 -0.230409 0.169657 -0.080873
-0.199790 -0.149099 0.315192 0.368440 0.449391 0.282893 0.238424 0.066446 0.143639 -0.049952 -0.316044 -0.187979 -0.111240 -0.182680 0.116701 -0.068393 -0.159852 -0.160362 0.315251 -0.055640 0.610097 1.000000 0.259292 0.149606 0.434994 0.297542 0.286608 0.340796 0.133781 0.139474 0.583494 0.626393 0.064177 0.246402 0.225638 0.015440 0.208627 -0.106591 0.087838 -0.157011 0.202135 0.226701 -0.200367 -0.122911 -0.159408 -0.069855 -0.099926 -0.044752 -0.346895 -0.119510 0.102532 -0.337051 -0.274724 0.048869 -0.355767 -0.225151 -0.165374 -0.079604 -0.371566 -0.421243 -0.158063 -0.158773 -0.076962 -0.113049 0.317934 0.059088 -0.327255 -0.222385 -0.215613 -0.397840 0.275908 0.459524 0.158329 0.127593 0.237131 0.431054 0.095208 0.289597 0.067528 -0.158566 -0.008362 0.111800 0.327575 0.373491 0.226310 0.164365 0.455238 0.401791 0.196623 -0.306604 -0.184262 -0.145130 0.017756 -0.080150 0.180155 0.029181 -0.109264 -0.101837 -0.442529 -0.439666 -0.037799 -0.032850 -0.219547 0.025970 -0.389016 -0.137127 -0.091924 -0.405136 -0.063688 0.305122 -0.104010 -0.054257 -0.287482 -0.312300 -0.062690 -0.219416
-0.093012 -0.356992 0.614264 0.351517 0.272348 0.304079 -0.025640 -0.284118 -0.022729 -0.085387 -0.074434 -0.533202 -0.014604 -0.613473 0.434699 -0.102825 -0.325031 -0.313335 0.244576 -0.361465 0.513088 0.259292 1.000000 0.716210 0.702922 0.621626 0.522251 0.605160 -0.285881 -0.410464 0.399812 0.346427 -0.302929 -0.236407 0.503577 0.279944 -0.170259 0.016216 0.101155 -0.046225 -0.070255 0.042430 -0.378571 -0.299187 -0.362976 -0.132128 -0.474689 -0.092148 -0.307040 -0.363912 0.435829 -0.411576 -0.285834 -0.307691 -0.314370 -0.509847 -0.161275 -0.041055 -0.166205 -0.341471 -0.203390 -0.448413 -0.300381 -0.226834 0.593449 0.475572 -0.102466 0.238778 -0.137705 0.145020 0.164808 0.198509 -0.361867 -0.198944 -0.061766 0.025315 -0.063933 0.028860 -0.149436 -0.118420 -0.256582 -0.202339 0.373836 0.040595 0.362113 0.156369 0.617302 0.245558 0.610310 -0.053923 -0.076659 0.161831 0.375652 0.384405 0.147803 -0.108084 -0.091157 -0.151402 -0.544443 -0.561088 0.181305 -0.147977 -0.346063 -0.362197 -0.031181 0.102107 0.189567 0.057470 0.072943 0.055293 0.302579 -0.224157 -0.418281 -0.259039 0.108133 0.209505
-0.216315 -0.311528 0.519055 0.474489 0.067135 0.349150 -0.266123 -0.240506 -0.171589 0.099529 -0.227547 -0.393426 -0.331018 -0.580846 0.034824 0.025231 -0.463433 -0.425528 -0.102926 -0.391704 0.464856 0.149606 0.716210 1.000000 0.649131 0.780954 0.291160 0.677252 -0.422118 -0.463625 0.181936 0.216387 -0.428692 -0.362268 0.574667 0.378883 -0.066873 0.233984 0.213850 0.217270 -0.007481 0.060757 -0.274546 -0.193237 -0.338601 -0.053933 -0.389447 0.119099 -0.160438 -0.339057 0.485688 -0.257085 -0.220783 -0.311086 -0.237749 -0.470520 -0.220224 -0.146142 -0.203208 -0.304351 -0.383561 -0.523915 -0.322866 -0.357670 0.341328 0.677221 -0.052428 0.450065 -0.158138 0.162768 0.174691 0.300172 -0.422210 -0.211587 -0.215273 0.000723 -0.224517 0.121243 -0.127194 -0.197411 -0.265873 -0.373955 0.118426 0.036504 0.173967 0.213329 0.375612 0.211485 0.355264 0.104825 0.160312 0.283070 0.520977 0.379486 0.207855 -0.012453 0.023075 -0.022652 -0.450660 -0.361236 0.200181 -0.200054 -0.375383 -0.299167 0.182088 0.191920 0.357351 0.276857 0.151843 0.092632 0.525542 -0.187874 -0.379470 -0.175345 0.132764 0.309433
-0.172507 -0.207949 0.503619 0.308505 0.373835 0.484591 -0.134328 -0.333013 -0.090694 -0.082769 -0.404019 -0.571066 -0.404873 -0.686226 0.049846 -0.376810 -0.327147 -0.286941 0.137011 -0.237510 0.606876 0.434994 0.702922 0.649131 1.000000 0.784259 0.499544 0.815442 -0.278697 -0.371596 0.469042 0.443240 -0.217032 -0.333441 0.598104 0.101175 -0.009771 0.148956 0.262368 0.142474 0.013351 0.019116 -0.182513 -0.143278 -0.218654 -0.015776 -0.382152 -0.025192 -0.319554 -0.222615 0.503654 -0.339373 -0.366498 -0.222794 -0.375442 -0.378557 -0.090916 0.076071 -0.363111 -0.446842 -0.419162 -0.508349 -0.213571 -0.158500 0.503654 0.440411 -0.110423 0.279502 -0.130953 -0.021105 0.203058 0.357311 -0.322584 -0.172872 -0.073090 0.031575 -0.017497 0.216988 -0.048370 -0.117770 -0.170879 -0.218100 0.444807 0.125231 0.408020 0.369346 0.657544 0.493288 0.392306 -0.118258 -0.095957 0.133028 0.405014 0.234909 0.193552 -0.113258 0.001793 -0.067361 -0.557111 -0.377562 0.142441 -0.237041 -0.415468 -0.420014 -0.108991 0.060974 0.071956 0.014363 0.121613 0.061555 0.503869 -0.092000 -0.344270 -0.243698 0.155586 0.136682
-0.172031 -0.094007 0.450241 0.332176 -0.006708 0.277058 -0.368197 -0.394847 -0.414969 -0.225518 -0.265333 -0.470236 -0.385054 -0.598157 -0.099832 -0.244221 -0.351758 -0.339941 -0.010376 -0.262152 0.595305 0.297542 0.621626 0.780954 0.784259 1.000000 0.343537 0.866857 -0.419742 -0.493545 0.262620 0.289544 -0.281590 -0.361047 0.714155 0.244605 -0.014282 0.320830 0.394454 0.355304 -0.076694 0.037056 -0.182121 -0.131002 -0.330926 -0.039607 -0.435732 0.085452 -0.315647 -0.340122 0.557431 -0.342409 -0.389379 -0.329794 -0.179247 -0.393769 -0.041653 0.153112 -0.334893 -0.425231 -0.557813 -0.650054 -0.295006 -0.243658 0.322492 0.616101 -0.046935 0.380115 -0.057081 0.084320 0.203860 0.411407 -0.468811 -0.265635 -0.247420 0.053997 -0.130569 0.314263 0.062833 -0.084386 -0.134617 -0.193105 0.263420 0.180420 0.385634 0.457352 0.535136 0.480305 0.245121 0.006638 -0.000419 0.119028 0.465451 0.335099 0.297205 0.091713 0.138527 0.172045 -0.452258 -0.232798 0.195475 -0.138373 -0.417081 -0.381418 -0.069576 0.085612 0.007110 0.003604 0.295206 0.258964 0.673900 -0.066829 -0.300908 -0.159349 0.285887 0.229135
0.178266 -0.024416 0.418383 0.035109 0.491237 0.573920 0.128543 -0.303859 0.021952 -0.040934 0.177410 -0.293593 0.226630 -0.283747 0.443663 0.013765 0.080664 0.044571 0.266729 -0.017915 0.513530 0.286608 0.522251 0.291160 0.499544 0.343537 1.000000 0.579908 0.014194 -0.263852 0.263847 0.147862 -0.138957 -0.128325 0.141572 -0.045196 0.013200 0.045934 0.419870 0.104255 -0.124066 0.085611 -0.263502 -0.273293 -0.290369 -0.178621 -0.438259 -0.254806 -0.227482 -0.268977 0.204458 -0.353817 -0.265075 -0.245837 -0.020371 -0.321125 0.135407 0.165298 -0.158548 -0.313665 -0.005854 -0.277821 -0.028276 0.009110 0.356969 0.166700 -0.190652 -0.119718 0.074705 -0.049803 0.222528 0.133233 -0.230073 -0.075348 0.048162 0.038101 0.129180 0.131855 0.145511 0.061627 0.134044 0.107597 0.329084 0.004168 0.273627 0.110902 0.451013 0.112947 0.329906 -0.186825 -0.259221 -0.091626 0.100028 -0.129847 -0.040944 -0.328100 -0.052508 -0.150779 -0.273582 -0.288524 -0.013425 -0.372476 -0.393548 -0.373509 -0.245527 -0.120285 -0.040668 -0.231461 -0.100753 -0.214495 0.154234 -0.074279 -0.299002 -0.293355 0.183388 0.023514
0.042097 0.074436 0.363809 0.281941 0.172544 0.494753 -0.366813 -0.466685 -0.353844 -0.148307 -0.184663 -0.468769 -0.327619 -0.612361 0.014833 -0.249095 -0.231938 -0.196338 0.082884 -0.108820 0.628056 0.340796 0.605160 0.677252 0.815442 0.866857 0.579908 1.000000 -0.322348 -0.521099 0.213583 0.260962 -0.335869 -0.430058 0.621611 0.094749 0.004074 0.248436 0.393448 0.334270 -0.085774 0.112165 -0.198043 -0.143037 -0.343077 -0.100548 -0.431215 0.020864 -0.370245 -0.298726 0.558912 -0.338025 -0.295761 -0.224260 -0.175861 -0.364906 0.116747 0.290130 -0.376016 -0.394835 -0.565928 -0.606545 -0.243379 -0.153134 0.316305 0.480195 -0.163095 0.216418 0.066314 0.049583 0.177682 0.299018 -0.478109 -0.268817 -0.180138 -0.039888 -0.129816 0.261330 0.092587 0.009068 0.005644 -0.096566 0.336863 0.142849 0.470069 0.480613 0.646820 0.438633 0.259227 0.011072 -0.096528 0.028495 0.323321 0.162093 0.291265 -0.096656 0.049521 0.130705 -0.484140 -0.254373 0.113584 -0.266987 -0.440423 -0.366139 -0.082112 0.084485 -0.007393 -0.056188 0.175812 0.140592 0.552467 -0.025807 -0.275805 -0.225263 0.249192 0.184391
0.433433 0.254049 -0.207489 -0.001072 0.140158 -0.055711 0.319666 0.156155 0.131711 -0.101941 0.230057 0.425012 0.196898 0.259500 0.028037 -0.118740 0.741261 0.671758 0.517782 0.654533 -0.050495 0.133781 -0.285881 -0.422118 -0.278697 -0.419742 0.014194 -0.322348 1.000000 0.765225 0.321437 0.231456 0.605677 0.405302 -0.481389 -0.448630 0.470610 0.005251 -0.056714 -0.237601 0.344104 0.254969 -0.176113 -0.185195 -0.281511 -0.487897 -0.091550 -0.336675 -0.439477 -0.266099 -0.627669 -0.384356 -0.077571 -0.195674 -0.036677 -0.062969 0.341707 0.242873 -0.310841 -0.173163 0.200172 0.151428 0.668475 0.503015 -0.153950 -0.541920 -0.277905 -0.596341 0.338002 -0.142903 -0.120165 -0.159925 0.849181 0.464795 0.600737 0.292830 0.442075 0.051810 0.331248 0.368011 0.630135 0.695357 0.277228 0.301106 0.167796 0.079197 -0.088963 -0.163890 -0.265251 -0.279983 -0.165823 -0.360813 -0.325799 -0.442576 -0.187906 -0.258285 -0.203979 -0.223296 0.044813 -0.121280 -0.094110 -0.128108 0.189703 0.115431 -0.275635 -0.330637 -0.182271 -0.238635 -0.489508 -0.199827 -0.508502 0.261485 0.029376 0.085409 -0.235089 -0.236351
0.012123 0.057199 -0.247177 -0.031691 0.017154 -0.203930 0.304006 0.337011 0.177963 -0.052008 -0.007425 0.355511 0.055225 0.303739 -0.142532 -0.108954 0.474870 0.479237 0.218179 0.478382 -0.207083 0.139474 -0.410464 -0.463625 -0.371596 -0.493545 -0.263852 -0.521099 0.765225 1.000000 0.239723 0.287463 0.594617 0.605154 -0.456736 -0.300581 0.512911 0.110051 -0.077561 -0.159721 0.359665 0.247044 0.053191 0.069789 0.095603 -0.141265 0.219174 -0.138948 -0.187327 0.101180 -0.597894 -0.095595 -0.040386 0.094235 -0.071214 0.179611 0.047137 -0.026102 -0.249402 -0.179353 0.101276 0.144912 0.403384 0.261316 -0.210288 -0.550638 -0.241161 -0.506708 0.067013 -0.244329 -0.077669 -0.005643 0.858636 0.510655 0.483936 0.376802 0.436873 0.137617 0.180557 0.189269 0.409826 0.530722 0.115678 0.344120 -0.082349 -0.113576 -0.238909 -0.140906 -0.367178 -0.421753 -0.011363 -0.186345 -0.223539 -0.307659 -0.029734 0.048746 -0.041513 -0.028771 0.157368 0.017447 -0.025438 0.089557 0.259475 0.136428 -0.210765 -0.188817 -0.158368 -0.211840 -0.286770 -0.094565 -0.417885 0.277467 0.201307 0.233814 -0.118000 -0.053139
-0.170786 -0.268905 0.568505 0.519828 0.445869 0.165600 0.477379 0.263255 0.188442 -0.110086 -0.333996 -0.081924 -0.094346 -0.175472 0.113372 -0.164218 -0.001145 -0.094875 0.568887 0.019177 0.646165 0.583494 0.399812 0.181936 0.469042 0.262620 0.263847 0.213583 0.321437 0.239723 1.000000 0.848107 0.285037 0.269108 0.108480 -0.141341 0.157638 -0.029675 0.072655 -0.200942 0.181757 0.123372 -0.265074 -0.268588 -0.343243 -0.334868 -0.275821 -0.258677 -0.427375 -0.341019 -0.083715 -0.534934 -0.519229 -0.233964 -0.408629 -0.339954 -0.151873 -0.090200 -0.495448 -0.638589 0.000858 -0.151704 0.031732 -0.084118 0.509564 0.063243 -0.369347 -0.282774 -0.220921 -0.436647 0.215632 0.454981 0.286719 0.257308 0.330759 0.460471 0.404081 0.404549 0.187830 0.118563 -0.042071 0.152515 0.462757 0.440024 0.263082 0.287479 0.436587 0.390268 0.285619 -0.355953 -0.296703 -0.104447 0.079779 -0.036751 0.045076 -0.026420 -0.062768 -0.187182 -0.544618 -0.411596 0.044848 -0.039380 -0.143123 -0.194074 -0.460555 -0.180097 -0.282065 -0.307829 -0.016984 0.114499 -0.138285 0.044918 -0.291502 -0.030379 0.151772 -0.236410
-0.212882 -0.230371 0.359157 0.638616 0.333902 0.311854 0.254889 0.300968 0.170021 -0.013752 -0.396167 -0.063165 -0.189869 -0.243617 0.127390 -0.169505 -0.049390 -0.092215 0.407226 0.062648 0.521396 0.626393 0.346427 0.216387 0.443240 0.289544 0.147862 0.260962 0.231456 0.287463 0.848107 1.000000 0.186434 0.301472 0.176855 -0.103527 0.147241 0.023666 0.046724 -0.098816 0.152547 0.138711 -0.299688 -0.260046 -0.247638 -0.231939 -0.203624 -0.261405 -0.491716 -0.246644 -0.003234 -0.495358 -0.447902 -0.099699 -0.481028 -0.253897 -0.095857 -0.050523 -0.629842 -0.726616 -0.202472 -0.224060 -0.086570 -0.149491 0.544680 0.109523 -0.523925 -0.297138 -0.197946 -0.507982 0.188366 0.473699 0.206606 0.166644 0.229587 0.419589 0.303976 0.485652 0.166280 0.135312 -0.016350 0.178823 0.503225 0.590706 0.367065 0.387707 0.442434 0.396334 0.193655 -0.372092 -0.229618 -0.047112 0.175622 -0.006200 0.113863 0.086802 -0.069704 0.024123 -0.576707 -0.313730 0.153181 -0.025439 -0.168513 -0.194055 -0.468448 -0.141067 -0.273883 -0.374769 0.129218 0.195288 -0.155311 0.191598 -0.085121 0.093727 0.261900 -0.163186
0.297265 0.256191 -0.152380 -0.074852 -0.019270 -0.254624 0.213619 0.067520 -0.042942 -0.284300 0.021251 0.371936 0.135130 0.311768 -0.174692 -0.198997 0.633598 0.425293 0.385884 0.540397 -0.058563 0.064177 -0.302929 -0.428692 -0.217032 -0.281590 -0.138957 -0.335869 0.605677 0.594617 0.285037 0.186434 1.000000 0.658876 -0.269849 -0.300301 0.466579 0.132566 0.086519 -0.150153 0.150787 0.044505 -0.059081 -0.048191 -0.173712 -0.308539 -0.007939 -0.188288 -0.247273 -0.154405 -0.543408 -0.226858 -0.098787 -0.086090 0.238078 0.150038 0.355489 0.255553 -0.221291 -0.253611 0.253209 0.119332 0.586064 0.389624 -0.223848 -0.391976 -0.110969 -0.497383 0.315894 -0.227096 -0.014348 -0.112071 0.659344 0.488441 0.471089 0.301759 0.679434 0.343638 0.182392 0.367539 0.424952 0.480497 0.174898 0.220279 -0.065936 0.082974 -0.107421 0.058935 -0.288519 -0.286459 -0.195143 -0.234868 -0.283339 -0.307084 -0.249677 -0.158155 0.057384 -0.129538 0.097170 0.064312 -0.037440 0.099446 0.281967 0.018299 -0.463492 -0.405088 -0.281019 -0.228502 -0.199850 -0.061029 -0.331577 0.191305 0.109392 0.191403 -0.164238 -0.243160
-0.089559 -0.145148 0.074383 0.040040 0.107006 -0.127799 0.482681 0.475839 0.270622 0.028668 -0.004043 0.224163 0.230830 0.355465 0.011138 0.110447 0.224251 0.103404 0.150919 0.191807 -0.032124 0.246402 -0.236407 -0.362268 -0.333441 -0.361047 -0.128325 -0.430058 0.405302 0.605154 0.269108 0.301472 0.658876 1.000000 -0.158497 0.156603 0.324905 0.046162 0.040857 -0.117682 0.201797 0.191816 -0.028679 -0.017694 0.064794 -0.006545 0.150763 -0.070978 -0.053165 0.006579 -0.524240 -0.083455 -0.189085 0.106985 0.090163 0.195578 -0.088691 -0.212384 -0.085268 -0.241855 0.301554 0.196814 0.156106 -0.069097 -0.025267 -0.230408 -0.191919 -0.388189 -0.137539 -0.468136 0.115160 0.088305 0.544938 0.350397 0.263425 0.455968 0.460479 0.342619 0.107803 0.118074 0.141561 0.294594 0.071332 0.221985 -0.294515 -0.306117 -0.207053 -0.031416 -0.110745 -0.323340 -0.168522 -0.168766 -0.207775 -0.211668 -0.057700 0.117407 0.090129 -0.025806 -0.001274 -0.039023 0.008322 0.153018 0.166470 0.033202 -0.377186 -0.280852 -0.154080 -0.367992 -0.006738 0.072302 -0.344698 0.102581 0.195683 0.160149 0.028052 -0.202350
-0.259253 -0.280815 0.349347 0.185417 -0.000219 0.167697 -0.219374 -0.199847 -0.251811 -0.144646 -0.277274 -0.443714 -0.294510 -0.478829 -0.122579 -0.213629 -0.405869 -0.463608 -0.120281 -0.380317 0.261949 0.225638 0.503577 0.574667 0.598104 0.714155 0.141572 0.621611 -0.481389 -0.456736 0.108480 0.176855 -0.269849 -0.158497 1.000000 0.608167 -0.171219 0.125853 0.169830 0.294747 -0.075199 -0.092570 -0.192459 -0.144629 -0.070914 0.222158 -0.282258 0.203850 -0.102784 -0.189289 0.449305 -0.169575 -0.276427 -0.201263 -0.146444 -0.309504 -0.226418 -0.117689 -0.087257 -0.220470 -0.365802 -0.390807 -0.430318 -0.411484 0.360527 0.623491 0.217076 0.579244 -0.201954 0.017426 0.051964 0.168871 -0.430547 -0.436798 -0.420661 -0.110017 -0.205076 0.162820 -0.081768 -0.290928 -0.259256 -0.364232 0.070610 -0.049513 0.219494 0.176978 0.466947 0.317899 0.257359 0.057624 -0.082670 0.179964 0.331628 0.440202 0.229231 0.320258 0.121023 0.134752 -0.435884 -0.264633 0.196246 0.012531 -0.383345 -0.227087 0.075964 0.232593 0.176333 0.152943 0.307547 0.326754 0.616883 -0.055718 -0.183917 -0.132777 0.264521 0.269663
-0.457308 -0.460672 0.251001 -0.026571 -0.045453 -0.003347 0.005944 0.047889 0.112274 0.150570 0.000463 -0.302754 0.051015 -0.120106 0.049996 0.135703 -0.478180 -0.521968 -0.379219 -0.562249 -0.006380 0.015440 0.279944 0.378883 0.101175 0.244605 -0.045196 0.094749 -0.448630 -0.300581 -0.141341 -0.103527 -0.300301 0.156603 0.608167 1.000000 -0.214877 0.034283 -0.022345 0.110071 -0.064116 -0.034574 -0.015841 0.014041 0.183155 0.458667 -0.046083 0.286901 0.260146 0.008035 0.199120 0.139022 -0.128756 -0.034288 -0.013534 -0.102916 -0.483120 -0.463573 0.314384 0.147384 0.006489 -0.143965 -0.456753 -0.504158 0.188031 0.468073 0.358792 0.636570 -0.396525 0.115595 0.041365 0.063023 -0.312426 -0.307022 -0.369907 -0.007809 -0.264776 -0.069704 -0.235630 -0.389462 -0.392430 -0.425793 -0.168293 -0.210902 -0.249360 -0.390122 0.009785 0.016112 0.235064 0.126863 -0.028805 0.193269 0.183182 0.344554 0.102809 0.319065 0.048724 0.040940 -0.227567 -0.210513 0.094206 0.080443 -0.251447 -0.106636 0.214785 0.169840 0.316445 0.205516 0.254061 0.208072 0.371321 -0.265391 -0.081915 -0.005844 0.172647 0.220290
