1.000000 0.469998 0.026176 -0.179654 -0.082960 0.355191 0.110045 -0.125316 -0.112739 0.089083 0.258434 0.232054 0.116506 0.198231 0.158405 0.073317 0.219753 -0.032033 0.261705 0.096694 -0.027466 -0.016334 -0.254042 -0.482653 -0.088718 -0.268556 0.045118 -0.032635 -0.183077 0.021760 -0.270050 -0.432122 0.040693 -0.061227 -0.088507 -0.157175 -0.216946 -0.357391 -0.174443 -0.386301 -0.203969 -0.147347 -0.048898 0.206115 0.095908 -0.061404 0.053240 0.044685 0.060816 0.009344 -0.220194 0.160324 0.294560 0.277680 0.214345 0.120160 0.402823 0.218081 0.089080 -0.005919 0.445767 0.402346 0.011626 0.255143 -0.118674 -0.128688 -0.164165 -0.340717 0.005237 -0.004157 -0.072515 -0.263914 0.060228 0.050885 0.149500 -0.063810 0.326596 0.063632 -0.275538 -0.075017 -0.080975 -0.100590 0.164711 -0.172347 0.057908 -0.129836 0.207951 0.257696 0.195141 0.118616 -0.081042 -0.014723 -0.162007 -0.064033 -0.293601 -0.068043 0.102909 0.029861 0.172857 0.046901 -0.010285 -0.012341 -0.166876 -0.163412 -0.105831 -0.084522 -0.141866 -0.027626 -0.149863 -0.074624 -0.007305 0.070455 0.036639 -0.030357 -0.100273 -0.144457
0.469998 1.000000 -0.274377 0.113341 -0.205292 0.339866 -0.333396 -0.152992 -0.179477 0.025456 0.007103 0.249890 -0.287081 -0.004376 -0.174487 0.095995 0.041012 -0.207480 0.368457 0.129403 0.076425 -0.019946 -0.360652 -0.340411 -0.155930 -0.109515 -0.100254 0.158582 -0.272430 0.068840 -0.268577 -0.355801 0.298194 -0.057724 0.171514 0.153416 -0.120713 -0.126026 -0.141216 -0.212774 -0.187481 -0.003996 -0.011459 0.260103 0.029331 -0.062363 0.339458 0.306571 -0.051100 -0.016840 -0.479438 0.178858 0.250542 0.155789 0.176893 0.187989 0.268482 0.435249 0.025567 0.170187 0.017971 0.401042 -0.246174 -0.019813 -0.314104 0.044005 -0.063395 -0.205619 0.329350 0.021536 -0.109059 -0.280940 -0.038409 -0.129778 0.084952 -0.122368 0.256604 0.361076 -0.440142 -0.328008 -0.168291 -0.196188 0.227886 0.051993 -0.062609 -0.232485 0.174063 0.218997 -0.124760 0.252083 0.214742 -0.216018 -0.072863 -0.237421 -0.006508 0.266902 0.333080 0.347690 0.281591 0.093973 0.180644 -0.204031 -0.131238 -0.040099 -0.021002 -0.073223 -0.307685 -0.179553 0.088765 0.263339 0.366781 0.330232 -0.036787 0.052324 0.171313 -0.028852
0.026176 -0.274377 1.000000 0.220475 0.395350 -0.102993 0.652444 0.280591 -0.076700 -0.045562 0.048807 0.052629 0.348857 -0.021204 0.096751 -0.000515 -0.179082 -0.080657 0.385878 0.087628 0.236323 -0.157452 0.560474 0.311066 0.371736 0.046966 0.276670 -0.015743 0.113046 -0.079383 0.310778 0.141752 -0.221110 -0.131785 0.059861 -0.032413 -0.338763 -0.347974 -0.254953 -0.369046 -0.336789 -0.238844 -0.153329 -0.231364 -0.225116 -0.188369 -0.402756 -0.347120 -0.219017 -0.367688 0.141878 -0.406787 -0.148593 -0.015732 -0.478374 -0.449346 -0.148932 -0.050345 -0.232989 -0.441710 -0.150245 -0.294596 -0.223224 -0.190420 0.481842 0.156075 -0.266269 0.034649 -0.141422 0.056300 0.156128 -0.113398 0.008462 -0.012992 -0.153527 -0.159933 -0.050959 -0.166206 0.098059 -0.030633 0.009663 -0.062692 -0.032850 0.013799 0.109711 0.079171 0.017351 0.021886 0.241643 -0.053856 -0.125402 0.321706 0.056572 0.304526 -0.322231 -0.231312 -0.343920 -0.114977 -0.510551 -0.112617 -0.113897 0.036856 -0.013973 -0.142056 0.078722 0.288859 -0.148142 0.227680 -0.173835 -0.163166 -0.280176 -0.230384 -0.090264 0.108942 -0.081510 0.000365
-0.179654 0.113341 0.220475 1.000000 0.071440 0.030146 -0.107154 0.482786 -0.183532 0.038341 -0.117559 0.055392 -0.266312 -0.126450 -0.315438 0.415532 -0.434875 -0.517966 0.388490 -0.114780 0.425823 0.148424 0.239136 0.441000 0.010367 0.194075 -0.130010 0.249235 -0.109883 -0.061780 0.342372 0.311355 -0.192221 -0.174562 0.209661 0.302084 -0.242209 -0.109633 -0.095749 -0.045573 -0.345920 -0.004873 -0.068829 -0.079762 -0.333812 -0.157971 -0.161339 0.035831 -0.221652 -0.352251 -0.212183 -0.137917 -0.100037 0.118171 -0.364898 -0.277911 -0.078846 -0.110526 -0.267487 -0.145653 -0.529780 -0.172395 -0.509201 -0.634584 0.306286 0.583091 -0.152718 0.161771 0.215298 -0.010293 -0.090513 0.036896 -0.275560 -0.183436 -0.143587 -0.090346 -0.116704 0.051836 -0.247217 -0.412686 -0.349959 -0.389919 0.049877 0.294164 -0.050143 0.090863 0.165402 0.227553 0.094795 0.481644 0.258355 0.007017 0.292203 -0.002587 -0.103834 0.178426 -0.116439 0.164162 -0.274454 -0.060376 0.111822 0.027466 0.006105 0.047803 0.016544 0.133659 -0.087407 -0.100169 0.023644 0.119790 0.014985 0.022831 -0.105760 0.095972 0.297326 0.082977
-0.082960 -0.205292 0.395350 0.071440 1.000000 0.496358 0.358264 0.022363 0.328147 0.428692 -0.041304 -0.108814 0.088328 -0.275319 0.220809 0.148523 -0.177210 -0.111372 0.225074 -0.093509 0.310994 -0.070662 0.430838 0.328879 0.501438 0.129799 0.652351 0.133160 0.154413 -0.104842 0.315575 0.190822 0.048357 0.116198 -0.078836 -0.084402 -0.173869 -0.387122 -0.103922 -0.276704 -0.088238 -0.237680 0.004581 -0.013296 -0.019883 -0.067707 -0.082439 -0.102096 -0.115804 -0.017576 0.012480 -0.147430 -0.129194 0.014558 -0.322565 -0.271785 -0.177768 -0.184349 -0.114951 -0.141333 0.026256 -0.082798 -0.077809 -0.017297 0.389936 -0.206064 -0.135426 -0.064502 0.101510 0.044720 -0.040073 -0.193662 -0.034366 -0.241647 -0.290605 -0.233728 -0.179228 -0.162404 -0.036448 -0.211445 -0.070751 -0.146128 -0.006980 0.069269 -0.000571 -0.015801 -0.220693 -0.225567 0.133574 0.073136 -0.041120 0.129481 -0.103309 0.090036 -0.104569 -0.276718 -0.297874 -0.179700 -0.268297 -0.255578 -0.073911 -0.202707 -0.073944 -0.156306 -0.167630 -0.119532 -0.271782 0.051926 -0.269564 -0.194646 -0.201686 -0.166574 -0.163600 -0.012307 -0.165782 -0.134047
0.355191 0.339866 -0.102993 0.030146 0.496358 1.000000 -0.053083 -0.087800 0.233558 0.526017 -0.060413 0.006838 -0.207882 -0.204565 -0.030422 0.152533 -0.002053 -0.241980 0.178884 -0.054535 0.118373 0.168822 -0.222397 -0.198124 0.138644 0.076397 0.334441 0.365430 -0.162620 -0.109859 -0.208398 -0.174562 0.204769 0.004936 -0.214933 -0.084545 -0.180060 -0.370109 -0.087507 -0.259236 -0.211213 -0.165562 0.019854 0.348552 0.147630 0.055887 0.169120 0.110711 0.135430 0.210778 -0.055017 0.281567 0.208923 0.246013 0.232330 0.127533 0.181521 0.017370 0.095001 0.143688 0.198913 0.260722 -0.065800 0.036869 -0.016896 -0.074955 -0.066217 -0.169538 0.251286 0.053091 -0.154965 -0.266706 -0.115527 -0.183837 -0.095658 -0.138360 0.078438 -0.007649 -0.317909 -0.322676 -0.213699 -0.219554 0.054278 -0.061647 -0.100293 -0.204323 -0.115395 -0.092557 0.080176 0.278500 0.004614 -0.071594 -0.254965 -0.140347 -0.119867 -0.080376 -0.015078 -0.060141 0.109819 -0.184552 -0.057101 -0.158760 -0.231891 -0.230127 -0.253261 -0.262946 -0.185426 -0.191031 -0.229573 -0.172040 -0.061903 -0.029391 -0.063544 -0.121395 -0.118022 -0.208700
0.110045 -0.333396 0.652444 -0.107154 0.358264 -0.053083 1.000000 0.403401 0.179852 0.242475 -0.079144 -0.032248 0.332780 0.075851 0.156401 -0.032457 0.064223 0.127847 -0.000294 0.102349 -0.009130 -0.285539 0.167438 -0.011114 0.039601 -0.197079 0.166146 -0.374605 0.031112 -0.087722 0.029547 0.041281 -0.168069 -0.020878 -0.003995 -0.120245 -0.299045 -0.429173 -0.262439 -0.319726 -0.189304 -0.241707 -0.020250 -0.124880 0.009482 0.033489 -0.228664 -0.282534 -0.039260 -0.125511 0.136541 -0.258332 0.081049 0.074066 -0.317661 -0.297335 -0.117234 -0.107601 -0.089480 -0.333442 0.176667 -0.074320 0.031617 0.040445 0.306463 -0.065985 -0.246210 0.003872 -0.298989 0.066957 0.138940 -0.088182 0.027999 0.059239 -0.025712 -0.086493 -0.098985 -0.284965 0.194927 0.120822 0.012532 -0.008265 -0.193425 -0.053512 -0.051473 -0.018837 -0.203357 -0.256732 0.103243 -0.257973 -0.143102 0.297883 -0.007738 0.257677 -0.230967 -0.394195 -0.323758 -0.151743 -0.266306 -0.015548 -0.141850 0.074862 0.023869 -0.101840 -0.037010 0.137559 0.004306 0.191994 -0.233437 -0.235707 -0.306423 -0.068641 0.086499 0.056281 -0.152031 -0.044245
-0.125316 -0.152992 0.280591 0.482786 0.022363 -0.087800 0.403401 1.000000 -0.025581 0.315726 -0.347905 -0.063958 -0.043642 0.022105 -0.307723 0.175116 -0.217776 -0.250818 -0.068815 -0.166782 0.190089 0.025518 -0.059277 -0.019553 -0.346271 -0.115713 -0.343473 -0.277253 -0.179700 -0.035176 0.037874 0.177412 -0.291359 -0.084766 0.161528 0.284823 -0.117886 -0.085703 0.005008 0.079403 -0.273598 0.130416 0.201368 -0.010430 0.040154 0.145052 -0.129243 -0.002973 0.115377 -0.054025 0.021719 0.003817 0.085808 0.181310 -0.293593 -0.160374 -0.013887 -0.194365 -0.110176 -0.150357 -0.258649 0.078616 -0.267344 -0.490120 0.220967 0.473515 -0.243590 0.064966 -0.124044 -0.179666 0.047132 0.134298 -0.156815 0.121460 0.047573 0.140372 -0.082364 -0.011925 -0.074119 -0.149283 -0.223302 -0.177410 -0.102311 0.046009 -0.324912 -0.172512 -0.186044 -0.051912 -0.003236 0.039449 0.100788 0.083112 0.204855 -0.000709 -0.062374 0.033549 -0.106765 0.088454 -0.183852 0.016336 -0.119064 0.154462 -0.046589 -0.000039 -0.135889 0.037127 0.345537 0.035841 -0.047821 -0.012965 -0.064376 -0.000222 0.008313 -0.005737 0.193099 0.005181
-0.112739 -0.179477 -0.076700 -0.183532 0.328147 0.233558 0.179852 -0.025581 1.000000 0.295417 -0.288921 -0.160225 -0.064209 -0.137627 0.154457 0.153869 -0.113889 0.106371 -0.162380 0.149847 -0.253813 -0.278928 -0.167485 0.071687 -0.164132 -0.207335 0.010864 -0.056154 0.087106 0.033073 -0.152060 0.007278 -0.124615 -0.020162 -0.137207 -0.031731 0.017406 -0.120623 -0.057437 -0.049439 0.043988 -0.167694 -0.017941 -0.050328 -0.064489 -0.020689 -0.098808 0.023155 0.053726 0.061292 -0.026180 -0.050003 0.092969 0.094813 -0.045323 -0.133867 -0.239806 -0.090003 0.080711 0.122121 0.243344 0.208440 0.048384 0.193676 0.024617 -0.106432 0.048592 0.114693 0.009455 0.264271 -0.002991 0.063617 -0.077034 -0.211970 -0.143423 -0.056896 -0.286876 -0.074676 0.094788 0.033262 0.049090 0.071569 -0.274756 0.028763 -0.248909 -0.139561 -0.397806 -0.633367 0.006226 -0.095680 0.048957 0.101222 -0.017988 0.077167 -0.026894 -0.155129 -0.238600 -0.148118 -0.084164 -0.127248 -0.007127 0.021950 -0.077522 -0.051318 -0.059824 0.015270 -0.009028 0.021878 -0.154554 -0.159159 -0.080331 -0.078164 0.034608 -0.005568 -0.172863 -0.019090
0.089083 0.025456 -0.045562 0.038341 0.428692 0.526017 0.242475 0.315726 0.295417 1.000000 -0.192857 -0.176171 0.026378 -0.046928 0.032994 0.192938 0.084472 -0.064820 -0.072076 -0.104504 0.040736 -0.025906 -0.254300 -0.174935 -0.218013 -0.149765 0.145746 -0.126055 -0.088392 -0.033362 -0.085908 -0.008871 -0.069888 -0.046424 0.018076 0.192470 -0.067987 -0.206289 0.000573 -0.011124 -0.064162 0.079411 0.280850 0.156803 0.189039 0.198278 0.155802 0.109878 0.149216 0.219319 -0.012150 0.107544 0.279056 0.274813 -0.013693 0.088636 0.164130 -0.004843 0.064570 -0.030510 0.183485 0.233111 0.008768 -0.080207 -0.030809 -0.132453 -0.203129 -0.266497 -0.028585 -0.124610 -0.139399 -0.054705 -0.070370 -0.033797 -0.039705 0.016565 -0.091698 0.039423 -0.020004 -0.023243 -0.093312 -0.037317 -0.169579 -0.048416 -0.380216 -0.345662 -0.419780 -0.269226 -0.204107 -0.079043 0.058867 -0.074177 -0.011779 -0.199156 -0.051669 -0.021359 -0.020497 0.063003 -0.041561 -0.067929 -0.047366 -0.157895 -0.196434 -0.187605 -0.261285 -0.190259 -0.079625 -0.188666 -0.170483 -0.021059 -0.016609 0.034637 -0.071223 -0.096702 -0.009662 -0.007798
0.258434 0.007103 0.048807 -0.117559 -0.041304 -0.060413 -0.079144 -0.347905 -0.288921 -0.192857 1.000000 0.462896 0.554252 0.480556 0.632118 0.174680 0.420868 0.208249 -0.073487 0.234262 -0.088079 -0.024227 0.401732 0.159833 0.378657 0.017649 0.209920 -0.015602 0.490678 0.236218 0.160366 0.077258 -0.223200 -0.082505 -0.317362 -0.501793 -0.283635 -0.325295 -0.287448 -0.305268 0.185318 -0.115450 -0.219537 -0.180329 -0.099249 -0.200449 -0.262205 -0.507582 -0.245701 -0.164805 0.099122 -0.164440 -0.060416 -0.005397 0.008517 -0.074955 0.124858 -0.081071 -0.165961 -0.160853 0.138360 -0.063908 0.308385 0.349187 0.197818 -0.298624 -0.182284 -0.155566 -0.085705 0.142314 0.024881 -0.135501 0.338906 0.133888 0.071761 -0.060677 0.002266 -0.322790 0.328926 0.326103 0.265785 0.243162 0.309350 0.260839 0.538247 0.445754 0.255769 0.385729 0.343241 0.070272 -0.437601 -0.037348 -0.288343 0.035091 -0.394586 -0.449264 -0.372618 -0.372775 -0.140505 -0.224589 -0.267424 0.010322 -0.149259 -0.188522 -0.145358 -0.076037 -0.189490 0.096835 -0.404044 -0.377298 -0.459117 -0.220190 0.037841 -0.150104 -0.421129 -0.309460
0.232054 0.249890 0.052629 0.055392 -0.108814 0.006838 -0.032248 -0.063958 -0.160225 -0.176171 0.462896 1.000000 0.286569 0.498368 0.200760 0.356313 0.135573 0.212655 0.058347 0.046556 0.047802 -0.024142 0.046757 -0.161699 0.091051 -0.015594 -0.042351 -0.143602 0.242482 0.448720 0.123855 0.051045 -0.132166 -0.004531 0.051410 -0.244829 -0.038641 -0.121550 -0.200032 -0.234949 0.007548 0.112890 -0.209069 0.065163 0.157622 0.020142 -0.023509 -0.314088 -0.052521 0.040004 -0.018088 0.048328 -0.223202 0.073714 0.143622 0.240205 0.219294 0.113682 -0.263996 -0.226813 0.026084 0.046715 -0.083294 0.102640 0.214172 0.211461 -0.353533 -0.269483 -0.259786 -0.114096 0.001393 -0.089392 0.295714 0.213033 0.133194 0.207274 0.297838 0.012300 0.071049 0.137552 0.049468 -0.025612 0.173841 0.223055 0.337791 0.368072 0.112894 0.225754 0.148225 0.107175 -0.380609 -0.266599 -0.462501 -0.280590 -0.284922 -0.090272 -0.042736 -0.011384 -0.054584 -0.178821 -0.372210 -0.370376 -0.294477 -0.396241 -0.178398 -0.071232 -0.244864 -0.066657 -0.201123 -0.135272 -0.152499 -0.027271 0.171091 0.036177 -0.071092 -0.166584
0.116506 -0.287081 0.348857 -0.266312 0.088328 -0.207882 0.332780 -0.043642 -0.064209 0.026378 0.554252 0.286569 1.000000 0.668050 0.602712 0.149400 0.348155 0.301492 -0.217776 0.049329 -0.023807 -0.052320 0.369423 0.052804 0.267134 -0.002032 0.142100 -0.262749 0.414697 0.111117 0.195937 0.090088 -0.246355 0.133300 -0.095311 -0.254791 -0.236217 -0.240164 -0.059037 -0.067003 0.312013 0.008924 -0.041391 -0.111179 0.078613 0.054178 -0.250976 -0.568653 -0.069316 -0.038096 0.398277 -0.125853 0.002472 0.090755 -0.066409 -0.009108 0.080771 -0.032269 0.019158 -0.278591 0.282886 -0.087049 0.273659 0.215541 0.338996 -0.103905 -0.235960 -0.240429 -0.396252 -0.003717 0.094045 0.101197 0.338358 0.208466 0.117331 0.089675 -0.037180 -0.339071 0.549093 0.427259 0.347243 0.334887 0.057694 -0.119931 0.142888 0.047814 -0.075985 0.109296 0.255755 -0.287331 -0.610266 -0.170736 -0.375347 -0.089263 -0.419991 -0.546662 -0.344157 -0.444108 -0.382890 -0.317907 -0.570613 -0.240313 -0.384512 -0.396952 -0.261436 -0.083373 -0.039426 0.113750 -0.437506 -0.508232 -0.496248 -0.337660 0.025217 -0.204026 -0.401854 -0.349340
0.198231 -0.004376 -0.021204 -0.126450 -0.275319 -0.204565 0.075851 0.022105 -0.137627 -0.046928 0.480556 0.498368 0.668050 1.000000 0.413716 0.323685 0.271346 0.225468 -0.266242 0.052746 -0.060276 0.006714 -0.044894 -0.168678 -0.035367 -0.146751 -0.152442 -0.310668 0.155745 0.212540 -0.070296 -0.115225 -0.301639 0.154262 -0.099447 -0.156384 -0.060907 -0.152435 -0.070845 -0.057326 0.180368 0.153471 -0.020063 0.032875 0.216314 0.135876 -0.057244 -0.333196 0.143466 0.119305 0.202540 0.108863 0.015520 0.150151 0.153662 0.230981 0.135282 -0.005598 -0.006927 -0.136771 0.213190 0.098895 0.135811 0.146061 0.177236 0.085875 -0.246877 -0.183301 -0.405651 -0.019251 -0.059740 -0.021388 0.209731 0.199455 0.165362 0.106228 0.068194 -0.267907 0.240575 0.306539 0.045256 0.083573 0.009928 -0.136742 0.113040 -0.002882 0.046770 0.158495 0.210265 -0.104022 -0.460621 -0.347806 -0.273898 -0.192094 -0.324184 -0.197715 -0.053231 -0.114284 -0.030226 -0.104233 -0.379608 -0.246421 -0.253586 -0.291137 -0.173773 -0.052432 -0.009184 -0.042310 -0.323092 -0.249438 -0.281306 -0.010993 0.271915 -0.068281 -0.098216 -0.294317
0.158405 -0.174487 0.096751 -0.315438 0.220809 -0.030422 0.156401 -0.307723 0.154457 0.032994 0.632118 0.200760 0.602712 0.413716 1.000000 0.343313 0.248951 0.248236 -0.177171 0.293239 -0.012573 -0.143797 0.315961 0.179727 0.352260 -0.150968 0.446492 -0.084025 0.435753 0.236078 0.028918 -0.115897 -0.243804 0.070825 -0.198099 -0.328701 -0.037801 -0.258962 -0.130146 -0.268538 0.314687 -0.005457 -0.271782 -0.371292 -0.112737 -0.288367 -0.251410 -0.447892 -0.123656 -0.177275 0.048843 -0.200928 0.065110 0.048379 -0.019918 -0.217032 -0.128463 -0.069033 -0.071186 -0.213293 0.328555 -0.053203 0.161278 0.385283 0.103009 -0.497553 -0.109144 -0.055406 -0.178962 0.358343 -0.048867 -0.176601 0.362888 0.009383 -0.020680 -0.044299 -0.094809 -0.293577 0.263513 0.213509 0.167365 0.127784 0.298274 0.199600 0.368578 0.062005 0.164212 0.148041 0.422068 -0.118019 -0.283697 0.123664 -0.162119 0.165668 -0.238974 -0.351426 -0.288342 -0.256035 -0.186312 -0.196581 -0.138647 -0.083269 -0.109230 -0.193172 -0.004391 0.102310 -0.155754 0.258450 -0.258607 -0.233898 -0.349053 -0.097678 0.148117 0.013826 -0.277483 -0.227436
0.073317 0.095995 -0.000515 0.415532 0.148523 0.152533 -0.032457 0.175116 0.153869 0.192938 0.174680 0.356313 0.149400 0.323685 0.343313 1.000000 -0.278323 -0.192510 -0.001384 -0.124565 0.213709 0.190031 0.099784 0.147836 0.063388 0.033352 0.113020 0.086912 0.101759 0.122230 0.100471 0.030621 -0.374174 -0.165004 0.083649 0.089572 -0.143663 -0.148206 0.015011 -0.126469 -0.045224 0.073211 -0.120181 -0.022318 -0.106046 -0.056275 -0.051903 -0.061797 -0.044240 -0.086866 -0.178624 -0.025583 0.017593 0.123371 -0.018735 -0.165878 -0.075826 -0.083716 -0.115020 -0.048007 -0.033837 0.087684 -0.316967 -0.209237 0.146641 0.242106 -0.241433 0.033285 -0.122609 0.113947 -0.222865 -0.019584 -0.052496 -0.153127 -0.102027 -0.097565 -0.152463 -0.112205 -0.097478 -0.251591 -0.250315 -0.296669 0.183097 0.339220 0.098659 -0.017540 0.135799 0.133503 0.228140 0.337574 0.051359 -0.111831 -0.052859 -0.046270 -0.244258 -0.042498 -0.233275 -0.071992 -0.248997 -0.302377 -0.082534 -0.242182 -0.199544 -0.281071 -0.155290 -0.034237 -0.212056 -0.240579 -0.277732 -0.131246 -0.131037 -0.145072 -0.021572 -0.138503 0.027920 -0.132822
0.219753 0.041012 -0.179082 -0.434875 -0.177210 -0.002053 0.064223 -0.217776 -0.113889 0.084472 0.420868 0.135573 0.348155 0.271346 0.248951 -0.278323 1.000000 0.629032 -0.284356 0.161047 -0.245529 -0.048011 -0.136845 -0.296650 -0.002904 -0.010405 0.002754 -0.199057 0.423172 0.334883 -0.067488 0.052634 0.129541 0.135784 -0.107899 -0.346097 -0.121300 -0.114274 -0.234711 -0.092836 0.310890 0.063184 -0.076059 0.002610 0.065841 0.052893 -0.057499 -0.386140 -0.159942 0.050682 0.150930 -0.106913 -0.027745 -0.193458 0.001933 0.171128 0.508097 0.235014 -0.030653 -0.059321 0.289021 0.086317 0.731635 0.608494 -0.243354 -0.418732 -0.192196 -0.361866 -0.211360 -0.120147 0.214542 0.156029 0.530698 0.491488 0.501006 0.380308 0.232495 -0.126321 0.573469 0.638575 0.644231 0.711117 0.042024 0.016755 0.091460 0.170849 -0.180617 0.159778 -0.265558 -0.333431 -0.503083 -0.285065 -0.309831 -0.230413 -0.136786 -0.323867 -0.128349 -0.279128 0.057399 -0.014858 -0.274537 0.033383 -0.168601 -0.080656 -0.259736 -0.232498 -0.064526 0.126978 -0.140474 -0.349236 -0.333660 -0.088030 -0.043880 -0.170014 -0.311050 -0.267875
-0.032033 -0.207480 -0.080657 -0.517966 -0.111372 -0.241980 0.127847 -0.250818 0.106371 -0.064820 0.208249 0.212655 0.301492 0.225468 0.248236 -0.192510 0.629032 1.000000 -0.283416 0.094519 -0.316895 -0.104781 -0.018539 -0.262046 -0.107741 -0.135682 -0.138361 -0.429338 0.591493 0.608293 0.063964 0.146016 0.054711 0.205533 -0.011345 -0.350212 0.227752 0.235731 0.007611 0.076051 0.489343 0.271873 0.011741 -0.010151 0.142466 0.005883 -0.019336 -0.298398 -0.038486 0.174464 0.164299 -0.081170 -0.354839 -0.089034 -0.017986 0.259686 0.244366 0.362339 -0.304891 -0.247824 0.172789 -0.011176 0.510034 0.656644 -0.093150 -0.435394 -0.346567 -0.465555 -0.461370 -0.253555 0.227321 0.275617 0.688220 0.509836 0.445314 0.510327 0.256313 -0.051690 0.680937 0.759821 0.689961 0.734003 -0.012025 0.228066 0.201809 0.223289 -0.222292 -0.098584 -0.250726 -0.490410 -0.514288 -0.270129 -0.391676 -0.289703 -0.024654 -0.198991 0.016022 -0.180434 0.117640 -0.048460 -0.341367 -0.206773 -0.186835 -0.278346 -0.251676 -0.193407 -0.100415 0.005414 -0.025505 -0.189583 -0.192182 0.000069 0.118385 0.002624 -0.179884 -0.089494
0.261705 0.368457 0.385878 0.388490 0.225074 0.178884 -0.000294 -0.068815 -0.162380 -0.072076 -0.073487 0.058347 -0.217776 -0.266242 -0.177171 -0.001384 -0.284356 -0.283416 1.000000 0.188797 0.259301 -0.188408 0.179634 0.084098 0.155024 -0.091923 0.177017 0.129296 -0.057824 0.006034 0.126806 -0.179219 0.220231 -0.123364 0.105374 -0.016672 -0.158008 -0.224635 -0.291077 -0.454656 -0.507272 -0.244804 -0.171771 0.007093 -0.345709 -0.431403 -0.106039 0.075237 -0.219511 -0.334171 -0.369467 -0.141929 -0.096648 0.050042 -0.241849 -0.173475 -0.126466 0.091112 -0.140669 -0.043683 -0.138942 0.059006 -0.447436 -0.295440 0.120651 0.075979 0.011559 -0.053705 0.399627 0.123228 0.002373 -0.282836 -0.035364 -0.214259 -0.083806 -0.105851 0.199471 0.156275 -0.355821 -0.372486 -0.214341 -0.321286 0.033978 0.065071 0.040473 -0.082259 0.147656 0.104149 0.083794 0.289904 0.226307 0.183787 0.161239 0.125231 -0.039299 0.247321 0.084267 0.346046 -0.085590 0.162492 0.247815 -0.056817 0.031407 0.081258 0.194582 0.229820 -0.267180 0.033517 0.184555 0.211242 0.122825 0.183358 0.010846 0.315967 0.257816 0.253702
0.096694 0.129403 0.087628 -0.114780 -0.093509 -0.054535 0.102349 -0.166782 0.149847 -0.104504 0.234262 0.046556 0.049329 0.052746 0.293239 -0.124565 0.161047 0.094519 0.188797 1.000000 -0.192386 -0.415634 -0.090148 0.183517 -0.164212 -0.416186 0.083041 -0.214114 0.274880 0.221401 -0.053133 -0.211798 -0.084354 -0.046265 -0.070354 -0.303984 -0.108648 -0.351482 -0.537106 -0.504120 -0.253532 -0.328997 -0.397321 -0.468746 -0.470129 -0.525757 -0.418284 -0.305293 -0.240092 -0.386827 -0.281520 -0.237286 0.228863 0.116784 -0.215225 -0.342026 -0.154087 0.217288 -0.085271 -0.125453 0.017636 0.112095 -0.112039 0.153167 -0.259089 -0.325293 0.040494 0.266164 0.068132 0.715120 0.277608 -0.136837 0.191103 -0.094793 -0.043005 -0.003100 -0.075023 -0.075265 0.096630 0.081526 0.029295 0.049528 -0.181848 0.184490 0.019109 -0.130681 -0.042290 -0.123732 0.137032 -0.209040 0.103846 0.363428 0.235471 0.414128 -0.166162 -0.103584 -0.227661 0.101779 0.002258 0.338765 0.260443 0.326146 0.214263 0.296234 0.460636 0.573190 0.049210 0.334760 0.089450 0.011672 -0.207392 0.348361 0.349883 0.386654 -0.163019 0.105301
-0.027466 0.076425 0.236323 0.425823 0.310994 0.118373 -0.009130 0.190089 -0.253813 0.040736 -0.088079 0.047802 -0.023807 -0.060276 -0.012573 0.213709 -0.245529 -0.316895 0.259301 -0.192386 1.000000 0.503649 0.305987 0.216246 0.348157 0.418514 0.216231 0.359026 -0.138012 -0.025683 0.461137 0.178705 0.004557 0.202966 0.185852 0.403153 0.051567 0.119811 0.213986 0.063042 -0.207028 0.252346 -0.209711 -0.019938 -0.049897 -0.088061 -0.008912 0.087003 -0.152256 -0.188072 -0.231767 -0.138533 -0.118847 0.048879 -0.247963 -0.104046 0.189545 0.031534 -0.174878 -0.265845 -0.326495 -0.100127 -0.451334 -0.429822 0.230551 0.256821 -0.158058 -0.083164 0.257590 -0.030065 -0.157775 -0.096243 -0.080424 -0.015160 0.108735 0.020253 0.098883 0.074157 -0.396986 -0.395487 -0.385613 -0.287207 0.122926 -0.001236 -0.113297 -0.107551 0.044004 0.221026 0.076568 0.198586 0.099839 -0.053640 0.084715 -0.010339 0.091785 0.254221 0.241213 0.285584 -0.187511 -0.003176 -0.001667 -0.253726 -0.065171 -0.008883 0.017720 0.031653 -0.246085 0.208256 0.194506 0.278784 0.210976 0.171015 -0.005284 0.203381 0.355122 0.075735
-0.016334 -0.019946 -0.157452 0.148424 -0.070662 0.168822 -0.285539 0.025518 -0.278928 -0.025906 -0.024227 -0.024142 -0.052320 0.006714 -0.143797 0.190031 -0.048011 -0.104781 -0.188408 -0.415634 0.503649 1.000000 0.059660 -0.051170 0.127796 0.584448 -0.110034 0.322087 -0.034268 -0.033713 0.315459 0.282746 -0.083492 0.126476 -0.015695 0.219553 0.043909 0.337062 0.429009 0.345117 0.052299 0.338013 0.018557 0.284025 0.272404 0.329807 0.160908 0.117846 0.115947 0.262687 0.116266 0.205613 -0.070755 0.025665 0.188412 0.210350 0.343584 0.031194 -0.061011 -0.054249 -0.222870 -0.083466 -0.051571 -0.245065 -0.003002 0.243526 -0.090030 -0.114913 0.043990 -0.150789 0.024726 0.338021 -0.019237 0.198515 0.320494 0.148702 0.063101 0.048160 -0.053570 -0.159625 -0.160435 -0.027697 0.108536 -0.031729 -0.145618 -0.074469 -0.023205 0.234302 -0.019517 0.122527 -0.089160 -0.329432 -0.191552 -0.188874 0.062574 0.119866 0.182157 -0.104363 -0.087138 -0.283330 -0.249801 -0.235247 -0.219947 -0.233864 -0.283928 -0.347575 -0.055477 -0.228465 0.046883 -0.004584 0.129192 -0.194523 -0.093186 -0.224015 0.055947 -0.184613
-0.254042 -0.360652 0.560474 0.239136 0.430838 -0.222397 0.167438 -0.059277 -0.167485 -0.254300 0.401732 0.046757 0.369423 -0.044894 0.315961 0.099784 -0.136845 -0.018539 0.179634 -0.090148 0.305987 0.059660 1.000000 0.675548 0.707497 0.369579 0.318951 0.163801 0.397053 0.007018 0.612692 0.504991 -0.191114 0.064309 -0.029352 -0.104608 -0.250717 -0.122290 -0.049476 -0.147864 0.157130 -0.077279 -0.102051 -0.233924 -0.188585 -0.189003 -0.265482 -0.348677 -0.353358 -0.282275 0.140449 -0.370225 -0.359926 -0.116709 -0.432893 -0.385543 -0.176220 -0.135600 -0.380156 -0.381032 -0.254711 -0.465876 -0.028987 -0.058400 0.590281 -0.061595 -0.227830 0.017395 0.020481 0.032471 0.023516 0.057462 0.134034 0.038026 -0.118085 -0.070503 -0.174990 -0.236276 0.260966 0.023705 0.133665 0.093204 0.253957 0.257971 0.377768 0.359666 0.203999 0.195633 0.351407 0.048506 -0.252139 0.072978 -0.065983 0.126978 -0.286569 -0.381612 -0.412923 -0.390586 -0.593322 -0.395176 -0.255009 -0.108585 -0.161783 -0.237094 -0.164998 -0.061151 -0.221936 0.093939 -0.284298 -0.279068 -0.278777 -0.390193 -0.225637 -0.084814 -0.200676 -0.242690
-0.482653 -0.340411 0.311066 0.441000 0.328879 -0.198124 -0.011114 -0.019553 0.071687 -0.174935 0.159833 -0.161699 0.052804 -0.168678 0.179727 0.147836 -0.296650 -0.262046 0.084098 0.183517 0.216246 -0.051170 0.675548 1.000000 0.431304 0.230558 0.268386 0.253868 0.260852 -0.139782 0.460992 0.478084 -0.160550 0.031835 -0.023026 0.039174 -0.187201 -0.138400 -0.123324 -0.100949 0.008031 -0.235471 -0.217539 -0.474770 -0.452957 -0.316789 -0.404705 -0.263707 -0.474827 -0.459072 -0.071064 -0.440803 -0.240118 -0.188192 -0.552424 -0.582964 -0.304949 -0.183437 -0.293179 -0.185178 -0.330242 -0.385683 -0.102485 -0.178732 0.382237 0.069005 -0.004183 0.420446 0.147697 0.335400 0.078580 0.113186 -0.124699 -0.275281 -0.304763 -0.230117 -0.465645 -0.155540 0.114219 -0.138700 -0.098603 -0.102889 0.014765 0.240867 0.094711 0.233421 0.083545 -0.007533 0.242819 0.141215 0.115724 0.246693 0.358951 0.365923 -0.154462 -0.223678 -0.447081 -0.215678 -0.490358 -0.130136 0.118469 0.177021 0.146594 0.110342 0.179454 0.278013 -0.086164 0.118524 -0.110412 -0.091973 -0.227415 -0.164500 -0.089084 0.113036 -0.053955 -0.080536
-0.088718 -0.155930 0.371736 0.010367 0.501438 0.138644 0.039601 -0.346271 -0.164132 -0.218013 0.378657 0.091051 0.267134 -0.035367 0.352260 0.063388 -0.002904 -0.107741 0.155024 -0.164212 0.348157 0.127796 0.707497 0.431304 1.000000 0.494551 0.616996 0.476088 0.205992 -0.133305 0.293914 0.106233 0.093948 0.082149 -0.086432 -0.133806 -0.170079 -0.182740 0.017522 -0.194904 0.067999 -0.180771 -0.116079 -0.039925 -0.099817 -0.178862 -0.115158 -0.208288 -0.253878 -0.179654 0.120314 -0.292014 -0.327595 -0.266321 -0.199226 -0.263095 -0.055123 -0.128555 -0.091718 -0.079258 -0.057042 -0.323258 0.078462 0.082398 0.292765 -0.188279 -0.007443 0.026886 0.118454 0.016879 -0.136042 -0.170619 0.001681 -0.120557 -0.211793 -0.204123 -0.079285 -0.200667 0.037204 -0.156703 0.080736 -0.021980 0.302130 0.058166 0.394757 0.250868 0.253179 0.202914 0.265815 0.111579 -0.157457 0.077105 -0.161243 0.148075 -0.208275 -0.300854 -0.276702 -0.327629 -0.341070 -0.301896 -0.140930 -0.112743 -0.103150 -0.171570 -0.106353 -0.122577 -0.339751 0.098165 -0.264988 -0.306405 -0.231451 -0.324783 -0.166956 -0.188957 -0.165315 -0.171585
-0.268556 -0.109515 0.046966 0.194075 0.129799 0.076397 -0.197079 -0.115713 -0.207335 -0.149765 0.017649 -0.015594 -0.002032 -0.146751 -0.150968 0.033352 -0.010405 -0.135682 -0.091923 -0.416186 0.418514 0.584448 0.369579 0.230558 0.494551 1.000000 0.179939 0.555833 0.030976 -0.303537 0.399811 0.390911 0.050722 -0.046961 -0.068079 0.061453 -0.125052 0.236288 0.227524 0.337129 0.107443 0.013041 0.054805 0.209019 0.184229 0.381372 0.161618 -0.012009 -0.016527 0.193072 0.402870 0.054622 -0.210181 -0.135778 0.006302 0.072017 0.171331 -0.066835 -0.107113 -0.066114 -0.382561 -0.374995 0.036236 -0.203379 0.076425 0.254532 -0.063685 0.055553 0.084474 -0.130454 0.087587 0.254007 -0.178456 0.024039 0.079944 0.009564 -0.099317 -0.135367 0.126489 -0.172958 0.102417 0.037340 0.079747 -0.049318 0.048613 0.271952 0.054481 0.282840 -0.113683 0.141021 -0.171004 -0.299831 -0.227295 -0.159893 0.035099 -0.079748 -0.024996 -0.287425 -0.279438 -0.433661 -0.240202 -0.232452 -0.159788 -0.216814 -0.250993 -0.375161 -0.117822 -0.141129 -0.087053 -0.205768 -0.040621 -0.328863 -0.276358 -0.283776 -0.047776 -0.232039
0.045118 -0.100254 0.276670 -0.130010 0.652351 0.334441 0.166146 -0.343473 0.010864 0.145746 0.209920 -0.042351 0.142100 -0.152442 0.446492 0.113020 0.002754 -0.138361 0.177017 0.083041 0.216231 -0.110034 0.318951 0.268386 0.616996 0.179939 1.000000 0.385771 0.044802 -0.283525 0.018261 -0.192795 0.094209 -0.099971 -0.110053 -0.170201 -0.101007 -0.362808 -0.109519 -0.284642 -0.094112 -0.352840 -0.218176 -0.259313 -0.146999 -0.193203 -0.101377 -0.159916 -0.133408 -0.168021 0.059916 -0.212325 -0.008684 -0.216243 -0.093128 -0.335079 -0.203312 -0.248502 0.082167 -0.001247 0.138492 -0.260731 0.069917 0.114342 0.066074 -0.351083 0.154388 0.186493 0.112968 0.218120 -0.090922 -0.354218 -0.123547 -0.367097 -0.396364 -0.391278 -0.224821 -0.200882 -0.100499 -0.168326 -0.080087 -0.192271 0.122006 -0.023340 0.242542 0.085132 0.098401 0.090079 0.222059 0.133754 0.108610 0.310250 0.095730 0.371276 -0.001660 -0.222121 -0.229669 -0.171865 -0.193414 -0.142526 0.191999 -0.031397 0.171842 0.054985 0.199019 0.131521 -0.243573 0.140639 -0.139181 -0.114367 -0.209970 -0.159779 -0.151046 -0.102910 -0.260933 -0.086983
-0.032635 0.158582 -0.015743 0.249235 0.133160 0.365430 -0.374605 -0.277253 -0.056154 -0.126055 -0.015602 -0.143602 -0.262749 -0.310668 -0.084025 0.086912 -0.199057 -0.429338 0.129296 -0.214114 0.359026 0.322087 0.163801 0.253868 0.476088 0.555833 0.385771 1.000000 -0.285625 -0.378323 -0.027297 -0.070463 0.085745 -0.178947 -0.083259 0.278950 -0.122998 0.044582 0.192781 0.120380 -0.058050 -0.161049 -0.049775 0.082439 -0.040192 0.036785 0.186392 0.286677 -0.013786 -0.045011 -0.000955 0.049932 0.002720 -0.046828 0.123223 -0.126241 -0.070774 -0.152798 0.045658 0.085699 -0.279075 -0.276095 -0.151495 -0.218706 -0.050268 0.142973 0.160209 0.217042 0.440653 0.069129 -0.180371 -0.194334 -0.396558 -0.353443 -0.247615 -0.297528 -0.163353 0.070649 -0.359647 -0.413582 -0.260792 -0.272803 0.231000 -0.043147 0.035391 -0.002111 0.323367 0.216756 0.133299 0.441874 0.308682 0.077997 0.101940 0.108924 0.087300 0.142556 0.037153 -0.085131 -0.074475 -0.196176 0.207532 0.062215 -0.001299 0.073646 0.045055 -0.067019 -0.164743 -0.078087 0.045356 0.044777 0.188541 -0.150569 -0.315382 -0.174620 0.068193 -0.051203
-0.183077 -0.272430 0.113046 -0.109883 0.154413 -0.162620 0.031112 -0.179700 0.087106 -0.088392 0.490678 0.242482 0.414697 0.155745 0.435753 0.101759 0.423172 0.591493 -0.057824 0.274880 -0.138012 -0.034268 0.397053 0.260852 0.205992 0.030976 0.044802 -0.285625 1.000000 0.577412 0.468061 0.389459 -0.129858 0.178720 -0.088631 -0.461253 0.008953 0.006854 -0.140109 -0.122058 0.343242 0.061361 -0.154559 -0.200994 -0.283094 -0.295394 -0.450063 -0.576255 -0.434251 -0.209688 0.092870 -0.356921 -0.378585 -0.179418 -0.351787 -0.115352 0.074991 0.140302 -0.379682 -0.247978 0.034661 -0.053655 0.357131 0.395685 0.096565 -0.351091 -0.355372 -0.236488 -0.351992 0.054200 0.431839 0.381154 0.679624 0.331018 0.190592 0.367475 0.072363 -0.126700 0.711065 0.487525 0.606917 0.583897 0.196435 0.574763 0.258725 0.331314 -0.238626 0.041301 -0.050859 -0.253495 -0.510782 -0.056898 -0.252599 -0.029744 -0.160340 -0.413169 -0.429116 -0.376022 -0.279450 -0.263495 -0.432751 -0.077826 -0.230490 -0.299606 -0.264102 -0.135068 -0.034179 0.186851 -0.182196 -0.453442 -0.532783 -0.290943 0.111101 -0.111163 -0.383860 -0.196222
0.021760 0.068840 -0.079383 -0.061780 -0.104842 -0.109859 -0.087722 -0.035176 0.033073 -0.033362 0.236218 0.448720 0.111117 0.212540 0.236078 0.122230 0.334883 0.608293 0.006034 0.221401 -0.025683 -0.033713 0.007018 -0.139782 -0.133305 -0.303537 -0.283525 -0.378323 0.577412 1.000000 0.267566 0.196032 -0.155762 0.349222 0.240298 -0.120140 0.263614 0.201190 -0.097084 -0.144238 0.234116 0.454606 -0.138018 -0.073348 -0.108093 -0.315672 -0.156335 -0.210919 -0.228274 -0.147829 -0.276521 -0.195544 -0.387578 0.047457 -0.175307 0.155764 0.253440 0.466916 -0.478987 -0.404964 -0.024864 0.168736 0.026075 0.277412 0.021741 -0.177641 -0.508218 -0.451327 -0.332957 -0.077440 0.102111 0.149949 0.809845 0.553261 0.441980 0.600867 0.471868 0.279787 0.300093 0.366805 0.315773 0.381666 0.237683 0.531200 0.242441 0.120707 0.001077 0.091448 -0.101226 -0.219783 -0.297404 -0.214111 -0.250152 -0.331716 -0.007272 0.162472 0.134076 0.211516 0.177599 0.143714 -0.215418 -0.176533 -0.210097 -0.192825 -0.150029 0.000785 -0.188058 0.187606 0.235606 0.107803 0.011882 0.270918 0.257276 0.290603 0.167876 0.058730
-0.270050 -0.268577 0.310778 0.342372 0.315575 -0.208398 0.029547 0.037874 -0.152060 -0.085908 0.160366 0.123855 0.195937 -0.070296 0.028918 0.100471 -0.067488 0.063964 0.126806 -0.053133 0.461137 0.315459 0.612692 0.460992 0.293914 0.399811 0.018261 -0.027297 0.468061 0.267566 1.000000 0.764776 -0.200957 0.306398 0.145133 0.064438 -0.067855 0.124617 0.002608 0.050419 0.126770 0.177792 -0.067485 -0.068007 -0.099066 0.037916 -0.245659 -0.259019 -0.380798 -0.183041 0.049509 -0.315957 -0.389913 -0.035113 -0.435532 -0.117987 0.169914 0.166115 -0.480905 -0.519428 -0.391684 -0.304737 -0.118155 -0.203437 0.417884 0.158542 -0.395814 -0.135127 -0.134885 -0.021303 0.243379 0.368406 0.306440 0.233492 0.128643 0.210133 0.086614 0.018218 0.290175 0.045721 0.123340 0.125047 0.058228 0.267717 0.036489 0.268280 -0.124333 0.142688 -0.065484 -0.096059 -0.285491 -0.171812 -0.124003 -0.150352 -0.076873 -0.077255 -0.175105 -0.116630 -0.353050 -0.172120 -0.297100 -0.261927 -0.124572 -0.178137 -0.182873 -0.120775 -0.224252 0.102991 0.041632 -0.039490 -0.098677 -0.161715 -0.100848 0.091830 -0.043091 -0.064279
-0.432122 -0.355801 0.141752 0.311355 0.190822 -0.174562 0.041281 0.177412 0.007278 -0.008871 0.077258 0.051045 0.090088 -0.115225 -0.115897 0.030621 0.052634 0.146016 -0.179219 -0.211798 0.178705 0.282746 0.504991 0.478084 0.106233 0.390911 -0.192795 -0.070463 0.389459 0.196032 0.764776 1.000000 -0.179518 0.275515 -0.007787 0.024210 -0.170440 0.142700 -0.014989 0.194521 0.280570 0.223002 0.036387 -0.009235 0.070728 0.261874 -0.149224 -0.284437 -0.240510 -0.003251 0.243142 -0.189594 -0.379814 -0.082777 -0.324908 -0.038693 0.188957 0.032442 -0.505353 -0.432948 -0.357556 -0.313164 0.150520 -0.075642 0.503771 0.239014 -0.405992 -0.078540 -0.161137 -0.142088 0.224396 0.501002 0.244381 0.294992 0.161958 0.249959 -0.109016 -0.131806 0.434803 0.229001 0.197933 0.244855 -0.047959 0.256540 0.005078 0.389501 -0.234565 -0.023764 -0.121147 -0.135994 -0.390828 -0.287841 -0.213807 -0.246571 -0.084276 -0.235661 -0.271160 -0.311426 -0.339460 -0.321647 -0.399747 -0.190090 -0.197280 -0.258045 -0.336757 -0.251100 -0.074914 -0.025703 -0.129741 -0.184486 -0.152532 -0.324065 -0.245374 -0.056835 -0.124881 -0.237890
0.040693 0.298194 -0.221110 -0.192221 0.048357 0.204769 -0.168069 -0.291359 -0.124615 -0.069888 -0.223200 -0.132166 -0.246355 -0.301639 -0.243804 -0.374174 0.129541 0.054711 0.220231 -0.084354 0.004557 -0.083492 -0.191114 -0.160550 0.093948 0.050722 0.094209 0.085745 -0.129858 -0.155762 -0.200957 -0.179518 1.000000 0.328225 0.048560 -0.093622 0.080610 0.002109 0.040630 -0.024715 -0.012868 -0.081554 -0.052412 0.165982 0.006114 -0.040832 0.202416 0.126078 -0.118219 0.055112 -0.230513 0.060671 -0.145943 -0.329813 0.096197 0.190587 0.084564 0.195872 0.167088 0.337727 0.182535 0.114224 0.169059 0.274693 -0.186165 -0.167940 0.351360 -0.059494 0.339112 -0.131232 -0.088036 -0.101085 0.050792 -0.018432 0.129518 -0.060752 0.162413 0.048266 -0.104475 -0.115328 0.148362 0.145270 -0.129690 -0.196390 0.030363 0.007155 -0.039033 -0.070390 -0.257753 -0.078573 -0.019217 -0.179053 -0.137191 -0.173424 0.074313 0.053157 0.214406 0.081704 0.174988 0.173555 0.069959 -0.133534 0.001536 0.108098 0.109840 -0.078234 -0.097590 -0.042489 0.128046 0.003279 0.151901 0.122163 -0.012094 0.099857 0.081388 0.021289
-0.061227 -0.057724 -0.131785 -0.174562 0.116198 0.004936 -0.020878 -0.084766 -0.020162 -0.046424 -0.082505 -0.004531 0.133300 0.154262 0.070825 -0.165004 0.135784 0.205533 -0.123364 -0.046265 0.202966 0.126476 0.064309 0.031835 0.082149 -0.046961 -0.099971 -0.178947 0.178720 0.349222 0.306398 0.275515 0.328225 1.000000 0.211516 0.087302 0.192971 0.099292 0.141958 0.052263 0.299190 0.227823 -0.123322 0.012056 0.034338 -0.021239 -0.040909 -0.120652 -0.157344 -0.018493 -0.153823 -0.083140 -0.254198 -0.126777 -0.141160 0.099016 0.197212 0.268626 -0.116015 -0.155866 0.170508 0.116505 0.106614 0.201751 0.223117 -0.074487 -0.135099 -0.127056 -0.140517 -0.019324 -0.005354 0.171162 0.427816 0.296257 0.197601 0.275702 0.302360 0.091815 0.082959 0.082044 0.054359 0.147901 -0.027857 -0.102869 0.001010 -0.116718 -0.077035 -0.062361 0.047594 -0.306782 -0.265484 -0.292070 -0.168520 -0.256006 0.062295 0.054100 0.182220 0.061531 0.085039 0.169694 -0.191237 -0.251482 -0.096408 -0.060152 -0.039722 -0.065845 -0.018165 0.273158 0.160182 0.029945 0.083729 0.177928 0.217105 0.216030 0.137881 -0.103353
-0.088507 0.171514 0.059861 0.209661 -0.078836 -0.214933 -0.003995 0.161528 -0.137207 0.018076 -0.317362 0.051410 -0.095311 -0.099447 -0.198099 0.083649 -0.107899 -0.011345 0.105374 -0.070354 0.185852 -0.015695 -0.029352 -0.023026 -0.086432 -0.068079 -0.110053 -0.083259 -0.088631 0.240298 0.145133 -0.007787 0.048560 0.211516 1.000000 0.606361 0.326657 0.313223 0.320141 0.197214 0.085622 0.342263 -0.081879 -0.142886 -0.209340 -0.131894 -0.000851 0.191083 -0.321703 -0.287542 -0.405728 -0.285468 -0.184169 -0.128673 -0.217069 -0.045493 0.025069 0.296034 -0.055211 -0.098871 -0.039286 0.150730 -0.276989 -0.246878 -0.057543 0.267095 -0.097201 0.016635 -0.185675 -0.219557 -0.048513 0.042524 0.126846 0.061595 0.056771 0.309635 0.380428 0.608050 -0.131473 -0.149562 0.002655 -0.039387 0.193895 0.201873 0.059987 -0.091819 0.173923 0.169234 -0.079408 -0.024924 0.202197 -0.122985 0.080231 -0.220197 0.176682 0.346644 0.346208 0.271472 -0.008582 0.228374 0.130808 -0.169024 -0.038974 0.012059 0.018445 0.072407 -0.282928 -0.077893 0.306338 0.304207 0.374607 0.279545 -0.049319 0.135448 0.329537 0.237946
-0.157175 0.153416 -0.032413 0.302084 -0.084402 -0.084545 -0.120245 0.284823 -0.031731 0.192470 -0.501793 -0.244829 -0.254791 -0.156384 -0.328701 0.089572 -0.346097 -0.350212 -0.016672 -0.303984 0.403153 0.219553 -0.104608 0.039174 -0.133806 0.061453 -0.170201 0.278950 -0.461253 -0.120140 0.064438 0.024210 -0.093622 0.087302 0.606361 1.000000 0.237375 0.425782 0.524737 0.411960 0.061812 0.422006 0.205475 0.077475 0.075806 0.190671 0.290229 0.560031 0.034816 -0.054002 -0.282449 -0.027428 0.070798 0.079489 -0.055114 -0.019705 0.030098 0.064191 0.002533 -0.105716 -0.244940 -0.016251 -0.368854 -0.512032 -0.059049 0.375898 -0.022797 0.066360 0.147845 -0.221284 -0.214890 0.000134 -0.269068 -0.149786 -0.092875 0.057637 0.030232 0.528587 -0.441565 -0.309448 -0.396176 -0.306607 0.143847 -0.053829 -0.397598 -0.408628 0.059191 0.029250 -0.163278 0.014301 0.476629 -0.024429 0.307706 -0.111428 0.326437 0.502704 0.452748 0.342957 0.016413 0.138472 0.266611 -0.132900 -0.028015 0.058272 -0.027499 -0.037119 -0.195452 -0.128136 0.354444 0.506953 0.640665 0.204960 -0.210096 0.015685 0.480232 0.259696
