1.000000 0.590551 -0.444295 -0.404727 -0.184255 -0.053852 -0.503943 -0.306091 -0.320403 -0.164201 0.026977 0.228469 0.111914 0.095554 -0.141021 0.170637 0.609275 0.544713 0.449871 0.172773 -0.173141 -0.128541 -0.408004 -0.514161 -0.322470 -0.306350 -0.339320 -0.203486 0.334440 0.275050 -0.271726 -0.396220 0.248777 -0.107887 -0.238441 -0.302847 0.313312 0.273208 0.155805 0.178462 0.100209 0.240918 0.036000 -0.008700 0.083518 0.002170 0.196579 -0.146962 0.132702 0.048570 0.092569 0.145885 0.317607 0.312183 0.302795 0.281297 0.735789 0.538568 0.161392 0.113907 0.104698 0.150630 0.471829 0.370959 -0.441483 -0.343434 -0.073392 -0.323372 0.145167 -0.172439 -0.157610 -0.389037 0.352568 0.167316 0.269038 0.207265 0.423926 0.236290 0.489560 0.249926 0.510169 0.502662 0.246830 0.466278 -0.121117 -0.046749 -0.052079 -0.090934 -0.212753 0.041677 0.173054 -0.384706 -0.256330 -0.497870 -0.036922 0.363640 0.099072 0.323889 0.434954 0.419743 0.158395 0.114603 0.275407 0.058594 0.061958 0.054496 0.098927 0.039684 0.017490 0.090942 -0.104955 0.224904 0.273695 0.008284 -0.116626 0.136700
0.590551 1.000000 -0.419810 -0.097782 0.068368 -0.194569 -0.466418 -0.267886 -0.041992 0.024492 0.237674 0.451054 0.167506 0.162331 -0.039578 0.120289 0.499937 0.510708 0.296074 0.177752 -0.372711 -0.387426 -0.372991 -0.279621 -0.288290 -0.343802 -0.051248 -0.159259 0.231644 0.231588 -0.294815 -0.399983 0.001540 0.033067 -0.268407 -0.115583 0.081358 0.306969 0.103368 0.079096 -0.070286 0.224463 0.224170 0.011812 0.131403 0.033771 0.227458 0.009146 0.153999 0.288728 -0.020787 0.202745 0.194739 0.457427 0.109214 0.309495 0.360062 0.490148 -0.022665 -0.033915 -0.092374 0.278202 0.137253 0.339548 -0.278158 -0.167854 -0.400444 -0.530672 0.154435 -0.104645 -0.091965 -0.472404 0.317472 0.208161 0.241549 0.265491 0.318697 0.181995 0.408877 0.311179 0.302364 0.299136 -0.019065 0.350092 -0.159955 -0.194084 -0.249180 -0.123437 0.073952 0.144756 0.280934 -0.244279 -0.080427 -0.391807 -0.190396 0.146560 0.014463 0.175565 0.326821 0.429392 0.102291 -0.149970 0.182019 -0.085528 -0.213060 -0.120818 -0.145192 0.297661 -0.356306 0.016085 -0.134062 0.065866 0.265290 -0.275262 -0.217937 0.020629
-0.444295 -0.419810 1.000000 0.273155 0.258918 0.299406 0.580216 0.104556 0.314199 -0.093345 0.090036 -0.437777 0.028660 -0.260757 0.223471 -0.293398 -0.352335 -0.434320 -0.111598 -0.435706 0.414677 0.381296 0.575534 0.265268 0.434213 0.523511 0.435176 0.541655 -0.542779 -0.573263 0.361308 0.332230 -0.137882 -0.020959 0.317229 0.277748 -0.524539 -0.393144 -0.024295 0.010848 -0.421271 -0.469122 -0.153878 -0.016167 -0.266767 -0.232783 -0.472817 -0.084278 -0.150125 -0.348982 0.002130 -0.208006 -0.249757 -0.315634 -0.074267 -0.074114 -0.309449 -0.240654 0.081079 -0.203247 0.337450 -0.241771 -0.202424 -0.266707 0.470816 0.292423 0.243353 0.201532 -0.308764 -0.140453 0.092691 0.320877 -0.543598 -0.508037 -0.427571 -0.461124 -0.395007 -0.266936 -0.331923 -0.256995 -0.525463 -0.477838 -0.141271 -0.522299 0.112175 0.161098 0.009309 0.099433 0.341587 -0.100461 -0.431805 -0.093201 -0.142702 0.262136 0.036240 0.127628 -0.040463 -0.050761 -0.424446 -0.346061 -0.497319 0.004996 -0.273099 -0.101011 -0.016014 0.068955 0.059854 -0.011633 0.060645 -0.130515 0.112367 -0.395754 -0.430513 -0.159186 0.195574 -0.005419
-0.404727 -0.097782 0.273155 1.000000 0.107603 0.249149 0.212282 0.500580 0.273781 0.519650 -0.037162 -0.177205 -0.172002 0.007714 0.145236 0.021105 -0.178004 -0.212038 -0.197898 -0.156188 0.115418 0.054906 0.144885 0.594021 0.110088 0.119500 0.251163 0.153736 -0.113167 -0.065632 0.275503 0.487083 -0.217620 0.361975 -0.075639 0.191122 -0.391316 -0.209718 -0.170952 0.071023 -0.205399 -0.060786 -0.133277 -0.191780 -0.490316 -0.316743 -0.253127 -0.088146 -0.391492 -0.337142 -0.332556 -0.385361 -0.386220 -0.301837 -0.448769 -0.394148 -0.252748 -0.186939 -0.412141 -0.250316 -0.042318 0.187324 -0.250673 -0.193754 0.355149 0.318200 -0.355041 -0.275076 -0.200855 -0.267282 -0.068362 0.179623 -0.193558 -0.089642 -0.177091 -0.037296 -0.304641 -0.172344 -0.067223 -0.146239 -0.209579 -0.202464 -0.079330 -0.016338 0.088308 0.084877 -0.224084 0.059254 0.316956 -0.110196 -0.078498 -0.097521 0.365469 0.001052 -0.278539 -0.189932 -0.172526 -0.260823 -0.376322 -0.336033 -0.147148 -0.438430 -0.259265 -0.291719 -0.324900 -0.240562 -0.125262 0.047783 -0.239779 -0.087797 -0.049302 -0.133291 -0.148437 -0.287496 -0.157332 0.098365
-0.184255 0.068368 0.258918 0.107603 1.000000 0.260827 0.232372 0.070794 0.387449 0.334290 0.395182 0.224210 0.102676 0.105292 0.244196 0.015459 -0.091132 -0.242126 -0.314305 -0.365243 0.165850 -0.064482 -0.022212 -0.014993 -0.074280 -0.053050 0.251523 0.071602 -0.358513 -0.299493 -0.195214 -0.160986 -0.361501 -0.111018 -0.026210 0.130611 -0.519315 -0.073078 0.095945 0.042442 -0.374301 -0.217489 -0.035351 -0.174627 0.202772 0.099031 -0.183482 -0.294048 0.328636 0.108450 0.193800 0.263977 0.150965 0.064804 0.000995 0.145899 -0.265851 -0.248581 0.167376 0.155657 0.017063 0.215421 -0.231329 -0.021177 0.131698 0.215481 0.177066 0.085345 -0.268728 0.022813 0.014320 -0.264526 -0.264583 -0.259607 -0.208753 -0.352966 -0.116439 -0.083394 -0.062235 -0.214194 -0.313044 -0.231754 -0.317980 -0.230190 -0.045325 -0.128038 -0.226933 -0.259546 0.226511 0.049196 -0.047986 -0.180844 0.077488 0.187443 -0.143950 0.060356 -0.040427 0.008693 -0.064934 -0.036064 -0.204496 0.005357 -0.165562 -0.018741 -0.058624 -0.272736 -0.283802 0.268490 -0.335526 -0.103036 -0.205458 -0.322224 0.017510 -0.391690 -0.155982 -0.066447
-0.053852 -0.194569 0.299406 0.249149 0.260827 1.000000 0.053451 -0.035034 -0.184586 0.141594 -0.299702 -0.292686 -0.452435 -0.268671 -0.166164 -0.105094 -0.199151 -0.422920 -0.377768 -0.606480 0.402495 0.413720 0.308091 0.179759 0.295255 0.277782 0.192564 0.441732 -0.578200 -0.541385 0.067106 0.119201 -0.290686 -0.290275 0.177316 0.090241 -0.209770 -0.040734 0.407815 0.365977 -0.282856 -0.136626 0.120480 0.130864 0.104852 0.035801 0.018257 -0.082005 0.305247 0.149285 0.412097 0.201716 0.002129 0.056244 0.174187 0.300649 -0.052436 -0.273417 0.016276 -0.047000 -0.128266 -0.187452 -0.253050 -0.230105 0.015111 0.084294 0.322608 0.085055 -0.227921 -0.204310 0.174286 0.007526 -0.571842 -0.393243 -0.343899 -0.389959 -0.317157 -0.238220 -0.050129 -0.389949 -0.233534 -0.206544 -0.148589 -0.212171 0.026950 0.160208 -0.070483 0.206062 0.168457 -0.019364 0.175928 -0.256080 0.209844 0.066876 -0.070487 0.151686 0.270460 0.260978 0.031796 0.060187 -0.020731 0.070262 -0.036201 -0.029006 0.109936 0.011303 0.110304 -0.071057 0.115823 -0.195643 0.143394 -0.055880 0.153881 -0.161229 -0.064827 0.063529
-0.503943 -0.466418 0.580216 0.212282 0.232372 0.053451 1.000000 0.327606 0.321374 0.123120 0.144638 -0.317350 -0.013966 -0.094201 0.220807 -0.216908 -0.513773 -0.457621 -0.027900 -0.183355 0.300063 0.148225 0.460158 0.417777 0.439909 0.212196 0.279638 0.209247 -0.079971 -0.205869 0.575455 0.589823 -0.262570 0.175626 0.272854 0.084967 -0.482938 -0.479462 -0.415441 -0.410938 -0.279961 -0.384576 -0.311890 -0.217994 -0.212695 -0.204161 -0.534921 -0.306245 -0.337272 -0.345934 -0.152460 -0.319697 -0.405614 -0.412897 -0.547142 -0.467380 -0.594530 -0.513987 -0.077230 -0.186509 0.112621 -0.149524 -0.189633 -0.235302 0.607489 0.195807 0.045602 0.107940 -0.520304 -0.363711 0.228958 0.477209 -0.270901 -0.233573 -0.194698 -0.109956 -0.267439 -0.081494 -0.328390 -0.309334 -0.491442 -0.420132 0.148524 -0.334797 0.526425 0.279634 0.282741 0.234242 0.191140 -0.281255 -0.265637 0.069183 0.108886 0.468178 -0.155000 0.030250 -0.422010 -0.365742 -0.591702 -0.627626 -0.336921 -0.129055 -0.450624 -0.219878 -0.290256 -0.223739 -0.201728 -0.112119 -0.009304 -0.130647 -0.193723 -0.354239 -0.414117 -0.083081 -0.047627 0.025695
-0.306091 -0.267886 0.104556 0.500580 0.070794 -0.035034 0.327606 1.000000 0.557079 0.473402 0.129268 0.184483 0.107263 -0.015498 0.229114 0.378309 0.018302 0.034904 -0.061162 0.029899 -0.044418 -0.201249 -0.295842 0.053018 -0.195719 -0.253993 -0.292039 -0.434518 0.268111 0.311614 0.067693 0.246125 0.092836 0.400793 -0.360293 -0.218272 -0.159324 -0.249902 -0.301923 -0.213859 0.094028 -0.043139 -0.211801 -0.200197 -0.199004 -0.211723 -0.114817 -0.197735 -0.165018 -0.312135 -0.396626 -0.202233 -0.223146 -0.370319 -0.410665 -0.433279 -0.202575 -0.154865 -0.156443 0.155124 0.133791 0.442669 0.246616 0.270290 -0.063115 -0.055218 -0.159322 -0.111641 -0.167381 -0.091134 -0.136571 0.084930 0.272880 0.058345 0.021777 0.032801 -0.120716 -0.105635 0.034576 -0.075545 0.027126 -0.037766 -0.075460 0.111242 -0.214726 -0.143391 -0.163577 -0.335533 -0.275838 -0.003945 -0.134076 -0.180788 0.078601 -0.053037 -0.174086 -0.219449 -0.109698 -0.368620 -0.197989 -0.471836 0.163689 -0.128540 -0.268748 -0.053287 -0.307069 -0.369853 -0.328393 0.056485 -0.108194 -0.112604 -0.369484 -0.097745 -0.125056 -0.117303 -0.375522 0.100114
-0.320403 -0.041992 0.314199 0.273781 0.387449 -0.184586 0.321374 0.557079 1.000000 0.444158 0.456985 0.187680 0.423980 0.105710 0.527298 0.187302 0.115181 0.002878 0.006634 -0.060942 -0.088604 -0.376572 -0.299076 -0.049908 -0.305104 -0.310892 -0.049487 -0.280278 0.107348 0.059364 -0.050433 -0.070836 -0.043560 0.241783 -0.308127 -0.097249 -0.304810 -0.197363 -0.189643 -0.127926 -0.062144 -0.193607 -0.175145 -0.265920 -0.104086 -0.136795 -0.310149 -0.295566 -0.138695 -0.230130 -0.441580 -0.228802 -0.005204 -0.270586 -0.275747 -0.314871 -0.178562 0.039830 0.157246 0.125368 0.447143 0.425764 0.166100 0.271353 0.126443 0.137671 -0.094203 -0.082562 -0.134736 0.077118 -0.105277 0.028740 0.179916 -0.062161 0.001016 -0.061690 -0.052417 -0.137094 -0.100103 -0.109722 -0.129741 -0.172725 -0.278339 -0.082164 -0.263458 -0.208694 -0.162812 -0.443271 0.017842 0.055785 -0.233121 -0.062505 -0.027006 0.111076 -0.267721 -0.128854 -0.270016 -0.321913 -0.238027 -0.306973 -0.128228 -0.093014 -0.216855 0.020257 -0.294902 -0.387657 -0.317317 0.248707 -0.326659 -0.137505 -0.454224 -0.375553 -0.260584 -0.306175 -0.353778 -0.015867
-0.164201 0.024492 -0.093345 0.519650 0.334290 0.141594 0.123120 0.473402 0.444158 1.000000 0.184266 0.208320 0.088892 0.369650 0.239211 0.281092 0.007449 -0.022178 -0.194160 -0.181348 -0.064236 -0.347588 -0.280625 0.261110 -0.227300 -0.428776 -0.014625 -0.275944 0.171879 0.246100 -0.020018 0.145165 -0.248005 0.277671 -0.248771 -0.044123 -0.205783 -0.000095 -0.261167 -0.197606 0.105663 0.051880 -0.125688 -0.340092 -0.147218 -0.131708 -0.217373 -0.347838 -0.081467 -0.056610 -0.245863 -0.117406 -0.030721 -0.135246 -0.492680 -0.344697 -0.180118 -0.205672 -0.154175 0.073019 0.024561 0.547765 -0.043844 0.068117 0.203173 0.339147 -0.312938 -0.305687 -0.329475 -0.329212 0.038508 0.074208 0.065054 0.107379 0.089416 0.204481 0.041080 0.091027 0.129701 -0.116042 -0.021579 -0.032463 -0.188484 0.063032 0.022436 -0.171984 -0.228655 -0.214275 0.124977 -0.133764 0.164237 -0.152699 0.493797 0.109662 -0.262822 -0.240611 -0.322040 -0.380030 -0.208601 -0.259431 0.149585 -0.369086 -0.209066 -0.205309 -0.436686 -0.509494 -0.337070 0.149970 -0.348840 -0.147819 -0.386109 -0.146862 0.016672 -0.276190 -0.426032 0.179010
0.026977 0.237674 0.090036 -0.037162 0.395182 -0.299702 0.144638 0.129268 0.456985 0.184266 1.000000 0.538585 0.712851 0.474394 0.644955 0.181068 0.239005 0.157418 0.207258 -0.010207 -0.403968 -0.485629 -0.189498 -0.057272 -0.349701 -0.328201 0.105218 -0.165613 0.125150 0.066842 -0.162472 -0.174584 -0.206265 0.088405 -0.347302 -0.046120 -0.341087 -0.129236 -0.136994 -0.073848 -0.264675 -0.226586 -0.252827 -0.360284 -0.169269 -0.246251 -0.328617 -0.207201 -0.026278 -0.122340 -0.271700 -0.019329 0.224483 -0.016721 0.029770 -0.102998 -0.151256 -0.003818 0.219747 0.044728 0.417416 0.367158 -0.014171 0.264103 0.058579 0.147636 -0.262669 -0.254980 -0.160633 0.058452 -0.260280 -0.290867 0.038585 -0.087938 -0.015122 0.009377 0.128617 0.061931 -0.113749 -0.041248 -0.114064 -0.195675 0.040140 -0.025354 0.006222 -0.104785 -0.084378 -0.134683 0.270537 0.357056 -0.095022 0.035720 -0.005175 0.052806 -0.248737 -0.079519 -0.315592 -0.238746 -0.292643 -0.197381 -0.136786 -0.085209 -0.235294 -0.208023 -0.347017 -0.197874 -0.388840 0.417666 -0.341308 0.112840 -0.380486 -0.475871 -0.147202 -0.316028 -0.200109 -0.245334
0.228469 0.451054 -0.437777 -0.177205 0.224210 -0.292686 -0.317350 0.184483 0.187680 0.208320 0.538585 1.000000 0.371678 0.458964 0.240021 0.595604 0.348827 0.406307 -0.007247 0.037338 -0.394933 -0.544897 -0.537093 -0.348396 -0.501568 -0.475989 -0.171171 -0.435127 0.286284 0.416282 -0.439718 -0.434708 -0.051596 -0.074241 -0.451171 -0.169363 0.036373 0.162418 0.015664 -0.030472 0.137680 0.162219 0.090145 -0.098796 0.180988 0.065117 0.216250 -0.005452 0.430884 0.303816 0.030914 0.454115 0.442544 0.446209 0.137212 0.200538 -0.029610 -0.022853 0.124993 0.332739 0.014711 0.642793 0.177222 0.545087 -0.454347 -0.181463 -0.223596 -0.226656 -0.019976 0.088080 -0.198174 -0.407205 0.386826 0.155320 0.128856 0.172730 0.206227 0.148297 0.236026 0.067300 0.205981 0.115418 -0.202980 0.195684 -0.376526 -0.379417 -0.342713 -0.454937 -0.205535 0.359471 0.237658 -0.146117 -0.046093 -0.310135 -0.126048 -0.131886 -0.056219 -0.081409 0.151694 0.096609 0.305737 -0.137907 -0.035422 -0.103558 -0.195739 -0.303907 -0.362188 0.392377 -0.416569 0.062836 -0.402922 -0.217380 0.139879 -0.288697 -0.309425 -0.067358
0.111914 0.167506 0.028660 -0.172002 0.102676 -0.452435 -0.013966 0.107263 0.423980 0.088892 0.712851 0.371678 1.000000 0.466076 0.516525 0.099265 0.258489 0.306980 0.407034 0.222638 -0.383850 -0.422187 -0.346437 -0.324907 -0.458473 -0.335355 -0.171028 -0.396259 0.321703 0.289752 -0.303738 -0.343883 0.137584 0.176852 -0.403396 -0.154035 -0.107929 -0.105778 -0.266312 -0.103580 0.050602 -0.184184 -0.129695 -0.160496 -0.108217 -0.208194 -0.065443 0.071197 -0.104208 -0.148346 -0.343358 -0.108444 0.144129 -0.077393 0.007840 -0.104727 0.032215 0.225164 0.280979 0.118489 0.399086 0.278742 0.147342 0.223891 -0.032507 0.054997 -0.196223 -0.205202 0.129238 0.102899 -0.326708 -0.204107 0.277442 0.048594 0.099324 0.081846 0.220978 0.167061 0.021128 0.257366 0.126673 0.081499 0.044233 0.041232 -0.250510 -0.344228 -0.126308 -0.306934 -0.076291 0.029491 -0.155067 0.100280 -0.214298 -0.014524 0.090786 0.019189 -0.105788 -0.119612 -0.068601 -0.042087 -0.099358 -0.091647 -0.064598 -0.047620 -0.231709 -0.158541 -0.277709 0.230798 -0.013074 0.165454 -0.134301 -0.162452 -0.226155 -0.007858 -0.073037 -0.052992
0.095554 0.162331 -0.260757 0.007714 0.105292 -0.268671 -0.094201 -0.015498 0.105710 0.369650 0.474394 0.458964 0.466076 1.000000 0.373816 0.100548 -0.009440 0.088176 0.003878 -0.009966 -0.291803 -0.360456 -0.285502 0.031980 -0.297899 -0.203804 0.022961 -0.204477 0.282771 0.311856 -0.180558 -0.146479 -0.090450 0.016734 -0.292689 -0.077065 -0.092133 0.113978 -0.267882 -0.058321 0.091506 -0.005621 -0.086386 -0.131524 -0.246598 -0.095039 -0.100805 0.053501 -0.125645 -0.033612 -0.194224 -0.037282 0.117355 0.045214 -0.125924 -0.175826 -0.056951 -0.137026 -0.035658 -0.100488 0.143074 0.308702 -0.295183 -0.127057 0.110066 0.409205 -0.372698 -0.237813 -0.037929 -0.109691 -0.078088 -0.025019 0.067558 0.219038 0.138580 0.363464 0.256123 0.329409 0.009446 0.002528 -0.010264 -0.011390 -0.016064 -0.016397 0.033751 0.078960 -0.182175 -0.055225 0.085584 0.040315 0.111582 0.123541 0.375175 0.070777 -0.039580 -0.148016 -0.255386 -0.192929 -0.194556 -0.092986 0.142158 -0.307144 -0.159042 -0.266681 -0.273070 -0.307096 -0.155658 0.090392 -0.043992 0.080673 -0.242616 -0.105477 -0.010008 -0.014477 -0.087722 0.050737
-0.141021 -0.039578 0.223471 0.145236 0.244196 -0.166164 0.220807 0.229114 0.527298 0.239211 0.644955 0.240021 0.516525 0.373816 1.000000 0.394108 -0.007780 -0.052572 0.080726 -0.130681 -0.166108 -0.241701 0.038013 0.178016 -0.259167 -0.155289 0.281411 0.057532 0.009563 0.018976 0.015051 0.024852 -0.099918 0.172981 -0.435535 -0.185767 -0.183736 -0.054180 -0.022749 -0.028820 -0.095205 -0.191243 -0.200370 -0.271325 -0.529166 -0.582837 -0.312213 -0.151886 -0.136575 -0.283165 -0.297069 -0.139331 0.022038 -0.047331 -0.058769 -0.157079 -0.150469 0.023754 -0.034150 -0.086272 0.421804 0.321268 0.062038 0.120572 0.200972 0.070335 -0.363225 -0.447108 -0.164828 -0.148820 -0.146298 -0.018344 0.037093 -0.023429 -0.031637 -0.046674 0.048222 -0.129680 -0.147724 -0.111391 -0.202419 -0.187630 0.224455 -0.105661 -0.020271 -0.115879 0.026092 -0.215842 0.291117 0.170421 -0.054596 0.028841 0.095286 0.134069 -0.266941 -0.212684 -0.252282 -0.189245 -0.208874 -0.195723 -0.119332 -0.151551 -0.317568 -0.240531 -0.396151 -0.242220 -0.199979 0.001159 -0.111730 -0.150728 -0.494909 -0.258918 -0.071493 -0.047446 -0.258409 0.110250
0.170637 0.120289 -0.293398 0.021105 0.015459 -0.105094 -0.216908 0.378309 0.187302 0.281092 0.181068 0.595604 0.099265 0.100548 0.394108 1.000000 0.329091 0.354514 -0.034192 0.044091 -0.137931 -0.388648 -0.411631 -0.139799 -0.470039 -0.495583 -0.217898 -0.367005 0.304903 0.486101 -0.256347 -0.179823 0.058451 0.100863 -0.551744 -0.418566 0.243888 0.163287 0.172566 0.002485 0.380777 0.295469 0.029541 -0.216994 -0.095690 -0.228879 0.137976 -0.147812 0.292809 0.074908 -0.040755 0.243536 0.228613 0.254278 -0.037421 0.002345 0.033637 0.099528 -0.157789 0.291141 -0.042673 0.601295 0.547514 0.634811 -0.461164 -0.490323 -0.287186 -0.370544 -0.129009 -0.108995 -0.065343 -0.138577 0.466443 0.104990 0.042188 0.113512 0.029666 0.063238 0.315419 0.020823 0.338749 0.307864 0.111031 0.407175 -0.385387 -0.457461 -0.239386 -0.495088 -0.292898 0.103487 0.202950 -0.182866 -0.022745 -0.271713 -0.257212 -0.204689 -0.067196 -0.124777 0.176293 0.029691 0.349646 -0.091046 -0.019338 -0.010379 -0.219201 -0.273944 -0.176493 0.100942 -0.268297 -0.135398 -0.473058 0.076518 0.256521 -0.108222 -0.452098 0.047975
0.609275 0.499937 -0.352335 -0.178004 -0.091132 -0.199151 -0.513773 0.018302 0.115181 0.007449 0.239005 0.348827 0.258489 -0.009440 -0.007780 0.329091 1.000000 0.747925 0.272117 0.188877 -0.315594 -0.374910 -0.511867 -0.449231 -0.408514 -0.483111 -0.364529 -0.409916 0.474424 0.423930 -0.320060 -0.386261 0.124934 0.019922 -0.487673 -0.368127 0.333391 0.251670 0.182729 0.207801 0.258566 0.403783 0.064603 -0.016453 0.077423 -0.068674 0.183135 -0.103743 0.078670 0.068762 -0.121719 0.010591 0.213483 0.116352 0.242624 0.177008 0.622527 0.634613 0.064585 0.056061 0.089901 0.225463 0.579600 0.553387 -0.561511 -0.419346 -0.214558 -0.330275 0.200816 0.135241 -0.205843 -0.435313 0.586213 0.252779 0.317054 0.162380 0.454700 0.207229 0.573204 0.409978 0.678939 0.542023 0.005442 0.595020 -0.346802 -0.268212 -0.210794 -0.282961 -0.182925 0.184595 -0.037075 -0.289824 -0.253736 -0.428669 -0.013047 0.086990 0.086821 0.180686 0.309588 0.298013 0.065920 0.070940 0.234237 0.237536 -0.006395 0.105037 -0.175706 0.399867 -0.187955 0.266280 -0.056831 0.116492 0.165182 -0.235458 -0.282202 -0.247113
0.544713 0.510708 -0.434320 -0.212038 -0.242126 -0.422920 -0.457621 0.034904 0.002878 -0.022178 0.157418 0.406307 0.306980 0.088176 -0.052572 0.354514 0.747925 1.000000 0.322893 0.333939 -0.323660 -0.290186 -0.491517 -0.435113 -0.425350 -0.436178 -0.418520 -0.475116 0.635199 0.663758 -0.260761 -0.278045 0.264934 0.160538 -0.417675 -0.363475 0.375498 0.283545 0.052292 0.016737 0.359228 0.366788 0.154135 0.054991 0.031436 -0.058542 0.295893 0.097083 -0.002440 -0.013075 -0.233643 -0.063949 0.030294 0.089866 0.071431 0.034741 0.522663 0.621863 -0.104963 0.009220 -0.011202 0.283566 0.588138 0.591936 -0.431202 -0.393392 -0.407348 -0.371684 0.187304 -0.038196 -0.156311 -0.272300 0.651612 0.331754 0.293019 0.350211 0.389146 0.343632 0.533928 0.656498 0.619940 0.656748 0.057082 0.652799 -0.275681 -0.369216 -0.144715 -0.260679 -0.301677 -0.009450 0.025383 -0.250449 -0.301551 -0.391946 0.191389 -0.023696 0.081041 0.044426 0.329746 0.231932 0.041465 -0.112989 0.093332 0.057372 -0.086527 0.028032 -0.136231 0.217400 -0.095864 0.210287 -0.014010 0.300932 0.111647 -0.114130 -0.161588 -0.169016
0.449871 0.296074 -0.111598 -0.197898 -0.314305 -0.377768 -0.027900 -0.061162 0.006634 -0.194160 0.207258 -0.007247 0.407034 0.003878 0.080726 -0.034192 0.272117 0.322893 1.000000 0.632961 -0.309327 -0.263017 -0.281048 -0.326402 -0.305132 -0.253354 -0.285781 -0.249256 0.445219 0.281317 -0.053877 -0.181187 0.518575 0.388295 -0.161899 -0.186690 0.150249 0.010429 -0.197572 -0.028284 -0.073520 -0.016400 -0.179238 -0.157139 -0.111517 -0.181515 -0.051579 -0.085561 -0.303358 -0.374209 -0.393086 -0.322346 0.015417 -0.164380 -0.034482 -0.127844 0.304083 0.470332 0.041461 0.079634 0.140573 0.097899 0.375929 0.163146 -0.111972 -0.214602 -0.082074 -0.249136 0.326486 -0.041719 -0.202111 -0.119515 0.364572 0.139335 0.324736 0.211751 0.333219 0.195469 0.148283 0.268836 0.229592 0.153563 0.417231 0.255285 -0.035530 -0.118666 0.081591 -0.058518 -0.119841 -0.006412 -0.037033 -0.020513 -0.288533 -0.193291 -0.083865 0.288226 -0.107914 0.088150 0.107780 0.114121 -0.009882 0.099648 0.242404 0.100192 -0.155997 0.049148 -0.041032 -0.008676 0.079192 0.076803 0.009417 0.101086 -0.120793 0.174651 0.062171 0.154559
0.172773 0.177752 -0.435706 -0.156188 -0.365243 -0.606480 -0.183355 0.029899 -0.060942 -0.181348 -0.010207 0.037338 0.222638 -0.009966 -0.130681 0.044091 0.188877 0.333939 0.632961 1.000000 -0.333819 -0.346987 -0.435432 -0.213156 -0.375161 -0.353836 -0.388860 -0.470824 0.593391 0.471349 -0.211756 -0.230391 0.502823 0.384393 -0.183076 -0.203237 0.338043 0.047764 -0.273895 -0.200100 0.251968 0.251602 -0.075503 -0.039366 0.048188 0.088642 0.160824 0.110927 -0.322729 -0.147746 -0.445668 -0.304150 -0.117045 -0.179769 -0.201778 -0.260222 0.123365 0.359682 -0.149284 0.082764 -0.154031 -0.010163 0.288949 0.085277 -0.221040 -0.281178 -0.124440 -0.023018 0.506119 0.327433 -0.127732 -0.054872 0.576024 0.375355 0.411956 0.352313 0.229499 0.228102 0.128657 0.390741 0.410860 0.374699 0.339467 0.420617 -0.128469 -0.221010 -0.023479 -0.131918 -0.309418 -0.161793 -0.072756 0.265789 -0.134222 -0.112813 0.009148 0.041763 -0.038992 -0.057104 0.168189 0.133308 0.210813 0.132332 0.297946 0.172649 -0.017144 0.058141 0.070775 -0.019094 0.097330 0.183565 0.131004 0.341192 0.030379 0.270443 0.082921 0.015596
-0.173141 -0.372711 0.414677 0.115418 0.165850 0.402495 0.300063 -0.044418 -0.088604 -0.064236 -0.403968 -0.394933 -0.383850 -0.291803 -0.166108 -0.137931 -0.315594 -0.323660 -0.309327 -0.333819 1.000000 0.607934 0.455771 0.163917 0.419989 0.610487 0.295487 0.431456 -0.337649 -0.316573 0.173005 0.245764 -0.201193 -0.228166 0.307034 0.185612 -0.034458 0.110365 0.337822 0.157665 0.050884 0.031506 0.078027 0.154030 -0.044756 -0.102033 -0.121638 -0.050624 0.113230 -0.133158 0.406062 0.084423 -0.152155 0.010930 0.062763 0.134745 -0.237474 -0.376201 -0.037762 -0.105209 -0.146961 -0.318538 -0.154470 -0.301404 0.184749 0.009801 0.227434 0.121175 -0.397281 -0.333038 0.436296 0.467798 -0.279359 -0.058323 -0.162953 -0.085769 -0.161148 0.074555 0.026002 -0.152364 -0.191567 -0.111153 -0.016013 -0.250399 0.103208 0.058266 0.002187 0.046595 -0.003841 -0.285596 -0.163435 -0.189522 -0.083424 0.172358 0.301999 0.044732 0.210291 0.279645 0.021371 -0.036631 -0.248210 0.036453 -0.188268 0.068700 0.166567 -0.022936 -0.112004 -0.159097 0.076473 -0.039525 0.245960 0.046353 -0.095226 -0.007125 0.235264 0.214693
-0.128541 -0.387426 0.381296 0.054906 -0.064482 0.413720 0.148225 -0.201249 -0.376572 -0.347588 -0.485629 -0.544897 -0.422187 -0.360456 -0.241701 -0.388648 -0.374910 -0.290186 -0.263017 -0.346987 0.607934 1.000000 0.605716 0.189411 0.523741 0.700777 0.239924 0.495389 -0.464157 -0.459134 0.361025 0.382877 -0.020564 -0.183838 0.414607 0.169989 -0.028733 -0.106643 0.233693 0.291779 -0.166452 -0.202212 0.069532 0.249479 -0.118278 -0.070461 0.005777 0.151382 -0.081411 -0.212727 0.278018 -0.046515 -0.246160 -0.094916 0.183444 0.135592 0.036475 -0.146060 -0.097028 -0.206983 -0.019806 -0.408609 -0.192292 -0.360989 0.257188 0.126832 0.275999 0.233828 -0.076788 -0.150912 0.212415 0.361776 -0.466964 -0.197403 -0.280833 -0.253516 -0.287541 -0.177404 -0.235668 -0.146912 -0.324325 -0.188971 -0.019648 -0.359408 0.168871 0.225648 0.185881 0.220679 0.086902 -0.139030 -0.101573 -0.088994 -0.041929 0.181411 0.383452 0.133639 0.246153 0.289756 0.003921 0.012112 -0.183030 0.159062 -0.030241 0.043678 0.428159 0.443744 0.339818 -0.450756 0.404658 0.051839 0.342434 0.177521 -0.119832 0.307457 0.492101 0.175503
-0.408004 -0.372991 0.575534 0.144885 -0.022212 0.308091 0.460158 -0.295842 -0.299076 -0.280625 -0.189498 -0.537093 -0.346437 -0.285502 0.038013 -0.411631 -0.511867 -0.491517 -0.281048 -0.435432 0.455771 0.605716 1.000000 0.587301 0.796918 0.712948 0.688758 0.788307 -0.554374 -0.570136 0.609332 0.606807 -0.375132 -0.130207 0.541019 0.356965 -0.227701 -0.188217 0.114297 0.023772 -0.335108 -0.259177 0.060969 0.175393 -0.280166 -0.239761 -0.229507 0.152254 -0.149398 -0.084186 0.290634 -0.085644 -0.378580 -0.050264 -0.014039 0.084294 -0.326023 -0.390241 -0.244275 -0.500994 -0.091887 -0.563768 -0.449249 -0.526830 0.594571 0.228831 0.000612 0.056178 -0.304586 -0.263554 0.267437 0.372738 -0.624175 -0.317248 -0.326382 -0.270953 -0.248199 -0.186806 -0.369337 -0.230083 -0.557959 -0.482521 0.137283 -0.471030 0.548989 0.358454 0.374419 0.546117 0.515813 -0.083657 -0.167901 0.125788 0.079549 0.340231 0.163423 -0.030998 -0.017618 0.083863 -0.318840 -0.176045 -0.468987 -0.075638 -0.333303 -0.248745 0.043734 0.327727 0.097904 -0.229569 0.184946 -0.000145 0.293417 -0.102258 -0.177914 0.074072 0.380456 -0.014167
-0.514161 -0.279621 0.265268 0.594021 -0.014993 0.179759 0.417777 0.053018 -0.049908 0.261110 -0.057272 -0.348396 -0.324907 0.031980 0.178016 -0.139799 -0.449231 -0.435113 -0.326402 -0.213156 0.163917 0.189411 0.587301 1.000000 0.500207 0.326863 0.621438 0.524396 -0.241673 -0.276543 0.545802 0.709377 -0.472869 0.077163 0.218186 0.256204 -0.310224 -0.211084 -0.152672 -0.112525 -0.244586 -0.145009 -0.174138 -0.212172 -0.492136 -0.351747 -0.401983 -0.080383 -0.405046 -0.153315 -0.125271 -0.362499 -0.439115 -0.267902 -0.421063 -0.371293 -0.464460 -0.465528 -0.435918 -0.460756 -0.145255 -0.195022 -0.436248 -0.378164 0.613964 0.361996 -0.345915 -0.179386 -0.369906 -0.345208 0.133851 0.404188 -0.387411 -0.096382 -0.241293 -0.000352 -0.318524 -0.157228 -0.355626 -0.307814 -0.429733 -0.410817 0.139442 -0.206891 0.541833 0.378284 0.149038 0.520090 0.578354 -0.086700 -0.030843 0.207681 0.528853 0.377812 -0.247599 -0.355884 -0.357667 -0.355718 -0.551285 -0.340381 -0.261647 -0.357715 -0.397021 -0.345312 -0.288680 -0.035998 -0.050473 0.006513 -0.173617 -0.164481 -0.010944 -0.150350 -0.111444 -0.132447 0.070656 -0.056660
-0.322470 -0.288290 0.434213 0.110088 -0.074280 0.295255 0.439909 -0.195719 -0.305104 -0.227300 -0.349701 -0.501568 -0.458473 -0.297899 -0.259167 -0.470039 -0.408514 -0.425350 -0.305132 -0.375161 0.419989 0.523741 0.796918 0.500207 1.000000 0.641660 0.566759 0.634896 -0.357700 -0.483322 0.733493 0.636973 -0.318820 -0.097230 0.648069 0.325609 -0.189966 -0.274963 -0.044450 -0.072929 -0.253699 -0.216769 0.026613 0.122280 -0.084545 -0.058024 -0.229553 0.048464 -0.193252 -0.021312 0.335760 -0.058936 -0.369618 -0.014842 -0.146083 0.035511 -0.241928 -0.394397 -0.235072 -0.498282 -0.202576 -0.566529 -0.408960 -0.475907 0.513470 0.206891 0.055990 0.174804 -0.282472 -0.274871 0.204387 0.350284 -0.504040 -0.249459 -0.304038 -0.249787 -0.187536 -0.057488 -0.229579 -0.160176 -0.439569 -0.397661 0.004426 -0.367932 0.543338 0.442622 0.250890 0.519958 0.352282 -0.142854 -0.206829 0.001240 0.094995 0.244890 0.136611 0.064068 -0.158883 0.014776 -0.382945 -0.179792 -0.364817 -0.104037 -0.260361 -0.161719 0.085101 0.273260 0.074305 -0.051392 0.171740 -0.014246 0.321683 -0.169370 -0.156769 -0.059905 0.325677 -0.004576
-0.306350 -0.343802 0.523511 0.119500 -0.053050 0.277782 0.212196 -0.253993 -0.310892 -0.428776 -0.328201 -0.475989 -0.335355 -0.203804 -0.155289 -0.495583 -0.483111 -0.436178 -0.253354 -0.353836 0.610487 0.700777 0.712948 0.326863 0.641660 1.000000 0.531935 0.741006 -0.562095 -0.566551 0.319374 0.336660 -0.174849 -0.268277 0.483433 0.443925 -0.172901 -0.033646 0.252800 0.200758 -0.289022 -0.248887 0.203067 0.417405 -0.165696 -0.049140 -0.105349 0.338355 -0.044941 -0.075914 0.337808 0.000822 -0.202094 -0.010135 0.268335 0.190398 -0.237728 -0.330746 -0.077319 -0.360737 -0.058297 -0.557171 -0.482126 -0.527976 0.288432 0.246919 0.158515 0.228392 -0.134685 -0.099065 0.134368 0.313751 -0.588863 -0.238130 -0.349649 -0.292419 -0.296163 -0.181811 -0.299668 -0.115692 -0.427158 -0.410035 -0.040118 -0.532857 0.196379 0.373504 0.061052 0.382477 0.242078 -0.020857 -0.243376 0.040825 -0.122200 0.178214 0.358258 -0.006281 0.245605 0.290982 -0.172175 -0.029742 -0.412092 0.040898 -0.193667 -0.073386 0.181592 0.232087 0.048935 -0.172396 0.243941 -0.014712 0.444616 -0.103065 -0.201317 0.104225 0.505694 0.002746
-0.339320 -0.051248 0.435176 0.251163 0.251523 0.192564 0.279638 -0.292039 -0.049487 -0.014625 0.105218 -0.171171 -0.171028 0.022961 0.281411 -0.217898 -0.364529 -0.418520 -0.285781 -0.388860 0.295487 0.239924 0.688758 0.621438 0.566759 0.531935 1.000000 0.811803 -0.512690 -0.558795 0.369972 0.333486 -0.433729 -0.160780 0.293670 0.371384 -0.325864 -0.100289 0.167437 0.128277 -0.365355 -0.157670 -0.011562 -0.030169 -0.348500 -0.325349 -0.406435 -0.001245 -0.083971 0.030225 0.220025 -0.000825 -0.125869 0.131104 -0.002943 0.120769 -0.369362 -0.342846 -0.195755 -0.443346 -0.055513 -0.236364 -0.548049 -0.412070 0.530242 0.325801 -0.161785 -0.146409 -0.304208 -0.290205 0.101245 0.174427 -0.487818 -0.207109 -0.246142 -0.287238 -0.153942 -0.198068 -0.257182 -0.231563 -0.477920 -0.462984 -0.024188 -0.450794 0.446863 0.291787 0.002537 0.350646 0.741447 0.087814 -0.075455 -0.030624 0.139183 0.204570 -0.048860 -0.074330 -0.184325 0.092423 -0.373361 -0.082207 -0.494832 -0.230631 -0.328600 -0.289352 -0.165621 0.021719 -0.074079 0.173820 -0.247740 -0.035025 0.123213 -0.334528 -0.016513 -0.270495 0.190249 0.011562
-0.203486 -0.159259 0.541655 0.153736 0.071602 0.441732 0.209247 -0.434518 -0.280278 -0.275944 -0.165613 -0.435127 -0.396259 -0.204477 0.057532 -0.367005 -0.409916 -0.475116 -0.249256 -0.470824 0.431456 0.495389 0.788307 0.524396 0.634896 0.741006 0.811803 1.000000 -0.700289 -0.733016 0.380825 0.346627 -0.329713 -0.294035 0.497551 0.414312 -0.287216 0.016170 0.317043 0.268422 -0.443625 -0.189761 0.123673 0.205371 -0.227507 -0.160671 -0.257944 0.062108 -0.000789 0.000860 0.332659 -0.006176 -0.144482 0.077504 0.204472 0.239197 -0.184790 -0.285418 -0.120956 -0.476286 -0.029457 -0.477729 -0.484949 -0.467179 0.445601 0.300176 0.071107 0.038052 -0.233965 -0.246810 0.104117 0.185577 -0.688008 -0.346737 -0.371276 -0.360125 -0.256897 -0.285419 -0.293480 -0.292000 -0.521055 -0.488725 0.030945 -0.473442 0.400685 0.453646 0.185783 0.511571 0.649116 0.099970 -0.131937 -0.064619 0.023515 0.133109 -0.007120 0.060690 0.076760 0.250158 -0.202653 0.001776 -0.473646 -0.114054 -0.223791 -0.243750 0.064503 0.232512 0.147235 -0.024282 0.007259 -0.082100 0.259326 -0.236273 -0.069977 -0.119759 0.318702 0.012738
0.334440 0.231644 -0.542779 -0.113167 -0.358513 -0.578200 -0.079971 0.268111 0.107348 0.171879 0.125150 0.286284 0.321703 0.282771 0.009563 0.304903 0.474424 0.635199 0.445219 0.593391 -0.337649 -0.464157 -0.554374 -0.241673 -0.357700 -0.562095 -0.512690 -0.700289 1.000000 0.841966 0.013942 -0.006091 0.331964 0.451495 -0.401454 -0.420806 0.420007 0.085874 -0.381873 -0.308457 0.550819 0.381747 -0.139008 -0.177692 -0.069011 -0.097541 0.066372 -0.067664 -0.355210 -0.178118 -0.479205 -0.323372 -0.165990 -0.145596 -0.394854 -0.385473 0.218230 0.365990 -0.168820 0.041814 -0.091917 0.243447 0.466303 0.327652 -0.241113 -0.375319 -0.392968 -0.311793 0.105651 -0.091355 -0.010781 0.018506 0.799761 0.550049 0.537191 0.599452 0.494241 0.522670 0.465440 0.500373 0.588630 0.582210 0.322437 0.641267 -0.039906 -0.178114 -0.034316 -0.151638 -0.426837 -0.244990 -0.004494 -0.064734 -0.063166 -0.218180 0.071862 -0.092150 -0.298418 -0.214626 0.041558 -0.090570 0.210925 -0.171828 0.028334 0.037347 -0.283287 -0.217005 -0.201729 0.077277 0.056766 0.134141 -0.161738 0.258427 0.033843 0.064834 -0.283564 -0.000557
0.275050 0.231588 -0.573263 -0.065632 -0.299493 -0.541385 -0.205869 0.311614 0.059364 0.246100 0.066842 0.416282 0.289752 0.311856 0.018976 0.486101 0.423930 0.663758 0.281317 0.471349 -0.316573 -0.459134 -0.570136 -0.276543 -0.483322 -0.566551 -0.558795 -0.733016 0.841966 1.000000 -0.165965 -0.089053 0.308432 0.411673 -0.484363 -0.422883 0.460542 0.213420 -0.294405 -0.307662 0.652330 0.495727 -0.044728 -0.130059 -0.066081 -0.104584 0.219288 0.023438 -0.142564 -0.083769 -0.294859 -0.088903 -0.069449 -0.018343 -0.268882 -0.285588 0.190925 0.282403 -0.252228 0.112405 -0.185404 0.350492 0.438993 0.393161 -0.341334 -0.376036 -0.426015 -0.330804 0.166440 -0.057802 -0.060831 -0.044579 0.804387 0.576694 0.490040 0.613965 0.444717 0.473438 0.499042 0.523814 0.583175 0.591873 0.186089 0.630941 -0.211776 -0.373041 -0.114897 -0.325762 -0.486208 -0.174386 0.129734 -0.045911 -0.010637 -0.265430 0.112885 -0.224404 -0.124991 -0.153161 0.156115 -0.010095 0.360479 -0.189106 0.100381 0.083938 -0.208129 -0.199608 -0.210779 0.029465 0.020846 0.085275 -0.149964 0.403603 0.120088 0.159123 -0.265917 0.008671
-0.271726 -0.294815 0.361308 0.275503 -0.195214 0.067106 0.575455 0.067693 -0.050433 -0.020018 -0.162472 -0.439718 -0.303738 -0.180558 0.015051 -0.256347 -0.320060 -0.260761 -0.053877 -0.211756 0.173005 0.361025 0.609332 0.545802 0.733493 0.319374 0.369972 0.380825 0.013942 -0.165965 1.000000 0.886381 -0.152232 0.273578 0.430871 0.068967 -0.198152 -0.405957 -0.331006 -0.256804 -0.157848 -0.192944 -0.247613 -0.206379 -0.379340 -0.301460 -0.393464 -0.195039 -0.530161 -0.360219 -0.068310 -0.374428 -0.461150 -0.208158 -0.455399 -0.384027 -0.173295 -0.205180 -0.360799 -0.483086 -0.002749 -0.299192 -0.168899 -0.279756 0.613849 0.145682 -0.190910 -0.082472 -0.281168 -0.388062 0.145024 0.409199 -0.236444 -0.129168 -0.100348 0.012179 -0.034421 0.062452 -0.199297 -0.169631 -0.401890 -0.314869 0.217024 -0.109045 0.595263 0.473800 0.334259 0.447827 0.335989 -0.180938 -0.181856 -0.055486 0.173902 0.151297 -0.087038 -0.012886 -0.451055 -0.277833 -0.512752 -0.446469 -0.274745 -0.239726 -0.326238 -0.310503 -0.129114 0.150205 0.141947 -0.150635 0.200690 -0.083731 -0.017377 -0.164834 -0.257978 0.013071 0.077325 0.012906
-0.396220 -0.399983 0.332230 0.487083 -0.160986 0.119201 0.589823 0.246125 -0.070836 0.145165 -0.174584 -0.434708 -0.343883 -0.146479 0.024852 -0.179823 -0.386261 -0.278045 -0.181187 -0.230391 0.245764 0.382877 0.606807 0.709377 0.636973 0.336660 0.333486 0.346627 -0.006091 -0.089053 0.886381 1.000000 -0.234354 0.341980 0.354986 0.137579 -0.246732 -0.352296 -0.327290 -0.260448 -0.139014 -0.163946 -0.253896 -0.203996 -0.436398 -0.346547 -0.361835 -0.176270 -0.521862 -0.407841 -0.131814 -0.420548 -0.559001 -0.343450 -0.505098 -0.489598 -0.284377 -0.334760 -0.410968 -0.430187 -0.068082 -0.228383 -0.201685 -0.268072 0.607268 0.188431 -0.231594 -0.105084 -0.392840 -0.429748 0.158594 0.463123 -0.272950 -0.082691 -0.148455 0.055204 -0.139349 0.001527 -0.225791 -0.197895 -0.399302 -0.330266 0.183154 -0.122933 0.588350 0.435870 0.329357 0.473145 0.295722 -0.187649 -0.204543 -0.046421 0.264248 0.182076 -0.067996 -0.210866 -0.351205 -0.354433 -0.510647 -0.549468 -0.267465 -0.349232 -0.426221 -0.347745 -0.197224 0.079380 -0.002076 -0.197839 0.132209 -0.042322 -0.023704 -0.099818 -0.265125 0.025351 0.078033 0.000463
0.248777 0.001540 -0.137882 -0.217620 -0.361501 -0.290686 -0.262570 0.092836 -0.043560 -0.248005 -0.206265 -0.051596 0.137584 -0.090450 -0.099918 0.058451 0.124934 0.264934 0.518575 0.502823 -0.201193 -0.020564 -0.375132 -0.472869 -0.318820 -0.174849 -0.433729 -0.329713 0.331964 0.308432 -0.152232 -0.234354 1.000000 0.484927 -0.057362 -0.173786 0.325394 0.107852 -0.154658 0.043447 0.257287 0.165103 -0.258878 -0.052549 0.020821 0.002727 0.058110 -0.097910 -0.187571 -0.395019 -0.271831 -0.202033 -0.050488 -0.226156 0.077981 -0.075371 0.388184 0.529557 0.075274 0.248215 0.028989 0.113561 0.384355 0.101160 -0.232660 -0.128740 0.282925 0.123597 0.500932 0.216869 -0.261683 -0.078436 0.424851 0.250025 0.315756 0.093493 0.212842 0.086118 0.247620 0.366072 0.309225 0.336447 0.082056 0.204544 -0.283008 -0.076144 -0.039155 -0.244598 -0.352662 0.036649 -0.214287 -0.234751 -0.262688 -0.383014 0.140746 0.221948 0.096431 0.138975 0.199857 0.024653 0.315156 0.193460 0.405920 0.263136 0.307172 0.193047 0.270954 -0.190348 0.339348 -0.021287 0.079618 0.231551 -0.064368 0.396748 0.144958 0.236098
-0.107887 0.033067 -0.020959 0.361975 -0.111018 -0.290275 0.175626 0.400793 0.241783 0.277671 0.088405 -0.074241 0.176852 0.016734 0.172981 0.100863 0.019922 0.160538 0.388295 0.384393 -0.228166 -0.183838 -0.130207 0.077163 -0.097230 -0.268277 -0.160780 -0.294035 0.451495 0.411673 0.273578 0.341980 0.484927 1.000000 0.018349 0.039825 -0.002319 -0.108880 -0.479752 -0.234509 0.055997 0.122503 -0.290843 -0.291436 -0.226179 -0.203268 -0.245849 -0.261007 -0.547076 -0.517246 -0.517651 -0.509048 -0.497449 -0.446621 -0.520572 -0.490428 0.010410 0.271248 -0.354409 -0.143182 -0.106135 0.204464 0.183116 0.030024 0.245616 0.046265 -0.250814 -0.215630 0.115971 -0.128198 -0.100134 0.059954 0.322040 0.266219 0.282299 0.217187 0.224549 0.205726 0.159966 0.312918 0.078677 0.126182 0.151733 0.223445 0.108129 0.000560 0.024405 -0.062322 -0.021857 -0.145777 -0.250230 -0.195186 0.060279 -0.153038 -0.107374 -0.047559 -0.356121 -0.189509 -0.256735 -0.342915 0.101962 -0.242745 0.011592 -0.084270 -0.227657 -0.055620 -0.106585 -0.089533 0.102687 0.020000 -0.070508 0.061293 -0.159967 0.093782 -0.071567 0.179903
-0.238441 -0.268407 0.317229 -0.075639 -0.026210 0.177316 0.272854 -0.360293 -0.308127 -0.248771 -0.347302 -0.451171 -0.403396 -0.292689 -0.435535 -0.551744 -0.487673 -0.417675 -0.161899 -0.183076 0.307034 0.414607 0.541019 0.218186 0.648069 0.483433 0.293670 0.497551 -0.401454 -0.484363 0.430871 0.354986 -0.057362 0.018349 1.000000 0.644412 -0.185706 -0.177532 -0.111139 -0.107870 -0.285809 -0.209770 0.002872 0.126266 0.295698 0.403138 -0.219788 -0.067094 -0.134891 -0.049083 0.262554 -0.081593 -0.248737 -0.106847 -0.078596 -0.043770 -0.214790 -0.346677 0.000179 -0.267035 -0.145343 -0.438659 -0.341920 -0.413108 0.527128 0.395424 0.377854 0.504535 -0.104099 -0.069136 0.186636 0.206248 -0.526140 -0.227534 -0.203167 -0.200068 -0.113032 -0.037075 -0.316264 -0.137320 -0.416472 -0.377406 -0.141178 -0.405190 0.501304 0.451006 0.322075 0.421134 0.234595 -0.060444 -0.282430 0.028233 0.004264 0.143931 0.062922 0.194218 -0.127556 0.008046 -0.259747 -0.159902 -0.227385 0.019248 -0.071191 -0.120143 0.239623 0.279422 0.175030 -0.171399 0.157924 0.020138 0.358462 -0.198563 -0.275213 0.038485 0.390147 0.065710
-0.302847 -0.115583 0.277748 0.191122 0.130611 0.090241 0.084967 -0.218272 -0.097249 -0.044123 -0.046120 -0.169363 -0.154035 -0.077065 -0.185767 -0.418566 -0.368127 -0.363475 -0.186690 -0.203237 0.185612 0.169989 0.356965 0.256204 0.325609 0.443925 0.371384 0.414312 -0.420806 -0.422883 0.068967 0.137579 -0.173786 0.039825 0.644412 1.000000 -0.218495 -0.076977 0.012204 0.110724 -0.316579 -0.086900 0.033417 0.114808 0.117559 0.287429 -0.259799 0.090801 -0.056743 -0.014756 0.090688 -0.028225 -0.155101 -0.085545 0.023416 0.082126 -0.211478 -0.328966 0.138711 -0.114142 -0.001539 -0.126228 -0.468209 -0.388335 0.385063 0.484729 0.207878 0.353253 -0.120627 -0.016252 -0.032115 0.021762 -0.491495 -0.115067 -0.113468 -0.208879 -0.143877 -0.105036 -0.281535 -0.078590 -0.400861 -0.437087 -0.218401 -0.516889 0.238789 0.295960 0.111121 0.314408 0.344038 0.119936 -0.232667 0.017906 -0.023319 0.085949 0.079806 -0.011549 -0.074738 0.052254 -0.267145 -0.016469 -0.346444 -0.154712 -0.214594 -0.215001 -0.049766 -0.021719 -0.103064 0.000294 -0.049953 -0.058072 0.350193 -0.286775 -0.161704 -0.235899 0.222260 0.093007
