1.000000 0.291759 -0.076303 -0.335578 -0.026274 -0.021831 -0.097713 -0.369832 -0.248137 0.070317 0.300881 -0.048738 0.270174 -0.019421 0.305422 -0.009986 0.134906 0.393574 -0.287019 0.031174 0.061766 -0.206261 -0.119343 -0.225377 0.129094 0.114346 0.138671 -0.061613 0.137922 0.010060 -0.016114 -0.077975 0.116554 0.042064 -0.249798 -0.257598 -0.166821 0.142894 -0.029038 -0.057166 0.288725 -0.028485 -0.022538 -0.026419 -0.025122 -0.257161 -0.121556 0.010738 0.013931 -0.106253 -0.130937 -0.187881 -0.070248 -0.077987 0.057761 0.030038 0.566641 0.244394 0.447398 0.119665 0.590956 0.202673 0.457677 0.319854 -0.227073 -0.190206 0.170126 -0.160142 -0.158799 0.225567 0.060685 -0.142626 0.225210 0.057936 0.094548 0.268792 0.247580 0.081239 -0.200836 0.406078 0.047360 -0.089131 0.126522 -0.097243 0.200238 -0.301733 0.098627 -0.048714 0.082168 -0.223329 0.017355 -0.033270 -0.149818 -0.140429 0.229078 0.011323 0.207331 0.113780 0.046483 0.286931 -0.161827 0.035814 0.085178 0.058417 -0.149890 -0.123566 -0.306140 0.258420 0.065615 0.133223 -0.024431 0.232765 0.078045 0.213056 -0.028353 0.220158
0.291759 1.000000 -0.507867 -0.418144 -0.011173 -0.083151 -0.246160 -0.188106 -0.360760 0.030835 -0.218427 0.226092 -0.068755 0.008604 -0.233348 -0.048577 0.107457 0.546765 -0.117967 0.388010 -0.061492 -0.226768 -0.530981 -0.651687 0.214207 -0.061167 0.284605 -0.179809 0.064188 0.394982 -0.066435 -0.219718 0.315540 -0.008736 -0.254148 -0.274502 0.182198 0.370598 0.031908 0.257913 0.136187 0.121861 0.318951 0.406180 0.363007 -0.007208 0.376715 0.472443 0.084725 0.369291 -0.227396 0.147654 0.066031 0.421777 -0.052948 0.398175 0.466730 0.344855 0.276328 0.080168 -0.097255 0.325014 0.155564 0.609835 -0.703866 -0.625708 0.010474 -0.375398 0.014705 0.094166 -0.227123 -0.329786 0.438288 0.385651 0.275241 0.245226 0.474813 0.357671 -0.252503 0.564663 0.328925 0.110430 0.061375 -0.032922 0.025014 -0.178050 0.241053 0.170479 -0.404789 -0.323133 -0.025779 0.001694 -0.311029 -0.387948 0.100862 0.262111 0.443451 0.219694 0.502654 0.329911 -0.438216 -0.344187 -0.018003 -0.057353 0.131922 0.044509 -0.153321 -0.197531 0.170224 0.334406 0.146435 0.381274 0.282169 0.062979 0.240149 0.185788
-0.076303 -0.507867 1.000000 0.594461 0.083480 -0.243466 0.682285 0.544327 0.228696 0.004831 0.247593 0.228205 0.456146 0.408443 0.456888 0.472437 -0.175530 -0.263134 0.238310 -0.252074 0.178586 0.240325 0.417548 0.560985 -0.269588 -0.128656 -0.347023 0.073611 0.203237 0.170640 0.454186 0.419726 0.098380 0.362841 0.185785 0.168133 -0.093000 -0.269468 -0.014937 -0.183801 0.045940 0.057779 -0.552450 -0.574523 -0.608848 -0.425822 -0.497401 -0.607687 -0.320445 -0.591918 -0.220999 -0.568357 -0.221539 -0.537114 -0.232425 -0.581606 -0.580994 -0.300498 -0.402283 -0.551936 0.187187 -0.147155 -0.319017 -0.680545 0.618042 0.650727 -0.285422 -0.069350 -0.301301 -0.313008 0.292199 0.470382 0.115807 0.073403 0.152089 0.189041 -0.094166 -0.033026 0.121421 -0.359676 -0.363872 -0.064361 0.016530 0.267846 -0.184929 0.134396 -0.283606 -0.067309 0.166685 -0.033449 -0.342225 -0.148762 0.070271 0.254698 -0.117764 -0.176419 -0.529678 -0.293819 -0.608855 -0.424301 0.464723 0.200813 0.092563 -0.061808 -0.118983 -0.139446 0.034622 0.196710 -0.070464 -0.227311 -0.230475 -0.502540 -0.244670 -0.064155 -0.096371 -0.238919
-0.335578 -0.418144 0.594461 1.000000 -0.056958 -0.021749 0.455352 0.585392 0.253099 0.057832 0.022685 0.148326 0.055536 0.200092 0.046809 0.249148 -0.226385 -0.362035 0.335338 -0.046218 0.139295 0.220908 0.399237 0.680843 -0.292673 -0.038900 -0.360661 0.174483 -0.045166 0.002322 0.347871 0.377517 -0.038809 0.275364 0.262000 0.348684 -0.175702 -0.239584 -0.053242 -0.249675 -0.051389 -0.127815 -0.453019 -0.493266 -0.558711 -0.273382 -0.426846 -0.504278 -0.472640 -0.496205 -0.162435 -0.339839 -0.110615 -0.426130 -0.222503 -0.450360 -0.535578 -0.257136 -0.678652 -0.463776 -0.191917 -0.229294 -0.342674 -0.570064 0.534610 0.626829 -0.380845 0.038044 -0.143910 -0.310388 0.288958 0.359652 -0.114244 0.075321 0.134451 0.130934 -0.025679 0.061715 0.064099 -0.503313 -0.408426 -0.173126 -0.195547 0.186620 -0.174934 0.153402 -0.218311 -0.017444 0.085625 0.177509 -0.168322 -0.228387 0.301674 0.214359 -0.033956 -0.051505 -0.495771 -0.127245 -0.514835 -0.315873 0.521876 0.118999 0.090102 0.011233 0.018170 0.053812 0.279117 0.015755 0.046536 -0.077217 -0.104406 -0.349074 -0.271008 0.050040 0.021506 -0.108662
-0.026274 -0.011173 0.083480 -0.056958 1.000000 0.351109 0.272560 0.025668 0.032267 0.582670 -0.048976 -0.187230 -0.084962 -0.098556 0.298432 0.101731 -0.094691 0.066411 0.134462 0.059972 0.369199 0.234103 -0.146261 -0.167953 0.602125 0.221607 0.695364 0.047249 -0.083098 -0.045155 0.318586 0.039606 -0.022281 0.021469 0.069620 0.076166 -0.171587 -0.313670 -0.107502 -0.118212 -0.054116 -0.159861 -0.000541 0.045226 0.052808 -0.006102 0.020851 0.069443 -0.114170 0.006275 -0.195219 -0.259210 -0.140754 0.078451 -0.433131 -0.081054 -0.067605 -0.047539 0.254870 -0.149633 0.136271 0.005017 0.086279 0.052422 0.256089 -0.056746 0.199209 -0.094883 -0.052822 -0.131733 0.081514 -0.114500 0.032165 0.002729 -0.104088 0.023100 0.022186 0.076487 -0.185404 -0.076209 0.046978 -0.097105 0.171877 -0.114126 0.244533 -0.192728 0.227808 0.017986 0.169799 -0.220464 -0.180175 0.088588 -0.161204 -0.021526 -0.012840 -0.109949 -0.048739 -0.046075 0.032430 0.046419 -0.234268 -0.269217 -0.223699 -0.008104 0.093203 0.120858 -0.300714 -0.339322 -0.092823 0.044613 0.114593 0.100525 -0.203164 -0.042593 0.185032 0.015081
-0.021831 -0.083151 -0.243466 -0.021749 0.351109 1.000000 -0.451536 -0.435054 0.010096 0.312379 -0.038787 -0.216242 -0.381325 -0.318390 -0.002512 -0.083508 -0.296978 -0.295753 -0.020031 -0.034739 0.433870 0.324094 0.223226 0.154256 0.516886 0.751182 0.411350 0.599939 -0.459388 -0.603524 -0.115545 0.073403 -0.339796 -0.259304 0.377146 0.316121 -0.281517 -0.092308 0.071534 0.046809 -0.207114 -0.293917 0.046799 -0.031167 -0.053601 0.044485 -0.037571 0.019528 0.107507 -0.136919 0.386894 0.035502 0.176687 -0.043088 0.164762 0.031841 0.018951 0.104662 0.070476 0.161087 -0.124528 -0.262484 -0.074439 -0.078132 0.087545 0.065156 0.244747 0.377640 0.277541 0.259108 0.104985 -0.123263 -0.582312 -0.364133 -0.427305 -0.197689 -0.169383 0.036946 -0.125994 -0.150504 -0.199873 -0.344898 0.060893 -0.064070 0.296872 -0.020293 0.210877 0.176635 0.335057 0.249074 0.133052 0.106628 0.372886 0.253839 0.083264 -0.218398 0.287991 0.140439 -0.042011 0.085921 -0.105344 0.039898 -0.147983 0.114351 -0.003655 0.088029 -0.225263 -0.177018 -0.162403 -0.046723 0.385980 -0.053503 -0.129963 -0.057319 0.045643 -0.096619
-0.097713 -0.246160 0.682285 0.455352 0.272560 -0.451536 1.000000 0.697456 0.018301 0.163973 0.292520 0.394902 0.594619 0.569944 0.476852 0.569516 0.121061 0.014001 0.343966 0.038737 0.175510 0.108960 0.028786 0.274413 -0.177833 -0.387168 -0.002483 -0.224252 0.421565 0.376259 0.577539 0.312277 0.229764 0.357154 -0.117665 -0.018395 -0.034464 -0.389866 -0.115024 -0.356282 0.035684 0.000333 -0.589915 -0.510472 -0.522055 -0.405532 -0.477454 -0.566124 -0.610831 -0.464451 -0.623649 -0.607971 -0.386036 -0.444225 -0.467480 -0.644676 -0.421297 -0.290429 -0.381528 -0.528377 0.189209 0.047529 -0.071875 -0.330557 0.485956 0.398482 -0.243831 -0.264848 -0.224438 -0.396810 0.272230 0.388016 0.371967 0.273035 0.314609 0.235543 0.009485 -0.083219 0.159099 -0.259636 -0.022371 0.135423 0.021654 0.212843 -0.198950 0.180308 -0.199276 -0.240549 -0.042489 -0.203374 -0.447887 -0.263445 -0.133273 0.095598 -0.161257 -0.146545 -0.645201 -0.333940 -0.522268 -0.415405 0.358548 -0.016728 0.037097 -0.113957 -0.073708 -0.161425 0.147139 0.049986 -0.083310 -0.165670 -0.354135 -0.386358 -0.278021 -0.167810 -0.054028 -0.204520
-0.369832 -0.188106 0.544327 0.585392 0.025668 -0.435054 0.697456 1.000000 0.178708 0.164646 -0.093239 0.363662 0.254553 0.526481 -0.056974 0.412885 -0.008543 -0.043074 0.215606 0.006947 -0.019944 0.166107 -0.175938 0.204269 -0.425635 -0.500804 -0.320055 -0.355961 0.155109 0.396904 0.366252 0.219677 0.175126 0.353641 -0.068780 0.160007 -0.035648 -0.396558 -0.216649 -0.220466 0.036615 0.006178 -0.421075 -0.393007 -0.348677 -0.181417 -0.310231 -0.364177 -0.422610 -0.250423 -0.456621 -0.336843 -0.152352 -0.294108 -0.496809 -0.474404 -0.457604 -0.332296 -0.414870 -0.385403 -0.040874 0.303412 -0.192447 -0.270834 0.282130 0.486979 -0.208092 -0.201973 -0.306202 -0.444881 0.104118 0.286217 0.237169 0.291316 0.282794 0.158918 -0.047812 -0.004378 0.111248 -0.272893 -0.099676 0.121813 -0.232620 0.203868 -0.421593 0.091624 -0.369520 -0.172105 -0.276681 -0.173373 -0.183815 -0.281429 0.045511 0.016729 -0.149873 0.035488 -0.556518 -0.123828 -0.414769 -0.299092 0.472727 0.016757 0.155319 -0.032972 0.101485 -0.045887 0.302773 -0.008527 0.083651 0.009833 -0.244469 -0.253366 -0.050350 -0.046852 0.082008 -0.179875
-0.248137 -0.360760 0.228696 0.253099 0.032267 0.010096 0.018301 0.178708 1.000000 -0.012423 -0.212278 -0.112794 -0.114400 -0.073617 -0.093998 -0.114623 -0.272003 -0.108921 0.086917 -0.218630 -0.178620 0.171087 0.013198 0.161201 -0.452547 -0.217619 -0.509698 -0.014391 0.015464 0.090790 -0.223963 -0.148175 -0.112407 -0.031705 0.221844 0.062851 0.205373 0.023727 0.093446 0.171624 -0.164350 0.286704 -0.119849 -0.120402 -0.134861 -0.130692 0.064132 -0.069562 0.141806 -0.096906 0.174555 -0.127089 0.225925 -0.101520 0.009636 -0.008907 -0.305807 -0.096792 0.000781 -0.129359 0.113002 0.175283 -0.099843 -0.215716 0.276617 0.314147 -0.048927 -0.217933 0.031053 -0.271820 -0.028177 0.090393 -0.021208 0.061502 0.076072 -0.066384 0.002340 0.034401 0.110079 -0.210269 -0.129475 0.092224 -0.002698 0.221276 -0.080914 0.158326 -0.237721 0.191787 0.257173 0.440090 0.100255 0.172329 0.325401 0.346291 -0.183526 -0.083466 -0.204060 -0.025738 0.007922 -0.150118 0.225901 0.338554 0.077534 -0.037970 0.023367 -0.039452 0.084480 -0.275610 -0.110447 -0.042783 -0.253239 -0.094259 -0.045777 -0.007843 0.027241 -0.130922
0.070317 0.030835 0.004831 0.057832 0.582670 0.312379 0.163973 0.164646 -0.012423 1.000000 -0.124067 -0.025729 -0.108908 -0.055047 0.155794 0.240162 -0.131059 0.094639 -0.060272 0.029828 0.142327 0.015599 -0.218644 -0.140106 0.380896 0.187422 0.409110 -0.096625 -0.120463 -0.048872 0.169269 0.020816 -0.129176 0.060252 0.080598 0.210048 -0.199557 -0.136553 -0.121250 -0.015687 0.202690 -0.246962 -0.046261 -0.095304 -0.040812 -0.054971 -0.084828 0.030756 -0.234337 -0.108213 -0.260678 -0.248802 -0.131695 -0.043108 -0.369752 -0.006327 0.066994 0.052922 0.102265 -0.130733 0.031367 -0.020802 0.120295 0.028197 0.132907 0.190647 0.098055 -0.052201 -0.232858 -0.089713 -0.053565 -0.173812 0.043195 -0.063949 -0.014218 0.134477 0.175720 0.265766 -0.228833 -0.076446 -0.104838 -0.279031 -0.071145 -0.085263 0.055212 -0.305055 0.090857 0.032899 0.033902 -0.165630 -0.048555 0.031306 0.056926 0.022675 0.229774 0.070893 0.000392 0.207644 -0.081138 0.175556 0.014651 -0.188017 0.012719 0.153079 0.202364 0.311779 -0.224787 -0.090513 0.129066 0.251354 0.198668 0.139619 -0.059919 0.223541 0.308320 0.136696
0.300881 -0.218427 0.247593 0.022685 -0.048976 -0.038787 0.292520 -0.093239 -0.212278 -0.124067 1.000000 0.195931 0.657250 0.346774 0.696096 0.286667 0.587995 -0.143087 0.176150 0.041364 0.225106 -0.072857 0.352916 0.329115 0.081594 0.158142 0.090110 0.195115 0.276107 -0.098269 0.203885 0.175131 -0.069601 0.016775 -0.159248 -0.197114 -0.158446 -0.180747 -0.135793 -0.297801 0.041860 -0.228577 -0.338684 -0.258082 -0.347524 -0.266631 -0.436946 -0.477413 -0.241617 -0.361056 -0.181807 -0.191378 -0.267370 -0.370640 0.085708 -0.462269 0.058479 -0.188743 -0.228552 -0.114217 0.237375 -0.228656 0.176184 -0.201949 0.296760 0.125319 -0.205405 0.126585 0.121415 0.047619 0.295293 0.248285 -0.029728 -0.001467 0.059441 0.037522 -0.042476 -0.188976 0.103959 -0.069918 0.067060 0.024087 0.359847 0.037608 0.109134 0.315421 0.251685 -0.273318 0.315161 0.096696 -0.216357 -0.219432 -0.056472 0.071416 -0.064034 -0.278039 -0.240092 -0.324184 -0.414335 -0.252133 0.152604 0.078467 0.037179 -0.121807 -0.285564 -0.343875 -0.046847 0.080948 -0.204680 -0.271718 -0.086118 -0.350192 -0.351207 -0.183960 -0.358297 -0.216686
-0.048738 0.226092 0.228205 0.148326 -0.187230 -0.216242 0.394902 0.363662 -0.112794 -0.025729 0.195931 1.000000 0.502860 0.724387 0.193839 0.619824 0.104187 0.208295 0.003871 -0.051701 0.102618 0.057773 -0.117182 0.024271 -0.198984 -0.183807 -0.144549 -0.086282 0.482294 0.588036 0.282649 0.310748 0.288837 0.337799 -0.169501 -0.163176 0.284545 0.201496 0.204225 0.009530 0.005285 0.226346 -0.252363 -0.196055 -0.303496 -0.179045 -0.118522 -0.297548 -0.302268 -0.229508 -0.256275 -0.230503 -0.112671 -0.116096 0.087894 -0.262215 -0.238809 -0.158631 -0.361585 -0.494991 0.058764 0.052945 0.015539 -0.082652 0.052138 0.224769 -0.387904 -0.356080 -0.105113 -0.367952 0.164433 0.356908 0.459450 0.432185 0.533715 0.349190 0.290410 0.064500 0.180772 0.150830 0.167766 0.288184 0.059585 0.498747 -0.219664 0.562961 -0.123947 0.122858 -0.315736 0.021409 -0.419368 -0.488334 -0.204675 -0.221785 -0.260728 -0.076551 -0.231329 -0.309731 -0.226815 -0.411957 0.032915 -0.259708 -0.017765 -0.480010 -0.275748 -0.424817 -0.067451 -0.136549 -0.282699 -0.365921 -0.379496 -0.415877 -0.246790 -0.188531 -0.080993 -0.289154
0.270174 -0.068755 0.456146 0.055536 -0.084962 -0.381325 0.594619 0.254553 -0.114400 -0.108908 0.657250 0.502860 1.000000 0.791215 0.567402 0.505058 0.430434 0.237921 0.180075 -0.063418 0.066381 -0.116163 0.073919 0.251008 -0.202462 -0.274906 -0.121645 -0.154145 0.649486 0.338253 0.322843 0.276765 0.376851 0.360633 -0.409533 -0.376393 0.089085 -0.096726 -0.031324 -0.306980 0.108827 0.059666 -0.507631 -0.419468 -0.496437 -0.415100 -0.424969 -0.578396 -0.312854 -0.438717 -0.403450 -0.394695 -0.254040 -0.405850 -0.000517 -0.569443 -0.184201 -0.198494 -0.231206 -0.343445 0.456272 0.064793 0.259826 -0.160694 0.230844 0.204871 -0.263257 -0.242423 -0.093375 -0.274892 0.276452 0.507928 0.447635 0.255302 0.404372 0.304959 0.052669 -0.226188 0.345924 -0.011415 0.157762 0.288435 0.025839 0.222766 -0.294569 0.338711 -0.203411 -0.327534 -0.051711 -0.030533 -0.375985 -0.339560 -0.176852 0.014894 -0.249532 -0.239671 -0.452143 -0.548028 -0.470761 -0.418608 0.208194 0.084521 -0.013833 -0.306765 -0.357869 -0.461049 -0.049209 0.028478 -0.307807 -0.418338 -0.472129 -0.469115 -0.222247 -0.212662 -0.369744 -0.313145
-0.019421 0.008604 0.408443 0.200092 -0.098556 -0.318390 0.569944 0.526481 -0.073617 -0.055047 0.346774 0.724387 0.791215 1.000000 0.279930 0.630866 0.254785 0.234623 0.115077 -0.152650 0.164917 0.056734 -0.065104 0.246326 -0.247142 -0.305270 -0.169572 -0.165755 0.603058 0.453017 0.364787 0.397570 0.395633 0.393845 -0.380953 -0.256614 0.105910 -0.112944 -0.009240 -0.241352 -0.015172 0.096419 -0.481614 -0.397662 -0.462059 -0.285217 -0.341463 -0.537862 -0.338873 -0.364212 -0.345207 -0.331988 -0.197854 -0.325061 -0.030738 -0.543942 -0.349787 -0.281364 -0.323229 -0.426488 0.273865 0.213267 0.162081 -0.161688 0.230830 0.303413 -0.287103 -0.305664 -0.117107 -0.451049 0.281543 0.569602 0.426396 0.368291 0.466013 0.312158 0.026677 -0.200014 0.366419 -0.068483 0.151139 0.329289 -0.112789 0.372443 -0.372923 0.481675 -0.327839 -0.173561 -0.279782 -0.023196 -0.418821 -0.522112 -0.178502 -0.150370 -0.343602 -0.194425 -0.464866 -0.492213 -0.470437 -0.509558 0.181498 -0.126429 -0.063384 -0.424503 -0.310508 -0.488442 0.057020 -0.069208 -0.297918 -0.464044 -0.492130 -0.516123 -0.226956 -0.240180 -0.262877 -0.385412
0.305422 -0.233348 0.456888 0.046809 0.298432 -0.002512 0.476852 -0.056974 -0.093998 0.155794 0.696096 0.193839 0.567402 0.279930 1.000000 0.514959 0.125334 -0.087484 0.352488 -0.213469 0.385224 0.087035 0.405456 0.242953 0.222220 0.194253 0.249224 0.276815 0.378153 0.012619 0.449965 0.314656 0.042010 0.094904 0.057052 -0.060445 -0.050336 -0.206067 0.141104 -0.182085 -0.103694 0.044666 -0.405214 -0.315288 -0.476079 -0.482588 -0.405748 -0.413304 -0.343494 -0.509285 -0.195274 -0.504982 -0.230066 -0.385056 -0.031564 -0.448350 -0.178241 0.003401 -0.131126 -0.408834 0.284721 -0.297186 0.011397 -0.371075 0.481762 0.234381 -0.193046 -0.177934 0.142317 -0.121074 0.208349 0.244949 0.137846 -0.054860 0.127137 0.056881 -0.039030 -0.147378 0.132125 -0.082350 0.056169 0.037586 0.534034 0.263514 0.251734 0.231036 0.221971 0.099318 0.412902 -0.054182 -0.422697 -0.167117 -0.202542 0.079695 -0.214601 -0.334270 -0.277393 -0.315455 -0.404260 -0.399826 0.000552 -0.118768 -0.163224 -0.242185 -0.257410 -0.335395 -0.051393 0.049513 -0.227375 -0.259662 -0.130801 -0.450177 -0.414217 -0.188767 -0.130382 -0.287930
-0.009986 -0.048577 0.472437 0.249148 0.101731 -0.083508 0.569516 0.412885 -0.114623 0.240162 0.286667 0.619824 0.505058 0.630866 0.514959 1.000000 -0.050642 -0.076751 0.217241 -0.230198 0.348912 0.180382 0.068219 0.237916 -0.102145 -0.129748 0.054649 0.145882 0.439917 0.277919 0.392520 0.397653 0.083445 0.072517 -0.011640 -0.058604 0.096562 -0.169637 0.237744 0.047905 -0.182848 0.156234 -0.453490 -0.403759 -0.500752 -0.438472 -0.303843 -0.392137 -0.414844 -0.475089 -0.322277 -0.416932 0.040197 -0.297457 -0.002064 -0.443479 -0.465709 -0.183876 -0.332332 -0.596413 0.058739 -0.004716 -0.262868 -0.507633 0.264564 0.434640 -0.330414 -0.374775 0.010336 -0.322201 0.181568 0.425800 0.228499 0.092132 0.207527 0.160146 -0.116065 -0.066945 0.244528 -0.232910 -0.060085 0.087924 0.124306 0.628302 -0.320856 0.373913 -0.301783 0.061708 -0.201192 0.012485 -0.340561 -0.216594 -0.056519 0.043474 -0.287365 -0.305202 -0.281075 -0.266808 -0.396170 -0.529873 0.227593 -0.136202 -0.028992 -0.270185 -0.170288 -0.301830 0.118314 0.092003 -0.253946 -0.255333 -0.200114 -0.562003 -0.226542 -0.282327 0.001129 -0.467736
0.134906 0.107457 -0.175530 -0.226385 -0.094691 -0.296978 0.121061 -0.008543 -0.272003 -0.131059 0.587995 0.104187 0.430434 0.254785 0.125334 -0.050642 1.000000 0.290478 -0.166871 0.394773 -0.219293 -0.350197 -0.206705 -0.087695 -0.027945 -0.167999 0.084571 -0.405740 0.248883 0.182927 -0.035506 -0.129732 0.136413 0.129372 -0.460821 -0.345564 0.040336 0.008584 -0.233415 -0.154551 0.317984 -0.145072 0.042247 0.149864 0.165709 0.198750 -0.004038 -0.028957 -0.138943 0.196276 -0.332030 0.061961 -0.259704 0.052383 0.027330 -0.011869 0.412670 -0.183378 -0.067157 0.101156 0.104613 0.041773 0.413442 0.313366 -0.208061 -0.305635 -0.229644 0.020847 -0.081974 0.112235 0.063470 0.017134 0.246677 0.186247 0.253188 -0.023349 0.167253 -0.102211 0.072542 0.177117 0.412197 0.290290 0.116030 -0.264703 -0.135147 0.108400 0.217140 -0.558506 -0.046464 -0.018962 -0.027575 -0.236906 -0.268976 -0.308965 0.092444 0.112443 -0.090260 -0.154174 0.038602 0.098243 -0.044310 -0.068674 -0.097749 -0.088152 -0.191692 -0.138606 -0.105747 -0.017201 -0.028586 -0.033372 -0.136058 0.174910 0.056896 -0.079331 -0.196240 0.093239
0.393574 0.546765 -0.263134 -0.362035 0.066411 -0.295753 0.014001 -0.043074 -0.108921 0.094639 -0.143087 0.208295 0.237921 0.234623 -0.087484 -0.076751 0.290478 1.000000 -0.352926 0.098797 -0.091278 -0.218232 -0.487119 -0.429330 0.063448 -0.202892 0.101359 -0.486331 0.409748 0.589524 0.095431 0.009471 0.439428 0.316952 -0.513183 -0.429224 0.250435 0.283264 0.122773 0.050079 0.308345 0.256974 0.112383 0.148684 0.130431 -0.031285 0.245419 0.176951 -0.076950 0.163906 -0.285400 -0.147044 -0.159247 0.261447 -0.165918 0.157961 0.431571 0.320299 0.174094 -0.155386 0.242211 0.346443 0.516167 0.629509 -0.370770 -0.423178 -0.141900 -0.572108 -0.197319 -0.197717 0.066179 0.072761 0.688532 0.586200 0.540067 0.476540 0.508561 0.168424 0.095090 0.620741 0.565448 0.499538 -0.071225 -0.032247 0.051715 -0.221673 0.059561 0.015060 -0.239424 -0.361530 -0.180971 -0.221001 -0.380287 -0.448911 -0.000863 0.228158 -0.020869 -0.004109 0.210588 0.168801 -0.392398 -0.303299 -0.193844 -0.259211 -0.117181 -0.113203 -0.268763 -0.104499 -0.073541 0.020304 -0.262767 0.287153 0.124428 0.108425 0.104432 0.153936
-0.287019 -0.117967 0.238310 0.335338 0.134462 -0.020031 0.343966 0.215606 0.086917 -0.060272 0.176150 0.003871 0.180075 0.115077 0.352488 0.217241 -0.166871 -0.352926 1.000000 0.075622 0.283154 0.193727 0.262728 0.227644 0.037294 -0.008712 0.076414 0.353847 0.034472 -0.101861 0.273305 0.120822 0.140850 -0.067979 0.190715 0.105446 -0.063092 -0.370496 -0.116518 -0.280021 -0.553076 0.050662 -0.308125 -0.140139 -0.296086 -0.359973 -0.227114 -0.181671 -0.160590 -0.224118 -0.072012 -0.142948 0.050145 -0.261259 -0.258486 -0.413806 -0.540465 -0.066158 -0.239503 -0.170436 -0.196586 -0.143806 -0.310797 -0.409318 0.278689 0.165904 -0.002543 -0.020190 0.487121 -0.224551 0.045925 0.142123 -0.090622 0.029518 0.045433 -0.081463 -0.270629 -0.158984 0.118207 -0.428657 -0.158183 -0.102073 0.172807 0.146322 -0.063162 0.245552 0.070355 0.055850 0.075085 -0.044848 -0.161765 0.124167 0.138312 0.301360 -0.428928 -0.321512 -0.314992 -0.337747 -0.242148 -0.389498 0.229391 0.145912 -0.057272 0.002184 0.115356 -0.160475 0.348553 -0.274354 -0.113397 -0.109600 -0.057153 -0.440464 -0.158114 -0.244366 -0.085142 -0.378762
0.031174 0.388010 -0.252074 -0.046218 0.059972 -0.034739 0.038737 0.006947 -0.218630 0.029828 0.041364 -0.051701 -0.063418 -0.152650 -0.213469 -0.230198 0.394773 0.098797 0.075622 1.000000 -0.055719 -0.283439 -0.311129 -0.281143 0.090569 -0.074173 0.214211 -0.274488 -0.302425 0.097790 -0.097684 -0.350123 0.037050 0.078416 -0.263286 -0.139615 -0.277324 -0.052584 -0.494984 -0.249126 0.336146 -0.326980 0.153481 0.181709 0.256427 0.065078 0.016782 0.163291 -0.125191 0.238770 -0.447350 0.073682 -0.076974 0.192898 -0.287873 0.085419 0.404533 -0.100657 -0.011431 0.365869 -0.160504 0.047277 0.112242 0.415448 -0.435875 -0.465305 -0.080432 0.255621 -0.020175 0.508060 0.034282 -0.329251 0.096028 0.248875 0.031359 0.049957 0.300958 0.287223 -0.485396 0.114267 -0.008627 -0.219114 -0.049210 -0.388491 -0.147078 -0.300085 0.265992 -0.481890 -0.203482 -0.259419 0.296859 0.232377 0.174327 0.076145 0.404695 0.177211 0.129340 0.123189 0.207356 0.480678 0.112389 0.170831 0.118897 0.428363 0.196531 0.193663 -0.017633 -0.047657 0.326816 0.323975 0.146601 0.439151 0.314252 0.145189 0.046656 0.317751
0.061766 -0.061492 0.178586 0.139295 0.369199 0.433870 0.175510 -0.019944 -0.178620 0.142327 0.225106 0.102618 0.066381 0.164917 0.385224 0.348912 -0.219293 -0.091278 0.283154 -0.055719 1.000000 0.567798 0.291359 0.280014 0.520081 0.538005 0.463682 0.565560 -0.103898 -0.146406 0.514187 0.499230 -0.146195 -0.117687 0.096146 0.019502 -0.430611 -0.430447 -0.099907 -0.237551 -0.348769 -0.168874 -0.252292 -0.270652 -0.347554 -0.383073 -0.275917 -0.292736 -0.225105 -0.406991 0.012166 -0.278500 -0.007812 -0.165801 -0.242565 -0.469682 -0.182650 0.078766 -0.201139 -0.241028 -0.092007 -0.167240 -0.146986 -0.237258 0.287792 0.076538 0.000111 -0.006402 0.320345 0.003814 0.463532 0.312901 -0.255145 0.093930 -0.168916 0.179287 -0.199525 0.025224 -0.021683 -0.135764 -0.080773 -0.090251 0.213777 0.216846 0.325950 0.084224 0.185986 0.131669 0.081362 -0.254860 -0.138965 -0.039771 0.122781 0.063368 -0.139468 -0.350236 -0.140842 -0.116288 -0.365286 -0.200456 -0.045100 -0.120374 -0.072256 -0.036554 -0.055261 -0.234703 0.040520 -0.025734 -0.151637 -0.136377 0.145894 -0.327931 -0.288363 -0.114727 -0.057596 -0.313682
-0.206261 -0.226768 0.240325 0.220908 0.234103 0.324094 0.108960 0.166107 0.171087 0.015599 -0.072857 0.057773 -0.116163 0.056734 0.087035 0.180382 -0.350197 -0.218232 0.193727 -0.283439 0.567798 1.000000 0.089746 0.365321 0.212272 0.308720 0.070454 0.404254 0.048948 -0.058375 0.343724 0.502234 -0.081503 -0.025518 0.139303 0.028653 0.036361 -0.352220 0.134684 -0.045640 -0.281872 0.159172 -0.088005 -0.121349 -0.160021 -0.026604 0.018934 -0.144091 0.012781 -0.175944 0.295628 -0.143224 -0.010729 -0.211191 -0.181159 -0.347393 -0.380817 -0.179766 -0.145074 -0.259322 -0.054521 -0.019489 -0.208428 -0.292330 0.250716 0.239936 0.076187 -0.113106 0.152263 -0.213359 0.381970 0.398710 -0.221541 -0.018636 -0.166790 -0.061881 -0.404139 -0.145941 0.364055 -0.321838 0.110357 0.206083 0.228881 0.506903 0.172010 0.237428 -0.120494 0.179686 0.027196 -0.049310 -0.048129 -0.136975 0.081813 0.001315 -0.302138 -0.503123 -0.227492 -0.332928 -0.157094 -0.418354 -0.106591 -0.028500 -0.196883 -0.297954 -0.284910 -0.359405 -0.037265 -0.120631 -0.384549 -0.225352 -0.186782 -0.363417 -0.169616 -0.355929 -0.324083 -0.487626
-0.119343 -0.530981 0.417548 0.399237 -0.146261 0.223226 0.028786 -0.175938 0.013198 -0.218644 0.352916 -0.117182 0.073919 -0.065104 0.405456 0.068219 -0.206705 -0.487119 0.262728 -0.311129 0.291359 0.089746 1.000000 0.653307 0.084317 0.472767 -0.113913 0.610779 -0.096905 -0.386762 0.317561 0.436541 -0.150804 0.035450 0.432790 0.309854 -0.292925 -0.103263 0.077401 -0.164533 -0.193666 -0.128316 -0.296235 -0.306430 -0.437775 -0.241994 -0.420484 -0.390617 -0.183141 -0.486204 0.268201 -0.202874 -0.162478 -0.396020 0.204616 -0.289902 -0.331138 0.050710 -0.455230 -0.261181 -0.137165 -0.606117 -0.355725 -0.575672 0.626258 0.381685 -0.253695 0.320060 0.152269 0.022420 0.076650 0.224195 -0.381637 -0.250008 -0.140643 -0.039300 -0.170106 -0.107821 0.069266 -0.281948 -0.418433 -0.294054 0.064436 0.010104 0.196262 0.155751 0.057561 0.162446 0.423934 0.186478 -0.224686 -0.140525 0.102111 0.199895 -0.042461 -0.131739 -0.137337 -0.084065 -0.474978 -0.276231 0.198479 0.072555 -0.006076 -0.047189 -0.168503 -0.056398 0.036449 0.260043 -0.055432 -0.268651 0.178309 -0.388768 -0.263818 0.015180 -0.127484 -0.107339
-0.225377 -0.651687 0.560985 0.680843 -0.167953 0.154256 0.274413 0.204269 0.161201 -0.140106 0.329115 0.024271 0.251008 0.246326 0.242953 0.237916 -0.087695 -0.429330 0.227644 -0.281143 0.280014 0.365321 0.653307 1.000000 -0.155232 0.202812 -0.297524 0.392391 0.124560 -0.269473 0.360301 0.643783 -0.093318 0.215054 0.132026 0.136283 -0.189136 -0.275404 0.057326 -0.281010 -0.165623 -0.105223 -0.489200 -0.531121 -0.594478 -0.192237 -0.491390 -0.657492 -0.358104 -0.567402 0.085197 -0.314231 -0.176260 -0.564686 0.050292 -0.602084 -0.501282 -0.265598 -0.634636 -0.336249 -0.057458 -0.457492 -0.194788 -0.674068 0.603930 0.551398 -0.320987 0.228595 0.015973 -0.181741 0.456159 0.664174 -0.321382 -0.137404 -0.065059 -0.044208 -0.400621 -0.317162 0.447549 -0.589411 -0.221808 -0.004952 -0.055559 0.259308 -0.037241 0.350160 -0.269232 -0.120293 0.243010 0.252409 -0.173507 -0.259767 0.278622 0.280841 -0.180336 -0.424664 -0.530730 -0.432549 -0.643324 -0.525117 0.401080 0.208058 -0.007587 -0.103943 -0.290437 -0.203477 0.167362 0.237799 -0.300721 -0.450759 -0.209684 -0.576071 -0.294693 -0.225833 -0.376426 -0.378563
0.129094 0.214207 -0.269588 -0.292673 0.602125 0.516886 -0.177833 -0.425635 -0.452547 0.380896 0.081594 -0.198984 -0.202462 -0.247142 0.222220 -0.102145 -0.027945 0.063448 0.037294 0.090569 0.520081 0.212272 0.084317 -0.155232 1.000000 0.712382 0.834808 0.353758 -0.245063 -0.257595 0.300202 0.176288 -0.058064 -0.093916 0.068899 0.040834 -0.298325 -0.088485 -0.129810 -0.154315 -0.063518 -0.304132 0.221734 0.219752 0.171106 0.106265 0.077596 0.204559 0.019928 0.071317 0.095994 0.012826 -0.195717 0.193466 -0.199560 0.081841 0.261726 0.226868 0.175263 0.067514 -0.158301 -0.317812 0.122353 0.223562 -0.019069 -0.369403 0.230621 0.136206 0.147202 0.171276 0.059888 -0.157654 -0.194825 -0.085806 -0.248542 0.062204 0.037089 0.129982 -0.204371 0.150951 0.117706 -0.162172 0.221014 -0.241522 0.509326 -0.225067 0.526699 0.064724 0.132999 -0.367158 -0.091714 0.059809 -0.224072 -0.232404 0.166375 -0.034932 0.246256 0.077706 0.128613 0.252960 -0.446830 -0.402438 -0.227979 0.038488 0.080175 0.124783 -0.385814 -0.180644 -0.057304 0.067212 0.372236 0.197147 -0.078849 0.083532 0.028672 0.110829
0.114346 -0.061167 -0.128656 -0.038900 0.221607 0.751182 -0.387168 -0.500804 -0.217619 0.187422 0.158142 -0.183807 -0.274906 -0.305270 0.194253 -0.129748 -0.167999 -0.202892 -0.008712 -0.074173 0.538005 0.308720 0.472767 0.202812 0.712382 1.000000 0.405648 0.662884 -0.427568 -0.450847 0.226315 0.342246 -0.178376 -0.074537 0.325600 0.251708 -0.367172 0.070251 -0.007823 -0.076411 -0.086282 -0.301392 0.076792 0.012512 -0.100044 -0.015702 -0.132642 -0.003289 -0.013391 -0.234357 0.393314 -0.055183 -0.104624 -0.074641 0.104943 0.033703 0.141053 0.231699 -0.075923 -0.016613 -0.192468 -0.519284 -0.025760 -0.061335 0.153575 -0.041775 0.134832 0.325324 0.209518 0.250519 0.141238 -0.010374 -0.471193 -0.196202 -0.279885 0.064983 0.002179 0.168607 -0.179889 0.040658 -0.163248 -0.306255 0.180158 -0.166144 0.503034 -0.117350 0.433223 0.155362 0.341151 -0.076130 -0.080595 -0.036778 0.069334 -0.025742 0.228563 -0.072758 0.329952 0.173490 -0.131156 0.192143 -0.246883 -0.163236 -0.233198 0.066716 -0.002363 0.091567 -0.304460 -0.052281 -0.069457 0.009476 0.470621 0.028654 -0.115621 0.142496 -0.006210 0.051644
0.138671 0.284605 -0.347023 -0.360661 0.695364 0.411350 -0.002483 -0.320055 -0.509698 0.409110 0.090110 -0.144549 -0.121645 -0.169572 0.249224 0.054649 0.084571 0.101359 0.076414 0.214211 0.463682 0.070454 -0.113913 -0.297524 0.834808 0.405648 1.000000 0.170746 -0.097741 -0.201397 0.248727 0.022860 -0.016568 -0.157506 -0.044508 -0.050736 -0.252439 -0.231573 -0.105919 -0.129181 -0.106756 -0.287942 0.162420 0.225667 0.219735 0.098460 0.072699 0.220091 -0.091669 0.167679 -0.144821 0.002181 -0.162053 0.223063 -0.214548 0.062436 0.248432 0.173605 0.272521 0.110862 -0.045820 -0.108959 0.145782 0.275908 -0.090945 -0.402594 0.247239 0.039620 0.180955 0.177318 -0.020967 -0.273594 -0.061156 -0.140941 -0.241995 -0.079009 -0.043197 -0.025474 -0.186738 0.115173 0.208260 -0.130822 0.231875 -0.228619 0.369115 -0.175529 0.411087 -0.021540 0.000924 -0.351364 -0.076394 0.059794 -0.272077 -0.214375 0.068729 -0.072496 0.221404 0.057400 0.180721 0.169047 -0.406891 -0.405031 -0.197898 0.045314 0.043191 0.074418 -0.306330 -0.154527 -0.047067 0.065663 0.279710 0.187836 -0.071721 -0.086369 0.116190 0.051210
-0.061613 -0.179809 0.073611 0.174483 0.047249 0.599939 -0.224252 -0.355961 -0.014391 -0.096625 0.195115 -0.086282 -0.154145 -0.165755 0.276815 0.145882 -0.405740 -0.486331 0.353847 -0.274488 0.565560 0.404254 0.610779 0.392391 0.353758 0.662884 0.170746 1.000000 -0.237128 -0.520852 0.135033 0.289784 -0.307809 -0.375572 0.453874 0.197353 -0.209379 -0.094789 0.163323 0.002022 -0.478516 -0.075188 -0.140613 -0.126960 -0.268121 -0.279559 -0.193260 -0.137563 0.086545 -0.346097 0.468416 0.030572 0.190421 -0.203693 0.252662 -0.201392 -0.315073 0.058062 -0.179053 -0.131909 -0.204209 -0.458967 -0.345193 -0.467358 0.320659 0.167753 0.094067 0.221229 0.407792 0.079705 0.209291 0.145641 -0.541012 -0.273247 -0.299595 -0.142542 -0.313141 -0.061330 0.026608 -0.284431 -0.296659 -0.326128 0.289912 0.260306 0.347596 0.215787 0.138348 0.359072 0.317794 0.192065 -0.063914 0.103859 0.217641 0.285157 -0.143391 -0.360715 0.149150 -0.047203 -0.205623 -0.254131 -0.075793 0.051849 -0.136047 -0.015773 -0.074259 -0.142185 0.107793 0.047523 -0.195124 -0.142102 0.315886 -0.409536 -0.280317 -0.184014 -0.104422 -0.313176
0.137922 0.064188 0.203237 -0.045166 -0.083098 -0.459388 0.421565 0.155109 0.015464 -0.120463 0.276107 0.482294 0.649486 0.603058 0.378153 0.439917 0.248883 0.409748 0.034472 -0.302425 -0.103898 0.048948 -0.096905 0.124560 -0.245063 -0.427568 -0.097741 -0.237128 1.000000 0.527072 0.275644 0.334378 0.524042 0.381379 -0.401330 -0.455204 0.554613 0.116677 0.424153 0.014851 -0.032761 0.525617 -0.297746 -0.136123 -0.212201 -0.095129 -0.002632 -0.274644 -0.218423 -0.089273 -0.240324 -0.253423 -0.276899 -0.157886 0.089374 -0.287445 -0.184656 -0.052258 -0.113717 -0.461078 0.367280 0.170617 0.250348 -0.056627 0.113387 0.082760 -0.329199 -0.608030 -0.024105 -0.485436 0.183160 0.519119 0.673650 0.289812 0.580022 0.185278 0.013836 -0.389889 0.665700 0.040180 0.543303 0.633176 0.147176 0.545771 -0.156770 0.527845 -0.344233 0.053548 -0.220809 0.054711 -0.467690 -0.466988 -0.458961 -0.321720 -0.484234 -0.313540 -0.451816 -0.605252 -0.104682 -0.638686 -0.214594 -0.294410 -0.217662 -0.733983 -0.575134 -0.588274 -0.131760 -0.030229 -0.491712 -0.525063 -0.715900 -0.419963 -0.269844 -0.433548 -0.389452 -0.406651
0.010060 0.394982 0.170640 0.002322 -0.045155 -0.603524 0.376259 0.396904 0.090790 -0.048872 -0.098269 0.588036 0.338253 0.453017 0.012619 0.277919 0.182927 0.589524 -0.101861 0.097790 -0.146406 -0.058375 -0.386762 -0.269473 -0.257595 -0.450847 -0.201397 -0.520852 0.527072 1.000000 0.291161 0.148955 0.544569 0.495901 -0.387054 -0.375756 0.424847 0.328382 0.098245 0.174824 0.199799 0.409114 -0.005710 0.091779 -0.002278 -0.071700 0.184294 0.045921 -0.197571 0.069148 -0.377145 -0.252603 -0.164096 0.149810 -0.212822 0.059346 -0.020379 -0.007193 -0.173757 -0.494871 0.057046 0.289994 0.095679 0.224458 -0.191628 -0.120363 -0.445329 -0.700214 -0.251620 -0.457491 0.037123 0.229495 0.869393 0.719787 0.694534 0.550802 0.546549 0.280126 0.086787 0.424112 0.367318 0.518546 -0.064762 0.344720 -0.306595 0.120650 -0.150092 0.053349 -0.460626 -0.234558 -0.324986 -0.298225 -0.423004 -0.422584 -0.099041 0.238338 -0.161973 -0.145876 0.130814 -0.089697 -0.158045 -0.326483 -0.050065 -0.412758 -0.088332 -0.198500 -0.105807 -0.245202 -0.023393 -0.025068 -0.396458 0.059409 0.004558 0.059626 0.089256 -0.002740
-0.016114 -0.066435 0.454186 0.347871 0.318586 -0.115545 0.577539 0.366252 -0.223963 0.169269 0.203885 0.282649 0.322843 0.364787 0.449965 0.392520 -0.035506 0.095431 0.273305 -0.097684 0.514187 0.343724 0.317561 0.360301 0.300202 0.226315 0.248727 0.135033 0.275644 0.291161 1.000000 0.803947 0.372722 0.518717 -0.055214 -0.011179 -0.189185 -0.237681 -0.057252 -0.300264 -0.064722 -0.031371 -0.393898 -0.283220 -0.418705 -0.278779 -0.401999 -0.368001 -0.598708 -0.431944 -0.358663 -0.546786 -0.415646 -0.314727 -0.376718 -0.487343 -0.260854 -0.000893 -0.418122 -0.635602 0.045094 -0.232783 -0.013382 -0.225990 0.462598 0.178526 -0.309396 -0.250822 -0.148766 -0.405042 0.244017 0.462201 0.262108 0.271745 0.270243 0.360572 0.025343 0.000758 0.162331 -0.104663 0.080618 0.082857 0.104178 0.169270 0.138738 0.062457 0.038463 0.032493 -0.060951 -0.437333 -0.586357 -0.472828 -0.416514 -0.283214 -0.119944 -0.100154 -0.370375 -0.275332 -0.441394 -0.323354 -0.077944 -0.436522 -0.246320 -0.280801 -0.130423 -0.126211 -0.028483 0.052715 -0.092487 -0.201767 -0.104285 -0.265772 -0.317384 -0.095508 -0.008185 -0.143975
-0.077975 -0.219718 0.419726 0.377517 0.039606 0.073403 0.312277 0.219677 -0.148175 0.020816 0.175131 0.310748 0.276765 0.397570 0.314656 0.397653 -0.129732 0.009471 0.120822 -0.350123 0.499230 0.502234 0.436541 0.643783 0.176288 0.342246 0.022860 0.289784 0.334378 0.148955 0.803947 1.000000 0.249238 0.485104 -0.055605 -0.021922 -0.084134 -0.126700 0.171687 -0.188173 -0.129878 0.030399 -0.355038 -0.325859 -0.453159 -0.128673 -0.325196 -0.450887 -0.424240 -0.448637 -0.010942 -0.404896 -0.332078 -0.345332 -0.082514 -0.468243 -0.370304 -0.063085 -0.499752 -0.614075 -0.025351 -0.360633 -0.040287 -0.397008 0.441020 0.306921 -0.327297 -0.170289 -0.110773 -0.410872 0.384750 0.732118 0.097857 0.160212 0.205559 0.314063 -0.145021 -0.174969 0.457912 -0.229980 0.094075 0.195882 0.015573 0.361528 0.091572 0.246397 -0.155626 0.116608 -0.053610 -0.185601 -0.499845 -0.517181 -0.251402 -0.226943 -0.208876 -0.270920 -0.356718 -0.412027 -0.493155 -0.480132 -0.083052 -0.359532 -0.275409 -0.426807 -0.339047 -0.280930 -0.043293 0.143512 -0.313205 -0.419557 -0.208052 -0.430028 -0.298793 -0.241204 -0.257216 -0.334473
0.116554 0.315540 0.098380 -0.038809 -0.022281 -0.339796 0.229764 0.175126 -0.112407 -0.129176 -0.069601 0.288837 0.376851 0.395633 0.042010 0.083445 0.136413 0.439428 0.140850 0.037050 -0.146195 -0.081503 -0.150804 -0.093318 -0.058064 -0.178376 -0.016568 -0.307809 0.524042 0.544569 0.372722 0.249238 1.000000 0.676373 -0.253272 -0.185670 0.324389 0.262285 0.132253 0.026466 0.014516 0.359559 -0.218604 -0.009075 -0.112252 -0.047216 -0.042514 -0.050814 -0.256369 -0.017506 -0.244114 -0.280638 -0.324633 -0.157460 -0.115554 -0.064607 -0.050554 0.088074 -0.035728 -0.325714 0.283243 0.220328 0.236502 0.195252 -0.078146 -0.078524 -0.111238 -0.406368 -0.060548 -0.364803 -0.115638 0.233305 0.678588 0.384012 0.555793 0.379443 0.214455 -0.082086 0.309874 0.237183 0.349218 0.357447 -0.130485 0.052866 -0.243524 0.147181 -0.202601 -0.073777 -0.370230 -0.266850 -0.475434 -0.445349 -0.491983 -0.436420 -0.199635 0.110548 -0.129620 -0.260461 -0.010593 -0.196311 -0.236324 -0.349644 -0.261202 -0.422471 -0.169360 -0.222538 -0.237701 -0.229572 -0.092943 -0.181250 -0.330096 -0.087880 -0.032526 -0.077084 -0.064421 -0.080467
0.042064 -0.008736 0.362841 0.275364 0.021469 -0.259304 0.357154 0.353641 -0.031705 0.060252 0.016775 0.337799 0.360633 0.393845 0.094904 0.072517 0.129372 0.316952 -0.067979 0.078416 -0.117687 -0.025518 0.035450 0.215054 -0.093916 -0.074537 -0.157506 -0.375572 0.381379 0.495901 0.518717 0.485104 0.676373 1.000000 -0.201282 0.059102 0.071945 0.151040 -0.014851 -0.245973 0.335629 0.112459 -0.306093 -0.251721 -0.299750 0.028581 -0.274554 -0.353524 -0.476835 -0.235983 -0.347168 -0.455530 -0.570331 -0.264458 -0.244933 -0.261777 -0.059696 -0.002108 -0.293899 -0.389167 0.301515 -0.034169 0.277753 0.055649 0.237751 0.196077 -0.304705 -0.117337 -0.374872 -0.253408 0.119413 0.404566 0.544308 0.407242 0.557201 0.471869 0.327889 0.017214 0.193200 0.118191 0.132005 0.200953 -0.199824 -0.024122 -0.171940 0.050742 -0.197754 -0.160428 -0.213645 -0.271001 -0.521165 -0.581836 -0.373931 -0.331298 0.036580 0.095387 -0.367497 -0.297877 -0.311408 -0.156103 -0.011431 -0.338620 -0.171552 -0.358077 -0.240235 -0.127656 -0.266447 -0.029919 -0.085632 -0.291440 -0.358561 -0.075677 -0.144131 0.099206 -0.141255 0.075894
-0.249798 -0.254148 0.185785 0.262000 0.069620 0.377146 -0.117665 -0.068780 0.221844 0.080598 -0.159248 -0.169501 -0.409533 -0.380953 0.057052 -0.011640 -0.460821 -0.513183 0.190715 -0.263286 0.096146 0.139303 0.432790 0.132026 0.068899 0.325600 -0.044508 0.453874 -0.401330 -0.387054 -0.055214 -0.055605 -0.253272 -0.201282 1.000000 0.779675 -0.061818 0.043197 0.200132 0.305893 -0.314790 0.015332 -0.211617 -0.218348 -0.241419 -0.134431 -0.206705 -0.059934 -0.076230 -0.264210 0.216280 -0.138360 0.071075 -0.306539 0.066958 0.028838 -0.248109 0.196984 -0.120054 -0.113173 -0.209149 -0.196003 -0.552778 -0.417083 0.377713 0.462249 0.162641 0.238310 0.113506 0.010355 -0.291609 -0.217002 -0.446887 -0.385197 -0.257050 -0.199082 -0.075642 0.235757 -0.155380 -0.223320 -0.522526 -0.436556 0.094612 -0.040513 0.177306 0.054839 0.083285 0.388566 0.313768 0.288745 -0.145619 0.107125 0.213758 0.311410 0.044391 0.125262 0.106797 0.394329 -0.150631 -0.074464 0.196889 0.049147 0.119571 0.179358 0.275738 0.319003 0.080239 -0.015834 0.174177 0.209019 0.446097 -0.197997 -0.157950 -0.006043 0.370509 0.023060
-0.257598 -0.274502 0.168133 0.348684 0.076166 0.316121 -0.018395 0.160007 0.062851 0.210048 -0.197114 -0.163176 -0.376393 -0.256614 -0.060445 -0.058604 -0.345564 -0.429224 0.105446 -0.139615 0.019502 0.028653 0.309854 0.136283 0.040834 0.251708 -0.050736 0.197353 -0.455204 -0.375756 -0.011179 -0.021922 -0.185670 0.059102 0.779675 1.000000 -0.209194 -0.080014 0.035240 0.079706 -0.132778 -0.178725 -0.284267 -0.338204 -0.283959 -0.031706 -0.353623 -0.161147 -0.275640 -0.306139 0.000196 -0.237668 -0.118901 -0.336439 -0.114871 -0.069489 -0.135669 0.214334 -0.200591 -0.033337 -0.186607 -0.147027 -0.374931 -0.267236 0.370832 0.471676 0.172413 0.419009 -0.060198 0.052191 -0.232035 -0.190701 -0.412269 -0.254887 -0.199111 -0.067244 -0.017789 0.241828 -0.231722 -0.164405 -0.502912 -0.458037 -0.110338 -0.243811 0.055615 -0.123578 0.048239 0.217393 0.233317 0.148405 -0.206502 -0.036636 0.203161 0.277252 0.177551 0.225107 0.007863 0.446128 -0.314582 0.038015 0.289435 -0.003577 0.196097 0.263819 0.383240 0.411008 0.178594 0.004861 0.292394 0.247744 0.518147 -0.081666 -0.143478 0.213382 0.404350 0.204619
