1.000000 0.250991 0.118300 -0.316547 -0.028201 -0.126504 0.359968 0.012345 0.078582 -0.162239 0.171655 0.429466 0.252786 0.318823 0.081775 0.033791 0.035111 -0.007364 0.468064 0.017789 0.106061 -0.141683 -0.112793 -0.253623 -0.121826 -0.257615 -0.025910 -0.270059 0.215417 0.369283 0.010953 -0.153482 0.203913 0.150225 -0.186644 -0.060140 -0.328572 -0.226295 -0.341406 -0.360383 -0.150660 -0.056948 0.169501 0.184810 0.066821 0.033664 0.040751 0.107043 0.129440 0.029704 -0.266751 0.076969 -0.049146 -0.071598 -0.288454 -0.242205 0.129902 -0.127542 0.372660 -0.113173 0.580082 0.214850 0.364897 0.234182 -0.141128 0.056210 -0.096789 -0.406040 -0.213058 -0.421681 0.147131 0.039669 0.351383 0.377733 0.456671 0.448143 0.447606 0.248545 0.066629 0.027128 -0.070606 -0.150704 0.004811 -0.030248 -0.299873 -0.412875 -0.093563 -0.019550 -0.265677 -0.317141 -0.180127 -0.041632 -0.340781 -0.036546 -0.052589 -0.112514 -0.293640 -0.312065 -0.089531 0.024291 -0.152759 -0.082923 -0.002056 -0.299619 -0.403529 -0.438192 0.010546 -0.229374 0.068958 0.113436 -0.193439 -0.105736 -0.038851 0.094317 -0.291727 -0.166119
0.250991 1.000000 -0.459571 -0.302258 -0.265843 -0.335037 -0.284958 -0.122814 -0.200204 -0.258722 0.013769 0.053485 -0.111998 -0.025699 -0.284840 -0.352695 0.300329 0.302858 -0.042262 0.343061 -0.381585 -0.503239 -0.393664 -0.373416 -0.369804 -0.331098 -0.265403 -0.342066 0.154829 0.199066 -0.227646 -0.368859 0.301010 0.214863 -0.371302 -0.267673 -0.113972 -0.131297 -0.404420 -0.179887 0.083913 -0.112937 0.053822 0.040749 0.046621 -0.119589 0.019997 0.054979 0.140309 0.236567 -0.343515 0.355300 0.231156 0.092548 -0.221692 -0.030169 0.149533 0.411656 0.409615 0.441166 0.199331 0.430342 0.296649 0.570781 -0.523233 0.043921 0.374374 -0.196274 0.486733 0.284910 -0.034378 -0.145471 0.192855 0.115260 0.031945 0.180992 0.150389 0.094923 0.121662 0.336585 0.167683 0.179259 -0.116175 -0.178349 -0.342828 -0.290849 -0.200032 -0.170490 -0.488219 -0.156059 0.019435 -0.116535 -0.224880 -0.252724 -0.187798 -0.025126 -0.274052 -0.086544 0.241337 0.096647 0.205364 -0.122278 0.366530 -0.032482 -0.014646 -0.208817 0.163133 -0.121210 -0.146952 -0.022131 -0.264039 0.079402 -0.058620 0.044694 -0.170305 0.124803
0.118300 -0.459571 1.000000 0.291825 0.381248 0.328385 0.354453 0.033340 0.289512 -0.227071 -0.268283 -0.017429 0.085228 -0.171780 0.343530 0.032122 -0.485257 -0.492901 0.032500 -0.449986 0.288586 0.085823 0.497185 0.380829 0.294168 0.423460 0.124182 0.328113 -0.320994 -0.339053 0.057130 0.030766 -0.230402 -0.202547 0.335674 0.184620 -0.224312 -0.066542 0.130186 -0.021386 -0.139522 -0.150193 -0.058710 -0.008668 -0.013733 0.095326 -0.104776 -0.051217 0.150060 -0.022931 0.510041 -0.030034 0.074692 -0.091505 -0.116940 -0.157449 -0.273172 -0.343810 0.056421 -0.193164 -0.004142 -0.233433 -0.239778 -0.348744 0.410737 -0.015325 -0.028098 0.068208 -0.428686 -0.334833 0.215677 0.129027 -0.233922 -0.148957 -0.027383 0.080550 -0.098951 -0.073414 -0.351084 -0.375496 -0.438589 -0.398850 0.021042 0.016112 0.023240 0.043789 0.160688 0.000227 0.365188 0.075212 0.004284 0.230801 0.181676 0.474492 0.011304 -0.128338 -0.010964 -0.147630 -0.348945 -0.245244 -0.161634 0.092448 -0.253223 0.065272 -0.044593 0.031295 0.031173 -0.108702 0.155786 0.057314 0.207798 -0.127465 0.030290 -0.100732 0.007731 -0.134367
-0.316547 -0.302258 0.291825 1.000000 0.260845 0.616208 0.042689 0.426366 0.321050 0.267946 -0.158410 0.096133 0.033720 0.036537 0.301155 0.480593 -0.248239 -0.370202 -0.154106 -0.442138 0.220286 0.096204 0.368220 0.610348 0.290890 0.323660 0.050065 0.466813 -0.341992 -0.435240 0.020287 0.191596 -0.353463 -0.292779 0.115396 -0.082017 0.035175 0.127739 0.101801 0.242341 0.150939 0.112535 -0.240639 -0.253777 -0.307203 -0.172358 -0.139756 -0.262343 -0.334051 -0.299816 0.133683 -0.251859 -0.177785 -0.100536 -0.007392 -0.059157 -0.262538 -0.166081 -0.314919 -0.104454 -0.418183 -0.209367 -0.517137 -0.440494 0.499787 0.347554 -0.204556 -0.001074 -0.000960 -0.153544 -0.043054 0.186361 -0.409469 -0.213413 -0.156667 -0.142330 -0.233491 -0.193768 -0.262248 -0.169161 -0.128133 -0.339757 0.137207 -0.044967 0.288906 0.295875 0.094943 0.253844 0.497638 0.537849 -0.012190 -0.066574 0.455539 0.076045 0.115472 -0.198569 0.007798 -0.086513 -0.267617 -0.430948 -0.068289 -0.308492 -0.228265 -0.082668 -0.004836 0.107874 0.058222 0.103501 -0.026734 -0.054594 -0.005252 -0.337333 -0.320345 -0.250454 0.040066 -0.121798
-0.028201 -0.265843 0.381248 0.260845 1.000000 0.421258 0.422739 0.206182 0.582681 0.319443 -0.138546 -0.143396 0.044041 -0.121526 0.497925 0.219890 -0.344165 -0.487914 -0.070698 -0.143397 0.261009 0.144315 0.150726 0.159122 0.616423 0.010181 0.427338 0.038797 -0.464660 -0.469404 -0.324569 -0.402247 -0.447246 -0.191357 0.077219 0.162374 -0.438138 -0.386029 0.019950 -0.084287 -0.295843 -0.217201 -0.073278 -0.017793 -0.050863 0.116965 -0.163688 -0.072092 0.168259 0.141089 0.319314 0.075138 0.072617 -0.018806 -0.278187 -0.144860 -0.273533 -0.230507 0.148069 0.161282 -0.024446 0.069530 -0.282026 -0.319760 0.353262 0.272913 -0.136420 0.238015 -0.235907 -0.017774 0.170267 -0.138917 -0.460696 -0.377475 -0.315051 -0.300863 -0.407791 -0.417710 -0.387675 -0.519846 -0.390530 -0.494762 -0.155566 -0.060874 0.029128 -0.135227 0.015595 -0.285789 0.412724 0.072323 0.313246 0.345932 0.496362 0.540087 -0.067483 -0.250106 -0.167468 -0.306459 -0.198709 -0.093313 0.308941 0.277289 -0.128800 0.218282 0.065803 0.062605 -0.142245 -0.156614 -0.036589 -0.222536 -0.219245 -0.025433 0.051286 -0.256212 -0.023584 -0.189805
-0.126504 -0.335037 0.328385 0.616208 0.421258 1.000000 0.120009 0.262002 0.276323 0.182588 -0.288747 -0.169105 -0.130006 -0.003648 0.351098 0.322826 -0.287771 -0.462599 -0.175380 -0.342225 0.385515 0.028547 0.336090 0.644559 0.483531 0.406674 0.236752 0.617703 -0.480154 -0.486833 -0.148941 -0.089070 -0.370584 -0.166596 0.242629 0.109387 -0.029745 0.147935 0.211362 0.260080 -0.164998 0.033907 -0.227719 -0.199628 -0.335272 -0.169724 -0.243080 -0.211089 -0.255812 -0.361752 0.223502 -0.325592 -0.257555 -0.196388 -0.118784 -0.143006 -0.048550 0.011285 -0.263707 -0.183002 -0.299343 -0.205178 -0.405244 -0.453357 0.303836 0.269654 -0.210756 0.060985 -0.073570 -0.032879 0.078935 0.223243 -0.483246 -0.232870 -0.107741 -0.125545 -0.131707 -0.017498 -0.243483 -0.367037 -0.239283 -0.418386 -0.026390 -0.181538 0.067066 0.025835 0.069332 0.068549 0.461080 0.384835 0.205849 0.230213 0.561770 0.410625 0.129883 -0.165442 0.051561 -0.181528 -0.315469 -0.202835 -0.001620 -0.073703 -0.239124 0.128040 0.087114 0.229178 -0.251392 -0.070127 0.053244 -0.193198 0.127404 -0.141162 -0.228023 -0.172785 0.079633 -0.251621
0.359968 -0.284958 0.354453 0.042689 0.422739 0.120009 1.000000 0.556065 0.447520 0.300587 -0.010744 0.249985 0.165056 0.276634 0.256477 0.368610 -0.308079 -0.425236 0.176698 -0.121006 0.227844 0.128971 -0.248072 -0.038665 0.206411 -0.252720 -0.016214 -0.364324 -0.103069 -0.054600 -0.183581 -0.270391 -0.041440 0.199962 -0.092692 0.163307 -0.183716 -0.364023 -0.118445 -0.270099 -0.087133 -0.042365 -0.004842 -0.013052 0.039980 0.083692 -0.009907 -0.141059 0.203623 0.078157 0.065766 0.047242 0.029965 -0.139744 -0.288835 -0.320441 -0.281675 -0.496131 0.249537 0.110208 0.279342 0.306639 -0.115034 -0.184520 0.160875 0.425513 -0.023653 0.041357 -0.417982 -0.320843 0.320816 -0.000046 -0.074285 0.035901 0.121758 0.135148 -0.062261 -0.052521 -0.224327 -0.452234 -0.274677 -0.377504 -0.135433 0.078357 -0.145468 -0.320665 -0.180865 -0.226061 0.163471 -0.218552 0.122638 -0.027940 0.111116 0.109567 0.021895 -0.302945 -0.246137 -0.389295 -0.283941 -0.449416 0.159361 0.101935 -0.128735 -0.178921 -0.306943 -0.370665 -0.018804 -0.228093 -0.105707 -0.159193 -0.442232 -0.385203 -0.274226 -0.400895 -0.390102 -0.237464
0.012345 -0.122814 0.033340 0.426366 0.206182 0.262002 0.556065 1.000000 0.305968 0.501764 -0.159202 0.050052 -0.182943 0.117908 0.019077 0.499441 -0.059114 -0.149663 0.058627 -0.110165 0.247180 0.246683 -0.384115 0.005479 -0.005961 -0.274736 -0.030298 -0.246325 -0.001057 0.023270 -0.023458 -0.035537 0.152726 0.379241 -0.367173 0.001274 0.028276 -0.264070 -0.099637 -0.042725 0.139672 0.217472 -0.288052 -0.318061 -0.285442 -0.268754 -0.217197 -0.385861 -0.216156 -0.209219 -0.290498 -0.206392 -0.163284 -0.282361 -0.337592 -0.399386 -0.298099 -0.389860 0.079279 0.328346 0.129558 0.497196 -0.034840 -0.004036 0.103697 0.469579 0.097275 0.059612 0.033513 -0.090248 0.261880 0.137087 -0.042333 0.115103 0.141114 0.110869 -0.153426 -0.067146 -0.133085 -0.167661 0.018303 -0.132475 -0.015237 0.132725 -0.206795 -0.405639 -0.256521 -0.258199 0.091523 -0.155492 0.110694 -0.353548 0.193027 -0.197169 0.099821 -0.253897 -0.313922 -0.228030 -0.331385 -0.537295 0.304154 -0.013380 0.175873 -0.092025 -0.129316 -0.191493 0.155229 -0.091885 -0.085649 -0.190352 -0.409072 -0.425554 -0.518313 -0.428800 -0.277652 -0.128152
0.078582 -0.200204 0.289512 0.321050 0.582681 0.276323 0.447520 0.305968 1.000000 0.436210 0.048452 0.096746 0.339256 0.150416 0.581467 0.470293 -0.068437 -0.295602 -0.001460 -0.085549 0.148732 0.165417 0.150988 0.214043 0.599118 0.066258 0.132608 -0.039002 -0.098670 -0.222531 -0.137640 -0.189567 -0.164009 -0.156298 -0.082031 -0.044430 -0.063059 -0.220825 0.106162 -0.043400 -0.077029 -0.128382 -0.167555 -0.135574 -0.143765 -0.115541 -0.091894 -0.257379 -0.010450 -0.022995 0.102615 -0.054396 0.082221 -0.041725 0.017905 -0.059391 -0.219397 -0.313338 0.053372 -0.058671 0.035341 0.182008 -0.161749 -0.161496 0.278081 0.349306 -0.203811 -0.093363 -0.137983 -0.126122 -0.042587 -0.005146 -0.140695 -0.121636 -0.139947 -0.111830 -0.191298 -0.239717 -0.218820 -0.171794 -0.162123 -0.325397 -0.202259 -0.237904 0.122240 -0.000078 -0.178137 -0.098266 0.344607 0.120287 -0.022862 -0.123617 0.203946 0.131087 -0.079246 -0.179400 -0.081377 -0.215182 -0.331168 -0.327675 0.079521 -0.169681 -0.331236 -0.242462 -0.228619 -0.284593 0.003430 -0.106957 -0.316914 -0.051769 -0.257222 -0.223244 -0.186430 -0.397597 -0.158617 -0.321086
-0.162239 -0.258722 -0.227071 0.267946 0.319443 0.182588 0.300587 0.501764 0.436210 1.000000 0.128232 -0.055917 0.005704 0.132127 0.223805 0.641231 0.113135 0.046755 -0.055005 0.033641 0.291348 0.452642 -0.196286 0.023757 0.462789 -0.069050 0.313471 -0.098493 0.067870 -0.056932 -0.032501 -0.023803 -0.131369 -0.095295 -0.119175 -0.001537 0.174460 -0.080785 0.111579 0.067420 0.102677 0.264524 -0.165502 -0.192053 -0.140354 -0.138630 -0.072983 -0.191186 -0.166968 -0.101802 -0.163478 -0.214474 -0.049018 -0.025418 0.087583 0.084138 -0.115155 -0.231524 -0.130598 0.152583 -0.163241 0.145390 -0.092642 -0.127349 0.019499 0.129910 -0.181644 0.046614 -0.160032 -0.029050 -0.030153 0.018846 -0.150968 0.012053 0.000256 -0.254215 -0.141789 -0.140992 0.046087 -0.057012 0.182921 0.016492 0.049114 0.052984 0.145147 -0.097449 0.034873 0.014016 0.176606 0.027753 -0.019319 -0.197388 0.032271 -0.172504 0.163485 -0.144941 -0.032550 -0.067385 -0.100413 -0.167464 0.076089 -0.052139 -0.164711 -0.167399 -0.175922 -0.200057 -0.063099 0.026970 -0.120104 -0.029875 -0.256312 -0.148287 -0.246680 -0.345369 -0.119157 -0.286416
0.171655 0.013769 -0.268283 -0.158410 -0.138546 -0.288747 -0.010744 -0.159202 0.048452 0.128232 1.000000 0.298985 0.538074 0.324138 0.339100 0.200464 0.528347 0.287746 0.207439 0.327058 -0.097936 -0.033579 0.025844 -0.149027 -0.103011 -0.328636 -0.108544 -0.214881 0.424923 0.327325 0.072644 0.130271 -0.008528 -0.033052 -0.256917 -0.133790 0.020826 -0.020233 -0.164552 -0.217124 -0.088269 0.042333 0.077732 0.042486 0.070744 0.016193 0.151035 0.075909 0.010864 0.048966 -0.203669 0.073039 0.008090 0.213760 0.280120 0.025024 -0.040888 -0.176556 -0.231814 -0.186767 0.051242 -0.066532 0.224121 0.087894 0.015505 -0.166339 -0.395143 -0.162551 -0.185058 -0.052426 -0.170412 0.003849 0.374268 0.157903 0.066351 0.186955 0.114510 -0.029474 0.389147 0.301814 0.475083 0.274718 0.246171 0.037266 0.451987 0.131545 0.075999 0.065968 -0.003530 0.023107 -0.265248 -0.217607 -0.314087 -0.242503 -0.201510 0.081454 -0.086256 -0.104463 0.098817 0.010324 -0.205406 -0.104610 -0.012619 -0.287475 -0.248518 -0.347337 -0.046709 -0.067130 -0.228721 0.108085 -0.092460 -0.027072 0.013873 -0.045861 -0.181675 -0.103700
0.429466 0.053485 -0.017429 0.096133 -0.143396 -0.169105 0.249985 0.050052 0.096746 -0.055917 0.298985 1.000000 0.512416 0.708563 0.012149 0.219725 0.014187 0.064796 0.120825 -0.197019 -0.247316 -0.158510 0.007766 0.080369 -0.155395 -0.254885 -0.184494 -0.270345 0.260582 0.390639 -0.008171 0.005417 -0.040206 -0.076656 -0.210766 -0.074752 0.033864 0.040921 -0.291049 -0.261897 0.104365 -0.012324 0.164099 0.128563 0.103676 0.084397 0.253500 0.021011 0.096786 0.003119 -0.153537 0.044208 0.080631 -0.000903 0.048726 -0.050282 0.080984 -0.156534 -0.074346 -0.388830 0.170608 -0.078928 0.044423 -0.007962 0.071917 0.281101 -0.381867 -0.396049 -0.277530 -0.555496 -0.076684 -0.012805 0.293187 0.292690 0.328262 0.255371 0.393414 0.123563 0.092401 0.179709 0.029706 -0.055452 0.053542 -0.037816 0.020289 0.049340 -0.089826 0.062776 -0.110527 0.021818 -0.176469 -0.199123 0.006938 -0.122014 -0.151869 -0.139498 -0.200693 -0.181381 0.003824 -0.099263 -0.077320 -0.309681 -0.316314 -0.551645 -0.466242 -0.445753 0.081426 -0.083093 -0.088456 0.059422 -0.315750 -0.140163 0.021702 0.030286 -0.092523 -0.059036
0.252786 -0.111998 0.085228 0.033720 0.044041 -0.130006 0.165056 -0.182943 0.339256 0.005704 0.538074 0.512416 1.000000 0.489953 0.410460 0.217949 -0.036829 -0.098788 0.030797 -0.189228 -0.100392 -0.051591 0.372762 0.223460 0.127844 -0.083232 0.076616 -0.057472 -0.001195 -0.038769 -0.106523 0.021846 -0.249913 -0.320878 -0.028544 -0.196386 -0.044433 0.021425 -0.068668 -0.143190 -0.113753 -0.155041 0.128051 0.080562 0.032576 0.015244 0.168461 -0.018705 0.042309 -0.068774 0.110779 0.062237 0.086097 0.185295 0.326292 0.105591 0.010135 -0.136544 -0.071133 -0.451410 0.133203 -0.186476 -0.153909 -0.197278 0.319125 0.107118 -0.492297 -0.308045 -0.289988 -0.289603 -0.204554 0.008608 -0.015972 0.002107 -0.027038 0.055499 0.196348 -0.066203 0.068980 0.067655 -0.088552 -0.120908 -0.046787 -0.247468 0.453438 0.368130 0.091548 0.215873 0.236266 0.233056 -0.316881 -0.048547 -0.019407 0.079934 -0.142073 -0.101205 -0.023133 -0.143821 -0.036015 -0.065547 -0.204207 -0.304473 -0.357624 -0.478882 -0.351367 -0.292365 0.059622 -0.045794 -0.282344 0.022440 -0.060023 -0.143227 0.017591 -0.023926 -0.082004 -0.154899
0.318823 -0.025699 -0.171780 0.036537 -0.121526 -0.003648 0.276634 0.117908 0.150416 0.132127 0.324138 0.708563 0.489953 1.000000 0.064994 0.419406 0.045438 -0.004660 0.015550 -0.120252 -0.074550 0.037653 -0.046783 0.163243 -0.001034 -0.102746 -0.155458 -0.178376 0.252559 0.342082 0.015762 -0.004966 -0.077214 -0.031722 -0.225101 -0.027311 0.262186 0.235894 -0.074370 -0.019805 0.160027 0.081616 0.008881 0.004641 -0.048828 -0.042928 0.161470 -0.100522 -0.076618 -0.135813 -0.218360 -0.181006 -0.005052 -0.230309 0.145382 -0.099191 -0.042350 -0.267849 -0.044144 -0.247735 0.071703 -0.000029 -0.010750 -0.074299 -0.077460 0.244840 -0.339557 -0.313160 -0.192115 -0.364889 0.056471 0.188120 0.196783 0.240805 0.227664 0.240212 0.233636 0.131304 0.101462 0.109043 0.096177 0.035967 -0.011374 -0.047422 0.037985 -0.026147 -0.047518 0.168516 0.008133 0.093777 -0.053625 -0.190510 0.088112 -0.038153 0.071853 -0.073687 -0.029374 -0.056692 -0.074698 -0.248148 0.117046 -0.165512 -0.222108 -0.358027 -0.314272 -0.348068 -0.002009 -0.109110 -0.043520 -0.064459 -0.217557 -0.285036 -0.260031 -0.157712 -0.104134 -0.094699
0.081775 -0.284840 0.343530 0.301155 0.497925 0.351098 0.256477 0.019077 0.581467 0.223805 0.339100 0.012149 0.410460 0.064994 1.000000 0.372961 -0.071631 -0.348759 0.219712 -0.054493 0.361209 0.054245 0.434167 0.301355 0.521709 0.120507 0.157407 0.182722 -0.101643 -0.217784 -0.003767 0.001706 -0.188684 -0.223115 0.084241 0.030539 -0.205874 -0.161754 0.060638 -0.148947 -0.242573 -0.186813 -0.003962 0.006102 -0.032493 0.025491 -0.059681 0.023870 0.009864 0.063774 0.307409 0.047955 0.006261 0.158673 0.010289 -0.003210 -0.259909 -0.342315 -0.233941 -0.198300 -0.156249 -0.177962 -0.302244 -0.406584 0.450724 0.039961 -0.400114 -0.114531 -0.210307 -0.079821 -0.003154 -0.029049 -0.134734 -0.149053 -0.159536 0.012787 -0.132571 -0.219265 -0.231728 -0.196756 -0.227687 -0.372766 0.074442 -0.095195 0.363659 0.100673 0.102938 0.071812 0.550111 0.254106 -0.093067 0.012398 0.049225 0.172511 -0.126339 -0.088692 0.054036 -0.151414 -0.211222 -0.171238 -0.182473 -0.042559 -0.248279 -0.012361 -0.066541 -0.167650 -0.160524 -0.180959 -0.137167 -0.024397 -0.002546 -0.045914 0.061211 -0.042853 -0.035828 -0.233901
0.033791 -0.352695 0.032122 0.480593 0.219890 0.322826 0.368610 0.499441 0.470293 0.641231 0.200464 0.219725 0.217949 0.419406 0.372961 1.000000 -0.123506 -0.178900 0.113137 -0.150662 0.349001 0.456346 -0.002309 0.240892 0.295640 0.003442 0.049356 0.050325 0.017560 -0.007861 0.125624 0.188161 -0.211975 -0.159289 -0.129186 -0.015746 0.187792 0.083440 0.191118 0.147734 0.238021 0.388365 -0.312471 -0.351870 -0.339635 -0.314164 -0.168291 -0.425656 -0.307342 -0.310368 -0.144723 -0.396678 -0.096674 -0.231696 0.156260 -0.075602 -0.276493 -0.440296 -0.067930 -0.010286 -0.045560 0.131647 -0.128370 -0.269327 0.312833 0.311930 -0.268799 -0.223608 -0.196276 -0.279835 0.178948 0.309238 -0.159698 -0.007040 0.055107 0.049464 -0.073227 -0.051307 -0.116190 -0.168148 0.012545 -0.137815 0.180983 0.273210 0.202501 -0.038522 0.010738 0.108585 0.397856 0.363285 -0.118205 -0.326518 0.154798 -0.047578 0.347090 -0.336889 -0.053643 -0.194998 -0.438406 -0.526789 0.061063 -0.157103 -0.257832 -0.232720 -0.227689 -0.223546 0.016989 0.094688 -0.137734 -0.126405 -0.253610 -0.470545 -0.520231 -0.411458 -0.154059 -0.341876
0.035111 0.300329 -0.485257 -0.248239 -0.344165 -0.287771 -0.308079 -0.059114 -0.068437 0.113135 0.528347 0.014187 -0.036829 0.045438 -0.071631 -0.123506 1.000000 0.779061 0.205557 0.539209 -0.096054 -0.023583 -0.176167 -0.285001 -0.169357 -0.234145 -0.033329 -0.161254 0.689142 0.572401 0.197218 0.146379 0.446611 0.259624 -0.379801 -0.232622 0.309550 0.102921 -0.185005 -0.078566 -0.071141 0.133112 -0.069435 -0.070187 -0.073673 -0.236538 0.009255 0.020859 -0.250281 -0.106474 -0.501463 -0.077017 -0.113170 0.154330 0.078610 -0.051336 0.244743 0.195374 -0.253038 -0.036040 -0.046075 0.068768 0.515193 0.480792 -0.439303 -0.394787 -0.075252 -0.170449 0.290263 0.252964 -0.084061 0.025891 0.640464 0.501682 0.366708 0.219924 0.307656 0.249034 0.566096 0.658965 0.848710 0.649047 0.105596 0.035848 0.062736 -0.070005 -0.045508 0.049168 -0.447411 -0.263445 -0.281171 -0.388919 -0.398784 -0.515463 -0.198244 0.141855 -0.171321 0.060053 0.112966 0.221371 -0.153195 -0.207014 0.191440 -0.215010 -0.229087 -0.270392 -0.135454 -0.216744 -0.154374 0.029649 -0.124397 0.241620 0.012399 -0.035418 -0.196897 -0.131337
-0.007364 0.302858 -0.492901 -0.370202 -0.487914 -0.462599 -0.425236 -0.149663 -0.295602 0.046755 0.287746 0.064796 -0.098788 -0.004660 -0.348759 -0.178900 0.779061 1.000000 0.131814 0.420503 -0.232893 0.070467 -0.212609 -0.365701 -0.309763 -0.243174 0.028195 -0.138919 0.663523 0.627220 0.221967 0.235799 0.438240 0.180822 -0.316508 -0.365540 0.374401 0.178523 -0.150883 -0.031089 0.014199 0.239702 -0.045850 -0.068058 -0.035477 -0.269673 0.062286 -0.011495 -0.283596 -0.170887 -0.506953 -0.176926 -0.135869 0.111241 0.165010 0.101734 0.433943 0.375549 -0.200424 -0.094349 0.044780 0.034660 0.544145 0.612675 -0.435566 -0.469147 -0.016200 -0.312342 0.306161 0.077588 -0.059175 0.108692 0.613930 0.588917 0.398945 0.211400 0.417356 0.337637 0.561453 0.748983 0.730573 0.818891 0.146116 0.119390 -0.077853 -0.037006 -0.047690 0.006733 -0.616372 -0.349696 -0.367717 -0.360322 -0.411120 -0.483905 -0.088777 0.096637 -0.165929 0.152261 0.121305 0.320158 -0.167758 -0.199920 0.087372 -0.281003 -0.264178 -0.161870 -0.070609 -0.032571 -0.121228 0.050399 -0.121030 0.296882 0.126394 0.106052 0.043308 -0.045999
0.468064 -0.042262 0.032500 -0.154106 -0.070698 -0.175380 0.176698 0.058627 -0.001460 -0.055005 0.207439 0.120825 0.030797 0.015550 0.219712 0.113137 0.205557 0.131814 1.000000 0.155235 0.242247 0.075321 0.058470 -0.249500 -0.012229 -0.113581 0.051031 -0.089801 0.270377 0.336879 0.153141 0.053711 0.362995 0.203815 0.032433 0.224682 -0.153862 -0.249110 -0.267856 -0.374002 -0.093744 -0.075877 0.117042 0.120554 0.099805 0.042624 -0.075498 0.134123 -0.092443 0.001239 -0.141726 -0.056689 -0.114605 0.003864 -0.238932 -0.244747 -0.120279 -0.242060 0.047903 -0.048527 0.229217 0.073698 0.263530 0.079320 0.096930 -0.147710 -0.032363 -0.115094 -0.008255 -0.205426 0.104717 -0.193603 0.318278 0.284304 0.346041 0.228930 0.279090 0.120023 0.027566 0.095978 0.125232 0.089116 0.192479 0.275797 -0.028897 -0.235693 0.109357 0.176457 -0.039969 -0.244666 -0.256572 -0.239868 -0.403632 -0.287243 -0.008681 -0.183989 -0.167649 -0.134132 -0.110911 -0.029430 -0.211476 -0.056973 0.093382 -0.122594 -0.212844 -0.351933 0.160503 -0.067602 0.014140 -0.070455 -0.005203 0.002293 -0.032812 0.122413 -0.225007 -0.220717
0.017789 0.343061 -0.449986 -0.442138 -0.143397 -0.342225 -0.121006 -0.110165 -0.085549 0.033641 0.327058 -0.197019 -0.189228 -0.120252 -0.054493 -0.150662 0.539209 0.420503 0.155235 1.000000 -0.210429 -0.116303 -0.440545 -0.532466 -0.157586 -0.305237 -0.138026 -0.366554 0.417108 0.307258 0.118783 -0.002973 0.313423 0.444448 -0.382052 -0.083182 -0.004457 -0.177141 -0.237574 -0.294853 -0.202040 0.090504 0.110520 0.124866 0.131721 0.011996 0.075601 0.166545 -0.076665 0.104444 -0.407888 0.045931 -0.064830 0.037727 -0.083290 -0.116794 0.010826 0.109207 -0.059700 0.239775 0.071585 0.205336 0.401179 0.393948 -0.450701 -0.307794 0.162513 0.165445 0.282220 0.567165 0.053774 -0.052031 0.403810 0.188048 0.108729 0.172761 0.095971 0.203008 0.424485 0.338940 0.364430 0.382723 0.121749 0.146187 -0.182546 -0.203363 -0.146462 -0.196374 -0.348849 -0.346472 -0.071653 -0.239203 -0.414207 -0.327975 -0.271594 0.051572 -0.121905 -0.119932 0.182358 0.050595 0.052843 0.086281 0.363288 0.041180 -0.064321 -0.161272 -0.044903 -0.014808 -0.178207 0.093641 -0.208033 0.083802 0.046193 -0.048264 -0.341473 0.012066
0.106061 -0.381585 0.288586 0.220286 0.261009 0.385515 0.227844 0.247180 0.148732 0.291348 -0.097936 -0.247316 -0.100392 -0.074550 0.361209 0.349001 -0.096054 -0.232893 0.242247 -0.210429 1.000000 0.527192 0.270070 0.300127 0.461754 0.337994 0.390542 0.345130 -0.118889 -0.070326 0.347201 0.308205 0.004577 -0.024273 0.170945 0.180607 -0.071595 0.091333 0.340511 0.092143 -0.047881 0.221325 -0.134737 -0.133795 -0.186273 -0.142403 -0.239920 -0.091511 -0.227965 -0.144476 0.127907 -0.155428 -0.081721 0.027592 -0.110406 -0.083628 -0.246656 -0.382135 -0.051246 0.018072 -0.168507 -0.111739 -0.168622 -0.293652 0.113020 -0.176230 -0.090050 -0.063882 -0.158979 -0.108082 0.277730 0.242843 -0.145636 0.040417 0.075090 0.049010 -0.012331 0.062508 -0.140297 -0.317836 -0.030849 -0.212577 0.110015 0.193906 -0.023028 -0.140325 0.300160 0.259042 0.232370 0.140466 -0.183527 -0.058649 -0.011550 0.109668 0.295133 -0.075462 0.092616 -0.049519 -0.284949 -0.159883 -0.162877 0.095245 -0.022308 0.179965 0.096873 0.023533 -0.033319 -0.098157 0.228892 0.002324 0.255114 -0.123495 -0.093078 -0.006094 0.062209 -0.111629
-0.141683 -0.503239 0.085823 0.096204 0.144315 0.028547 0.128971 0.246683 0.165417 0.452642 -0.033579 -0.158510 -0.051591 0.037653 0.054245 0.456346 -0.023583 0.070467 0.075321 -0.116303 0.527192 1.000000 0.028470 0.114277 0.257761 0.110229 0.343182 0.057253 0.129916 0.080564 0.293112 0.374004 -0.082843 -0.146651 0.022371 0.135521 0.212697 0.109225 0.379813 0.209953 0.138405 0.506304 -0.206540 -0.221678 -0.115661 -0.120427 -0.114952 -0.229490 -0.183800 -0.153248 0.039049 -0.321078 -0.053080 -0.142825 0.085593 -0.017600 -0.092227 -0.277661 -0.084935 -0.013611 -0.132178 -0.037383 -0.050761 -0.148921 0.069052 -0.148707 -0.120800 -0.007297 -0.260551 -0.229268 0.154011 0.181670 -0.102102 0.012162 0.032632 -0.196505 -0.209001 -0.112834 0.045938 -0.094128 0.183437 0.256698 0.223123 0.440576 0.073848 0.008230 0.220176 0.063323 0.130483 0.031253 -0.167877 -0.236914 0.025364 -0.021702 0.532403 -0.137865 0.150953 0.068369 -0.330828 -0.264303 0.032983 0.071508 -0.234105 -0.079280 -0.151697 0.078491 0.059059 0.015520 0.111360 -0.061597 0.054297 -0.226099 -0.210304 -0.300894 -0.001337 -0.205177
-0.112793 -0.393664 0.497185 0.368220 0.150726 0.336090 -0.248072 -0.384115 0.150988 -0.196286 0.025844 0.007766 0.372762 -0.046783 0.434167 -0.002309 -0.176167 -0.212609 0.058470 -0.440545 0.270070 0.028470 1.000000 0.685830 0.372386 0.586652 0.318172 0.672233 -0.326945 -0.324009 0.064513 0.222238 -0.344314 -0.457241 0.457027 0.005760 -0.008867 0.357148 0.336055 0.259859 -0.189438 -0.156472 -0.090443 -0.071493 -0.147873 -0.063918 -0.136387 -0.018923 -0.173415 -0.233380 0.464172 -0.112600 -0.008932 0.169049 0.311290 0.138331 0.035209 0.034266 -0.325035 -0.548021 -0.320401 -0.577079 -0.381802 -0.347024 0.521232 -0.166756 -0.397899 -0.190280 -0.091795 -0.195181 -0.145604 0.087786 -0.271826 -0.124521 -0.122601 -0.028603 0.055135 -0.009206 -0.155556 -0.041521 -0.190244 -0.239993 -0.025250 -0.230866 0.494351 0.473597 0.454567 0.530253 0.481067 0.513397 -0.299539 0.216583 0.137652 0.339330 -0.034785 0.070411 0.183543 0.078484 -0.216687 0.105025 -0.461556 -0.185854 -0.340213 -0.013265 0.027919 0.157993 0.010463 -0.009792 0.093856 0.103642 0.492319 0.039073 0.180891 0.212239 0.278148 -0.022047
-0.253623 -0.373416 0.380829 0.610348 0.159122 0.644559 -0.038665 0.005479 0.214043 0.023757 -0.149027 0.080369 0.223460 0.163243 0.301355 0.240892 -0.285001 -0.365701 -0.249500 -0.532466 0.300127 0.114277 0.685830 1.000000 0.328367 0.492109 0.084092 0.629828 -0.400946 -0.432216 -0.147851 0.096181 -0.464471 -0.331288 0.284968 0.077072 0.208712 0.504748 0.396198 0.434889 -0.021526 0.116998 -0.318315 -0.307203 -0.331858 -0.234543 -0.245026 -0.263315 -0.215698 -0.367231 0.357880 -0.243573 0.001316 -0.077319 0.204516 -0.007361 0.010581 0.051943 -0.316288 -0.418584 -0.445233 -0.365577 -0.637179 -0.437903 0.361871 0.245114 -0.389301 -0.138053 -0.151494 -0.189233 -0.066617 0.178374 -0.457218 -0.217370 -0.160271 -0.146478 -0.132483 -0.068199 -0.209934 -0.214933 -0.195880 -0.272600 -0.019489 -0.256502 0.277540 0.321785 0.303099 0.311572 0.537834 0.660947 -0.015232 0.168389 0.432254 0.388286 0.226412 -0.036281 0.178633 0.006941 -0.342176 -0.231705 -0.203247 -0.179056 -0.333074 -0.003320 -0.009575 0.160479 0.009606 0.026831 0.036357 -0.141672 0.213418 -0.181029 -0.208055 -0.097147 0.274387 -0.044584
-0.121826 -0.369804 0.294168 0.290890 0.616423 0.483531 0.206411 -0.005961 0.599118 0.462789 -0.103011 -0.155395 0.127844 -0.001034 0.521709 0.295640 -0.169357 -0.309763 -0.012229 -0.157586 0.461754 0.257761 0.372386 0.328367 1.000000 0.503627 0.556104 0.377063 -0.310120 -0.407362 -0.009747 -0.119209 -0.360916 -0.413636 0.403295 0.230823 -0.062250 -0.009980 0.213499 0.050676 -0.123997 -0.159054 0.003868 0.051318 0.032955 0.115101 -0.052659 0.030204 -0.017002 0.015682 0.367488 -0.067796 0.016922 0.107930 0.090667 0.120622 -0.099186 -0.137399 -0.195895 -0.170834 -0.346337 -0.328753 -0.315243 -0.452667 0.188149 -0.066289 -0.258540 0.090710 -0.231430 -0.113337 -0.049581 -0.005007 -0.390715 -0.244694 -0.240649 -0.367936 -0.109434 -0.141031 -0.213347 -0.300032 -0.173301 -0.331469 0.007139 -0.124142 0.186831 0.131876 0.300559 0.207487 0.381429 0.188467 0.011473 0.184646 0.220097 0.283479 0.027131 -0.060951 0.136283 -0.022562 -0.070861 -0.007429 -0.073645 -0.062269 -0.407118 -0.008012 0.004725 0.015134 -0.173054 -0.027760 -0.003717 0.045142 0.197776 0.056246 0.067871 -0.131621 0.060549 -0.251413
-0.257615 -0.331098 0.423460 0.323660 0.010181 0.406674 -0.252720 -0.274736 0.066258 -0.069050 -0.328636 -0.254885 -0.083232 -0.102746 0.120507 0.003442 -0.234145 -0.243174 -0.113581 -0.305237 0.337994 0.110229 0.586652 0.492109 0.503627 1.000000 0.228216 0.764025 -0.326957 -0.389284 0.296901 0.267051 -0.207572 -0.355649 0.562502 0.120887 0.193003 0.462975 0.451244 0.388705 0.066265 -0.041441 -0.182867 -0.141648 -0.187336 -0.112061 -0.252490 -0.120519 -0.266879 -0.258321 0.368390 -0.251221 -0.152358 -0.123838 0.343443 0.088724 -0.054919 -0.012631 -0.218482 -0.188032 -0.390008 -0.466709 -0.241620 -0.284076 0.170416 -0.279723 0.008988 0.070223 -0.045168 -0.014470 -0.063396 0.231877 -0.286161 -0.094157 -0.068567 -0.134688 -0.026808 0.126526 -0.191581 -0.089527 -0.123304 -0.196950 0.170971 -0.124515 0.248144 0.403468 0.518913 0.607511 0.359960 0.428148 -0.169271 0.110937 0.140873 0.270392 0.085803 0.123864 0.322640 0.191742 -0.199151 -0.065936 -0.266169 -0.064515 -0.204847 0.218561 0.239628 0.278806 -0.081852 0.146571 0.154937 0.274514 0.673256 -0.023643 0.011368 0.142420 0.224211 0.046307
-0.025910 -0.265403 0.124182 0.050065 0.427338 0.236752 -0.016214 -0.030298 0.132608 0.313471 -0.108544 -0.184494 0.076616 -0.155458 0.157407 0.049356 -0.033329 0.028195 0.051031 -0.138026 0.390542 0.343182 0.318172 0.084092 0.556104 0.228216 1.000000 0.254327 -0.225989 -0.219668 0.068196 0.019262 -0.171043 -0.281283 0.265676 0.064535 -0.178151 -0.078221 0.071050 0.008338 -0.235090 0.007549 0.074392 0.052324 0.051058 0.049828 -0.070215 0.048599 -0.035900 -0.043603 0.199827 -0.072399 -0.067607 0.160935 -0.055685 0.079528 0.117577 0.074229 -0.107321 -0.128487 -0.141276 -0.301641 -0.062723 -0.211670 0.141263 -0.297226 -0.128139 0.028795 -0.111156 -0.101261 0.067202 0.036249 -0.280560 -0.043337 -0.024457 -0.243654 0.057093 -0.056108 -0.014862 -0.154797 -0.045200 -0.097954 -0.010703 0.040944 0.184363 0.072829 0.312626 0.180093 0.104328 -0.061734 -0.090770 0.166808 0.092292 0.179632 0.019995 -0.202771 -0.100175 -0.146041 -0.028082 0.233292 -0.094078 -0.005202 -0.258974 -0.086097 -0.084261 0.076264 -0.154027 -0.229022 0.138115 -0.007625 0.191361 0.159195 0.147567 0.011924 0.045453 -0.267009
-0.270059 -0.342066 0.328113 0.466813 0.038797 0.617703 -0.364324 -0.246325 -0.039002 -0.098493 -0.214881 -0.270345 -0.057472 -0.178376 0.182722 0.050325 -0.161254 -0.138919 -0.089801 -0.366554 0.345130 0.057253 0.672233 0.629828 0.377063 0.764025 0.254327 1.000000 -0.402234 -0.432978 0.076719 0.226822 -0.367538 -0.396016 0.503316 0.009945 0.175505 0.447147 0.422257 0.388048 -0.016099 0.068817 -0.277596 -0.241405 -0.347050 -0.223269 -0.320968 -0.168765 -0.427101 -0.484671 0.254747 -0.432551 -0.359531 -0.125320 0.246627 0.060673 0.099415 0.237095 -0.313502 -0.320729 -0.362386 -0.504041 -0.290802 -0.307560 0.323698 -0.197746 -0.133214 0.000727 0.070003 -0.004747 -0.085373 0.246243 -0.379096 -0.109330 -0.106401 -0.136097 -0.038536 0.047360 -0.134245 -0.062368 -0.060457 -0.111823 0.157982 -0.145844 0.324783 0.425075 0.408090 0.495315 0.395051 0.542708 -0.197035 0.224859 0.242847 0.333515 0.193751 0.008688 0.261650 0.096620 -0.266256 0.006935 -0.375113 -0.106068 -0.246650 0.200894 0.179648 0.339819 -0.186440 0.161016 0.124799 0.036003 0.534301 0.025585 -0.053696 0.154207 0.359742 -0.050167
0.215417 0.154829 -0.320994 -0.341992 -0.464660 -0.480154 -0.103069 -0.001057 -0.098670 0.067870 0.424923 0.260582 -0.001195 0.252559 -0.101643 0.017560 0.689142 0.663523 0.270377 0.417108 -0.118889 0.129916 -0.326945 -0.400946 -0.310120 -0.326957 -0.225989 -0.402234 1.000000 0.831785 0.441654 0.351693 0.538372 0.305851 -0.411929 -0.162566 0.375287 0.031896 -0.187496 -0.238430 0.139604 0.209507 0.171276 0.175576 0.189187 -0.026964 0.300778 0.203543 -0.044988 0.094004 -0.457529 -0.031651 0.044292 0.114522 0.034818 0.064953 0.016469 -0.181936 -0.182014 -0.082299 0.076619 0.053541 0.546483 0.369225 -0.477051 -0.418894 -0.099833 -0.315462 -0.016799 -0.091275 0.038959 0.105544 0.869142 0.545312 0.520106 0.360929 0.408454 0.315529 0.469739 0.604725 0.613134 0.637187 0.237063 0.229486 -0.211192 -0.242750 -0.166190 -0.121535 -0.561579 -0.450939 -0.256297 -0.478642 -0.581244 -0.580082 -0.067487 0.140835 -0.042013 0.106998 0.162825 0.060790 -0.156984 -0.186764 0.037915 -0.357494 -0.362909 -0.403376 -0.026391 -0.086870 0.013049 0.125474 -0.171333 0.167222 0.008798 0.017994 -0.214579 -0.149793
0.369283 0.199066 -0.339053 -0.435240 -0.469404 -0.486833 -0.054600 0.023270 -0.222531 -0.056932 0.327325 0.390639 -0.038769 0.342082 -0.217784 -0.007861 0.572401 0.627220 0.336879 0.307258 -0.070326 0.080564 -0.324009 -0.432216 -0.407362 -0.389284 -0.219668 -0.432978 0.831785 1.000000 0.381794 0.248592 0.559775 0.373016 -0.396196 -0.114242 0.361857 0.144588 -0.108326 -0.158692 0.194838 0.282343 0.070082 0.062175 0.028180 -0.156253 0.179869 0.095597 -0.129128 -0.024483 -0.572735 -0.076953 0.025647 0.112705 0.020150 -0.027309 0.073584 -0.170415 -0.048431 -0.064948 0.229036 0.193745 0.582879 0.470853 -0.425062 -0.282920 -0.092338 -0.394346 0.086181 -0.136496 0.145524 0.121353 0.849927 0.719009 0.642516 0.574293 0.544627 0.459607 0.363143 0.568582 0.506944 0.551637 0.143557 0.266786 -0.316861 -0.356603 -0.163229 -0.125887 -0.566780 -0.440007 -0.281693 -0.456928 -0.460684 -0.463064 -0.032764 0.168426 -0.105511 0.187794 0.092087 0.167657 -0.035546 -0.061821 0.154337 -0.272493 -0.256581 -0.298540 0.004688 -0.122649 0.101959 0.107742 -0.168873 0.160458 0.100185 0.144695 -0.080841 0.009003
0.010953 -0.227646 0.057130 0.020287 -0.324569 -0.148941 -0.183581 -0.023458 -0.137640 -0.032501 0.072644 -0.008171 -0.106523 0.015762 -0.003767 0.125624 0.197218 0.221967 0.153141 0.118783 0.347201 0.293112 0.064513 -0.147851 -0.009747 0.296901 0.068196 0.076719 0.441654 0.381794 1.000000 0.827587 0.393691 0.148104 0.036877 -0.053898 0.138751 0.240745 0.203810 0.094110 0.143963 0.208671 0.061459 0.043450 -0.032796 -0.090450 0.057555 0.044723 -0.316683 -0.130002 -0.157427 -0.222487 -0.165846 0.030085 0.156922 0.038327 -0.138005 -0.349661 -0.227597 -0.109427 -0.080807 -0.243024 0.278437 0.033910 -0.057229 -0.516451 -0.007837 -0.151938 -0.013451 -0.056425 0.115073 0.392341 0.459742 0.313652 0.248770 0.322919 0.280054 0.338417 0.094804 0.222833 0.200777 0.102871 0.348987 0.345468 -0.034501 0.052729 0.181884 0.348993 -0.177684 -0.083404 -0.335757 -0.372629 -0.353396 -0.325410 -0.011944 0.130597 0.142668 0.133874 -0.049955 -0.055399 -0.234515 -0.069428 0.015901 -0.045336 0.079798 0.048600 -0.049641 0.110801 0.198123 0.337526 0.349755 -0.036949 0.076028 0.164581 0.004986 0.087551
-0.153482 -0.368859 0.030766 0.191596 -0.402247 -0.089070 -0.270391 -0.035537 -0.189567 -0.023803 0.130271 0.005417 0.021846 -0.004966 0.001706 0.188161 0.146379 0.235799 0.053711 -0.002973 0.308205 0.374004 0.222238 0.096181 -0.119209 0.267051 0.019262 0.226822 0.351693 0.248592 0.827587 1.000000 0.211626 0.040634 -0.000816 -0.207596 0.179968 0.332431 0.264718 0.116056 0.020324 0.281376 -0.047538 -0.069711 -0.125775 -0.170823 0.017000 -0.061371 -0.448522 -0.302969 -0.124313 -0.313179 -0.260836 0.064121 0.299861 0.094455 -0.006579 -0.199959 -0.376453 -0.282120 -0.155677 -0.318466 0.067875 -0.011300 0.150495 -0.430554 -0.187427 -0.199954 -0.028397 -0.085727 0.056879 0.435785 0.332425 0.263874 0.210144 0.233886 0.215799 0.319292 0.290289 0.256712 0.212355 0.184458 0.290498 0.203074 0.204734 0.277933 0.170976 0.358624 -0.002855 0.159017 -0.434542 -0.350218 -0.258434 -0.301780 0.067575 0.111314 0.163628 0.109698 -0.131458 -0.154682 -0.365914 -0.157526 -0.086244 -0.147896 -0.016465 0.126317 0.002420 0.268788 0.111601 0.256288 0.312106 -0.139961 -0.043227 0.103871 0.092729 0.052726
0.203913 0.301010 -0.230402 -0.353463 -0.447246 -0.370584 -0.041440 0.152726 -0.164009 -0.131369 -0.008528 -0.040206 -0.249913 -0.077214 -0.188684 -0.211975 0.446611 0.438240 0.362995 0.313423 0.004577 -0.082843 -0.344314 -0.464471 -0.360916 -0.207572 -0.171043 -0.367538 0.538372 0.559775 0.393691 0.211626 1.000000 0.614780 -0.160135 -0.012729 0.105521 -0.158955 -0.191203 -0.194619 0.085019 -0.070933 0.081827 0.041408 0.100937 -0.089764 -0.011437 0.013577 -0.063567 0.077098 -0.344197 0.053203 -0.034760 0.006105 -0.190921 -0.177735 0.054630 -0.058402 0.116076 0.211497 0.281561 0.348016 0.457587 0.489999 -0.292158 -0.190168 0.415843 -0.091189 0.375259 0.126407 -0.025509 -0.084281 0.641788 0.427587 0.392496 0.349719 0.342917 0.248471 0.132611 0.349432 0.290060 0.286864 -0.063137 0.094894 -0.347323 -0.332695 -0.278383 -0.032016 -0.511438 -0.525782 -0.241657 -0.482860 -0.505460 -0.568293 -0.210822 0.080062 -0.182828 0.042874 0.005134 0.028694 -0.094817 -0.135180 0.295420 -0.079172 -0.025398 -0.283857 0.120604 -0.173479 -0.041207 -0.003584 -0.047674 0.057868 0.017833 0.116273 -0.112430 0.015353
0.150225 0.214863 -0.202547 -0.292779 -0.191357 -0.166596 0.199962 0.379241 -0.156298 -0.095295 -0.033052 -0.076656 -0.320878 -0.031722 -0.223115 -0.159289 0.259624 0.180822 0.203815 0.444448 -0.024273 -0.146651 -0.457241 -0.331288 -0.413636 -0.355649 -0.281283 -0.396016 0.305851 0.373016 0.148104 0.040634 0.614780 1.000000 -0.322213 0.115744 0.020238 -0.137987 -0.134362 -0.184359 -0.103293 0.074939 -0.137586 -0.140947 -0.116845 -0.167246 -0.180793 -0.142890 -0.101342 -0.130341 -0.467415 -0.115527 -0.106576 -0.235263 -0.416318 -0.571719 -0.056712 -0.095979 0.183329 0.327518 0.329242 0.510209 0.388759 0.481465 -0.256811 0.074758 0.306626 0.151671 0.328360 0.284290 0.283328 0.057336 0.435367 0.325178 0.290822 0.368073 0.170446 0.305232 0.147420 0.141032 0.124668 0.127061 -0.086851 0.054429 -0.460287 -0.577867 -0.292345 -0.332068 -0.388117 -0.499940 0.073514 -0.241628 -0.215833 -0.214877 -0.180128 -0.018005 -0.316919 -0.233833 -0.154625 -0.186538 0.208993 0.157932 0.441780 0.118590 -0.030249 -0.232364 0.108308 -0.065992 -0.056684 -0.184134 -0.228879 -0.116271 -0.217798 -0.110560 -0.233054 0.034197
-0.186644 -0.371302 0.335674 0.115396 0.077219 0.242629 -0.092692 -0.367173 -0.082031 -0.119175 -0.256917 -0.210766 -0.028544 -0.225101 0.084241 -0.129186 -0.379801 -0.316508 0.032433 -0.382052 0.170945 0.022371 0.457027 0.284968 0.403295 0.562502 0.265676 0.503316 -0.411929 -0.396196 0.036877 -0.000816 -0.160135 -0.322213 1.000000 0.496320 0.028038 0.188183 0.271661 0.261859 0.079678 -0.149967 0.141566 0.144711 0.148782 0.258152 0.011972 0.205597 0.072231 0.019180 0.486330 -0.065496 -0.065301 0.043314 0.129180 0.209912 0.055779 0.086358 -0.167508 -0.241015 -0.275073 -0.494196 -0.293979 -0.431139 0.323216 -0.098741 0.011188 0.229518 -0.217720 -0.136967 -0.233259 -0.150504 -0.373256 -0.276738 -0.158653 -0.302430 0.037986 -0.036457 -0.337061 -0.249222 -0.329541 -0.263048 0.140485 0.045579 0.202496 0.253691 0.442756 0.389363 0.277570 0.175470 -0.078265 0.272329 0.028247 0.251529 0.134426 0.015919 0.399495 0.138092 0.081251 0.178738 -0.288081 0.000565 -0.296094 0.172422 0.253506 0.230879 -0.015507 0.152107 0.199750 0.014864 0.552733 0.201024 0.246344 0.241977 0.294819 -0.048247
-0.060140 -0.267673 0.184620 -0.082017 0.162374 0.109387 0.163307 0.001274 -0.044430 -0.001537 -0.133790 -0.074752 -0.196386 -0.027311 0.030539 -0.015746 -0.232622 -0.365540 0.224682 -0.083182 0.180607 0.135521 0.005760 0.077072 0.230823 0.120887 0.064535 0.009945 -0.162566 -0.114242 -0.053898 -0.207596 -0.012729 0.115744 0.496320 1.000000 -0.032793 -0.079340 0.072287 -0.010790 0.135655 -0.089463 0.080354 0.134181 0.229034 0.373927 -0.069221 0.206836 0.239191 0.162377 0.209801 -0.040557 0.165807 -0.208645 -0.278981 -0.234948 -0.141474 -0.171270 0.089892 0.077113 -0.088835 -0.076144 -0.119469 -0.314451 0.048234 0.100314 0.155251 0.538414 -0.227470 -0.025599 -0.087436 -0.398889 -0.220057 -0.317202 -0.122893 -0.313542 -0.104231 -0.167414 -0.230510 -0.330484 -0.213321 -0.185975 0.092477 0.252383 -0.100074 -0.260100 0.158430 -0.090104 0.209340 -0.109977 0.242200 0.115583 -0.045476 0.075018 0.206791 -0.093122 0.158580 0.000637 0.062508 -0.001002 0.102830 0.222946 -0.030328 0.249748 0.178547 -0.032354 0.113433 -0.039197 0.287917 -0.229518 0.279898 0.109024 0.043492 0.055218 0.018743 -0.096714
