1.000000 0.779619 -0.071993 -0.419046 -0.134250 -0.235510 0.201742 -0.581581 -0.025050 -0.260605 0.557415 0.300599 0.272400 -0.047105 0.318149 -0.142602 0.359813 0.343155 0.449838 0.595985 -0.262939 -0.405294 -0.040156 -0.495680 -0.200680 -0.325270 0.054557 -0.172176 0.381601 0.064371 -0.238636 -0.433877 -0.026676 0.088899 -0.168631 -0.308890 -0.086954 -0.233386 0.018761 -0.083089 -0.027109 -0.086198 -0.092666 -0.117101 -0.215530 -0.408858 -0.012706 -0.042029 -0.432837 -0.189844 -0.341399 -0.270399 0.091140 0.081451 -0.055289 0.038681 0.520238 0.502810 -0.131279 -0.236676 -0.109321 0.086354 -0.018481 0.270413 -0.166393 -0.448324 -0.477001 -0.592075 0.601550 0.269633 -0.273035 -0.426473 0.226942 0.022343 0.063901 -0.191426 0.197526 -0.212456 0.121218 0.117167 0.188674 0.262223 0.304702 0.302579 0.421707 0.098041 0.177431 0.052686 -0.014806 -0.324905 -0.234399 0.065512 -0.509215 0.098058 0.000811 0.115410 -0.151783 0.108863 0.124880 0.335330 0.065358 0.358020 0.262824 0.201247 0.023916 0.157538 0.111004 0.055101 -0.088184 -0.080333 -0.119224 0.091252 0.097985 -0.061118 -0.065246 0.081226
0.779619 1.000000 -0.292601 -0.262283 -0.279732 -0.208658 -0.019513 -0.449173 -0.264844 -0.217917 0.383495 0.346810 0.112327 0.019231 0.071669 -0.229373 0.254151 0.548343 0.475375 0.751467 -0.238119 -0.247898 -0.296502 -0.599362 -0.201801 -0.316752 -0.245218 -0.253902 0.420699 0.234371 -0.213640 -0.387677 0.105039 0.259997 -0.232985 -0.440065 -0.047315 -0.139329 -0.021470 0.047570 -0.021198 0.040353 -0.130266 -0.191796 -0.247026 -0.466029 -0.008948 -0.116780 -0.526447 -0.189910 -0.435585 -0.293988 0.113545 0.020190 -0.159369 0.013638 0.613750 0.714223 -0.161332 -0.104512 -0.064483 0.394631 -0.097329 0.527989 -0.384537 -0.487672 -0.454681 -0.657372 0.705193 0.397930 -0.273419 -0.354078 0.220716 0.047110 -0.027625 -0.251687 -0.038005 -0.372871 0.198790 0.129085 0.197693 0.300340 0.254710 0.356411 0.364268 0.120168 0.085361 -0.048531 -0.216347 -0.332473 -0.229321 -0.213899 -0.438472 -0.087521 -0.015524 -0.009671 -0.057338 0.107224 0.078573 0.364240 0.231338 0.310779 0.372584 0.200836 -0.094200 -0.067824 0.255693 0.157936 -0.053612 0.087674 -0.195259 0.088167 0.216968 -0.269691 -0.084755 0.056610
-0.071993 -0.292601 1.000000 -0.209039 0.570350 -0.065348 0.653146 -0.009962 0.500235 0.047972 0.109152 -0.226532 0.319930 -0.048040 0.298474 0.238188 -0.137141 -0.209298 0.250085 -0.349144 0.017467 -0.290198 0.493097 0.108257 0.160509 0.004172 0.478312 -0.012160 0.026629 -0.125304 0.223917 0.001072 -0.001487 -0.248661 0.015070 -0.137319 -0.073258 -0.166719 0.162158 -0.158807 -0.081224 -0.189234 -0.386422 -0.271527 -0.302874 -0.377930 -0.259914 -0.212819 0.170793 -0.341299 0.157249 -0.112302 -0.092508 -0.040273 0.154914 -0.121593 -0.459348 -0.287004 0.187225 -0.130288 0.210746 -0.132816 0.178608 -0.116684 0.461426 -0.074308 0.072081 -0.089001 -0.375830 -0.386829 -0.134504 -0.005169 0.120206 -0.066890 0.121979 0.088125 0.017003 -0.020837 -0.323572 -0.175183 -0.329581 -0.236231 0.030293 -0.057760 -0.144017 -0.329454 -0.118431 -0.262429 0.299950 0.098667 -0.121658 0.458915 0.044898 0.421756 -0.316252 0.168068 -0.190731 -0.091079 0.048713 -0.061764 -0.220995 -0.001368 -0.206749 0.049537 0.091210 0.311831 -0.026705 -0.096062 -0.132764 -0.118093 -0.148248 0.044157 -0.209555 0.188838 0.018239 -0.202809
-0.419046 -0.262283 -0.209039 1.000000 -0.126426 0.264642 -0.393181 0.589952 -0.276788 0.149323 -0.553377 -0.199004 -0.589426 -0.242042 -0.367508 -0.010458 -0.342048 -0.304956 -0.142520 -0.191719 0.483441 0.409629 -0.053262 0.448928 0.298592 0.400396 -0.291059 0.264842 -0.440436 -0.146012 0.527237 0.539868 0.148444 0.112741 0.339991 0.357423 0.043504 0.196140 0.091314 0.261551 0.094525 0.050677 0.025148 -0.066357 0.098786 0.396165 -0.115262 -0.122945 -0.135529 0.013049 0.083484 0.018826 -0.133584 -0.186364 -0.205892 -0.091586 -0.055752 0.012869 -0.509636 -0.095418 -0.423159 -0.162431 -0.309188 -0.227160 0.065919 0.389285 0.084028 0.443243 0.004958 0.184678 0.114311 0.372117 -0.204095 0.101560 -0.088696 0.014746 -0.312533 0.047245 0.148431 -0.013834 -0.121429 -0.316980 -0.332588 -0.331742 -0.289239 0.193083 -0.159481 0.218466 -0.094779 0.147389 0.106103 -0.313652 0.499205 -0.243573 0.061110 -0.076848 0.115441 -0.007918 -0.367358 -0.124061 -0.043566 -0.402917 0.031212 -0.167323 0.025157 0.001602 0.064259 -0.009233 0.127630 0.148004 0.072938 -0.097530 -0.137793 0.085144 0.109733 0.044918
-0.134250 -0.279732 0.570350 -0.126426 1.000000 -0.292152 0.668936 0.110006 0.776593 0.497470 0.150873 -0.019441 0.308568 0.187652 0.312087 0.415919 -0.083841 -0.011791 -0.023083 -0.251677 0.013047 -0.350333 0.211771 0.050297 -0.147388 -0.436625 0.316813 -0.372730 0.259233 0.234621 0.046523 0.212211 -0.110881 -0.019557 -0.089980 -0.098773 -0.160185 -0.299654 -0.138938 -0.454303 -0.135261 0.036345 -0.250352 -0.351996 -0.224119 -0.378752 -0.053543 -0.047439 -0.045084 -0.353337 0.015976 -0.301180 -0.095192 -0.028173 0.009138 -0.308879 -0.569734 -0.480613 0.252608 -0.203749 0.369529 0.081616 0.325781 0.074839 0.539302 0.027608 -0.206513 -0.237722 -0.453959 -0.429760 -0.007537 -0.133006 0.329804 0.041055 0.162293 0.235165 0.096426 0.010314 -0.326106 -0.046191 -0.173591 -0.027900 0.114063 0.266737 -0.149468 -0.398262 -0.095329 -0.244175 0.195085 -0.010076 0.151182 0.462388 0.099083 0.293967 -0.202716 0.063815 -0.442062 -0.158303 0.159805 -0.049873 -0.034848 -0.013573 -0.203108 -0.120688 0.099187 0.162190 -0.085876 -0.130137 -0.184838 -0.382112 -0.176269 0.186328 -0.007113 0.069030 0.031224 0.006989
-0.235510 -0.208658 -0.065348 0.264642 -0.292152 1.000000 -0.263208 0.168383 -0.301258 0.071221 -0.222696 -0.018250 -0.236101 -0.088704 -0.153326 -0.011738 -0.286476 -0.388725 -0.193848 -0.184876 0.493527 0.476768 0.083654 0.282745 0.411674 0.611073 0.334487 0.683722 -0.411632 -0.338926 0.207978 0.006187 -0.052889 -0.103683 0.302608 0.492721 0.147849 0.343449 0.309898 0.354328 0.029980 0.218528 0.145609 0.147343 0.116076 0.364262 -0.156725 -0.136804 0.270849 0.229367 0.253935 0.368924 0.012101 0.062242 0.080342 0.039203 -0.013804 -0.131117 -0.025067 0.118877 -0.219991 -0.215748 -0.306329 -0.368721 -0.049455 0.249172 0.214139 0.407353 -0.051624 0.037357 0.264772 0.521012 -0.334560 0.111028 -0.007564 0.064656 -0.009319 0.227732 -0.067728 -0.273057 -0.245810 -0.377474 -0.329064 -0.209175 -0.172614 0.155504 -0.148107 0.218248 -0.004147 0.162956 -0.093483 -0.222627 0.230352 -0.162195 -0.004665 -0.148245 0.045219 -0.014494 -0.338957 -0.182777 -0.083592 -0.204134 -0.199746 -0.314139 -0.056597 -0.105125 -0.045859 -0.070340 0.219710 0.240002 0.153374 -0.127821 -0.167617 0.234193 0.035946 -0.033283
0.201742 -0.019513 0.653146 -0.393181 0.668936 -0.263208 1.000000 -0.004813 0.682546 0.379512 0.403938 0.167676 0.617647 0.338666 0.385324 0.351738 0.002189 0.092100 0.065896 -0.309315 -0.189268 -0.516337 0.241263 -0.263822 -0.173092 -0.450205 0.303912 -0.391804 0.292309 0.114835 -0.216909 -0.211649 -0.194616 -0.159328 -0.237326 -0.252345 -0.136011 -0.397018 -0.081210 -0.401784 -0.078789 -0.170878 -0.270684 -0.267771 -0.301350 -0.485887 -0.130164 -0.094047 0.060590 -0.324447 0.092072 -0.186085 -0.031159 0.009310 0.060734 -0.230180 -0.421197 -0.283294 0.338527 -0.204728 0.512386 0.162795 0.291382 0.118939 0.511122 -0.017845 -0.227247 -0.436019 -0.343330 -0.496398 -0.143420 -0.360124 0.268091 -0.029519 0.099064 0.064367 0.097238 -0.203568 -0.359002 -0.056679 -0.192340 -0.025074 0.191813 0.283070 0.015586 -0.350027 -0.111379 -0.287591 0.311723 -0.102173 0.171006 0.502305 0.021935 0.438542 -0.201053 0.177832 -0.453796 -0.204728 0.237597 0.024037 -0.047476 0.191897 -0.156395 0.016943 0.047692 0.201962 -0.005447 -0.274278 -0.270241 -0.273705 -0.265144 0.199645 0.024582 0.034191 -0.013483 -0.132531
-0.581581 -0.449173 -0.009962 0.589952 0.110006 0.168383 -0.004813 1.000000 -0.093504 0.472923 -0.516246 -0.153254 -0.326672 0.106626 -0.501510 -0.083007 -0.284560 -0.240499 -0.412193 -0.478868 0.158033 0.163968 -0.296609 0.178844 -0.079844 0.098204 -0.259048 -0.134754 -0.383522 -0.093684 0.040671 0.313605 0.139439 0.069174 -0.035232 0.202626 -0.154160 -0.077841 -0.084858 0.061911 -0.179037 -0.247840 0.037846 -0.041328 0.124600 0.327317 -0.069638 0.037006 0.184963 0.094734 0.158239 0.191580 -0.102682 -0.092865 -0.066191 -0.081168 -0.339024 -0.310346 -0.068527 0.109493 0.159729 0.138595 0.158753 -0.040541 0.067611 0.521494 0.261287 0.413612 -0.376256 -0.263210 0.224693 0.299208 -0.217990 -0.042095 -0.188269 0.084170 -0.279486 0.143315 -0.025194 0.029323 -0.079507 -0.198354 -0.352190 -0.326784 -0.456687 -0.034774 -0.179489 -0.116464 -0.091040 0.303403 0.369383 -0.098993 0.589736 -0.124394 0.032044 -0.060994 0.038094 -0.158446 -0.077590 -0.074792 0.144352 -0.198207 0.046685 -0.062570 0.127902 0.070896 0.088944 -0.065686 -0.191715 0.075032 0.056958 -0.052188 0.034171 0.072319 0.065628 -0.298647
-0.025050 -0.264844 0.500235 -0.276788 0.776593 -0.301258 0.682546 -0.093504 1.000000 0.343961 0.279327 0.018571 0.453177 0.147042 0.391185 0.381176 0.047536 0.033277 -0.134096 -0.307522 -0.115801 -0.283996 0.359136 0.013882 -0.091855 -0.331350 0.379163 -0.192747 0.139855 0.063362 -0.088988 0.003786 -0.295812 -0.211324 -0.056928 -0.111718 -0.104825 -0.307286 -0.248322 -0.421780 -0.011047 -0.069024 -0.122100 -0.197757 -0.154325 -0.265404 0.012642 0.028660 0.162958 -0.184158 0.162481 -0.151613 -0.066534 0.039627 0.096055 -0.240079 -0.467114 -0.406336 0.343369 -0.152585 0.393231 -0.009701 0.275413 -0.008602 0.574384 0.083788 -0.162910 -0.190648 -0.419791 -0.411235 -0.179407 -0.315236 0.131811 -0.094165 0.169138 0.166917 0.102774 -0.036010 -0.238510 -0.004806 -0.200979 -0.078584 0.189187 0.156483 -0.029952 -0.335133 0.015618 -0.156616 0.419006 0.027436 0.198233 0.597378 0.091681 0.439254 -0.049495 0.079818 -0.338502 -0.090034 0.184564 -0.167012 -0.087817 -0.027358 -0.251353 -0.088206 0.114365 0.154849 -0.249044 -0.236335 -0.082434 -0.420437 -0.168086 0.144598 -0.035318 0.105685 -0.036035 0.016899
-0.260605 -0.217917 0.047972 0.149323 0.497470 0.071221 0.379512 0.472923 0.343961 1.000000 -0.169957 0.132353 0.026488 0.376099 -0.174933 0.382706 -0.189103 -0.064921 -0.298948 -0.249879 0.024260 -0.199100 -0.261306 -0.062004 -0.385766 -0.446760 -0.115378 -0.394050 -0.060510 0.112671 -0.248067 0.126336 -0.172921 0.093677 -0.151059 0.147839 -0.064418 -0.194526 -0.255594 -0.271472 -0.144052 0.092583 -0.149166 -0.292815 -0.087053 -0.102533 -0.062261 -0.058531 0.130713 -0.067279 0.172340 0.026096 0.065278 -0.005341 0.007920 -0.224164 -0.404647 -0.408799 0.301180 0.125236 0.401506 0.388439 0.226419 0.134479 0.327034 0.382636 -0.033613 -0.001724 -0.338990 -0.228983 0.181072 -0.108865 -0.048035 0.053219 -0.040021 0.011055 -0.070937 -0.013783 -0.210927 -0.092737 -0.167174 -0.192996 -0.185264 0.135267 -0.327072 -0.301608 -0.415485 -0.333405 0.008930 0.077193 0.430504 0.137516 0.479179 0.063661 -0.145715 0.005886 -0.411687 -0.178258 0.026934 -0.049239 0.143022 -0.030436 -0.035050 -0.237562 0.034463 -0.075386 0.130482 -0.181114 -0.124826 -0.265075 -0.303732 0.009401 0.115981 -0.216956 0.026678 -0.090007
0.557415 0.383495 0.109152 -0.553377 0.150873 -0.222696 0.403938 -0.516246 0.279327 -0.169957 1.000000 0.541502 0.731699 0.356371 0.701860 0.183304 0.294056 0.326588 0.188511 0.266188 -0.220923 -0.404706 0.291455 -0.189909 -0.102832 -0.344041 0.365078 -0.135439 0.647803 0.284395 -0.157972 -0.255474 -0.247041 -0.047003 -0.032938 -0.156498 -0.030724 -0.186198 -0.008841 -0.309215 -0.016161 0.034008 -0.089858 0.061879 -0.202887 -0.390563 -0.163682 -0.049649 -0.272002 -0.249470 -0.313066 -0.427411 -0.179384 -0.113317 -0.105492 -0.260646 0.087806 -0.004259 0.066045 -0.394286 0.153987 -0.106334 0.037204 0.036293 0.166763 -0.395137 -0.561743 -0.560131 -0.052442 -0.288260 -0.237130 -0.450732 0.431754 0.197828 0.251792 0.226155 0.437529 -0.079054 -0.126739 -0.068603 0.105079 0.295420 0.538254 0.595532 0.556822 -0.133230 0.243344 0.054706 0.252219 -0.382546 -0.094063 0.096378 -0.448822 0.239645 -0.212355 0.070061 -0.324819 -0.185438 0.166351 -0.038691 -0.005316 0.222574 -0.085442 -0.054930 -0.082640 -0.047470 -0.145700 -0.172453 -0.168610 -0.301233 -0.080320 0.277161 0.093996 0.054609 -0.050606 -0.055531
0.300599 0.346810 -0.226532 -0.199004 -0.019441 -0.018250 0.167676 -0.153254 0.018571 0.132353 0.541502 1.000000 0.335953 0.751122 0.329253 0.389714 0.066285 0.143696 0.017270 0.150964 0.016706 -0.157657 -0.007569 -0.174387 -0.150294 -0.301271 -0.009137 -0.137072 0.435988 0.391186 -0.153116 -0.144270 -0.269156 0.060104 -0.059042 -0.065197 0.082449 0.015690 0.030447 -0.066884 0.249440 0.274774 -0.142658 -0.109541 -0.235827 -0.242539 -0.248676 -0.247502 -0.261539 -0.270020 -0.170924 -0.273514 -0.195761 -0.219978 -0.139065 -0.297063 -0.004858 -0.143080 0.000841 -0.340759 0.094924 0.028850 -0.142862 0.055467 0.243061 0.104277 -0.492883 -0.382266 -0.037633 -0.256729 -0.080525 -0.405069 0.247504 0.282190 0.135285 0.258216 0.139811 -0.057883 -0.064968 -0.070142 0.066239 0.174371 0.229624 0.618328 0.446264 0.200173 -0.081179 -0.013141 0.105638 -0.336527 0.046034 -0.100889 -0.001582 -0.048988 -0.092195 0.196942 -0.187086 -0.050016 -0.039597 -0.006465 0.005087 -0.042547 -0.160408 -0.213929 -0.065319 -0.089854 -0.093464 -0.036309 0.076531 -0.078753 -0.084582 -0.047017 0.220308 -0.192810 0.010582 -0.036389
0.272400 0.112327 0.319930 -0.589426 0.308568 -0.236101 0.617647 -0.326672 0.453177 0.026488 0.731699 0.335953 1.000000 0.461804 0.637820 0.324426 0.062504 0.161877 0.016369 -0.166160 -0.315581 -0.413710 0.351915 -0.233575 -0.091198 -0.359862 0.399436 -0.198258 0.407153 0.064162 -0.299342 -0.401056 -0.294659 -0.299523 -0.205821 -0.232542 0.003909 -0.283424 -0.000443 -0.321501 -0.061917 0.010301 -0.207943 -0.041800 -0.297860 -0.445284 -0.180313 -0.018171 0.148561 -0.233656 0.038199 -0.146754 0.015072 0.057461 0.230950 -0.193122 -0.266259 -0.183774 0.458701 -0.110057 0.545490 0.081787 0.181649 0.027932 0.297439 -0.200161 -0.203911 -0.453965 -0.305243 -0.483663 -0.187968 -0.464140 0.203864 0.087779 0.157229 0.208308 0.266650 -0.161484 -0.362279 -0.178074 -0.177272 -0.001899 0.414136 0.424143 0.272234 -0.274294 0.134393 -0.128148 0.489128 -0.027904 0.069525 0.321919 -0.260021 0.389506 -0.136417 0.078001 -0.326921 -0.176527 0.360711 -0.096148 0.027585 0.257287 -0.231765 -0.032787 -0.073451 0.000588 -0.224806 -0.204426 -0.228574 -0.295619 -0.133410 0.173459 0.096288 -0.095486 -0.012411 -0.075723
-0.047105 0.019231 -0.048040 -0.242042 0.187652 -0.088704 0.338666 0.106626 0.147042 0.376099 0.356371 0.751122 0.461804 1.000000 0.316880 0.534704 -0.141900 -0.014830 -0.183149 -0.192601 -0.063584 -0.253412 -0.029519 -0.084767 -0.284155 -0.384841 -0.061498 -0.314451 0.355234 0.362695 -0.281565 -0.135466 -0.214026 -0.033883 -0.213574 -0.125058 -0.069549 -0.076653 -0.071996 -0.193689 0.058900 0.245239 -0.214856 -0.150249 -0.267840 -0.284594 -0.242016 -0.158015 0.009974 -0.275616 0.013257 -0.131356 -0.055235 -0.099713 0.052842 -0.280624 -0.379666 -0.445050 0.276125 -0.143748 0.430465 0.240421 0.132317 0.090732 0.312456 0.243836 -0.265038 -0.305035 -0.357595 -0.492946 0.064195 -0.339488 0.182786 0.163258 0.045914 0.310525 0.035736 -0.071604 -0.266827 -0.192981 -0.006900 0.018666 0.271190 0.587083 0.201136 -0.043362 -0.060479 -0.121390 0.160179 -0.046057 0.246575 0.030884 0.155346 0.067150 -0.115462 0.130103 -0.238744 -0.145653 0.153159 -0.115725 0.084870 0.031341 -0.219790 -0.178328 -0.042588 -0.166408 -0.088408 -0.088743 -0.110487 -0.154743 -0.116091 -0.024377 0.226975 -0.274950 0.064155 -0.071470
0.318149 0.071669 0.298474 -0.367508 0.312087 -0.153326 0.385324 -0.501510 0.391185 -0.174933 0.701860 0.329253 0.637820 0.316880 1.000000 0.565607 0.003842 -0.089989 0.081665 -0.043802 0.051814 -0.353454 0.663417 0.191466 0.133366 -0.124612 0.472642 0.061486 0.426139 0.174426 0.124530 -0.095180 -0.299128 -0.258171 0.123390 0.003707 0.040424 -0.017153 0.102549 -0.372528 0.105185 0.238536 -0.091929 0.042594 -0.249414 -0.369719 -0.120312 -0.137754 -0.153916 -0.313422 -0.018103 -0.357553 -0.045919 0.091091 -0.041921 -0.220552 -0.247770 -0.231020 -0.011528 -0.500098 -0.050418 -0.312627 -0.074780 -0.242307 0.393204 -0.316470 -0.484431 -0.458970 -0.224027 -0.314447 -0.036764 -0.250144 0.388674 0.288139 0.467518 0.345039 0.395125 -0.029336 -0.295430 -0.212907 -0.017763 0.022365 0.677032 0.524811 0.463259 -0.144093 0.369593 0.251649 0.487375 -0.249157 -0.162622 0.268603 -0.241198 0.336862 -0.243350 0.073507 -0.410866 -0.280562 0.012071 -0.149070 -0.267484 0.101994 -0.433204 -0.121334 -0.133025 -0.018236 -0.259450 -0.227206 -0.100592 -0.348549 -0.147000 0.198797 -0.002850 0.103287 -0.074371 0.042184
-0.142602 -0.229373 0.238188 -0.010458 0.415919 -0.011738 0.351738 -0.083007 0.381176 0.382706 0.183304 0.389714 0.324426 0.534704 0.565607 1.000000 -0.262792 -0.280549 -0.033441 -0.325898 0.233639 -0.141690 0.457607 0.282007 0.066407 -0.174698 0.246883 0.018311 0.145437 0.148343 0.188186 0.130223 -0.301873 -0.179610 0.186030 0.092194 0.043047 -0.064128 -0.042133 -0.318574 0.194566 0.421594 -0.245770 -0.175943 -0.289689 -0.289473 -0.181551 -0.341011 0.059871 -0.310344 0.263797 -0.134377 -0.009761 0.006304 0.060514 -0.228320 -0.560170 -0.488796 0.118111 -0.276716 0.128153 -0.056072 -0.065384 -0.246876 0.637055 0.198608 -0.251334 -0.258022 -0.451455 -0.388690 0.037692 -0.112807 0.144953 0.293506 0.238674 0.294929 0.097625 -0.073678 -0.443220 -0.301063 -0.286820 -0.297229 0.213426 0.407155 0.082819 -0.113197 -0.152328 -0.057346 0.388326 -0.049788 0.016195 0.190395 0.248514 0.126785 -0.216241 0.131664 -0.425517 -0.238791 -0.107858 -0.201582 -0.299582 -0.164469 -0.531894 -0.337890 -0.175650 -0.137561 -0.271526 -0.298576 -0.024351 -0.347800 -0.332065 -0.046859 -0.009428 -0.076374 0.062073 0.053879
0.359813 0.254151 -0.137141 -0.342048 -0.083841 -0.286476 0.002189 -0.284560 0.047536 -0.189103 0.294056 0.066285 0.062504 -0.141900 0.003842 -0.262792 1.000000 0.606173 0.125760 0.359549 -0.274583 -0.032782 -0.184689 -0.311966 -0.177977 -0.237338 0.028113 -0.184541 0.353675 0.263733 -0.262089 -0.220234 0.038434 0.136473 -0.004745 -0.102858 0.166656 0.022974 -0.133938 -0.050073 0.095384 -0.149318 0.118602 0.027960 -0.121666 -0.150844 0.003504 0.024927 -0.282985 -0.136826 -0.323908 -0.212188 -0.126234 -0.164605 -0.148034 -0.097963 0.467999 0.229160 0.011624 -0.091034 0.062719 -0.036599 0.387880 0.315367 -0.269882 -0.257441 -0.129560 -0.225823 0.182262 0.080642 -0.285261 -0.188921 0.333630 -0.014341 0.104427 -0.016022 0.360530 0.114656 0.332095 0.575419 0.605097 0.715845 0.211943 0.046787 0.350479 -0.123171 0.179873 0.006579 -0.194614 -0.426001 -0.177982 -0.090000 -0.379880 -0.230121 -0.018082 0.110792 -0.008229 0.151449 0.091250 0.364147 0.190056 0.327282 0.204118 0.072265 -0.036632 0.052472 0.075421 0.072335 0.002201 -0.021347 -0.025175 0.177635 0.224100 0.135238 0.137587 0.034424
0.343155 0.548343 -0.209298 -0.304956 -0.011791 -0.388725 0.092100 -0.240499 0.033277 -0.064921 0.326588 0.143696 0.161877 -0.014830 -0.089989 -0.280549 0.606173 1.000000 0.246104 0.538172 -0.432362 -0.160080 -0.362090 -0.561637 -0.306168 -0.424054 -0.161394 -0.421655 0.547724 0.470555 -0.398351 -0.291001 0.094879 0.259651 -0.279639 -0.441695 0.111783 -0.102210 -0.307220 -0.131901 0.009480 -0.043595 -0.095199 -0.083530 -0.180175 -0.411195 0.076796 -0.007216 -0.330220 -0.164055 -0.400742 -0.298646 -0.043701 -0.241050 -0.149051 -0.079481 0.439923 0.392826 0.128353 0.013309 0.325494 0.413376 0.342380 0.663541 -0.372231 -0.447565 -0.186584 -0.516163 0.221842 0.058051 -0.219937 -0.403150 0.442974 0.006074 0.054022 -0.101859 0.116039 -0.200655 0.301054 0.295679 0.359881 0.632647 0.151149 0.293309 0.171364 -0.175853 0.071882 -0.203221 -0.253090 -0.319744 -0.054273 -0.206171 -0.454230 -0.183877 0.097932 -0.056045 -0.033039 0.015053 0.310770 0.405660 0.348474 0.357032 0.342398 0.164456 -0.096063 -0.194156 0.168132 0.001186 -0.083842 0.039631 -0.133232 0.320228 0.327218 -0.197079 -0.037698 0.097347
0.449838 0.475375 0.250085 -0.142520 -0.023083 -0.193848 0.065896 -0.412193 -0.134096 -0.298948 0.188511 0.017270 0.016369 -0.183149 0.081665 -0.033441 0.125760 0.246104 1.000000 0.431829 -0.023709 -0.195719 0.025310 -0.240907 0.073108 -0.068872 -0.062201 -0.060742 0.289003 0.089399 0.241144 -0.053208 0.414307 0.173477 -0.091055 -0.523296 0.026045 -0.051838 0.166591 0.115580 0.007676 0.047493 -0.451102 -0.281917 -0.359638 -0.572181 -0.153585 -0.377622 -0.377958 -0.329857 -0.308774 -0.179493 0.062249 -0.114604 0.089714 0.099320 0.302228 0.462122 -0.091653 -0.021169 -0.110831 0.099057 0.039180 0.269835 -0.160472 -0.450444 -0.093569 -0.457042 0.385332 0.134002 -0.206954 -0.141038 0.223337 0.124803 0.001731 -0.134165 0.062226 -0.230046 -0.007853 0.010356 -0.094589 0.019954 -0.013724 0.103244 0.121421 -0.021065 -0.189528 -0.188609 -0.142124 -0.184587 -0.455660 -0.186833 -0.403086 -0.116168 -0.137636 0.046169 0.065477 0.012158 0.038365 0.153144 -0.088085 0.045466 0.224529 0.131039 -0.133691 -0.010850 0.215775 0.126785 -0.162457 0.088608 -0.175832 -0.085069 -0.090866 -0.137568 -0.125656 0.061575
0.595985 0.751467 -0.349144 -0.191719 -0.251677 -0.184876 -0.309315 -0.478868 -0.307522 -0.249879 0.266188 0.150964 -0.166160 -0.192601 -0.043802 -0.325898 0.359549 0.538172 0.431829 1.000000 -0.244600 -0.130056 -0.403691 -0.429987 -0.314570 -0.286724 -0.221385 -0.226285 0.436455 0.280282 -0.137452 -0.190837 0.126937 0.346720 -0.165299 -0.296389 0.071230 0.076989 -0.061895 0.101662 -0.010022 0.118408 -0.048260 -0.163194 -0.169502 -0.361089 0.025231 0.012300 -0.580188 -0.168136 -0.529919 -0.357097 0.084828 -0.032922 -0.184681 0.034779 0.666884 0.551373 -0.249934 -0.011159 -0.251870 0.218698 -0.092341 0.395364 -0.544152 -0.598091 -0.353874 -0.371886 0.663292 0.540157 -0.096553 -0.195199 0.276406 0.041808 0.031398 -0.231582 0.035428 -0.108111 0.412030 0.174021 0.325259 0.426850 0.201689 0.310896 0.247976 0.051050 0.104039 -0.026029 -0.410839 -0.353099 -0.163671 -0.203153 -0.428086 -0.169110 0.010226 -0.006183 0.033732 0.232337 0.046716 0.404329 0.351619 0.288785 0.533515 0.246797 0.135387 -0.026641 0.259656 0.242896 0.037514 0.073747 -0.005034 0.133806 0.262194 -0.162287 -0.122911 0.206242
-0.262939 -0.238119 0.017467 0.483441 0.013047 0.493527 -0.189268 0.158033 -0.115801 0.024260 -0.220923 0.016706 -0.315581 -0.063584 0.051814 0.233639 -0.274583 -0.432362 -0.023709 -0.244600 1.000000 0.431877 0.271104 0.425744 0.573107 0.528789 0.117416 0.527117 -0.127404 0.060480 0.712856 0.583975 0.178796 0.150539 0.417447 0.297301 0.008711 0.270039 0.183612 0.113934 0.313478 0.326079 0.076513 0.026252 -0.036506 0.226716 -0.161075 -0.219086 -0.217456 -0.183579 -0.069907 -0.177739 -0.341228 -0.232208 -0.360378 -0.291474 -0.120774 -0.130899 -0.445663 -0.366041 -0.398310 -0.309483 -0.300135 -0.317704 0.318867 0.304912 -0.076608 0.161312 -0.022263 -0.015110 0.069706 0.486315 -0.040374 0.094227 -0.005304 0.204549 0.051702 0.249614 0.032479 -0.182246 -0.022715 -0.226579 -0.105480 0.022392 0.004771 0.126560 -0.024792 0.379128 -0.048065 -0.149073 -0.220518 -0.192238 0.205311 -0.189989 0.047413 -0.116790 -0.040971 0.016841 -0.529715 -0.255280 -0.353124 -0.364095 -0.294639 -0.311410 -0.122201 -0.105939 -0.069496 -0.022823 0.074797 0.117697 0.147619 -0.177671 -0.287374 0.085122 -0.018991 0.122002
-0.405294 -0.247898 -0.290198 0.409629 -0.350333 0.476768 -0.516337 0.163968 -0.283996 -0.199100 -0.404706 -0.157657 -0.413710 -0.253412 -0.353454 -0.141690 -0.032782 -0.160080 -0.195719 -0.130056 0.431877 1.000000 -0.020247 0.205327 0.486702 0.592932 -0.042841 0.549036 -0.395235 -0.231729 0.381724 0.301948 0.046718 0.053017 0.339994 0.265813 0.001093 0.245905 0.086111 0.379039 0.251593 0.027223 0.308421 0.157342 0.211286 0.494524 0.120074 0.006527 0.157306 0.221226 0.066678 0.292056 -0.154329 -0.069147 -0.087580 0.118355 0.258746 0.111252 -0.142465 0.161802 -0.206662 -0.192702 -0.326848 -0.262647 -0.077700 0.313936 0.296200 0.436907 0.048435 0.228008 0.003956 0.530885 -0.436717 -0.077384 -0.280885 0.043109 -0.203537 0.212148 0.266734 0.106651 -0.075245 -0.080658 -0.400346 -0.405780 -0.200836 0.184216 -0.095473 0.205412 -0.208262 -0.017163 -0.131094 -0.376309 0.151373 -0.416237 0.328469 -0.144623 0.395314 0.139668 -0.324873 -0.083837 -0.151203 -0.290957 -0.047444 -0.141306 -0.155462 -0.139354 -0.022736 0.148358 0.327871 0.303697 0.229323 -0.252477 -0.209052 0.165981 0.239682 0.149718
-0.040156 -0.296502 0.493097 -0.053262 0.211771 0.083654 0.241263 -0.296609 0.359136 -0.261306 0.291455 -0.007569 0.351915 -0.029519 0.663417 0.457607 -0.184689 -0.362090 0.025310 -0.403691 0.271104 -0.020247 1.000000 0.536029 0.594559 0.355475 0.619770 0.506211 -0.066789 -0.203867 0.442344 0.074844 -0.213100 -0.353541 0.507082 0.268331 0.019002 0.080599 0.269073 -0.114540 0.171038 0.125281 -0.017874 0.149536 -0.118252 -0.034774 -0.085487 -0.229756 0.148369 -0.131302 0.305034 -0.074685 -0.125220 0.039673 0.087640 -0.109892 -0.406628 -0.270124 -0.125497 -0.488339 -0.205883 -0.497701 -0.207169 -0.475663 0.605843 0.024559 -0.229505 -0.090709 -0.370732 -0.307975 -0.173640 0.070322 0.051488 0.209364 0.386942 0.369832 0.267430 0.099075 -0.335914 -0.225538 -0.337802 -0.344530 0.263755 -0.005431 0.164070 0.002580 0.128009 0.208429 0.637971 0.033542 -0.204255 0.245035 -0.024040 0.305709 -0.249027 0.083148 -0.251035 -0.287981 -0.150910 -0.344144 -0.574880 -0.298098 -0.683462 -0.303270 -0.253831 0.039348 -0.434741 -0.362489 0.027696 -0.185309 -0.044067 -0.037247 -0.413831 0.207229 0.043751 -0.045743
-0.495680 -0.599362 0.108257 0.448928 0.050297 0.282745 -0.263822 0.178844 0.013882 -0.062004 -0.189909 -0.174387 -0.233575 -0.084767 0.191466 0.282007 -0.311966 -0.561637 -0.240907 -0.429987 0.425744 0.205327 0.536029 1.000000 0.440075 0.530397 0.270087 0.557566 -0.360561 -0.162776 0.524224 0.482732 -0.148545 -0.175511 0.616743 0.633792 0.007717 0.262208 0.098774 -0.005975 0.117264 0.272985 0.130285 0.274123 0.137123 0.395882 -0.023185 -0.138142 0.164679 0.059976 0.358907 0.047639 -0.042742 0.026583 -0.017518 -0.124610 -0.421388 -0.433087 -0.257887 -0.289094 -0.465338 -0.604808 -0.273051 -0.577540 0.330884 0.277442 0.007006 0.436421 -0.398588 -0.128677 0.169033 0.399211 -0.128427 0.249296 0.324694 0.315356 0.129500 0.223447 -0.255582 -0.226000 -0.230492 -0.430505 0.053995 -0.189512 -0.095917 0.075981 0.090137 0.347480 0.248281 0.119619 0.022343 -0.081297 0.301588 -0.045944 -0.186292 -0.095266 -0.129667 -0.292808 -0.275047 -0.502884 -0.446168 -0.466106 -0.523070 -0.369541 -0.098138 -0.046281 -0.227094 -0.306903 0.113729 -0.163341 0.047783 -0.106450 -0.343623 0.135785 -0.041040 -0.160512
-0.200680 -0.201801 0.160509 0.298592 -0.147388 0.411674 -0.173092 -0.079844 -0.091855 -0.385766 -0.102832 -0.150294 -0.091198 -0.284155 0.133366 0.066407 -0.177977 -0.306168 0.073108 -0.314570 0.573107 0.486702 0.594559 0.440075 1.000000 0.795964 0.296910 0.708241 -0.298923 -0.269208 0.691279 0.277360 0.097894 -0.039553 0.574609 0.297938 0.013239 0.287487 0.334106 0.232555 0.339442 0.167023 0.134824 0.164893 -0.061116 0.215042 0.020976 -0.236706 0.058586 -0.063474 0.220603 0.150283 -0.116779 0.018371 -0.065521 -0.044261 -0.022330 0.115787 -0.287873 -0.356293 -0.328931 -0.486334 -0.405597 -0.383174 0.277898 0.164855 -0.030882 0.097388 -0.045041 0.021245 -0.153005 0.384630 -0.139744 0.164282 0.094824 0.179439 0.024767 0.151370 0.004546 -0.042574 -0.266657 -0.270448 -0.068214 -0.282085 0.030253 0.152414 0.148519 0.438782 0.211789 -0.017367 -0.320341 -0.196296 0.014859 -0.094157 0.067272 -0.107770 0.104897 -0.147040 -0.366166 -0.259685 -0.580737 -0.454306 -0.494454 -0.338527 -0.296967 -0.035020 -0.308703 -0.105228 0.137785 0.161977 0.180267 -0.071600 -0.467210 0.242033 0.163249 0.043399
-0.325270 -0.316752 0.004172 0.400396 -0.436625 0.611073 -0.450205 0.098204 -0.331350 -0.446760 -0.344041 -0.301271 -0.359862 -0.384841 -0.124612 -0.174698 -0.237338 -0.424054 -0.068872 -0.286724 0.528789 0.592932 0.355475 0.530397 0.795964 1.000000 0.195129 0.833389 -0.527437 -0.410483 0.538327 0.199151 0.153349 -0.094109 0.509343 0.375026 0.032092 0.380704 0.257097 0.447437 0.258042 0.056193 0.284775 0.342698 0.179353 0.492122 0.028709 -0.092034 0.205933 0.179354 0.247154 0.329252 -0.086322 0.040522 -0.019695 0.103967 0.045205 0.068845 -0.297447 -0.096889 -0.470691 -0.515188 -0.404441 -0.474834 -0.046742 0.231472 0.271066 0.444858 0.023115 0.128631 0.023302 0.508491 -0.345054 0.054872 0.039528 0.046568 -0.056124 0.207137 0.156643 -0.078362 -0.159249 -0.301252 -0.188935 -0.486170 -0.078898 0.312646 0.179129 0.477712 0.060226 0.169297 -0.228044 -0.253837 0.144350 -0.155622 0.162909 -0.152878 0.324605 -0.057824 -0.367743 -0.267274 -0.408165 -0.384219 -0.290390 -0.184295 -0.129158 -0.031114 -0.181126 -0.066677 0.219157 0.300720 0.294840 -0.144433 -0.369343 0.259189 -0.019527 -0.042683
0.054557 -0.245218 0.478312 -0.291059 0.316813 0.334487 0.303912 -0.259048 0.379163 -0.115378 0.365078 -0.009137 0.399436 -0.061498 0.472642 0.246883 0.028113 -0.161394 -0.062201 -0.221385 0.117416 -0.042841 0.619770 0.270087 0.296910 0.195129 1.000000 0.465363 0.029797 -0.194407 0.061059 -0.192340 -0.215147 -0.261421 0.298105 0.306686 0.034448 -0.037135 0.209037 -0.075459 -0.031162 0.060351 0.015333 0.152975 -0.118112 -0.056803 -0.156488 -0.077919 0.172233 -0.067467 0.191636 -0.004456 -0.014329 0.091901 0.265017 -0.075725 -0.311474 -0.348685 0.166369 -0.220726 0.024897 -0.389838 -0.021133 -0.393323 0.313958 -0.125076 -0.136350 -0.011299 -0.357101 -0.383696 -0.052525 0.132674 0.090017 0.101608 0.266543 0.335291 0.330755 0.188681 -0.242926 -0.168816 -0.225908 -0.169282 0.119737 0.054484 0.096290 -0.088442 0.095068 0.062142 0.505906 0.148442 -0.152925 0.317751 -0.191645 0.162318 -0.211991 -0.004907 -0.319821 -0.168512 -0.002064 -0.231961 -0.202697 -0.098771 -0.489640 -0.290605 -0.026739 0.154808 -0.460192 -0.335851 -0.119225 -0.255895 0.038904 -0.029965 -0.256509 0.270718 -0.013393 -0.184115
-0.172176 -0.253902 -0.012160 0.264842 -0.372730 0.683722 -0.391804 -0.134754 -0.192747 -0.394050 -0.135439 -0.137072 -0.198258 -0.314451 0.061486 0.018311 -0.184541 -0.421655 -0.060742 -0.226285 0.527117 0.549036 0.506211 0.557566 0.708241 0.833389 0.465363 1.000000 -0.498070 -0.485782 0.441092 0.029763 -0.110057 -0.289794 0.564899 0.424609 0.077116 0.295978 0.256821 0.318582 0.178790 0.202904 0.192581 0.284736 0.098579 0.414346 -0.118702 -0.219266 0.233359 0.175863 0.300178 0.238183 -0.043507 -0.029263 0.094118 -0.001938 0.015207 0.030591 -0.181507 -0.088735 -0.438883 -0.488035 -0.443989 -0.533790 0.098695 0.212180 0.186741 0.405116 0.028501 0.130248 0.011395 0.415221 -0.404321 0.103976 0.117451 0.118961 0.033140 0.157350 0.037134 -0.183945 -0.231671 -0.399312 -0.177099 -0.393796 0.072489 0.400108 0.072084 0.420338 0.247693 0.177681 -0.265665 -0.135555 0.083644 -0.059228 0.038243 -0.053847 0.089447 -0.039066 -0.434076 -0.401412 -0.418275 -0.363968 -0.421966 -0.241441 -0.106690 -0.029946 -0.308045 -0.152723 0.253996 0.099098 0.169868 -0.307311 -0.399529 0.244299 0.071335 0.032330
0.381601 0.420699 0.026629 -0.440436 0.259233 -0.411632 0.292309 -0.383522 0.139855 -0.060510 0.647803 0.435988 0.407153 0.355234 0.426139 0.145437 0.353675 0.547724 0.289003 0.436455 -0.127404 -0.395235 -0.066789 -0.360561 -0.298923 -0.527437 0.029797 -0.498070 1.000000 0.767253 -0.080935 0.014234 0.177364 0.363157 -0.223096 -0.351659 0.088376 0.021465 -0.076079 -0.279602 0.164955 0.221044 -0.195874 -0.129232 -0.243538 -0.527495 -0.088106 0.028425 -0.555254 -0.401720 -0.586719 -0.602737 -0.293755 -0.262845 -0.351045 -0.243639 0.075977 -0.044303 -0.080459 -0.358197 0.134781 0.116477 0.238843 0.377339 -0.033434 -0.515936 -0.545586 -0.665452 -0.005190 -0.249880 -0.154122 -0.337753 0.823849 0.119468 0.165278 0.121632 0.300650 -0.045364 0.004976 -0.001874 0.373787 0.586468 0.426924 0.828231 0.305059 -0.325752 0.057878 -0.175645 -0.238482 -0.558048 -0.100142 -0.016730 -0.477797 -0.005296 -0.086249 -0.029576 -0.182929 0.056387 0.237583 0.254749 0.227931 0.332168 0.153088 0.090025 -0.022379 -0.087181 0.073795 0.048161 -0.127821 -0.091498 0.064428 0.382841 0.210307 -0.139984 -0.125560 0.087462
0.064371 0.234371 -0.125304 -0.146012 0.234621 -0.338926 0.114835 -0.093684 0.063362 0.112671 0.284395 0.391186 0.064162 0.362695 0.174426 0.148343 0.263733 0.470555 0.089399 0.280282 0.060480 -0.231729 -0.203867 -0.162776 -0.269208 -0.410483 -0.194407 -0.485782 0.767253 1.000000 0.018759 0.280053 0.218821 0.560242 -0.129360 -0.204299 0.131725 0.159536 -0.160371 -0.222483 0.257281 0.321470 -0.025013 0.006005 -0.150955 -0.321364 0.011335 0.049468 -0.532042 -0.346025 -0.529988 -0.548559 -0.353521 -0.306977 -0.428796 -0.265610 -0.011307 -0.160479 -0.163307 -0.359533 0.067067 0.074951 0.228795 0.300733 -0.069622 -0.289764 -0.395478 -0.481501 -0.029846 -0.221041 0.042394 -0.131706 0.748301 0.234514 0.214844 0.298199 0.322870 0.181927 0.051421 0.121494 0.399490 0.548399 0.299357 0.770286 0.162422 -0.339795 0.061614 -0.033165 -0.280752 -0.520284 -0.007316 -0.157012 -0.325183 -0.268417 -0.029149 -0.127998 -0.074661 0.042346 0.110216 0.223539 0.138100 0.088233 0.095475 0.017411 -0.084597 -0.214138 0.129276 0.137484 -0.059009 0.091047 0.059974 0.203029 0.234155 -0.251910 -0.164628 0.057559
-0.238636 -0.213640 0.223917 0.527237 0.046523 0.207978 -0.216909 0.040671 -0.088988 -0.248067 -0.157972 -0.153116 -0.299342 -0.281565 0.124530 0.188186 -0.262089 -0.398351 0.241144 -0.137452 0.712856 0.381724 0.442344 0.524224 0.691279 0.538327 0.061059 0.441092 -0.080935 0.018759 1.000000 0.714483 0.242013 0.158075 0.539062 0.208052 0.004531 0.251570 0.357554 0.178602 0.345409 0.207988 -0.088218 -0.079720 -0.072396 0.089685 -0.122450 -0.289321 -0.258235 -0.243008 -0.058828 -0.196977 -0.273027 -0.188200 -0.261217 -0.118018 -0.069954 0.010585 -0.572207 -0.424685 -0.530722 -0.463614 -0.352410 -0.336880 0.325492 0.071004 -0.144533 0.096705 -0.035296 0.048186 -0.061464 0.464665 0.032851 0.136638 0.028027 0.156338 -0.016155 0.172826 -0.049157 -0.104891 -0.205217 -0.251324 -0.073008 -0.073625 -0.044123 0.051017 -0.050921 0.276220 0.003737 -0.155600 -0.312547 -0.209910 0.061108 -0.151297 -0.066345 -0.029377 0.127819 -0.019744 -0.400570 -0.196219 -0.438739 -0.432513 -0.228887 -0.198560 -0.133951 0.021682 -0.055707 0.073476 0.133693 0.124356 0.153220 -0.085953 -0.396111 0.191128 0.052817 0.119532
-0.433877 -0.387677 0.001072 0.539868 0.212211 0.006187 -0.211649 0.313605 0.003786 0.126336 -0.255474 -0.144270 -0.401056 -0.135466 -0.095180 0.130223 -0.220234 -0.291001 -0.053208 -0.190837 0.583975 0.301948 0.074844 0.482732 0.277360 0.199151 -0.192340 0.029763 0.014234 0.280053 0.714483 1.000000 0.215212 0.420900 0.310632 0.255029 -0.124705 0.120797 0.066032 -0.046332 0.197925 0.100507 0.097755 0.055529 0.186973 0.264767 0.119611 0.015449 -0.230776 -0.079192 -0.170089 -0.214964 -0.354930 -0.241161 -0.370201 -0.093808 -0.150944 -0.232420 -0.467197 -0.326586 -0.351180 -0.328801 -0.164218 -0.234134 0.301734 0.229392 -0.122718 0.192329 -0.191116 -0.044705 0.073736 0.447856 0.086236 -0.006911 -0.129535 0.182630 0.010370 0.297875 -0.027364 0.003929 -0.057747 -0.098143 -0.165200 0.040003 -0.279732 -0.199309 -0.112065 0.162088 -0.229304 -0.191576 -0.028582 -0.228947 0.119235 -0.282457 0.073777 -0.168570 0.172578 -0.025519 -0.261000 -0.177452 -0.207745 -0.392156 -0.049029 -0.224301 -0.064947 -0.076696 0.082289 0.096759 0.096193 0.043357 0.196586 0.028866 -0.189232 0.049168 -0.028693 -0.001441
-0.026676 0.105039 -0.001487 0.148444 -0.110881 -0.052889 -0.194616 0.139439 -0.295812 -0.172921 -0.247041 -0.269156 -0.294659 -0.214026 -0.299128 -0.301873 0.038434 0.094879 0.414307 0.126937 0.178796 0.046718 -0.213100 -0.148545 0.097894 0.153349 -0.215147 -0.110057 0.177364 0.218821 0.242013 0.215212 1.000000 0.590400 -0.023050 -0.257253 0.014419 0.108814 0.134324 0.244464 0.026948 -0.037789 -0.223845 -0.094765 -0.068760 -0.091713 -0.071499 -0.139580 -0.391086 -0.171948 -0.453062 -0.131539 -0.184471 -0.189098 -0.132845 0.102451 0.167875 0.273124 -0.289627 0.001569 -0.047975 0.175212 0.298683 0.349079 -0.235689 -0.097052 0.122218 -0.079653 0.257527 0.072727 0.008803 0.257425 0.285430 -0.031253 -0.122462 0.041555 0.109304 0.175823 0.173973 0.148494 0.193419 0.199418 -0.155353 -0.032680 -0.102757 -0.017263 -0.081111 -0.048790 -0.288851 0.030308 -0.392754 -0.364977 -0.235552 -0.305856 0.078079 -0.175866 0.195520 0.103601 -0.027662 0.064244 0.072744 -0.042853 0.226083 0.018257 -0.239903 -0.225579 0.081680 0.163541 -0.204081 0.344926 0.146423 -0.047202 -0.305953 -0.042494 -0.177627 -0.003520
0.088899 0.259997 -0.248661 0.112741 -0.019557 -0.103683 -0.159328 0.069174 -0.211324 0.093677 -0.047003 0.060104 -0.299523 -0.033883 -0.258171 -0.179610 0.136473 0.259651 0.173477 0.346720 0.150539 0.053017 -0.353541 -0.175511 -0.039553 -0.094109 -0.261421 -0.289794 0.363157 0.560242 0.158075 0.420900 0.590400 1.000000 0.090448 -0.024603 -0.073920 0.055090 0.007533 0.130368 0.149407 0.087088 0.049085 -0.021397 -0.054693 -0.069151 0.098789 0.042252 -0.583549 -0.241422 -0.621454 -0.357775 -0.284543 -0.215587 -0.352894 -0.054919 0.257056 0.194764 -0.402779 -0.287023 -0.111604 0.102742 0.018947 0.226349 -0.140580 -0.058263 -0.281393 -0.233256 0.333031 0.196547 -0.069079 0.174844 0.370086 0.014036 -0.158624 0.146364 0.252509 0.375755 0.261645 0.363590 0.254967 0.375900 -0.027614 0.316855 -0.052300 -0.186670 -0.070318 0.046647 -0.369880 -0.270432 -0.190679 -0.421302 -0.338482 -0.452472 0.079477 -0.158120 0.096059 0.090913 -0.174797 0.148460 0.056178 -0.193934 0.204434 -0.146503 -0.200916 -0.208581 0.134261 0.223941 -0.089820 0.258068 0.206553 0.019599 -0.117269 -0.124747 -0.193500 0.023117
-0.168631 -0.232985 0.015070 0.339991 -0.089980 0.302608 -0.237326 -0.035232 -0.056928 -0.151059 -0.032938 -0.059042 -0.205821 -0.213574 0.123390 0.186030 -0.004745 -0.279639 -0.091055 -0.165299 0.417447 0.339994 0.507082 0.616743 0.574609 0.509343 0.298105 0.564899 -0.223096 -0.129360 0.539062 0.310632 -0.023050 0.090448 1.000000 0.662335 0.109778 0.239027 0.250769 0.107276 0.362205 0.242667 0.123365 0.143065 -0.032731 0.281008 -0.111909 -0.262846 -0.041634 -0.081827 0.201323 -0.026158 -0.063811 -0.049523 -0.083378 -0.131244 -0.037847 -0.069077 -0.409244 -0.433484 -0.472947 -0.471186 -0.287261 -0.362657 0.313916 0.243233 -0.178559 0.202827 -0.085364 0.099240 -0.160581 0.335566 -0.082962 0.210059 0.213673 0.269244 0.296674 0.307758 -0.076428 0.070163 -0.159260 -0.195041 0.001345 -0.123596 0.086366 0.080825 -0.000837 0.397914 0.212013 -0.052922 -0.214503 -0.251746 0.100595 -0.187696 -0.110128 0.005649 -0.116185 -0.199454 -0.388361 -0.318380 -0.477742 -0.493926 -0.522842 -0.533302 -0.339090 -0.180749 -0.273721 -0.241164 0.167315 -0.057620 0.013624 -0.074274 -0.456961 0.227459 0.147559 -0.024549
-0.308890 -0.440065 -0.137319 0.357423 -0.098773 0.492721 -0.252345 0.202626 -0.111718 0.147839 -0.156498 -0.065197 -0.232542 -0.125058 0.003707 0.092194 -0.102858 -0.441695 -0.523296 -0.296389 0.297301 0.265813 0.268331 0.633792 0.297938 0.375026 0.306686 0.424609 -0.351659 -0.204299 0.208052 0.255029 -0.257253 -0.024603 0.662335 1.000000 0.188916 0.320412 0.169535 0.110043 0.201432 0.200066 0.324533 0.263169 0.237743 0.572891 0.004352 0.070044 0.177970 0.235411 0.344198 0.199433 0.037939 0.170391 -0.037237 -0.084347 -0.129233 -0.349369 -0.251733 -0.204449 -0.436363 -0.535598 -0.338421 -0.556590 0.190072 0.306791 -0.073912 0.520429 -0.263339 0.013538 0.186419 0.430948 -0.159185 0.210649 0.188165 0.174482 0.217168 0.347568 -0.106557 -0.044710 -0.087901 -0.242432 -0.072930 -0.163165 -0.106571 -0.012862 -0.006494 0.325426 0.136045 0.006105 0.124048 -0.119041 0.313368 -0.141860 -0.066943 -0.097635 -0.162224 -0.201142 -0.285958 -0.266438 -0.244540 -0.341349 -0.382129 -0.477769 -0.106582 -0.012231 -0.177779 -0.281968 0.188226 -0.070071 0.134322 0.018667 -0.236888 0.265619 0.070118 -0.122881
