1.000000 0.050816 -0.088450 -0.213386 0.233143 0.185043 0.043879 -0.034856 0.238355 0.152373 0.240668 0.163756 0.322547 0.021059 0.228545 0.201805 -0.172616 -0.145980 0.177744 -0.123374 0.155158 -0.043051 -0.122771 -0.439190 -0.065696 -0.265982 0.160250 -0.123521 -0.176516 0.020795 -0.197060 -0.492421 0.172274 -0.176552 0.203752 0.050027 -0.057333 -0.216032 0.140829 -0.072160 0.384669 -0.132223 0.019021 -0.064556 0.082530 -0.152174 -0.014950 0.057590 0.171993 0.099413 -0.055671 0.033109 0.003258 -0.043714 0.061062 -0.016763 0.628023 0.002944 0.485012 -0.021285 0.357710 0.115256 0.082987 0.045489 -0.120857 -0.101604 -0.039681 -0.140726 0.032996 -0.206869 -0.207122 -0.438248 0.086698 -0.145492 0.026607 -0.115101 0.159045 0.114332 -0.495312 -0.347385 -0.302965 -0.200502 0.204726 0.022415 -0.053282 0.108730 0.265189 -0.010249 0.085151 0.068150 0.189552 0.189130 -0.224445 0.078124 0.179559 -0.204092 0.058814 -0.228325 0.125391 0.370698 0.149454 0.008197 0.045804 0.195937 0.143373 -0.067980 0.278637 0.037878 -0.023016 0.043062 -0.180154 -0.001746 0.024467 0.020822 0.186521 0.019292
0.050816 1.000000 -0.058122 -0.061862 -0.069880 -0.057559 0.119686 0.116631 -0.074613 -0.137735 0.106966 0.363534 0.368273 0.432582 0.027275 0.113157 -0.043292 0.093099 -0.052864 0.069036 -0.329552 -0.159906 -0.178852 -0.106810 -0.231202 -0.222454 -0.210427 -0.334123 0.013401 0.085854 -0.143854 -0.233375 0.092461 0.157986 -0.144259 -0.074503 -0.075983 0.040719 -0.131593 0.037272 -0.086391 0.040608 -0.236460 -0.218658 -0.264072 -0.398040 -0.202296 -0.011729 -0.149531 -0.180429 -0.311577 -0.159801 0.000189 -0.139170 0.053614 -0.078145 -0.245836 0.437355 -0.050044 0.275286 0.146962 0.401047 0.142293 0.433632 -0.359172 -0.349027 -0.197945 -0.136626 -0.171686 -0.050999 -0.151328 -0.174256 -0.061861 0.066248 -0.013590 -0.090124 -0.114172 0.083209 -0.062706 0.117494 0.029540 0.083673 0.070326 -0.110642 -0.060990 -0.103114 -0.099529 -0.113940 0.063795 0.070696 0.113627 -0.027837 -0.173786 -0.034482 0.008338 0.027296 0.149069 -0.122054 0.075366 -0.038805 0.224211 0.090764 0.344413 0.028671 0.172182 0.057528 0.062453 0.020602 0.120320 0.000056 0.151056 0.205812 0.187050 0.180865 0.077907 0.030336
-0.088450 -0.058122 1.000000 0.436898 0.097293 -0.014126 0.550106 0.368405 0.067315 0.041120 0.003107 -0.035891 0.004273 -0.256700 -0.202980 -0.193690 -0.283239 -0.106729 0.129485 -0.209700 0.300702 0.120225 0.553378 0.013744 0.541809 0.390774 0.144400 0.208236 -0.230356 -0.215742 0.285111 0.234021 -0.109844 -0.155574 0.198085 0.007192 -0.421819 -0.110835 -0.072034 -0.002476 -0.127314 -0.126825 -0.185038 -0.113049 -0.020623 0.018382 -0.153714 -0.189173 0.141320 -0.033018 0.118788 -0.082012 -0.200594 -0.121659 -0.283979 -0.253436 -0.135080 -0.003535 0.046603 0.061713 0.071672 0.048951 -0.160676 -0.029136 0.212267 0.481412 0.142455 0.135328 -0.328052 -0.151440 -0.021471 -0.004845 -0.116302 0.014957 -0.165740 0.081648 -0.062785 -0.022619 -0.170999 -0.053708 -0.357418 -0.349610 -0.248372 -0.253253 -0.303042 -0.135849 -0.030990 0.122766 -0.210354 0.033513 -0.142360 -0.117127 0.099966 0.123415 0.036142 -0.093611 -0.217056 -0.130910 -0.335813 -0.363055 -0.006666 -0.189113 -0.228478 -0.222352 -0.165125 -0.065112 0.268582 -0.032385 -0.102085 -0.140431 -0.064909 -0.154559 -0.054733 -0.167073 0.065920 -0.132664
-0.213386 -0.061862 0.436898 1.000000 -0.148688 -0.076080 0.372150 0.544465 -0.185487 -0.069606 0.206061 0.193032 0.028159 -0.053347 0.137484 0.221686 -0.006769 0.123229 0.172197 -0.085171 0.101436 0.150589 0.272474 0.122358 0.227072 0.229876 -0.029715 0.057679 -0.062047 0.085723 0.461218 0.412710 -0.016734 -0.056433 0.080233 -0.017171 -0.225252 0.032205 -0.073616 -0.064699 -0.038617 0.077549 -0.100925 -0.068882 -0.179627 -0.059972 -0.105552 -0.128949 -0.032864 -0.101193 0.033168 -0.089564 -0.143339 -0.012709 -0.349211 -0.142108 -0.064463 -0.171594 -0.140646 -0.168531 -0.188291 -0.061254 -0.250727 -0.213323 0.273725 0.320768 -0.217340 -0.022026 -0.437876 -0.316311 -0.005695 0.102975 -0.054859 0.198819 0.019705 0.164052 -0.030522 0.175639 -0.088611 -0.141830 -0.237524 -0.188972 0.210321 0.231425 0.035251 0.301728 0.071651 0.205094 -0.122230 -0.083894 -0.095535 -0.200989 0.071950 -0.075710 -0.095854 -0.299745 -0.281005 -0.308864 -0.234124 -0.421743 -0.031419 0.032739 -0.199634 -0.296742 -0.246451 -0.165917 0.010114 -0.183643 -0.151430 -0.310677 -0.233842 -0.216225 -0.052959 -0.192334 -0.247025 -0.051397
0.233143 -0.069880 0.097293 -0.148688 1.000000 0.845710 -0.009724 -0.127137 0.901716 0.781332 0.039889 -0.222081 0.075871 -0.121388 0.150786 0.155669 0.019539 -0.123934 -0.127499 0.038574 0.106160 0.147166 -0.016326 0.012364 0.333812 0.224215 0.614848 0.196837 -0.206950 -0.240757 -0.212306 -0.242476 0.015012 -0.041123 -0.117309 0.070991 -0.113733 -0.159526 0.216139 0.003609 0.043945 -0.196308 -0.354985 -0.372612 -0.347477 -0.311151 -0.317228 -0.254515 -0.247581 -0.343381 -0.196098 -0.350447 -0.130454 -0.294983 0.191964 -0.231740 0.045742 0.083223 0.213958 0.180409 0.220267 0.245327 0.182543 0.172764 -0.058010 -0.001984 0.112566 0.149580 0.100792 0.099046 0.076236 -0.127586 -0.125188 -0.198377 -0.148776 -0.139682 -0.086617 -0.013149 -0.149976 -0.163633 0.026296 -0.046486 0.028717 -0.172633 0.034074 -0.076794 0.376536 -0.149518 0.417183 0.325026 0.213734 0.190699 0.141896 0.176360 0.123552 0.112178 -0.053991 -0.025192 -0.035640 0.006421 0.237130 0.164962 0.032542 0.279278 0.169662 0.200173 0.056009 0.248568 0.040391 0.173959 0.093302 0.021658 -0.143296 0.172128 0.238594 0.128772
0.185043 -0.057559 -0.014126 -0.076080 0.845710 1.000000 -0.078468 -0.077771 0.843396 0.818309 0.018408 -0.251709 0.005694 -0.101325 0.275630 0.245855 -0.050618 -0.208562 -0.029780 -0.038140 0.074681 0.245110 -0.094009 -0.028685 0.293953 0.260035 0.589048 0.287034 -0.129245 -0.189768 -0.133106 -0.155173 -0.006950 -0.125757 -0.107204 0.023177 -0.021906 -0.095138 0.335545 0.120775 0.084250 -0.061281 -0.252759 -0.277041 -0.335327 -0.291654 -0.210877 -0.172950 -0.236186 -0.296017 -0.135662 -0.266793 -0.012951 -0.228483 0.217840 -0.123078 0.009942 -0.023499 0.197600 0.185845 0.088865 0.186335 0.060943 0.100533 -0.099169 -0.100192 0.034730 0.107269 0.059610 -0.001467 0.106268 -0.142379 -0.106329 -0.160422 -0.037574 -0.005529 -0.060451 0.038417 -0.076159 -0.205083 0.084436 0.004938 0.198663 0.023015 0.091348 0.049269 0.478129 -0.045749 0.500197 0.305068 0.254684 0.195171 0.140029 0.145591 0.066196 -0.000627 0.038014 -0.065480 0.034961 -0.025900 0.140534 0.127860 0.032833 0.198295 0.079018 0.058412 -0.133635 0.084605 0.088181 0.058488 0.190958 0.009076 -0.227538 0.023545 0.010974 0.085432
0.043879 0.119686 0.550106 0.372150 -0.009724 -0.078468 1.000000 0.656154 -0.008793 -0.021895 0.188938 0.070947 0.376635 0.034517 0.109502 0.182539 -0.092820 -0.096821 0.088670 0.039744 0.096622 -0.122250 -0.038422 -0.294623 -0.012266 -0.211477 -0.095355 -0.355051 -0.001200 0.174727 0.389336 0.087420 0.288546 0.167008 0.059844 -0.127720 -0.410814 -0.278704 -0.305396 -0.293467 0.092070 -0.136977 -0.201126 -0.241688 -0.073184 -0.263904 -0.152192 -0.230259 0.012430 -0.114775 0.025187 -0.082963 -0.146670 -0.075355 -0.368832 -0.254078 -0.132990 -0.110616 0.168378 0.106914 0.316961 0.213476 0.053042 0.151005 0.160524 0.092616 0.105875 -0.019418 -0.116339 -0.051436 -0.004078 -0.110876 0.288934 0.152838 0.084080 0.042898 0.107168 0.080120 -0.262722 -0.056300 -0.290521 -0.276315 0.098510 -0.025997 -0.210961 -0.031889 0.057135 0.069803 -0.289512 -0.156393 -0.153707 -0.243772 -0.251782 -0.155075 0.134815 -0.277690 -0.268289 -0.292095 -0.330442 -0.392245 0.104997 -0.059733 0.000945 -0.144761 -0.123831 -0.102322 0.255955 0.060335 -0.145437 -0.055008 -0.377391 -0.350562 -0.245862 -0.210248 -0.056841 -0.021779
-0.034856 0.116631 0.368405 0.544465 -0.127137 -0.077771 0.656154 1.000000 -0.120847 -0.032154 0.253582 0.175015 0.244218 0.113514 0.129686 0.258525 -0.004103 0.019566 0.028184 -0.245981 0.176458 0.293958 -0.204791 -0.273856 0.026859 0.065220 -0.181376 -0.118008 -0.053049 0.283588 0.415871 0.248048 0.184903 0.060838 0.141491 -0.033530 -0.173740 -0.018233 -0.074011 -0.054378 0.063480 0.146052 -0.053089 -0.045789 0.062406 0.000818 -0.021808 -0.096198 0.025230 -0.057955 0.124755 -0.014406 -0.097586 0.019001 -0.384055 -0.178745 -0.052260 -0.133520 0.059889 -0.010918 -0.012031 0.188219 -0.109475 0.004131 0.147340 0.276186 -0.174549 -0.056617 -0.316659 -0.352314 -0.077358 -0.141902 0.146470 0.241452 0.166736 0.175639 0.133361 0.066130 -0.128011 -0.066687 -0.137336 -0.114884 0.145572 0.221464 0.042734 0.282172 0.025849 0.153005 -0.162820 -0.241919 -0.143901 -0.235665 -0.105348 -0.127938 -0.069497 -0.386111 -0.093610 -0.322154 -0.127188 -0.318888 0.002184 -0.020791 -0.079354 -0.214646 -0.316099 -0.355825 0.054997 -0.225619 -0.076249 -0.351479 -0.178059 -0.161610 -0.155943 -0.270159 -0.311612 -0.223452
0.238355 -0.074613 0.067315 -0.185487 0.901716 0.843396 -0.008793 -0.120847 1.000000 0.779596 -0.014722 -0.149994 0.062581 0.003746 0.127850 0.163799 -0.105203 -0.123635 -0.045833 -0.108121 0.201374 0.181592 0.026929 -0.155356 0.352424 0.177112 0.543310 0.225681 -0.163928 -0.080024 -0.111847 -0.191396 0.129952 -0.085194 -0.026140 -0.018526 -0.039838 -0.115929 0.300403 0.023863 0.138205 -0.154360 -0.216913 -0.240108 -0.247883 -0.293179 -0.123956 -0.179647 -0.137120 -0.195665 -0.110031 -0.191487 -0.004936 -0.203369 0.313963 -0.086227 0.098300 0.034679 0.275548 0.150564 0.308143 0.267204 0.245593 0.229209 -0.042151 -0.048571 0.069780 0.007218 0.024926 -0.028797 0.168188 -0.122134 0.042231 -0.070417 -0.018805 0.021042 0.073601 0.002213 -0.166166 -0.074892 -0.034427 -0.072633 -0.014355 -0.149575 -0.032306 -0.076477 0.485147 0.008296 0.366971 0.284617 0.139914 0.110822 0.072432 0.051793 0.096890 0.005169 0.058723 -0.044624 0.107843 0.100167 0.131764 0.055290 -0.097198 0.113459 -0.004375 0.017111 0.030666 0.123651 0.086032 0.177311 0.084105 0.134068 -0.078455 0.108613 0.185304 0.037617
0.152373 -0.137735 0.041120 -0.069606 0.781332 0.818309 -0.021895 -0.032154 0.779596 1.000000 0.130394 -0.160924 0.049267 -0.098716 0.351635 0.268640 -0.011036 -0.251587 0.049591 -0.104562 0.176735 0.256934 0.040057 0.013289 0.295635 0.268401 0.505672 0.315108 -0.097995 -0.216048 -0.147853 -0.123321 -0.100878 -0.182776 -0.061503 0.071645 0.070927 -0.101739 0.336835 0.118775 0.069399 0.004934 -0.140682 -0.152800 -0.258255 -0.106335 -0.091488 -0.146454 -0.115238 -0.188859 0.007309 -0.170259 0.054959 -0.084593 0.138971 -0.102973 -0.085947 -0.191411 0.236863 0.205182 0.095106 0.194341 0.090879 0.017028 0.094004 0.023232 0.010215 -0.006900 -0.032845 -0.084303 0.070163 -0.115605 -0.105370 -0.133798 -0.013120 -0.005928 -0.019246 -0.016807 0.020796 -0.202392 0.081583 -0.029479 0.216336 0.110766 0.226640 0.056579 0.541984 0.049368 0.466811 0.148458 0.143254 0.149398 0.172938 0.174241 -0.059365 -0.050210 0.006482 -0.120608 -0.049995 -0.147958 0.099987 0.122309 -0.129797 0.031879 -0.081662 -0.062563 -0.179106 -0.076097 -0.038510 -0.026829 0.081590 -0.074397 -0.312954 -0.100104 -0.063094 -0.039639
0.240668 0.106966 0.003107 0.206061 0.039889 0.018408 0.188938 0.253582 -0.014722 0.130394 1.000000 0.501260 0.613161 0.253312 0.694591 0.593411 0.380970 0.245064 0.033765 -0.307107 0.198880 0.145974 0.124159 -0.184643 -0.032926 -0.062721 0.078681 0.064900 0.380839 0.362624 0.176272 0.046555 -0.028112 -0.163576 -0.062524 -0.239295 0.046801 0.090690 0.012696 -0.125896 0.141112 0.205467 0.054870 0.007669 -0.081877 -0.037411 0.019954 -0.122886 0.117008 -0.036710 0.120282 0.123198 0.150090 0.162630 -0.045516 -0.017012 0.144878 -0.126529 -0.146195 -0.261485 -0.040215 0.004705 -0.080291 -0.103540 0.316429 0.142940 -0.493247 -0.482443 -0.425099 -0.410498 0.077864 0.041340 0.209315 0.420261 0.320015 0.074181 0.190221 -0.006989 0.017310 0.123255 0.057096 0.034165 0.558418 0.345487 0.616077 0.422472 0.218283 0.198228 0.275908 -0.177643 -0.202107 -0.114049 -0.121631 -0.132043 -0.271309 -0.477812 -0.081878 -0.509062 -0.077435 -0.122021 -0.160565 -0.037971 -0.163532 -0.143126 -0.339755 -0.346455 -0.008177 -0.384854 -0.172215 -0.345369 -0.353186 -0.191012 -0.164240 -0.185794 -0.439118 -0.302098
0.163756 0.363534 -0.035891 0.193032 -0.222081 -0.251709 0.070947 0.175015 -0.149994 -0.160924 0.501260 1.000000 0.603199 0.732162 0.126329 0.390594 0.058077 0.404437 -0.101309 -0.185145 0.074126 -0.011232 0.146567 -0.020543 -0.136376 -0.104618 -0.076241 -0.004346 0.292073 0.390620 0.137995 0.031457 0.043381 -0.064136 -0.039806 -0.230003 0.095407 0.179688 -0.027100 -0.100009 0.017361 0.105770 0.012366 0.037996 0.029744 -0.100078 0.010230 -0.093763 0.268799 0.077377 0.024171 0.159273 0.063223 -0.023130 0.205746 0.080261 0.093504 -0.065796 -0.252776 -0.282332 0.031207 0.131227 -0.117799 -0.075831 0.142962 0.105520 -0.485646 -0.345499 -0.443347 -0.385503 0.009813 0.003987 0.109878 0.348090 0.192005 0.032177 0.069304 -0.149961 0.021357 0.152819 -0.099029 -0.064278 0.098105 0.142749 0.101672 0.263989 -0.022067 0.179962 -0.040561 0.072023 -0.239867 -0.298138 -0.218453 -0.307287 -0.277167 -0.241348 -0.028083 -0.279533 -0.158172 -0.139862 -0.174922 -0.234768 -0.288262 -0.415157 -0.260862 -0.221853 0.101753 -0.222478 -0.147273 -0.193882 -0.240440 -0.009992 0.088604 -0.190405 -0.140109 -0.183319
0.322547 0.368273 0.004273 0.028159 0.075871 0.005694 0.376635 0.244218 0.062581 0.049267 0.613161 0.603199 1.000000 0.566013 0.424408 0.502173 0.286537 0.236585 -0.120289 -0.031006 0.006560 0.024934 -0.013663 -0.063848 -0.126645 -0.197781 0.101527 -0.138787 0.303787 0.188248 0.084950 -0.029758 -0.054305 0.040377 -0.283624 -0.176057 -0.169895 -0.152490 -0.281777 -0.426757 -0.005739 -0.129214 -0.275877 -0.313763 -0.175495 -0.326429 -0.313337 -0.263507 0.090612 -0.181137 -0.092432 -0.146389 -0.133321 -0.286277 0.006009 -0.278940 0.067314 0.042953 -0.066970 -0.072055 0.250424 0.220889 0.141047 0.155024 0.116307 0.023608 -0.316028 -0.216967 -0.348229 -0.293115 0.077569 0.021968 0.105647 0.186911 0.091584 -0.059566 0.008333 -0.083451 -0.036818 0.029400 0.024188 -0.010728 0.270911 0.002469 0.258359 0.204288 0.066375 0.045531 0.175076 0.144430 -0.063381 -0.146335 -0.168132 -0.160768 -0.271798 -0.341468 -0.302663 -0.550219 -0.257980 -0.149278 0.083810 0.019699 -0.033087 -0.133098 -0.159869 -0.115387 0.133478 -0.026590 -0.225614 -0.105989 -0.302956 -0.094120 0.006562 0.006581 -0.135851 -0.161191
0.021059 0.432582 -0.256700 -0.053347 -0.121388 -0.101325 0.034517 0.113514 0.003746 -0.098716 0.253312 0.732162 0.566013 1.000000 0.086544 0.387156 0.204607 0.511233 -0.208690 -0.077642 -0.160500 0.037394 -0.123473 -0.064496 -0.305460 -0.158476 -0.081136 -0.073340 0.487623 0.480043 0.038055 0.048666 0.168215 0.082678 -0.276383 -0.355542 0.229919 0.219573 -0.009192 -0.099979 0.003852 0.147037 -0.023369 -0.023607 -0.087281 -0.271815 0.044978 -0.113650 0.012715 -0.067186 -0.192983 0.070245 0.015973 0.027923 0.315895 0.176674 -0.014727 0.061011 -0.258916 -0.198882 0.079233 0.204009 0.123672 0.196465 -0.147234 -0.240078 -0.513775 -0.428224 -0.319732 -0.377698 0.117082 0.135983 0.227790 0.357697 0.182407 0.039964 -0.043034 -0.283269 0.260113 0.346235 0.228772 0.295297 0.017090 0.146340 0.079595 0.151822 -0.127983 0.035357 0.029255 0.065640 -0.255583 -0.370439 -0.223943 -0.431307 -0.251385 -0.100276 0.106234 -0.209728 0.047718 0.039563 -0.160606 -0.141981 -0.178686 -0.307653 -0.267820 -0.184729 -0.132807 -0.152298 -0.027637 -0.169715 -0.062514 0.228159 0.205281 -0.010124 -0.068528 -0.125140
0.228545 0.027275 -0.202980 0.137484 0.150786 0.275630 0.109502 0.129686 0.127850 0.351635 0.694591 0.126329 0.424408 0.086544 1.000000 0.814061 0.339412 -0.047383 0.201468 -0.178508 0.206184 0.243483 -0.125750 -0.230906 -0.065177 -0.123528 0.231976 0.079501 0.284640 0.176564 0.110483 0.014673 -0.160622 -0.289434 -0.162433 -0.165670 0.086029 -0.000778 0.179082 -0.032400 0.196292 0.262305 0.090375 0.010382 -0.162372 -0.065561 0.052125 -0.041602 0.009138 -0.088703 0.026770 0.043698 0.212414 0.179454 -0.030943 0.068377 0.055464 -0.306242 0.097200 -0.078742 -0.070636 -0.057073 -0.166172 -0.216623 0.145719 -0.071534 -0.340529 -0.381244 -0.216437 -0.277161 0.040587 -0.003692 0.074897 0.151491 0.199157 0.046379 0.044966 0.093006 0.014905 -0.091073 0.098964 0.033929 0.778154 0.528642 0.620696 0.407383 0.438307 0.214873 0.484206 -0.074795 -0.048797 0.039412 -0.108552 -0.094830 -0.075395 -0.428313 0.000932 -0.401098 0.023205 -0.111054 -0.075006 0.126128 0.000451 0.051803 -0.213576 -0.238716 -0.128981 -0.249720 -0.083724 -0.271718 -0.276853 -0.232589 -0.196249 -0.182440 -0.372206 -0.126151
0.201805 0.113157 -0.193690 0.221686 0.155669 0.245855 0.182539 0.258525 0.163799 0.268640 0.593411 0.390594 0.502173 0.387156 0.814061 1.000000 0.237204 0.063812 0.002870 -0.077468 0.092459 0.176419 -0.178874 -0.192438 -0.173391 -0.132149 0.188536 0.022796 0.259284 0.314108 0.182770 0.071345 -0.018971 -0.162286 -0.125960 -0.172417 0.061756 0.094194 0.155204 -0.103418 0.247157 0.175554 -0.019897 -0.089376 -0.191663 -0.242803 -0.036370 -0.151225 -0.029248 -0.226735 -0.096808 -0.036487 0.162354 0.135938 0.104997 0.052946 0.048333 -0.305351 0.030434 -0.204493 0.027489 0.096695 -0.192244 -0.192646 0.084417 -0.039601 -0.400320 -0.341141 -0.241553 -0.265216 0.053597 -0.012057 0.100506 0.153389 0.070884 0.084700 -0.003335 0.040107 -0.036415 -0.095990 0.038158 -0.056088 0.663813 0.471425 0.424629 0.387832 0.328541 0.134083 0.438492 0.088609 -0.124613 -0.142665 -0.146860 -0.244667 -0.051300 -0.338250 -0.028533 -0.351889 -0.035436 -0.150955 -0.045645 0.033899 0.002062 0.042084 -0.164249 -0.145192 -0.047244 -0.071029 -0.077471 -0.232755 -0.299600 -0.144363 -0.050403 -0.122564 -0.238114 0.010037
-0.172616 -0.043292 -0.283239 -0.006769 0.019539 -0.050618 -0.092820 -0.004103 -0.105203 -0.011036 0.380970 0.058077 0.286537 0.204607 0.339412 0.237204 1.000000 0.518899 -0.170438 0.172486 -0.114474 0.026776 -0.124697 0.292661 -0.184566 -0.015908 0.045389 -0.011786 0.560660 0.157113 0.227943 0.349549 -0.128391 0.307923 -0.316248 -0.149045 0.081372 0.083290 -0.257702 -0.221294 -0.128101 0.016022 -0.346675 -0.321215 -0.429688 -0.214098 -0.335810 -0.428331 -0.493404 -0.485152 -0.313562 -0.401986 -0.347675 -0.160601 -0.188069 -0.209141 0.082709 0.184907 -0.359121 -0.294678 -0.218110 -0.078671 0.323575 0.045347 0.166839 -0.010439 -0.267402 -0.213271 -0.019424 -0.045407 0.340311 0.489308 0.175308 0.334564 0.256600 0.065515 0.038725 0.011080 0.567243 0.350562 0.674301 0.479076 0.275471 0.043232 0.604347 0.161456 -0.118549 -0.069360 0.174068 -0.191125 -0.223105 -0.255431 0.034275 -0.164275 -0.325363 0.169147 -0.230703 -0.170391 -0.075874 -0.018221 -0.116019 0.200314 0.152352 0.149170 -0.055621 0.115812 -0.145292 0.110333 0.029072 -0.043677 -0.223760 -0.090844 -0.013835 0.154765 -0.244264 0.000136
-0.145980 0.093099 -0.106729 0.123229 -0.123934 -0.208562 -0.096821 0.019566 -0.123635 -0.251587 0.245064 0.404437 0.236585 0.511233 -0.047383 0.063812 0.518899 1.000000 -0.085810 -0.086083 -0.057355 0.021391 0.099994 0.018817 -0.114507 0.018789 0.025756 0.095952 0.496698 0.473429 0.101135 0.123382 0.036934 0.051994 -0.233397 -0.414691 0.161039 0.210134 -0.064787 -0.062998 -0.044726 0.048151 -0.189646 -0.170148 -0.268018 -0.247726 -0.117180 -0.323866 -0.322922 -0.253246 -0.285606 -0.144044 -0.224400 0.043844 0.156398 0.029657 0.284020 0.464726 -0.552284 -0.490658 -0.147203 -0.146841 0.317567 0.209729 0.118185 0.027873 -0.510549 -0.454388 -0.252802 -0.283746 0.129010 0.260978 0.256546 0.446843 0.236296 0.108943 0.088237 -0.126437 0.345343 0.641215 0.382413 0.529187 -0.090010 -0.001784 0.283247 0.274920 -0.218076 0.027449 -0.051723 -0.055408 -0.329705 -0.353715 -0.054422 -0.318378 -0.250818 0.079785 -0.028765 -0.124656 0.079583 0.155980 -0.307991 -0.125472 -0.187747 -0.178358 -0.143720 -0.099914 -0.123108 -0.094043 0.049349 -0.126843 -0.147033 0.270430 0.301426 0.185784 -0.020283 -0.067325
0.177744 -0.052864 0.129485 0.172197 -0.127499 -0.029780 0.088670 0.028184 -0.045833 0.049591 0.033765 -0.101309 -0.120289 -0.208690 0.201468 0.002870 -0.170438 -0.085810 1.000000 -0.287863 0.159876 0.153039 0.117425 -0.408548 -0.009666 -0.076577 -0.031212 0.032889 0.078865 0.114208 0.114458 -0.058565 0.092875 -0.332001 0.180337 -0.065493 0.186306 0.051073 0.305406 0.291843 0.258626 0.218019 0.220917 0.185231 0.106553 0.111044 0.246084 0.097919 0.087093 0.251442 -0.030509 0.107516 0.056423 0.075851 -0.027935 0.152993 0.072698 -0.156060 0.103625 0.016168 -0.088351 -0.318355 -0.128535 -0.141740 -0.019809 -0.206823 0.076539 -0.226930 0.031675 -0.261543 -0.037685 -0.139733 0.226358 0.027939 0.195962 0.183322 0.245852 0.185061 -0.149670 -0.144355 -0.154925 -0.047469 0.206981 0.337629 -0.008867 0.231447 0.257324 0.288357 -0.005166 -0.227799 -0.093365 0.060479 -0.239955 -0.036821 0.207851 -0.095599 0.241030 -0.006636 0.194669 -0.007801 -0.027971 0.055897 -0.061233 0.028390 -0.070288 -0.213026 0.046244 -0.178615 0.238842 -0.084206 -0.014122 -0.117013 -0.079967 -0.088074 -0.008489 0.014497
-0.123374 0.069036 -0.209700 -0.085171 0.038574 -0.038140 0.039744 -0.245981 -0.108121 -0.104562 -0.307107 -0.185145 -0.031006 -0.077642 -0.178508 -0.077468 0.172486 -0.086083 -0.287863 1.000000 -0.444116 -0.572545 -0.255053 0.452069 -0.299139 -0.293146 0.008442 -0.391822 0.016480 -0.198574 -0.049474 -0.018284 0.039143 0.513999 -0.138302 0.136784 -0.339461 -0.390295 -0.561264 -0.452605 -0.119992 -0.549464 -0.453881 -0.479612 -0.364759 -0.393967 -0.455243 -0.265757 -0.402102 -0.376109 -0.437394 -0.463465 -0.453244 -0.387899 -0.253113 -0.375044 -0.241591 0.076109 -0.069082 0.145355 0.156103 0.199346 0.211676 0.053658 -0.089049 -0.210451 0.346683 0.496861 0.477179 0.753363 0.019910 0.141906 -0.069063 -0.387743 -0.389094 -0.257017 -0.247812 0.096221 -0.041204 -0.195949 0.065739 -0.073259 -0.035561 -0.303870 -0.257275 -0.427912 -0.322939 -0.445582 -0.213133 0.017241 0.160094 -0.090665 -0.058091 -0.058772 0.241902 0.403246 -0.431559 0.153112 -0.482904 -0.329645 0.251243 -0.050914 0.352772 0.178849 0.622750 0.793068 0.093113 0.618533 -0.041306 0.417810 -0.226773 -0.303737 -0.196977 0.187005 0.377327 0.685679
0.155158 -0.329552 0.300702 0.101436 0.106160 0.074681 0.096622 0.176458 0.201374 0.176735 0.198880 0.074126 0.006560 -0.160500 0.206184 0.092459 -0.114474 -0.057355 0.159876 -0.444116 1.000000 0.539840 0.330093 -0.263865 0.539211 0.311127 0.438745 0.516948 -0.078336 0.067419 0.339705 0.161163 -0.015839 -0.209122 0.261341 -0.083830 -0.129791 -0.144488 0.237379 0.080575 0.093884 0.036140 0.230793 0.232618 0.227173 0.294505 0.172152 -0.025005 0.313217 0.234256 0.337615 0.248663 0.159466 0.099104 -0.053470 -0.047630 0.292213 -0.153833 0.108211 -0.159377 0.047728 -0.143308 -0.116957 -0.175832 0.286071 0.363572 -0.064162 -0.165963 -0.188606 -0.217244 0.165854 -0.015024 0.075217 0.140426 0.125842 0.100336 0.260784 -0.041636 -0.186526 0.035818 -0.343208 -0.270034 -0.063619 -0.020385 0.012244 -0.041023 0.282670 0.238520 -0.073006 -0.142921 -0.101378 -0.052836 -0.020745 -0.050218 -0.055867 -0.384700 -0.085289 -0.211711 -0.018456 -0.057669 -0.191128 -0.166039 -0.384521 -0.220364 -0.338640 -0.343117 0.239331 -0.246676 -0.192245 -0.108684 -0.309052 -0.137418 -0.089662 -0.304170 -0.150903 -0.325097
-0.043051 -0.159906 0.120225 0.150589 0.147166 0.245110 -0.122250 0.293958 0.181592 0.256934 0.145974 -0.011232 0.024934 0.037394 0.243483 0.176419 0.026776 0.021391 0.153039 -0.572545 0.539840 1.000000 0.077176 -0.081909 0.454381 0.604078 0.290741 0.592412 0.057825 -0.025935 0.200147 0.364847 -0.235492 -0.327687 -0.040177 0.058112 0.168551 0.197405 0.388541 0.313795 -0.074591 0.399967 0.191444 0.256391 0.180583 0.324980 0.134273 0.063151 0.154050 0.088307 0.158562 0.129893 0.114506 0.068990 0.102280 0.089427 0.046013 -0.189873 -0.010853 -0.097868 -0.324990 -0.196443 -0.278817 -0.224953 -0.049308 0.270688 -0.336976 -0.175569 -0.383586 -0.490216 0.163365 0.146991 -0.148809 0.176498 0.148566 0.215052 0.024508 -0.112554 0.209510 0.015657 0.106699 0.167704 0.011607 0.257699 0.290695 0.288991 0.181663 0.217828 0.370841 0.064744 -0.067178 0.019741 0.114952 0.004540 -0.312698 -0.314595 0.129146 -0.207949 0.195438 -0.026887 -0.200934 0.039973 -0.233861 -0.110134 -0.453347 -0.446830 -0.149339 -0.420473 -0.106428 -0.472884 0.244958 0.083525 0.035187 -0.198794 -0.324699 -0.433568
-0.122771 -0.178852 0.553378 0.272474 -0.016326 -0.094009 -0.038422 -0.204791 0.026929 0.040057 0.124159 0.146567 -0.013663 -0.123473 -0.125750 -0.178874 -0.124697 0.099994 0.117425 -0.255053 0.330093 0.077176 1.000000 0.261920 0.588621 0.444746 0.261290 0.493349 -0.016394 -0.136703 0.223712 0.307696 -0.221690 -0.174066 0.165699 0.047541 -0.109600 0.101227 0.014708 0.006367 -0.074175 -0.074432 -0.048456 0.012977 -0.062035 0.071270 -0.018471 -0.100261 0.190402 0.032400 0.204680 0.018952 0.000323 0.001908 0.078228 -0.011552 0.032478 0.036085 -0.148038 -0.224645 0.034145 -0.186541 -0.003223 -0.091481 0.404449 0.363169 -0.105401 -0.113270 -0.424974 -0.195725 0.132802 0.202956 -0.103336 0.150682 -0.054473 0.075015 0.033064 -0.099064 0.010072 0.123396 -0.229366 -0.257963 -0.163999 -0.204000 0.021069 -0.065439 0.109140 0.276859 0.014327 0.114327 -0.290794 -0.137495 0.106324 -0.004384 -0.228163 -0.046908 -0.214521 -0.105860 -0.213774 -0.138315 -0.229515 -0.251509 -0.407148 -0.354979 -0.244496 -0.092761 0.096605 -0.145630 -0.138048 0.002817 -0.059251 -0.015253 0.094218 -0.057443 -0.042707 -0.147417
-0.439190 -0.106810 0.013744 0.122358 0.012364 -0.028685 -0.294623 -0.273856 -0.155356 0.013289 -0.184643 -0.020543 -0.063848 -0.064496 -0.230906 -0.192438 0.292661 0.018817 -0.408548 0.452069 -0.263865 -0.081909 0.261920 1.000000 0.107229 0.324519 0.145137 0.195450 -0.005667 -0.554476 -0.015998 0.434125 -0.512062 0.293956 -0.323404 0.300020 -0.207040 -0.056819 -0.365317 -0.231187 -0.588021 -0.200545 -0.385837 -0.274321 -0.266943 0.034077 -0.480395 -0.242224 -0.186085 -0.320147 -0.128645 -0.356698 -0.318055 -0.354608 -0.165538 -0.334574 -0.376751 -0.027253 -0.282997 0.033052 -0.318117 0.030455 -0.018112 -0.152309 0.083727 0.281557 0.053460 0.472712 0.014899 0.315279 0.185231 0.455618 -0.541584 -0.224128 -0.363500 -0.232170 -0.510282 -0.303483 0.484545 -0.104340 0.327236 0.047192 -0.251703 -0.273964 0.050077 -0.171493 -0.353185 -0.216288 0.082636 0.313231 0.090336 -0.054871 0.354328 0.125277 -0.446872 0.255738 -0.531915 -0.001845 -0.487227 -0.386962 0.034403 -0.000656 0.071947 -0.077306 0.088284 0.437971 -0.199619 0.219642 -0.198569 0.034023 0.156023 -0.211447 -0.056170 0.035863 -0.034570 0.148681
-0.065696 -0.231202 0.541809 0.227072 0.333812 0.293953 -0.012266 0.026859 0.352424 0.295635 -0.032926 -0.136376 -0.126645 -0.305460 -0.065177 -0.173391 -0.184566 -0.114507 -0.009666 -0.299139 0.539211 0.454381 0.588621 0.107229 1.000000 0.760131 0.407990 0.592606 -0.273396 -0.303506 0.227475 0.270139 -0.121746 -0.161676 0.246086 0.204202 -0.139861 0.009631 0.188753 0.175751 -0.079416 0.019984 -0.106683 -0.011653 -0.094909 0.113380 -0.118569 -0.043029 0.088805 -0.061291 0.233558 -0.075180 -0.109696 -0.143095 0.021464 -0.102374 0.053770 -0.006731 -0.004638 -0.100088 -0.011981 -0.120169 0.007046 -0.114666 0.262134 0.486018 -0.035586 0.133342 -0.271959 -0.164662 0.035465 0.068726 -0.219849 -0.001212 -0.031317 0.037693 0.064371 0.103382 -0.102779 -0.024880 -0.219313 -0.227121 -0.183346 -0.213081 0.020953 -0.033035 0.291049 0.256317 0.109948 0.177609 -0.110360 0.047298 0.204843 0.157018 -0.130951 -0.070545 -0.125953 -0.051452 -0.184524 -0.175044 -0.194456 -0.138293 -0.435850 -0.254449 -0.256836 -0.149401 0.083170 -0.144268 -0.145966 -0.104307 0.121581 -0.078425 -0.125142 -0.217452 -0.066899 -0.230163
-0.265982 -0.222454 0.390774 0.229876 0.224215 0.260035 -0.211477 0.065220 0.177112 0.268401 -0.062721 -0.104618 -0.197781 -0.158476 -0.123528 -0.132149 -0.015908 0.018789 -0.076577 -0.293146 0.311127 0.604078 0.444746 0.324519 0.760131 1.000000 0.350929 0.734333 -0.039578 -0.247331 0.249298 0.475510 -0.258683 -0.168325 0.124735 0.201599 0.133738 0.356391 0.320079 0.407064 -0.149782 0.259346 -0.114530 0.029206 -0.128416 0.129857 -0.116817 -0.118845 -0.089888 -0.211529 0.063696 -0.134037 -0.225442 -0.069807 0.126560 0.020543 -0.093431 -0.059289 -0.288890 -0.267914 -0.397606 -0.279420 -0.143659 -0.276799 0.044129 0.414206 -0.245245 0.096747 -0.302129 -0.264527 0.139534 0.253671 -0.285446 0.065432 -0.026694 0.178422 -0.095142 -0.061520 0.264016 0.023293 0.142200 0.101909 -0.162663 0.020837 0.175019 0.173360 0.115186 0.199703 0.295506 0.246013 -0.194164 -0.096742 0.260067 0.103038 -0.259554 0.103225 0.036869 0.091712 -0.125902 -0.198160 -0.276104 -0.091610 -0.313474 -0.166656 -0.288646 -0.121585 -0.151641 -0.195031 -0.019584 -0.291952 0.398962 0.028191 -0.036944 -0.243970 -0.193962 -0.175586
0.160250 -0.210427 0.144400 -0.029715 0.614848 0.589048 -0.095355 -0.181376 0.543310 0.505672 0.078681 -0.076241 0.101527 -0.081136 0.231976 0.188536 0.045389 0.025756 -0.031212 0.008442 0.438745 0.290741 0.261290 0.145137 0.407990 0.350929 1.000000 0.615146 -0.007858 -0.222747 0.023995 0.007650 -0.284922 -0.239707 -0.093479 -0.021392 -0.101573 -0.107364 0.246637 0.070516 -0.062140 -0.098470 -0.215229 -0.213486 -0.240508 -0.146759 -0.232942 -0.264328 -0.088996 -0.256051 -0.197165 -0.222326 -0.117334 -0.207067 0.264369 -0.085657 0.155785 0.000020 -0.052849 -0.129688 -0.091176 -0.101220 -0.067025 -0.142772 -0.086510 0.040130 -0.102941 0.081413 -0.083674 -0.002027 0.229670 0.099603 -0.218722 -0.112019 -0.169364 -0.170966 -0.180895 -0.250830 -0.008802 -0.140025 -0.030419 -0.059710 0.008977 -0.065422 0.004417 -0.005813 0.290326 0.033101 0.350812 0.374869 0.036479 -0.026057 -0.053910 -0.108274 0.025326 -0.043946 -0.141742 -0.071313 -0.187897 -0.126444 -0.074221 -0.137380 -0.186633 0.042866 0.079572 0.211647 0.004147 0.176109 0.013274 0.018463 0.004704 -0.108185 -0.106673 -0.126428 0.179245 0.128081
-0.123521 -0.334123 0.208236 0.057679 0.196837 0.287034 -0.355051 -0.118008 0.225681 0.315108 0.064900 -0.004346 -0.138787 -0.073340 0.079501 0.022796 -0.011786 0.095952 0.032889 -0.391822 0.516948 0.592412 0.493349 0.195450 0.592606 0.734333 0.615146 1.000000 0.110690 -0.145780 0.163478 0.338189 -0.334427 -0.333967 -0.024833 -0.048115 0.199366 0.253855 0.471385 0.371482 -0.122585 0.321719 0.140027 0.216404 0.040120 0.276381 0.116298 -0.082221 0.129007 -0.020776 0.160818 0.074528 0.002228 0.079263 0.343514 0.190329 0.096000 -0.132269 -0.292439 -0.355116 -0.412309 -0.450425 -0.193915 -0.367928 0.054991 0.297414 -0.295207 -0.110948 -0.240391 -0.290183 0.171083 0.197511 -0.235833 0.098268 0.097462 0.052667 -0.116124 -0.312127 0.313147 0.119604 0.158323 0.150495 -0.114566 0.172791 0.223951 0.234459 0.153667 0.301683 0.347709 0.240151 -0.242085 -0.190032 0.041293 -0.153927 -0.240955 -0.074892 0.113216 0.020876 -0.059607 -0.131444 -0.470001 -0.296861 -0.471232 -0.296514 -0.397288 -0.219578 -0.203227 -0.315534 -0.013353 -0.318446 0.189677 -0.019230 -0.097628 -0.346943 -0.243544 -0.272402
-0.176516 0.013401 -0.230356 -0.062047 -0.206950 -0.129245 -0.001200 -0.053049 -0.163928 -0.097995 0.380839 0.292073 0.303787 0.487623 0.284640 0.259284 0.560660 0.496698 0.078865 0.016480 -0.078336 0.057825 -0.016394 -0.005667 -0.273396 -0.039578 -0.007858 0.110690 1.000000 0.539714 0.408976 0.389301 0.039182 0.059376 -0.209035 -0.429617 0.435786 0.341220 0.013244 0.007790 0.084555 0.306192 0.020265 0.004880 -0.156113 -0.137898 0.140530 -0.389592 -0.251318 -0.189772 -0.314083 -0.056775 -0.216927 0.056934 0.189531 0.235372 0.010083 -0.059808 -0.548382 -0.505830 -0.307508 -0.357527 0.033672 -0.177924 -0.001512 -0.277199 -0.480966 -0.547577 -0.111652 -0.190924 0.495944 0.563219 0.548819 0.594325 0.509485 0.350969 0.201918 -0.097956 0.611096 0.574013 0.594222 0.609417 0.229740 0.388777 0.429775 0.283458 -0.174650 0.171068 0.090326 -0.276181 -0.558657 -0.597461 -0.374660 -0.539885 -0.128997 0.119068 0.154708 0.019924 0.021576 -0.117132 -0.458492 -0.113000 -0.090396 -0.184741 -0.319473 -0.145359 -0.195142 -0.140386 0.190447 -0.151492 -0.189161 -0.123106 -0.129342 -0.155841 -0.348921 -0.047958
0.020795 0.085854 -0.215742 0.085723 -0.240757 -0.189768 0.174727 0.283588 -0.080024 -0.216048 0.362624 0.390620 0.188248 0.480043 0.176564 0.314108 0.157113 0.473429 0.114208 -0.198574 0.067419 -0.025935 -0.136703 -0.554476 -0.303506 -0.247331 -0.222747 -0.145780 0.539714 1.000000 0.391456 0.072469 0.530812 0.041300 0.177871 -0.386928 0.360410 0.366859 0.156910 0.085065 0.547074 0.250770 0.227160 0.135158 0.057187 -0.201583 0.373113 -0.043748 -0.052399 0.054951 -0.102277 0.212716 0.058781 0.322669 0.223854 0.385615 0.200130 -0.036171 -0.211961 -0.440290 0.067386 -0.124771 0.127367 0.049200 0.078955 -0.306878 -0.417556 -0.654986 -0.130594 -0.305451 0.162294 0.010639 0.811578 0.651233 0.551440 0.436784 0.514663 0.178269 -0.039948 0.482896 0.051522 0.214903 0.281265 0.414174 0.211048 0.321173 0.084273 0.191952 -0.166282 -0.407062 -0.477567 -0.462002 -0.481269 -0.564321 0.183759 -0.082484 0.345605 0.022334 0.248948 0.132695 -0.342643 -0.261485 -0.161439 -0.210036 -0.203714 -0.322602 0.015665 -0.224775 0.196956 -0.021199 -0.331372 0.117847 0.019540 -0.098200 -0.212187 -0.013218
-0.197060 -0.143854 0.285111 0.461218 -0.212306 -0.133106 0.389336 0.415871 -0.111847 -0.147853 0.176272 0.137995 0.084950 0.038055 0.110483 0.182770 0.227943 0.101135 0.114458 -0.049474 0.339705 0.200147 0.223712 -0.015998 0.227475 0.249298 0.023995 0.163478 0.408976 0.391456 1.000000 0.769872 0.200205 0.236769 0.306923 -0.030835 -0.009992 0.296916 -0.034278 0.001097 0.168276 0.168215 -0.156397 -0.119735 -0.146188 -0.184920 -0.052248 -0.431038 -0.182265 -0.259463 -0.157997 -0.187476 -0.344213 -0.113750 -0.114264 0.006529 0.074335 -0.225903 -0.161732 -0.439640 -0.100281 -0.189952 -0.013638 -0.226224 0.227711 0.161069 -0.192287 -0.189054 -0.206421 -0.137396 0.553796 0.483331 0.495843 0.569137 0.410942 0.561792 0.412536 0.280562 0.155307 0.230363 0.015427 -0.076006 0.103894 0.157271 0.072458 0.144682 0.032846 0.324619 -0.133681 -0.204424 -0.610636 -0.683520 -0.349377 -0.506408 -0.030620 -0.024305 -0.130873 -0.020074 -0.222437 -0.377003 -0.391544 -0.179842 -0.096759 -0.281992 -0.344255 -0.174917 0.113005 -0.019287 0.142276 0.010084 -0.324385 -0.366304 -0.194452 -0.371531 -0.387723 -0.032767
-0.492421 -0.233375 0.234021 0.412710 -0.242476 -0.155173 0.087420 0.248048 -0.191396 -0.123321 0.046555 0.031457 -0.029758 0.048666 0.014673 0.071345 0.349549 0.123382 -0.058565 -0.018284 0.161163 0.364847 0.307696 0.434125 0.270139 0.475510 0.007650 0.338189 0.389301 0.072469 0.769872 1.000000 -0.194267 0.221817 -0.003073 0.052892 0.009202 0.320369 -0.128947 -0.048366 -0.206434 0.218684 -0.122553 -0.003614 -0.098837 0.079876 -0.108290 -0.339517 -0.128357 -0.219044 -0.077480 -0.159070 -0.317000 -0.089148 -0.167204 -0.044040 -0.207276 -0.259907 -0.301218 -0.370142 -0.360142 -0.204780 -0.098568 -0.315666 0.248600 0.347604 -0.260035 -0.045334 -0.302927 -0.145934 0.559411 0.709241 0.102799 0.414379 0.172754 0.410553 0.067798 0.013895 0.526275 0.219304 0.291721 0.109420 -0.039155 0.122527 0.203606 0.123726 -0.147328 0.189946 0.051488 -0.050676 -0.508908 -0.535006 -0.025109 -0.332182 -0.401029 0.034504 -0.254524 -0.105404 -0.258597 -0.430183 -0.430707 -0.145849 -0.122062 -0.316229 -0.422714 -0.106759 -0.168578 -0.121860 -0.024309 -0.205543 -0.081216 -0.256325 -0.100759 -0.264053 -0.464210 -0.150828
0.172274 0.092461 -0.109844 -0.016734 0.015012 -0.006950 0.288546 0.184903 0.129952 -0.100878 -0.028112 0.043381 -0.054305 0.168215 -0.160622 -0.018971 -0.128391 0.036934 0.092875 0.039143 -0.015839 -0.235492 -0.221690 -0.512062 -0.121746 -0.258683 -0.284922 -0.334427 0.039182 0.530812 0.200205 -0.194267 1.000000 0.481761 0.368515 -0.046821 0.054749 -0.002401 0.076357 0.035477 0.492464 -0.046657 0.056723 -0.035961 -0.008544 -0.313985 0.172962 0.064051 -0.153141 -0.014388 -0.041332 0.049721 -0.048888 0.109706 0.070640 0.121851 0.179154 0.019321 0.168987 -0.010155 0.400547 0.122155 0.419573 0.362962 -0.104472 -0.416043 0.199187 -0.159099 0.326252 0.061448 -0.144066 -0.336932 0.632379 0.213663 0.360982 0.082203 0.416821 0.298176 -0.347012 0.139076 -0.149326 -0.080634 0.059494 0.059704 -0.241740 -0.091877 0.128055 0.044983 -0.356485 -0.393830 -0.207159 -0.243172 -0.447255 -0.319693 0.364970 0.011878 0.221395 0.113294 0.088110 0.099750 0.011472 -0.123812 -0.014652 0.005912 0.045066 -0.103448 0.165586 0.034850 0.184879 0.225145 -0.157524 -0.031109 -0.157536 0.049804 0.017843 0.135056
-0.176552 0.157986 -0.155574 -0.056433 -0.041123 -0.125757 0.167008 0.060838 -0.085194 -0.182776 -0.163576 -0.064136 0.040377 0.082678 -0.289434 -0.162286 0.307923 0.051994 -0.332001 0.513999 -0.209122 -0.327687 -0.174066 0.293956 -0.161676 -0.168325 -0.239707 -0.333967 0.059376 0.041300 0.236769 0.221817 0.481761 1.000000 -0.041089 0.170767 -0.241766 -0.219429 -0.444549 -0.354960 -0.074484 -0.300036 -0.375884 -0.381024 -0.260576 -0.351141 -0.365663 -0.271790 -0.397364 -0.371423 -0.185616 -0.331403 -0.375849 -0.245408 -0.258441 -0.375638 -0.144267 0.193538 -0.034570 0.055502 0.208736 0.230516 0.575825 0.393106 0.016124 -0.156877 0.276623 0.210999 0.424894 0.449151 0.091227 0.099406 0.207357 0.003855 0.030693 -0.131568 0.058995 0.132911 0.121355 0.111784 0.232959 0.031229 -0.154176 -0.309468 -0.169168 -0.382606 -0.320843 -0.376221 -0.274244 -0.253950 -0.085923 -0.299703 -0.160266 -0.205559 -0.104163 0.266995 -0.357762 0.000348 -0.299320 -0.204716 0.091320 -0.019851 0.292541 0.077751 0.188247 0.307778 0.095543 0.333641 0.002942 0.312351 -0.217366 -0.248570 -0.179792 0.231346 -0.050976 0.205889
0.203752 -0.144259 0.198085 0.080233 -0.117309 -0.107204 0.059844 0.141491 -0.026140 -0.061503 -0.062524 -0.039806 -0.283624 -0.276383 -0.162433 -0.125960 -0.316248 -0.233397 0.180337 -0.138302 0.261341 -0.040177 0.165699 -0.323404 0.246086 0.124735 -0.093479 -0.024833 -0.209035 0.177871 0.306923 -0.003073 0.368515 -0.041089 1.000000 0.455774 0.148228 0.247862 0.239870 0.331021 0.498566 0.030059 0.006909 -0.008113 0.086236 -0.018359 0.125265 0.057259 0.014255 0.043704 0.057473 0.020165 0.020397 0.063513 0.073923 0.184599 0.285311 -0.105312 0.325258 -0.062886 0.207935 0.050940 0.002462 -0.073094 0.099459 0.071352 0.179923 0.063844 -0.069895 -0.071805 -0.143198 -0.242914 0.302182 0.052057 0.133255 0.229757 0.444400 0.431978 -0.450569 -0.176386 -0.428023 -0.427263 0.050330 0.016919 -0.150352 -0.019521 0.303157 0.330293 -0.186786 -0.159716 -0.213131 -0.067614 -0.146434 0.026959 0.322049 0.014184 0.194332 0.246710 0.072485 0.076728 0.018922 -0.100866 -0.125531 -0.015064 0.021813 -0.097813 0.224574 0.006454 0.215886 0.253592 0.015557 -0.050484 -0.094000 -0.176558 0.135762 0.072165
0.050027 -0.074503 0.007192 -0.017171 0.070991 0.023177 -0.127720 -0.033530 -0.018526 0.071645 -0.239295 -0.230003 -0.176057 -0.355542 -0.165670 -0.172417 -0.149045 -0.414691 -0.065493 0.136784 -0.083830 0.058112 0.047541 0.300020 0.204202 0.201599 -0.021392 -0.048115 -0.429617 -0.386928 -0.030835 0.052892 -0.046821 0.170767 0.455774 1.000000 0.000528 0.048968 0.003049 0.127061 0.026117 -0.070509 -0.285438 -0.270052 -0.045777 0.027644 -0.305996 0.085177 -0.069038 -0.131211 -0.043278 -0.255140 -0.101942 -0.286289 -0.017066 -0.091325 -0.095385 -0.198466 0.406868 0.319911 0.032665 0.112320 0.034406 -0.070500 -0.124934 0.092737 0.368350 0.528667 0.073626 0.153198 -0.229946 -0.156293 -0.250723 -0.316847 -0.178670 -0.075902 -0.122593 0.186471 -0.214596 -0.535630 -0.170798 -0.359736 -0.036249 -0.130373 -0.060741 -0.093203 0.115538 -0.013311 0.077405 0.191774 0.145268 0.244778 0.099401 0.282169 0.021686 0.132158 -0.210484 0.211410 -0.166194 -0.049412 0.370751 0.168382 0.184143 0.234100 0.233897 0.261649 0.098417 0.239202 0.167292 0.306582 0.319425 -0.180281 -0.110336 0.043792 0.183260 0.230938
