1.000000 0.526500 -0.111715 -0.435944 0.084885 -0.135002 0.126413 0.122623 0.185783 0.120478 0.240071 0.085452 0.148441 0.227693 -0.146083 -0.057169 0.475076 0.460447 0.330807 0.268003 -0.497881 -0.265954 -0.521144 -0.425670 -0.390850 -0.566664 -0.038193 -0.250474 0.184936 0.063914 -0.372423 -0.464601 0.323229 0.208139 -0.307024 -0.462435 -0.260638 -0.365288 -0.123885 -0.215949 -0.369476 -0.235760 -0.103730 -0.112182 -0.198560 -0.253238 -0.116170 -0.282617 -0.149336 -0.134745 -0.313787 -0.205509 0.088808 -0.444051 -0.294933 -0.314845 0.494213 0.456012 0.121460 0.217918 0.591886 0.592164 0.590452 0.563856 -0.472925 -0.048251 0.024802 -0.381421 0.084799 -0.266118 -0.403769 -0.232936 0.119755 -0.002081 -0.014141 -0.225879 -0.107670 -0.185688 0.207261 0.130128 0.393782 0.188044 -0.299729 -0.157031 0.000441 -0.158035 -0.409962 -0.567021 -0.320333 -0.186929 -0.001724 -0.016965 0.166949 0.238690 -0.151078 -0.178276 -0.145529 0.038382 -0.062290 0.280817 0.032120 0.647102 0.027219 0.484818 -0.102835 -0.199002 -0.106634 0.058769 -0.146024 -0.153319 -0.256633 0.241595 0.301240 0.018505 -0.217631 -0.152328
0.526500 1.000000 -0.525567 -0.435881 -0.252606 -0.445062 -0.420435 -0.372861 -0.218273 -0.429219 0.030972 -0.234673 -0.341160 -0.086373 -0.380759 -0.329802 0.586642 0.434005 0.091659 0.466491 -0.172965 -0.060778 -0.497763 -0.549502 -0.102134 -0.346157 0.125253 0.048478 0.233058 0.210010 -0.123934 -0.298518 0.414701 0.088932 0.014865 -0.226060 -0.034001 -0.104357 -0.024192 0.025744 -0.149472 -0.016791 -0.196813 -0.189958 0.071507 -0.024119 0.019531 -0.191202 0.093770 0.139851 0.039605 0.228903 0.101248 -0.059225 -0.168553 -0.072392 0.688387 0.794045 -0.158899 0.101549 0.029671 0.143736 0.410218 0.746304 -0.538021 -0.496460 0.292274 -0.183357 0.577159 0.229055 -0.409736 -0.442152 0.233941 0.015587 -0.037255 -0.355590 -0.190754 -0.350714 0.142568 0.204354 0.429436 0.378402 -0.226600 -0.015784 0.051877 0.026527 -0.154951 -0.180882 -0.487300 -0.185470 -0.135640 -0.482213 -0.302226 -0.316153 -0.091315 -0.169586 -0.122114 0.109832 0.130286 0.121345 -0.199272 0.174014 0.030951 0.239457 -0.046894 -0.219634 -0.247397 0.049434 -0.105088 -0.160775 -0.146312 0.160127 0.131721 0.088172 -0.189354 -0.098956
-0.111715 -0.525567 1.000000 0.229201 0.259805 0.231538 0.663367 0.319053 0.332998 0.151140 0.017045 0.149417 0.272727 0.165111 0.308235 0.218450 -0.406778 -0.183989 0.145070 -0.376882 -0.009009 -0.076745 0.541559 0.212927 0.183309 0.040863 -0.253055 -0.193141 -0.234735 -0.167377 -0.105663 -0.039686 -0.331152 -0.126041 -0.033448 0.021917 -0.019277 -0.064974 0.123179 -0.006196 0.073533 -0.075577 -0.104610 -0.193971 -0.318251 -0.337881 -0.219813 -0.042665 -0.100528 -0.332980 -0.010346 -0.289660 0.027684 -0.065485 0.107439 -0.078762 -0.468827 -0.502315 0.321532 0.040288 0.232165 -0.061774 -0.196568 -0.365973 0.254325 0.408315 -0.118733 0.023618 -0.433085 -0.242582 0.299019 0.184136 -0.160541 -0.013223 0.099743 0.235632 0.092430 0.250742 -0.232147 -0.272015 -0.315559 -0.238828 0.070120 -0.182325 -0.137709 -0.204971 0.014673 -0.113764 0.377740 0.097626 0.216331 0.623081 0.316558 0.540695 0.083933 0.163747 0.094027 0.031361 -0.123208 0.076492 0.231682 0.242672 -0.017988 0.049451 0.011157 0.169530 0.400146 0.063654 0.236663 0.191874 0.159514 -0.108967 -0.107658 -0.271285 0.146561 0.009546
-0.435944 -0.435881 0.229201 1.000000 0.176717 0.282114 0.180546 0.390714 0.245087 0.189200 0.199916 0.422401 0.267621 0.230861 0.271682 0.457379 -0.290898 -0.175081 0.152039 0.016415 0.229536 0.061961 0.338396 0.536489 0.093668 0.409210 -0.009650 0.018691 -0.054852 0.072783 0.390280 0.621663 -0.149278 0.356319 0.131822 0.409680 -0.127294 -0.077834 -0.353643 -0.269947 0.268922 -0.026974 -0.188500 -0.261506 -0.435531 -0.321861 -0.395899 -0.376568 -0.460489 -0.481079 -0.211017 -0.404617 -0.260002 -0.091519 -0.118149 -0.397372 -0.546146 -0.558301 -0.034577 -0.173630 0.076357 0.088232 -0.043247 -0.228396 0.571701 0.450293 -0.455877 -0.048626 -0.441780 -0.148945 0.384535 0.554074 -0.073046 0.294440 0.198259 0.475145 0.166139 0.397152 0.009232 0.032946 -0.175408 -0.259356 0.293474 0.368926 0.011524 0.043250 0.196980 0.204903 0.295043 0.335286 -0.157712 0.168004 0.317913 0.198149 0.218647 0.365124 -0.283365 0.200911 -0.381780 -0.361130 0.243279 -0.297786 0.179462 -0.219123 0.166647 0.166873 0.048051 0.031177 0.247250 0.249913 -0.012635 -0.045095 0.089664 0.165725 0.321340 0.269641
0.084885 -0.252606 0.259805 0.176717 1.000000 0.578019 0.427347 0.370191 0.794347 0.693432 0.468814 0.606924 0.640953 0.483194 0.417795 0.518729 -0.143091 -0.108784 0.277365 -0.129925 0.052543 0.102114 0.211030 0.213065 0.165329 0.223552 0.418047 0.149757 -0.042112 -0.124584 -0.018916 0.021524 -0.182040 0.027636 -0.408731 -0.242476 -0.161426 -0.348466 -0.001386 -0.257450 -0.244809 -0.111284 -0.186552 -0.278297 -0.356509 -0.321999 -0.361271 -0.305640 -0.319193 -0.300544 -0.226898 -0.398616 -0.281352 -0.315234 -0.455224 -0.377444 -0.293676 -0.275531 0.062737 -0.197655 0.355388 0.248179 0.071312 -0.042964 0.276331 0.247412 -0.408776 -0.400926 -0.511103 -0.286997 0.199923 0.298641 -0.162380 0.237775 0.238876 0.227474 -0.016075 0.025706 -0.075043 -0.221633 -0.050741 -0.155240 0.152442 0.244318 0.218134 0.166730 -0.030354 -0.086237 0.177329 0.084517 -0.078121 0.255599 0.539634 0.538181 -0.086134 -0.039504 -0.368196 -0.063307 -0.372063 -0.267514 0.167090 0.291600 -0.071376 -0.160876 -0.107479 -0.006091 -0.064695 -0.147578 -0.122096 -0.017754 -0.226710 -0.071961 0.242148 0.098759 -0.020390 -0.011661
-0.135002 -0.445062 0.231538 0.282114 0.578019 1.000000 0.269015 0.362255 0.310917 0.671024 0.223120 0.574752 0.474976 0.391556 0.418428 0.555653 -0.202356 -0.114208 0.014846 -0.273901 0.300611 0.270542 0.205465 0.377701 0.309139 0.410128 0.394613 0.382945 0.046308 -0.027500 -0.064068 0.086750 -0.329570 -0.082525 -0.069217 0.050000 -0.118621 -0.102887 0.152900 0.013355 -0.195758 0.058414 -0.042339 -0.019735 -0.262329 -0.168995 -0.166982 -0.052646 -0.293595 -0.238725 -0.199962 -0.393497 -0.247026 -0.237180 -0.108313 -0.127301 -0.421479 -0.433493 0.032069 -0.112884 0.090020 0.098889 -0.082557 -0.293804 0.330450 0.352417 -0.346212 -0.187365 -0.489568 -0.259507 0.247230 0.343785 -0.042328 0.223758 0.232499 0.316370 0.005584 0.087651 -0.046109 -0.203417 -0.126196 -0.187042 0.206511 0.317859 0.089109 0.174622 -0.133848 0.094003 0.278422 0.204729 -0.034164 0.161310 0.390039 0.254768 -0.069387 -0.071090 -0.147127 -0.218781 -0.334257 -0.315050 0.013577 0.078278 -0.203900 -0.242942 -0.208761 -0.063709 -0.073822 -0.169271 -0.106369 -0.019251 -0.099732 -0.238075 -0.035777 -0.158199 -0.054316 -0.109368
0.126413 -0.420435 0.663367 0.180546 0.427347 0.269015 1.000000 0.711687 0.367343 0.443911 0.284765 0.570415 0.699693 0.570474 0.511313 0.481585 -0.287953 0.016275 0.372832 -0.255165 -0.009398 -0.067112 0.124916 0.042513 -0.102998 -0.109623 -0.027366 -0.202044 0.062384 0.085797 0.081875 0.024222 -0.082952 0.107148 -0.364370 -0.420850 -0.174474 -0.223352 -0.108169 -0.303599 -0.132598 -0.039313 -0.191831 -0.321281 -0.502668 -0.607283 -0.238668 -0.347790 -0.322695 -0.536746 -0.237719 -0.457349 -0.005438 -0.192803 -0.083761 -0.277764 -0.524042 -0.543672 0.360207 0.035153 0.495512 0.310301 0.100916 -0.169085 0.267771 0.568421 -0.250862 -0.416782 -0.609815 -0.422434 0.301620 0.311494 0.146490 0.282995 0.330912 0.334487 0.148440 0.180887 -0.026681 -0.100477 -0.084700 -0.191653 0.186048 0.047366 0.158350 -0.022023 -0.137269 -0.303844 0.336243 0.172307 -0.065829 0.399889 0.326389 0.620414 -0.050970 0.006074 -0.168027 -0.100557 -0.354902 -0.264233 0.318472 0.354019 0.028131 0.067974 -0.074230 -0.060313 0.110572 0.035254 0.035725 -0.010143 -0.167799 -0.228189 0.041031 -0.045949 -0.013986 -0.090072
0.122623 -0.372861 0.319053 0.390714 0.370191 0.362255 0.711687 1.000000 0.402698 0.529622 0.194803 0.611489 0.592308 0.696745 0.212649 0.480580 -0.307893 0.049557 0.081979 -0.168686 -0.160226 -0.133349 -0.252934 -0.017501 -0.361998 -0.172105 -0.129826 -0.210417 0.057544 0.083947 -0.068603 0.018432 -0.086398 0.166802 -0.265780 -0.299068 -0.126425 -0.172770 -0.271539 -0.308181 -0.021086 -0.004636 0.043771 -0.067044 -0.390297 -0.422933 -0.115514 -0.261046 -0.367061 -0.464906 -0.369851 -0.443412 0.035885 -0.239849 -0.049496 -0.315154 -0.517560 -0.557015 0.272815 0.235021 0.479578 0.563695 0.116801 -0.129651 0.125885 0.653695 -0.244056 -0.319715 -0.616496 -0.415844 0.302360 0.499346 0.063397 0.442288 0.388481 0.528199 0.271225 0.345643 0.027119 -0.117177 -0.074296 -0.256602 -0.048355 0.039266 -0.064906 -0.117936 -0.314204 -0.398012 0.146439 0.213406 0.010614 0.240438 0.449130 0.563057 -0.001539 0.034645 -0.118425 -0.032717 -0.369255 -0.235478 0.444483 0.363395 0.157380 0.076630 -0.018471 -0.106613 -0.016794 -0.065290 0.064963 0.023052 -0.150522 -0.153518 0.135761 0.041291 -0.012512 -0.046045
0.185783 -0.218273 0.332998 0.245087 0.794347 0.310917 0.367343 0.402698 1.000000 0.555245 0.471783 0.475346 0.481173 0.450536 0.232065 0.420820 -0.236883 -0.131313 0.324331 0.025100 -0.249362 -0.195552 0.145810 0.133606 -0.089720 0.045153 0.153229 -0.129033 -0.253045 -0.227193 -0.163312 -0.091531 -0.213592 0.049786 -0.374153 -0.130449 -0.205178 -0.374919 -0.111887 -0.305115 -0.125324 -0.266025 -0.113552 -0.272564 -0.396666 -0.348498 -0.460207 -0.365112 -0.274495 -0.328867 -0.232164 -0.313638 -0.142039 -0.309856 -0.329026 -0.385594 -0.294671 -0.283876 0.170652 0.008578 0.470865 0.393715 0.074780 0.010766 0.228592 0.303842 -0.332747 -0.287117 -0.440563 -0.243925 0.145129 0.242405 -0.303140 0.224400 0.202994 0.238310 0.115170 0.195671 -0.211777 -0.240038 -0.194265 -0.340218 -0.072219 0.028899 -0.051528 -0.139890 -0.075583 -0.294284 0.165288 0.135242 0.084164 0.481325 0.657593 0.666885 0.149951 0.166672 -0.229942 0.217370 -0.188448 0.046970 0.389454 0.373088 0.158253 0.013761 0.075995 0.146333 0.167876 -0.098812 0.130064 0.197536 -0.058173 0.178928 0.369863 0.108855 0.151942 0.180433
0.120478 -0.429219 0.151140 0.189200 0.693432 0.671024 0.443911 0.529622 0.555245 1.000000 0.431190 0.549494 0.574852 0.361625 0.350300 0.438382 -0.229261 -0.207281 0.213469 -0.063674 -0.136666 -0.125449 0.006653 0.251618 -0.060388 0.167286 0.265631 -0.018492 -0.164416 -0.268606 -0.098217 -0.050701 -0.161518 0.041040 -0.378192 -0.176285 -0.293704 -0.308482 -0.009335 -0.274939 -0.277666 -0.193775 -0.023031 -0.123023 -0.290491 -0.270944 -0.240608 -0.224028 -0.310338 -0.291417 -0.243438 -0.397968 -0.203276 -0.399475 -0.189924 -0.239866 -0.302170 -0.353776 0.238858 0.003933 0.380971 0.413071 0.013674 -0.214545 0.358964 0.448886 -0.318795 -0.271410 -0.490412 -0.235047 0.179782 0.255096 -0.234022 0.192101 0.163046 0.271643 0.094874 0.172415 -0.113934 -0.212431 -0.211942 -0.341546 -0.014630 0.034684 0.017804 -0.045598 -0.181057 -0.144797 0.255014 0.160929 -0.018509 0.319634 0.514477 0.504109 0.076923 0.075084 -0.063719 0.012659 -0.251376 -0.279064 0.220290 0.178805 0.026911 -0.064356 0.038771 0.082110 -0.036846 -0.169291 0.027600 0.105634 -0.063358 0.032040 0.204713 0.125962 0.101186 0.127356
0.240071 0.030972 0.017045 0.199916 0.468814 0.223120 0.284765 0.194803 0.471783 0.431190 1.000000 0.645632 0.684374 0.419515 0.539589 0.414559 0.162825 0.156172 0.517602 0.111146 0.003286 0.120566 0.161416 0.226854 0.068065 0.124133 0.279927 0.120888 0.119768 0.002706 0.270197 0.258839 0.030653 0.354942 -0.372924 -0.208958 -0.227891 -0.189908 -0.034082 -0.223436 -0.354592 -0.034794 -0.291311 -0.369385 -0.517586 -0.456582 -0.467439 -0.472862 -0.498059 -0.453344 -0.412848 -0.421993 -0.232507 -0.335096 -0.177398 -0.312141 -0.259065 -0.206198 0.034981 -0.239019 0.416073 0.402341 0.338773 0.169625 0.420655 0.276557 -0.497188 -0.490822 -0.301643 -0.275746 -0.056199 0.171314 -0.010069 0.286105 0.201674 0.066606 0.003737 0.004622 0.174105 0.029564 0.131639 -0.070788 0.282750 0.306978 0.285253 0.091037 0.090841 -0.008798 0.399892 0.232723 -0.318544 0.181353 0.275616 0.327065 -0.119800 -0.003922 -0.365278 0.028196 -0.469875 -0.215482 -0.064272 0.031064 -0.045236 -0.152483 -0.073142 -0.072902 -0.108394 0.220169 -0.140212 -0.037528 -0.240501 0.037137 0.219210 0.171703 -0.021764 -0.069868
0.085452 -0.234673 0.149417 0.422401 0.606924 0.574752 0.570415 0.611489 0.475346 0.549494 0.645632 1.000000 0.866677 0.795058 0.645635 0.705407 -0.085437 0.129867 0.368459 -0.059678 0.204410 0.239874 0.045194 0.254273 0.039063 0.203999 0.290304 0.174476 0.284101 0.236148 0.266579 0.342665 -0.040880 0.355092 -0.307131 -0.231317 -0.192348 -0.229485 -0.150252 -0.267095 -0.220317 0.103871 -0.304428 -0.340829 -0.622237 -0.547510 -0.420424 -0.485857 -0.576556 -0.605432 -0.487039 -0.597975 -0.239129 -0.355459 -0.248157 -0.440212 -0.547101 -0.523115 0.052895 -0.206772 0.444299 0.426189 0.296772 0.004272 0.423334 0.518655 -0.485770 -0.519912 -0.543119 -0.415284 0.143588 0.483507 0.201078 0.463050 0.400655 0.391398 0.089733 0.099453 0.179859 0.015250 0.089980 -0.171577 0.359416 0.519285 0.257956 0.243282 -0.093567 -0.066837 0.357380 0.311805 -0.318521 0.103817 0.348830 0.378097 -0.151434 -0.048583 -0.484917 -0.124140 -0.645964 -0.453450 0.121797 0.146936 -0.093942 -0.130711 -0.205939 -0.220983 -0.130926 0.078036 -0.174490 -0.091947 -0.366163 -0.281896 0.120746 0.049432 -0.106037 -0.163029
0.148441 -0.341160 0.272727 0.267621 0.640953 0.474976 0.699693 0.592308 0.481173 0.574852 0.684374 0.866677 1.000000 0.756389 0.701632 0.693067 -0.017878 0.159116 0.376859 -0.180264 0.107955 0.204807 0.093845 0.218192 -0.053589 0.066575 0.210417 0.080472 0.276995 0.194991 0.221931 0.256966 -0.015036 0.341603 -0.457391 -0.379400 -0.158039 -0.220877 -0.125421 -0.307220 -0.260901 0.097776 -0.239849 -0.259999 -0.598712 -0.548833 -0.338150 -0.410059 -0.562421 -0.584921 -0.485357 -0.620798 -0.187016 -0.336108 -0.219891 -0.345876 -0.507755 -0.506808 0.154109 -0.182900 0.556462 0.418080 0.340710 -0.004523 0.404789 0.541836 -0.545165 -0.557607 -0.629776 -0.494050 0.150416 0.418368 0.212968 0.425375 0.401461 0.288052 0.090314 0.040965 0.259537 0.075794 0.165994 -0.050362 0.363737 0.393733 0.366909 0.227037 -0.080856 -0.124900 0.425219 0.267258 -0.347401 0.168504 0.297551 0.432543 -0.249338 -0.116265 -0.398181 -0.191005 -0.688139 -0.403539 0.029251 0.219832 -0.158602 -0.196797 -0.258230 -0.263248 -0.134581 0.087523 -0.272532 -0.151735 -0.366378 -0.306784 0.050196 0.066931 -0.143887 -0.213028
0.227693 -0.086373 0.165111 0.230861 0.483194 0.391556 0.570474 0.696745 0.450536 0.361625 0.419515 0.795058 0.756389 1.000000 0.384648 0.614382 -0.064597 0.198949 0.196020 -0.116692 0.037797 0.112619 -0.200564 -0.037211 -0.152178 -0.055776 0.119544 0.069885 0.257876 0.329714 0.057588 0.087318 0.002606 0.232339 -0.273829 -0.348365 -0.054900 -0.177636 -0.144131 -0.252688 -0.077061 0.107199 -0.132241 -0.202991 -0.494674 -0.475000 -0.208281 -0.361339 -0.391363 -0.457754 -0.376220 -0.415153 -0.048227 -0.163430 -0.164344 -0.319760 -0.330797 -0.344998 0.035782 0.009535 0.439426 0.447208 0.333805 0.155720 0.088469 0.366405 -0.352664 -0.536335 -0.438247 -0.413527 0.126834 0.362140 0.304625 0.492474 0.469694 0.398263 0.152033 0.076739 0.164974 -0.032728 0.152790 -0.056298 0.130294 0.318120 0.197711 0.154625 -0.197827 -0.205343 0.149432 0.199405 -0.230584 -0.010847 0.180967 0.298343 -0.174758 -0.135575 -0.344446 -0.125116 -0.553324 -0.318118 0.130683 0.333565 -0.147548 -0.156715 -0.338884 -0.415938 -0.135109 -0.086774 -0.196096 -0.072331 -0.319397 -0.363365 -0.016138 -0.083983 -0.169434 -0.232507
-0.146083 -0.380759 0.308235 0.271682 0.417795 0.418428 0.511313 0.212649 0.232065 0.350300 0.539589 0.645635 0.701632 0.384648 1.000000 0.671600 0.002095 0.146438 0.409088 -0.205237 0.397171 0.423576 0.430079 0.435277 0.249356 0.286653 0.289034 0.251183 0.368667 0.265124 0.450794 0.467245 -0.074620 0.296142 -0.246171 -0.172213 -0.066249 -0.102405 -0.006602 -0.163564 -0.095321 0.121464 -0.277581 -0.237956 -0.342010 -0.317652 -0.221787 -0.260436 -0.392726 -0.362319 -0.325813 -0.459646 -0.360952 -0.177868 -0.213038 -0.233392 -0.503007 -0.499806 -0.039652 -0.349182 0.135018 0.024474 0.135593 -0.155081 0.471692 0.297380 -0.427524 -0.324428 -0.482712 -0.434032 0.190595 0.302531 0.286202 0.165312 0.176895 0.115744 -0.109550 -0.144774 0.241599 0.095410 0.134628 -0.007466 0.632170 0.523389 0.390935 0.280667 0.001664 0.021345 0.540847 0.179872 -0.332117 0.063180 0.133780 0.223517 -0.235422 -0.194067 -0.418933 -0.318517 -0.592589 -0.447904 -0.154809 -0.019952 -0.248004 -0.273835 -0.381326 -0.281414 -0.023842 0.022234 -0.327754 -0.229949 -0.386911 -0.352963 -0.062450 -0.061895 -0.205222 -0.259284
-0.057169 -0.329802 0.218450 0.457379 0.518729 0.555653 0.481585 0.480580 0.420820 0.438382 0.414559 0.705407 0.693067 0.614382 0.671600 1.000000 -0.138321 0.137440 0.300115 -0.238039 0.316953 0.293824 0.174527 0.345335 0.098294 0.367800 0.353891 0.316304 0.224581 0.295424 0.287113 0.356766 -0.109196 0.246131 -0.216947 -0.096509 -0.161797 -0.119624 -0.163642 -0.200627 -0.112200 0.159485 -0.329220 -0.308612 -0.460341 -0.443035 -0.294770 -0.407273 -0.400226 -0.409255 -0.272900 -0.421844 -0.179656 -0.144311 -0.170910 -0.237424 -0.449157 -0.443115 0.029811 -0.088320 0.242338 0.162082 0.115218 -0.087624 0.379257 0.493828 -0.367757 -0.451033 -0.554904 -0.434031 0.284185 0.361635 0.211359 0.337454 0.301108 0.215785 -0.106304 -0.080688 0.085353 0.023002 0.017009 -0.093576 0.440898 0.497938 0.326066 0.277026 0.012639 -0.045271 0.436111 0.460631 -0.303035 0.017407 0.287420 0.327749 -0.194802 -0.156707 -0.423013 -0.240706 -0.610294 -0.460345 -0.036571 0.072183 -0.275633 -0.344344 -0.394931 -0.361336 -0.170540 -0.214782 -0.223943 -0.131459 -0.379649 -0.441318 -0.086192 -0.154179 -0.227552 -0.225451
0.475076 0.586642 -0.406778 -0.290898 -0.143091 -0.202356 -0.287953 -0.307893 -0.236883 -0.229261 0.162825 -0.085437 -0.017878 -0.064597 0.002095 -0.138321 1.000000 0.804566 0.088526 0.196914 -0.075705 0.234163 -0.330713 -0.196271 -0.198980 -0.407609 -0.060202 -0.009282 0.684976 0.525692 0.076808 0.052507 0.509377 0.459825 -0.133140 -0.326890 -0.003823 -0.048979 -0.117616 -0.120421 -0.318985 0.114607 -0.126221 -0.007213 -0.091394 -0.060674 0.108735 -0.084637 -0.284333 -0.121827 -0.350103 -0.245477 -0.218869 -0.195495 -0.366000 -0.282900 0.586160 0.593055 -0.313570 -0.105214 0.144082 0.240199 0.677768 0.735512 -0.416487 -0.312230 -0.115921 -0.249875 0.246256 -0.270573 -0.542501 -0.193267 0.498475 -0.024933 -0.060041 -0.407933 -0.231166 -0.446717 0.777022 0.660888 0.903270 0.813767 0.065538 0.257524 0.348028 0.294665 -0.283969 -0.185287 -0.285280 -0.284571 -0.342358 -0.509843 -0.299487 -0.365724 -0.466681 -0.428261 -0.370193 -0.248613 -0.331168 -0.019739 -0.411475 0.112160 -0.132566 0.107080 -0.273505 -0.396261 -0.426752 0.223586 -0.471275 -0.524508 -0.471405 -0.026873 0.037603 0.159768 -0.449955 -0.368901
0.460447 0.434005 -0.183989 -0.175081 -0.108784 -0.114208 0.016275 0.049557 -0.131313 -0.207281 0.156172 0.129867 0.159116 0.198949 0.146438 0.137440 0.804566 1.000000 0.081180 -0.075443 -0.062467 0.319990 -0.357194 -0.311254 -0.264862 -0.468778 -0.165397 0.005024 0.799778 0.676273 0.032265 0.016769 0.386908 0.427468 -0.204006 -0.418279 0.039015 -0.028033 -0.225901 -0.096444 -0.294631 0.243701 -0.148196 -0.059248 -0.193220 -0.227838 0.143993 -0.114250 -0.254779 -0.230283 -0.379048 -0.291168 0.032121 -0.106265 -0.230713 -0.290231 0.289307 0.320376 -0.197693 0.094823 0.241040 0.394882 0.590149 0.644051 -0.403165 -0.052950 -0.068536 -0.347894 0.010870 -0.530564 -0.435337 -0.008561 0.601527 0.118108 0.084547 -0.235396 -0.153589 -0.397688 0.725261 0.614765 0.855817 0.764146 0.153988 0.291787 0.300050 0.279244 -0.412557 -0.394821 -0.094160 -0.079997 -0.237221 -0.394273 -0.184616 -0.154731 -0.615021 -0.603110 -0.454614 -0.452057 -0.439132 -0.027206 -0.296972 0.289213 -0.225181 0.123975 -0.466864 -0.590675 -0.367438 0.185509 -0.545292 -0.680716 -0.619945 -0.275766 -0.055381 -0.084564 -0.641741 -0.612670
0.330807 0.091659 0.145070 0.152039 0.277365 0.014846 0.372832 0.081979 0.324331 0.213469 0.517602 0.368459 0.376859 0.196020 0.409088 0.300115 0.088526 0.081180 1.000000 0.383987 0.060638 -0.037192 0.100462 0.080281 -0.006462 0.050137 0.298559 0.002833 0.156040 0.165298 0.356388 0.199739 0.304639 0.442375 -0.282129 -0.219619 -0.254901 -0.327409 -0.146464 -0.356204 -0.168274 -0.170289 -0.374544 -0.467817 -0.446660 -0.505326 -0.395563 -0.599354 -0.418770 -0.420748 -0.275510 -0.340519 -0.344404 -0.319418 -0.397634 -0.444553 -0.136097 -0.104975 -0.034821 -0.313613 0.308769 0.235911 0.391937 0.185774 0.207204 0.054892 -0.295535 -0.523688 -0.122233 -0.193264 0.052071 0.001987 0.204897 0.148779 0.157742 -0.051814 -0.011665 -0.028625 0.025000 0.128539 0.125937 -0.084834 0.386416 0.328060 0.333567 0.055134 0.063526 -0.116879 0.149618 0.080168 -0.283919 0.152983 0.258396 0.314192 0.040870 0.104874 -0.349722 0.178917 -0.212665 -0.149098 0.045891 0.136819 0.122859 0.162639 -0.003983 -0.049649 0.019403 -0.003444 0.160736 0.012562 -0.155093 0.223459 0.348290 0.179966 0.016969 0.077682
0.268003 0.466491 -0.376882 0.016415 -0.129925 -0.273901 -0.255165 -0.168686 0.025100 -0.063674 0.111146 -0.059678 -0.180264 -0.116692 -0.205237 -0.238039 0.196914 -0.075443 0.383987 1.000000 -0.213558 -0.461497 -0.334585 -0.064355 -0.202477 -0.145203 0.159505 -0.180704 -0.095347 -0.069926 0.105634 0.012556 0.505859 0.417352 0.145202 0.042600 -0.313893 -0.330653 -0.187117 -0.360154 -0.001975 -0.332138 -0.084856 -0.162462 -0.096179 -0.097019 -0.252802 -0.382305 -0.280802 -0.138475 -0.199566 -0.071984 -0.367809 -0.301089 -0.391566 -0.345444 0.216501 0.261873 -0.119759 -0.104607 0.193852 0.238220 0.509296 0.473657 -0.071503 -0.210743 0.033911 -0.025723 0.442800 0.532275 -0.087244 -0.204260 0.048536 0.049671 0.044146 -0.078361 0.116690 0.105396 -0.030676 0.229064 0.098564 -0.196600 -0.206393 0.033683 -0.223935 -0.342603 -0.059856 -0.124427 -0.417160 -0.123684 -0.290639 -0.129956 0.021194 -0.044814 0.425004 0.501872 0.045133 0.688903 0.149240 0.034487 0.140255 -0.029484 0.517240 0.284686 0.492097 0.289091 -0.119132 0.114491 0.438717 0.429768 0.331386 0.614645 0.533910 0.551788 0.368170 0.539069
-0.497881 -0.172965 -0.009009 0.229536 0.052543 0.300611 -0.009398 -0.160226 -0.249362 -0.136666 0.003286 0.204410 0.107955 0.037797 0.397171 0.316953 -0.075705 -0.062467 0.060638 -0.213558 1.000000 0.688052 0.344644 0.415886 0.493972 0.664132 0.512716 0.686587 0.277548 0.343338 0.620019 0.597402 -0.043372 0.011321 0.161075 0.127780 0.161657 0.235872 0.231686 0.228849 0.156312 0.357876 -0.168079 -0.127521 -0.042208 -0.056319 0.072975 0.017077 -0.104771 -0.066655 0.028767 -0.073765 -0.236978 0.297127 0.004296 0.098642 -0.261247 -0.201700 -0.297029 -0.457189 -0.454725 -0.469233 -0.211929 -0.237687 0.241417 -0.087355 -0.142983 -0.186681 -0.057039 0.014844 0.354135 0.118884 0.305910 0.030926 0.040085 -0.018777 -0.233891 -0.259464 0.043354 0.050580 -0.003049 0.111812 0.697650 0.595372 0.377404 0.545725 0.370027 0.557294 0.232037 0.159948 -0.231163 -0.282433 -0.204043 -0.287084 -0.236685 -0.215757 -0.230286 -0.319787 -0.226070 -0.474448 -0.323763 -0.447583 -0.329565 -0.444109 -0.343759 -0.215796 -0.150433 -0.068142 -0.205679 -0.214004 -0.157726 -0.397071 -0.312921 -0.178379 -0.224910 -0.251440
-0.265954 -0.060778 -0.076745 0.061961 0.102114 0.270542 -0.067112 -0.133349 -0.195552 -0.125449 0.120566 0.239874 0.204807 0.112619 0.423576 0.293824 0.234163 0.319990 -0.037192 -0.461497 0.688052 1.000000 0.183266 0.199392 0.316353 0.379240 0.281958 0.681495 0.617627 0.480480 0.411718 0.474751 -0.071863 0.028163 -0.100544 -0.124424 0.338293 0.338313 0.248696 0.392508 -0.000531 0.513348 -0.082472 0.058001 -0.012108 0.071878 0.205247 0.222163 -0.059558 0.027316 -0.133655 -0.083352 -0.069730 0.222260 -0.032650 0.064213 -0.160411 -0.120901 -0.334224 -0.365840 -0.351975 -0.338600 -0.098333 -0.114091 -0.013154 -0.163304 -0.140017 -0.162215 -0.131944 -0.394109 0.072626 0.190863 0.399963 0.067377 0.033355 -0.091180 -0.246155 -0.350190 0.368265 0.143303 0.304830 0.416263 0.625753 0.589839 0.417072 0.612968 0.121703 0.340078 0.229037 -0.074538 -0.070103 -0.312545 -0.227308 -0.307804 -0.626999 -0.607672 -0.434937 -0.681365 -0.369860 -0.287681 -0.507287 -0.189497 -0.563414 -0.369290 -0.612171 -0.493201 -0.131307 -0.013085 -0.635120 -0.622298 -0.492470 -0.566617 -0.384464 -0.393412 -0.602920 -0.678642
-0.521144 -0.497763 0.541559 0.338396 0.211030 0.205465 0.124916 -0.252934 0.145810 0.006653 0.161416 0.045194 0.093845 -0.200564 0.430079 0.174527 -0.330713 -0.357194 0.100462 -0.334585 0.344644 0.183266 1.000000 0.615055 0.686682 0.558975 0.120352 0.143457 -0.284955 -0.241901 0.271432 0.375134 -0.409789 -0.124688 0.126512 0.399809 -0.026062 0.031656 0.130836 0.053585 0.074694 -0.061964 -0.200532 -0.195276 -0.156326 -0.081296 -0.290899 -0.028346 -0.015084 -0.085002 0.257770 -0.046444 -0.150020 0.119397 0.066622 0.043464 -0.360237 -0.353089 -0.016899 -0.354471 -0.251341 -0.453475 -0.393213 -0.462058 0.608381 0.139634 -0.279892 0.088563 -0.236111 -0.030176 0.266117 0.128581 -0.303372 -0.148268 -0.152714 0.076018 -0.094444 0.086659 -0.226234 -0.190263 -0.361025 -0.224995 0.431778 0.088291 0.174668 0.093489 0.555461 0.459856 0.587935 0.232764 -0.050025 0.358602 0.071034 0.164077 0.106615 0.196262 -0.079451 -0.020177 -0.079564 -0.114821 -0.071350 -0.334320 -0.143941 -0.342338 -0.004741 0.251082 0.285307 0.101301 0.111443 0.176634 0.115899 -0.112873 -0.135665 -0.103593 0.241827 0.130642
-0.425670 -0.549502 0.212927 0.536489 0.213065 0.377701 0.042513 -0.017501 0.133606 0.251618 0.226854 0.254273 0.218192 -0.037211 0.435277 0.345335 -0.196271 -0.311254 0.080281 -0.064355 0.415886 0.199392 0.615055 1.000000 0.390387 0.682443 0.217207 0.250380 -0.139793 -0.142481 0.502791 0.645875 -0.131176 0.242450 0.143764 0.358871 -0.156371 0.060590 0.006259 -0.114672 -0.111506 0.015274 -0.061504 -0.080726 -0.334825 -0.164232 -0.316767 -0.127256 -0.454781 -0.322836 -0.142895 -0.395657 -0.480546 -0.103382 -0.153289 -0.187977 -0.367332 -0.392226 -0.144791 -0.496255 -0.185649 -0.296938 -0.153188 -0.431064 0.624730 0.289932 -0.471365 -0.053552 -0.256908 -0.056893 0.324027 0.350319 -0.202705 0.051481 0.026849 0.224012 -0.034745 0.157047 0.091070 0.049012 -0.213776 -0.247816 0.391431 0.235979 0.133602 0.116051 0.449872 0.455418 0.482394 0.187627 -0.258112 0.241576 0.253544 0.187649 0.108788 0.263138 -0.132271 0.072555 -0.342677 -0.250605 -0.101625 -0.454447 -0.113225 -0.317175 0.023930 0.228297 0.000100 0.068853 0.097691 0.199488 0.111617 0.013599 0.087488 0.178977 0.196831 0.189679
-0.390850 -0.102134 0.183309 0.093668 0.165329 0.309139 -0.102998 -0.361998 -0.089720 -0.060388 0.068065 0.039063 -0.053589 -0.152178 0.249356 0.098294 -0.198980 -0.264862 -0.006462 -0.202477 0.493972 0.316353 0.686682 0.390387 1.000000 0.642975 0.445912 0.491335 -0.163109 -0.139741 0.257418 0.245632 -0.265906 -0.222463 0.334367 0.353808 -0.091105 -0.008584 0.267863 0.236750 -0.046812 0.033188 -0.232143 -0.192994 -0.033582 0.004129 -0.211604 -0.055607 0.083786 0.089325 0.373514 0.118679 -0.140636 0.109704 0.077024 0.112617 -0.156023 -0.084416 -0.099596 -0.312703 -0.395717 -0.464017 -0.331683 -0.264432 0.390913 -0.063070 -0.032642 0.067007 0.070224 0.200213 0.171973 -0.097445 -0.152018 -0.146998 -0.156594 -0.027271 -0.276273 -0.121050 -0.268086 -0.211992 -0.261462 -0.154055 0.324762 0.138629 0.163341 0.129937 0.488739 0.512875 0.360885 0.202843 -0.115964 0.031731 -0.133988 -0.079966 -0.029004 0.045533 -0.062735 -0.082925 0.005763 -0.155597 -0.256014 -0.384532 -0.263413 -0.320914 -0.074045 0.145552 0.119768 0.004105 0.021770 0.103050 0.113501 -0.142685 -0.142011 -0.228835 0.101810 -0.003890
-0.566664 -0.346157 0.040863 0.409210 0.223552 0.410128 -0.109623 -0.172105 0.045153 0.167286 0.124133 0.203999 0.066575 -0.055776 0.286653 0.367800 -0.407609 -0.468778 0.050137 -0.145203 0.664132 0.379240 0.558975 0.682443 0.642975 1.000000 0.575668 0.620787 -0.242520 -0.158085 0.515949 0.550205 -0.277506 -0.117058 0.249837 0.510439 -0.047416 0.123456 0.165463 0.162688 0.057621 0.120000 -0.196065 -0.205030 -0.101296 -0.035874 -0.256032 -0.083957 -0.082441 -0.048000 0.228580 -0.006408 -0.242033 0.173461 0.049225 0.100253 -0.327745 -0.290726 -0.137258 -0.460913 -0.405112 -0.495629 -0.456071 -0.474101 0.574131 0.091435 -0.230227 -0.008384 -0.105914 0.174478 0.413865 0.156483 -0.229328 0.013260 -0.016476 0.142808 -0.168817 0.002978 -0.285757 -0.204388 -0.441955 -0.327755 0.409336 0.309958 0.148238 0.253030 0.592985 0.690815 0.407215 0.279325 -0.109658 0.076369 0.088417 -0.078143 0.108802 0.152829 -0.116925 -0.012279 -0.043999 -0.324047 -0.141748 -0.626747 -0.244626 -0.487172 -0.034527 0.164327 0.011647 -0.173871 0.074829 0.186984 0.159035 -0.126702 -0.102072 -0.091939 0.160619 0.119757
-0.038193 0.125253 -0.253055 -0.009650 0.418047 0.394613 -0.027366 -0.129826 0.153229 0.265631 0.279927 0.290304 0.210417 0.119544 0.289034 0.353891 -0.060202 -0.165397 0.298559 0.159505 0.512716 0.281958 0.120352 0.217207 0.445912 0.575668 1.000000 0.682265 -0.008353 -0.099267 0.282766 0.159597 -0.018277 -0.111240 -0.143582 -0.075768 -0.195483 -0.182115 0.192593 -0.022981 -0.232892 0.010507 -0.257050 -0.257589 -0.085605 -0.123749 -0.258481 -0.280436 -0.092181 0.027847 0.040199 -0.011451 -0.239422 -0.115662 -0.269761 -0.095945 -0.047163 0.049293 -0.165038 -0.300232 -0.104955 -0.099888 -0.014263 0.038849 0.201084 -0.150388 -0.150171 -0.356073 -0.002800 0.181437 0.173972 -0.135938 -0.053684 0.077665 0.085653 -0.065220 -0.280825 -0.293428 -0.195559 -0.183803 -0.076500 -0.172308 0.330407 0.395215 0.327720 0.281517 0.257545 0.341642 0.082483 0.170828 -0.234882 -0.152908 0.143236 -0.011568 -0.073902 -0.059563 -0.244788 -0.079346 -0.028463 -0.367870 -0.089452 -0.172970 -0.078373 -0.313502 -0.097915 -0.029612 -0.296420 -0.190163 -0.171010 -0.017325 -0.081142 0.005862 0.212558 0.113298 -0.044041 0.032998
-0.250474 0.048478 -0.193141 0.018691 0.149757 0.382945 -0.202044 -0.210417 -0.129033 -0.018492 0.120888 0.174476 0.080472 0.069885 0.251183 0.316304 -0.009282 0.005024 0.002833 -0.180704 0.686587 0.681495 0.143457 0.250380 0.491335 0.620787 0.682265 1.000000 0.230028 0.122333 0.308584 0.268681 -0.124984 -0.189315 0.022926 0.005207 0.249716 0.295544 0.427802 0.481632 -0.092223 0.548832 -0.172588 -0.102841 0.030771 0.031537 -0.011600 0.058105 0.019100 0.119497 0.071333 0.059714 -0.048330 0.144955 0.072766 0.195414 -0.125507 -0.038918 -0.268130 -0.336126 -0.382509 -0.402398 -0.182837 -0.131796 0.017559 -0.240278 -0.051312 -0.181133 0.070067 0.038087 0.173919 0.006347 0.135453 0.144160 0.134472 -0.069797 -0.270198 -0.317573 -0.015382 -0.176160 0.013242 0.100908 0.467462 0.531531 0.276540 0.454362 0.264270 0.535756 0.214945 0.136715 0.007649 -0.187695 -0.093132 -0.239475 -0.430034 -0.375558 -0.205170 -0.400801 -0.103103 -0.193626 -0.465120 -0.300941 -0.424946 -0.456433 -0.425054 -0.324955 -0.269946 -0.231344 -0.359029 -0.294606 -0.172448 -0.366159 -0.224711 -0.360814 -0.394057 -0.417281
0.184936 0.233058 -0.234735 -0.054852 -0.042112 0.046308 0.062384 0.057544 -0.253045 -0.164416 0.119768 0.284101 0.276995 0.257876 0.368667 0.224581 0.684976 0.799778 0.156040 -0.095347 0.277548 0.617627 -0.284955 -0.139793 -0.163109 -0.242520 -0.008353 0.230028 1.000000 0.828336 0.339455 0.326485 0.430966 0.490046 -0.198274 -0.440855 0.196300 0.096722 -0.145304 -0.037837 -0.146779 0.386903 -0.110078 0.036132 -0.096982 -0.077930 0.254015 -0.029299 -0.278813 -0.157874 -0.430356 -0.293282 -0.195227 -0.063674 -0.333866 -0.300982 0.059115 0.079258 -0.407848 -0.223868 0.002951 0.140958 0.497134 0.377447 -0.310991 -0.171554 -0.177566 -0.309147 -0.060994 -0.542401 -0.220058 0.190807 0.775912 0.181546 0.160036 -0.121821 -0.131518 -0.392966 0.804475 0.588657 0.837747 0.735285 0.461337 0.586868 0.475289 0.531150 -0.321022 -0.147435 -0.090001 -0.228826 -0.359796 -0.538438 -0.266043 -0.307770 -0.708099 -0.668704 -0.584727 -0.596474 -0.521538 -0.236044 -0.400819 0.107136 -0.304873 -0.038924 -0.570853 -0.675141 -0.424393 0.164564 -0.639186 -0.788300 -0.697095 -0.416649 -0.118179 -0.069567 -0.713759 -0.684610
0.063914 0.210010 -0.167377 0.072783 -0.124584 -0.027500 0.085797 0.083947 -0.227193 -0.268606 0.002706 0.236148 0.194991 0.329714 0.265124 0.295424 0.525692 0.676273 0.165298 -0.069926 0.343338 0.480480 -0.241901 -0.142481 -0.139741 -0.158085 -0.099267 0.122333 0.828336 1.000000 0.382919 0.378873 0.424813 0.501834 -0.009902 -0.227031 0.154709 0.062153 -0.280244 -0.138341 0.088994 0.340456 -0.178227 -0.098434 -0.123558 -0.155830 0.207163 -0.159741 -0.226252 -0.205727 -0.252588 -0.202034 -0.156460 0.120696 -0.252868 -0.258113 0.070681 0.061139 -0.304843 -0.142352 -0.052274 0.066347 0.419425 0.391253 -0.242602 -0.078861 -0.121234 -0.312086 -0.046530 -0.445292 -0.089711 0.166162 0.885924 0.252203 0.208188 -0.042376 -0.069587 -0.287595 0.629015 0.597327 0.691244 0.630725 0.450468 0.603349 0.446348 0.459880 -0.201750 -0.161508 -0.112911 -0.092311 -0.387603 -0.594160 -0.389766 -0.354720 -0.479701 -0.462453 -0.511840 -0.395969 -0.489937 -0.335545 -0.355727 0.024608 -0.307901 -0.124227 -0.542880 -0.661815 -0.321204 -0.035813 -0.391607 -0.536350 -0.560777 -0.466123 -0.268780 -0.116380 -0.534656 -0.522196
-0.372423 -0.123934 -0.105663 0.390280 -0.018916 -0.064068 0.081875 -0.068603 -0.163312 -0.098217 0.270197 0.266579 0.221931 0.057588 0.450794 0.287113 0.076808 0.032265 0.356388 0.105634 0.620019 0.411718 0.271432 0.502791 0.257418 0.515949 0.282766 0.308584 0.339455 0.382919 1.000000 0.887426 0.309412 0.516001 0.093448 0.096603 -0.062740 0.046113 -0.209460 -0.221519 0.026320 0.174759 -0.172048 -0.218945 -0.225199 -0.218920 -0.070081 -0.315107 -0.390079 -0.302126 -0.100543 -0.236244 -0.494070 0.136132 -0.260315 -0.241511 -0.267828 -0.231934 -0.378746 -0.639671 -0.253495 -0.262986 0.072686 -0.103745 0.442094 0.013845 -0.402852 -0.268186 -0.067099 -0.056182 0.291934 0.266454 0.350370 0.168159 0.148056 0.106205 -0.035358 -0.058482 0.326467 0.391499 0.148711 0.073250 0.614050 0.509814 0.421015 0.346625 0.463923 0.451633 0.296537 0.071979 -0.527800 -0.230069 -0.119896 -0.163385 -0.156683 0.004026 -0.399955 -0.048999 -0.351129 -0.423512 -0.190511 -0.593231 -0.091994 -0.325762 -0.103769 -0.092271 -0.195934 0.140796 -0.062296 -0.106888 -0.121433 -0.072135 0.038248 0.260039 -0.039761 -0.032082
-0.464601 -0.298518 -0.039686 0.621663 0.021524 0.086750 0.024222 0.018432 -0.091531 -0.050701 0.258839 0.342665 0.256966 0.087318 0.467245 0.356766 0.052507 0.016769 0.199739 0.012556 0.597402 0.474751 0.375134 0.645875 0.245632 0.550205 0.159597 0.268681 0.326485 0.378873 0.887426 1.000000 0.142267 0.556555 0.142771 0.271844 -0.017166 0.105514 -0.231410 -0.187370 0.147029 0.191018 -0.091817 -0.084802 -0.274421 -0.139816 -0.109697 -0.200966 -0.464166 -0.349849 -0.223641 -0.348422 -0.512326 0.083690 -0.261817 -0.307018 -0.376248 -0.380885 -0.416950 -0.616837 -0.237217 -0.219609 0.046592 -0.182028 0.504487 0.149520 -0.539382 -0.169114 -0.206278 -0.172973 0.301144 0.435892 0.271492 0.180710 0.098305 0.196366 0.002134 0.072730 0.383508 0.364063 0.135009 0.048364 0.609269 0.582190 0.319534 0.323631 0.431473 0.474651 0.328693 0.101588 -0.472001 -0.175149 -0.047795 -0.158508 -0.129669 0.065208 -0.454290 -0.067241 -0.460446 -0.424700 -0.169551 -0.590001 -0.106670 -0.391499 -0.104325 -0.048162 -0.163079 0.202519 -0.100285 -0.076349 -0.152230 -0.118886 0.008802 0.232761 -0.003253 -0.029055
0.323229 0.414701 -0.331152 -0.149278 -0.182040 -0.329570 -0.082952 -0.086398 -0.213592 -0.161518 0.030653 -0.040880 -0.015036 0.002606 -0.074620 -0.109196 0.509377 0.386908 0.304639 0.505859 -0.043372 -0.071863 -0.409789 -0.131176 -0.265906 -0.277506 -0.018277 -0.124984 0.430966 0.424813 0.309412 0.142267 1.000000 0.713250 0.069567 -0.280553 -0.095200 -0.079621 -0.284961 -0.338057 -0.101694 0.026065 -0.076515 -0.055970 -0.054477 -0.106897 0.112767 -0.282511 -0.308964 -0.140482 -0.288561 -0.183827 -0.308322 -0.154135 -0.359477 -0.285138 0.308599 0.348860 -0.296066 -0.229966 0.087844 0.188697 0.557176 0.471403 -0.219403 -0.184399 0.077822 -0.178975 0.414229 0.088075 -0.295292 -0.168825 0.469088 0.032461 0.065411 -0.184350 -0.067763 -0.212601 0.496742 0.666854 0.498236 0.362434 0.013589 0.109102 0.136786 0.113065 -0.182934 -0.187255 -0.261403 -0.183670 -0.531093 -0.480873 -0.289891 -0.240444 -0.248676 -0.085837 -0.117258 0.164880 -0.269425 -0.160769 -0.285946 -0.025778 -0.040078 0.135396 -0.031003 -0.266010 -0.362914 0.144895 -0.050739 -0.154076 -0.058209 0.087451 0.175117 0.321049 -0.224347 -0.090090
0.208139 0.088932 -0.126041 0.356319 0.027636 -0.082525 0.107148 0.166802 0.049786 0.041040 0.354942 0.355092 0.341603 0.232339 0.296142 0.246131 0.459825 0.427468 0.442375 0.417352 0.011321 0.028163 -0.124688 0.242450 -0.222463 -0.117058 -0.111240 -0.189315 0.490046 0.501834 0.516001 0.556555 0.713250 1.000000 0.012415 -0.056029 -0.242001 -0.224970 -0.503708 -0.535361 -0.071931 -0.051342 -0.129122 -0.134407 -0.418258 -0.324021 -0.177511 -0.468821 -0.695789 -0.520134 -0.541249 -0.572180 -0.535362 -0.334158 -0.518131 -0.595412 -0.053738 -0.055681 -0.287060 -0.355148 0.270367 0.345644 0.657671 0.373855 0.170131 0.191986 -0.413235 -0.314226 -0.036099 -0.251274 -0.088559 0.268067 0.469386 0.226866 0.180766 0.086892 0.089810 0.054444 0.636690 0.695142 0.528227 0.239466 0.250874 0.369889 0.210811 0.069459 -0.094796 -0.179632 0.046915 -0.022389 -0.642775 -0.269898 -0.021358 0.002153 -0.159697 0.073085 -0.413216 0.189047 -0.628631 -0.273760 -0.167026 -0.066312 0.010235 0.046430 -0.042240 -0.188439 -0.235270 0.264641 -0.018294 -0.072050 -0.185734 0.095741 0.257611 0.430225 -0.072096 -0.003791
-0.307024 0.014865 -0.033448 0.131822 -0.408731 -0.069217 -0.364370 -0.265780 -0.374153 -0.378192 -0.372924 -0.307131 -0.457391 -0.273829 -0.246171 -0.216947 -0.133140 -0.204006 -0.282129 0.145202 0.161075 -0.100544 0.126512 0.143764 0.334367 0.249837 -0.143582 0.022926 -0.198274 -0.009902 0.093448 0.142771 0.069567 0.012415 1.000000 0.705725 -0.002911 0.124205 0.066893 0.240897 0.348619 0.045193 0.031978 0.052794 0.185951 0.204963 0.033832 0.167641 0.034186 0.094533 0.203642 0.157059 -0.155690 0.272451 0.208269 0.221041 0.042188 0.023786 -0.071247 -0.104381 -0.339647 -0.347333 -0.232342 -0.186602 0.107551 -0.077493 0.268430 0.413258 0.429836 0.485567 0.013017 -0.071926 -0.059511 -0.257858 -0.246658 0.006619 -0.047400 0.118517 -0.150870 0.066459 -0.205769 -0.102081 -0.134023 -0.110609 -0.322776 -0.220484 0.159853 0.211339 -0.081676 -0.051012 0.056789 -0.118933 -0.216337 -0.233222 0.232201 0.272680 0.315110 0.302702 0.180648 0.074821 -0.086135 -0.437017 0.049595 -0.120499 0.246858 0.264214 0.134310 -0.048466 0.282436 0.365399 0.514467 0.072307 -0.181522 -0.108286 0.250439 0.224221
-0.462435 -0.226060 0.021917 0.409680 -0.242476 0.050000 -0.420850 -0.299068 -0.130449 -0.176285 -0.208958 -0.231317 -0.379400 -0.348365 -0.172213 -0.096509 -0.326890 -0.418279 -0.219619 0.042600 0.127780 -0.124424 0.399809 0.358871 0.353808 0.510439 -0.075768 0.005207 -0.440855 -0.227031 0.096603 0.271844 -0.280553 -0.056029 0.705725 1.000000 -0.092802 0.022586 -0.067333 0.118755 0.389614 -0.161056 -0.014972 0.008645 0.150259 0.251619 -0.182599 0.109527 0.063886 0.085262 0.287789 0.137564 -0.117166 0.164341 0.207780 0.169786 -0.089884 -0.124458 0.022358 -0.125592 -0.318592 -0.351458 -0.405285 -0.334392 0.414080 0.065967 -0.013783 0.465741 0.127238 0.335988 0.126956 0.040120 -0.337994 -0.243463 -0.274705 0.106492 -0.009499 0.258914 -0.339437 -0.114353 -0.420834 -0.305268 -0.065884 -0.047294 -0.269251 -0.212200 0.356376 0.393730 0.127164 0.109714 0.123773 0.114003 0.000760 -0.209127 0.454543 0.447891 0.209442 0.352030 0.227462 0.083774 0.042409 -0.529137 0.041303 -0.204062 0.276703 0.418309 0.286705 -0.137516 0.369259 0.487385 0.496835 0.208765 -0.108137 -0.036648 0.491221 0.432099
