1.000000 0.651952 -0.447070 -0.642182 -0.127407 -0.578483 -0.194132 -0.264610 -0.407581 -0.204367 0.311157 0.359870 0.088520 0.137310 -0.284200 -0.005290 0.435778 0.522408 -0.042880 0.110808 -0.374197 -0.280675 -0.697721 -0.710108 -0.722608 -0.657932 -0.324545 -0.444282 0.575800 0.639072 -0.043417 -0.342760 0.440156 0.009829 -0.487014 -0.439251 0.282554 -0.031330 -0.381151 -0.292641 0.340354 0.177826 -0.013073 0.181339 0.230205 -0.007324 0.110408 -0.247095 0.328194 0.299661 0.007793 0.078489 0.143167 0.004735 -0.001889 0.091351 0.358750 0.178794 0.166886 0.349106 0.471006 0.386461 0.620763 0.516643 -0.603648 0.037352 0.203279 -0.138772 0.276098 -0.168020 -0.089625 -0.199036 0.575737 0.505997 0.544324 0.261513 0.567788 -0.005365 -0.372858 -0.039043 0.157162 0.126903 -0.215846 -0.144517 0.071278 0.094015 -0.296837 -0.273310 -0.411940 -0.249396 -0.330565 -0.449574 -0.626327 -0.367482 -0.345095 0.028318 -0.208672 -0.216793 -0.133506 0.030005 -0.037850 0.212355 0.310679 0.141666 -0.169315 -0.412478 0.017727 0.220522 -0.019252 -0.112750 -0.596201 -0.104398 0.157463 -0.334192 -0.373031 -0.221021
0.651952 1.000000 -0.602941 -0.294740 -0.184970 -0.226384 -0.485587 -0.223500 -0.462998 0.108752 -0.023778 0.525492 -0.227957 0.145776 -0.323992 0.165403 0.216809 0.467370 -0.329481 0.176572 -0.331352 -0.179932 -0.728554 -0.579323 -0.618630 -0.301486 -0.140461 -0.158544 0.346134 0.605000 -0.241436 -0.346322 0.294822 0.057577 -0.552222 -0.389581 0.227225 0.174434 -0.345629 -0.172722 0.121154 0.201482 -0.202439 0.029910 -0.098528 -0.268931 0.093214 -0.057603 0.229084 0.183228 -0.154824 0.106843 0.092305 0.102076 -0.015394 0.249741 0.434883 0.417979 -0.054910 0.590036 0.099203 0.490405 0.406862 0.592005 -0.678374 0.147989 0.014587 -0.292416 0.266886 -0.035828 -0.105579 -0.052273 0.381658 0.592900 0.520528 0.346641 0.452011 0.222121 -0.348875 0.056235 -0.015609 0.059637 -0.272097 -0.132209 -0.110547 0.032074 -0.113625 -0.105306 -0.155721 0.043632 -0.197596 -0.449456 -0.394684 -0.507423 -0.152158 0.087963 -0.138590 -0.071620 -0.009567 -0.022780 0.090369 -0.107960 0.419372 0.082129 -0.119286 -0.447865 0.049098 0.190852 0.073700 -0.175631 -0.536852 -0.038065 0.257488 -0.335572 -0.278514 -0.197508
-0.447070 -0.602941 1.000000 0.546415 0.396674 0.191988 0.689148 0.385609 0.584803 0.073546 -0.136010 -0.404294 -0.039572 -0.177760 0.150621 -0.074044 -0.353167 -0.480938 0.468649 -0.178511 0.339996 0.076004 0.802198 0.491456 0.647644 0.436384 0.135470 0.168678 -0.406163 -0.616992 0.073741 0.102475 -0.130269 -0.078230 0.465811 0.157983 -0.397089 -0.438249 0.186494 -0.160171 -0.378431 -0.453125 0.061046 -0.147752 -0.092111 -0.028824 -0.128346 -0.050600 -0.243993 -0.275097 0.222573 -0.143742 -0.208931 -0.210318 -0.076339 -0.270335 -0.326979 -0.206404 0.192784 -0.498943 0.104142 -0.374663 -0.422939 -0.481135 0.619329 -0.113128 0.019687 0.183246 -0.126312 0.031466 0.163516 -0.127983 -0.480851 -0.591409 -0.542671 -0.444765 -0.475685 -0.310849 0.073283 -0.123906 -0.276785 -0.116244 0.078977 0.022730 -0.191337 -0.022097 0.004868 -0.052048 0.086704 -0.099941 0.192837 0.337714 0.366182 0.535576 0.087571 -0.233434 0.223520 -0.038015 -0.015558 -0.071655 0.157206 0.209219 -0.166100 -0.071636 0.090948 0.294210 0.050509 -0.255798 -0.214964 0.084450 0.299212 -0.031469 -0.351539 0.233608 0.221752 0.086689
-0.642182 -0.294740 0.546415 1.000000 -0.003190 0.479129 0.228911 0.529464 0.325500 0.284230 -0.341366 -0.124911 -0.298840 -0.163950 0.062430 0.090469 -0.453853 -0.473492 0.140351 -0.004664 0.202262 0.258757 0.539392 0.582550 0.554152 0.716905 0.120489 0.418286 -0.547657 -0.569892 -0.197232 0.206386 -0.247225 0.059340 0.357132 0.266890 -0.338121 -0.200039 0.077778 0.047604 -0.518246 -0.460590 -0.117535 -0.171335 -0.395819 -0.309217 -0.154612 0.144484 -0.373931 -0.394254 0.016009 -0.085483 -0.181103 -0.112084 -0.150761 -0.144472 -0.245518 -0.158941 -0.081528 -0.360873 -0.234921 -0.144274 -0.510739 -0.441954 0.481203 0.248538 -0.244023 0.148303 -0.238755 0.038027 0.059660 0.082074 -0.620516 -0.383471 -0.509110 -0.244704 -0.414398 -0.056106 0.089256 0.053492 -0.282123 -0.152525 0.067498 0.018550 -0.210008 -0.071814 0.143990 0.150385 0.378836 0.367418 0.244394 0.277797 0.499868 0.299965 0.239606 -0.104060 0.200081 -0.022177 0.048114 -0.092788 0.174256 -0.217099 -0.183435 -0.225157 0.104399 0.206610 0.158173 -0.350912 -0.051670 0.012588 0.335622 0.041088 -0.317356 0.200497 0.385526 0.177695
-0.127407 -0.184970 0.396674 -0.003190 1.000000 0.367495 0.560839 0.234478 0.665838 0.550188 -0.164556 -0.081578 -0.173104 -0.049944 0.027096 0.163024 -0.101534 -0.131682 -0.163140 -0.263743 0.120684 0.040014 0.217880 -0.023141 0.256865 -0.038039 0.173223 -0.225138 0.014768 -0.156173 0.016449 -0.167503 -0.214236 0.005341 0.171138 0.102982 0.081580 -0.061209 0.187272 -0.030217 0.068679 0.135205 0.113955 -0.184641 0.268566 0.294338 0.211790 0.004011 0.003042 -0.101253 -0.097446 -0.244400 0.086759 -0.130020 0.008563 -0.195003 -0.185830 -0.169139 0.176174 -0.276141 0.163368 0.104233 -0.186163 -0.076593 0.188067 -0.077149 -0.086868 -0.010308 -0.141164 -0.213673 0.129884 -0.002193 -0.109909 -0.192813 -0.170096 -0.104037 -0.150070 0.101561 -0.059913 -0.308216 -0.137277 -0.008009 -0.185025 0.017734 -0.282504 -0.212155 -0.238191 -0.329774 -0.294705 -0.262200 0.278816 0.103260 0.239216 -0.002542 0.026674 -0.186216 0.000956 0.013912 -0.100871 -0.181733 0.096873 0.262650 0.102695 0.113028 0.061350 0.099851 -0.178005 -0.002513 -0.167647 -0.151228 -0.062613 -0.170592 -0.091977 -0.039405 -0.145985 -0.094930
-0.578483 -0.226384 0.191988 0.479129 0.367495 1.000000 -0.056288 0.042886 0.517090 0.481258 -0.492309 -0.360090 -0.444235 -0.437527 0.136238 0.082027 -0.230209 -0.368952 -0.286553 -0.179544 0.242627 0.290588 0.341275 0.420597 0.562292 0.637123 0.589059 0.484527 -0.524202 -0.516969 -0.216570 0.012559 -0.463030 0.172983 0.452463 0.391106 -0.014559 0.233023 0.308296 0.348890 -0.190544 -0.115460 -0.015782 -0.115078 -0.178112 0.104428 0.144529 0.198227 -0.243270 -0.303310 -0.160227 -0.189938 -0.109875 0.006805 0.140894 -0.022155 -0.021555 -0.026445 -0.176703 -0.273883 -0.405079 -0.179976 -0.514045 -0.438022 0.393371 0.198067 -0.223525 0.253090 -0.361113 -0.163030 0.134411 0.186097 -0.562098 -0.279132 -0.401270 -0.204807 -0.252647 0.252408 0.101721 -0.068323 -0.201319 -0.135486 -0.046855 0.088507 -0.095162 -0.133831 0.210387 0.222893 0.476784 0.362639 0.240220 0.241791 0.524385 0.039193 0.325380 -0.090071 0.074132 0.066609 -0.106835 -0.190967 -0.159153 -0.301767 -0.252234 -0.009384 0.266609 0.273930 0.045063 -0.173922 -0.151663 -0.157770 0.290197 -0.076656 -0.023037 0.000687 0.117616 0.026726
-0.194132 -0.485587 0.689148 0.228911 0.560839 -0.056288 1.000000 0.609703 0.527935 0.252050 0.092442 -0.069746 0.128693 0.056135 -0.031835 -0.034715 -0.126449 -0.143863 0.283973 -0.089009 -0.009210 0.000280 0.438967 0.112945 0.260278 -0.075044 -0.290349 -0.395963 0.082752 -0.199653 0.023980 -0.032018 0.000504 -0.018142 0.222202 0.113422 -0.205408 -0.493458 0.061586 -0.278154 -0.104099 -0.120555 0.226044 -0.141049 0.358896 0.245309 0.008902 -0.055391 -0.038950 -0.030148 0.060982 -0.085445 -0.139590 -0.198774 -0.293184 -0.342483 -0.439633 -0.404756 0.203781 -0.460515 0.348081 0.084914 -0.015102 -0.077718 0.453383 -0.052729 -0.113005 -0.115733 -0.294815 -0.187995 -0.081388 -0.173202 -0.053140 -0.401578 -0.339126 -0.349657 -0.389043 -0.261903 0.006527 -0.157615 -0.019885 0.096974 -0.021709 0.093436 -0.213158 -0.248698 -0.263701 -0.410704 -0.368526 -0.383898 0.244507 0.082570 0.101032 0.260393 -0.051198 -0.132999 0.077611 -0.087983 0.054466 -0.053110 0.254914 0.396045 -0.043639 -0.094881 -0.088194 0.135348 -0.169579 -0.104680 -0.165867 0.056386 0.019375 -0.071818 -0.362360 0.226709 0.217510 0.141779
-0.264610 -0.223500 0.385609 0.529464 0.234478 0.042886 0.609703 1.000000 0.180974 0.434009 -0.219403 0.095770 -0.144226 0.028779 -0.322036 -0.142698 -0.094216 -0.082433 -0.039907 -0.054367 0.042891 0.185180 0.194839 0.104217 0.201893 0.001647 -0.485176 -0.435832 0.079665 -0.036607 -0.098800 0.026766 -0.006652 0.091010 0.040519 0.120983 -0.226927 -0.380132 -0.010935 0.020575 -0.195189 -0.135800 0.117791 -0.133301 0.166309 0.022778 0.067013 0.075321 -0.080170 -0.069354 -0.011407 -0.002100 -0.139472 0.036609 -0.441688 -0.168505 -0.254900 -0.286741 0.024578 -0.270087 0.128929 0.349852 0.050003 0.033755 0.171437 0.105902 -0.235892 -0.107753 -0.274453 -0.160244 -0.267170 -0.102189 0.002811 -0.235656 -0.247426 -0.152552 -0.371006 -0.171091 0.001889 -0.056263 0.003895 0.101035 -0.171985 0.061817 -0.407029 -0.493893 -0.374310 -0.463122 -0.428204 -0.286349 0.116543 -0.152527 0.225507 -0.001958 0.077267 0.060910 0.102707 0.112933 0.228252 0.165373 0.541509 0.245556 0.091454 -0.047061 0.098383 0.111186 -0.143221 -0.206757 -0.016839 0.060047 -0.026714 0.109694 -0.271410 0.336853 0.423431 0.331779
-0.407581 -0.462998 0.584803 0.325500 0.665838 0.517090 0.527935 0.180974 1.000000 0.307138 -0.066698 -0.344531 -0.078902 -0.160120 0.254584 0.087268 -0.178766 -0.345562 0.153768 -0.248763 -0.026288 0.083152 0.526401 0.297936 0.523432 0.291995 0.289740 0.083632 -0.305746 -0.513210 -0.223733 -0.186125 -0.227740 0.037465 0.387847 0.198156 -0.005041 -0.231860 0.318883 0.026885 -0.285912 -0.240417 0.057762 -0.222614 0.084173 0.110408 0.046323 -0.048215 -0.156916 -0.222224 0.044062 -0.252501 0.057791 -0.171057 0.114439 -0.353809 -0.185623 -0.086454 0.220259 -0.464013 0.153426 -0.182619 -0.429379 -0.324244 0.478551 -0.012833 -0.077700 0.096328 -0.248961 -0.093976 0.175346 -0.104132 -0.419950 -0.479887 -0.489586 -0.368838 -0.369198 -0.104994 0.026493 -0.101849 -0.182133 0.080115 -0.122134 0.003390 -0.143385 -0.113308 -0.116306 -0.207862 0.133335 -0.053844 0.285003 0.278539 0.409906 0.291266 0.128621 -0.142094 0.116765 -0.016153 -0.074688 -0.104006 -0.008307 0.046025 -0.303868 -0.029007 0.233247 0.347913 -0.093038 -0.223926 -0.128764 -0.092756 0.179864 -0.095704 -0.241602 0.102394 0.130854 0.128983
-0.204367 0.108752 0.073546 0.284230 0.550188 0.481258 0.252050 0.434009 0.307138 1.000000 -0.385809 0.166674 -0.474343 -0.076898 -0.189510 0.164169 -0.021748 0.007657 -0.458125 -0.058799 -0.071667 0.116591 -0.050290 -0.122708 0.088312 0.136790 0.008012 -0.173075 -0.021135 0.011096 -0.349286 -0.280026 -0.208579 0.108639 0.047916 0.207996 0.187619 0.094610 0.042988 0.079489 -0.074404 0.111020 -0.030732 -0.214135 -0.028499 -0.018475 0.293059 0.237454 -0.172631 -0.264346 -0.383900 -0.207365 -0.118323 -0.026374 -0.213542 -0.124530 -0.015579 -0.105409 0.019708 -0.095556 -0.026107 0.495188 -0.033939 0.110420 -0.013564 0.260808 -0.295760 -0.122707 -0.262507 -0.258494 -0.218956 0.013322 -0.105787 -0.034863 -0.101802 0.059521 -0.077324 0.229513 -0.031722 -0.098392 0.042943 0.106196 -0.247504 -0.022739 -0.274093 -0.358816 -0.117463 -0.175107 -0.084969 0.012413 0.410092 0.030814 0.227886 -0.126863 0.030476 0.081088 0.118595 0.095756 0.170812 -0.141545 0.174338 0.039822 0.274094 -0.011492 0.090366 0.072064 -0.160520 -0.042742 0.019222 -0.112158 -0.088332 -0.014238 -0.041984 -0.083459 0.125777 0.063675
0.311157 -0.023778 -0.136010 -0.341366 -0.164556 -0.492309 0.092442 -0.219403 -0.066698 -0.385809 1.000000 0.348826 0.718994 0.416454 0.279017 0.190880 0.090247 -0.070100 0.361534 0.116428 -0.263767 -0.143699 -0.104916 -0.163873 -0.330465 -0.433654 -0.152541 -0.175856 0.216867 0.082128 0.175458 0.108238 0.252926 0.125774 -0.046305 0.005930 0.019428 -0.192029 -0.249372 -0.362186 0.120428 -0.031207 -0.006087 0.030961 0.056890 0.001689 -0.218955 -0.307128 0.070089 0.075719 0.053500 0.005602 0.361684 -0.161300 0.175475 -0.154212 -0.170779 -0.170740 0.176347 -0.088185 0.365078 0.047337 0.082903 0.023234 0.047075 0.041685 0.026398 -0.040780 0.209796 0.109700 0.128646 -0.015489 0.133557 0.072173 0.176475 0.090707 0.217081 -0.067360 -0.093701 -0.164856 -0.012534 -0.082781 0.381973 -0.198698 0.501823 0.286251 0.068288 -0.015528 0.013186 0.040986 -0.193396 0.043537 -0.369843 0.115995 -0.276001 0.010538 -0.106328 -0.132378 -0.188260 0.006692 -0.111122 -0.041384 -0.234468 -0.223951 -0.347146 -0.206401 -0.159834 0.143172 0.134466 -0.009066 -0.102671 -0.068374 -0.034143 -0.103428 -0.123692 -0.100912
0.359870 0.525492 -0.404294 -0.124911 -0.081578 -0.360090 -0.069746 0.095770 -0.344531 0.166674 0.348826 1.000000 0.057260 0.613871 -0.144937 0.414028 0.112214 0.349003 -0.165306 0.309128 -0.336565 -0.185699 -0.515155 -0.416913 -0.533777 -0.325818 -0.318453 -0.278202 0.485049 0.532624 0.014272 0.019208 0.166236 0.137108 -0.359248 -0.202459 0.217797 0.122621 -0.324475 -0.268655 0.140922 0.190610 -0.174545 -0.067471 -0.137748 -0.299309 -0.018855 -0.074350 0.009093 -0.057421 -0.334702 -0.056894 0.155383 -0.092831 -0.132443 0.030570 0.086067 -0.047487 -0.019149 0.111220 0.206798 0.526382 0.269676 0.361341 -0.325530 0.245859 -0.210647 -0.239543 0.132851 0.009666 -0.129735 0.193755 0.379267 0.468979 0.406079 0.444223 0.435406 0.282200 -0.095839 0.032021 0.082633 0.000452 -0.008540 -0.206644 0.013349 0.072629 -0.183995 -0.140894 -0.235102 0.001732 -0.009177 -0.181284 -0.325045 -0.386479 -0.221931 0.216816 -0.033760 -0.008000 -0.064524 -0.055804 0.112006 -0.113029 0.244196 -0.194221 -0.357569 -0.350534 -0.159275 0.168419 0.260427 0.035141 -0.368093 -0.076420 0.018276 -0.268443 -0.102854 -0.078271
0.088520 -0.227957 -0.039572 -0.298840 -0.173104 -0.444235 0.128693 -0.144226 -0.078902 -0.474343 0.718994 0.057260 1.000000 0.572478 0.395437 0.109034 0.009314 -0.105329 0.330006 0.046997 -0.056221 -0.108036 0.070033 0.069714 -0.120792 -0.282896 -0.122756 -0.122949 0.146670 -0.042452 0.099440 0.064772 0.011790 -0.221573 0.077298 -0.045629 0.031490 -0.033382 0.116141 -0.161163 0.117673 -0.037873 0.029367 -0.100514 0.070808 -0.028775 -0.208712 -0.220700 -0.024839 0.070717 0.083515 -0.005151 0.340665 -0.006076 0.276045 -0.059908 -0.166692 -0.050451 0.042447 -0.098371 0.191443 -0.155625 0.024767 -0.010592 0.031932 -0.260077 0.105754 -0.070878 0.209014 0.305661 0.001011 -0.065910 0.115507 -0.133259 0.033362 -0.039892 -0.043429 -0.180878 0.107186 -0.017081 0.081996 -0.051212 0.338456 -0.148100 0.509520 0.319845 0.074524 0.130088 -0.020796 0.028888 -0.145419 0.159580 -0.162914 0.145072 -0.247376 0.014263 -0.117879 -0.084016 -0.061097 0.059914 -0.072172 0.044997 -0.277481 -0.146564 -0.176492 -0.074140 -0.160456 -0.013195 0.156053 0.199679 0.109020 0.020046 0.011770 0.186841 0.048986 0.072602
0.137310 0.145776 -0.177760 -0.163950 -0.049944 -0.437527 0.056135 0.028779 -0.160120 -0.076898 0.416454 0.613871 0.572478 1.000000 0.148646 0.360920 -0.027968 0.164274 0.067000 0.200762 -0.225171 -0.216542 -0.236485 -0.129637 -0.328753 -0.274109 -0.300756 -0.251382 0.317963 0.287311 -0.046029 -0.040813 0.053314 -0.225713 -0.182678 -0.232354 0.191604 0.047030 0.067405 -0.221995 -0.002703 0.093994 -0.128604 -0.307912 -0.067243 -0.273652 -0.140223 -0.093556 -0.102960 -0.080257 -0.206446 -0.195692 0.266983 -0.033259 0.124859 -0.119380 -0.032779 0.059339 0.089636 -0.028729 0.295152 0.215525 0.073733 0.244812 -0.225730 -0.155935 -0.063837 -0.180853 0.234383 0.273966 -0.194374 -0.043051 0.237754 0.121505 0.170868 0.126002 0.093874 -0.006244 -0.005927 0.213018 -0.039413 0.025228 0.076971 -0.253263 0.244925 0.288855 -0.129664 0.006584 -0.242621 -0.068338 0.099920 0.061737 -0.166250 -0.144401 -0.212130 0.163066 -0.026283 0.076877 0.077293 0.031526 0.161037 0.049520 0.081368 -0.143482 -0.229810 -0.201334 -0.160230 -0.043236 0.314662 0.184587 -0.105095 0.013561 0.051778 0.065740 0.081978 0.174940
-0.284200 -0.323992 0.150621 0.062430 0.027096 0.136238 -0.031835 -0.322036 0.254584 -0.189510 0.279017 -0.144937 0.395437 0.148646 1.000000 0.500995 -0.383494 -0.462632 0.057383 -0.296442 0.230520 0.211375 0.431490 0.329276 0.236110 0.348928 0.545745 0.494775 -0.354406 -0.471867 0.051519 0.133980 -0.278523 0.058961 0.322523 0.330393 0.004993 0.222061 0.213523 0.078759 -0.163793 0.029903 -0.205268 -0.151238 -0.251664 -0.115409 -0.341664 0.036076 -0.179028 -0.264515 0.119594 -0.111835 0.337417 -0.055746 0.454240 -0.128133 -0.149771 -0.011624 0.178657 -0.151575 -0.082113 -0.414778 -0.531767 -0.507898 0.232706 -0.030424 0.181465 0.257273 0.042735 0.161269 0.252922 0.170095 -0.462028 -0.300051 -0.222212 -0.086431 -0.203681 0.041075 0.089383 0.013267 -0.223779 -0.187046 0.578925 -0.090408 0.159474 0.200590 0.346432 0.400670 0.540886 0.423131 0.175797 0.488273 0.138743 0.241386 0.074391 -0.190992 0.230948 -0.021368 -0.219376 -0.235587 -0.311131 -0.246782 -0.393608 -0.225620 -0.086601 0.040625 0.026980 -0.083498 0.116458 -0.046314 0.428613 -0.215089 -0.073290 -0.049416 0.059070 -0.056794
-0.005290 0.165403 -0.074044 0.090469 0.163024 0.082027 -0.034715 -0.142698 0.087268 0.164169 0.190880 0.414028 0.109034 0.360920 0.500995 1.000000 -0.418510 -0.220036 -0.169688 -0.109316 -0.005350 0.202186 0.005218 0.028675 -0.092663 0.206223 0.308900 0.279702 -0.079890 -0.100583 -0.061743 0.040030 -0.073539 0.254874 -0.053337 0.121873 0.005617 0.139572 -0.032534 -0.102697 -0.039852 0.205808 -0.278264 -0.152490 -0.230760 -0.206204 -0.186407 -0.047773 -0.091962 -0.185630 -0.139613 -0.227356 0.309624 -0.178562 0.268316 -0.050905 -0.101446 -0.108216 0.251701 0.043945 0.101482 0.103431 -0.263743 -0.128207 -0.039569 0.175664 0.104137 0.065191 0.129750 0.010682 0.091165 0.155779 -0.275542 0.028426 0.003723 0.077619 0.039227 0.110834 -0.179257 -0.115850 -0.278024 -0.230311 0.418923 -0.066728 -0.076810 0.063343 0.173853 0.118190 0.255096 0.330808 0.296194 0.127499 0.063719 -0.176406 0.003032 -0.196127 0.158118 -0.116770 -0.234807 -0.367192 -0.129803 -0.310882 -0.035974 -0.269553 -0.257828 -0.282360 -0.078763 0.079751 0.053533 -0.286483 -0.128732 -0.362435 0.003895 -0.361401 -0.189526 -0.217643
0.435778 0.216809 -0.353167 -0.453853 -0.101534 -0.230209 -0.126449 -0.094216 -0.178766 -0.021748 0.090247 0.112214 0.009314 -0.027968 -0.383494 -0.418510 1.000000 0.727960 -0.086882 0.350883 -0.207899 -0.240712 -0.412076 -0.397213 -0.301179 -0.463380 -0.213272 -0.394403 0.505164 0.506091 -0.135821 -0.263896 0.146566 -0.174201 -0.145493 -0.126737 0.403295 0.103534 -0.022755 0.142162 0.317066 0.036968 0.091558 0.082084 0.168136 0.079858 0.453146 0.055827 0.043776 0.101924 -0.299765 0.080127 -0.046024 0.208319 -0.151829 0.120390 0.558868 0.327929 -0.360254 -0.042577 -0.010842 0.159604 0.623833 0.332533 -0.328886 -0.082179 -0.282867 -0.301980 0.002453 -0.068813 -0.284074 -0.104832 0.633829 0.286994 0.327619 0.194639 0.313122 0.076024 0.090268 0.159579 0.592820 0.482728 -0.357079 -0.103830 0.132481 -0.133127 -0.302209 -0.219745 -0.292165 -0.346963 -0.205935 -0.265625 -0.215520 -0.175001 -0.112427 0.444563 -0.066561 0.209299 0.290845 0.358530 -0.003810 0.110087 0.184787 0.066534 0.183142 0.158043 -0.202539 0.070935 0.193109 0.218016 -0.022055 0.249922 0.203848 0.062447 0.123666 0.188148
0.522408 0.467370 -0.480938 -0.473492 -0.131682 -0.368952 -0.143863 -0.082433 -0.345562 0.007657 -0.070100 0.349003 -0.105329 0.164274 -0.462632 -0.220036 0.727960 1.000000 -0.123852 0.505036 -0.333718 -0.311714 -0.553379 -0.496648 -0.512998 -0.510869 -0.401138 -0.467411 0.738279 0.800393 -0.124025 -0.285876 0.204186 -0.231116 -0.487068 -0.440428 0.458548 0.127613 -0.125108 0.007614 0.297723 0.266568 -0.027326 -0.011912 0.162073 -0.114866 0.281097 0.058341 0.059418 0.134958 -0.314737 0.022792 -0.137891 0.211185 -0.287291 0.054806 0.441601 0.351826 -0.323942 0.103143 0.110542 0.262055 0.747488 0.574559 -0.486478 -0.216903 -0.232237 -0.441491 0.102337 -0.011195 -0.320952 -0.008895 0.811769 0.530916 0.501424 0.366281 0.357625 0.092723 0.059019 0.450329 0.586831 0.617687 -0.364980 -0.029799 0.006511 -0.100163 -0.426142 -0.250143 -0.405211 -0.419585 -0.119565 -0.343198 -0.309644 -0.383665 -0.136221 0.367315 -0.173527 0.142247 0.254805 0.279829 0.108408 0.202770 0.417770 0.136241 -0.021411 -0.131545 -0.114079 0.100722 0.208332 0.186661 -0.198492 0.287249 0.224811 0.014256 -0.071761 0.168193
-0.042880 -0.329481 0.468649 0.140351 -0.163140 -0.286553 0.283973 -0.039907 0.153768 -0.458125 0.361534 -0.165306 0.330006 0.067000 0.057383 -0.169688 -0.086882 -0.123852 1.000000 0.365378 -0.007082 -0.218134 0.376627 0.356009 0.233276 0.046149 -0.138040 0.069911 0.004272 -0.115106 0.252141 0.316559 0.244944 -0.229957 0.081061 -0.262955 -0.178995 -0.470334 -0.186947 -0.379331 -0.208131 -0.377212 -0.081778 -0.083831 -0.070772 -0.225024 -0.175132 -0.248349 -0.090492 0.018992 0.180476 -0.014439 -0.192317 -0.184600 -0.196274 -0.265060 -0.161647 -0.025914 0.018289 -0.309571 0.154602 -0.424178 -0.012142 -0.132437 0.376716 -0.346805 0.081693 -0.059677 0.063861 0.132094 0.261113 -0.134068 -0.011111 -0.051784 0.007540 -0.137836 0.018876 -0.267278 -0.000391 0.108873 -0.023163 0.066871 0.222837 -0.036336 0.133561 0.181853 -0.040030 -0.024244 0.077390 -0.158404 -0.161650 0.119901 -0.042675 0.377217 -0.112207 -0.025198 -0.097005 -0.177277 0.021380 0.101791 -0.018212 0.171467 -0.145551 0.001828 -0.144657 0.135318 0.080811 -0.035295 -0.106358 0.080334 0.104742 0.135729 -0.283543 0.215929 0.001930 0.051193
0.110808 0.176572 -0.178511 -0.004664 -0.263743 -0.179544 -0.089009 -0.054367 -0.248763 -0.058799 0.116428 0.309128 0.046997 0.200762 -0.296442 -0.109316 0.350883 0.505036 0.365378 1.000000 -0.237571 -0.301866 -0.187439 0.087409 -0.089296 -0.100964 -0.225443 -0.094068 0.440728 0.430428 0.074127 0.170799 0.116706 -0.268048 -0.045763 -0.241125 0.263374 -0.034264 -0.209088 -0.232600 0.028327 -0.014919 -0.162864 -0.170043 -0.127010 -0.266054 0.145395 0.091299 -0.216855 -0.069328 -0.465669 -0.066725 -0.254449 0.128474 -0.336274 -0.101956 0.222988 0.213349 -0.491484 -0.185162 -0.121685 -0.045154 0.349507 0.200263 -0.074114 -0.317953 -0.489913 -0.400186 0.078942 0.154382 -0.056214 0.041872 0.426349 0.462995 0.344412 0.285553 0.314762 0.144874 0.114532 0.359506 0.370119 0.409559 0.010514 0.002398 0.151647 -0.005613 -0.256456 -0.080697 -0.062687 -0.203045 0.045660 -0.019464 -0.062612 -0.088995 -0.111011 0.300663 -0.307942 -0.037767 0.370321 0.225260 0.148733 0.051611 0.223869 -0.079180 -0.156536 -0.006436 -0.056338 -0.049217 0.123216 0.083118 0.030964 0.361229 0.036760 0.119316 0.054778 0.241814
-0.374197 -0.331352 0.339996 0.202262 0.120684 0.242627 -0.009210 0.042891 -0.026288 -0.071667 -0.263767 -0.336565 -0.056221 -0.225171 0.230520 -0.005350 -0.207899 -0.333718 -0.007082 -0.237571 1.000000 0.423945 0.537429 0.408809 0.520206 0.366160 0.432959 0.335625 -0.370833 -0.320623 0.497726 0.511628 -0.148838 0.099574 0.287398 0.232265 -0.223878 0.161462 0.217771 0.312877 0.222233 0.056592 -0.065867 0.067287 -0.192160 0.081305 0.063986 0.203772 -0.068747 -0.147041 0.109820 0.066610 0.093011 0.233989 0.060756 0.208777 -0.137828 -0.077140 -0.173323 -0.150914 -0.420607 -0.480481 -0.368783 -0.452915 0.198137 -0.254647 -0.011934 0.141610 -0.004493 0.046112 0.213221 0.278423 -0.295957 -0.255283 -0.164967 -0.045865 -0.232379 0.036853 0.121834 -0.212601 -0.214614 -0.288684 0.274856 0.008969 -0.127712 -0.037630 0.269097 0.281422 0.174276 0.069394 -0.039080 0.174759 0.268331 0.192415 0.245934 -0.112153 0.274784 0.235525 0.022849 -0.047449 -0.012789 -0.097413 -0.014681 -0.039335 0.033137 0.211063 -0.107648 0.094599 -0.029986 -0.102749 0.364679 0.039211 0.023904 0.133439 0.005828 -0.064613
-0.280675 -0.179932 0.076004 0.258757 0.040014 0.290588 0.000280 0.185180 0.083152 0.116591 -0.143699 -0.185699 -0.108036 -0.216542 0.211375 0.202186 -0.240712 -0.311714 -0.218134 -0.301866 0.423945 1.000000 0.244833 0.270890 0.247240 0.284392 0.217485 0.225025 -0.305861 -0.248449 0.052508 0.146708 0.044576 0.580348 0.166604 0.458396 -0.167284 0.076739 0.220144 0.448185 -0.041261 0.019048 -0.026148 0.113632 -0.054750 0.110228 -0.010377 0.164484 -0.064481 -0.069515 0.066007 0.043565 0.106649 0.154133 0.011141 0.008395 -0.148898 -0.089882 0.051926 -0.068747 -0.138469 -0.090713 -0.229792 -0.285035 0.052671 0.110587 -0.064616 0.091408 -0.114808 -0.179399 -0.002377 0.035072 -0.325702 -0.208494 -0.159147 -0.170175 -0.270558 -0.113239 -0.194800 -0.126870 -0.255000 -0.089499 0.138256 -0.107800 -0.219697 -0.128932 0.041780 0.077152 0.176853 0.203551 0.060101 -0.060245 0.222906 -0.036601 0.403838 -0.005932 0.208563 0.321926 -0.057187 -0.067470 -0.102070 -0.263099 -0.284930 -0.190158 0.159648 0.307151 -0.264550 0.139894 0.058426 -0.377248 0.245221 -0.098612 -0.034332 0.049846 0.123572 0.169476
-0.697721 -0.728554 0.802198 0.539392 0.217880 0.341275 0.438967 0.194839 0.526401 -0.050290 -0.104916 -0.515155 0.070033 -0.236485 0.431490 0.005218 -0.412076 -0.553379 0.376627 -0.187439 0.537429 0.244833 1.000000 0.754803 0.817605 0.584611 0.401153 0.412221 -0.541108 -0.705852 0.225090 0.351871 -0.242127 -0.020476 0.544948 0.333856 -0.344993 -0.244744 0.308252 0.057463 -0.328921 -0.325805 0.006931 -0.097820 -0.170164 0.029926 -0.183252 0.130246 -0.253472 -0.249012 0.258956 -0.018392 -0.062163 -0.035405 0.040536 -0.192464 -0.365422 -0.189128 0.001727 -0.475871 -0.222220 -0.647006 -0.588226 -0.633071 0.691402 -0.256467 -0.038625 0.165947 -0.157591 0.108865 0.260157 0.092965 -0.574874 -0.600705 -0.529094 -0.348095 -0.550895 -0.247016 0.222070 -0.031600 -0.255291 -0.161443 0.317361 0.064338 -0.110475 -0.056439 0.225163 0.178514 0.388579 0.077483 0.189497 0.458443 0.465628 0.535470 0.229351 -0.194171 0.275350 0.079663 -0.018611 -0.073061 -0.011642 -0.073889 -0.405530 -0.237232 0.061396 0.415837 0.005932 -0.192140 -0.069548 0.104324 0.575368 0.076026 -0.282664 0.258810 0.279614 0.177082
-0.710108 -0.579323 0.491456 0.582550 -0.023141 0.420597 0.112945 0.104217 0.297936 -0.122708 -0.163873 -0.416913 0.069714 -0.129637 0.329276 0.028675 -0.397213 -0.496648 0.356009 0.087409 0.408809 0.270890 0.754803 1.000000 0.771619 0.660209 0.357313 0.517824 -0.492646 -0.568303 0.175914 0.480398 -0.293120 -0.162644 0.476033 0.243510 -0.258575 -0.095819 0.304098 0.161019 -0.356272 -0.251245 -0.018749 -0.129210 -0.267107 -0.053526 -0.108474 0.195218 -0.334784 -0.194803 0.101769 -0.015464 -0.040802 0.064670 0.042886 -0.118566 -0.258274 -0.095506 -0.301835 -0.383730 -0.448676 -0.652690 -0.522720 -0.523666 0.535191 -0.327717 -0.223559 0.125772 -0.240313 0.121449 0.166742 0.065279 -0.537141 -0.443129 -0.459823 -0.330994 -0.476541 -0.196593 0.126108 0.067383 -0.253541 -0.146680 0.366086 0.136241 -0.025352 0.021725 0.214622 0.247043 0.437207 0.234288 0.234404 0.462013 0.558452 0.409542 0.289478 -0.088101 0.111093 0.112368 0.123162 0.056464 0.009990 -0.219438 -0.425667 -0.246882 0.124016 0.472028 0.052085 -0.210114 0.015191 0.010530 0.576220 0.153596 -0.224523 0.290662 0.388282 0.336115
-0.722608 -0.618630 0.647644 0.554152 0.256865 0.562292 0.260278 0.201893 0.523432 0.088312 -0.330465 -0.533777 -0.120792 -0.328753 0.236110 -0.092663 -0.301179 -0.512998 0.233276 -0.089296 0.520206 0.247240 0.817605 0.771619 1.000000 0.690961 0.456086 0.409401 -0.526884 -0.651940 0.124431 0.307571 -0.356199 -0.099894 0.570367 0.293570 -0.181331 -0.062424 0.358586 0.257821 -0.265081 -0.329235 0.067199 -0.057025 -0.201358 0.059030 0.040862 0.268593 -0.280541 -0.211278 0.046778 -0.040235 -0.093951 0.090890 0.038273 -0.048948 -0.204131 -0.097012 -0.172433 -0.374902 -0.370397 -0.534174 -0.570204 -0.527798 0.602024 -0.285859 -0.201945 0.102787 -0.265837 0.043974 0.199353 0.079849 -0.530109 -0.487255 -0.508357 -0.304322 -0.456226 -0.093519 0.245393 -0.066971 -0.189882 -0.151626 0.129917 0.113764 -0.207266 -0.181066 0.097566 0.076076 0.322456 0.055851 0.209989 0.373520 0.610677 0.336756 0.294620 -0.057819 0.194665 0.143737 0.103462 -0.013059 0.044252 -0.124688 -0.337764 -0.133644 0.281460 0.532252 0.004284 -0.202687 -0.067831 0.063121 0.540228 0.078844 -0.292970 0.318212 0.345083 0.274816
-0.657932 -0.301486 0.436384 0.716905 -0.038039 0.637123 -0.075044 0.001647 0.291995 0.136790 -0.433654 -0.325818 -0.282896 -0.274109 0.348928 0.206223 -0.463380 -0.510869 0.046149 -0.100964 0.366160 0.284392 0.584611 0.660209 0.690961 1.000000 0.593364 0.814786 -0.698210 -0.644159 -0.113054 0.220093 -0.453559 0.003400 0.505808 0.324891 -0.212505 0.176389 0.292792 0.218359 -0.411892 -0.301669 -0.193904 -0.116241 -0.520068 -0.261471 -0.143999 0.280515 -0.375957 -0.395818 -0.066566 -0.117218 -0.169511 -0.036909 0.158737 0.031575 -0.091311 -0.017829 -0.147152 -0.229030 -0.479424 -0.434264 -0.673406 -0.605493 0.444132 0.122786 -0.122719 0.269238 -0.245456 0.050092 0.166775 0.168907 -0.705254 -0.383550 -0.511127 -0.260320 -0.357338 0.069974 0.112924 0.021342 -0.319301 -0.266575 0.214718 0.076416 -0.107792 0.060058 0.402659 0.476677 0.685221 0.513798 0.328337 0.448817 0.512451 0.315548 0.312713 -0.141541 0.277926 -0.004639 -0.048002 -0.228767 -0.120027 -0.357397 -0.274124 -0.188593 0.185851 0.309803 0.270763 -0.305241 -0.053627 -0.025077 0.481213 -0.071520 -0.183044 0.037831 0.262122 0.092398
-0.324545 -0.140461 0.135470 0.120489 0.173223 0.589059 -0.290349 -0.485176 0.289740 0.008012 -0.152541 -0.318453 -0.122756 -0.300756 0.545745 0.308900 -0.213272 -0.401138 -0.138040 -0.225443 0.432959 0.217485 0.401153 0.357313 0.456086 0.593364 1.000000 0.752074 -0.521634 -0.472836 0.083337 0.137842 -0.440055 0.129192 0.448484 0.318192 0.074696 0.427260 0.311543 0.216860 0.043965 -0.003228 -0.225098 -0.032870 -0.427744 -0.036727 -0.099104 0.155652 -0.281403 -0.348572 -0.157130 -0.195498 0.071849 -0.008517 0.435522 0.081879 0.096337 0.103289 -0.038992 -0.143243 -0.407730 -0.479431 -0.567155 -0.526283 0.231104 0.029883 -0.011054 0.314785 0.048222 0.039447 0.404280 0.287220 -0.502856 -0.152608 -0.181361 -0.003371 -0.014005 0.318742 0.078964 -0.190932 -0.212499 -0.331095 0.302180 0.057866 0.094484 0.107645 0.447867 0.477467 0.684229 0.437064 0.190020 0.440678 0.350836 0.184269 0.276614 -0.148884 0.150979 0.046426 -0.267779 -0.226226 -0.406719 -0.412336 -0.274441 -0.070484 0.113136 0.235836 0.042274 -0.004433 -0.090211 -0.126338 0.377430 -0.191115 0.095673 -0.213595 -0.091668 -0.206602
-0.444282 -0.158544 0.168678 0.418286 -0.225138 0.484527 -0.395963 -0.435832 0.083632 -0.173075 -0.175856 -0.278202 -0.122949 -0.251382 0.494775 0.279702 -0.394403 -0.467411 0.069911 -0.094068 0.335625 0.225025 0.412221 0.517824 0.409401 0.814786 0.752074 1.000000 -0.663185 -0.547684 0.008134 0.255994 -0.377180 0.039584 0.386116 0.263764 -0.151509 0.336071 0.226164 0.170459 -0.286778 -0.211614 -0.271931 -0.015611 -0.595485 -0.282512 -0.253315 0.128914 -0.312764 -0.337606 -0.012134 -0.089321 -0.070559 -0.091609 0.375129 0.124416 -0.031322 0.040727 -0.114261 -0.088816 -0.475371 -0.543130 -0.634719 -0.611042 0.300548 0.165276 0.008596 0.339248 -0.034509 0.131894 0.355484 0.301816 -0.618755 -0.170719 -0.271857 -0.055605 -0.066693 0.189063 0.106899 -0.030781 -0.306359 -0.394638 0.376388 0.059024 0.140197 0.323433 0.609955 0.714148 0.853268 0.668587 0.159286 0.441558 0.355054 0.285354 0.297620 -0.187211 0.185723 -0.049965 -0.226082 -0.265027 -0.390715 -0.504427 -0.332525 -0.156347 0.038982 0.171231 0.301047 -0.142487 -0.060646 -0.046858 0.440705 -0.153008 -0.006131 -0.202695 -0.004130 -0.149749
0.575800 0.346134 -0.406163 -0.547657 0.014768 -0.524202 0.082752 0.079665 -0.305746 -0.021135 0.216867 0.485049 0.146670 0.317963 -0.354406 -0.079890 0.505164 0.738279 0.004272 0.440728 -0.370833 -0.305861 -0.541108 -0.492646 -0.526884 -0.698210 -0.521634 -0.663185 1.000000 0.789188 0.120496 -0.107977 0.287359 -0.194992 -0.480065 -0.437475 0.428048 0.005972 -0.237452 -0.090440 0.296794 0.240513 0.096965 0.087370 0.287219 -0.052282 0.282285 -0.034660 0.112989 0.204182 -0.271713 -0.037932 0.025468 0.045407 -0.276264 -0.100362 0.213465 0.058468 -0.149670 0.081182 0.298931 0.362158 0.668969 0.531416 -0.467404 -0.218772 -0.140502 -0.356181 0.057104 -0.070529 -0.144425 0.108362 0.901781 0.555104 0.600001 0.451150 0.421429 0.058567 0.125051 0.233530 0.537811 0.477210 -0.199629 -0.155829 -0.018522 -0.142840 -0.624856 -0.494841 -0.606817 -0.484779 -0.192815 -0.345697 -0.320504 -0.503936 -0.301722 0.392596 -0.266578 0.076374 0.104946 0.227079 0.122845 0.203592 0.277270 0.016384 -0.176315 -0.221636 -0.331949 0.211433 0.225537 0.163867 -0.300792 0.255531 0.107648 -0.024594 -0.139334 0.127052
0.639072 0.605000 -0.616992 -0.569892 -0.156173 -0.516969 -0.199653 -0.036607 -0.513210 0.011096 0.082128 0.532624 -0.042452 0.287311 -0.471867 -0.100583 0.506091 0.800393 -0.115106 0.430428 -0.320623 -0.248449 -0.705852 -0.568303 -0.651940 -0.644159 -0.472836 -0.547684 0.789188 1.000000 0.083325 -0.101938 0.380543 -0.087398 -0.591687 -0.491448 0.405841 0.097217 -0.292708 -0.130393 0.379482 0.416524 -0.071985 -0.007399 0.241071 -0.034621 0.268880 0.013486 0.279053 0.364436 -0.292675 0.159921 -0.013450 0.248907 -0.315089 0.152001 0.335092 0.200256 -0.221796 0.368520 0.129176 0.418619 0.720417 0.720085 -0.635515 -0.247059 -0.153960 -0.487318 0.077808 -0.132158 -0.206774 -0.017209 0.850885 0.689006 0.660907 0.476625 0.514994 0.185046 -0.220415 0.195973 0.327117 0.339376 -0.178566 0.019809 -0.083265 -0.190323 -0.374401 -0.323438 -0.533724 -0.436478 -0.169378 -0.505373 -0.450095 -0.508625 -0.129661 0.292228 -0.198016 0.070021 0.219107 0.211956 0.171975 0.144879 0.461891 0.111576 -0.147389 -0.282397 -0.104521 0.207612 0.171442 -0.019608 -0.467434 0.175007 0.257802 -0.141535 -0.184603 0.061432
-0.043417 -0.241436 0.073741 -0.197232 0.016449 -0.216570 0.023980 -0.098800 -0.223733 -0.349286 0.175458 0.014272 0.099440 -0.046029 0.051519 -0.061743 -0.135821 -0.124025 0.252141 0.074127 0.497726 0.052508 0.225090 0.175914 0.124431 -0.113054 0.083337 0.008134 0.120496 0.083325 1.000000 0.823462 0.140889 0.129537 0.063771 -0.031878 -0.223029 -0.068290 -0.214775 -0.131962 0.395028 0.173553 -0.020035 0.170782 0.141714 0.234525 -0.079335 -0.025696 0.136552 0.186700 0.187137 0.132110 -0.008407 0.156223 -0.227248 -0.007292 -0.187263 -0.213372 -0.103996 -0.082018 -0.163512 -0.362764 -0.091053 -0.212314 0.181780 -0.344245 0.020250 -0.006578 0.082846 -0.062068 0.259399 0.289980 0.141182 0.097951 0.166954 0.148492 0.126245 0.007566 0.023737 -0.217914 -0.074998 -0.170118 0.387386 0.098092 0.010819 -0.024589 -0.000296 -0.055868 -0.152929 -0.272924 -0.266440 -0.004887 -0.141144 -0.032596 0.038907 -0.157941 -0.053202 -0.043534 -0.146473 0.031090 -0.001669 0.027899 0.005784 0.019360 -0.309327 -0.086362 0.052348 0.115977 -0.090176 -0.032819 0.064254 0.096127 0.057332 0.058631 -0.231149 -0.179566
-0.342760 -0.346322 0.102475 0.206386 -0.167503 0.012559 -0.032018 0.026766 -0.186125 -0.280026 0.108238 0.019208 0.064772 -0.040813 0.133980 0.040030 -0.263896 -0.285876 0.316559 0.170799 0.511628 0.146708 0.351871 0.480398 0.307571 0.220093 0.137842 0.255994 -0.107977 -0.101938 0.823462 1.000000 -0.030209 0.101040 0.177161 0.068228 -0.246409 -0.030475 -0.205712 -0.063793 0.232235 0.043980 -0.075501 0.120679 -0.082834 0.057730 -0.077095 0.105957 -0.032188 0.048987 0.092129 0.130416 -0.031274 0.132843 -0.236927 0.012420 -0.298215 -0.312632 -0.284020 -0.207936 -0.381582 -0.429672 -0.261647 -0.338726 0.355708 -0.225000 -0.127024 0.054558 -0.109772 -0.016867 0.259528 0.390742 -0.112577 0.026271 0.019281 0.099445 0.019182 0.099570 0.078241 -0.132335 -0.115354 -0.260449 0.496575 0.079557 0.028799 -0.038578 0.198022 0.150447 0.132041 0.022258 -0.152506 0.129519 0.045449 0.075816 0.119745 -0.089046 0.032469 -0.063967 -0.097433 -0.034807 -0.013615 -0.183456 -0.136333 -0.117249 -0.290402 0.001950 0.106498 -0.007275 0.017503 -0.008616 0.251197 0.130831 -0.067430 0.125236 -0.020544 -0.087118
0.440156 0.294822 -0.130269 -0.247225 -0.214236 -0.463030 0.000504 -0.006652 -0.227740 -0.208579 0.252926 0.166236 0.011790 0.053314 -0.278523 -0.073539 0.146566 0.204186 0.244944 0.116706 -0.148838 0.044576 -0.242127 -0.293120 -0.356199 -0.453559 -0.440055 -0.377180 0.287359 0.380543 0.140889 -0.030209 1.000000 0.349012 -0.312742 -0.228145 -0.205908 -0.477772 -0.407982 -0.244765 -0.007276 -0.070416 0.142780 0.271730 0.371095 0.149120 0.184299 -0.135710 0.483417 0.497000 0.304450 0.351696 0.095341 0.060470 -0.181620 0.098773 0.076072 0.099493 0.149675 0.281172 0.303936 0.202260 0.364181 0.394094 -0.192176 -0.080478 0.115675 -0.386453 0.051985 -0.204283 -0.082842 -0.281555 0.370370 0.245148 0.335354 0.101184 0.196943 -0.315592 -0.329352 -0.001245 -0.121936 0.043295 -0.168575 -0.163372 -0.195722 0.013612 -0.207613 -0.297856 -0.320171 -0.243603 -0.377923 -0.559798 -0.397866 -0.292867 -0.200314 0.025596 -0.049664 -0.091638 0.073623 -0.103740 0.100906 -0.102637 0.060621 -0.171656 -0.181667 -0.182345 -0.131190 0.264989 -0.044666 -0.245259 -0.491968 -0.131705 -0.078628 -0.151124 -0.168893 -0.079246
0.009829 0.057577 -0.078230 0.059340 0.005341 0.172983 -0.018142 0.091010 0.037465 0.108639 0.125774 0.137108 -0.221573 -0.225713 0.058961 0.254874 -0.174201 -0.231116 -0.229957 -0.268048 0.099574 0.580348 -0.020476 -0.162644 -0.099894 0.003400 0.129192 0.039584 -0.194992 -0.087398 0.129537 0.101040 0.349012 1.000000 0.081914 0.399199 -0.270476 -0.090345 -0.183905 0.041584 0.071179 0.142517 -0.145358 0.103240 0.074963 0.223106 -0.190607 -0.173862 0.133191 -0.015572 0.112109 -0.032918 0.036606 -0.087233 -0.023771 -0.097414 -0.121317 -0.123159 0.338164 0.004257 0.138728 0.211695 -0.070913 -0.128991 0.135119 0.420530 0.078114 0.131563 -0.024019 -0.306594 0.093462 0.010643 -0.181921 -0.027827 -0.002878 -0.032133 0.037328 0.078599 -0.360098 -0.239119 -0.264473 -0.146514 0.080215 0.000343 -0.088414 -0.131280 0.096788 -0.029227 0.120234 0.131428 -0.081203 -0.275316 -0.141922 -0.176298 0.139116 -0.202728 0.093466 -0.069039 -0.346723 -0.246120 -0.028954 -0.210239 -0.160428 -0.062991 -0.071229 -0.105632 -0.097293 0.152396 -0.183891 -0.446644 -0.223169 -0.388887 -0.015382 -0.219405 -0.157893 -0.206978
-0.487014 -0.552222 0.465811 0.357132 0.171138 0.452463 0.222202 0.040519 0.387847 0.047916 -0.046305 -0.359248 0.077298 -0.182678 0.322523 -0.053337 -0.145493 -0.487068 0.081061 -0.045763 0.287398 0.166604 0.544948 0.476033 0.570367 0.505808 0.448484 0.386116 -0.480065 -0.591687 0.063771 0.177161 -0.312742 0.081914 1.000000 0.672635 -0.020767 0.050830 0.355683 0.066330 -0.162886 -0.312715 0.021504 -0.113683 -0.071923 0.218102 0.032007 0.166684 -0.188587 -0.310543 -0.065953 -0.127219 -0.021850 -0.074149 0.188488 -0.048683 -0.027417 -0.086760 -0.052439 -0.432491 -0.194428 -0.331145 -0.547853 -0.573995 0.574316 0.072274 -0.160695 0.281139 -0.356542 -0.164845 0.215670 0.114759 -0.497236 -0.400768 -0.453021 -0.240429 -0.229538 0.145258 0.100705 -0.167769 -0.203638 -0.154246 0.107374 -0.080835 0.155810 -0.025104 0.218851 0.229343 0.341043 0.165977 0.109191 0.300378 0.270338 0.252619 0.007068 -0.084300 0.183102 -0.155399 -0.084939 -0.258620 -0.106778 -0.160339 -0.440998 -0.350431 0.022122 0.241562 0.063805 -0.363706 -0.034951 0.021462 0.499962 -0.111141 -0.214969 0.022984 0.232105 0.111031
-0.439251 -0.389581 0.157983 0.266890 0.102982 0.391106 0.113422 0.120983 0.198156 0.207996 0.005930 -0.202459 -0.045629 -0.232354 0.330393 0.121873 -0.126737 -0.440428 -0.262955 -0.241125 0.232265 0.458396 0.333856 0.243510 0.293570 0.324891 0.318192 0.263764 -0.437475 -0.491448 -0.031878 0.068228 -0.228145 0.399199 0.672635 1.000000 -0.114262 0.098822 0.275134 0.292022 -0.172095 -0.054946 0.052150 0.022369 0.042002 0.368579 -0.025163 0.179473 -0.025632 -0.234629 -0.039467 -0.047724 0.050998 -0.164083 0.141463 -0.056515 -0.132889 -0.243276 0.080575 -0.173792 -0.199414 -0.038840 -0.438415 -0.532034 0.331659 0.363455 -0.035124 0.351547 -0.310924 -0.184710 0.089849 0.145419 -0.470521 -0.315325 -0.311992 -0.231284 -0.320959 0.065632 0.086793 -0.217415 -0.200776 -0.135007 0.136827 -0.091246 0.021507 -0.206650 0.275237 0.180377 0.298944 0.244254 0.137932 0.153703 0.233301 0.186851 0.158733 -0.023921 0.203076 0.118459 -0.108387 -0.206007 -0.242409 -0.274682 -0.434539 -0.390401 -0.052298 0.169267 -0.132924 -0.016149 0.069008 -0.186029 0.480306 -0.154910 -0.103307 -0.101676 0.183595 0.077771
