1.000000 0.004114 0.199863 -0.571369 0.149944 -0.036212 0.133606 -0.442292 0.259302 -0.040595 0.447109 -0.213818 0.510966 0.210798 0.321165 -0.251766 0.476565 -0.084412 0.148082 0.015861 -0.399072 -0.034051 0.249440 -0.339167 0.100818 -0.213464 0.226547 0.196769 0.232398 -0.160507 -0.361138 -0.482079 0.348484 0.061904 -0.234171 -0.432518 0.087063 -0.317700 0.172337 -0.149065 0.287556 -0.324205 -0.126224 -0.174315 -0.277356 -0.419109 -0.147361 -0.271234 0.012262 -0.150305 -0.104696 -0.077334 0.351052 0.003337 0.270976 -0.026364 0.535984 0.445174 0.661086 -0.118314 0.498764 -0.197475 0.217771 0.048250 0.003076 -0.386807 0.146130 -0.381092 0.389784 0.036843 0.271798 -0.097956 0.262215 -0.220849 0.098952 -0.330254 -0.012173 -0.298874 0.285696 0.333452 0.051803 0.292352 0.319830 -0.213926 0.196022 0.061560 0.041467 0.298815 0.339816 0.425272 -0.197871 0.197280 -0.612085 -0.046088 0.305856 -0.197381 0.040022 0.151304 -0.245410 -0.048626 -0.454264 0.259411 -0.431980 0.018431 -0.227404 -0.270838 -0.396137 -0.231447 -0.011700 -0.204499 -0.235767 -0.225735 -0.260052 -0.252683 -0.167483 -0.095924
0.004114 1.000000 -0.312507 0.093301 -0.020390 0.201860 -0.360495 0.059044 0.021191 0.282209 -0.212092 0.370586 -0.206448 0.154461 0.135860 0.552418 0.117838 0.493440 -0.300183 0.399513 0.073723 0.064727 -0.002195 -0.034642 -0.051365 0.028018 0.009753 0.166664 -0.044221 0.150404 -0.060682 -0.060022 0.195212 -0.065179 -0.322286 -0.341863 -0.083847 0.084524 -0.149739 0.121404 0.076541 0.036233 -0.275133 -0.333823 -0.241932 -0.380917 -0.147975 -0.330588 -0.349825 -0.230494 0.088548 0.058068 0.190698 0.164544 -0.083694 -0.228245 0.328546 0.478334 -0.262046 0.173948 -0.026657 0.463203 0.333625 0.409942 -0.136058 0.001063 -0.072388 -0.466328 0.348497 0.359300 -0.084726 -0.174675 -0.114320 -0.205455 -0.215364 -0.074720 -0.297602 -0.212629 0.036394 0.146236 0.113626 0.008789 -0.096771 0.494424 -0.153308 0.286519 -0.141960 -0.120558 -0.193637 0.100741 0.263717 -0.438597 0.097410 -0.333880 -0.260115 -0.356538 -0.265592 -0.035323 -0.054086 -0.238130 -0.082323 -0.277378 0.120020 -0.228532 -0.071138 -0.282769 0.028059 -0.162697 -0.172891 -0.265250 -0.443651 -0.066002 0.045123 -0.227465 -0.250604 -0.144060
0.199863 -0.312507 1.000000 0.090704 0.408691 0.230293 0.465804 -0.210381 0.483579 -0.078682 0.415072 -0.148555 0.247791 -0.119494 0.457186 -0.078503 0.192731 -0.344746 0.486944 -0.142934 0.185874 0.330836 0.673735 0.373958 0.575631 0.427512 0.483159 0.387838 0.000012 -0.485433 0.240324 0.099957 -0.103799 -0.112663 0.263427 -0.205879 -0.038023 -0.394095 0.240154 0.011694 -0.064516 -0.280580 -0.192233 -0.161681 -0.469256 -0.375218 -0.264688 -0.145176 -0.109702 -0.396466 -0.145477 -0.306454 -0.103354 -0.169564 0.015488 -0.200496 -0.144189 -0.135086 0.182606 -0.425054 0.208762 -0.508434 -0.361922 -0.390585 0.492247 -0.133502 -0.215169 -0.064547 -0.234894 -0.041937 0.192716 0.328676 -0.052846 -0.235788 -0.074419 -0.208000 -0.087305 -0.133142 0.183097 -0.073918 -0.126344 -0.026509 0.429216 -0.316392 0.205907 0.071301 0.339227 0.251762 0.483876 -0.021204 -0.280213 0.392241 -0.236789 0.444371 0.206474 0.159285 -0.112676 0.080718 -0.331624 -0.205308 -0.159055 0.377699 -0.369123 -0.011225 -0.301645 0.045650 -0.011454 0.047984 0.156420 0.221788 -0.012025 -0.276438 -0.480816 -0.250312 0.134459 0.073685
-0.571369 0.093301 0.090704 1.000000 0.015950 0.278581 -0.150840 0.728891 -0.217589 0.278879 -0.241746 0.558276 -0.241292 0.218100 -0.052521 0.522780 -0.282184 -0.136192 0.234621 -0.118368 0.583128 0.230602 -0.101824 0.531219 -0.058895 0.451380 -0.025577 0.135051 -0.356795 -0.053460 0.474981 0.593482 -0.299228 0.095664 0.054933 0.144540 -0.216336 0.136844 -0.324991 -0.045536 -0.330762 0.250894 -0.240683 -0.165668 -0.249691 -0.056469 -0.239763 -0.139519 -0.415388 -0.256676 -0.203306 -0.348735 -0.350600 -0.296616 -0.451038 -0.402795 -0.366665 -0.522023 -0.470501 -0.357779 -0.169381 0.150949 -0.186836 -0.259957 0.130831 0.554093 -0.470005 0.103794 -0.326439 -0.122726 0.104213 0.458560 -0.338744 0.120160 0.033227 0.457158 0.157942 0.434130 -0.388186 -0.475062 -0.159994 -0.558442 -0.191851 0.116163 0.095074 0.187866 0.070511 -0.236178 0.164189 -0.370960 -0.026991 -0.157960 0.650655 0.124859 -0.197786 0.203111 -0.240606 -0.057199 -0.219451 -0.283455 0.475163 -0.006822 0.244667 -0.037087 0.075174 0.132412 0.300259 0.273248 0.060477 0.078899 -0.076660 -0.176743 -0.169769 0.113369 0.134810 -0.041131
0.149944 -0.020390 0.408691 0.015950 1.000000 0.479678 0.344388 0.082403 0.398806 0.301489 0.030656 -0.038260 0.213222 0.140998 0.090737 0.068067 0.155730 0.092094 0.154455 0.035286 0.011758 0.019718 0.146864 -0.183179 0.063765 -0.070815 0.149655 -0.046890 0.073145 -0.056498 -0.014056 -0.104847 0.120293 0.122377 -0.190917 -0.029797 -0.026348 -0.374930 0.209440 0.008942 -0.075782 -0.150399 -0.274929 -0.367483 -0.134735 -0.116813 -0.267497 -0.343271 -0.003118 -0.174217 -0.004969 -0.059461 0.251377 0.018294 -0.026561 -0.291409 0.000516 -0.050645 0.117690 -0.077012 0.189481 -0.130283 -0.066797 -0.060214 -0.107456 -0.197745 -0.072936 0.097906 0.036988 0.278559 0.199795 0.080017 0.097555 -0.237913 -0.122069 -0.210855 -0.256740 -0.274939 -0.021865 -0.234526 0.059989 -0.014820 -0.089390 0.033759 -0.251384 -0.251218 -0.164012 0.055173 0.115574 0.102452 0.012015 0.021672 -0.075926 0.055942 -0.233983 -0.209335 -0.389850 -0.186498 -0.382989 -0.289253 -0.096104 0.389078 -0.165345 -0.084074 -0.193893 -0.211386 -0.273065 -0.373024 0.074399 -0.187704 -0.241262 -0.205704 -0.160461 -0.358157 0.142069 -0.009133
-0.036212 0.201860 0.230293 0.278581 0.479678 1.000000 -0.234355 0.156754 0.136152 0.499697 -0.070554 0.234944 -0.202342 0.164000 0.173597 0.397730 -0.023431 -0.099984 -0.198907 -0.164357 0.131874 0.258132 0.299464 0.246592 0.360986 0.461359 0.455615 0.385379 -0.288784 -0.340406 -0.054308 -0.042417 -0.066104 -0.371874 -0.040121 -0.200384 -0.131347 -0.267791 0.091269 -0.042366 -0.161229 -0.174798 -0.284855 -0.312617 -0.341368 -0.307978 -0.271931 -0.266247 -0.112260 -0.285468 0.133144 -0.174732 0.130506 -0.101072 -0.034757 -0.330677 0.015895 -0.073696 0.118307 -0.046890 -0.020331 0.031975 -0.264209 -0.208163 0.265088 0.240144 -0.031442 -0.040983 -0.010901 0.176436 0.135238 0.183326 -0.367436 -0.396102 -0.226273 -0.201953 -0.312369 -0.282125 0.064121 -0.046469 0.060180 -0.130426 -0.075669 -0.001226 0.222040 0.299048 0.128205 0.046448 0.401835 0.083664 -0.115779 -0.277897 0.060141 -0.140386 -0.162623 -0.252886 -0.267939 -0.040251 -0.404125 -0.407842 -0.085912 0.057165 -0.254221 -0.290228 -0.163152 -0.273875 -0.211943 -0.265619 0.013713 -0.163046 -0.224982 -0.243082 -0.257485 -0.134014 -0.038501 -0.162321
0.133606 -0.360495 0.465804 -0.150840 0.344388 -0.234355 1.000000 -0.006281 0.397259 -0.087059 0.425493 -0.104852 0.484420 -0.034997 0.196986 -0.129670 0.111457 -0.122115 0.591844 0.151240 0.019463 -0.141967 0.031855 -0.030257 -0.111865 -0.363605 -0.044872 -0.273558 0.406995 0.130534 0.227625 0.177749 0.053226 0.286915 -0.023523 0.006526 0.147960 -0.252611 0.057122 -0.130611 0.124004 -0.053698 -0.063627 -0.073113 -0.016918 0.047978 -0.116351 -0.136709 -0.071284 -0.058439 -0.204366 -0.052833 0.004497 -0.098945 0.007906 0.046735 -0.205366 -0.279850 -0.084535 -0.263513 0.221923 -0.336622 -0.109587 -0.030183 0.030466 -0.256351 -0.187285 0.046763 -0.209295 -0.094006 0.230012 0.072177 0.419281 0.131808 0.195348 0.045809 0.226880 0.139567 -0.107027 -0.218414 -0.096475 -0.070007 0.361287 -0.064575 -0.051688 -0.238118 0.070191 0.209732 0.036258 -0.014733 -0.178714 0.291895 -0.252482 0.158008 0.053389 0.259829 -0.123755 0.043230 -0.234917 -0.023723 -0.035251 0.408283 -0.122632 0.057606 -0.131319 0.130326 -0.079476 0.041279 0.281260 0.264647 -0.112973 -0.162699 -0.141815 -0.178294 0.141041 0.241366
-0.442292 0.059044 -0.210381 0.728891 0.082403 0.156754 -0.006281 1.000000 -0.344421 0.416440 -0.298235 0.609119 -0.117028 0.488548 -0.291687 0.370986 -0.253818 -0.045569 0.204183 -0.056931 0.389815 0.068590 -0.575108 0.061220 -0.442739 -0.032113 -0.306602 -0.302922 -0.198259 0.127796 0.279355 0.391663 -0.224063 0.240249 -0.237991 0.246843 -0.240136 0.041642 -0.444855 -0.154706 -0.287537 0.299711 -0.349754 -0.315233 -0.152745 0.094830 -0.385565 -0.359079 -0.414605 -0.218812 -0.295823 -0.373594 -0.323984 -0.419990 -0.540014 -0.498196 -0.300393 -0.547999 -0.327732 -0.172081 0.097635 0.495003 0.130179 0.038948 -0.153747 0.688114 -0.251002 0.304274 -0.197491 -0.064963 0.199291 0.328201 -0.201704 0.193622 0.187686 0.526779 0.182073 0.419431 -0.482276 -0.528344 -0.042109 -0.497628 -0.333768 0.123577 -0.041537 0.069270 -0.234997 -0.301530 -0.059735 -0.233616 -0.012395 -0.281067 0.658696 0.004036 -0.296179 0.200228 -0.421536 -0.017120 -0.327473 -0.366150 0.658224 0.136738 0.450078 0.213802 0.203576 0.176534 0.236823 0.245234 0.059142 -0.061616 -0.184877 -0.223108 -0.112679 0.221594 0.155320 -0.006849
0.259302 0.021191 0.483579 -0.217589 0.398806 0.136152 0.397259 -0.344421 1.000000 0.028667 0.241810 -0.197529 0.228547 -0.104301 0.516191 -0.053387 0.041532 0.089975 0.263877 0.094999 -0.337648 0.024836 0.478445 -0.015666 0.285527 -0.030501 0.270354 0.239309 -0.108438 -0.267768 -0.320647 -0.345805 0.109886 -0.280977 -0.073268 -0.358056 -0.102343 -0.401106 0.207480 0.002535 -0.062492 -0.273844 -0.042977 -0.143276 -0.255133 -0.387240 -0.034441 -0.155143 0.081176 -0.129786 0.286133 0.226720 0.449017 0.372933 0.191607 0.003232 0.049723 0.200147 0.132855 -0.119309 0.154776 -0.225833 -0.345475 -0.023408 0.360300 -0.280340 -0.163195 -0.339576 -0.060427 -0.056538 -0.098372 -0.204132 -0.060004 -0.209116 -0.229468 -0.331235 -0.199296 -0.315761 0.168147 0.176588 -0.272437 0.094787 0.374371 -0.238461 0.004761 0.026544 0.213479 0.321349 0.306824 0.357560 0.069407 0.353741 -0.265287 0.222809 -0.185837 -0.224555 -0.268986 -0.090603 -0.207987 -0.086880 -0.363404 0.272657 -0.348981 -0.129153 -0.299021 -0.118763 -0.191535 -0.086450 0.007840 -0.130023 -0.307061 -0.100843 -0.120396 -0.325113 -0.127997 0.029374
-0.040595 0.282209 -0.078682 0.278879 0.301489 0.499697 -0.087059 0.416440 0.028667 1.000000 -0.047412 0.442651 -0.095674 0.333892 -0.067139 0.395543 0.155706 -0.042982 -0.078561 -0.199071 0.100160 0.107834 -0.129799 0.078599 -0.080470 -0.017947 0.100625 -0.012887 -0.125664 -0.005804 -0.087184 0.001361 0.027357 -0.064880 -0.406976 -0.210477 -0.117417 -0.070875 -0.260633 -0.221746 -0.139864 -0.145673 -0.055045 -0.125933 -0.176196 -0.101038 -0.118964 -0.160226 -0.128603 -0.090618 0.147710 -0.082377 0.098542 -0.032819 -0.226080 -0.353471 0.112645 -0.092148 -0.141810 -0.009374 0.059595 0.277895 0.022224 -0.045276 -0.057878 0.307932 -0.086989 -0.078163 -0.035202 -0.035559 0.185003 0.084450 -0.251535 -0.126296 0.040301 0.099565 -0.022585 0.038215 -0.129269 -0.142421 0.141564 -0.258179 -0.266278 0.087178 -0.073715 0.016908 -0.240937 -0.257467 -0.048496 -0.078431 0.054957 -0.374160 0.147460 -0.240590 -0.160148 -0.086815 -0.218822 -0.022044 -0.287393 -0.225557 0.127422 0.123324 -0.037564 -0.265333 0.044123 -0.258859 -0.088349 -0.017035 0.041619 -0.136602 -0.200943 -0.109518 -0.023087 -0.127242 -0.071804 -0.094163
0.447109 -0.212092 0.415072 -0.241746 0.030656 -0.070554 0.425493 -0.298235 0.241810 -0.047412 1.000000 0.059427 0.685494 0.064909 0.529283 -0.117170 0.535011 -0.337485 0.171281 -0.107738 -0.042586 0.073167 0.410512 0.194406 0.383457 0.066165 0.355403 0.233729 0.147511 -0.267562 0.093789 0.050168 -0.128909 -0.064583 0.142951 -0.214577 0.090677 -0.244719 -0.092084 -0.413266 0.138994 -0.411082 0.012931 0.025066 -0.121339 -0.064478 -0.073920 -0.008546 0.069770 -0.087738 -0.116761 -0.109284 0.083625 -0.050680 0.042450 -0.099669 0.095941 -0.121478 0.255060 -0.355477 0.268931 -0.445618 -0.199464 -0.402857 0.326554 -0.108322 -0.220376 -0.102544 -0.108574 -0.189177 -0.027309 0.141704 0.121797 -0.063197 0.025195 -0.131927 0.120182 -0.062079 0.214623 0.032093 0.116251 -0.054492 0.563216 -0.208475 0.278768 0.060378 0.177213 -0.064004 0.264619 -0.063341 -0.172083 0.350000 -0.353206 0.217491 0.259688 -0.090590 0.120388 -0.015061 -0.229674 -0.041174 -0.215379 0.359284 -0.424128 -0.187965 -0.230474 -0.090398 -0.174683 -0.022061 0.061384 0.156108 0.105115 -0.158188 -0.268137 -0.103899 -0.051129 0.004965
-0.213818 0.370586 -0.148555 0.558276 -0.038260 0.234944 -0.104852 0.609119 -0.197529 0.442651 0.059427 1.000000 -0.065110 0.538578 -0.018151 0.559590 0.038787 0.098803 -0.050796 -0.175837 0.461040 0.122005 -0.087262 0.391519 0.015011 0.187288 -0.008227 0.069385 -0.170858 0.117261 0.318288 0.469566 -0.219273 0.057008 -0.053677 0.037601 -0.199113 0.130127 -0.579448 -0.294016 -0.206357 0.192761 -0.294795 -0.241227 -0.241600 -0.013497 -0.329764 -0.315078 -0.279605 -0.177114 -0.045323 -0.209363 -0.086825 -0.155213 -0.399992 -0.451783 0.012557 -0.354932 -0.357079 -0.416004 0.093793 0.242984 0.052221 -0.115843 0.077185 0.622405 -0.482803 -0.025431 -0.303742 -0.202178 0.157434 0.306505 -0.157029 0.125203 0.114108 0.422060 0.205325 0.358049 -0.232760 -0.340607 -0.059090 -0.540600 -0.294640 0.111381 -0.034973 0.412662 -0.258510 -0.308351 -0.063247 -0.083578 -0.070925 -0.419001 0.302981 -0.210449 -0.171289 -0.030424 -0.365378 -0.170495 -0.458638 -0.357100 0.213472 -0.009316 -0.078667 -0.281785 -0.141943 -0.216103 -0.124843 0.099275 0.037180 -0.197149 -0.208307 -0.342555 -0.156041 -0.104419 -0.042097 -0.114702
0.510966 -0.206448 0.247791 -0.241292 0.213222 -0.202342 0.484420 -0.117028 0.228547 -0.095674 0.685494 -0.065110 1.000000 0.351612 0.406500 -0.098126 0.334189 -0.195953 0.371099 -0.096342 -0.156636 0.015757 0.070869 -0.189567 -0.047082 -0.250619 0.010404 -0.027763 0.297226 -0.072257 -0.055403 -0.126197 0.137761 0.245004 -0.191036 -0.248869 0.126312 -0.215025 0.026711 -0.208128 0.173680 -0.314778 -0.130012 -0.125437 -0.130935 -0.141340 -0.212518 -0.197798 -0.029711 -0.138695 -0.267919 -0.190737 0.137454 -0.193165 0.111270 -0.158803 0.036327 -0.118767 0.354742 -0.187534 0.431940 -0.235499 0.098310 -0.086667 -0.057072 -0.243647 -0.053468 -0.034426 0.071279 -0.011916 0.100318 0.151055 0.251939 -0.049484 0.120851 -0.067032 0.115116 -0.043197 0.015758 -0.117352 0.043016 0.006614 0.434702 -0.039936 0.073036 -0.097401 0.060350 0.095948 0.209472 0.116568 -0.004511 0.359686 -0.213156 0.205053 0.051518 -0.149918 0.033302 -0.091196 -0.256559 -0.177267 0.019222 0.376379 -0.122360 0.110825 -0.119792 0.009972 -0.029988 -0.049290 -0.054965 0.088918 -0.069955 -0.243544 -0.240741 -0.102548 0.091369 0.044286
0.210798 0.154461 -0.119494 0.218100 0.140998 0.164000 -0.034997 0.488548 -0.104301 0.333892 0.064909 0.538578 0.351612 1.000000 0.028047 0.191999 -0.047757 -0.043543 0.217199 -0.256474 -0.017094 0.026689 -0.273236 -0.176861 -0.255866 -0.152054 -0.128898 -0.146633 0.011003 0.086710 -0.171308 -0.120050 0.051669 0.273782 -0.367723 -0.158231 -0.032492 -0.012294 -0.308937 -0.206315 0.041878 0.096403 -0.259895 -0.232649 -0.343064 -0.153293 -0.337021 -0.379162 -0.335376 -0.191408 -0.240489 -0.344610 0.076826 -0.291788 -0.124250 -0.466685 -0.009706 -0.225776 0.102524 -0.184712 0.403821 0.399114 0.221878 0.159530 -0.184825 0.334202 -0.208727 -0.062897 -0.078121 -0.140570 0.286254 0.100137 -0.063922 0.095482 0.263848 0.271915 0.078356 0.124479 -0.204016 -0.203387 -0.107415 -0.266046 -0.083033 -0.059453 0.085388 -0.000351 -0.183602 -0.121212 0.221661 0.252817 -0.020943 -0.065567 0.171805 -0.049356 -0.119182 -0.069619 -0.258810 -0.050489 -0.461028 -0.392647 0.316908 0.200001 0.036821 0.031927 -0.070745 -0.095796 -0.025847 0.030838 0.022473 -0.210062 -0.257001 -0.279367 -0.195544 0.035897 0.096932 -0.003819
0.321165 0.135860 0.457186 -0.052521 0.090737 0.173597 0.196986 -0.291687 0.516191 -0.067139 0.529283 -0.018151 0.406500 0.028047 1.000000 0.342876 0.372638 -0.063417 0.200428 0.199917 -0.025224 0.258878 0.629126 0.225635 0.397629 0.212227 0.611194 0.592177 0.002500 -0.409120 0.079553 -0.058555 0.049135 -0.244791 -0.051261 -0.465250 0.001800 -0.349822 0.100332 -0.198123 0.105384 -0.280588 -0.289737 -0.311939 -0.448004 -0.586183 -0.249387 -0.306086 -0.297211 -0.390644 -0.086944 -0.111741 0.141099 0.018717 0.163834 -0.177806 0.093542 0.061020 0.111861 -0.206820 0.135056 -0.158534 -0.104175 -0.075585 0.444519 -0.199531 -0.231724 -0.467475 0.085037 0.023684 0.037546 0.206167 0.000115 -0.231073 -0.050602 -0.217804 -0.097448 -0.332982 0.235937 0.181603 0.017307 0.076515 0.734657 -0.007888 0.276026 0.325705 0.228763 0.237353 0.476201 0.136144 -0.110551 0.245110 -0.223384 0.172464 -0.048842 -0.249428 -0.072411 -0.027131 -0.189880 -0.243018 -0.272874 0.009310 -0.274560 -0.204782 -0.206463 -0.144017 -0.071343 -0.203321 -0.191180 -0.077532 -0.341867 -0.299388 -0.458100 -0.240705 -0.145038 0.007746
-0.251766 0.552418 -0.078503 0.522780 0.068067 0.397730 -0.129670 0.370986 -0.053387 0.395543 -0.117170 0.559590 -0.098126 0.191999 0.342876 1.000000 0.034838 0.159159 -0.016318 0.231597 0.459441 0.219819 0.052507 0.314343 -0.070282 0.188445 0.190253 0.279348 -0.108327 0.060820 0.375163 0.389489 0.021581 -0.002194 -0.213284 -0.182352 -0.115138 0.067454 -0.192701 -0.059758 -0.012147 0.106348 -0.372883 -0.371256 -0.290079 -0.314959 -0.298818 -0.388048 -0.463057 -0.301698 -0.115457 -0.153982 -0.077315 -0.146233 -0.161764 -0.282508 -0.054662 -0.158816 -0.417045 -0.174099 -0.150474 0.209647 0.083555 -0.003274 0.066602 0.198996 -0.321970 -0.275852 0.013605 0.214856 0.166971 0.348034 -0.173084 -0.112830 -0.043941 0.174476 -0.007367 0.078477 -0.169959 -0.226828 0.006278 -0.282731 -0.030531 0.518338 -0.078276 0.416634 -0.111255 -0.078263 0.054950 -0.097561 0.046694 -0.402957 0.283477 -0.266502 -0.219824 -0.079837 -0.220417 -0.019376 -0.238291 -0.370931 0.149971 -0.262531 0.096592 -0.239878 0.029947 -0.063480 0.102109 -0.028085 -0.090456 -0.107181 -0.442584 -0.307497 -0.260699 -0.115052 0.002378 -0.033641
0.476565 0.117838 0.192731 -0.282184 0.155730 -0.023431 0.111457 -0.253818 0.041532 0.155706 0.535011 0.038787 0.334189 -0.047757 0.372638 0.034838 1.000000 0.029753 -0.037371 0.123889 0.080733 0.037740 0.306062 0.012568 0.224464 -0.051305 0.332315 0.259816 0.303316 -0.131064 0.147326 -0.013300 0.190272 0.014243 -0.201913 -0.325691 0.070656 -0.180057 0.018393 -0.147069 0.078048 -0.253599 -0.032326 -0.098785 -0.179347 -0.214672 -0.072647 -0.129455 -0.114389 -0.130318 -0.040192 -0.013351 0.135765 0.121780 0.046930 -0.090297 0.542791 0.228883 0.141072 -0.090058 0.090862 -0.233700 0.226624 -0.146314 -0.077346 -0.276788 -0.055454 -0.289031 0.263628 0.084527 0.110585 0.073584 0.287033 -0.117686 0.168709 -0.171485 0.021986 -0.236720 0.521879 0.200249 0.588584 0.218523 0.258120 0.014306 -0.070376 0.045637 -0.158535 -0.088321 -0.098150 0.001582 -0.089085 -0.037371 -0.330977 -0.169390 0.108026 -0.073460 0.047059 0.146144 -0.054919 0.072472 -0.273276 -0.027286 -0.304158 -0.148631 -0.160587 -0.291050 -0.299617 -0.329992 -0.009975 -0.136722 -0.099420 -0.087509 -0.169880 -0.306515 -0.109272 -0.033252
-0.084412 0.493440 -0.344746 -0.136192 0.092094 -0.099984 -0.122115 -0.045569 0.089975 -0.042982 -0.337485 0.098803 -0.195953 -0.043543 -0.063417 0.159159 0.029753 1.000000 -0.192678 0.427294 -0.079932 -0.315460 -0.122609 -0.272198 -0.207955 -0.299545 -0.197924 -0.130148 0.188443 0.545192 -0.106455 -0.153180 0.231832 0.032766 -0.318070 -0.084105 0.003795 0.131267 -0.103225 0.203153 -0.090802 0.249336 -0.120141 -0.167664 0.119521 -0.029503 0.041354 -0.182004 -0.101366 0.040409 0.109997 0.218525 0.108878 0.271797 -0.097545 0.006399 0.253648 0.407315 -0.266191 0.319859 -0.158571 0.231912 0.455199 0.567828 -0.325460 -0.222114 0.099777 -0.169045 0.162270 0.066380 -0.187276 -0.307859 0.356875 0.147036 -0.142836 -0.076197 -0.204524 -0.160541 0.173642 0.254417 0.186442 0.484413 -0.190284 0.364958 -0.321479 0.023772 -0.308878 -0.126742 -0.403409 0.054553 0.175449 -0.329989 -0.038770 -0.358972 -0.356494 -0.270853 -0.209538 -0.266027 0.187889 0.019411 -0.181865 -0.420992 0.168378 -0.051862 -0.067925 -0.274509 -0.190019 -0.219569 -0.059609 -0.347485 -0.288674 0.082495 0.236469 -0.409684 -0.080061 -0.003519
0.148082 -0.300183 0.486944 0.234621 0.154455 -0.198907 0.591844 0.204183 0.263877 -0.078561 0.171281 -0.050796 0.371099 0.217199 0.200428 -0.016318 -0.037371 -0.192678 1.000000 0.082742 0.100757 -0.021069 -0.026223 0.015397 -0.194562 -0.145416 -0.038634 -0.113113 0.211991 -0.001486 0.169727 0.105736 0.086929 0.351796 -0.189965 -0.200207 -0.021393 -0.176553 0.072719 0.086336 -0.028888 0.116567 -0.151543 -0.117616 -0.363290 -0.295214 -0.192056 -0.234862 -0.334468 -0.223664 -0.276487 -0.218027 -0.106288 -0.257484 0.008130 -0.028911 -0.330145 -0.340778 -0.012487 -0.293635 0.262256 -0.172599 -0.023257 -0.013672 0.022884 -0.093790 -0.202965 -0.143537 -0.225015 -0.181268 0.304651 0.164725 0.211910 0.172508 0.237872 0.156232 0.236521 0.238228 -0.143417 -0.126167 -0.291287 -0.120870 0.302523 -0.194104 0.112955 -0.207536 0.191121 0.167833 0.279255 0.039452 -0.149905 0.437857 0.007173 0.274212 0.092159 0.455059 -0.088924 0.251546 -0.206627 -0.078197 0.192276 0.373015 0.088218 0.276614 -0.015769 0.334456 0.145704 0.297036 0.274233 0.224981 -0.284996 -0.233421 -0.322241 -0.002710 0.236474 0.195878
0.015861 0.399513 -0.142934 -0.118368 0.035286 -0.164357 0.151240 -0.056931 0.094999 -0.199071 -0.107738 -0.175837 -0.096342 -0.256474 0.199917 0.231597 0.123889 0.427294 0.082742 1.000000 0.046536 -0.168776 -0.116633 -0.209856 -0.264099 -0.267962 -0.072780 -0.049294 0.233670 0.210704 0.111783 0.027754 0.092451 0.061535 -0.324023 -0.064413 0.117338 -0.116933 0.100850 0.108572 0.259997 0.131914 -0.308827 -0.394518 -0.030906 -0.191245 -0.168513 -0.359763 -0.333059 -0.184534 -0.228543 0.103509 0.003365 0.065837 -0.063990 -0.046998 0.049003 0.230273 -0.207597 0.229883 -0.127467 0.138310 0.301248 0.426307 -0.209190 -0.321445 0.060483 -0.180752 0.370784 0.388799 -0.077970 -0.185910 0.297473 0.005320 0.008993 -0.170954 -0.187978 -0.283484 0.006120 0.089619 0.199166 0.269421 0.264376 0.483605 -0.071827 0.011770 -0.073610 0.005346 -0.188552 -0.050000 0.216730 -0.002653 0.040968 -0.062418 -0.141750 -0.190449 -0.281025 0.064251 0.102287 -0.060846 -0.031726 -0.085173 0.351943 0.148308 0.117491 0.103199 0.098791 -0.125413 -0.082305 -0.114723 -0.460346 -0.073045 -0.048956 -0.098704 -0.132322 0.062158
-0.399072 0.073723 0.185874 0.583128 0.011758 0.131874 0.019463 0.389815 -0.337648 0.100160 -0.042586 0.461040 -0.156636 -0.017094 -0.025224 0.459441 0.080733 -0.079932 0.100757 0.046536 1.000000 0.345580 0.123116 0.533414 0.182966 0.426785 0.141007 0.182305 0.005509 0.030492 0.841008 0.783119 -0.118644 0.206444 0.130893 0.105906 0.103542 0.191619 -0.084144 -0.002216 -0.046716 0.328995 -0.344345 -0.229670 -0.254763 -0.046595 -0.379705 -0.242591 -0.392764 -0.339790 -0.313462 -0.336567 -0.409862 -0.334635 -0.319957 -0.326502 -0.153772 -0.404641 -0.403666 -0.273686 -0.170260 -0.059935 -0.022417 -0.223399 -0.012346 0.245010 -0.318022 0.143731 -0.139645 0.084275 0.255884 0.546187 0.047851 0.195295 0.222881 0.329614 0.188323 0.291929 -0.120181 -0.378501 0.150955 -0.316695 -0.113452 0.298677 0.037657 0.282007 0.027674 -0.109921 -0.015469 -0.322443 -0.194942 -0.287601 0.294592 0.019926 -0.084611 0.153631 -0.168161 -0.013631 -0.256874 -0.197371 0.327425 -0.080497 0.110063 -0.019268 -0.016016 0.134971 0.157602 0.168391 0.017760 0.128841 -0.052858 -0.278859 -0.196137 0.001968 0.180791 0.027860
-0.034051 0.064727 0.330836 0.230602 0.019718 0.258132 -0.141967 0.068590 0.024836 0.107834 0.073167 0.122005 0.015757 0.026689 0.258878 0.219819 0.037740 -0.315460 -0.021069 -0.168776 0.345580 1.000000 0.300773 0.291666 0.393061 0.415572 0.279820 0.331721 -0.069901 -0.425764 0.238883 0.219316 -0.237518 -0.202470 0.041638 -0.252823 0.004807 -0.012211 0.150449 0.039012 0.007889 -0.164202 -0.213516 -0.155779 -0.418287 -0.373499 -0.303266 -0.149389 -0.162070 -0.337441 -0.084374 -0.215255 -0.086898 -0.169332 0.048584 -0.274614 -0.213611 -0.160440 0.111996 -0.118285 0.051299 0.068544 -0.096887 -0.183011 0.191328 0.150474 -0.093812 -0.058018 0.027310 0.021607 0.216068 0.513699 -0.321872 -0.105811 0.071418 -0.000204 0.000517 0.007855 -0.063728 -0.174848 -0.132203 -0.281390 0.195155 0.079449 -0.044997 0.308578 0.074806 0.122081 0.156872 0.024714 -0.006689 -0.035143 0.056326 0.206081 0.187228 0.015729 -0.095140 0.086290 -0.224857 -0.280026 0.110432 0.079587 -0.062802 -0.021596 0.023301 0.072271 0.291436 0.033421 -0.392070 0.180399 -0.131220 -0.233872 -0.342590 0.077016 0.032587 -0.156697
0.249440 -0.002195 0.673735 -0.101824 0.146864 0.299464 0.031855 -0.575108 0.478445 -0.129799 0.410512 -0.087262 0.070869 -0.273236 0.629126 0.052507 0.306062 -0.122609 -0.026223 -0.116633 0.123116 0.300773 1.000000 0.501527 0.854208 0.607785 0.708481 0.740929 -0.152950 -0.540694 0.158803 0.024557 -0.014814 -0.413975 0.392338 -0.318718 -0.103248 -0.303887 0.179944 -0.047766 -0.048351 -0.289419 -0.075572 -0.046914 -0.361122 -0.413595 -0.100927 -0.022805 0.036315 -0.249123 0.149958 0.008898 0.092545 0.170940 0.165846 -0.026803 0.202982 0.198487 0.190935 -0.251441 0.018997 -0.491857 -0.373519 -0.365560 0.615232 -0.220812 -0.168574 -0.290176 -0.081593 -0.017596 -0.015301 0.180000 -0.134206 -0.323595 -0.243254 -0.401512 -0.224893 -0.376355 0.372137 0.237700 -0.062621 0.076948 0.369436 -0.251982 0.234849 0.344195 0.301509 0.248534 0.421138 0.095927 -0.286370 0.156786 -0.386776 0.212850 0.093815 -0.208570 -0.010394 -0.059188 -0.179164 -0.098061 -0.516777 -0.002914 -0.570585 -0.315975 -0.440388 -0.283028 -0.217856 -0.139644 -0.052122 -0.074828 -0.008677 -0.211504 -0.340720 -0.399475 -0.163525 -0.082216
-0.339167 -0.034642 0.373958 0.531219 -0.183179 0.246592 -0.030257 0.061220 -0.015666 0.078599 0.194406 0.391519 -0.189567 -0.176861 0.225635 0.314343 0.012568 -0.272198 0.015397 -0.209856 0.533414 0.291666 0.501527 1.000000 0.550906 0.761943 0.365983 0.471548 -0.273548 -0.288725 0.566333 0.661929 -0.319856 -0.186735 0.522395 0.050289 -0.172363 0.062776 -0.256209 -0.092447 -0.186974 0.016157 -0.050346 0.062057 -0.256507 -0.089409 -0.086974 0.115530 -0.165253 -0.245207 -0.047487 -0.266802 -0.357528 -0.171990 -0.285081 -0.164931 -0.158964 -0.283469 -0.327349 -0.471105 -0.198312 -0.278802 -0.433305 -0.531727 0.602191 0.365077 -0.428097 -0.005121 -0.392599 -0.235159 0.009556 0.402566 -0.298099 -0.017748 -0.023884 0.234656 0.169650 0.247290 0.057172 -0.049519 -0.081670 -0.393691 0.096598 -0.049539 0.247094 0.407673 0.257840 -0.038237 0.248980 -0.312755 -0.239061 -0.089618 0.212915 0.210079 0.068932 0.094015 -0.008223 -0.123295 -0.160381 -0.150905 0.011406 -0.117518 -0.228087 -0.325577 -0.278044 -0.097348 0.071752 0.151822 -0.000220 0.191266 0.199450 -0.189753 -0.257626 -0.003133 -0.041813 -0.125202
0.100818 -0.051365 0.575631 -0.058895 0.063765 0.360986 -0.111865 -0.442739 0.285527 -0.080470 0.383457 0.015011 -0.047082 -0.255866 0.397629 -0.070282 0.224464 -0.207955 -0.194562 -0.264099 0.182966 0.393061 0.854208 0.550906 1.000000 0.729552 0.682262 0.636114 -0.255396 -0.573528 0.147936 0.086086 -0.109274 -0.485408 0.522785 -0.181777 -0.065847 -0.164734 0.122747 -0.060481 -0.117540 -0.288929 -0.087025 0.006768 -0.305752 -0.244815 -0.121330 0.087457 0.157920 -0.220374 0.180670 -0.089298 -0.058997 0.029479 0.064783 -0.053272 0.131662 0.086043 0.200698 -0.245671 0.031728 -0.404221 -0.380675 -0.455550 0.609418 0.038938 -0.043446 -0.046454 -0.068735 0.022847 -0.091854 0.203724 -0.274024 -0.290610 -0.237935 -0.335006 -0.225085 -0.303156 0.400045 0.192301 0.026101 -0.025255 0.217129 -0.293518 0.258314 0.375972 0.268133 0.106367 0.338643 -0.021953 -0.284934 0.064053 -0.268347 0.251998 0.200682 -0.190529 0.019252 -0.051997 -0.167171 -0.134529 -0.388074 0.035762 -0.498073 -0.266365 -0.365616 -0.236067 -0.212925 -0.058361 -0.123459 -0.008387 0.224972 -0.176228 -0.345888 -0.224424 -0.158830 -0.088183
-0.213464 0.028018 0.427512 0.451380 -0.070815 0.461359 -0.363605 -0.032113 -0.030501 -0.017947 0.066165 0.187288 -0.250619 -0.152054 0.212227 0.188445 -0.051305 -0.299545 -0.145416 -0.267962 0.426785 0.415572 0.607785 0.761943 0.729552 1.000000 0.525594 0.679218 -0.478766 -0.571577 0.351839 0.342904 -0.231662 -0.361114 0.540830 -0.024578 -0.209135 -0.083886 -0.012699 0.061496 -0.206227 -0.125489 -0.202852 -0.077375 -0.383338 -0.252955 -0.211760 0.018134 -0.127385 -0.380525 -0.065176 -0.335106 -0.336234 -0.212330 -0.226722 -0.267849 -0.044992 -0.070683 -0.017778 -0.307380 -0.113304 -0.201619 -0.426388 -0.515629 0.604351 0.356474 -0.182684 0.048354 -0.175548 0.028500 -0.028510 0.362812 -0.484442 -0.274331 -0.226653 -0.053461 -0.188523 -0.075320 0.156329 0.006426 -0.029787 -0.238838 0.076791 -0.134574 0.402958 0.461366 0.433662 0.003959 0.446846 -0.249703 -0.262197 -0.061544 0.217750 0.329877 0.065151 -0.112612 -0.045717 -0.077813 -0.191224 -0.284500 0.004830 -0.018166 -0.193215 -0.181077 -0.254161 -0.070805 0.116755 0.091608 -0.096743 0.056473 0.210680 -0.217948 -0.365243 -0.001509 -0.075997 -0.126408
0.226547 0.009753 0.483159 -0.025577 0.149655 0.455615 -0.044872 -0.306602 0.270354 0.100625 0.355403 -0.008227 0.010404 -0.128898 0.611194 0.190253 0.332315 -0.197924 -0.038634 -0.072780 0.141007 0.279820 0.708481 0.365983 0.682262 0.525594 1.000000 0.733580 -0.228380 -0.555117 0.134762 0.004392 0.047144 -0.360450 0.185463 -0.372410 0.032315 -0.264230 0.142946 -0.140187 -0.018786 -0.268696 -0.248119 -0.198169 -0.442290 -0.429664 -0.244496 -0.147357 -0.136709 -0.368107 0.002153 -0.179857 0.021319 -0.059867 0.054366 -0.181178 0.172074 0.078653 0.264580 -0.164471 0.113782 -0.294683 -0.278507 -0.384748 0.515117 -0.008605 -0.005039 -0.186065 0.081719 0.067372 0.183838 0.299078 -0.159667 -0.251692 -0.078641 -0.244163 -0.113480 -0.269691 0.368931 0.275644 0.151377 0.110078 0.363275 -0.211252 0.441042 0.329048 0.231824 0.096231 0.526160 -0.045157 -0.409512 0.050282 -0.181280 0.204930 0.187034 -0.175371 -0.024399 0.033616 -0.268155 -0.224938 -0.259704 0.127950 -0.334972 -0.276411 -0.227462 -0.236322 -0.155279 -0.230929 -0.014737 -0.068079 -0.007276 -0.226253 -0.413392 -0.255010 -0.145454 -0.026821
0.196769 0.166664 0.387838 0.135051 -0.046890 0.385379 -0.273558 -0.302922 0.239309 -0.012887 0.233729 0.069385 -0.027763 -0.146633 0.592177 0.279348 0.259816 -0.130148 -0.113113 -0.049294 0.182305 0.331721 0.740929 0.471548 0.636114 0.679218 0.733580 1.000000 -0.323857 -0.586022 0.140557 0.037767 0.041343 -0.503122 0.170334 -0.416811 -0.103492 -0.257254 0.095396 0.031970 -0.119888 -0.374571 -0.214412 -0.186531 -0.450237 -0.524843 -0.224318 -0.162769 -0.178558 -0.336547 0.032212 -0.091874 0.052564 0.041742 0.009473 -0.209861 0.246398 0.189855 0.173104 -0.163123 -0.098415 -0.280808 -0.267552 -0.322381 0.527061 0.020455 -0.118442 -0.346470 0.065391 0.028853 0.063136 0.262713 -0.275343 -0.347604 -0.177423 -0.333950 -0.229692 -0.318999 0.316661 0.221814 0.076039 0.052577 0.338611 -0.129097 0.421975 0.562259 0.356585 0.137295 0.507460 0.002870 -0.323382 0.011279 -0.107000 0.134037 0.036479 -0.289391 -0.083689 -0.055977 -0.257319 -0.250908 -0.311977 -0.058086 -0.364448 -0.290531 -0.315903 -0.243035 -0.126358 -0.157501 -0.152037 -0.218548 -0.151785 -0.282899 -0.417479 -0.301381 -0.219398 -0.019256
0.232398 -0.044221 0.000012 -0.356795 0.073145 -0.288784 0.406995 -0.198259 -0.108438 -0.125664 0.147511 -0.170858 0.297226 0.011003 0.002500 -0.108327 0.303316 0.188443 0.211991 0.233670 0.005509 -0.069901 -0.152950 -0.273548 -0.255396 -0.478766 -0.228380 -0.323857 1.000000 0.477362 0.162923 0.089453 0.171039 0.383827 -0.316257 -0.138037 0.406321 0.195174 0.176296 0.146499 0.287584 0.123877 0.073042 0.027694 -0.012521 -0.044861 0.046260 -0.038089 -0.165119 0.009769 -0.233679 0.056011 0.021862 0.010537 0.288546 0.183456 0.001437 0.111539 -0.084033 0.096284 -0.008867 -0.123061 0.373303 0.285353 -0.486880 -0.554497 0.052679 -0.229814 0.122876 0.030760 0.315202 0.111419 0.783808 0.335056 0.488874 0.123252 0.305472 0.132631 0.153911 0.113427 0.112101 0.253516 0.201816 0.265146 -0.296641 -0.240710 -0.247264 0.205872 -0.325430 0.166305 0.032679 0.027108 -0.343211 -0.285457 0.123469 0.162067 0.172896 0.186075 0.089761 0.231127 -0.151767 -0.146667 -0.089087 0.027710 0.017666 0.028972 -0.063364 -0.255741 0.044941 0.298121 -0.136102 0.048697 0.090083 -0.021841 0.278252 0.199974
-0.160507 0.150404 -0.485433 -0.053460 -0.056498 -0.340406 0.130534 0.127796 -0.267768 -0.005804 -0.267562 0.117261 -0.072257 0.086710 -0.409120 0.060820 -0.131064 0.545192 -0.001486 0.210704 0.030492 -0.425764 -0.540694 -0.288725 -0.573528 -0.571577 -0.555117 -0.586022 0.477362 1.000000 0.068032 0.154641 0.152435 0.514206 -0.272514 0.209590 0.378889 0.549103 -0.074550 0.153595 0.222769 0.514891 0.125378 0.085369 0.335366 0.299134 0.194554 0.048106 -0.041822 0.222390 0.032032 0.178246 0.074976 0.136989 0.083010 0.235199 0.000864 0.018101 -0.357414 0.231678 -0.149493 0.141436 0.347898 0.436833 -0.564963 -0.286417 0.040268 -0.017864 -0.016610 -0.074555 -0.019871 -0.185443 0.604073 0.562534 0.278685 0.358963 0.317605 0.362896 -0.179555 -0.009922 0.071410 0.167642 -0.299318 0.482638 -0.343883 -0.330823 -0.286265 -0.057533 -0.474443 -0.002172 0.157614 -0.276337 -0.079946 -0.521036 -0.071132 0.169358 0.108056 0.012062 0.237697 0.238969 -0.017067 -0.359776 0.162177 0.004921 0.184720 0.044103 -0.066536 -0.047966 0.192756 0.065050 -0.090835 0.149123 0.385353 -0.073436 0.180270 0.070719
-0.361138 -0.060682 0.240324 0.474981 -0.014056 -0.054308 0.227625 0.279355 -0.320647 -0.087184 0.093789 0.318288 -0.055403 -0.171308 0.079553 0.375163 0.147326 -0.106455 0.169727 0.111783 0.841008 0.238883 0.158803 0.566333 0.147936 0.351839 0.134762 0.140557 0.162923 0.068032 1.000000 0.911126 -0.156756 0.295654 0.266519 0.209071 0.013343 0.169620 -0.108136 0.013436 -0.067246 0.281389 -0.276928 -0.161207 -0.160320 0.011679 -0.284542 -0.158996 -0.397856 -0.292616 -0.413255 -0.305695 -0.472857 -0.341407 -0.293692 -0.169924 -0.149019 -0.341475 -0.429610 -0.349904 -0.110736 -0.155413 -0.070349 -0.284143 0.082515 0.124870 -0.380946 0.121927 -0.152346 0.078235 0.250112 0.603314 0.167472 0.252364 0.251187 0.352602 0.318008 0.353258 -0.134416 -0.290202 0.055939 -0.322764 0.002721 0.251080 -0.035963 0.197826 0.001566 0.012477 -0.010868 -0.344980 -0.324425 -0.207013 0.181564 0.044723 -0.017805 0.278939 -0.067958 0.041888 -0.144211 -0.099619 0.201343 -0.136117 0.044383 -0.019360 -0.127549 0.135474 0.170148 0.051907 0.106142 0.240582 0.022093 -0.236985 -0.246798 0.019706 0.188257 0.091367
-0.482079 -0.060022 0.099957 0.593482 -0.104847 -0.042417 0.177749 0.391663 -0.345805 0.001361 0.050168 0.469566 -0.126197 -0.120050 -0.058555 0.389489 -0.013300 -0.153180 0.105736 0.027754 0.783119 0.219316 0.024557 0.661929 0.086086 0.342904 0.004392 0.037767 0.089453 0.154641 0.911126 1.000000 -0.280303 0.284649 0.317481 0.303240 0.004998 0.280854 -0.208626 -0.055547 -0.077770 0.326738 -0.176318 -0.072002 -0.085937 0.116380 -0.202785 -0.048477 -0.302101 -0.197840 -0.299596 -0.244860 -0.426338 -0.294782 -0.312902 -0.141497 -0.264776 -0.467287 -0.510327 -0.409285 -0.169711 -0.137099 -0.159715 -0.365248 0.088081 0.262294 -0.414608 0.173127 -0.241491 -0.029598 0.184910 0.602785 0.081423 0.303080 0.260029 0.503239 0.431841 0.524549 -0.273776 -0.364334 -0.061481 -0.512580 -0.109284 0.263898 -0.060642 0.192028 -0.043565 -0.030799 -0.070180 -0.351749 -0.237199 -0.253956 0.268680 0.000113 0.010229 0.287697 -0.066157 0.002176 -0.168188 -0.114579 0.214332 -0.130155 0.047215 -0.085225 -0.077586 0.130759 0.174118 0.104055 0.073037 0.283151 0.098769 -0.217008 -0.170372 0.089412 0.185599 0.009961
0.348484 0.195212 -0.103799 -0.299228 0.120293 -0.066104 0.053226 -0.224063 0.109886 0.027357 -0.128909 -0.219273 0.137761 0.051669 0.049135 0.021581 0.190272 0.231832 0.086929 0.092451 -0.118644 -0.237518 -0.014814 -0.319856 -0.109274 -0.231662 0.047144 0.041343 0.171039 0.152435 -0.156756 -0.280303 1.000000 0.272927 -0.220413 -0.394358 0.166341 -0.031110 0.296872 0.242910 0.193160 -0.001910 -0.034013 -0.019884 -0.056748 -0.241315 0.057358 -0.124401 -0.147963 0.007957 -0.075835 -0.026636 0.059118 -0.032617 0.172498 0.233707 0.426024 0.394630 0.027367 0.107331 0.032777 0.044917 0.327096 0.338761 -0.274893 -0.378141 0.281911 -0.370438 0.532914 0.325742 0.155003 -0.265507 0.316678 -0.050343 0.110916 -0.118507 -0.057263 -0.205796 0.306191 0.328212 0.239601 0.362910 0.035773 0.055406 0.059481 -0.004355 0.089377 0.226313 0.020019 0.215716 -0.252923 -0.182226 -0.302301 -0.271631 -0.054465 -0.093389 0.185849 0.084266 0.031051 0.031698 -0.240859 -0.110892 -0.045007 0.077530 -0.194350 -0.225591 -0.277685 -0.086988 -0.024657 -0.269678 -0.180448 -0.000938 0.015637 -0.333209 -0.098768 0.138016
0.061904 -0.065179 -0.112663 0.095664 0.122377 -0.371874 0.286915 0.240249 -0.280977 -0.064880 -0.064583 0.057008 0.245004 0.273782 -0.244791 -0.002194 0.014243 0.032766 0.351796 0.061535 0.206444 -0.202470 -0.413975 -0.186735 -0.485408 -0.361114 -0.360450 -0.503122 0.383827 0.514206 0.295654 0.284649 0.272927 1.000000 -0.120821 0.188540 0.183287 0.253132 0.002347 -0.053564 0.238240 0.342832 -0.077967 -0.056140 0.008082 0.116018 -0.056168 -0.112837 -0.278572 -0.085725 -0.450765 -0.311899 -0.200518 -0.301611 -0.158366 -0.040719 -0.069572 -0.070979 -0.188841 -0.176111 0.237442 0.110752 0.339848 0.120154 -0.397296 -0.151293 -0.117856 0.067505 0.118661 0.126597 0.273959 0.094378 0.440955 0.314921 0.405033 0.468600 0.413352 0.443340 -0.175165 -0.125265 0.028782 -0.079569 -0.108730 0.220505 -0.178750 -0.383416 -0.141144 -0.003943 -0.102435 -0.121158 -0.024113 -0.062713 0.046030 -0.045689 0.085500 0.292912 0.100575 0.124392 -0.027439 0.018024 0.219879 0.059048 0.225152 0.200420 0.136575 0.122545 0.063167 -0.048743 0.259738 0.237223 0.054914 -0.002841 0.080278 0.122079 0.280300 0.172568
-0.234171 -0.322286 0.263427 0.054933 -0.190917 -0.040121 -0.023523 -0.237991 -0.073268 -0.406976 0.142951 -0.053677 -0.191036 -0.367723 -0.051261 -0.213284 -0.201913 -0.318070 -0.189965 -0.324023 0.130893 0.041638 0.392338 0.522395 0.522785 0.540830 0.185463 0.170334 -0.316257 -0.272514 0.266519 0.317481 -0.220413 -0.120821 1.000000 0.489841 -0.165915 0.063242 -0.037518 -0.052642 -0.123939 0.051716 0.121053 0.246116 0.158563 0.305974 0.121803 0.349949 0.281336 0.043817 -0.042951 -0.156384 -0.331017 -0.139423 -0.124809 0.133362 -0.181208 -0.126292 -0.008003 -0.357628 -0.064514 -0.359876 -0.462760 -0.486933 0.568250 0.201115 -0.123771 0.357647 -0.286126 -0.054594 -0.206338 0.131796 -0.273899 -0.032131 -0.220271 0.091015 0.061058 0.168147 -0.021482 -0.019205 -0.194378 -0.221955 -0.026243 -0.261124 0.170973 0.124753 0.274136 0.055237 0.201166 -0.215213 -0.232610 0.117687 0.006159 0.371201 0.237845 0.130416 0.200208 -0.089202 0.074756 0.060547 -0.138843 0.002374 -0.200033 -0.007387 -0.261070 0.039680 0.064051 0.213268 0.081505 0.195801 0.628107 0.084954 -0.030741 0.125380 0.019364 -0.068066
-0.432518 -0.341863 -0.205879 0.144540 -0.029797 -0.200384 0.006526 0.246843 -0.358056 -0.210477 -0.214577 0.037601 -0.248869 -0.158231 -0.465250 -0.182352 -0.325691 -0.084105 -0.200207 -0.064413 0.105906 -0.252823 -0.318718 0.050289 -0.181777 -0.024578 -0.372410 -0.416811 -0.138037 0.209590 0.209071 0.303240 -0.394358 0.188540 0.489841 1.000000 -0.083460 0.128126 -0.124895 -0.151125 -0.056029 0.277750 0.005574 0.036637 0.476891 0.688144 0.011454 0.151876 0.234428 0.182316 -0.148570 -0.099111 -0.335547 -0.163853 -0.330035 -0.011437 -0.243676 -0.302723 -0.108121 -0.106084 0.002047 0.004157 -0.072782 -0.112194 0.038566 0.297605 -0.006896 0.736395 -0.241533 0.061664 -0.231014 -0.013693 -0.101587 0.143803 -0.097025 0.252908 0.071420 0.237663 -0.363036 -0.402535 -0.040892 -0.245829 -0.357677 0.052594 -0.127124 -0.193943 -0.151248 -0.176742 -0.181826 -0.288111 0.027071 -0.106668 0.297301 0.150043 0.006195 0.187298 -0.093120 -0.081671 0.059794 0.029304 0.215650 0.044391 0.191470 0.155571 0.145567 0.173946 0.037490 0.161756 0.092850 0.054157 0.429534 0.071739 0.136217 0.233746 0.006078 0.046212
