1.000000 0.267017 0.126359 -0.269116 0.183105 -0.162832 0.235421 -0.092189 0.028645 -0.060183 0.329630 0.111408 0.208539 0.048629 0.121364 0.097091 0.350427 0.364045 0.273754 0.232475 -0.026005 -0.062957 -0.118063 -0.203561 -0.173020 -0.223082 -0.145737 -0.304647 0.129916 0.116214 -0.084875 -0.028566 -0.077835 0.103012 -0.197007 -0.118304 -0.093724 0.016046 0.085951 0.003475 0.014694 0.261629 -0.023158 -0.027444 -0.093449 -0.104624 -0.007889 0.048088 -0.073793 -0.016878 -0.246296 -0.198521 0.007197 0.056083 -0.124578 -0.078936 0.427011 0.361221 0.049815 -0.214582 0.195982 0.095153 0.082508 -0.031139 -0.145386 -0.342252 -0.285183 -0.408445 -0.022362 -0.233169 -0.021708 -0.049354 0.124376 0.072752 0.176322 0.161381 0.280280 0.160358 0.037166 0.141361 -0.138793 0.074841 0.031554 0.232628 -0.227661 -0.231179 0.065490 -0.069691 0.109938 -0.278998 -0.097387 0.035008 -0.155663 0.091317 0.150162 0.228631 -0.198378 -0.004293 0.100602 0.390261 0.063594 0.379788 0.002032 0.085140 -0.193240 0.022253 0.008197 0.093657 0.259436 0.126654 0.038638 0.064447 -0.058320 0.125660 0.173576 0.132402
0.267017 1.000000 -0.314847 -0.119602 0.118313 -0.071337 -0.079835 -0.021284 0.057065 0.133508 0.220076 0.393866 0.081270 0.325898 0.199944 0.270059 -0.115789 0.271168 0.225831 0.590016 -0.032114 0.057946 -0.387534 -0.311400 -0.237222 -0.270145 -0.119486 -0.223213 0.103411 0.308871 -0.208576 -0.139684 0.103779 0.145084 -0.440268 -0.312389 -0.195824 -0.094151 -0.060877 0.138952 0.099338 0.118099 -0.141145 -0.188499 -0.291555 -0.339386 -0.193396 -0.177914 -0.248200 -0.350003 -0.338532 -0.252099 0.151274 -0.125772 0.059368 -0.189196 0.016727 0.023845 0.403168 0.400508 0.263982 0.541748 0.015884 0.315789 -0.390948 -0.295444 0.001283 -0.308626 0.257467 0.078997 0.019004 -0.018902 0.110399 0.290142 0.113348 0.250251 0.048462 0.078202 -0.167060 0.217772 -0.147866 0.064691 -0.030123 0.412188 -0.266917 -0.232610 -0.151660 -0.071171 -0.034013 -0.087159 0.215355 -0.099324 0.015566 -0.201894 -0.070130 0.162126 0.009698 0.095547 0.234285 0.184404 0.550944 0.221679 0.480357 0.271837 0.064769 -0.184507 0.305805 0.268665 0.036397 0.062671 -0.115501 0.109703 0.064444 0.099010 -0.014415 0.041005
0.126359 -0.314847 1.000000 -0.154021 0.454925 0.258383 0.768109 0.356455 0.315779 0.316059 0.148462 -0.232647 0.049017 -0.270885 0.098650 -0.208271 0.065327 -0.039560 0.279601 -0.086141 -0.010739 -0.004287 0.151553 -0.005554 0.120666 -0.117207 0.318605 -0.048393 0.076365 -0.172989 0.243941 -0.006191 0.068748 0.215070 0.148825 0.170395 -0.277114 -0.369490 0.006392 -0.185632 -0.049027 0.019386 -0.209100 -0.196520 -0.093067 -0.135363 -0.180553 -0.084153 0.047193 -0.004024 0.120421 0.049369 -0.058211 0.135681 -0.499880 -0.272682 -0.204166 -0.001755 0.054583 -0.201719 0.104410 -0.135202 -0.122372 -0.241220 0.436895 0.104122 -0.015186 -0.043377 -0.187520 -0.139964 -0.057175 -0.186235 -0.084326 -0.192547 -0.033093 -0.212998 -0.060133 -0.153091 0.072890 -0.098962 -0.041571 -0.006565 0.258979 0.043253 0.053356 -0.126379 0.034855 -0.052056 0.186280 -0.357356 -0.161194 0.058574 -0.213314 0.256467 -0.096350 -0.125448 -0.308480 -0.164946 -0.505544 -0.235362 -0.354097 0.081729 -0.327849 -0.197215 -0.378135 -0.114042 -0.131451 -0.037263 -0.218827 -0.143326 -0.205491 -0.205191 -0.189285 -0.316417 -0.258775 -0.114372
-0.269116 -0.119602 -0.154021 1.000000 -0.442614 0.145405 -0.375403 -0.148057 -0.085224 -0.082770 -0.036977 -0.011964 0.044605 -0.025693 0.268163 0.168955 -0.395805 -0.305157 0.016915 0.102275 0.084338 -0.041664 0.604622 0.668955 0.368189 0.354661 0.165637 0.634740 -0.506805 -0.380688 0.191616 0.291359 -0.299442 -0.237285 0.304160 0.096758 0.216465 0.209520 -0.063338 -0.192068 0.175164 -0.281561 -0.260640 -0.252549 -0.304387 -0.247374 -0.331189 -0.296785 -0.315648 -0.280978 0.071510 -0.292976 -0.221213 -0.139390 -0.141743 -0.280727 -0.149212 -0.125692 -0.108777 -0.208964 -0.186958 -0.311640 -0.083658 -0.021348 0.543408 0.386061 -0.004424 0.138474 -0.022201 0.101682 -0.076708 0.028791 -0.390776 -0.062146 -0.103387 -0.172988 -0.208887 -0.064675 -0.301409 -0.296632 -0.105102 -0.255490 0.133221 -0.146297 0.710027 0.555364 0.523928 0.337109 0.333633 0.367106 -0.091721 0.059345 0.333882 -0.050687 -0.288171 -0.073267 -0.279903 -0.117450 -0.119672 -0.300712 -0.221533 -0.123054 0.000268 -0.028026 0.164242 0.271724 -0.061119 0.184892 -0.113983 -0.041089 -0.105410 -0.312008 -0.276646 -0.042886 0.155372 -0.061846
0.183105 0.118313 0.454925 -0.442614 1.000000 0.339949 0.520175 0.264478 0.663985 0.532652 0.157738 -0.026573 0.190106 -0.034148 0.277918 -0.142950 -0.078176 0.062104 0.276301 0.076487 -0.127695 -0.128575 -0.210267 -0.317616 -0.057291 -0.441984 0.389118 -0.292620 0.111225 0.148194 -0.110118 -0.309196 -0.031054 0.245308 -0.317128 -0.104619 -0.190726 -0.402012 -0.051514 -0.054842 -0.169053 0.020390 -0.095241 -0.063836 -0.274871 -0.204604 -0.057732 0.121029 0.028234 -0.100239 0.004288 -0.043194 0.345566 0.073192 -0.274713 -0.331222 -0.238338 -0.105773 0.371292 0.154801 0.364375 0.413569 -0.090207 0.043417 0.001757 -0.107377 -0.092678 -0.235902 0.037058 -0.052731 0.169110 -0.069446 0.056481 0.129277 0.081964 0.103947 0.024441 0.016529 -0.118781 0.065478 -0.095048 0.069837 0.017403 0.311621 -0.399238 -0.506526 -0.359453 -0.266241 0.277527 -0.220414 0.275116 0.271553 0.030925 0.274496 0.050043 -0.010357 -0.159532 -0.053608 -0.181663 -0.108645 -0.063222 0.171050 0.025917 -0.203882 -0.283367 -0.241267 -0.013591 -0.175420 -0.165952 -0.173468 -0.152348 -0.096816 -0.030889 -0.373421 -0.338967 -0.165768
-0.162832 -0.071337 0.258383 0.145405 0.339949 1.000000 0.076538 0.175744 0.423742 0.670770 -0.139390 -0.014526 0.005894 -0.188756 0.294431 0.149099 -0.396088 -0.418052 -0.100448 0.027868 -0.150460 -0.316564 0.238173 0.284096 0.430366 0.117434 0.435360 0.229244 -0.414711 -0.384877 -0.043877 -0.246262 -0.215791 -0.048281 0.226713 0.375591 0.011567 -0.199014 -0.274923 -0.258083 -0.184647 -0.132335 -0.119091 -0.101950 -0.201920 -0.141294 -0.187035 0.035480 0.066433 -0.069000 0.243734 0.049391 0.114346 0.016514 -0.123239 -0.210737 -0.331609 -0.148985 0.187639 -0.063803 -0.122311 0.030209 -0.379375 -0.244341 0.344794 0.432742 -0.048717 0.079478 -0.144498 -0.032736 -0.079267 -0.065765 -0.372327 -0.130087 -0.108104 -0.156688 -0.101887 0.037980 -0.438970 -0.304291 -0.331354 -0.357225 0.143621 0.141069 0.193482 -0.011484 0.176077 0.010549 0.309282 0.057562 0.262332 0.377399 0.342434 0.337764 -0.136463 -0.039100 -0.148174 -0.021185 -0.156903 -0.208294 -0.043597 -0.092742 -0.137833 -0.138180 0.078300 0.061233 0.109544 0.126447 -0.125895 -0.059832 0.211823 -0.173864 -0.063935 -0.250394 -0.161530 -0.158895
0.235421 -0.079835 0.768109 -0.375403 0.520175 0.076538 1.000000 0.393441 0.305866 0.328477 0.441948 0.185327 0.341821 0.119390 0.196152 0.058896 0.199101 0.085029 0.304927 -0.011561 0.073480 -0.017703 -0.022102 -0.242776 -0.119091 -0.402903 0.162618 -0.331045 0.381343 0.199908 0.183866 0.012558 0.026555 0.227607 -0.046779 0.114507 -0.373739 -0.389247 -0.064531 -0.230489 -0.026392 0.158406 -0.036482 -0.062750 0.040861 -0.055700 -0.033428 -0.007093 0.155761 0.049254 0.016604 -0.004096 0.037662 0.257908 -0.503824 -0.300897 -0.244527 -0.153957 0.117143 -0.285268 0.212702 0.016407 -0.050442 -0.233071 0.195946 -0.096231 -0.291273 -0.388945 -0.348937 -0.334994 0.031535 -0.079743 0.267450 0.049556 0.107607 0.015701 0.089815 -0.061733 0.058791 -0.031511 -0.115418 -0.000614 0.260276 0.334474 -0.139787 -0.295406 -0.092031 -0.092515 -0.048012 -0.500083 -0.043520 0.090451 -0.205384 0.230401 -0.101165 -0.219692 -0.420371 -0.261128 -0.442986 -0.137180 -0.273438 0.024061 -0.252270 -0.266551 -0.525950 -0.208754 -0.261597 -0.157068 -0.132892 -0.140775 -0.284009 -0.028073 0.111439 -0.097843 -0.112104 -0.060165
-0.092189 -0.021284 0.356455 -0.148057 0.264478 0.175744 0.393441 1.000000 0.125322 0.277738 -0.016875 0.231593 -0.074926 0.155250 -0.054663 0.007615 -0.140445 -0.189926 0.097421 -0.053591 -0.000838 0.066233 -0.328071 -0.234804 -0.287743 -0.191559 0.012342 -0.266830 0.185102 0.230909 0.234120 0.065300 0.191977 0.394329 -0.092157 0.120458 -0.200539 -0.366773 -0.080536 0.129352 -0.122302 -0.023170 -0.033855 0.002595 0.096518 0.082899 -0.080123 0.065808 0.140542 -0.010342 -0.026682 0.119052 -0.065441 0.067247 -0.238991 -0.114779 -0.239385 -0.197464 0.071896 -0.137247 -0.036207 0.042727 -0.307554 -0.275774 0.014766 0.374204 -0.065790 0.059193 -0.050690 -0.169150 -0.000156 0.157559 0.033601 0.119724 -0.023938 -0.009917 0.057610 0.032236 -0.151192 -0.285523 -0.207969 -0.297718 -0.176657 0.075680 -0.204031 -0.327316 -0.277633 -0.137437 -0.102261 -0.254786 0.294705 -0.084599 0.057104 -0.092403 0.025243 -0.082591 -0.043592 -0.076697 -0.179680 -0.242860 0.082522 -0.329083 0.014937 -0.297626 -0.187991 -0.286889 -0.040121 -0.085265 -0.153795 -0.198135 -0.101365 -0.072805 0.025894 -0.234699 -0.301796 -0.034749
0.028645 0.057065 0.315779 -0.085224 0.663985 0.423742 0.305866 0.125322 1.000000 0.730381 0.247539 0.003178 0.232236 0.088352 0.427777 -0.111680 -0.022821 0.061462 0.232303 0.154427 0.039746 -0.152739 0.128921 0.008197 0.317467 -0.105621 0.534555 0.029891 0.049065 0.058744 0.019494 -0.128632 -0.022872 0.270742 -0.333629 -0.157625 -0.203458 -0.352443 -0.047443 -0.237231 -0.209721 -0.015973 -0.214440 -0.233938 -0.356578 -0.311037 -0.123248 -0.097270 -0.037528 -0.207402 0.072241 -0.034124 0.107286 0.165738 -0.308497 -0.326731 -0.365782 -0.176446 0.143449 -0.089106 0.351554 0.315403 -0.067167 -0.041437 0.287936 0.037656 -0.189759 -0.309169 -0.017370 -0.076464 0.311408 0.036476 0.010265 0.176999 0.045948 0.170871 -0.028183 0.041377 -0.097451 -0.039723 0.001322 0.145921 0.039133 0.222481 -0.138750 -0.278826 -0.158069 -0.364639 0.394251 -0.079705 0.224268 0.334979 0.174761 0.182497 -0.057538 -0.300161 -0.232844 -0.272279 -0.272152 -0.354681 -0.162144 0.017245 -0.126780 -0.364072 -0.448051 -0.294958 -0.255352 -0.292243 -0.391899 -0.247889 -0.293637 -0.251273 -0.098316 -0.341123 -0.377729 -0.427725
-0.060183 0.133508 0.316059 -0.082770 0.532652 0.670770 0.328477 0.277738 0.730381 1.000000 0.065562 0.094280 0.079813 0.158759 0.219182 -0.001474 -0.143839 -0.172532 0.014374 0.146322 0.031656 -0.203218 0.004525 0.006879 0.410661 -0.022754 0.425624 -0.041428 -0.072687 -0.003900 0.034699 -0.176835 -0.049185 0.280586 -0.087810 0.160854 -0.169941 -0.338140 -0.136889 -0.222417 -0.276400 0.118165 -0.173285 -0.209150 -0.233244 -0.235845 -0.152282 -0.100451 0.008309 -0.173173 0.169100 -0.002680 0.097380 0.004831 -0.303452 -0.341041 -0.357514 -0.226520 0.253949 -0.062443 0.101042 0.222999 -0.171638 -0.135963 0.167393 0.187266 -0.141868 -0.192251 -0.084724 -0.078548 0.180651 0.041694 -0.102943 0.091710 0.002746 0.157944 -0.020857 0.104954 -0.159066 -0.181135 -0.179743 -0.105978 -0.031307 0.263044 -0.176611 -0.301439 -0.201424 -0.343416 0.195071 -0.040446 0.352999 0.241614 0.307505 0.177804 -0.065831 -0.280907 -0.164040 -0.222945 -0.198212 -0.341481 0.014472 -0.018724 -0.012264 -0.165195 -0.249592 -0.132449 -0.105213 -0.007989 -0.297678 -0.264828 -0.156440 -0.236344 -0.050104 -0.324760 -0.248918 -0.305801
0.329630 0.220076 0.148462 -0.036977 0.157738 -0.139390 0.441948 -0.016875 0.247539 0.065562 1.000000 0.469276 0.638354 0.349412 0.330177 0.308316 0.287621 0.319590 0.436353 0.236658 0.156949 0.051529 0.167135 -0.013094 0.000573 -0.202946 0.143553 -0.126778 0.401610 0.268161 0.141445 0.187656 0.000584 0.074189 -0.296111 -0.205474 -0.348557 -0.371015 -0.190189 -0.271725 0.103962 -0.016947 -0.154381 -0.176232 -0.132105 -0.208871 -0.118903 -0.167679 0.065805 -0.029610 -0.066894 -0.030674 0.126360 0.262057 -0.166716 -0.200002 -0.269271 -0.298140 -0.027028 -0.223442 0.215622 0.117836 0.122548 -0.077784 0.059815 -0.258347 -0.429273 -0.508604 -0.271595 -0.207175 0.166727 0.026028 0.335979 0.189447 0.185133 0.224999 0.056999 -0.118224 0.055246 -0.065287 0.020565 0.144667 0.234023 0.405283 -0.009823 -0.022131 0.055896 -0.092313 -0.064846 -0.356434 -0.126765 0.065505 -0.257279 0.016113 -0.266918 -0.332049 -0.527285 -0.382953 -0.291866 -0.101775 -0.172118 0.084427 -0.123747 -0.195726 -0.536017 -0.187555 -0.313230 -0.273989 -0.117517 -0.147352 -0.400410 -0.071591 0.100813 0.203591 0.011188 -0.118196
0.111408 0.393866 -0.232647 -0.011964 -0.026573 -0.014526 0.185327 0.231593 0.003178 0.094280 0.469276 1.000000 0.532657 0.777511 0.285649 0.531564 -0.034647 0.096613 0.017062 0.254745 0.016297 -0.178836 -0.047395 -0.033245 -0.206552 -0.312522 -0.155087 -0.321939 0.248114 0.398442 -0.076780 0.030485 -0.178762 0.050219 -0.210206 0.055823 -0.079117 -0.163802 -0.416415 -0.251089 0.069280 -0.060840 0.008700 -0.041048 -0.013376 -0.053408 -0.045413 -0.065481 0.101425 -0.057272 -0.115392 -0.065637 0.160939 0.151457 -0.069972 -0.269586 -0.168622 -0.296609 0.176774 -0.173937 0.068121 0.288827 -0.181591 -0.061885 -0.212274 0.081557 -0.454032 -0.366550 -0.265043 -0.149918 0.061191 0.104580 0.208203 0.202002 0.016658 0.211585 0.063593 0.099150 -0.201898 -0.125123 -0.256058 -0.210549 -0.050405 0.437679 -0.097668 -0.108047 -0.061975 -0.057075 -0.253324 -0.280785 0.308433 0.100448 0.195712 -0.017614 -0.329353 -0.173014 -0.435466 -0.195508 -0.052037 -0.065246 0.288021 -0.305629 0.118392 -0.261951 -0.141261 -0.018784 -0.088645 0.046260 -0.077000 -0.160645 -0.180729 0.095933 0.401867 0.251586 0.177774 -0.039658
0.208539 0.081270 0.049017 0.044605 0.190106 0.005894 0.341821 -0.074926 0.232236 0.079813 0.638354 0.532657 1.000000 0.592959 0.566337 0.457438 -0.010625 0.134135 0.054264 0.069389 0.115828 -0.168623 0.389867 0.280367 0.122554 -0.102766 0.183676 -0.062380 0.101780 -0.000534 0.107786 0.226226 -0.453371 -0.064571 -0.211505 0.036388 -0.096683 -0.205836 -0.274252 -0.406595 0.088378 -0.120664 -0.103697 -0.095743 -0.141084 -0.157023 -0.135352 -0.041610 0.085145 -0.065717 -0.000392 -0.088069 0.298837 0.327584 -0.088643 -0.298095 -0.254483 -0.318743 0.066683 -0.352951 0.144328 0.114602 -0.080648 -0.051053 0.106643 -0.041367 -0.599627 -0.478650 -0.361799 -0.219053 -0.094150 -0.041967 0.019744 -0.055717 0.001336 0.109235 -0.122467 -0.177440 -0.169706 -0.142006 -0.210910 -0.089643 0.187297 0.256545 0.151967 0.039933 0.231098 0.057466 0.113597 -0.176621 0.020275 0.302487 0.147101 0.276066 -0.297618 -0.259357 -0.582934 -0.290601 -0.135154 -0.097576 -0.149002 -0.120078 -0.138342 -0.280642 -0.354386 0.012049 -0.291847 -0.187470 -0.174116 -0.090939 -0.084452 -0.042394 0.177950 0.115729 0.263271 -0.189218
0.048629 0.325898 -0.270885 -0.025693 -0.034148 -0.188756 0.119390 0.155250 0.088352 0.158759 0.349412 0.777511 0.592959 1.000000 0.180516 0.410889 0.059167 0.232473 -0.135279 0.054815 0.202618 0.026752 -0.034154 0.012604 -0.015649 -0.044920 -0.137905 -0.247018 0.263810 0.382230 0.090799 0.212136 -0.205553 0.145178 -0.314989 0.036506 -0.048660 -0.020098 -0.143712 -0.127336 0.071770 0.092492 0.031236 -0.053895 0.033078 -0.029197 -0.001042 -0.132261 0.073059 -0.113948 -0.090636 -0.084535 0.169721 0.102406 0.017988 -0.238870 -0.102119 -0.274782 0.100575 -0.207283 0.116686 0.316748 -0.083841 0.016537 -0.281958 -0.005153 -0.466721 -0.445316 -0.260808 -0.178250 0.041265 0.146886 0.172910 0.127749 -0.018798 0.251875 -0.104254 0.024559 0.016864 -0.023255 -0.083380 -0.034038 -0.197250 0.200804 -0.184471 -0.095750 -0.110587 -0.177989 -0.219994 -0.104790 0.206191 -0.061991 0.202974 -0.155242 -0.267340 -0.281385 -0.328227 -0.331349 0.001367 -0.229182 0.227147 -0.355174 0.095654 -0.279354 -0.246955 -0.103366 -0.253716 -0.044340 -0.227790 -0.190232 -0.224673 -0.003500 0.287575 0.124254 0.171350 -0.190345
0.121364 0.199944 0.098650 0.268163 0.277918 0.294431 0.196152 -0.054663 0.427777 0.219182 0.330177 0.285649 0.566337 0.180516 1.000000 0.565632 -0.315721 -0.030249 0.308143 0.288294 0.101150 -0.093209 0.479464 0.349205 0.162949 -0.068905 0.401516 0.253202 -0.092548 -0.075805 0.150742 0.207910 -0.449491 -0.032066 0.002518 0.081776 -0.100929 -0.147290 -0.136645 -0.235813 0.149639 -0.133392 -0.304536 -0.286935 -0.422349 -0.393958 -0.311992 -0.154608 -0.203739 -0.328968 -0.083970 -0.301478 0.108968 0.237069 -0.293691 -0.442444 -0.395631 -0.336426 0.112028 -0.169970 0.189960 0.171319 -0.219990 0.047432 0.351217 -0.010236 -0.421161 -0.408125 -0.136429 -0.177116 0.010656 0.071702 -0.214852 -0.004419 -0.137790 0.052084 -0.152718 -0.021955 -0.471378 -0.222025 -0.412716 -0.238751 0.497944 0.515662 0.316484 0.063899 0.407077 0.197760 0.393635 -0.011768 0.093903 0.430964 0.240443 0.300181 -0.261072 -0.081730 -0.429942 -0.194319 -0.171810 -0.133030 -0.184838 -0.021364 -0.100217 -0.271945 -0.198199 -0.064882 -0.053932 -0.068068 -0.265222 -0.008755 0.069634 -0.107535 -0.095614 -0.029108 0.028912 -0.192229
0.097091 0.270059 -0.208271 0.168955 -0.142950 0.149099 0.058896 0.007615 -0.111680 -0.001474 0.308316 0.531564 0.457438 0.410889 0.565632 1.000000 -0.291978 -0.188641 0.118419 0.249645 0.149985 -0.032398 0.178089 0.205619 0.029216 -0.009583 0.006894 0.092617 -0.084190 0.014080 0.180085 0.286517 -0.378159 -0.170666 0.135423 0.316099 -0.073733 0.070002 -0.127428 -0.078823 0.218115 0.032829 -0.000237 -0.007805 -0.025703 -0.039342 -0.151921 0.022499 -0.112043 -0.096405 -0.211180 -0.195750 -0.007002 0.025243 -0.079466 -0.215591 -0.294975 -0.430118 -0.021139 -0.200231 -0.100049 -0.017823 -0.237445 -0.113440 -0.038765 -0.019081 -0.395086 -0.286558 -0.208350 -0.188648 -0.026994 0.226023 -0.059991 0.042829 -0.097093 0.165166 -0.037002 0.080272 -0.435653 -0.277117 -0.422817 -0.433166 0.397528 0.547002 0.211292 0.183961 0.367987 0.338360 -0.095034 -0.089156 0.097570 0.178988 0.087603 0.086341 -0.231330 -0.027677 -0.242620 -0.088529 -0.047213 -0.016966 0.011349 -0.147875 -0.016469 -0.057762 0.031693 0.070722 0.007270 0.133142 -0.106385 0.048899 0.272142 0.182341 0.180636 0.291670 0.273851 -0.019225
0.350427 -0.115789 0.065327 -0.395805 -0.078176 -0.396088 0.199101 -0.140445 -0.022821 -0.143839 0.287621 -0.034647 -0.010625 0.059167 -0.315721 -0.291978 1.000000 0.637938 -0.016839 -0.093778 0.169211 0.025549 -0.099697 -0.219621 0.011221 -0.011061 -0.204350 -0.317086 0.506245 0.306168 0.060049 0.047760 0.326475 0.198130 -0.199833 -0.241765 -0.061322 0.004881 0.126243 0.103930 -0.022936 0.248113 0.063822 -0.014252 0.143847 0.074335 0.244317 -0.061886 0.040067 0.106988 -0.126870 0.023149 -0.158415 0.161569 -0.033955 0.261304 0.492221 0.438458 -0.358606 -0.148988 0.068548 -0.069931 0.442734 0.087420 -0.237191 -0.424433 -0.109481 -0.205365 -0.087331 -0.044160 0.092864 -0.112855 0.486278 0.105337 0.256077 0.158335 0.201199 0.015423 0.721953 0.480577 0.480961 0.579460 -0.185302 -0.217447 -0.337051 -0.170967 -0.116343 -0.306335 -0.321730 -0.278533 -0.325861 -0.278517 -0.347800 -0.234965 0.131478 -0.084710 -0.014414 -0.105455 -0.147065 0.129528 -0.081417 -0.024091 -0.228100 -0.097157 -0.305270 0.024246 -0.343794 -0.206660 0.198515 -0.045342 -0.223176 -0.046791 -0.002403 0.181353 0.061556 0.139917
0.364045 0.271168 -0.039560 -0.305157 0.062104 -0.418052 0.085029 -0.189926 0.061462 -0.172532 0.319590 0.096613 0.134135 0.232473 -0.030249 -0.188641 0.637938 1.000000 0.096357 -0.028259 0.177401 0.253453 -0.100290 -0.221365 -0.093429 -0.013062 -0.127824 -0.175203 0.499576 0.436811 0.085368 0.111509 0.250926 0.259307 -0.388527 -0.408189 0.014789 0.040473 0.168888 0.200786 0.199109 0.303392 -0.225193 -0.281993 -0.195261 -0.244633 -0.056174 -0.346576 -0.318017 -0.309178 -0.373840 -0.279090 -0.092274 -0.032125 -0.055870 -0.084311 0.431801 0.416444 -0.028949 0.151716 0.398457 0.351144 0.356351 0.423606 -0.259221 -0.543694 -0.052217 -0.326310 0.055721 -0.018850 0.065026 -0.088092 0.417026 0.238446 0.262307 0.272260 0.023761 -0.053519 0.593899 0.719108 0.496572 0.772821 -0.032273 0.070694 -0.279096 -0.104652 -0.123173 -0.309449 -0.098197 -0.187486 -0.369161 -0.344391 -0.420529 -0.328086 -0.050069 0.016814 -0.080343 -0.228249 -0.083471 0.059686 0.029489 0.073652 -0.004744 -0.036301 -0.370455 -0.213099 -0.087695 -0.195427 -0.048374 -0.052723 -0.284065 -0.209304 -0.198484 0.046150 -0.074306 -0.029048
0.273754 0.225831 0.279601 0.016915 0.276301 -0.100448 0.304927 0.097421 0.232303 0.014374 0.436353 0.017062 0.054264 -0.135279 0.308143 0.118419 -0.016839 0.096357 1.000000 0.378094 -0.148453 0.060042 -0.005442 -0.236528 -0.205589 -0.367999 0.079271 -0.131469 0.158660 0.170528 0.078130 -0.042984 0.292207 0.179385 -0.146225 -0.301709 -0.326768 -0.255019 0.108485 -0.096299 0.129437 0.083434 -0.398440 -0.334130 -0.445234 -0.440554 -0.311424 -0.180204 -0.241407 -0.274113 -0.078848 -0.159798 -0.019335 -0.053046 -0.302643 -0.301253 -0.374911 -0.299023 0.096482 0.100632 0.449337 0.092895 0.312207 0.247671 0.154327 -0.310825 0.061896 -0.103657 0.213528 0.088059 0.176720 -0.017278 0.126808 0.194661 -0.005129 0.030691 0.069273 -0.001136 -0.202919 -0.017574 -0.153270 0.103923 0.258899 0.421933 -0.100500 -0.105473 -0.015021 0.076014 0.112350 -0.128189 -0.127916 0.157194 -0.280623 0.122973 0.032411 0.057789 -0.232080 0.036824 -0.243729 -0.004217 -0.118318 0.371056 0.198065 0.190428 -0.144230 -0.122938 0.040137 0.054742 -0.076525 0.120693 -0.150597 0.001278 -0.154481 -0.011798 -0.266013 -0.038835
0.232475 0.590016 -0.086141 0.102275 0.076487 0.027868 -0.011561 -0.053591 0.154427 0.146322 0.236658 0.254745 0.069389 0.054815 0.288294 0.249645 -0.093778 -0.028259 0.378094 1.000000 -0.225784 -0.305374 -0.135847 -0.041531 -0.176625 -0.409295 -0.014782 -0.184585 -0.076715 0.120079 -0.223036 -0.178384 0.179529 0.184932 -0.300747 -0.298280 -0.266633 -0.226757 -0.089724 -0.142764 0.015205 -0.082286 -0.298162 -0.330587 -0.454384 -0.502637 -0.344245 -0.251475 -0.305517 -0.334617 -0.283191 -0.228433 -0.042370 -0.084513 -0.308340 -0.287818 -0.062368 -0.014013 0.229299 0.236466 0.126664 0.080687 0.001487 0.127074 -0.006771 -0.174522 0.152600 -0.007826 0.329389 0.463584 0.063808 -0.158914 0.048580 0.264963 0.127400 0.079985 0.133320 0.057610 -0.272974 -0.015711 -0.269767 -0.071951 0.022341 0.312721 -0.033796 -0.110636 0.045993 0.125218 0.128659 -0.199411 0.146996 0.094434 0.140118 0.069557 -0.054095 0.147419 -0.114418 0.296003 -0.050341 0.199052 0.260888 0.310967 0.404398 0.339906 0.184285 0.216194 0.130297 0.282007 0.059512 -0.138170 -0.194691 0.068704 -0.004609 0.107638 0.054649 0.122393
-0.026005 -0.032114 -0.010739 0.084338 -0.127695 -0.150460 0.073480 -0.000838 0.039746 0.031656 0.156949 0.016297 0.115828 0.202618 0.101150 0.149985 0.169211 0.177401 -0.148453 -0.225784 1.000000 0.505476 0.281150 0.257101 0.382100 0.509383 0.381798 0.404478 0.065722 -0.063313 0.671969 0.649175 -0.098188 0.154086 0.037416 0.200344 -0.109723 0.069185 0.183545 0.264601 0.026336 0.105906 0.065007 0.057116 0.057497 0.098611 0.093569 0.010458 -0.131474 -0.094695 -0.352805 -0.165955 -0.401791 0.085084 -0.206598 -0.005108 0.008340 -0.024604 -0.293517 -0.305112 -0.179676 -0.124772 -0.104922 -0.176809 0.017326 -0.010771 -0.354530 -0.313413 -0.149798 -0.215293 0.060984 0.335989 -0.090639 -0.124609 -0.234901 0.190616 -0.265905 -0.102781 0.273618 0.007208 0.206618 0.146403 0.168740 0.001459 0.124774 0.117191 0.260249 -0.066115 -0.026265 0.021886 -0.178462 -0.196419 -0.221833 -0.376979 -0.067364 -0.373918 -0.097599 -0.462379 -0.200623 -0.422037 -0.210440 -0.295084 -0.314578 -0.369126 -0.354963 -0.231820 -0.209099 -0.285762 -0.177202 0.041745 0.024405 -0.249116 -0.260973 -0.013415 -0.003276 -0.270915
-0.062957 0.057946 -0.004287 -0.041664 -0.128575 -0.316564 -0.017703 0.066233 -0.152739 -0.203218 0.051529 -0.178836 -0.168623 0.026752 -0.093209 -0.032398 0.025549 0.253453 0.060042 -0.305374 0.505476 1.000000 -0.108334 -0.081895 -0.035769 0.390095 0.126564 0.327640 0.199819 0.070002 0.300647 0.307104 0.061082 0.015664 -0.104128 -0.074079 -0.076747 0.047083 0.266164 0.497938 0.231942 0.085410 0.034720 0.026100 0.141576 0.153449 0.042665 -0.102105 -0.066602 -0.059700 -0.059293 -0.060314 -0.106042 -0.058888 0.125061 0.147671 0.041989 -0.010145 -0.102262 0.098814 -0.005753 0.059153 0.017311 0.018114 -0.176976 -0.154009 0.044316 -0.043336 0.007852 -0.121534 0.052592 0.270402 -0.080867 -0.145193 -0.167465 0.036112 -0.371136 -0.278937 0.206488 0.062155 0.311529 0.220185 0.096230 -0.035623 -0.041237 0.130565 -0.043430 -0.059357 -0.057525 0.136590 -0.207444 -0.468559 -0.427497 -0.563415 -0.110778 -0.107655 0.160891 -0.398274 0.023835 -0.309993 -0.161297 -0.095035 -0.169825 -0.111119 -0.311218 -0.412328 0.103171 -0.173812 -0.152810 0.070317 -0.113626 -0.173598 -0.241829 -0.113112 -0.275497 -0.162077
-0.118063 -0.387534 0.151553 0.604622 -0.210267 0.238173 -0.022102 -0.328071 0.128921 0.004525 0.167135 -0.047395 0.389867 -0.034154 0.479464 0.178089 -0.099697 -0.100290 -0.005442 -0.135847 0.281150 -0.108334 1.000000 0.846880 0.577572 0.413989 0.431378 0.534631 -0.361767 -0.517818 0.315279 0.357238 -0.489671 -0.243961 0.307868 0.283025 0.102558 0.085844 -0.113650 -0.390689 0.174176 -0.210416 -0.273440 -0.223029 -0.270469 -0.218088 -0.206737 -0.176149 -0.146564 -0.134675 0.140324 -0.183776 -0.102257 0.200495 -0.199652 -0.265884 -0.225693 -0.155035 -0.197280 -0.385294 -0.111345 -0.284126 -0.022083 -0.058777 0.652789 0.239982 -0.365191 -0.113666 -0.314150 -0.070797 -0.172026 -0.049530 -0.427749 -0.291419 -0.236236 -0.197347 -0.349358 -0.246242 -0.143299 -0.240568 -0.090370 -0.071489 0.359362 -0.069491 0.658988 0.474410 0.612354 0.232148 0.363143 0.257269 -0.236217 0.322605 0.154858 0.282378 -0.392038 -0.323171 -0.491806 -0.384851 -0.283202 -0.339031 -0.430296 -0.136855 -0.343576 -0.250015 -0.109282 0.256452 -0.211221 -0.109364 -0.235188 -0.069098 -0.012332 -0.353486 -0.278664 -0.059393 0.116710 -0.231792
-0.203561 -0.311400 -0.005554 0.668955 -0.317616 0.284096 -0.242776 -0.234804 0.008197 0.006879 -0.013094 -0.033245 0.280367 0.012604 0.349205 0.205619 -0.219621 -0.221365 -0.236528 -0.041531 0.257101 -0.081895 0.846880 1.000000 0.533426 0.551940 0.358661 0.575023 -0.470496 -0.588198 0.311302 0.401672 -0.545188 -0.240952 0.302155 0.352835 0.208106 0.191213 -0.097370 -0.255016 0.183408 -0.251130 -0.218046 -0.204380 -0.214854 -0.164559 -0.235194 -0.179346 -0.160083 -0.164190 0.083718 -0.172459 -0.140672 0.080782 -0.108013 -0.221014 -0.168257 -0.105694 -0.184089 -0.396779 -0.290052 -0.306199 -0.137517 -0.138917 0.525024 0.390462 -0.343577 0.004242 -0.315338 0.056152 -0.210038 0.054067 -0.573478 -0.358702 -0.285116 -0.182755 -0.445274 -0.239927 -0.218692 -0.326279 -0.125653 -0.209348 0.202713 -0.188451 0.642003 0.451889 0.573290 0.251719 0.370362 0.313461 -0.041999 0.285865 0.361285 0.203875 -0.410199 -0.218678 -0.359623 -0.262208 -0.090963 -0.341025 -0.262407 -0.179544 -0.271482 -0.168891 0.051083 0.388216 -0.109891 -0.010095 -0.142480 -0.164100 0.077336 -0.333143 -0.287020 -0.037530 0.189460 -0.141941
-0.173020 -0.237222 0.120666 0.368189 -0.057291 0.430366 -0.119091 -0.287743 0.317467 0.410661 0.000573 -0.206552 0.122554 -0.015649 0.162949 0.029216 0.011221 -0.093429 -0.205589 -0.176625 0.382100 -0.035769 0.577572 0.533426 1.000000 0.667923 0.586682 0.603941 -0.356591 -0.522701 0.323479 0.212440 -0.194814 -0.128639 0.241251 0.269447 -0.031991 0.005019 -0.140479 -0.197186 -0.159592 -0.098159 -0.185376 -0.209085 -0.140351 -0.078831 -0.153107 -0.147757 -0.078303 -0.045899 0.232820 0.028514 -0.155887 0.035425 -0.090945 -0.086087 -0.135546 -0.086668 -0.202138 -0.226081 -0.150308 -0.205883 -0.004065 -0.073509 0.374471 0.210774 -0.111643 -0.002616 -0.173167 -0.010432 -0.103520 -0.093762 -0.376813 -0.361617 -0.222174 -0.127512 -0.334788 -0.200474 0.079368 -0.054952 0.176809 0.064635 0.100598 -0.205610 0.396048 0.345360 0.355870 -0.032114 0.197657 0.220773 -0.155099 0.087892 0.087240 -0.039782 -0.122763 -0.365799 -0.226524 -0.299668 -0.262130 -0.387906 -0.240279 -0.075654 -0.251070 -0.213120 -0.120359 0.062780 -0.208036 -0.096761 -0.318698 -0.069164 0.043816 -0.360758 -0.327347 -0.217471 -0.040998 -0.321202
-0.223082 -0.270145 -0.117207 0.354661 -0.441984 0.117434 -0.402903 -0.191559 -0.105621 -0.022754 -0.202946 -0.312522 -0.102766 -0.044920 -0.068905 -0.009583 -0.011061 -0.013062 -0.367999 -0.409295 0.509383 0.390095 0.413989 0.551940 0.667923 1.000000 0.279036 0.701783 -0.251563 -0.441872 0.454833 0.490226 -0.176043 -0.163240 0.262606 0.296171 0.142448 0.292135 0.132661 0.188779 0.088610 -0.018056 -0.008856 -0.027566 0.124516 0.151232 -0.041993 -0.114593 -0.035749 0.004105 0.132770 0.040779 -0.279078 -0.076634 0.191184 0.198443 0.051859 0.064063 -0.355031 -0.242552 -0.347345 -0.287821 -0.079832 -0.151591 0.130366 0.214797 -0.074842 0.067799 -0.145103 -0.110639 -0.222633 0.166774 -0.388057 -0.403126 -0.277671 -0.125254 -0.393107 -0.193297 0.182819 -0.068016 0.253191 0.075485 0.069393 -0.372475 0.363953 0.440187 0.358664 0.022793 0.077299 0.328651 -0.255582 -0.206454 0.012932 -0.276513 -0.048581 -0.215798 0.127827 -0.257469 0.042836 -0.308633 -0.135896 -0.171153 -0.318150 -0.131215 -0.043606 -0.028468 -0.074469 -0.154337 -0.155480 0.085012 0.261853 -0.273905 -0.308363 -0.043393 0.035938 -0.233068
-0.145737 -0.119486 0.318605 0.165637 0.389118 0.435360 0.162618 0.012342 0.534555 0.425624 0.143553 -0.155087 0.183676 -0.137905 0.401516 0.006894 -0.204350 -0.127824 0.079271 -0.014782 0.381798 0.126564 0.431378 0.358661 0.586682 0.279036 1.000000 0.555597 -0.268719 -0.435045 0.276915 0.079925 -0.138304 -0.009058 0.089314 0.157203 -0.131699 -0.298925 -0.147214 -0.142374 -0.149070 -0.236719 -0.339957 -0.278054 -0.311160 -0.221970 -0.300578 -0.129946 -0.137419 -0.156847 0.104286 -0.082715 -0.081948 0.140387 -0.301894 -0.277529 -0.328723 -0.202884 0.099287 -0.096974 0.090614 0.000196 -0.120466 -0.063787 0.492103 0.246160 -0.114297 -0.035051 -0.068987 0.002391 0.044454 -0.011078 -0.377823 -0.218814 -0.199003 -0.123504 -0.366304 -0.349932 -0.127479 -0.102062 0.096073 0.075609 0.146731 0.044455 0.341563 0.211428 0.108040 0.023450 0.461464 0.176768 -0.022818 0.207329 0.023461 0.052354 -0.175809 -0.446633 -0.378152 -0.430133 -0.357287 -0.509692 -0.417337 0.010045 -0.285857 -0.412821 -0.395995 -0.196677 -0.220625 -0.370997 -0.491883 -0.322622 -0.149121 -0.373090 -0.330594 -0.351397 -0.359861 -0.414818
-0.304647 -0.223213 -0.048393 0.634740 -0.292620 0.229244 -0.331045 -0.266830 0.029891 -0.041428 -0.126778 -0.321939 -0.062380 -0.247018 0.253202 0.092617 -0.317086 -0.175203 -0.131469 -0.184585 0.404478 0.327640 0.534631 0.575023 0.603941 0.701783 0.555597 1.000000 -0.460023 -0.541517 0.329967 0.300518 -0.200737 -0.330139 0.336665 0.175452 0.123773 0.190269 0.028962 -0.000294 0.114192 -0.265593 -0.214353 -0.189498 -0.130660 -0.063970 -0.280880 -0.239547 -0.247262 -0.153186 0.066274 -0.176731 -0.306101 -0.131986 -0.013202 -0.051922 -0.110394 -0.015379 -0.203392 -0.114670 -0.210963 -0.288477 -0.112451 -0.071789 0.472258 0.255326 0.081949 0.164840 -0.024724 0.002755 -0.119209 0.047232 -0.424739 -0.278489 -0.207535 -0.235064 -0.404417 -0.280534 -0.116046 -0.081838 0.140626 0.010958 0.263068 -0.182998 0.697691 0.617734 0.507274 0.271533 0.391844 0.458232 -0.233514 -0.010779 0.061850 -0.178809 -0.200754 -0.171440 -0.126914 -0.281552 -0.100013 -0.374113 -0.375511 -0.029217 -0.282191 -0.156358 -0.031463 0.000097 -0.056086 -0.108880 -0.254502 0.043344 0.071748 -0.328726 -0.399078 -0.118842 -0.033086 -0.225581
0.129916 0.103411 0.076365 -0.506805 0.111225 -0.414711 0.381343 0.185102 0.049065 -0.072687 0.401610 0.248114 0.101780 0.263810 -0.092548 -0.084190 0.506245 0.499576 0.158660 -0.076715 0.065722 0.199819 -0.361767 -0.470496 -0.356591 -0.251563 -0.268719 -0.460023 1.000000 0.798159 0.119592 0.187644 0.340756 0.334656 -0.272076 -0.319332 -0.131314 -0.086248 0.091173 0.200107 0.066537 0.346802 0.174007 0.094015 0.231835 0.092259 0.303941 -0.006249 0.220713 0.113211 -0.177695 0.176917 0.015489 0.261551 -0.040419 0.134231 -0.020979 -0.091562 -0.184826 -0.085760 0.153153 0.124802 0.187008 -0.090224 -0.413400 -0.453137 -0.202389 -0.402373 -0.095047 -0.266222 0.387620 0.307228 0.786589 0.315979 0.286369 0.438038 0.372595 0.206092 0.484922 0.159768 0.265990 0.330645 0.061805 0.257929 -0.488981 -0.380509 -0.374617 -0.303283 -0.549708 -0.552408 -0.158010 -0.284838 -0.421951 -0.210764 0.098351 -0.122724 0.054144 -0.123664 -0.127712 0.123564 -0.013326 -0.045713 -0.162664 -0.098446 -0.443646 -0.383913 -0.117288 -0.323822 0.048500 0.004444 -0.241651 0.245067 0.333267 0.281798 -0.024532 -0.064529
0.116214 0.308871 -0.172989 -0.380688 0.148194 -0.384877 0.199908 0.230909 0.058744 -0.003900 0.268161 0.398442 -0.000534 0.382230 -0.075805 0.014080 0.306168 0.436811 0.170528 0.120079 -0.063313 0.070002 -0.517818 -0.588198 -0.522701 -0.441872 -0.435045 -0.541517 0.798159 1.000000 0.006572 0.103139 0.312249 0.398766 -0.335457 -0.377755 -0.014688 0.023365 0.188084 0.215759 0.161784 0.403423 0.146432 0.107960 0.092706 -0.007446 0.226159 -0.026935 0.054795 -0.045575 -0.323880 -0.004725 0.034244 0.018367 -0.033581 0.045433 0.044921 -0.046231 -0.024426 0.103128 0.175270 0.255836 0.058869 0.032174 -0.484073 -0.435335 -0.075589 -0.347101 0.042172 -0.148865 0.360561 0.287469 0.808238 0.596107 0.378144 0.501060 0.474658 0.395769 0.299809 0.194096 0.079137 0.196905 -0.097682 0.363534 -0.556594 -0.441311 -0.441489 -0.293808 -0.479101 -0.451569 -0.005874 -0.287587 -0.231473 -0.243197 0.100046 0.066687 0.162145 0.010416 0.004469 0.198038 0.153150 -0.128611 0.146556 -0.011270 -0.218645 -0.276357 -0.084080 -0.115843 0.090893 -0.021975 -0.253925 0.229729 0.367119 0.259361 0.020993 0.039154
-0.084875 -0.208576 0.243941 0.191616 -0.110118 -0.043877 0.183866 0.234120 0.019494 0.034699 0.141445 -0.076780 0.107786 0.090799 0.150742 0.180085 0.060049 0.085368 0.078130 -0.223036 0.671969 0.300647 0.315279 0.311302 0.323479 0.454833 0.276915 0.329967 0.119592 0.006572 1.000000 0.861377 0.019244 0.380512 0.327225 0.343508 -0.030546 0.073357 0.349688 0.174196 0.224823 0.221826 -0.117019 -0.100907 -0.026908 -0.057519 -0.115488 -0.139303 -0.199080 -0.212137 -0.330753 -0.162933 -0.473106 0.067159 -0.303051 -0.085548 -0.149403 -0.155853 -0.346178 -0.436497 -0.145626 -0.296237 -0.050314 -0.151806 0.241122 0.084506 -0.329296 -0.195515 -0.268690 -0.323096 -0.040476 0.335756 -0.053477 -0.029886 -0.113646 0.132291 -0.077418 0.074685 0.199322 -0.131421 0.041994 0.006250 0.260374 0.030007 0.232356 0.120365 0.260160 0.031122 -0.115704 -0.145792 -0.302075 -0.177292 -0.203731 -0.186184 -0.071067 -0.244925 -0.087032 -0.318419 -0.302386 -0.323654 -0.378851 -0.365412 -0.275939 -0.316807 -0.348220 -0.160175 -0.352117 -0.255331 -0.194319 0.035083 0.105281 -0.222181 -0.304176 0.010612 0.013462 -0.226961
-0.028566 -0.139684 -0.006191 0.291359 -0.309196 -0.246262 0.012558 0.065300 -0.128632 -0.176835 0.187656 0.030485 0.226226 0.212136 0.207910 0.286517 0.047760 0.111509 -0.042984 -0.178384 0.649175 0.307104 0.357238 0.401672 0.212440 0.490226 0.079925 0.300518 0.187644 0.103139 0.861377 1.000000 -0.164682 0.233975 0.219392 0.242964 0.049748 0.231231 0.310423 0.213866 0.342554 0.236866 0.027904 0.029240 0.062590 0.017710 0.010162 -0.074797 -0.147830 -0.152302 -0.360016 -0.190200 -0.400147 0.076137 -0.171369 -0.002528 -0.048759 -0.141099 -0.377880 -0.474257 -0.245601 -0.331591 -0.116588 -0.208979 0.112458 -0.009999 -0.441104 -0.310422 -0.270862 -0.341807 -0.056004 0.398850 0.004222 -0.035260 -0.096041 0.228840 -0.060460 0.092432 0.174309 -0.215096 -0.003451 -0.082269 0.273488 0.053077 0.243664 0.154194 0.325996 0.092105 -0.124978 -0.153307 -0.304837 -0.209195 -0.143527 -0.202507 -0.062198 -0.205187 -0.023714 -0.259505 -0.122406 -0.164470 -0.300707 -0.355773 -0.246977 -0.230257 -0.265417 -0.097485 -0.281612 -0.241106 -0.100775 0.076642 0.152026 -0.080116 -0.154551 0.146975 0.209964 -0.148216
-0.077835 0.103779 0.068748 -0.299442 -0.031054 -0.215791 0.026555 0.191977 -0.022872 -0.049185 0.000584 -0.178762 -0.453371 -0.205553 -0.449491 -0.378159 0.326475 0.250926 0.292207 0.179529 -0.098188 0.061082 -0.489671 -0.545188 -0.194814 -0.176043 -0.138304 -0.200737 0.340756 0.312249 0.019244 -0.164682 1.000000 0.501031 -0.098106 -0.301896 -0.316364 -0.276196 0.126106 0.176309 -0.124444 0.092214 -0.160672 -0.179388 0.043050 -0.070160 -0.067041 -0.248594 -0.106908 -0.041045 -0.186892 0.096210 -0.299567 -0.197366 -0.121798 0.194615 0.088691 0.114231 -0.033099 0.331805 0.255268 0.004699 0.375673 0.227677 -0.163517 -0.205368 0.570281 0.331845 0.424430 0.282141 0.129157 -0.163185 0.402989 0.195477 0.193066 -0.002240 0.247406 0.006291 0.398282 0.360247 0.378577 0.452860 -0.155053 -0.111161 -0.304573 -0.155070 -0.357832 -0.233589 -0.293795 -0.168679 -0.303186 -0.402609 -0.409150 -0.306543 0.218602 0.003657 0.289758 0.149262 -0.254153 0.008863 0.067579 0.153014 0.159216 0.279753 -0.016757 -0.309238 0.038593 -0.106909 -0.067784 0.018287 -0.259867 -0.029264 -0.128111 -0.039419 -0.361945 -0.051178
0.103012 0.145084 0.215070 -0.237285 0.245308 -0.048281 0.227607 0.394329 0.270742 0.280586 0.074189 0.050219 -0.064571 0.145178 -0.032066 -0.170666 0.198130 0.259307 0.179385 0.184932 0.154086 0.015664 -0.243961 -0.240952 -0.128639 -0.163240 -0.009058 -0.330139 0.334656 0.398766 0.380512 0.233975 0.501031 1.000000 -0.025115 0.062390 -0.227581 -0.328664 0.356041 0.191002 0.009865 0.237919 -0.234143 -0.233068 -0.171918 -0.263117 -0.077930 -0.228787 -0.203858 -0.325187 -0.389098 -0.167502 -0.202573 0.003064 -0.361181 -0.138271 0.041322 0.035054 0.094301 -0.001667 0.290834 0.195114 0.059891 0.113588 -0.048455 0.010887 0.027210 -0.088632 0.191962 -0.005777 0.132122 0.093844 0.207926 0.227962 0.085296 0.264438 0.232682 0.243151 0.282278 0.122377 0.020727 0.154101 -0.054565 0.153279 -0.401790 -0.479330 -0.281321 -0.450577 -0.103419 -0.318932 -0.071033 -0.229804 -0.091772 -0.077299 0.040939 -0.067162 0.092832 -0.064557 -0.327678 -0.207521 -0.015996 -0.142080 0.036699 0.001211 -0.251863 -0.328114 -0.050218 -0.105272 -0.178238 -0.100421 -0.189770 -0.268073 -0.209008 -0.154022 -0.194136 -0.212055
-0.197007 -0.440268 0.148825 0.304160 -0.317128 0.226713 -0.046779 -0.092157 -0.333629 -0.087810 -0.296111 -0.210206 -0.211505 -0.314989 0.002518 0.135423 -0.199833 -0.388527 -0.146225 -0.300747 0.037416 -0.104128 0.307868 0.302155 0.241251 0.262606 0.089314 0.336665 -0.272076 -0.335457 0.327225 0.219392 -0.098106 -0.025115 1.000000 0.720685 0.156230 0.213880 0.091115 -0.075880 0.078133 -0.040588 -0.076664 -0.045460 0.208561 0.159472 -0.091319 -0.052647 -0.053702 0.077273 0.102272 -0.015949 -0.297898 -0.016644 -0.131000 0.015404 -0.018585 -0.049928 -0.133252 -0.286942 -0.205062 -0.375195 -0.086882 -0.126867 0.400998 0.357336 0.030529 0.271443 -0.241826 -0.190872 -0.179732 0.019281 -0.267005 -0.259749 -0.204559 -0.237121 0.031903 0.129661 -0.071244 -0.218174 -0.153637 -0.321030 0.384501 -0.026324 0.496756 0.379687 0.409407 0.370852 -0.026302 0.136334 -0.208007 0.077060 0.060241 0.212581 -0.102106 0.093780 -0.012950 -0.012258 -0.160194 -0.059451 -0.354775 -0.108718 -0.289594 -0.015657 0.167375 0.206369 -0.036370 0.138533 0.003382 0.155296 0.346781 -0.057014 -0.088268 0.104207 0.183203 0.042858
-0.118304 -0.312389 0.170395 0.096758 -0.104619 0.375591 0.114507 0.120458 -0.157625 0.160854 -0.205474 0.055823 0.036388 0.036506 0.081776 0.316099 -0.241765 -0.408189 -0.301709 -0.298280 0.200344 -0.074079 0.283025 0.352835 0.269447 0.296171 0.157203 0.175452 -0.319332 -0.377755 0.343508 0.242964 -0.301896 0.062390 0.720685 1.000000 -0.018432 -0.003359 -0.081647 -0.156176 0.043046 -0.064703 0.075293 0.065732 0.309814 0.277341 -0.043716 0.095410 0.097028 0.135029 0.064564 -0.026104 -0.165260 0.064526 -0.148663 -0.092534 -0.091472 -0.152337 0.021703 -0.377371 -0.207224 -0.178746 -0.255211 -0.227474 0.263874 0.499228 -0.281615 0.096888 -0.375630 -0.293819 -0.271866 0.009662 -0.410253 -0.289885 -0.265178 -0.155663 -0.110464 0.048963 -0.172995 -0.288038 -0.304989 -0.452099 0.239723 0.047450 0.264410 0.191596 0.270691 0.195771 -0.014818 0.052237 0.065116 0.127242 0.176310 0.215442 -0.234537 -0.061346 -0.119330 -0.193700 -0.149355 -0.219810 -0.203796 -0.288839 -0.299490 -0.237285 0.029233 0.119426 -0.113627 0.031966 -0.096933 0.040095 0.383975 -0.097180 -0.003217 -0.009196 0.134901 -0.062812
