1.000000 0.579109 0.037667 -0.040761 -0.160027 -0.103113 0.140196 0.068784 -0.147292 -0.178887 0.160725 0.292393 0.171713 0.028709 -0.016256 -0.096140 0.340477 0.228918 0.382136 0.324231 0.097297 0.233591 -0.254892 -0.350365 -0.034317 0.091277 0.130746 -0.034693 0.190952 0.229133 0.025499 -0.084662 0.201556 0.022555 -0.196266 -0.273180 0.060791 0.219396 0.211148 0.094002 0.173630 0.171833 -0.282510 -0.248495 -0.360219 -0.294737 -0.101185 -0.085992 -0.362647 -0.203399 -0.349027 -0.206209 -0.131511 -0.067466 0.048587 0.147956 0.475918 0.254438 -0.056102 -0.012098 0.050300 0.012090 0.200864 0.257399 -0.255714 -0.045188 -0.261688 -0.218287 0.281974 0.023012 0.030298 0.093794 0.203573 0.156578 0.130135 0.181530 0.303094 0.214376 0.179823 0.281375 0.167008 0.060206 0.251029 0.181094 -0.140232 -0.039214 0.162839 -0.053917 0.080926 0.197266 -0.225030 -0.108113 -0.162719 -0.029955 0.110079 0.140069 0.116967 0.054526 0.057628 0.026303 -0.248916 -0.045904 -0.116411 -0.055008 0.106225 -0.003630 -0.043435 -0.259224 0.095720 0.186623 0.015336 -0.175967 0.052993 -0.053381 0.068813 0.045967
0.579109 1.000000 -0.054718 -0.291055 -0.098866 -0.074720 -0.159371 -0.126341 -0.099412 -0.069967 0.082394 0.213837 -0.098929 -0.018317 -0.140933 -0.083478 0.310268 0.304454 0.335308 0.612529 -0.111303 -0.059513 -0.631607 -0.341238 -0.148210 -0.202068 0.146586 0.008137 -0.112073 -0.026858 -0.244821 -0.376413 0.173426 0.162710 -0.278388 -0.088199 -0.115696 0.076665 0.033248 -0.026251 -0.073627 -0.083813 -0.656450 -0.528667 -0.437565 -0.264944 -0.359687 0.082530 -0.452012 -0.245505 -0.554676 -0.425166 -0.197274 -0.373886 -0.087443 -0.089466 0.535203 0.618366 0.255724 0.225955 0.129627 0.398539 0.299761 0.449909 -0.239612 0.147407 0.037272 0.151694 0.660423 0.502514 -0.047454 -0.132098 -0.094568 -0.010326 -0.077574 0.021907 0.139463 0.169339 0.082415 0.206660 0.178471 0.018139 0.030296 0.106128 -0.236760 -0.085096 -0.023699 -0.254672 0.218939 0.445637 0.308144 0.275193 0.161780 0.044320 -0.000910 0.033113 0.047196 0.002355 0.156837 0.048205 0.059940 0.101897 0.086312 0.072871 0.031767 -0.031158 0.061634 0.013128 -0.008821 -0.061988 0.041886 -0.172619 -0.181451 -0.197357 0.045742 -0.075988
0.037667 -0.054718 1.000000 0.346042 0.352837 0.253164 0.737639 0.648125 0.356456 0.214732 -0.156497 -0.004543 0.010247 -0.040514 0.146302 0.266792 -0.470570 -0.555948 0.481340 0.045940 0.240541 0.146023 0.489524 0.435116 0.228549 0.145196 0.235593 0.328269 -0.184679 -0.116869 0.398901 0.132506 0.054646 -0.121864 -0.034850 -0.015201 -0.353930 -0.285119 -0.183149 -0.280465 -0.205166 0.058775 0.071379 -0.005841 0.079848 0.183795 -0.008813 -0.010878 0.123757 -0.019645 -0.015749 -0.054227 0.134680 -0.005561 -0.339322 -0.305885 -0.426226 -0.285913 0.095662 -0.027821 -0.054307 -0.314783 -0.450560 -0.544207 0.222136 -0.190107 0.118627 0.195966 -0.177193 0.035382 0.252950 0.198883 -0.060571 -0.081794 -0.062960 -0.089942 -0.301127 -0.323086 -0.396862 -0.493688 -0.571927 -0.506143 -0.105756 -0.037245 -0.118814 -0.447594 -0.221267 -0.069831 -0.036473 -0.217728 -0.013766 -0.193345 0.198433 0.108067 -0.305293 -0.175366 -0.335748 -0.407646 -0.372717 -0.423389 0.149259 -0.083597 -0.108742 -0.124446 -0.136918 -0.164687 -0.137492 -0.130930 -0.245891 -0.162112 -0.143300 -0.171091 -0.119792 -0.018684 -0.049912 -0.170667
-0.040761 -0.291055 0.346042 1.000000 0.052468 0.005580 0.397330 0.503695 0.031935 -0.005594 -0.104802 0.246979 0.132636 0.380674 0.057020 0.372448 -0.120776 -0.043829 0.005114 -0.205524 0.399377 0.273957 0.673605 0.517465 -0.137831 0.201038 0.044514 0.153711 0.258508 0.298434 0.274644 0.316287 -0.057879 -0.076817 -0.161648 -0.352461 0.159984 0.021963 0.228144 0.183842 0.292699 0.313624 0.250172 0.055942 0.061198 -0.140424 0.070477 -0.333034 0.113817 -0.140116 0.187129 -0.013670 0.071169 0.104646 0.159169 0.048934 -0.356274 -0.525967 -0.486012 -0.357631 -0.422220 -0.431638 -0.108181 -0.346548 0.151531 -0.248717 -0.361762 -0.465400 -0.269933 -0.355540 0.155546 0.325430 0.315306 0.225538 0.305643 0.113098 -0.067163 -0.254591 -0.029497 -0.116706 0.002975 0.094546 0.001993 0.311061 0.259536 0.043179 0.075642 0.156161 -0.113831 -0.151676 -0.400530 -0.479174 0.017848 -0.223989 -0.039861 -0.150158 0.004471 -0.009313 -0.245667 -0.133634 -0.018944 -0.361986 -0.012555 -0.171026 0.160471 0.138858 -0.377385 -0.143809 -0.097051 -0.024980 -0.283596 0.007751 0.040718 0.156800 0.151276 -0.006996
-0.160027 -0.098866 0.352837 0.052468 1.000000 0.750933 0.158376 0.354713 0.781767 0.815594 -0.009151 -0.205781 -0.026410 0.030124 0.423602 0.450447 -0.214057 -0.291842 0.038697 0.047462 -0.084191 -0.142998 0.053958 0.076152 0.553099 0.059508 0.446242 0.119864 -0.456972 -0.450250 -0.260362 -0.415832 -0.358584 -0.443225 -0.229868 -0.122662 -0.574464 -0.522738 -0.412553 -0.312908 -0.419377 -0.269361 0.072389 -0.128820 0.127958 0.051734 -0.265827 0.061072 0.445959 0.129104 0.122667 0.225731 0.330637 0.186252 -0.401455 -0.510076 -0.294970 -0.040881 0.438543 0.410656 0.046266 0.067651 -0.133364 -0.308208 0.123703 -0.000646 0.405909 0.276736 -0.146039 0.195374 -0.328052 -0.208326 -0.474707 -0.387325 -0.432297 -0.449521 -0.597546 -0.456437 -0.433623 -0.492116 -0.402692 -0.349572 0.173690 0.003940 -0.205408 -0.256723 -0.452597 0.094101 -0.171868 -0.001428 0.312653 0.141508 0.512048 0.302209 -0.362538 -0.384472 -0.517280 -0.470424 -0.306542 -0.389273 0.520125 0.320005 0.139298 0.143148 -0.156344 -0.062595 0.033797 -0.070505 -0.301541 -0.437470 -0.318872 -0.230797 -0.366158 -0.109900 -0.318042 -0.275598
-0.103113 -0.074720 0.253164 0.005580 0.750933 1.000000 0.089510 0.538379 0.642145 0.697719 0.020195 -0.260424 -0.074752 0.037976 0.294669 0.423544 -0.181725 -0.344004 -0.134872 0.077384 0.016930 -0.080119 0.043715 -0.013132 0.571675 0.155269 0.631863 0.360450 -0.492304 -0.476669 -0.254083 -0.415556 -0.597752 -0.606017 -0.314923 -0.076630 -0.529699 -0.539132 -0.341007 -0.247909 -0.304584 -0.217982 0.061301 -0.198350 -0.093592 -0.061892 -0.282518 -0.037682 0.250100 0.001737 0.054251 0.210872 0.365910 0.228916 -0.420374 -0.627855 -0.260353 0.017666 0.485167 0.540259 0.034853 0.248043 -0.120151 -0.297722 -0.146943 0.118468 0.308175 0.306741 -0.039677 0.322940 -0.299428 -0.209245 -0.565112 -0.510471 -0.572025 -0.497280 -0.663354 -0.492858 -0.361271 -0.571908 -0.270682 -0.352656 0.134932 0.111591 -0.260898 -0.191462 -0.309112 0.128797 -0.105841 0.116940 0.410671 0.265740 0.542598 0.345205 -0.343647 -0.475450 -0.613166 -0.525611 -0.326900 -0.384324 0.486383 0.410846 0.171590 0.284563 -0.182189 -0.126545 0.217812 -0.086002 -0.352774 -0.536323 -0.458449 -0.281890 -0.351792 -0.079050 -0.348152 -0.315211
0.140196 -0.159371 0.737639 0.397330 0.158376 0.089510 1.000000 0.594449 0.209698 -0.000759 0.140682 0.269155 0.408883 0.278245 0.282567 0.291604 -0.280315 -0.353141 0.317411 -0.168850 0.239530 0.244821 0.622985 0.400781 0.172773 0.235964 0.253140 0.355796 0.012689 0.004943 0.549962 0.348481 0.090961 -0.130421 -0.033976 -0.149614 -0.203790 -0.182146 -0.077329 -0.209851 -0.006004 0.183642 0.229329 0.205787 0.012130 -0.008232 0.095220 -0.117232 0.131737 -0.084632 0.150969 0.119265 0.005114 0.238315 -0.220547 -0.131998 -0.416378 -0.458937 -0.060169 -0.154775 -0.045010 -0.396737 -0.369546 -0.451179 0.175815 -0.244849 -0.072775 -0.180157 -0.415946 -0.246959 0.352222 0.271863 0.066714 0.066257 0.076899 0.024784 -0.080148 -0.227575 -0.340028 -0.283558 -0.426381 -0.340065 0.072723 0.015738 0.156023 -0.185151 -0.049137 -0.162274 -0.029943 -0.296188 -0.244887 -0.375037 -0.012174 -0.052482 -0.234643 -0.157165 -0.255992 -0.384550 -0.453833 -0.383072 -0.068088 -0.271527 -0.240281 -0.336631 -0.252559 -0.163602 -0.086555 -0.210103 -0.215018 -0.125497 -0.188121 -0.167672 -0.071885 0.053882 -0.032690 -0.076044
0.068784 -0.126341 0.648125 0.503695 0.354713 0.538379 0.594449 1.000000 0.332990 0.325877 -0.018502 0.025948 0.062345 0.240812 0.176762 0.426113 -0.257662 -0.342962 0.144029 -0.096624 0.309704 0.235436 0.487934 0.319708 0.249275 0.240087 0.404814 0.383501 -0.177500 -0.033927 0.252902 0.070977 -0.342462 -0.393895 -0.286227 -0.209835 -0.252787 -0.272923 -0.023091 -0.091415 0.001328 0.183814 0.033461 -0.163169 -0.082375 -0.029017 -0.119395 -0.160628 0.080722 -0.082285 -0.055050 0.038528 0.149202 0.101146 -0.246973 -0.325595 -0.374677 -0.297867 0.066649 0.112129 -0.158230 -0.125662 -0.280199 -0.470914 0.012643 -0.110378 -0.070581 -0.020134 -0.171126 -0.028762 0.120510 0.236729 -0.076302 -0.080420 -0.107373 -0.162573 -0.338060 -0.378303 -0.316559 -0.443701 -0.277942 -0.347243 0.126790 0.263145 -0.066989 -0.372550 -0.039302 0.064716 -0.051993 -0.071700 -0.020771 -0.202832 0.314789 0.052827 -0.202002 -0.342034 -0.354835 -0.372594 -0.403064 -0.344063 0.170682 -0.082435 -0.049492 0.018961 -0.086215 -0.076415 -0.068020 -0.104553 -0.322266 -0.235882 -0.338270 -0.233703 -0.134221 0.007768 -0.114442 -0.210729
-0.147292 -0.099412 0.356456 0.031935 0.781767 0.642145 0.209698 0.332990 1.000000 0.768201 -0.072242 -0.141744 0.000593 0.036190 0.282833 0.443794 -0.281770 -0.336407 -0.033079 -0.046040 -0.034724 -0.116492 0.171741 0.152625 0.276523 -0.168966 0.510114 0.147379 -0.484011 -0.369108 -0.182538 -0.375677 -0.397697 -0.527754 -0.325190 -0.137288 -0.590127 -0.524939 -0.490068 -0.433124 -0.419694 -0.303736 0.079237 -0.125314 0.056564 0.087272 -0.279095 -0.090770 0.349940 0.136236 0.176062 0.212824 0.455019 0.260416 -0.390451 -0.565264 -0.266611 -0.015318 0.517288 0.501124 0.038876 0.037422 -0.172198 -0.319971 0.096679 -0.057397 0.354187 0.293053 -0.132892 0.171739 -0.260200 -0.250073 -0.474255 -0.350527 -0.399528 -0.399282 -0.627975 -0.585999 -0.428977 -0.486807 -0.414341 -0.353980 -0.018905 -0.107237 -0.223340 -0.104120 -0.489906 0.038826 -0.199598 0.030767 0.354319 0.242806 0.528860 0.319812 -0.504888 -0.481044 -0.604303 -0.564994 -0.237082 -0.382001 0.547351 0.435390 0.075942 0.215598 -0.318571 -0.163639 -0.019827 -0.214036 -0.350869 -0.582329 -0.367949 -0.178054 -0.340089 -0.037845 -0.432136 -0.337285
-0.178887 -0.069967 0.214732 -0.005594 0.815594 0.697719 -0.000759 0.325877 0.768201 1.000000 -0.050865 -0.196051 -0.066732 0.039135 0.319238 0.488761 -0.154020 -0.198108 -0.039494 0.129324 -0.001824 -0.085220 -0.015418 0.049405 0.350794 -0.033928 0.483357 0.164876 -0.388606 -0.397741 -0.322914 -0.418023 -0.391082 -0.425940 -0.322498 -0.133750 -0.481613 -0.479463 -0.337514 -0.235470 -0.328476 -0.268124 -0.044453 -0.237008 0.000354 -0.064625 -0.328071 -0.022486 0.251039 0.030731 0.015690 0.086438 0.256353 0.016149 -0.310862 -0.508972 -0.251462 0.086512 0.410225 0.487311 0.049261 0.186363 -0.122951 -0.250490 0.033449 -0.022045 0.251375 0.274698 -0.059758 0.284963 -0.295560 -0.199799 -0.444465 -0.373703 -0.402126 -0.411465 -0.569457 -0.435009 -0.255592 -0.382436 -0.264984 -0.280633 0.101058 0.047336 -0.199640 -0.259318 -0.384023 0.116082 -0.127418 0.064674 0.321655 0.229841 0.393659 0.224473 -0.249538 -0.339089 -0.428359 -0.329087 -0.119703 -0.266662 0.421365 0.314043 0.207179 0.330906 -0.025325 0.096669 -0.078451 -0.046875 -0.240130 -0.444309 -0.296137 -0.171630 -0.236451 -0.047655 -0.224552 -0.249859
0.160725 0.082394 -0.156497 -0.104802 -0.009151 0.020195 0.140682 -0.018502 -0.072242 -0.050865 1.000000 0.486694 0.859090 0.486988 0.579087 0.242997 0.609332 0.368828 -0.088847 -0.128879 -0.062366 -0.048341 -0.057408 -0.051339 0.185358 0.198306 -0.074628 -0.045464 0.295420 0.013893 0.136379 0.079231 0.024609 -0.073840 0.177587 0.126047 0.195069 0.040319 0.063789 0.044329 0.173887 0.127215 0.117489 0.082455 -0.153634 -0.220564 0.049493 -0.134330 0.009971 -0.172362 0.211969 0.050529 -0.055588 0.037576 -0.022155 0.029958 -0.004593 -0.284848 -0.103226 -0.064742 0.043925 -0.140706 0.077090 -0.078401 0.148777 -0.027263 0.002194 -0.028626 -0.179926 -0.047036 0.042580 -0.013803 0.057580 -0.045210 0.062177 0.011184 0.059888 0.071092 0.159126 0.013622 0.203099 0.145756 0.458976 0.171715 0.109816 0.084025 -0.073157 -0.478482 -0.233358 -0.173044 -0.238296 -0.239453 -0.212044 -0.075272 0.290361 0.183969 0.089403 0.045615 -0.294148 -0.178558 -0.152619 -0.167769 0.035993 -0.098720 -0.015175 -0.010346 0.178539 -0.048658 0.329051 0.168869 -0.027999 -0.086871 -0.177222 0.160328 0.134362 0.197992
0.292393 0.213837 -0.004543 0.246979 -0.205781 -0.260424 0.269155 0.025948 -0.141744 -0.196051 0.486694 1.000000 0.618776 0.756405 0.307392 0.282964 0.364162 0.518436 0.082775 0.074973 0.087116 0.208331 0.073935 0.239850 -0.120806 0.227475 -0.074261 0.061420 0.405159 0.330389 0.373837 0.336466 0.192930 0.097187 -0.038948 -0.122633 0.252824 0.245001 0.219522 0.154323 0.313121 0.328576 -0.060586 -0.014708 -0.219440 -0.171206 -0.051145 -0.131419 -0.257065 -0.315004 -0.087473 -0.275780 -0.196623 -0.086947 0.069754 0.119370 0.108048 -0.250705 -0.375519 -0.353365 -0.176781 -0.347956 0.102871 -0.024439 0.100246 -0.185394 -0.453677 -0.284490 -0.046360 -0.168679 0.248011 0.330841 0.342205 0.267764 0.351981 0.400553 0.230205 0.018112 0.215264 0.175193 0.254156 0.317886 0.279459 0.247945 0.330395 0.154024 0.116565 -0.254030 -0.027217 -0.138648 -0.403006 -0.367199 -0.190585 -0.282287 0.135725 0.180574 0.123789 0.125004 -0.208238 -0.172966 -0.240549 -0.485580 -0.104493 -0.270768 0.153124 0.183685 -0.087680 -0.002346 0.184480 0.144222 -0.013062 -0.043627 0.007730 0.265017 0.238159 0.200538
0.171713 -0.098929 0.010247 0.132636 -0.026410 -0.074752 0.408883 0.062345 0.000593 -0.066732 0.859090 0.618776 1.000000 0.592663 0.595824 0.284667 0.413051 0.222706 -0.052587 -0.288491 0.072622 0.130761 0.258394 0.107948 0.091372 0.227602 0.003080 0.023890 0.373616 0.108256 0.349212 0.289612 0.111910 -0.082147 0.169937 0.021629 0.144570 0.003398 0.051211 -0.025788 0.217501 0.146762 0.296705 0.275628 -0.046963 -0.142061 0.150468 -0.163974 0.124267 -0.105908 0.354356 0.159913 0.038822 0.203215 0.050376 0.059897 -0.174070 -0.502043 -0.219048 -0.193089 -0.000068 -0.391465 -0.061726 -0.229204 0.172475 -0.134236 -0.150846 -0.207706 -0.418393 -0.279551 0.174974 0.127901 0.177116 0.050412 0.191496 0.076671 0.074736 -0.055948 0.056408 -0.003325 0.046089 0.089306 0.418613 0.095867 0.223106 0.144172 0.014953 -0.418902 -0.255624 -0.316739 -0.417393 -0.398461 -0.282366 -0.168404 0.147030 0.064308 0.052115 -0.075107 -0.375590 -0.283454 -0.242829 -0.302282 -0.105464 -0.243798 -0.049369 -0.043574 0.003207 -0.200455 0.231488 0.102001 -0.041560 -0.074770 -0.082106 0.169947 0.111729 0.177737
0.028709 -0.018317 -0.040514 0.380674 0.030124 0.037976 0.278245 0.240812 0.036190 0.039135 0.486988 0.756405 0.592663 1.000000 0.463676 0.468752 0.283682 0.427698 -0.161390 -0.157855 0.095380 0.146431 0.181712 0.197262 0.078424 0.210502 0.091254 0.071906 0.288530 0.169677 0.246477 0.200860 -0.115591 -0.200883 -0.097980 -0.203906 0.135811 -0.029112 0.113177 0.150477 0.228249 0.255759 0.065976 -0.000745 -0.124824 -0.231074 -0.105636 -0.171120 0.010742 -0.248138 0.076077 -0.069308 -0.031391 0.053335 0.080847 -0.025712 -0.175087 -0.414292 -0.220696 -0.154784 -0.093128 -0.207582 0.079160 -0.194742 0.023262 -0.157156 -0.296346 -0.283034 -0.173286 -0.150082 0.117148 0.230860 0.167632 0.088657 0.164290 0.131637 -0.053860 -0.194351 0.077575 -0.060526 0.180208 0.237555 0.315533 0.349500 0.226435 0.123431 0.005847 -0.142545 -0.073394 -0.113299 -0.224998 -0.252894 0.000123 -0.144268 0.185047 -0.001014 0.000397 0.049632 -0.371233 -0.214540 -0.075550 -0.336534 0.081258 -0.089544 0.091802 0.210169 -0.037965 0.115058 0.030961 0.039015 -0.256046 -0.087996 -0.039965 0.306730 0.190800 0.238643
-0.016256 -0.140933 0.146302 0.057020 0.423602 0.294669 0.282567 0.176762 0.282833 0.319238 0.579087 0.307392 0.595824 0.463676 1.000000 0.617388 0.150262 0.080329 0.172724 -0.098120 0.030470 0.105265 0.224367 0.144711 0.397302 0.233581 0.262228 0.191261 0.092581 -0.078543 0.172588 0.009409 -0.195865 -0.253651 -0.016391 -0.078129 -0.189203 -0.215498 -0.274697 -0.193433 0.026906 0.128124 0.210825 0.029139 -0.029633 -0.165729 -0.044825 -0.089097 0.340763 -0.105108 0.213442 0.155967 0.111053 0.135294 -0.302543 -0.195792 -0.245999 -0.339968 0.017597 0.014180 0.176129 -0.170514 -0.278160 -0.390660 0.234881 -0.071979 0.044261 0.002086 -0.257233 -0.040424 0.026012 0.092966 -0.107171 -0.161076 -0.116412 -0.121761 -0.245361 -0.166230 -0.245724 -0.346645 -0.235103 -0.159993 0.576184 0.256204 -0.008777 -0.228804 -0.314101 -0.288631 -0.053761 -0.203256 -0.113271 -0.243828 0.067348 0.072116 0.100680 -0.080357 -0.302399 -0.211394 -0.544291 -0.413829 0.057910 -0.017803 0.017282 0.092168 -0.146211 0.024357 0.224901 0.168651 0.021450 -0.062036 -0.251986 -0.123096 -0.295236 0.086894 -0.141408 0.031925
-0.096140 -0.083478 0.266792 0.372448 0.450447 0.423544 0.291604 0.426113 0.443794 0.488761 0.242997 0.282964 0.284667 0.468752 0.617388 1.000000 0.035047 -0.037315 0.083296 0.024402 0.344106 0.260648 0.253207 0.227283 0.070972 0.099834 0.483501 0.434567 0.050806 0.115989 0.193819 -0.035167 -0.322361 -0.296208 -0.426520 -0.324714 -0.212716 -0.199794 -0.162464 -0.139648 0.118480 0.395983 -0.018282 -0.278394 -0.117506 -0.235255 -0.289641 -0.297892 0.222293 -0.155484 -0.071473 0.015793 0.092405 0.117040 -0.264548 -0.344438 -0.317896 -0.284112 0.142217 0.185596 -0.117816 -0.035967 -0.148284 -0.445523 0.042196 -0.045748 -0.029055 -0.139751 -0.081056 0.032177 0.163936 0.288921 0.012318 0.025958 -0.013921 0.044310 -0.346464 -0.334755 -0.172449 -0.459854 -0.170933 -0.206079 0.285442 0.512778 -0.165524 -0.246379 -0.192470 0.029441 0.021939 0.146382 0.048101 -0.194359 0.323748 0.037458 -0.120196 -0.288765 -0.440386 -0.323771 -0.500361 -0.421431 0.294871 0.060016 0.086731 0.172864 -0.178652 0.015303 0.076434 0.112214 -0.263141 -0.260706 -0.516578 -0.216597 -0.370908 0.073973 -0.235474 -0.158245
0.340477 0.310268 -0.470570 -0.120776 -0.214057 -0.181725 -0.280315 -0.257662 -0.281770 -0.154020 0.609332 0.364162 0.413051 0.283682 0.150262 0.035047 1.000000 0.671611 -0.125349 0.126387 0.035880 0.026032 -0.371176 -0.207540 -0.066018 0.086625 -0.248321 -0.298675 0.566433 0.314561 -0.034579 0.021796 0.222166 0.269450 -0.004796 -0.075912 0.418802 0.263154 0.286368 0.273704 0.372123 0.224056 -0.277456 -0.275458 -0.337979 -0.372879 -0.153321 -0.147070 -0.395391 -0.345268 -0.256233 -0.375741 -0.339400 -0.288785 0.120473 0.157246 0.347043 0.119326 -0.223878 -0.125571 -0.022111 0.071664 0.596168 0.440972 -0.031288 -0.065124 -0.184924 -0.179860 0.111666 0.013927 -0.064387 -0.003552 0.391888 0.241587 0.392854 0.215092 0.383370 0.261524 0.651722 0.472984 0.734879 0.594270 0.397588 0.392954 0.100745 0.112654 0.189003 -0.125326 -0.073571 -0.002026 -0.140377 -0.168420 -0.201416 -0.122385 0.439464 0.293263 0.324452 0.378661 -0.003171 0.137588 -0.157082 -0.099477 0.199440 0.007934 0.262324 0.129770 -0.012266 -0.082733 0.407932 0.320889 0.051888 0.049440 -0.098874 0.183892 0.247133 0.251626
0.228918 0.304454 -0.555948 -0.043829 -0.291842 -0.344004 -0.353141 -0.342962 -0.336407 -0.198108 0.368828 0.518436 0.222706 0.427698 0.080329 -0.037315 0.671611 1.000000 -0.102601 0.067666 -0.029164 0.041105 -0.375342 -0.214774 -0.179758 -0.071055 -0.279758 -0.309254 0.522656 0.459028 -0.076785 0.068307 0.235368 0.307875 -0.083255 -0.187376 0.431521 0.449462 0.322628 0.284677 0.379569 0.242542 -0.259333 -0.262930 -0.311591 -0.435013 -0.114854 -0.235603 -0.319649 -0.330975 -0.213900 -0.352878 -0.322807 -0.279173 0.206737 0.273277 0.534009 0.209536 -0.334760 -0.261065 -0.079993 0.077821 0.446895 0.531093 -0.027060 -0.116478 -0.390788 -0.400124 0.221325 -0.176159 -0.020521 0.090193 0.414599 0.337615 0.343197 0.358290 0.411061 0.319870 0.571378 0.632144 0.674691 0.732005 0.207573 0.332568 0.214460 0.168369 0.167406 -0.113282 -0.021068 0.020736 -0.203144 -0.090885 -0.187392 -0.204409 0.393975 0.319457 0.354316 0.472456 0.254989 0.349928 -0.162121 -0.235085 0.165762 -0.021068 0.347426 0.341183 -0.129179 0.090318 0.311232 0.271901 0.003463 0.111522 0.096399 0.351855 0.383003 0.256997
0.382136 0.335308 0.481340 0.005114 0.038697 -0.134872 0.317411 0.144029 -0.033079 -0.039494 -0.088847 0.082775 -0.052587 -0.161390 0.172724 0.083296 -0.125349 -0.102601 1.000000 0.284580 0.154713 0.259238 0.005343 0.024555 0.151182 0.164624 0.106243 0.137408 0.075014 0.154654 0.315973 0.094204 0.334031 0.224483 -0.026104 -0.074913 -0.105286 0.116221 -0.016439 -0.079334 0.019355 0.151841 -0.267244 -0.221462 -0.098880 -0.137601 0.066541 0.093025 -0.142725 -0.097859 -0.342341 -0.273534 -0.083004 -0.139702 -0.184008 0.031494 0.054610 0.085509 -0.006750 -0.131319 0.170147 -0.127520 -0.235749 -0.073214 0.232988 -0.062610 -0.075930 0.039033 0.181228 0.039287 0.292047 0.260295 0.135486 0.114738 0.036376 0.127498 0.149710 0.188717 -0.166527 -0.077815 -0.349430 -0.285380 0.132583 0.118817 -0.217416 -0.511150 -0.133744 -0.210128 0.229253 0.025218 -0.153565 -0.112517 -0.108985 0.049468 0.040793 0.163167 -0.011629 -0.064329 -0.164576 -0.136199 -0.248474 -0.158266 -0.192800 -0.110872 0.039927 -0.019013 -0.050897 0.034470 0.009532 0.128288 0.069309 -0.189567 -0.017049 -0.150538 0.088360 0.051911
0.324231 0.612529 0.045940 -0.205524 0.047462 0.077384 -0.168850 -0.096624 -0.046040 0.129324 -0.128879 0.074973 -0.288491 -0.157855 -0.098120 0.024402 0.126387 0.067666 0.284580 1.000000 -0.012001 -0.024159 -0.466187 0.015400 0.070100 0.062114 0.106311 0.250900 -0.195116 -0.104021 -0.215719 -0.317639 -0.005305 0.163128 -0.326606 -0.026094 -0.225923 -0.100550 -0.095694 -0.032428 -0.231377 -0.079176 -0.591992 -0.534073 -0.392161 -0.165985 -0.435444 0.152742 -0.435626 -0.260679 -0.581966 -0.389324 -0.237196 -0.357973 -0.309132 -0.205196 0.314744 0.557549 0.136202 0.188171 -0.080228 0.229629 0.167671 0.198160 -0.150044 0.138446 -0.066354 0.292002 0.529326 0.682262 0.058895 0.053931 -0.140919 0.020155 -0.102497 0.049314 0.030404 0.191684 0.055646 0.063651 0.051584 -0.040171 0.056064 0.230147 -0.206339 -0.092610 -0.065241 0.049932 0.227061 0.404425 0.318272 0.288655 0.091062 0.091880 -0.020956 0.016698 -0.164352 0.041567 0.053594 -0.078532 0.044915 0.139207 0.055703 0.177480 0.053670 0.051619 -0.005136 0.153704 -0.034928 -0.086177 0.034427 -0.218862 -0.207141 -0.246989 0.018560 -0.108631
0.097297 -0.111303 0.240541 0.399377 -0.084191 0.016930 0.239530 0.309704 -0.034724 -0.001824 -0.062366 0.087116 0.072622 0.095380 0.030470 0.344106 0.035880 -0.029164 0.154713 -0.012001 1.000000 0.814368 0.393173 0.122459 -0.176398 0.293374 0.325537 0.537708 0.366762 0.482714 0.596644 0.525491 0.109871 0.174756 -0.334653 -0.257862 0.013574 0.016998 0.114805 -0.003434 0.320675 0.399401 0.042910 -0.059687 -0.165116 -0.115045 0.016962 -0.359497 -0.122422 -0.184565 -0.193284 -0.159534 -0.161890 0.000095 -0.075200 -0.065070 -0.015902 -0.108498 -0.231173 -0.211338 -0.386182 -0.316017 -0.146388 -0.244570 -0.095963 -0.205147 -0.404764 -0.281114 0.067298 -0.188949 0.451745 0.615011 0.416546 0.304373 0.227714 0.327775 0.020214 -0.125924 0.204098 0.013157 0.096253 0.048147 0.145587 0.358361 -0.072073 -0.176736 0.354155 0.331457 -0.045246 -0.179091 -0.272010 -0.388054 -0.094185 -0.121079 -0.052067 -0.252051 -0.074555 -0.092404 -0.119169 -0.032706 -0.052265 -0.205426 0.052651 0.067383 0.093814 -0.032125 -0.323334 -0.255554 -0.260475 0.057197 -0.168551 0.009596 0.145932 0.136970 0.029881 -0.141989
0.233591 -0.059513 0.146023 0.273957 -0.142998 -0.080119 0.244821 0.235436 -0.116492 -0.085220 -0.048341 0.208331 0.130761 0.146431 0.105265 0.260648 0.026032 0.041105 0.259238 -0.024159 0.814368 1.000000 0.325117 0.014645 -0.134208 0.368327 0.351726 0.515513 0.372858 0.458735 0.632556 0.585225 0.111717 0.226604 -0.234547 -0.179531 0.017714 0.131737 0.153185 0.133042 0.333129 0.471902 0.042937 0.048217 -0.133236 -0.121771 0.119756 -0.136941 -0.111871 -0.135523 -0.216302 -0.108608 -0.159680 0.077170 -0.048739 0.154792 0.061032 -0.060363 -0.248465 -0.249294 -0.270094 -0.285673 -0.216029 -0.177970 -0.153238 -0.197399 -0.524897 -0.362820 0.029236 -0.310663 0.418484 0.685439 0.390979 0.254948 0.170857 0.344326 0.113959 0.020462 0.156356 0.057573 0.038607 0.002210 0.341648 0.418067 -0.064330 -0.226756 0.440923 0.244709 0.116739 -0.157209 -0.390274 -0.418933 -0.191227 -0.164628 0.113386 -0.117359 0.006048 0.001284 -0.143680 -0.001283 -0.193292 -0.320706 -0.101893 -0.005954 0.047114 -0.101986 -0.205825 -0.155974 -0.142149 0.127691 0.001975 0.056507 0.281097 0.183246 -0.031753 -0.062625
-0.254892 -0.631607 0.489524 0.673605 0.053958 0.043715 0.622985 0.487934 0.171741 -0.015418 -0.057408 0.073935 0.258394 0.181712 0.224367 0.253207 -0.371176 -0.375342 0.005343 -0.466187 0.393173 0.325117 1.000000 0.630616 0.028971 0.289259 0.140930 0.292278 0.121167 0.085328 0.546192 0.536089 -0.047113 -0.145163 0.054118 -0.117932 -0.023862 -0.162658 -0.035562 -0.054649 0.212859 0.187442 0.585440 0.420490 0.276822 0.157795 0.243488 -0.276002 0.324935 0.064123 0.471756 0.244805 0.106280 0.299884 -0.059904 -0.032918 -0.561192 -0.660887 -0.384719 -0.302120 -0.267724 -0.624364 -0.460133 -0.596432 0.323400 -0.338068 -0.183628 -0.236403 -0.553463 -0.448832 0.203585 0.252457 0.139930 0.032245 0.129070 -0.030053 -0.220922 -0.408543 -0.285270 -0.290872 -0.286911 -0.108831 0.038541 -0.013775 0.327099 0.021727 -0.019311 0.066536 -0.139474 -0.481184 -0.464989 -0.535387 -0.109319 -0.157590 -0.177939 -0.192084 -0.176776 -0.202525 -0.385109 -0.264763 -0.066649 -0.272776 -0.230269 -0.197461 -0.121549 0.000509 -0.165479 -0.178312 -0.104275 -0.064002 -0.188115 0.061702 -0.003248 0.174754 -0.046596 -0.031718
-0.350365 -0.341238 0.435116 0.517465 0.076152 -0.013132 0.400781 0.319708 0.152625 0.049405 -0.051339 0.239850 0.107948 0.197262 0.144711 0.227283 -0.207540 -0.214774 0.024555 0.015400 0.122459 0.014645 0.630616 1.000000 0.055947 0.293109 -0.121750 0.178957 -0.011839 -0.088265 0.270202 0.288527 -0.047405 0.003674 0.124069 0.136996 0.028238 -0.151871 -0.022044 0.009406 0.023141 0.085322 0.157530 0.121626 0.147514 0.206473 -0.010435 0.064229 0.002258 -0.123330 0.138639 -0.175526 -0.137228 -0.126727 -0.140787 -0.116510 -0.523282 -0.458183 -0.352978 -0.308235 -0.246679 -0.520265 -0.259257 -0.452045 0.461283 -0.206454 -0.161062 0.152100 -0.418629 0.033330 0.111210 0.134620 0.001030 -0.036809 0.090453 -0.047027 -0.175141 -0.281028 -0.186542 -0.241728 -0.108853 0.022636 0.010658 0.062504 0.378868 0.022031 -0.146172 -0.095523 0.089281 -0.317372 -0.225865 -0.324708 -0.057377 -0.182210 -0.136313 -0.053977 -0.096313 -0.039430 -0.409617 -0.394284 -0.077715 -0.295124 -0.177271 -0.130497 -0.013794 0.066243 -0.097831 0.085111 -0.008555 -0.074133 0.105298 -0.024778 -0.210677 -0.050000 0.006118 -0.078471
-0.034317 -0.148210 0.228549 -0.137831 0.553099 0.571675 0.172773 0.249275 0.276523 0.350794 0.185358 -0.120806 0.091372 0.078424 0.397302 0.070972 -0.066018 -0.179758 0.151182 0.070100 -0.176398 -0.134208 0.028971 0.055947 1.000000 0.481474 0.102769 0.019401 -0.214141 -0.410437 -0.038908 -0.129533 -0.268797 -0.361028 0.192403 0.139835 -0.269926 -0.407248 -0.222688 -0.176523 -0.202105 -0.198396 0.157362 0.018516 0.094620 -0.004512 0.117665 0.144979 0.174558 0.058165 0.116782 0.117951 0.135562 0.206155 -0.305882 -0.347581 -0.258844 -0.199059 0.158440 0.119974 0.199832 -0.085429 -0.156200 -0.268971 0.210493 -0.007648 0.287242 0.344219 -0.176981 0.167877 -0.155115 -0.093846 -0.363212 -0.431971 -0.410859 -0.342408 -0.378586 -0.181330 -0.257246 -0.439575 -0.282474 -0.228091 0.288640 0.053010 -0.011542 -0.206481 -0.330013 -0.076164 -0.086300 -0.260832 0.058006 0.068258 0.136644 0.448451 -0.086491 -0.090297 -0.275849 -0.262722 -0.378066 -0.313734 0.087647 0.148264 0.187517 0.147954 0.076172 -0.035290 0.256955 0.016135 -0.094556 -0.168117 -0.174525 -0.189332 -0.151638 0.001304 -0.000524 -0.015321
0.091277 -0.202068 0.145196 0.201038 0.059508 0.155269 0.235964 0.240087 -0.168966 -0.033928 0.198306 0.227475 0.227602 0.210502 0.233581 0.099834 0.086625 -0.071055 0.164624 0.062114 0.293374 0.368327 0.289259 0.293109 0.481474 1.000000 0.064481 0.345511 0.088019 -0.061772 0.317615 0.339073 -0.116701 -0.094976 0.161342 0.127612 0.094355 -0.031398 0.152733 0.154607 0.159719 0.120820 0.125062 0.155110 -0.040861 -0.037487 0.184767 -0.002067 -0.102780 -0.112351 0.042564 -0.058429 -0.234180 0.068554 -0.038078 0.087739 -0.210703 -0.326484 -0.327241 -0.286294 -0.205731 -0.400196 -0.203099 -0.328134 0.194922 -0.019613 -0.219590 0.059593 -0.232519 -0.062000 0.053619 0.259375 -0.012547 -0.122002 -0.031103 0.037222 -0.022880 -0.034757 0.038780 -0.128049 0.013948 0.049575 0.376118 0.164475 0.256210 -0.052679 0.168228 -0.054154 0.113361 -0.337596 -0.412636 -0.333030 -0.247547 0.052286 0.240360 0.121332 0.114631 0.158038 -0.309028 -0.167577 -0.309005 -0.283579 -0.083352 -0.039891 0.186464 0.096713 0.118145 0.065913 0.056187 0.197903 0.060991 -0.126378 0.108296 0.050137 0.149480 0.234769
0.130746 0.146586 0.235593 0.044514 0.446242 0.631863 0.253140 0.404814 0.510114 0.483357 -0.074628 -0.074261 0.003080 0.091254 0.262228 0.483501 -0.248321 -0.279758 0.106243 0.106311 0.325537 0.351726 0.140930 -0.121750 0.102769 0.064481 1.000000 0.685164 -0.352235 -0.187800 0.001136 -0.209550 -0.382409 -0.406883 -0.553067 -0.290394 -0.516240 -0.292048 -0.240243 -0.176555 -0.154473 -0.059468 -0.042579 -0.135386 -0.278520 -0.204642 -0.363647 -0.181677 0.147486 -0.113360 -0.088266 0.178217 0.212329 0.205640 -0.330010 -0.350102 -0.099656 0.168654 0.437239 0.481479 0.026610 0.232203 -0.204669 -0.221479 -0.282591 0.087255 0.060198 -0.011500 0.142565 0.213685 -0.076553 -0.016704 -0.373851 -0.272190 -0.442452 -0.267502 -0.447636 -0.381516 -0.390571 -0.328743 -0.335286 -0.349985 0.186504 0.106470 -0.279203 -0.122601 -0.034027 0.131256 0.149461 0.276986 0.239907 0.137509 0.350662 0.075941 -0.331867 -0.448281 -0.546245 -0.491526 -0.271465 -0.301583 0.308011 0.254495 -0.149171 0.099389 -0.389207 -0.143232 0.118523 -0.151435 -0.396345 -0.505677 -0.428987 -0.272353 -0.269417 -0.108818 -0.459512 -0.279457
-0.034693 0.008137 0.328269 0.153711 0.119864 0.360450 0.355796 0.383501 0.147379 0.164876 -0.045464 0.061420 0.023890 0.071906 0.191261 0.434567 -0.298675 -0.309254 0.137408 0.250900 0.537708 0.515513 0.292278 0.178957 0.019401 0.345511 0.685164 1.000000 -0.206581 -0.022495 0.341939 0.186711 -0.293690 -0.180211 -0.421919 -0.078179 -0.359404 -0.166938 -0.187614 -0.076319 -0.025433 0.216202 -0.027264 -0.038719 -0.243635 -0.066132 -0.182413 -0.162805 -0.067708 -0.167193 -0.142828 0.061815 -0.020201 0.073523 -0.430078 -0.252082 -0.077674 0.100960 0.145174 0.136213 -0.241757 0.011704 -0.427550 -0.336246 -0.249227 0.043190 -0.183496 0.001203 0.110526 0.159027 0.320895 0.352464 -0.180948 -0.075420 -0.290959 0.020039 -0.283017 -0.185895 -0.320880 -0.295164 -0.328922 -0.332531 0.153383 0.178090 -0.105802 -0.079802 0.146850 0.107400 0.145949 0.085569 0.036896 -0.032966 0.127728 -0.025273 -0.258739 -0.354013 -0.498680 -0.339743 -0.254095 -0.241378 0.139158 -0.004128 -0.112138 0.048733 -0.326792 -0.134459 0.036579 -0.032516 -0.364796 -0.335859 -0.284179 -0.241222 -0.083897 -0.074566 -0.286613 -0.237224
0.190952 -0.112073 -0.184679 0.258508 -0.456972 -0.492304 0.012689 -0.177500 -0.484011 -0.388606 0.295420 0.405159 0.373616 0.288530 0.092581 0.050806 0.566433 0.522656 0.075014 -0.195116 0.366762 0.372858 0.121167 -0.011839 -0.214141 0.088019 -0.352235 -0.206581 1.000000 0.708435 0.491203 0.589288 0.527924 0.497136 0.129019 -0.197990 0.641695 0.472451 0.499085 0.344662 0.731793 0.621373 0.051439 0.037665 -0.104859 -0.304140 0.181144 -0.262646 -0.296249 -0.301021 -0.107790 -0.323893 -0.336212 -0.165282 0.288887 0.366965 0.112725 -0.288876 -0.591439 -0.557790 -0.103117 -0.302332 0.307100 0.199061 0.045848 -0.403882 -0.518618 -0.587605 -0.087236 -0.449934 0.387854 0.433000 0.860334 0.541470 0.716245 0.547466 0.544853 0.338139 0.632565 0.424808 0.557765 0.537595 0.288200 0.416011 0.259488 0.047519 0.373351 0.096240 -0.127323 -0.288825 -0.567704 -0.527222 -0.482676 -0.307121 0.381261 0.358663 0.398098 0.391362 0.010802 0.183918 -0.391122 -0.450315 0.064300 -0.209370 0.356251 0.169669 -0.292503 -0.166667 0.335035 0.461899 0.052344 0.207914 0.193635 0.429988 0.387340 0.286740
0.229133 -0.026858 -0.116869 0.298434 -0.450250 -0.476669 0.004943 -0.033927 -0.369108 -0.397741 0.013893 0.330389 0.108256 0.169677 -0.078543 0.115989 0.314561 0.459028 0.154654 -0.104021 0.482714 0.458735 0.085328 -0.088265 -0.410437 -0.061772 -0.187800 -0.022495 0.708435 1.000000 0.491412 0.489435 0.299587 0.379927 -0.239522 -0.435583 0.433924 0.584859 0.323354 0.183459 0.512967 0.611132 -0.118409 -0.216666 -0.229790 -0.281346 0.140131 -0.367647 -0.325286 -0.214154 -0.365637 -0.300164 -0.262125 0.007186 0.157288 0.331867 0.359790 -0.056725 -0.449070 -0.433564 -0.300589 -0.198048 0.154960 0.229053 -0.136851 -0.245076 -0.544796 -0.629927 0.146188 -0.484752 0.554958 0.643698 0.865309 0.834089 0.711388 0.796583 0.597114 0.396141 0.526074 0.474591 0.348787 0.425778 0.033643 0.377963 0.009498 0.038273 0.454212 0.287830 -0.132012 -0.044970 -0.347466 -0.253106 -0.174488 -0.168311 0.166571 0.145357 0.169398 0.211376 0.213834 0.333384 -0.184864 -0.214834 -0.014728 -0.159349 0.093657 -0.016642 -0.317620 -0.173993 0.084931 0.284270 -0.172483 0.234993 0.248224 0.312991 0.188249 0.121975
0.025499 -0.244821 0.398901 0.274644 -0.260362 -0.254083 0.549962 0.252902 -0.182538 -0.322914 0.136379 0.373837 0.349212 0.246477 0.172588 0.193819 -0.034579 -0.076785 0.315973 -0.215719 0.596644 0.632556 0.546192 0.270202 -0.038908 0.317615 0.001136 0.341939 0.491203 0.491412 1.000000 0.869138 0.281480 0.273923 -0.027252 -0.142334 0.055085 0.070340 -0.001820 -0.088166 0.342511 0.509932 0.291631 0.268241 0.127517 0.127482 0.307006 -0.159116 -0.078041 -0.017961 -0.019881 -0.059670 -0.196550 0.126505 -0.211136 0.052951 -0.194668 -0.400611 -0.351263 -0.395388 -0.233468 -0.526102 -0.248506 -0.294410 0.075169 -0.378969 -0.331148 -0.251303 -0.236354 -0.409437 0.687820 0.718277 0.530362 0.376364 0.355903 0.433654 0.143765 -0.040576 0.057740 -0.087424 -0.090360 -0.048867 0.152284 0.185972 0.090691 -0.139994 0.209982 0.085559 -0.211137 -0.485904 -0.479196 -0.507834 -0.228705 -0.059095 -0.030544 -0.049898 -0.087335 -0.132598 -0.314999 -0.140617 -0.199186 -0.360107 -0.147526 -0.288813 -0.087813 -0.204149 -0.189861 -0.183701 -0.102210 0.138182 -0.060411 0.053114 0.167233 0.277840 0.106228 0.064764
-0.084662 -0.376413 0.132506 0.316287 -0.415832 -0.415556 0.348481 0.070977 -0.375677 -0.418023 0.079231 0.336466 0.289612 0.200860 0.009409 -0.035167 0.021796 0.068307 0.094204 -0.317639 0.525491 0.585225 0.536089 0.288527 -0.129533 0.339073 -0.209550 0.186711 0.589288 0.489435 0.869138 1.000000 0.349377 0.433518 0.153691 0.006016 0.280937 0.200540 0.179525 0.100910 0.476819 0.474761 0.387034 0.457423 0.224357 0.169909 0.418696 -0.097620 -0.140111 -0.003102 0.117345 -0.059703 -0.298657 0.034318 0.000412 0.238489 -0.142434 -0.403992 -0.583502 -0.557436 -0.358734 -0.572587 -0.159937 -0.150087 0.062569 -0.390569 -0.475242 -0.343027 -0.317689 -0.512657 0.567097 0.665192 0.590803 0.382902 0.427703 0.438960 0.282681 0.110458 0.209415 0.140523 0.138204 0.185505 0.137388 0.146018 0.301814 0.014527 0.313920 0.102886 -0.224626 -0.622422 -0.658712 -0.618556 -0.435252 -0.223123 0.081078 0.060835 0.163042 0.117527 -0.124935 -0.001474 -0.371247 -0.529233 -0.167793 -0.339709 0.092793 -0.072738 -0.250244 -0.200669 0.068383 0.295117 0.166818 0.122033 0.299197 0.265127 0.235546 0.092836
0.201556 0.173426 0.054646 -0.057879 -0.358584 -0.597752 0.090961 -0.342462 -0.397697 -0.391082 0.024609 0.192930 0.111910 -0.115591 -0.195865 -0.322361 0.222166 0.235368 0.334031 -0.005305 0.109871 0.111717 -0.047113 -0.047405 -0.268797 -0.116701 -0.382409 -0.293690 0.527924 0.299587 0.281480 0.349377 1.000000 0.714649 0.274075 0.071964 0.388840 0.357628 0.290508 0.068386 0.295103 0.134930 -0.093767 0.138597 -0.018613 -0.069472 0.087332 0.003753 -0.222724 -0.175200 -0.102802 -0.344967 -0.393748 -0.297682 0.228230 0.258271 0.176197 -0.010694 -0.270700 -0.376760 0.101755 -0.236491 0.236403 0.245593 0.118173 -0.302441 -0.164673 -0.197037 0.058713 -0.175384 0.240927 0.095503 0.563643 0.407514 0.558666 0.355873 0.572383 0.325606 0.304564 0.502626 0.206067 0.217278 -0.032436 -0.185729 0.129337 -0.039337 0.175389 -0.109944 0.045830 -0.242993 -0.325647 -0.302895 -0.420589 -0.279629 0.184168 0.421455 0.489326 0.295891 0.220928 0.173555 -0.360018 -0.320381 -0.100182 -0.288248 0.224027 0.078877 -0.222336 -0.158014 0.320629 0.390728 0.360039 0.174363 0.160352 0.123506 0.330047 0.188488
0.022555 0.162710 -0.121864 -0.076817 -0.443225 -0.606017 -0.130421 -0.393895 -0.527754 -0.425940 -0.073840 0.097187 -0.082147 -0.200883 -0.253651 -0.296208 0.269450 0.307875 0.224483 0.163128 0.174756 0.226604 -0.145163 0.003674 -0.361028 -0.094976 -0.406883 -0.180211 0.497136 0.379927 0.273923 0.433518 0.714649 1.000000 0.179835 0.157241 0.348735 0.396831 0.242293 0.124781 0.261810 0.199037 -0.230604 -0.004705 0.019627 0.006646 0.035436 0.122711 -0.256901 -0.141531 -0.249986 -0.382512 -0.474696 -0.431662 0.101429 0.318228 0.189753 0.168627 -0.336677 -0.382708 -0.055256 -0.088737 0.243632 0.372887 0.065268 -0.055514 -0.267250 -0.181209 0.101114 -0.071185 0.272624 0.261110 0.555249 0.456108 0.500257 0.406147 0.596344 0.487152 0.371430 0.585253 0.326121 0.305210 0.005622 0.067014 0.057703 -0.120403 0.286522 -0.024288 0.099655 -0.166719 -0.231140 -0.253217 -0.369698 -0.320459 0.221622 0.321548 0.428164 0.345271 0.243052 0.210428 -0.358556 -0.357518 -0.163141 -0.285437 0.229440 0.031909 -0.224069 0.008811 0.329635 0.371475 0.430857 0.122073 0.134295 -0.024609 0.286032 0.086290
-0.196266 -0.278388 -0.034850 -0.161648 -0.229868 -0.314923 -0.033976 -0.286227 -0.325190 -0.322498 0.177587 -0.038948 0.169937 -0.097980 -0.016391 -0.426520 -0.004796 -0.083255 -0.026104 -0.326606 -0.334653 -0.234547 0.054118 0.124069 0.192403 0.161342 -0.553067 -0.421919 0.129019 -0.239522 -0.027252 0.153691 0.274075 0.179835 1.000000 0.709488 0.420156 0.208841 0.304187 0.232449 0.141841 -0.119162 0.292988 0.493687 0.349399 0.292378 0.448303 0.316774 0.148114 0.121499 0.331085 0.035103 -0.100497 -0.075186 0.378938 0.391835 -0.267225 -0.406873 -0.319627 -0.475411 0.224769 -0.259320 -0.134869 -0.155259 0.458178 0.094392 0.136089 0.183355 -0.341606 -0.163785 -0.229874 -0.201808 -0.023307 -0.247742 0.071908 -0.101792 0.190434 0.241490 0.061001 0.004661 0.058980 0.100735 -0.025899 -0.262717 0.361013 0.021512 -0.041614 -0.339040 0.101077 -0.306799 -0.326065 -0.247507 -0.475817 -0.210271 0.333119 0.473689 0.518380 0.321641 -0.040273 -0.007842 -0.446180 -0.374431 -0.124866 -0.232132 0.273656 0.069756 0.140289 0.122546 0.408558 0.480248 0.566099 0.143556 0.196270 -0.002741 0.282599 0.268476
-0.273180 -0.088199 -0.015201 -0.352461 -0.122662 -0.076630 -0.149614 -0.209835 -0.137288 -0.133750 0.126047 -0.122633 0.021629 -0.203906 -0.078129 -0.324714 -0.075912 -0.187376 -0.074913 -0.026094 -0.257862 -0.179531 -0.117932 0.136996 0.139835 0.127612 -0.290394 -0.078179 -0.197990 -0.435583 -0.142334 0.006016 0.071964 0.157241 0.709488 1.000000 0.161543 0.035439 0.112625 0.150739 -0.123733 -0.170850 0.086060 0.358982 0.219402 0.472871 0.149886 0.510664 0.000312 0.072003 0.166270 -0.045819 -0.035037 -0.224910 0.170358 0.124464 -0.181649 -0.090539 0.005066 -0.200180 0.096780 -0.099386 -0.195317 -0.206178 0.157898 0.354961 0.092658 0.522096 -0.114926 0.219723 -0.181878 -0.182292 -0.308233 -0.359441 -0.213402 -0.176096 -0.029440 0.173064 -0.053614 -0.122947 -0.013079 -0.086366 -0.040407 -0.264514 0.139598 -0.004182 -0.066528 -0.347897 0.279496 -0.093345 -0.078244 0.008233 -0.345310 -0.217036 0.196974 0.285906 0.263481 0.181376 -0.087857 -0.194886 -0.346283 -0.267872 -0.242400 -0.143258 0.053117 -0.037186 0.130549 0.160959 0.296278 0.233379 0.635535 -0.119521 0.056426 -0.214402 0.125849 0.130337
