1.000000 0.319752 0.230796 -0.474812 0.296587 0.121839 0.263172 0.100787 0.235810 0.168550 0.436894 -0.123699 0.236763 0.383164 0.001050 0.039601 -0.036955 -0.065502 -0.078505 -0.137502 -0.274205 0.025470 -0.504442 -0.323363 0.043973 -0.164110 -0.108832 -0.383296 0.120705 0.129597 -0.241471 -0.428946 -0.142409 -0.044640 -0.209896 0.028921 -0.114177 -0.088795 -0.231593 -0.091433 -0.093934 -0.022874 0.169847 -0.019669 -0.103756 -0.262982 0.300941 0.153643 0.378774 -0.093451 0.029637 0.091778 0.324289 0.157612 0.204631 0.121571 0.292023 0.073536 0.649510 0.070607 0.532699 0.406620 0.116189 0.154826 -0.344113 0.363863 -0.094584 -0.476606 -0.149144 -0.398686 0.002433 -0.308034 0.066428 -0.120554 -0.129889 -0.154676 -0.041282 -0.188038 -0.018941 -0.013724 -0.052878 -0.169082 -0.210367 -0.198940 -0.150696 -0.550506 -0.426440 -0.295442 0.040082 0.086668 0.379192 0.248293 -0.193172 0.180184 -0.003325 -0.159419 -0.022486 -0.365204 0.236317 0.416395 0.167856 0.522300 0.086382 0.230942 -0.187384 -0.230898 0.243888 -0.230809 0.163866 -0.373501 -0.287311 -0.008750 0.324523 -0.317872 -0.282257 -0.200817
0.319752 1.000000 0.014794 -0.052619 -0.101543 -0.084376 -0.067134 -0.231917 -0.032088 -0.172343 0.334216 0.269524 -0.193565 -0.142695 0.257560 0.040086 -0.283604 -0.246870 0.179125 -0.052864 -0.045090 0.069043 0.100297 -0.079886 0.031010 0.031927 0.044413 0.200336 -0.254349 -0.202096 0.102571 -0.047882 -0.059148 -0.077015 -0.050071 0.035145 -0.143068 -0.017700 -0.163675 -0.097429 -0.187811 -0.129836 0.018695 0.068312 0.003410 -0.025528 0.169389 0.027434 0.129908 -0.019231 -0.152470 0.265429 0.168779 0.138263 -0.032350 0.024774 -0.003842 -0.007010 0.286136 0.489038 -0.237643 0.133739 -0.366536 -0.062667 0.020995 0.124557 0.001860 -0.203444 0.051491 -0.194516 0.000954 -0.066353 -0.300867 -0.128497 -0.078365 -0.042691 -0.062548 -0.116464 -0.242098 -0.224136 -0.330706 -0.324106 0.192224 -0.020135 0.282379 0.086637 0.080041 0.066704 0.084318 0.022335 -0.001873 0.241833 -0.103007 0.082400 0.035758 0.099792 0.189141 -0.196586 0.230111 0.094269 -0.047004 -0.109236 0.202525 -0.021723 -0.057190 -0.202151 0.339667 -0.138646 0.217087 -0.269645 0.000274 -0.147469 -0.060208 -0.219964 -0.118010 -0.280107
0.230796 0.014794 1.000000 0.158213 0.674659 0.378147 0.777272 0.120758 0.622064 0.160228 0.155961 -0.069388 -0.014172 -0.088862 0.291466 0.075305 -0.613462 -0.524846 0.283820 -0.426850 0.097024 0.184667 0.352163 0.441604 0.457364 0.351305 0.413763 0.206568 -0.489158 -0.478679 0.013717 -0.135044 -0.591059 -0.290053 0.342946 0.462957 -0.353200 -0.237531 -0.024439 -0.004038 -0.428855 -0.141747 -0.000365 -0.132525 0.065271 -0.090140 -0.027309 -0.081287 0.415738 -0.137616 0.377752 -0.119146 0.182465 -0.079500 -0.121275 -0.258079 -0.304296 -0.280506 0.051070 -0.027364 0.135782 0.142987 -0.452730 -0.317088 0.141708 0.224986 0.053701 -0.001363 -0.447725 -0.427353 0.131427 -0.078764 -0.429329 -0.136623 -0.104720 -0.160653 -0.344314 -0.320486 -0.360869 -0.392640 -0.576172 -0.569574 -0.115473 -0.364431 0.022265 -0.130863 0.005567 -0.080733 0.284609 0.217508 0.184175 0.603270 0.354405 0.653348 -0.238929 -0.290563 -0.196161 -0.372709 -0.285215 -0.268644 0.282232 0.380796 -0.432288 -0.230959 -0.188587 0.136258 0.044905 0.010423 -0.193980 -0.288101 -0.182480 -0.462053 -0.054091 -0.418446 -0.176165 -0.025900
-0.474812 -0.052619 0.158213 1.000000 -0.004808 0.335613 0.034134 0.377600 0.175770 0.287640 -0.067782 0.431569 -0.188307 -0.261595 0.206318 0.430706 -0.375023 -0.289587 0.435263 -0.275719 0.138116 0.056141 0.506360 0.607858 -0.036628 0.054007 0.382615 0.345825 -0.374380 -0.425084 0.011762 0.085483 -0.274393 -0.144240 0.205098 -0.074545 -0.020037 0.071461 0.160922 0.084126 -0.094791 -0.066899 -0.221573 -0.106223 0.013997 0.014956 -0.215834 -0.344072 -0.108533 -0.057228 0.017651 -0.067345 -0.054438 -0.195052 -0.086262 -0.116839 -0.424308 -0.430161 -0.516738 -0.223914 -0.241300 -0.131472 -0.263942 -0.345577 0.391180 0.019557 -0.086058 0.290099 -0.222398 -0.005793 -0.143989 -0.062045 -0.377669 -0.187741 -0.159919 -0.062255 -0.220276 -0.219296 -0.333033 -0.369175 -0.328040 -0.274828 0.202345 0.126810 0.244528 0.485881 0.309452 0.270657 0.278963 0.279367 -0.122521 -0.043752 0.403145 -0.108309 -0.178923 0.142709 -0.148119 -0.008127 -0.256331 -0.599040 -0.002794 -0.267471 -0.235579 -0.178996 -0.016899 0.089474 -0.180801 0.076331 0.005659 0.106179 -0.149885 -0.238180 -0.177322 0.149755 0.138962 -0.057305
0.296587 -0.101543 0.674659 -0.004808 1.000000 0.574789 0.688952 0.416603 0.687310 0.494925 0.060563 -0.138367 0.007905 0.094876 -0.018023 0.001656 -0.377339 -0.281940 0.056902 -0.198074 -0.253521 -0.052705 -0.023329 0.263693 0.252680 0.089031 0.388941 -0.115511 -0.278436 -0.205701 -0.380946 -0.411395 -0.416195 -0.087719 0.071451 0.297399 -0.373839 -0.439308 -0.317354 -0.265814 -0.476512 -0.217995 -0.059897 -0.196421 0.152245 0.062614 -0.070825 -0.141259 0.408301 0.030177 0.369050 -0.103165 0.223254 -0.187552 -0.318030 -0.331471 -0.072617 -0.136112 0.215692 -0.035720 0.227059 0.224280 -0.102010 -0.144699 -0.085414 0.367158 0.145222 0.124254 -0.295229 -0.254059 0.065802 -0.259826 -0.283570 -0.080939 -0.143259 -0.278868 -0.328708 -0.357634 -0.074796 -0.172845 -0.297913 -0.291999 -0.213198 -0.351373 -0.187442 -0.317979 -0.129139 -0.202367 0.109080 0.126099 0.372300 0.441553 0.289734 0.579176 -0.295795 -0.433037 -0.425492 -0.527225 -0.272860 -0.198414 0.556367 0.484951 -0.140661 -0.129043 -0.340212 -0.099693 0.117101 -0.024816 -0.173949 -0.426810 -0.439181 -0.224781 0.070825 -0.482328 -0.214017 -0.067482
0.121839 -0.084376 0.378147 0.335613 0.574789 1.000000 0.312147 0.703241 0.497133 0.679103 -0.032688 0.065887 -0.168595 0.196555 0.026331 0.433179 -0.425558 -0.388087 -0.176428 -0.419576 0.011920 0.300467 -0.026001 0.464319 0.189131 0.119563 0.287107 0.131885 -0.410036 -0.294157 -0.425751 -0.279130 -0.380819 -0.065447 0.011632 0.189769 -0.203204 -0.267295 -0.026661 0.068400 -0.355055 -0.253281 -0.368002 -0.414499 -0.211706 -0.236069 -0.319217 -0.398909 0.042760 -0.286085 0.317545 -0.196294 0.126267 -0.332140 -0.238981 -0.330135 -0.221301 -0.237819 0.215578 0.017807 0.297655 0.365103 -0.072857 -0.156180 0.127317 0.591735 0.152767 0.032781 -0.276642 -0.122296 -0.232345 -0.200523 -0.493282 -0.212656 -0.353094 -0.242371 -0.187871 -0.306731 -0.098962 -0.187387 -0.220374 -0.290063 -0.250146 0.013867 0.087839 -0.047287 -0.061006 0.060825 0.399711 0.457183 0.225975 0.051394 0.350056 0.203990 -0.257223 -0.205280 -0.260047 -0.325049 -0.294614 -0.366137 0.503180 0.254110 -0.125687 -0.016499 -0.301810 -0.089549 0.128348 0.027905 -0.003028 -0.342199 -0.436424 -0.240230 -0.056127 -0.180069 -0.169598 -0.288867
0.263172 -0.067134 0.777272 0.034134 0.688952 0.312147 1.000000 0.161788 0.730068 0.349335 0.281882 -0.048369 0.214942 0.033779 0.346975 0.174409 -0.389253 -0.322569 0.254397 -0.266574 -0.169929 0.044152 0.171144 0.207502 0.252462 0.110078 0.178339 -0.126865 -0.161827 -0.264678 -0.051307 -0.219423 -0.394437 -0.241955 0.222167 0.265556 -0.289477 -0.311859 -0.159475 -0.232168 -0.375459 -0.165650 0.084206 -0.111984 0.158408 -0.129157 0.147855 -0.036545 0.372853 0.040750 0.228978 -0.168201 0.141827 0.050074 -0.281399 -0.177393 -0.215730 -0.290435 -0.008926 -0.209885 0.218090 0.130233 -0.251291 -0.294145 0.165070 0.163603 -0.096111 -0.135945 -0.424543 -0.367161 0.159188 -0.065638 -0.114043 -0.082009 0.006155 -0.155068 -0.204812 -0.280146 -0.175864 -0.277826 -0.347476 -0.351485 0.052061 -0.227895 -0.041396 -0.241735 -0.214574 -0.287669 0.119074 -0.045749 0.256597 0.553876 0.241766 0.596434 -0.174092 -0.383679 -0.414892 -0.331947 -0.229871 -0.174652 0.234801 0.339260 -0.245492 -0.194360 -0.246640 -0.010947 0.048761 -0.098019 -0.123874 -0.385750 -0.321248 -0.241977 0.155707 -0.266822 -0.121912 0.099085
0.100787 -0.231917 0.120758 0.377600 0.416603 0.703241 0.161788 1.000000 0.350795 0.802945 -0.076494 0.048460 -0.007745 0.381440 -0.267227 0.366236 -0.169467 -0.157690 -0.103741 -0.217117 -0.197041 -0.021774 -0.365750 0.168509 -0.175383 -0.167711 0.120563 -0.200250 -0.184822 -0.149301 -0.514879 -0.325693 -0.250673 0.098944 -0.180854 -0.078732 -0.180497 -0.288677 -0.245522 -0.086053 -0.215456 -0.188476 -0.236362 -0.320384 -0.120599 -0.119517 -0.212127 -0.419066 0.064488 -0.194271 0.030338 -0.124770 0.049478 -0.312673 -0.152980 -0.250005 -0.168529 -0.285127 0.166613 -0.092908 0.420315 0.480765 0.178649 -0.047698 -0.012055 0.591127 0.177760 0.164731 -0.150839 -0.060380 -0.271125 -0.301486 -0.229850 -0.182088 -0.276005 -0.226153 -0.179407 -0.254503 -0.014602 -0.066730 -0.008870 -0.097117 -0.275678 -0.032878 -0.199364 -0.116120 -0.135484 -0.074350 0.134037 0.351992 0.259584 -0.198350 0.262412 -0.133019 -0.257381 -0.113934 -0.374053 -0.164194 -0.191924 -0.248284 0.482249 0.248428 -0.024285 0.021214 -0.296347 -0.283249 0.036088 -0.025074 0.164293 -0.189279 -0.558611 -0.072899 0.091980 -0.009816 -0.202672 -0.124792
0.235810 -0.032088 0.622064 0.175770 0.687310 0.497133 0.730068 0.350795 1.000000 0.623199 0.300454 0.102036 0.257516 0.131487 0.420106 0.369313 -0.229166 -0.134093 0.217798 -0.374453 -0.327484 0.058318 0.080131 0.139374 0.043365 -0.204902 0.193455 -0.273862 -0.144421 -0.127715 -0.366137 -0.483273 -0.359588 -0.221753 -0.021595 0.004808 -0.218228 -0.224273 -0.124169 -0.158312 -0.284459 -0.033297 -0.140268 -0.323679 0.070852 -0.225293 -0.071507 -0.357842 0.375117 -0.011471 0.255217 -0.211110 0.195815 -0.101816 -0.245586 -0.322152 -0.069191 -0.072484 0.076331 -0.210303 0.317233 0.206573 -0.063063 -0.134365 0.146951 0.213453 -0.048135 -0.124996 -0.382823 -0.305087 -0.002029 -0.296038 -0.100677 0.023266 0.010627 -0.159128 -0.109834 -0.180252 -0.056994 -0.114283 -0.224739 -0.157931 0.014542 -0.117285 -0.018260 -0.192879 -0.205474 -0.214576 0.279118 0.099288 0.292549 0.360506 0.263953 0.422605 -0.224994 -0.307566 -0.533103 -0.388669 -0.309068 -0.310015 0.204496 0.381237 -0.182668 -0.107797 -0.424956 -0.125803 -0.057478 -0.068937 -0.201668 -0.348119 -0.549210 -0.230624 0.099010 -0.184564 -0.117175 0.009405
0.168550 -0.172343 0.160228 0.287640 0.494925 0.679103 0.349335 0.802945 0.623199 1.000000 0.087273 0.110205 0.128585 0.415835 -0.100820 0.449474 -0.015719 0.036003 -0.020735 -0.225805 -0.397002 -0.042674 -0.326872 0.059449 -0.233626 -0.351786 -0.007968 -0.433835 -0.045796 0.050716 -0.565238 -0.495507 -0.211968 -0.026519 -0.345261 -0.224505 -0.029392 -0.166086 -0.224863 -0.195809 -0.177813 -0.039841 -0.175952 -0.343134 -0.057837 -0.231511 -0.120012 -0.447945 0.142648 -0.036000 0.042611 -0.104800 0.216835 -0.092767 -0.170801 -0.196914 -0.059473 -0.220238 0.147754 -0.198971 0.385069 0.437955 0.262766 0.033962 -0.080271 0.419274 0.004922 -0.033886 -0.202808 -0.154495 -0.192010 -0.340831 -0.020063 -0.025966 -0.092484 -0.234300 -0.051326 -0.172945 0.113021 -0.018146 0.096393 0.043937 -0.107266 0.038523 -0.194007 -0.179563 -0.324363 -0.248595 0.031468 0.165437 0.404417 -0.038194 0.238240 -0.023839 -0.224289 -0.221789 -0.542007 -0.304708 -0.139058 -0.195729 0.367974 0.263173 0.030614 0.172505 -0.393974 -0.383236 0.043954 -0.170379 0.144835 -0.329416 -0.728968 -0.029751 0.161788 -0.018381 -0.254243 -0.137078
0.436894 0.334216 0.155961 -0.067782 0.060563 -0.032688 0.281882 -0.076494 0.300454 0.087273 1.000000 0.355997 0.494658 0.096857 0.466786 0.267828 -0.016336 -0.099227 0.342173 -0.107761 -0.325464 -0.024057 -0.124191 -0.219613 -0.201958 -0.352300 -0.067567 -0.344897 0.186666 -0.049581 -0.168002 -0.358166 -0.035513 -0.295564 -0.190879 -0.281410 0.086943 0.111873 0.035450 -0.132447 0.058681 0.086144 -0.065728 -0.190442 -0.122751 -0.285047 0.145808 -0.075397 0.209938 -0.095906 -0.177364 0.071781 0.147158 0.204108 0.121374 0.057425 0.011724 -0.033492 0.060102 -0.158991 0.157881 0.114732 -0.142726 -0.193164 0.091672 0.093990 -0.173003 -0.353289 -0.186972 -0.224918 0.050469 -0.139621 0.113243 0.025367 0.168089 0.004521 0.153606 -0.004748 0.033835 -0.021021 -0.147023 -0.151717 0.284940 0.113039 0.425063 0.049325 -0.024779 -0.014244 0.152835 0.113834 0.223727 0.198249 0.024070 0.180999 0.216328 0.160216 -0.127192 -0.097095 -0.098675 -0.031142 -0.061189 0.316335 -0.004801 0.055978 -0.094138 -0.179091 -0.016209 -0.306938 0.236401 -0.193048 -0.300883 -0.192229 0.175437 -0.128829 -0.002568 -0.078984
-0.123699 0.269524 -0.069388 0.431569 -0.138367 0.065887 -0.048369 0.048460 0.102036 0.110205 0.355997 1.000000 0.185268 0.111587 0.429892 0.502856 -0.085188 -0.066795 0.228450 -0.316743 -0.168441 -0.036234 0.197313 0.077605 -0.391855 -0.336071 -0.041989 -0.024986 -0.171439 -0.117720 -0.054175 -0.129838 -0.221638 -0.238196 0.031766 -0.212130 0.127787 0.202900 0.084895 0.063875 0.059934 -0.109458 -0.152422 -0.172398 0.072653 -0.018990 -0.124313 -0.249567 0.053366 0.069951 -0.073760 0.234541 0.028596 0.036037 0.193661 0.112138 -0.169559 -0.272088 -0.316201 -0.198357 -0.099912 0.057213 -0.192616 -0.196520 0.304038 0.217399 -0.274325 -0.104959 -0.214326 -0.176062 -0.187987 -0.065741 -0.164422 -0.159865 -0.018657 -0.154244 0.051538 0.089861 -0.093298 -0.132885 -0.083917 -0.149421 0.150720 0.116726 0.321099 0.411950 0.064789 0.133708 0.164289 0.161513 -0.067254 -0.091333 0.279496 -0.020985 -0.073485 0.197144 0.040019 0.066558 -0.140500 -0.253546 0.027571 -0.089359 -0.081173 -0.126807 0.150587 0.022310 -0.038492 -0.045784 0.139065 0.147143 -0.144517 -0.178914 0.008376 0.175562 0.053525 -0.110906
0.236763 -0.193565 -0.014172 -0.188307 0.007905 -0.168595 0.214942 -0.007745 0.257516 0.128585 0.494658 0.185268 1.000000 0.522248 0.315855 0.363934 0.262356 0.297560 0.052150 0.028725 -0.306262 -0.077334 -0.235583 -0.334245 -0.216379 -0.393456 -0.158179 -0.544680 0.488842 0.240330 -0.128954 -0.215580 0.066413 -0.103599 -0.260593 -0.278253 0.082383 0.005696 0.033706 -0.159405 0.218753 0.091315 0.168467 -0.054768 0.084441 -0.242621 0.257012 0.030547 0.257167 0.127078 -0.208617 0.003709 0.127787 0.240588 0.234289 0.125160 -0.006632 -0.073269 0.076792 -0.348469 0.419886 0.234512 0.303349 0.051821 -0.154718 -0.127371 -0.236447 -0.364659 -0.202933 -0.073800 0.053020 -0.089931 0.434563 0.065426 0.216698 -0.080470 0.052899 -0.063593 -0.009070 -0.000758 0.109114 0.019930 0.151345 0.140154 -0.167206 -0.305461 -0.287084 -0.285732 -0.107036 -0.010992 0.287548 0.011915 -0.091063 0.030351 0.148012 -0.136597 -0.246726 0.035491 0.014954 0.092753 -0.141859 0.195272 -0.091822 -0.001796 -0.057633 -0.104089 -0.257205 -0.255539 -0.089662 -0.066923 -0.243497 0.028767 0.196829 0.055342 0.100352 0.213795
0.383164 -0.142695 -0.088862 -0.261595 0.094876 0.196555 0.033779 0.381440 0.131487 0.415835 0.096857 0.111587 0.522248 1.000000 -0.133840 0.303525 0.192023 0.312105 -0.364564 -0.094823 -0.301574 -0.131758 -0.478770 -0.249121 -0.196218 -0.293665 -0.288959 -0.469926 0.288748 0.385256 -0.299203 -0.261658 0.009407 0.154767 -0.419985 -0.141592 0.002610 -0.071296 -0.188505 -0.155837 0.066844 -0.023841 0.062260 -0.146686 -0.139464 -0.323293 0.047808 -0.018169 0.145159 -0.081000 -0.143501 -0.029808 0.295471 0.129908 0.219824 0.097133 0.075134 -0.131972 0.404539 -0.149118 0.585451 0.655262 0.422439 0.305084 -0.402671 0.387309 -0.151196 -0.404430 0.018483 -0.077438 -0.092683 -0.083118 0.264971 -0.092102 -0.066937 -0.180742 0.015784 -0.063137 0.140625 0.088036 0.343802 0.078095 -0.339730 0.008097 -0.414509 -0.550510 -0.496064 -0.427399 -0.129497 0.204123 0.322765 -0.129534 -0.049708 -0.101361 -0.078429 -0.205235 -0.206178 -0.053646 0.050919 0.246032 0.209966 0.260452 -0.023031 0.150546 -0.152978 -0.357695 -0.000366 -0.252314 0.177870 -0.186324 -0.360376 0.135760 0.250326 -0.041243 -0.101829 -0.170896
0.001050 0.257560 0.291466 0.206318 -0.018023 0.026331 0.346975 -0.267227 0.420106 -0.100820 0.466786 0.429892 0.315855 -0.133840 1.000000 0.504495 -0.191808 -0.154638 0.264753 -0.432423 0.025798 0.240176 0.500043 0.100546 0.129057 -0.061973 0.146561 0.140080 -0.072999 -0.212106 0.191111 -0.037458 -0.250510 -0.302707 0.346530 0.054084 -0.016935 0.062833 0.219563 -0.003002 0.022118 -0.044074 -0.142327 -0.176469 -0.008099 -0.293096 -0.064227 -0.198572 0.037101 -0.109784 0.093782 -0.147808 -0.001083 0.070733 -0.090747 -0.109357 -0.182662 -0.014703 -0.217228 -0.178915 0.011911 -0.098570 -0.292631 -0.214698 0.599375 -0.051253 -0.319006 -0.345769 -0.368425 -0.206132 -0.036935 -0.024729 -0.099097 -0.095898 0.069480 0.026938 0.039273 -0.019678 -0.257789 -0.137204 -0.240171 -0.205543 0.308642 0.128355 0.560570 0.201619 0.062318 0.121300 0.483699 0.085392 -0.092316 0.272101 0.232499 0.363282 0.129257 -0.023042 -0.159231 -0.014934 -0.245526 -0.334867 -0.204009 0.063451 -0.187456 -0.344321 -0.219754 0.070595 -0.195752 -0.033962 -0.172137 -0.040929 0.009109 -0.261637 -0.025573 0.082300 0.143181 0.104706
0.039601 0.040086 0.075305 0.430706 0.001656 0.433179 0.174409 0.366236 0.369313 0.449474 0.267828 0.502856 0.363934 0.303525 0.504495 1.000000 -0.116648 -0.086709 0.054625 -0.459601 -0.085141 0.301987 0.060917 0.143740 -0.153399 -0.238886 0.053584 -0.057628 -0.078752 -0.142656 -0.239058 -0.225375 -0.300619 -0.281672 -0.077730 -0.252943 0.041453 0.004405 0.097674 0.019159 0.057918 -0.052567 -0.184332 -0.269580 -0.119908 -0.362673 -0.126014 -0.374334 0.033991 -0.130252 0.017841 -0.043491 0.087999 0.012595 -0.045125 -0.098375 -0.183724 -0.248456 -0.028838 -0.247438 0.326889 0.307054 0.076309 -0.074791 0.316232 0.260943 -0.251720 -0.264614 -0.425104 -0.231743 -0.280058 -0.200404 -0.167231 -0.224262 -0.108802 -0.253800 -0.105636 -0.242227 -0.213159 -0.235555 0.009276 -0.152347 0.192196 0.406690 0.264885 0.175077 -0.153252 0.036169 0.327581 0.321827 0.115446 -0.025816 0.228674 -0.036821 -0.080943 -0.018795 -0.365433 -0.082568 -0.169797 -0.337245 0.076094 0.065479 -0.073012 -0.108236 -0.294927 -0.172934 -0.171148 -0.115417 0.028073 -0.170518 -0.391756 -0.175828 -0.016606 0.119099 0.003127 -0.015429
-0.036955 -0.283604 -0.613462 -0.375023 -0.377339 -0.425558 -0.389253 -0.169467 -0.229166 -0.015719 -0.016336 -0.085188 0.262356 0.192023 -0.191808 -0.116648 1.000000 0.823100 -0.238516 0.291757 -0.356565 -0.244202 -0.404876 -0.509462 -0.437699 -0.492541 -0.461054 -0.485055 0.660509 0.704029 -0.174431 -0.132205 0.512414 0.219672 -0.377537 -0.443401 0.400953 0.221035 -0.040758 -0.084452 0.480729 0.348097 0.038727 -0.026872 -0.111628 -0.132543 0.031331 -0.011293 -0.317428 0.097020 -0.209140 -0.059362 -0.071331 0.221303 0.137348 0.208677 0.548833 0.525190 -0.089817 -0.224991 0.114839 -0.121440 0.719460 0.555266 -0.265800 -0.305612 -0.145912 -0.205975 0.387005 0.187882 -0.094326 -0.135694 0.734891 0.324880 0.382846 0.105145 0.405654 0.423374 0.638943 0.681442 0.714490 0.747871 0.079541 0.232082 -0.168419 -0.144442 -0.252351 -0.123372 -0.301247 -0.341586 -0.001707 -0.375862 -0.247885 -0.370056 0.153174 0.098918 -0.019280 0.254255 0.167340 0.330605 -0.350972 -0.071404 0.185948 0.230874 -0.065321 -0.222531 -0.200783 -0.168705 0.109106 0.241669 -0.014514 0.410850 0.007756 0.304163 0.027062 0.099629
-0.065502 -0.246870 -0.524846 -0.289587 -0.281940 -0.388087 -0.322569 -0.157690 -0.134093 0.036003 -0.099227 -0.066795 0.297560 0.312105 -0.154638 -0.086709 0.823100 1.000000 -0.215642 0.234518 -0.360706 -0.265065 -0.312979 -0.437115 -0.379648 -0.518919 -0.381882 -0.500098 0.668476 0.818698 -0.182484 -0.145875 0.427815 0.133094 -0.436662 -0.505880 0.402058 0.225738 -0.020512 -0.107105 0.437441 0.305229 0.129008 0.057767 0.013300 -0.073466 0.104543 0.030620 -0.209060 0.185044 -0.314487 -0.108339 -0.021312 0.289348 0.141721 0.226106 0.427612 0.417741 -0.096398 -0.258292 0.136399 0.028547 0.737588 0.722502 -0.287461 -0.329439 -0.271688 -0.246974 0.279791 0.101374 -0.081723 -0.074778 0.755681 0.299246 0.340188 0.067338 0.357359 0.346253 0.558866 0.646122 0.606461 0.708687 -0.070881 0.198682 -0.329772 -0.318134 -0.302065 -0.245950 -0.321770 -0.303204 0.001655 -0.292007 -0.259125 -0.301540 0.123508 0.089354 -0.044192 0.247742 0.217238 0.317254 -0.336386 -0.121471 0.156567 0.094589 -0.117656 -0.275679 -0.265182 -0.219343 0.001550 0.149005 -0.006235 0.504566 0.117787 0.347253 0.096359 0.096077
-0.078505 0.179125 0.283820 0.435263 0.056902 -0.176428 0.254397 -0.103741 0.217798 -0.020735 0.342173 0.228450 0.052150 -0.364564 0.264753 0.054625 -0.238516 -0.215642 1.000000 -0.051629 -0.168190 -0.160374 0.378742 0.175436 -0.110460 -0.105909 0.208554 -0.002229 -0.105236 -0.258583 -0.018531 -0.205032 -0.080707 -0.337035 0.095371 -0.210824 -0.137541 0.064788 -0.075180 -0.104749 -0.162276 0.031493 0.171857 0.250010 0.158280 0.201114 0.161347 0.150285 0.234875 0.196319 0.023776 0.260008 0.072196 0.261002 0.037824 0.150454 -0.296325 -0.300226 -0.429321 -0.219086 -0.330959 -0.264652 -0.331291 -0.402515 0.192924 -0.214176 -0.168933 0.167044 -0.189247 -0.136351 -0.051730 -0.249670 -0.051450 -0.168898 -0.038201 -0.086074 -0.263162 -0.305584 -0.154430 -0.275038 -0.392035 -0.239365 0.324670 -0.050374 0.211225 0.252202 0.092737 0.045488 -0.098254 -0.188163 0.149294 0.420223 0.133885 0.169251 -0.095788 0.201577 -0.029873 -0.101931 0.150140 -0.057423 -0.153346 -0.026147 -0.121801 -0.021325 0.021777 0.013807 -0.073660 0.014347 0.065192 0.048702 -0.090565 -0.186246 0.079556 -0.064566 0.048763 -0.019498
-0.137502 -0.052864 -0.426850 -0.275719 -0.198074 -0.419576 -0.266574 -0.217117 -0.374453 -0.225805 -0.107761 -0.316743 0.028725 -0.094823 -0.432423 -0.459601 0.291757 0.234518 -0.051629 1.000000 -0.123990 -0.147160 -0.265533 -0.255640 -0.236175 -0.118806 -0.237308 -0.227591 0.360908 0.243699 0.002812 0.177451 0.548848 0.393817 -0.235002 -0.090978 0.019308 -0.036943 -0.073611 -0.117132 0.099979 -0.016553 0.091542 0.128392 0.028275 0.165355 0.177307 0.198650 -0.247804 0.097651 -0.357862 -0.069260 -0.127658 -0.012076 -0.185277 -0.040211 0.188432 0.214826 0.058668 0.155325 -0.216745 -0.205649 0.154396 0.009806 -0.325605 -0.352916 0.218305 0.285314 0.476408 0.505577 0.135799 0.160389 0.254109 0.135531 0.076011 0.130407 0.012209 0.046500 0.159412 0.111347 0.227741 0.327272 0.211621 0.050090 -0.172696 -0.074981 0.118582 -0.077913 -0.328352 -0.381118 -0.032104 -0.132864 -0.290677 -0.206315 0.079999 0.088969 0.080281 0.094677 0.140855 0.180771 -0.201109 -0.384407 0.274415 0.143209 0.217152 0.045283 -0.053933 -0.001473 -0.059224 0.030114 0.123246 0.386887 0.128147 -0.048619 0.309686 0.082116
-0.274205 -0.045090 0.097024 0.138116 -0.253521 0.011920 -0.169929 -0.197041 -0.327484 -0.397002 -0.325464 -0.168441 -0.306262 -0.301574 0.025798 -0.085141 -0.356565 -0.360706 -0.168190 -0.123990 1.000000 0.570207 0.310636 0.322170 0.566102 0.725276 0.238612 0.677698 -0.347250 -0.397289 0.665841 0.752582 -0.245198 -0.008785 0.512296 0.482254 0.022178 0.053719 0.414778 0.382770 0.091296 -0.034007 -0.179173 0.032850 -0.153647 -0.027846 -0.193988 0.065079 -0.288848 -0.225382 0.031255 -0.145249 -0.338800 -0.174387 -0.018695 -0.098778 -0.242707 -0.149834 -0.084248 0.164128 -0.192486 -0.268574 -0.365757 -0.213101 0.231977 -0.151980 0.113842 0.121681 -0.112912 0.021797 0.227974 0.523350 -0.333764 -0.066625 -0.151576 0.207294 -0.063097 0.020823 -0.402642 -0.311073 -0.216300 -0.228709 0.077169 0.094150 0.223592 0.294021 0.415043 0.386163 0.296032 0.189992 -0.462046 -0.020642 0.022269 0.023362 0.120677 -0.028310 0.334190 0.137501 -0.191201 -0.141592 -0.040506 -0.262213 -0.109333 -0.105623 0.264610 0.542728 0.037746 0.270013 -0.159119 0.099497 0.542560 -0.183282 -0.386517 0.081388 0.090773 0.074054
0.025470 0.069043 0.184667 0.056141 -0.052705 0.300467 0.044152 -0.021774 0.058318 -0.042674 -0.024057 -0.036234 -0.077334 -0.131758 0.240176 0.301987 -0.244202 -0.265065 -0.160374 -0.147160 0.570207 1.000000 0.094839 0.125940 0.287323 0.283478 0.086154 0.377974 -0.205408 -0.239274 0.145943 0.219585 -0.196572 0.004258 0.351946 0.354872 0.110275 0.055521 0.356200 0.418402 0.093426 -0.030335 -0.263750 -0.201721 -0.260086 -0.319994 -0.148289 -0.162395 -0.224716 -0.364918 0.120890 -0.241209 -0.159455 -0.131997 -0.078363 -0.100534 -0.237714 -0.076995 0.126098 0.112579 0.076808 0.017556 -0.207506 -0.131571 0.269084 0.086752 0.062548 -0.137769 -0.213846 -0.062194 -0.045361 0.202592 -0.265811 -0.075298 -0.149858 0.058876 -0.045725 -0.035895 -0.257518 -0.130559 -0.142100 -0.177589 0.073289 0.159038 0.331076 0.174171 0.130627 0.363469 0.445771 0.230251 -0.265759 -0.000969 0.050694 0.075298 0.117029 -0.014270 0.133980 0.030908 -0.178246 -0.181057 0.009888 -0.075436 -0.035719 -0.026954 0.007849 0.263471 0.044584 0.231570 -0.139155 -0.117090 0.207379 -0.152498 -0.214723 0.135236 0.104446 -0.142860
-0.504442 0.100297 0.352163 0.506360 -0.023329 -0.026001 0.171144 -0.365750 0.080131 -0.326872 -0.124191 0.197313 -0.235583 -0.478770 0.500043 0.060917 -0.404876 -0.312979 0.378742 -0.265533 0.310636 0.094839 1.000000 0.636104 0.421567 0.449765 0.427677 0.682111 -0.400449 -0.396343 0.401404 0.340052 -0.198688 -0.177309 0.496354 0.272813 -0.092624 0.052614 0.219268 0.134241 -0.167237 -0.064662 -0.118748 0.012887 0.065187 0.040851 -0.209116 -0.061745 -0.080020 -0.004299 0.321935 -0.062167 0.032170 -0.032370 -0.165233 -0.106439 -0.366471 -0.181945 -0.501420 -0.027282 -0.526975 -0.412321 -0.468141 -0.359661 0.473753 -0.291097 -0.068124 0.154195 -0.134779 -0.020149 0.113755 0.164093 -0.321102 -0.036574 0.043199 0.112856 -0.123972 -0.122528 -0.397293 -0.327513 -0.443173 -0.392447 0.264059 -0.009715 0.377867 0.368766 0.407107 0.249680 0.309476 0.088228 -0.310335 0.300482 0.271665 0.349195 -0.115047 0.035080 0.055628 -0.002753 -0.275957 -0.440615 -0.181107 -0.253980 -0.310465 -0.284494 0.114967 0.344359 -0.056683 0.246684 -0.181156 -0.010081 0.308358 -0.329771 -0.332887 0.030477 0.235731 -0.005715
-0.323363 -0.079886 0.441604 0.607858 0.263693 0.464319 0.207502 0.168509 0.139374 0.059449 -0.219613 0.077605 -0.334245 -0.249121 0.100546 0.143740 -0.509462 -0.437115 0.175436 -0.255640 0.322170 0.125940 0.636104 1.000000 0.469905 0.548067 0.515710 0.642518 -0.494246 -0.461163 0.089274 0.265850 -0.309119 -0.112074 0.288408 0.318260 -0.216833 -0.114611 0.026151 0.070012 -0.333229 -0.229795 -0.356831 -0.193083 -0.167691 -0.051125 -0.368847 -0.185509 -0.114616 -0.140853 0.339847 -0.106401 0.054007 -0.257234 -0.295955 -0.274837 -0.379688 -0.268632 -0.249743 0.065700 -0.250270 -0.126200 -0.337286 -0.314625 0.202869 0.034255 0.170789 0.355948 -0.167345 0.020011 -0.004225 0.092747 -0.530602 -0.195762 -0.273539 -0.094507 -0.284767 -0.310249 -0.363837 -0.417686 -0.461619 -0.415169 -0.042093 -0.072163 0.158313 0.214981 0.342122 0.147375 0.328460 0.319703 -0.171521 0.206833 0.382468 0.329689 -0.267365 -0.136709 -0.010028 -0.181317 -0.383483 -0.512612 0.237819 -0.180006 -0.386970 -0.220782 -0.042637 0.246851 -0.094663 0.075231 -0.127703 -0.113272 0.056513 -0.286467 -0.296092 -0.229343 0.081544 -0.189447
0.043973 0.031010 0.457364 -0.036628 0.252680 0.189131 0.252462 -0.175383 0.043365 -0.233626 -0.201958 -0.391855 -0.216379 -0.196218 0.129057 -0.153399 -0.437699 -0.379648 -0.110460 -0.236175 0.566102 0.287323 0.421567 0.469905 1.000000 0.860342 0.347845 0.595291 -0.364065 -0.362477 0.477605 0.392219 -0.279802 -0.107547 0.416946 0.549198 -0.214470 -0.161410 0.165558 0.181562 -0.206825 -0.137516 -0.009048 0.060698 -0.022274 -0.096276 -0.048140 0.192491 0.019850 -0.181509 0.353533 -0.238508 -0.004474 -0.113049 -0.237350 -0.211993 -0.261393 -0.146107 0.135350 0.278984 -0.118898 -0.188044 -0.297547 -0.178411 0.085081 -0.102832 0.140607 -0.024733 -0.146313 -0.117548 0.230302 0.220453 -0.365181 -0.074133 -0.158166 0.063227 -0.198062 -0.209776 -0.440472 -0.306607 -0.330095 -0.337480 -0.070593 -0.133839 0.041621 -0.100775 0.231709 0.107208 0.180856 0.118756 -0.189038 0.278824 0.047639 0.437831 -0.004075 -0.275001 0.161994 -0.204411 -0.189955 -0.155902 0.101967 0.036572 -0.157460 -0.082481 -0.039704 0.346786 0.084601 0.126452 -0.193102 -0.293777 0.413303 -0.245431 -0.252241 -0.144332 -0.006533 0.026928
-0.164110 0.031927 0.351305 0.054007 0.089031 0.119563 0.110078 -0.167711 -0.204902 -0.351786 -0.352300 -0.336071 -0.393456 -0.293665 -0.061973 -0.238886 -0.492541 -0.518919 -0.105909 -0.118806 0.725276 0.283478 0.449765 0.548067 0.860342 1.000000 0.296849 0.758433 -0.478343 -0.483517 0.618785 0.647558 -0.245334 0.012576 0.482361 0.648079 -0.248207 -0.169854 0.112636 0.205875 -0.254854 -0.196041 -0.031093 0.121379 -0.035333 0.064583 -0.100057 0.239739 -0.077771 -0.152474 0.252853 -0.104668 -0.110049 -0.173902 -0.233561 -0.174996 -0.293178 -0.195633 0.015463 0.304682 -0.260229 -0.200455 -0.427606 -0.327947 0.099435 -0.055853 0.175741 0.170411 -0.107662 -0.055026 0.260056 0.395362 -0.462013 -0.109618 -0.161346 0.096370 -0.226657 -0.175618 -0.460223 -0.404070 -0.358468 -0.387887 -0.072603 -0.157197 0.057549 0.090844 0.331088 0.156305 0.108615 0.102879 -0.303902 0.198403 0.070891 0.318510 -0.094674 -0.199506 0.270837 -0.159565 -0.189617 -0.169467 0.125421 -0.131910 -0.214959 -0.126900 0.099659 0.420441 0.203121 0.216422 -0.063502 -0.161839 0.481488 -0.240793 -0.364293 -0.183403 -0.036673 -0.050802
-0.108832 0.044413 0.413763 0.382615 0.388941 0.287107 0.178339 0.120563 0.193455 -0.007968 -0.067567 -0.041989 -0.158179 -0.288959 0.146561 0.053584 -0.461054 -0.381882 0.208554 -0.237308 0.238612 0.086154 0.427677 0.515710 0.347845 0.296849 1.000000 0.464074 -0.376088 -0.481110 -0.023940 0.083993 -0.398607 -0.126046 0.326876 0.273922 -0.402061 -0.346241 0.114457 0.079841 -0.303987 -0.325713 -0.209615 -0.093650 0.040586 0.173120 -0.299594 -0.225184 0.113979 -0.113450 0.241684 -0.003515 0.092216 -0.210491 -0.082609 -0.277365 -0.188807 -0.170715 -0.075929 0.089794 -0.172622 -0.123209 -0.291834 -0.192112 0.140780 -0.014881 0.234704 0.325905 -0.188178 -0.085757 0.011767 -0.188639 -0.490469 -0.277143 -0.266386 -0.239005 -0.440695 -0.423021 -0.376340 -0.326724 -0.450646 -0.496521 0.146977 -0.054746 0.172737 0.194533 0.550404 0.380950 0.307263 0.414826 0.023230 0.341490 0.179277 0.298825 -0.180686 -0.171809 -0.165065 -0.213683 -0.246651 -0.262220 0.174421 0.119415 -0.193299 -0.190696 -0.058466 0.199332 -0.204732 -0.033300 -0.276162 -0.035496 -0.070110 -0.368362 -0.152660 -0.220298 0.078408 0.114251
-0.383296 0.200336 0.206568 0.345825 -0.115511 0.131885 -0.126865 -0.200250 -0.273862 -0.433835 -0.344897 -0.024986 -0.544680 -0.469926 0.140080 -0.057628 -0.485055 -0.500098 -0.002229 -0.227591 0.677698 0.377974 0.682111 0.642518 0.595291 0.758433 0.464074 1.000000 -0.552839 -0.527577 0.470239 0.590610 -0.231268 0.008721 0.566415 0.526429 -0.212422 -0.065584 0.204835 0.285055 -0.214344 -0.200132 -0.259093 -0.002906 -0.143133 0.056735 -0.322492 -0.057235 -0.285369 -0.254042 0.230875 -0.080875 -0.176680 -0.233579 -0.165310 -0.150869 -0.333652 -0.149736 -0.162918 0.314500 -0.425781 -0.279721 -0.487533 -0.276371 0.344177 -0.032399 0.206440 0.257300 -0.001945 0.032800 0.037196 0.275129 -0.589582 -0.184084 -0.249340 0.074087 -0.224827 -0.139097 -0.439792 -0.335870 -0.389642 -0.435244 0.082309 -0.006009 0.389240 0.424934 0.554847 0.520057 0.405885 0.294588 -0.485492 0.101629 0.154825 0.152197 -0.125062 -0.016593 0.283122 0.026227 -0.215322 -0.313510 0.031811 -0.270336 -0.140338 -0.171864 0.151209 0.391989 0.073363 0.256098 -0.090097 -0.004489 0.444486 -0.358948 -0.435307 -0.049562 0.094466 -0.118752
0.120705 -0.254349 -0.489158 -0.374380 -0.278436 -0.410036 -0.161827 -0.184822 -0.144421 -0.045796 0.186666 -0.171439 0.488842 0.288748 -0.072999 -0.078752 0.660509 0.668476 -0.105236 0.360908 -0.347250 -0.205408 -0.400449 -0.494246 -0.364065 -0.478343 -0.376088 -0.552839 1.000000 0.761079 -0.095420 -0.059651 0.598747 0.295888 -0.351080 -0.444848 0.414577 0.251932 0.013419 -0.144922 0.493907 0.345495 0.133482 0.055442 -0.116821 -0.138610 0.156355 0.153977 -0.143295 0.133948 -0.412392 -0.061768 -0.000443 0.239447 0.190831 0.307784 0.330931 0.282809 -0.008834 -0.272424 0.219709 -0.025269 0.565246 0.397339 -0.407779 -0.389979 -0.164751 -0.231797 0.303529 0.240712 -0.012190 -0.053709 0.873261 0.193271 0.271146 0.094332 0.247974 0.250848 0.420542 0.436282 0.512284 0.562809 0.132504 0.204757 -0.297707 -0.337248 -0.318099 -0.179628 -0.304247 -0.319075 -0.042460 -0.327673 -0.438907 -0.324460 0.300844 0.096109 -0.073821 0.292296 0.144529 0.351100 -0.342164 0.017877 0.113133 0.165907 0.084602 -0.242817 -0.257203 -0.283345 0.142496 0.105241 -0.025624 0.519138 0.270970 0.219870 0.215810 0.115381
0.129597 -0.202096 -0.478679 -0.425084 -0.205701 -0.294157 -0.264678 -0.149301 -0.127715 0.050716 -0.049581 -0.117720 0.240330 0.385256 -0.212106 -0.142656 0.704029 0.818698 -0.258583 0.243699 -0.397289 -0.239274 -0.396343 -0.461163 -0.362477 -0.483517 -0.481110 -0.527577 0.761079 1.000000 -0.227216 -0.197414 0.562915 0.258117 -0.483353 -0.443161 0.426088 0.368930 -0.079320 -0.073086 0.378898 0.398738 0.158166 0.064652 -0.071274 -0.098638 0.100015 0.161654 -0.108639 0.195672 -0.287337 0.004247 0.032642 0.299738 0.179861 0.373588 0.423757 0.357917 -0.000133 -0.208186 0.124733 0.081722 0.587017 0.558577 -0.460577 -0.199374 -0.254709 -0.316363 0.323952 0.134315 -0.016563 -0.046793 0.835179 0.334789 0.342695 0.192300 0.383748 0.399508 0.530163 0.575075 0.586545 0.638487 -0.237763 0.038042 -0.388122 -0.460646 -0.509564 -0.346204 -0.341581 -0.285317 -0.021470 -0.281162 -0.357474 -0.303554 0.142034 0.136625 0.003448 0.228778 0.251299 0.454437 -0.254456 0.031785 0.122807 0.201755 0.007017 -0.265074 -0.089967 -0.267697 0.145541 0.073619 -0.026783 0.644456 0.248733 0.232955 0.107507 -0.046439
-0.241471 0.102571 0.013717 0.011762 -0.380946 -0.425751 -0.051307 -0.514879 -0.366137 -0.565238 -0.168002 -0.054175 -0.128954 -0.299203 0.191111 -0.239058 -0.174431 -0.182484 -0.018531 0.002812 0.665841 0.145943 0.401404 0.089274 0.477605 0.618785 -0.023940 0.470239 -0.095420 -0.227216 1.000000 0.840055 -0.030736 0.028234 0.445358 0.369193 0.056759 0.119015 0.288687 0.135254 0.114943 0.038706 0.165264 0.281805 0.119666 0.099904 0.098362 0.321845 -0.165361 0.048546 -0.150298 -0.029465 -0.263938 0.016474 0.026424 0.068697 -0.161002 -0.149986 -0.221985 0.064275 -0.289128 -0.367417 -0.312720 -0.206698 0.179028 -0.368822 -0.161709 -0.032537 -0.083753 -0.059277 0.365066 0.555260 -0.021332 -0.019162 0.118394 0.271076 0.033249 0.121520 -0.342875 -0.238583 -0.129189 -0.120262 0.207899 0.008380 0.089773 0.221968 0.242005 0.141373 -0.004090 -0.172163 -0.499559 0.034171 -0.106748 0.053768 0.125508 -0.088814 0.343094 0.083758 -0.094845 -0.067435 -0.306657 -0.312881 -0.198355 -0.201285 0.260624 0.398742 0.117593 0.108430 -0.069629 0.155853 0.577957 -0.132486 -0.259783 0.068795 0.029596 0.144148
-0.428946 -0.047882 -0.135044 0.085483 -0.411395 -0.279130 -0.219423 -0.325693 -0.483273 -0.495507 -0.358166 -0.129838 -0.215580 -0.261658 -0.037458 -0.225375 -0.132205 -0.145875 -0.205032 0.177451 0.752582 0.219585 0.340052 0.265850 0.392219 0.647558 0.083993 0.590610 -0.059651 -0.197414 0.840055 1.000000 0.054716 0.235478 0.368796 0.372031 0.025725 0.005304 0.288216 0.215067 0.110850 -0.066379 -0.128357 0.070286 -0.110300 0.081163 -0.187703 0.133863 -0.392788 -0.097687 -0.222741 -0.075059 -0.348405 -0.157713 -0.071867 -0.101185 -0.173255 -0.080505 -0.192674 0.145770 -0.279362 -0.319235 -0.213129 -0.155064 0.117294 -0.317753 0.065534 0.233040 0.069719 0.160689 0.292064 0.625737 -0.073851 0.001373 0.035832 0.252290 0.017466 0.121855 -0.332477 -0.206006 -0.073745 -0.082193 0.172831 0.079103 0.079240 0.272979 0.434179 0.268716 0.098926 0.001787 -0.577646 -0.139144 -0.101545 -0.080131 0.024201 -0.095768 0.278686 0.166955 -0.216659 -0.128240 -0.188338 -0.450578 -0.167250 -0.182525 0.289881 0.447845 0.009471 0.148287 -0.119363 0.155249 0.549796 -0.021594 -0.364181 0.066278 0.160465 0.119025
-0.142409 -0.059148 -0.591059 -0.274393 -0.416195 -0.380819 -0.394437 -0.250673 -0.359588 -0.211968 -0.035513 -0.221638 0.066413 0.009407 -0.250510 -0.300619 0.512414 0.427815 -0.080707 0.548848 -0.245198 -0.196572 -0.198688 -0.309119 -0.279802 -0.245334 -0.398607 -0.231268 0.598747 0.562915 -0.030736 0.054716 1.000000 0.496186 -0.319843 -0.340384 0.216684 0.215021 -0.072735 -0.095228 0.165292 0.268217 -0.009902 0.012338 -0.181321 -0.092546 0.001518 0.152927 -0.380434 0.012065 -0.333984 -0.130080 -0.178501 0.001152 -0.013191 0.146990 0.205301 0.330429 -0.051321 0.098090 -0.198052 -0.247919 0.369734 0.183805 -0.298611 -0.417856 0.142311 0.093095 0.676714 0.619631 -0.011516 0.039607 0.573607 0.243732 0.178697 0.262062 0.331090 0.233877 0.431112 0.411838 0.428537 0.539996 0.086755 0.249999 -0.151934 -0.088052 -0.094897 -0.052850 -0.372463 -0.433636 -0.198313 -0.326815 -0.339360 -0.320916 0.062327 0.310870 0.178374 0.270329 0.199278 0.217328 -0.363400 -0.201418 0.245147 0.261867 0.087844 -0.204508 0.121706 0.033577 0.158700 0.140393 0.105345 0.401450 0.092131 0.099220 0.200889 -0.127038
-0.044640 -0.077015 -0.290053 -0.144240 -0.087719 -0.065447 -0.241955 0.098944 -0.221753 -0.026519 -0.295564 -0.238196 -0.103599 0.154767 -0.302707 -0.281672 0.219672 0.133094 -0.337035 0.393817 -0.008785 0.004258 -0.177309 -0.112074 -0.107547 0.012576 -0.126046 0.008721 0.295888 0.258117 0.028234 0.235478 0.496186 1.000000 0.079048 0.283665 0.009358 -0.067543 -0.144314 -0.088974 -0.043853 0.010153 -0.263076 -0.263157 -0.338755 -0.213164 -0.268150 -0.119674 -0.396065 -0.324328 -0.175218 -0.304107 -0.105165 -0.398146 -0.086477 -0.200893 0.127358 0.284575 0.109752 0.100987 0.008439 -0.027752 0.160924 0.052009 -0.255318 0.004917 0.222793 0.195293 0.609696 0.586258 0.106319 0.217273 0.204993 0.071843 -0.099134 0.212240 0.143419 0.186059 0.098052 0.237544 0.268701 0.224657 -0.057210 -0.042091 -0.234547 -0.245200 -0.015784 -0.013037 0.003498 -0.126674 -0.086712 -0.247959 0.033588 -0.122112 -0.064511 0.025433 0.031896 0.079603 -0.087281 0.015452 0.061380 -0.016979 0.131792 0.135798 -0.051856 -0.113971 0.114388 0.188743 0.081477 -0.028823 0.040213 0.215574 -0.006728 -0.128933 0.042513 -0.209276
-0.209896 -0.050071 0.342946 0.205098 0.071451 0.011632 0.222167 -0.180854 -0.021595 -0.345261 -0.190879 0.031766 -0.260593 -0.419985 0.346530 -0.077730 -0.377537 -0.436662 0.095371 -0.235002 0.512296 0.351946 0.496354 0.288408 0.416946 0.482361 0.326876 0.566415 -0.351080 -0.483353 0.445358 0.368796 -0.319843 0.079048 1.000000 0.651695 -0.109392 -0.107142 0.199554 0.129965 -0.055661 -0.190656 -0.091973 0.006054 -0.013603 0.016089 -0.138328 0.011088 -0.117930 -0.165478 0.228631 -0.279436 -0.268247 -0.238573 -0.000688 -0.121116 -0.275173 -0.147574 -0.277753 -0.082943 -0.132760 -0.337104 -0.458478 -0.419221 0.503299 0.029266 -0.001951 0.067106 -0.159246 -0.027538 0.123593 0.275248 -0.369322 -0.190565 -0.193428 0.105798 -0.117832 -0.006650 -0.306110 -0.222782 -0.311143 -0.320228 0.092598 -0.185236 0.318803 0.235300 0.309167 0.352380 0.464217 0.071769 -0.308650 0.218088 0.243883 0.282134 0.079065 -0.042831 0.127782 0.137554 -0.265291 -0.209025 -0.010229 0.059934 -0.097364 -0.321957 0.071817 0.400046 -0.126964 0.376891 -0.196383 0.094781 0.444913 -0.246674 -0.141958 0.091451 0.108870 0.157903
0.028921 0.035145 0.462957 -0.074545 0.297399 0.189769 0.265556 -0.078732 0.004808 -0.224505 -0.281410 -0.212130 -0.278253 -0.141592 0.054084 -0.252943 -0.443401 -0.505880 -0.210824 -0.090978 0.482254 0.354872 0.272813 0.318260 0.549198 0.648079 0.273922 0.526429 -0.444848 -0.443161 0.369193 0.372031 -0.340384 0.283665 0.651695 1.000000 -0.328834 -0.318064 0.090669 0.114176 -0.343669 -0.276430 -0.128925 -0.100049 -0.049524 -0.042986 -0.130243 0.029102 -0.066157 -0.290246 0.285514 -0.228673 -0.108155 -0.323272 -0.164932 -0.193896 -0.201134 -0.077134 0.115157 0.224905 -0.064232 -0.019385 -0.417928 -0.295275 0.136861 0.221050 0.148853 0.110428 -0.063140 -0.027864 0.184854 0.254011 -0.461175 -0.169612 -0.280455 0.010693 -0.220957 -0.092780 -0.386571 -0.266468 -0.316650 -0.386988 -0.153749 -0.309373 0.100606 -0.046369 0.157305 0.111202 0.330415 0.086525 -0.109898 0.301849 0.239924 0.448911 -0.129987 -0.289052 0.110628 -0.238963 -0.225828 -0.162963 0.268081 0.072691 -0.158175 -0.202997 0.008546 0.291233 0.230857 0.229551 -0.138979 -0.115689 0.280450 -0.283779 -0.178370 -0.341091 -0.142730 -0.114336
